September 5, 2006 5:46:00 AM UTC	1157456760000	2	0	no	3.2	83.8	23392	20809	13323	5894	20	37938	482	328	0	3996	218	0
September 5, 2006 5:47:00 AM UTC	1157456820000	2	0	no	3.4	84.0	23392	20809	13336	5898	22	37919	502	296	0	3988	212	0
September 5, 2006 5:48:00 AM UTC	1157456880000	1	0	no	3.5	84.1	23392	20809	13321	5968	30	37856	504	232	0	3965	166	0
September 5, 2006 5:49:00 AM UTC	1157456940000	1	0	no	3.7	84.3	23392	20809	13321	5968	77	37809	517	125	0	3952	79	0
September 5, 2006 5:50:00 AM UTC	1157457000000	0	0	no	3.9	84.5	23392	20809	13336	5906	86	37847	541	74	0	3946	42	0
September 5, 2006 5:51:00 AM UTC	1157457060000	0	1	no	4.1	84.6	23392	20809	13320	5977	122	37756	544	20	0	3924	10	0
September 5, 2006 5:52:00 AM UTC	1157457120000	1	3	no	4.3	84.8	23392	20809	13338	5895	131	37811	569	6	0	3924	5	0
September 5, 2006 5:53:00 AM UTC	1157457180000	2	4	no	4.5	84.9	23392	20809	13321	5964	107	37783	571	11	0	3900	6	0
September 5, 2006 5:54:00 AM UTC	1157457240000	3	4	no	4.7	85.1	23392	20809	13321	5964	100	37790	580	18	0	3891	5	0
September 5, 2006 5:55:00 AM UTC	1157457300000	4	4	no	4.9	85.3	23392	20809	13337	5893	109	37836	607	4	0	3885	5	0
September 5, 2006 5:56:00 AM UTC	1157457360000	6	4	no	5.1	85.4	23392	20809	13321	5964	107	37783	609	3	0	3862	1	2
September 5, 2006 5:57:00 AM UTC	1157457420000	6	4	no	5.3	85.6	23392	20809	13339	5810	100	37926	643	0	0	3857	0	2
September 5, 2006 5:58:00 AM UTC	1157457480000	6	5	no	5.5	85.7	23392	20809	13326	5880	88	37881	640	0	0	3840	0	37
September 5, 2006 5:59:00 AM UTC	1157457540000	5	6	no	5.6	85.9	23392	20809	13326	5880	89	37880	655	0	0	3823	9	73
September 5, 2006 6:00:00 AM UTC	1157457600000	5	7	no	5.8	86.1	23392	20809	13339	5812	95	37929	683	0	0	3817	13	163
September 5, 2006 6:01:00 AM UTC	1157457660000	4	7	no	6.0	86.2	23392	20809	13323	5881	90	37881	685	0	0	3792	8	169
September 5, 2006 6:02:00 AM UTC	1157457720000	3	9	no	6.2	86.4	23392	20809	13339	5813	89	37934	711	0	0	3788	31	271
September 5, 2006 6:03:00 AM UTC	1157457780000	4	10	no	6.4	86.5	23392	20809	13323	5896	89	37867	711	0	0	3769	56	253
September 5, 2006 6:04:00 AM UTC	1157457840000	4	14	no	6.6	86.7	23392	20809	13323	5896	92	37864	727	0	0	3752	50	216
September 5, 2006 6:05:00 AM UTC	1157457900000	3	15	no	6.8	86.9	23392	20809	13340	5823	98	37914	758	0	0	3743	31	187
September 5, 2006 6:06:00 AM UTC	1157457960000	3	16	no	7.0	87.0	23392	20809	13325	5889	95	37866	751	0	0	3730	9	213
September 5, 2006 6:07:00 AM UTC	1157458020000	4	21	no	7.2	87.2	23392	20809	13341	5821	100	37913	783	0	1	3718	38	245
September 5, 2006 6:08:00 AM UTC	1157458080000	4	22	no	7.4	87.3	23392	20809	13322	5946	94	37813	779	0	0	3694	119	166
September 5, 2006 6:09:00 AM UTC	1157458140000	3	24	no	7.6	87.5	23392	20809	13322	5946	95	37812	794	0	0	3680	125	183
September 5, 2006 6:10:00 AM UTC	1157458200000	4	28	no	7.7	87.7	23392	20809	13336	5877	102	37860	824	0	0	3674	170	258
September 5, 2006 6:11:00 AM UTC	1157458260000	4	29	no	7.9	87.8	23392	20809	13321	5947	98	37809	821	0	0	3653	165	285
September 5, 2006 6:12:00 AM UTC	1157458320000	3	30	no	8.1	88.0	23392	20809	13335	5877	101	37862	858	0	0	3638	165	368
September 5, 2006 6:13:00 AM UTC	1157458380000	2	31	no	8.3	88.1	23392	20809	13321	5947	96	37811	851	0	0	3623	119	389
September 5, 2006 6:14:00 AM UTC	1157458440000	1	31	no	8.5	88.3	23392	20809	13321	5947	96	37811	864	0	0	3610	72	465
September 5, 2006 6:15:00 AM UTC	1157458500000	2	34	no	8.7	88.5	23392	20809	13339	5878	105	37853	898	0	0	3597	131	372
September 5, 2006 6:16:00 AM UTC	1157458560000	2	35	no	8.9	88.6	23392	20809	13321	5947	105	37802	896	0	0	3579	85	385
September 5, 2006 6:17:00 AM UTC	1157458620000	1	33	no	9.1	88.8	23392	20809	13339	5877	111	37848	921	0	0	3567	39	406
September 5, 2006 6:18:00 AM UTC	1157458680000	1	32	no	9.3	88.9	23392	20809	13321	5947	104	37803	924	0	0	3551	29	344
September 5, 2006 6:19:00 AM UTC	1157458740000	1	26	no	9.5	89.1	23392	20809	13321	5947	106	37801	938	0	0	3538	60	140
September 5, 2006 6:20:00 AM UTC	1157458800000	1	22	no	9.7	89.3	23392	20809	13340	5876	110	37849	981	4	0	3518	49	105
September 5, 2006 6:21:00 AM UTC	1157458860000	1	16	no	9.8	89.4	23392	20809	13322	5862	108	37883	971	0	0	3502	18	90
September 5, 2006 6:22:00 AM UTC	1157458920000	1	12	no	10.0	89.6	23392	20809	13340	5825	115	37895	1009	1	0	3495	14	45
September 5, 2006 6:23:00 AM UTC	1157458980000	0	10	no	10.2	89.7	23392	20809	13322	5979	110	37764	1000	0	0	3475	11	3
September 5, 2006 6:24:00 AM UTC	1157459040000	0	8	no	10.4	89.9	23392	20809	13322	5979	111	37763	1017	0	0	3458	5	0
September 5, 2006 6:25:00 AM UTC	1157459100000	0	6	no	10.6	90.1	23392	20809	13340	5833	118	37884	1056	1	0	3447	0	0
September 5, 2006 6:26:00 AM UTC	1157459160000	0	6	no	10.8	90.2	23392	20809	13340	5833	123	37879	1071	0	0	3433	6	0
September 5, 2006 6:27:00 AM UTC	1157459220000	0	4	no	11.0	90.4	23392	20809	13340	5833	126	37876	1088	0	0	3415	20	0
September 5, 2006 6:28:00 AM UTC	1157459280000	0	4	no	11.2	90.6	23392	20809	13322	5870	120	37863	1078	0	0	3397	2	0
September 5, 2006 6:29:00 AM UTC	1157459340000	0	4	no	11.4	90.7	23392	20809	13322	5945	121	37787	1091	0	0	3383	6	0
September 5, 2006 6:30:00 AM UTC	1157459400000	0	6	no	11.6	90.9	23392	20809	13321	5947	121	37786	1105	0	0	3371	0	2
September 5, 2006 6:31:00 AM UTC	1157459460000	0	8	no	11.8	91.0	23392	20809	13321	5947	120	37787	1122	0	0	3352	0	0
September 5, 2006 6:32:00 AM UTC	1157459520000	1	9	no	12.0	91.2	23392	20809	13339	5877	128	37831	1153	1	0	3335	0	0
September 5, 2006 6:33:00 AM UTC	1157459580000	4	8	no	12.1	91.4	23392	20809	13321	5947	122	37785	1157	0	0	3318	0	0
September 5, 2006 6:34:00 AM UTC	1157459640000	7	10	no	12.3	91.5	23392	20809	13339	5878	122	37836	1188	5	0	3307	0	0
September 5, 2006 6:35:00 AM UTC	1157459700000	11	11	no	12.5	91.7	23392	20809	13321	5947	116	37791	1182	9	0	3293	0	0
September 5, 2006 6:36:00 AM UTC	1157459760000	16	16	no	12.7	91.8	23392	20809	13321	5947	75	37832	1203	74	0	3272	0	0
September 5, 2006 6:37:00 AM UTC	1157459820000	24	23	no	12.9	92.0	23392	20809	13335	5877	35	37928	1237	400	0	3261	96	0
September 5, 2006 6:38:00 AM UTC	1157459880000	35	34	no	13.1	92.2	23392	20809	13321	5947	0	37907	1233	895	0	3245	559	0
September 5, 2006 6:39:00 AM UTC	1157459940000	43	42	no	13.3	92.3	23392	20809	13336	5877	0	37962	1270	920	0	3228	861	10
September 5, 2006 6:40:00 AM UTC	1157460000000	47	45	no	13.5	92.5	23392	20809	13322	5946	0	37907	1262	728	0	3220	1268	199
September 5, 2006 6:41:00 AM UTC	1157460060000	49	45	no	13.7	92.7	23392	20809	13322	5946	25	37882	1277	557	0	3206	1820	87
September 5, 2006 6:42:00 AM UTC	1157460120000	51	44	no	13.9	92.8	23392	20809	13341	5814	49	37971	1322	438	0	3195	2281	40
September 5, 2006 6:43:00 AM UTC	1157460180000	50	46	no	14.1	93.0	23392	20809	13325	5884	65	37901	1321	344	0	3178	2500	56
September 5, 2006 6:44:00 AM UTC	1157460240000	51	46	no	14.2	93.2	23392	20809	13340	5819	93	37923	1355	337	0	3168	2678	95
September 5, 2006 6:45:00 AM UTC	1157460300000	49	47	no	14.4	93.3	23392	20809	13323	5894	118	37840	1350	249	0	3152	2842	130
September 5, 2006 6:46:00 AM UTC	1157460360000	48	48	no	14.6	93.5	23392	20809	13323	5894	120	37838	1363	246	0	3142	2767	143
September 5, 2006 6:47:00 AM UTC	1157460420000	48	49	no	14.8	93.6	23392	20809	13339	5812	120	37904	1401	306	0	3130	2779	159
September 5, 2006 6:48:00 AM UTC	1157460480000	44	52	no	15.0	93.8	23392	20809	13323	5881	114	37857	1396	309	0	3119	2750	158
September 5, 2006 6:49:00 AM UTC	1157460540000	46	51	no	15.2	94.0	23392	20809	13339	5813	105	37918	1429	381	0	3112	2856	77
September 5, 2006 6:50:00 AM UTC	1157460600000	48	49	no	15.4	94.1	23392	20809	13326	5883	87	37879	1427	453	0	3097	2988	50
September 5, 2006 6:51:00 AM UTC	1157460660000	51	45	no	15.6	94.3	23392	20809	13339	5815	100	37921	1468	302	0	3085	2928	80
September 5, 2006 6:52:00 AM UTC	1157460720000	57	40	no	15.8	94.5	23392	20809	13337	5892	92	37854	1475	400	0	3075	2840	151
September 5, 2006 6:53:00 AM UTC	1157460780000	64	32	no	16.0	94.6	23392	20809	13321	5962	98	37794	1464	255	0	3066	2801	169
September 5, 2006 6:54:00 AM UTC	1157460840000	62	34	no	16.2	94.8	23392	20809	13337	5892	107	37839	1500	370	0	3058	2673	305
September 5, 2006 6:55:00 AM UTC	1157460900000	64	33	no	16.3	95.0	23392	20809	13321	5963	95	37796	1495	334	0	3047	2619	358
September 5, 2006 6:56:00 AM UTC	1157460960000	67	29	no	16.5	95.1	23392	20809	13338	5894	109	37834	1537	339	0	3036	2712	202
September 5, 2006 6:57:00 AM UTC	1157461020000	72	25	no	16.7	95.3	23392	20809	13320	5975	100	37780	1523	511	0	3027	2833	157
September 5, 2006 6:58:00 AM UTC	1157461080000	69	28	no	16.9	95.5	23392	20809	13320	5975	101	37779	1541	587	0	3016	2881	97
September 5, 2006 6:59:00 AM UTC	1157461140000	68	30	no	17.1	95.6	23392	20809	13336	5905	102	37832	1573	695	4	3012	2807	193
September 5, 2006 7:00:00 AM UTC	1157461200000	68	30	no	17.3	95.8	23392	20809	13321	5969	101	37784	1571	690	2	2998	2776	206
September 5, 2006 7:01:00 AM UTC	1157461260000	66	31	no	17.5	96.0	23392	20809	13336	5899	105	37835	1611	675	0	2992	2663	276
September 5, 2006 7:02:00 AM UTC	1157461320000	65	33	no	17.7	96.1	23392	20809	13323	5889	101	37862	1612	691	6	2984	2702	248
September 5, 2006 7:03:00 AM UTC	1157461380000	64	33	no	17.9	96.3	23392	20809	13338	5845	103	37889	1655	615	80	2975	2724	230
September 5, 2006 7:04:00 AM UTC	1157461440000	62	35	no	18.1	96.5	23392	20809	13338	5845	102	37890	1670	723	65	2964	2639	300
September 5, 2006 7:05:00 AM UTC	1157461500000	60	38	no	18.2	96.6	23392	20809	13322	5906	93	37854	1657	779	58	2959	2529	418
September 5, 2006 7:06:00 AM UTC	1157461560000	56	42	no	18.4	96.8	23392	20809	13338	5837	96	37904	1703	753	97	2946	2524	416
September 5, 2006 7:07:00 AM UTC	1157461620000	56	42	no	18.6	97.0	23392	20809	13321	5917	86	37851	1689	785	78	2942	2500	442
September 5, 2006 7:08:00 AM UTC	1157461680000	54	43	no	18.8	97.1	23392	20809	13336	5847	89	37903	1726	939	141	2936	2456	466
September 5, 2006 7:09:00 AM UTC	1157461740000	52	46	no	19.0	97.3	23392	20809	13336	5847	90	37902	1742	924	176	2928	2527	387
September 5, 2006 7:10:00 AM UTC	1157461800000	52	45	no	19.2	97.5	23392	20809	13336	5848	84	37907	1761	777	303	2918	2514	402
September 5, 2006 7:11:00 AM UTC	1157461860000	52	44	no	19.4	97.7	23392	20809	13336	5848	82	37909	1770	848	279	2919	2536	380
September 5, 2006 7:12:00 AM UTC	1157461920000	52	44	no	19.6	97.8	23392	20809	13320	5921	72	37862	1763	932	198	2907	2612	293
September 5, 2006 7:13:00 AM UTC	1157461980000	51	45	no	19.8	98.0	23392	20809	13336	5849	75	37915	1808	1028	159	2903	2607	291
September 5, 2006 7:14:00 AM UTC	1157462040000	50	46	no	20.0	98.2	23392	20809	13322	5913	66	37874	1792	1011	199	2894	2651	241
September 5, 2006 7:15:00 AM UTC	1157462100000	50	45	no	20.1	98.3	23392	20809	13336	5849	69	37921	1839	993	216	2889	2530	320
September 5, 2006 7:16:00 AM UTC	1157462160000	50	45	no	20.3	98.5	23392	20809	13333	5859	65	37918	1848	872	261	2879	2418	424
September 5, 2006 7:17:00 AM UTC	1157462220000	51	45	no	20.5	98.7	23392	20809	13331	5939	60	37845	1852	801	314	2879	2532	261
September 5, 2006 7:18:00 AM UTC	1157462280000	53	44	no	20.7	98.9	23392	20809	13331	5939	56	37849	1870	867	327	2879	2571	280
September 5, 2006 7:19:00 AM UTC	1157462340000	52	46	no	20.9	99.0	23392	20809	13315	6006	48	37806	1855	1061	218	2859	2657	194
September 5, 2006 7:20:00 AM UTC	1157462400000	55	43	no	21.1	99.2	23392	20809	13332	5939	48	37856	1896	1291	145	2869	2750	114
September 5, 2006 7:21:00 AM UTC	1157462460000	60	39	no	21.3	99.4	23392	20809	13317	5923	39	37896	1899	1454	63	2851	2751	96
September 5, 2006 7:22:00 AM UTC	1157462520000	64	35	no	21.5	99.5	23392	20809	13333	5855	39	37948	1940	1524	63	2848	2778	70
September 5, 2006 7:23:00 AM UTC	1157462580000	63	36	no	21.7	99.7	23392	20809	13333	5855	34	37953	1956	1482	121	2842	2771	71
September 5, 2006 7:24:00 AM UTC	1157462640000	64	35	no	21.8	99.9	23392	20809	13330	5865	33	37947	1968	1485	95	2843	2825	18
September 5, 2006 7:25:00 AM UTC	1157462700000	64	34	no	22.0	100.1	23392	20809	13330	5897	26	37922	1978	1464	74	2835	2811	24
September 5, 2006 7:26:00 AM UTC	1157462760000	68	31	no	22.2	100.2	23392	20809	13330	5898	21	37926	1989	1315	149	2836	2792	44
September 5, 2006 7:27:00 AM UTC	1157462820000	78	21	no	22.4	100.4	23392	20809	13330	5898	16	37931	2009	1318	163	2828	2802	26
September 5, 2006 7:28:00 AM UTC	1157462880000	86	13	no	22.6	100.6	23392	20809	13330	5898	12	37935	2024	1398	93	2822	2817	5
September 5, 2006 7:29:00 AM UTC	1157462940000	91	8	no	22.8	100.8	23392	20809	13333	5887	10	37945	2040	1511	57	2823	2823	0
September 5, 2006 7:30:00 AM UTC	1157463000000	94	5	no	23.0	100.9	23392	20809	13333	5887	8	37947	2059	1560	28	2816	2806	10
September 5, 2006 7:31:00 AM UTC	1157463060000	97	2	no	23.2	101.1	23392	20809	13330	5900	5	37940	2064	1702	21	2813	2809	4
September 5, 2006 7:32:00 AM UTC	1157463120000	98	1	no	23.3	101.3	23392	20809	13330	5900	3	37942	2078	1681	39	2813	2813	0
September 5, 2006 7:33:00 AM UTC	1157463180000	99	1	no	23.5	101.5	23392	20809	13330	5900	1	37944	2097	1769	12	2805	2805	0
September 5, 2006 7:34:00 AM UTC	1157463240000	99	1	no	23.7	101.7	23392	20809	13330	5900	0	37945	2109	1827	6	2804	2803	1
September 5, 2006 7:35:00 AM UTC	1157463300000	99	0	no	23.9	101.8	23392	20809	13344	5831	0	38000	2155	1836	0	2802	2802	0
September 5, 2006 7:36:00 AM UTC	1157463360000	99	0	no	24.1	102.0	23392	20809	13331	5901	0	37943	2136	1783	7	2799	2799	0
September 5, 2006 7:37:00 AM UTC	1157463420000	99	0	no	24.3	102.2	23392	20809	13331	5898	0	37946	2149	1830	27	2795	2795	0
September 5, 2006 7:38:00 AM UTC	1157463480000	99	0	no	24.5	102.4	23392	20809	13330	5836	0	38009	2171	1784	64	2797	2794	3
September 5, 2006 7:39:00 AM UTC	1157463540000	98	1	no	24.7	102.5	23392	20809	13330	5836	0	38009	2186	1721	36	2793	2769	24
September 5, 2006 7:40:00 AM UTC	1157463600000	98	0	no	24.8	102.7	23392	20809	13329	5845	0	38001	2201	1688	24	2790	2783	7
September 5, 2006 7:41:00 AM UTC	1157463660000	99	0	no	25.0	102.9	23392	20809	13329	5845	0	38001	2215	1924	10	2788	2788	0
September 5, 2006 7:42:00 AM UTC	1157463720000	99	0	no	25.2	103.1	23392	20809	13345	5770	0	38060	2260	2109	0	2788	2788	0
September 5, 2006 7:43:00 AM UTC	1157463780000	100	0	no	25.4	103.3	23392	20809	13328	5915	0	37932	2229	2092	0	2786	2786	0
September 5, 2006 7:44:00 AM UTC	1157463840000	99	0	no	25.6	103.5	23392	20809	13338	5863	0	37974	2269	2040	3	2780	2780	0
September 5, 2006 7:45:00 AM UTC	1157463900000	99	0	no	25.8	103.6	23392	20809	13324	5930	0	37921	2246	2004	0	2784	2784	0
September 5, 2006 7:46:00 AM UTC	1157463960000	99	0	no	26.0	103.8	23392	20809	13338	5862	0	37975	2294	1843	47	2782	2782	0
September 5, 2006 7:47:00 AM UTC	1157464020000	99	0	no	26.1	104.0	23392	20809	13322	5967	0	37886	2271	1839	96	2780	2780	0
September 5, 2006 7:48:00 AM UTC	1157464080000	99	0	no	26.3	104.2	23392	20809	13338	5900	0	37937	2316	1905	22	2780	2780	0
September 5, 2006 7:49:00 AM UTC	1157464140000	99	0	no	26.5	104.4	23392	20809	13322	5967	0	37886	2302	1854	80	2773	2773	0
September 5, 2006 7:50:00 AM UTC	1157464200000	99	0	no	26.7	104.6	23392	20809	13322	5967	0	37886	2315	1901	28	2775	2775	0
September 5, 2006 7:51:00 AM UTC	1157464260000	98	1	no	26.9	104.7	23392	20809	13336	5898	0	37941	2355	1751	113	2776	2774	2
September 5, 2006 7:52:00 AM UTC	1157464320000	96	3	no	27.1	104.9	23392	20809	13322	5971	0	37882	2334	1692	130	2775	2767	8
September 5, 2006 7:53:00 AM UTC	1157464380000	80	19	no	27.3	105.1	23392	20809	13338	5903	0	37934	2379	1536	254	2778	2750	28
September 5, 2006 7:54:00 AM UTC	1157464440000	80	18	no	27.4	105.3	23392	20809	13326	5895	0	37954	2383	1390	314	2772	2690	82
September 5, 2006 7:55:00 AM UTC	1157464500000	89	9	no	27.6	105.5	23392	20809	13341	5828	0	38006	2425	1527	413	2775	2712	63
September 5, 2006 7:56:00 AM UTC	1157464560000	95	4	no	27.8	105.7	23392	20809	13321	5916	0	37938	2395	1756	250	2771	2723	48
September 5, 2006 7:57:00 AM UTC	1157464620000	95	3	no	28.0	105.9	23392	20809	13337	5847	0	37991	2437	1406	418	2777	2733	44
September 5, 2006 7:58:00 AM UTC	1157464680000	94	4	no	28.2	106.1	23392	20809	13337	5847	0	37991	2446	1568	253	2782	2515	266
September 5, 2006 7:59:00 AM UTC	1157464740000	95	3	no	28.4	106.2	23392	20809	13336	5848	0	37991	2463	1750	96	2775	2625	150
September 5, 2006 8:00:00 AM UTC	1157464800000	96	2	no	28.5	106.4	23392	20809	13336	5848	0	37991	2480	1749	112	2773	2673	100
September 5, 2006 8:01:00 AM UTC	1157464860000	97	1	no	28.7	106.6	23392	20809	13331	5868	0	37976	2484	1773	134	2774	2696	78
September 5, 2006 8:02:00 AM UTC	1157464920000	98	1	no	28.9	106.8	23392	20809	13331	5868	0	37976	2490	1850	91	2780	2695	85
September 5, 2006 8:03:00 AM UTC	1157464980000	98	1	no	29.1	107.0	23392	20809	13335	5849	0	37991	2518	1804	211	2778	2716	62
September 5, 2006 8:04:00 AM UTC	1157465040000	99	0	no	29.3	107.2	23392	20809	13335	5849	0	37991	2527	2106	23	2779	2778	1
September 5, 2006 8:05:00 AM UTC	1157465100000	99	0	no	29.5	107.4	23392	20809	13336	5859	0	37980	2532	2260	34	2787	2786	1
September 5, 2006 8:06:00 AM UTC	1157465160000	99	0	no	29.6	107.6	23392	20809	13330	5879	0	37966	2538	2363	1	2785	2785	0
September 5, 2006 8:07:00 AM UTC	1157465220000	99	0	no	29.8	107.8	23392	20809	13344	5814	0	38017	2580	2415	7	2786	2786	0
September 5, 2006 8:08:00 AM UTC	1157465280000	100	0	no	30.0	108.0	23392	20809	13330	5880	0	37965	2562	2454	0	2785	2785	0
September 5, 2006 8:09:00 AM UTC	1157465340000	100	0	no	30.2	108.2	23392	20809	13333	5804	0	38038	2582	2547	0	2798	2798	0
September 5, 2006 8:10:00 AM UTC	1157465400000	100	0	no	30.4	108.4	23392	20809	13328	5824	0	38023	2586	2529	3	2800	2800	0
September 5, 2006 8:11:00 AM UTC	1157465460000	100	0	no	30.5	108.6	23392	20809	13325	5943	0	37907	2574	2511	0	2796	2796	0
September 5, 2006 8:12:00 AM UTC	1157465520000	100	0	no	30.7	108.8	23392	20809	13326	5943	0	37906	2573	2458	0	2806	2806	0
September 5, 2006 8:13:00 AM UTC	1157465580000	100	0	no	30.9	109.0	23392	20809	13331	5922	0	37922	2612	2475	0	2802	2802	0
September 5, 2006 8:14:00 AM UTC	1157465640000	100	0	no	31.1	109.2	23392	20809	13331	5924	0	37920	2618	2442	0	2807	2807	0
September 5, 2006 8:15:00 AM UTC	1157465700000	100	0	no	31.3	109.4	23392	20809	13325	5946	0	37904	2620	2575	0	2808	2808	0
September 5, 2006 8:16:00 AM UTC	1157465760000	100	0	no	31.5	109.6	23392	20809	13325	5946	0	37904	2620	2599	0	2822	2822	0
September 5, 2006 8:17:00 AM UTC	1157465820000	100	0	no	31.6	109.8	23392	20809	13325	5946	0	37904	2636	2621	0	2815	2815	0
September 5, 2006 8:18:00 AM UTC	1157465880000	100	0	no	31.8	110.0	23392	20809	13338	5887	0	37950	2681	2680	0	2816	2816	0
September 5, 2006 8:19:00 AM UTC	1157465940000	100	0	no	32.0	110.2	23392	20809	13319	5976	0	37880	2636	2635	0	2824	2824	0
September 5, 2006 8:20:00 AM UTC	1157466000000	100	0	no	32.2	110.4	23392	20809	13333	5909	0	37933	2681	2681	0	2833	2833	0
September 5, 2006 8:21:00 AM UTC	1157466060000	100	0	no	32.3	110.6	23392	20809	13319	5976	0	37880	2651	2651	0	2836	2836	0
September 5, 2006 8:22:00 AM UTC	1157466120000	100	0	no	32.5	110.8	23392	20809	13339	5889	0	37947	2710	2710	0	2841	2841	0
September 5, 2006 8:23:00 AM UTC	1157466180000	100	0	no	32.7	111.0	23392	20809	13320	5908	0	37947	2689	2689	0	2848	2848	0
September 5, 2006 8:24:00 AM UTC	1157466240000	100	0	no	32.9	111.2	23392	20809	13335	5843	0	37997	2735	2735	0	2849	2849	0
September 5, 2006 8:25:00 AM UTC	1157466300000	100	0	no	33.1	111.4	23392	20809	13321	5908	0	37946	2720	2720	0	2852	2852	0
September 5, 2006 8:26:00 AM UTC	1157466360000	100	0	no	33.2	111.6	23392	20809	13335	5843	0	37997	2760	2760	0	2853	2853	0
September 5, 2006 8:27:00 AM UTC	1157466420000	100	0	no	33.4	111.8	23392	20809	13316	5933	0	37926	2714	2703	0	2867	2867	0
September 5, 2006 8:28:00 AM UTC	1157466480000	100	0	no	33.6	112.0	23392	20809	13330	5866	0	37979	2755	2729	8	2875	2875	0
September 5, 2006 8:29:00 AM UTC	1157466540000	100	0	no	33.8	112.2	23392	20809	13336	5842	0	37997	2775	2746	10	2880	2880	0
September 5, 2006 8:30:00 AM UTC	1157466600000	100	0	no	34.0	112.4	23392	20809	13335	5842	0	37998	2791	2787	1	2884	2884	0
September 5, 2006 8:31:00 AM UTC	1157466660000	100	0	no	34.1	112.6	23392	20809	13328	5880	0	37967	2772	2772	0	2889	2889	0
September 5, 2006 8:32:00 AM UTC	1157466720000	100	0	no	34.3	112.9	23392	20809	13328	5881	0	37966	2781	2781	0	2900	2900	0
September 5, 2006 8:33:00 AM UTC	1157466780000	100	0	no	34.5	113.1	23392	20809	13343	5813	0	38019	2827	2827	0	2904	2904	0
September 5, 2006 8:34:00 AM UTC	1157466840000	100	0	no	34.7	113.3	23392	20809	13322	5904	0	37949	2781	2781	0	2914	2914	0
September 5, 2006 8:35:00 AM UTC	1157466900000	100	0	no	34.8	113.5	23392	20809	13338	5779	0	38058	2839	2839	0	2922	2922	0
September 5, 2006 8:36:00 AM UTC	1157466960000	100	0	no	35.0	113.7	23392	20809	13330	5810	0	38035	2825	2825	0	2930	2930	0
September 5, 2006 8:37:00 AM UTC	1157467020000	100	0	no	35.2	113.9	23392	20809	13345	5796	0	38034	2872	2872	0	2931	2931	0
September 5, 2006 8:38:00 AM UTC	1157467080000	100	0	no	35.4	114.1	23392	20809	13324	5889	0	37962	2824	2824	0	2939	2939	0
September 5, 2006 8:39:00 AM UTC	1157467140000	100	0	no	35.5	114.4	23392	20809	13337	5825	0	38013	2857	2857	0	2949	2949	0
September 5, 2006 8:40:00 AM UTC	1157467200000	100	0	no	35.7	114.6	23392	20809	13324	5887	0	37964	2829	2829	0	2958	2958	0
September 5, 2006 8:41:00 AM UTC	1157467260000	100	0	no	35.9	114.8	23392	20809	13331	5852	0	37992	2851	2851	0	2971	2971	0
September 5, 2006 8:42:00 AM UTC	1157467320000	100	0	no	36.1	115.0	23392	20809	13322	5904	0	37949	2835	2835	0	2977	2977	0
September 5, 2006 8:43:00 AM UTC	1157467380000	100	0	no	36.2	115.2	23392	20809	13338	5840	0	37997	2864	2864	0	2989	2989	0
September 5, 2006 8:44:00 AM UTC	1157467440000	100	0	no	36.4	115.5	23392	20809	13314	6015	0	37846	2802	2802	0	2994	2994	0
September 5, 2006 8:45:00 AM UTC	1157467500000	100	0	no	36.6	115.7	23392	20809	13327	5949	0	37899	2843	2843	0	3005	3005	0
September 5, 2006 8:46:00 AM UTC	1157467560000	100	0	no	36.7	115.9	23392	20809	13327	5949	0	37899	2845	2845	0	3018	3018	0
September 5, 2006 8:47:00 AM UTC	1157467620000	100	0	no	36.9	116.1	23392	20809	13336	5849	0	37990	2892	2892	0	3024	3024	0
September 5, 2006 8:48:00 AM UTC	1157467680000	100	0	no	37.1	116.4	23392	20809	13330	5879	0	37966	2874	2870	4	3037	3037	0
September 5, 2006 8:49:00 AM UTC	1157467740000	100	0	no	37.3	116.6	23392	20809	13330	5879	0	37966	2879	2879	0	3047	3047	0
September 5, 2006 8:50:00 AM UTC	1157467800000	100	0	no	37.4	116.8	23392	20809	13330	5879	0	37966	2874	2874	0	3061	3061	0
September 5, 2006 8:51:00 AM UTC	1157467860000	100	0	no	37.6	117.0	23392	20809	13322	5910	0	37943	2869	2869	0	3066	3066	0
September 5, 2006 8:52:00 AM UTC	1157467920000	100	0	no	37.8	117.3	23392	20809	13346	5786	0	38043	2934	2934	0	3081	3081	0
September 5, 2006 8:53:00 AM UTC	1157467980000	100	0	no	37.9	117.5	23392	20809	13322	5928	0	37925	2859	2856	3	3095	3095	0
September 5, 2006 8:54:00 AM UTC	1157468040000	99	1	no	38.1	117.7	23392	20809	13338	5867	0	37970	2902	2902	0	3108	3108	0
September 5, 2006 8:55:00 AM UTC	1157468100000	98	2	no	38.3	118.0	23392	20809	13322	5930	0	37923	2861	2861	0	3119	3119	0
September 5, 2006 8:56:00 AM UTC	1157468160000	99	1	no	38.4	118.2	23392	20809	13338	5870	0	37967	2887	2887	0	3138	3138	0
September 5, 2006 8:57:00 AM UTC	1157468220000	100	0	no	38.6	118.4	23392	20809	13322	5930	0	37923	2848	2844	4	3150	3150	0
September 5, 2006 8:58:00 AM UTC	1157468280000	100	0	no	38.8	118.7	23392	20809	13335	5869	0	37971	2898	2898	0	3161	3161	0
September 5, 2006 8:59:00 AM UTC	1157468340000	100	0	no	38.9	118.9	23392	20809	13315	5899	0	37961	2858	2858	0	3177	3177	0
September 5, 2006 9:00:00 AM UTC	1157468400000	100	0	no	39.1	119.1	23392	20809	13329	5837	0	38009	2905	2905	0	3189	3189	0
September 5, 2006 9:01:00 AM UTC	1157468460000	100	0	no	39.3	119.4	23392	20809	13337	5805	0	38033	2917	2917	0	3201	3201	0
September 5, 2006 9:02:00 AM UTC	1157468520000	100	0	no	39.4	119.6	23392	20809	13330	5839	0	38006	2903	2903	0	3217	3217	0
September 5, 2006 9:03:00 AM UTC	1157468580000	100	0	no	39.6	119.8	23392	20809	13329	5862	0	37984	2887	2887	0	3229	3229	0
September 5, 2006 9:04:00 AM UTC	1157468640000	98	2	no	39.8	120.1	23392	20809	13329	5862	0	37984	2884	2884	0	3246	3246	0
September 5, 2006 9:05:00 AM UTC	1157468700000	96	4	no	39.9	120.3	23392	20809	13329	5861	0	37985	2879	2879	0	3265	3265	0
September 5, 2006 9:06:00 AM UTC	1157468760000	92	8	no	40.1	120.6	23392	20809	13329	5861	0	37985	2871	2871	0	3282	3282	0
September 5, 2006 9:07:00 AM UTC	1157468820000	87	12	no	40.3	120.8	23392	20809	13321	5949	0	37905	2851	2812	39	3287	3287	0
September 5, 2006 9:08:00 AM UTC	1157468880000	82	15	no	40.4	121.1	23392	20809	13321	5949	0	37905	2841	2706	135	3305	3305	0
September 5, 2006 9:09:00 AM UTC	1157468940000	82	15	no	40.6	121.3	23392	20809	13330	5853	0	37992	2898	2763	134	3314	3314	0
September 5, 2006 9:10:00 AM UTC	1157469000000	82	14	no	40.8	121.5	23392	20809	13336	5828	0	38011	2904	2686	218	3330	3330	0
September 5, 2006 9:11:00 AM UTC	1157469060000	84	14	no	40.9	121.8	23392	20809	13321	5887	0	37967	2869	2646	223	3345	3345	0
September 5, 2006 9:12:00 AM UTC	1157469120000	86	12	no	41.1	122.0	23392	20809	13336	5829	0	38010	2903	2741	157	3361	3361	0
September 5, 2006 9:13:00 AM UTC	1157469180000	89	9	no	41.3	122.3	23392	20809	13322	5911	0	37942	2850	2720	129	3376	3376	0
September 5, 2006 9:14:00 AM UTC	1157469240000	92	7	no	41.4	122.5	23392	20809	13335	5854	0	37986	2880	2871	0	3394	3394	0
September 5, 2006 9:15:00 AM UTC	1157469300000	93	6	no	41.6	122.8	23392	20809	13314	5949	0	37912	2822	2821	1	3401	3401	0
September 5, 2006 9:16:00 AM UTC	1157469360000	91	8	no	41.7	123.0	23392	20809	13334	5853	0	37988	2886	2879	0	3414	3414	0
September 5, 2006 9:17:00 AM UTC	1157469420000	92	7	no	41.9	123.3	23392	20809	13326	5891	0	37958	2862	2857	0	3430	3430	0
September 5, 2006 9:18:00 AM UTC	1157469480000	91	8	no	42.1	123.6	23392	20809	13326	5891	0	37958	2866	2866	0	3443	3443	0
September 5, 2006 9:19:00 AM UTC	1157469540000	89	9	no	42.2	123.8	23392	20809	13327	5836	0	38012	2887	2871	12	3450	3450	0
September 5, 2006 9:20:00 AM UTC	1157469600000	86	10	no	42.4	124.1	23392	20809	13327	5836	0	38012	2881	2825	43	3475	3452	23
September 5, 2006 9:21:00 AM UTC	1157469660000	85	10	no	42.5	124.3	23392	20809	13328	5830	0	38017	2887	2809	67	3473	3414	59
September 5, 2006 9:22:00 AM UTC	1157469720000	85	9	no	42.7	124.6	23392	20809	13336	5803	0	38036	2894	2668	221	3507	3457	50
September 5, 2006 9:23:00 AM UTC	1157469780000	83	10	no	42.8	124.9	23392	20809	13326	5863	0	37986	2860	2564	288	3509	3456	53
September 5, 2006 9:24:00 AM UTC	1157469840000	80	13	no	43.0	125.1	23392	20809	13331	5844	0	38000	2877	2352	522	3533	3500	33
September 5, 2006 9:25:00 AM UTC	1157469900000	81	14	no	43.2	125.4	23392	20809	13331	5844	0	38000	2876	2322	552	3532	3516	16
September 5, 2006 9:26:00 AM UTC	1157469960000	86	11	no	43.3	125.7	23392	20809	13331	5844	0	38000	2873	2498	374	3560	3560	0
September 5, 2006 9:27:00 AM UTC	1157470020000	92	7	no	43.5	125.9	23392	20809	13331	5844	0	38000	2878	2758	120	3553	3548	5
September 5, 2006 9:28:00 AM UTC	1157470080000	95	4	no	43.6	126.2	23392	20809	13330	5844	0	38001	2876	2835	41	3584	3580	4
September 5, 2006 9:29:00 AM UTC	1157470140000	96	4	no	43.8	126.5	23392	20809	13345	5729	0	38101	2931	2918	13	3589	3589	0
September 5, 2006 9:30:00 AM UTC	1157470200000	94	6	no	43.9	126.7	23392	20809	13323	5826	0	38026	2879	2869	8	3600	3600	0
September 5, 2006 9:31:00 AM UTC	1157470260000	92	8	no	44.1	127.0	23392	20809	13344	5754	0	38077	2900	2782	118	3625	3625	0
September 5, 2006 9:32:00 AM UTC	1157470320000	92	8	no	44.2	127.3	23392	20809	13323	5850	0	38002	2860	2860	0	3626	3626	0
September 5, 2006 9:33:00 AM UTC	1157470380000	92	7	no	44.4	127.5	23392	20809	13334	5800	0	38041	2883	2883	0	3647	3647	0
September 5, 2006 9:34:00 AM UTC	1157470440000	92	7	no	44.5	127.8	23392	20809	13334	5800	0	38041	2890	2889	1	3657	3657	0
September 5, 2006 9:35:00 AM UTC	1157470500000	95	5	no	44.7	128.1	23392	20809	13334	5800	0	38041	2889	2867	22	3670	3670	0
September 5, 2006 9:36:00 AM UTC	1157470560000	97	3	no	44.8	128.4	23392	20809	13322	5912	0	37941	2838	2824	14	3672	3672	0
September 5, 2006 9:37:00 AM UTC	1157470620000	98	2	no	45.0	128.7	23392	20809	13333	5865	0	37977	2860	2859	1	3695	3695	0
September 5, 2006 9:38:00 AM UTC	1157470680000	99	1	no	45.1	128.9	23392	20809	13326	5858	0	37991	2860	2825	35	3704	3704	0
September 5, 2006 9:39:00 AM UTC	1157470740000	99	1	no	45.3	129.2	23392	20809	13347	5759	0	38069	2918	2845	73	3724	3724	0
September 5, 2006 9:40:00 AM UTC	1157470800000	100	0	no	45.4	129.5	23392	20809	13324	5893	0	37958	2833	2753	79	3729	3729	0
September 5, 2006 9:41:00 AM UTC	1157470860000	100	0	no	45.6	129.8	23392	20809	13336	5838	0	38001	2876	2859	17	3741	3741	0
September 5, 2006 9:42:00 AM UTC	1157470920000	100	0	no	45.7	130.1	23392	20809	13324	5893	0	37958	2826	2826	0	3754	3754	0
September 5, 2006 9:43:00 AM UTC	1157470980000	100	0	no	45.9	130.4	23392	20809	13325	5882	0	37968	2841	2841	0	3766	3766	0
September 5, 2006 9:44:00 AM UTC	1157471040000	100	0	no	46.0	130.7	23392	20809	13337	5829	0	38009	2869	2869	0	3783	3783	0
September 5, 2006 9:45:00 AM UTC	1157471100000	99	1	no	46.2	130.9	23392	20809	13327	5872	0	37976	2849	2849	0	3788	3787	1
September 5, 2006 9:46:00 AM UTC	1157471160000	98	2	no	46.3	131.2	23392	20809	13338	5787	0	38050	2897	2897	0	3803	3802	1
September 5, 2006 9:47:00 AM UTC	1157471220000	97	3	no	46.5	131.5	23392	20809	13341	5779	0	38055	2900	2900	0	3813	3805	8
September 5, 2006 9:48:00 AM UTC	1157471280000	95	4	no	46.6	131.8	23392	20809	13327	5874	0	37974	2844	2823	21	3817	3817	0
September 5, 2006 9:49:00 AM UTC	1157471340000	95	5	no	46.7	132.1	23392	20809	13339	5820	0	38016	2868	2814	54	3837	3837	0
September 5, 2006 9:50:00 AM UTC	1157471400000	94	6	no	46.9	132.4	23392	20809	13316	5918	0	37941	2816	2677	139	3844	3844	0
September 5, 2006 9:51:00 AM UTC	1157471460000	97	3	no	47.0	132.7	23392	20809	13339	5821	0	38015	2867	2688	179	3860	3860	0
September 5, 2006 9:52:00 AM UTC	1157471520000	99	1	no	47.2	133.0	23392	20809	13329	5866	0	37980	2846	2646	200	3866	3866	0
September 5, 2006 9:53:00 AM UTC	1157471580000	99	1	no	47.3	133.3	23392	20809	13339	5816	0	38020	2867	2775	92	3889	3889	0
September 5, 2006 9:54:00 AM UTC	1157471640000	99	1	no	47.4	133.6	23392	20809	13329	5819	0	38027	2867	2836	31	3891	3891	0
September 5, 2006 9:55:00 AM UTC	1157471700000	100	0	no	47.6	133.9	23392	20809	13329	5870	0	37976	2840	2838	2	3901	3901	0
September 5, 2006 9:56:00 AM UTC	1157471760000	100	0	no	47.7	134.2	23392	20809	13329	5870	0	37976	2842	2842	0	3908	3908	0
September 5, 2006 9:57:00 AM UTC	1157471820000	99	1	no	47.8	134.6	23392	20809	13338	5821	0	38016	2876	2876	0	3925	3925	0
September 5, 2006 9:58:00 AM UTC	1157471880000	97	3	no	48.0	134.9	23392	20809	13316	5917	0	37942	2809	2682	127	3930	3930	0
September 5, 2006 9:59:00 AM UTC	1157471940000	96	3	no	48.1	135.2	23392	20809	13341	5819	0	38015	2873	2713	160	3948	3948	0
September 5, 2006 10:00:00 AM UTC	1157472000000	97	3	yes	48.3	135.5	23392	20809	13329	5928	0	37918	2816	2767	49	3950	3950	0
September 5, 2006 10:01:00 AM UTC	1157472060000	98	2	yes	48.4	135.8	23392	20809	13328	5928	0	37919	2820	2820	0	3967	3967	0
September 5, 2006 10:02:00 AM UTC	1157472120000	100	0	yes	48.5	136.1	23392	20809	13328	5884	0	37963	2841	2841	0	3970	3970	0
September 5, 2006 10:03:00 AM UTC	1157472180000	100	0	no	48.7	136.4	23392	20809	13328	5934	0	37913	2822	2822	0	3982	3982	0
September 5, 2006 10:04:00 AM UTC	1157472240000	100	0	no	48.8	136.8	23392	20809	13316	5983	0	37876	2788	2788	0	3982	3982	0
September 5, 2006 10:05:00 AM UTC	1157472300000	100	0	no	48.9	137.1	23392	20809	13341	5887	0	37947	2842	2842	0	4003	4003	0
September 5, 2006 10:06:00 AM UTC	1157472360000	100	0	no	49.0	137.4	23392	20809	13316	5919	0	37940	2811	2811	0	4015	4015	0
September 5, 2006 10:07:00 AM UTC	1157472420000	100	0	no	49.2	137.7	23392	20809	13328	5872	0	37975	2834	2834	0	4026	4026	0
September 5, 2006 10:08:00 AM UTC	1157472480000	100	0	no	49.3	138.1	23392	20809	13338	5825	0	38012	2861	2861	0	4040	4040	0
September 5, 2006 10:09:00 AM UTC	1157472540000	100	0	no	49.4	138.4	23392	20809	13328	5872	0	37975	2829	2829	0	4042	4042	0
September 5, 2006 10:10:00 AM UTC	1157472600000	100	0	no	49.6	138.7	23392	20809	13326	5886	0	37963	2838	2838	0	4047	4047	0
September 5, 2006 10:11:00 AM UTC	1157472660000	100	0	no	49.7	139.0	23392	20809	13326	5886	0	37963	2827	2827	0	4062	4062	0
September 5, 2006 10:12:00 AM UTC	1157472720000	100	0	no	49.8	139.4	23392	20809	13329	5815	0	38031	2863	2863	0	4067	4067	0
September 5, 2006 10:13:00 AM UTC	1157472780000	100	0	no	49.9	139.7	23392	20809	13328	5818	0	38029	2858	2858	0	4077	4077	0
September 5, 2006 10:14:00 AM UTC	1157472840000	100	0	yes	50.1	140.0	23392	20809	13328	5821	0	38026	2857	2857	0	4087	4087	0
September 5, 2006 10:15:00 AM UTC	1157472900000	100	0	no	50.2	140.4	23392	20809	13340	5768	0	38067	2884	2884	0	4104	4104	0
September 5, 2006 10:16:00 AM UTC	1157472960000	100	0	no	50.3	140.7	23392	20809	13338	5776	0	38061	2876	2876	0	4110	4110	0
September 5, 2006 10:17:00 AM UTC	1157473020000	100	0	no	50.4	141.1	23392	20809	13328	5837	0	38010	2851	2851	0	4112	4112	0
September 5, 2006 10:18:00 AM UTC	1157473080000	100	0	no	50.5	141.4	23392	20809	13324	5847	0	38004	2839	2839	0	4118	4118	0
September 5, 2006 10:19:00 AM UTC	1157473140000	100	0	no	50.7	141.7	23392	20809	13329	5838	0	38008	2846	2846	0	4136	4136	0
September 5, 2006 10:20:00 AM UTC	1157473200000	100	0	no	50.8	142.1	23392	20809	13338	5795	0	38042	2867	2867	0	4144	4144	0
September 5, 2006 10:21:00 AM UTC	1157473260000	100	0	no	50.9	142.4	23392	20809	13326	5850	0	37999	2842	2842	0	4149	4149	0
September 5, 2006 10:22:00 AM UTC	1157473320000	100	0	no	51.0	142.8	23392	20809	13326	5848	0	38001	2840	2840	0	4159	4159	0
September 5, 2006 10:23:00 AM UTC	1157473380000	100	0	no	51.1	143.1	23392	20809	13326	5847	0	38002	2849	2849	0	4158	4158	0
September 5, 2006 10:24:00 AM UTC	1157473440000	100	0	no	51.2	143.5	23392	20809	13327	5868	0	37980	2829	2829	0	4162	4162	0
September 5, 2006 10:25:00 AM UTC	1157473500000	100	0	no	51.3	143.8	23392	20809	13336	5826	0	38013	2858	2858	0	4177	4177	0
September 5, 2006 10:26:00 AM UTC	1157473560000	100	0	no	51.5	144.2	23392	20809	13336	5827	0	38012	2854	2854	0	4185	4185	0
September 5, 2006 10:27:00 AM UTC	1157473620000	100	0	no	51.6	144.6	23392	20809	13323	5882	0	37970	2823	2823	0	4173	4173	0
September 5, 2006 10:28:00 AM UTC	1157473680000	100	0	no	51.7	144.9	23392	20809	13324	5882	0	37969	2832	2832	0	4195	4195	0
September 5, 2006 10:29:00 AM UTC	1157473740000	100	0	no	51.8	145.3	23392	20809	13336	5827	0	38012	2851	2851	0	4207	4207	0
September 5, 2006 10:30:00 AM UTC	1157473800000	100	0	no	51.9	145.6	23392	20809	13337	5826	0	38012	2857	2857	0	4206	4206	0
September 5, 2006 10:31:00 AM UTC	1157473860000	100	0	no	52.0	146.0	23392	20809	13332	5869	0	37974	2835	2835	0	4223	4223	0
September 5, 2006 10:32:00 AM UTC	1157473920000	100	0	no	52.1	146.4	23392	20809	13333	5869	0	37973	2842	2842	0	4221	4221	0
September 5, 2006 10:33:00 AM UTC	1157473980000	100	0	no	52.2	146.7	23392	20809	13333	5869	0	37973	2832	2832	0	4230	4230	0
September 5, 2006 10:34:00 AM UTC	1157474040000	100	0	no	52.3	147.1	23392	20809	13333	5869	0	37973	2827	2827	0	4240	4240	0
September 5, 2006 10:35:00 AM UTC	1157474100000	100	0	no	52.4	147.5	23392	20809	13323	5908	0	37944	2813	2813	0	4235	4235	0
September 5, 2006 10:36:00 AM UTC	1157474160000	100	0	no	52.5	147.8	23392	20809	13328	5888	0	37959	2827	2827	0	4246	4246	0
September 5, 2006 10:37:00 AM UTC	1157474220000	100	0	no	52.6	148.2	23392	20809	13330	5933	0	37912	2797	2797	0	4257	4257	0
September 5, 2006 10:38:00 AM UTC	1157474280000	100	0	no	52.7	148.6	23392	20809	13340	5863	0	37972	2842	2842	0	4272	4272	0
September 5, 2006 10:39:00 AM UTC	1157474340000	100	0	no	52.8	149.0	23392	20809	13327	5920	0	37928	2804	2804	0	4269	4269	0
September 5, 2006 10:40:00 AM UTC	1157474400000	100	0	no	52.9	149.3	23392	20809	13327	5920	0	37928	2811	2811	0	4271	4271	0
September 5, 2006 10:41:00 AM UTC	1157474460000	100	0	no	53.0	149.7	23392	20809	13336	5886	0	37953	2830	2830	0	4281	4281	0
September 5, 2006 10:42:00 AM UTC	1157474520000	100	0	no	53.1	150.1	23392	20809	13336	5834	0	38005	2848	2848	0	4287	4287	0
September 5, 2006 10:43:00 AM UTC	1157474580000	100	0	no	53.2	150.5	23392	20809	13336	5834	0	38005	2854	2854	0	4301	4301	0
September 5, 2006 10:44:00 AM UTC	1157474640000	100	0	no	53.3	150.9	23392	20809	13322	5934	0	37919	2797	2797	0	4283	4283	0
September 5, 2006 10:45:00 AM UTC	1157474700000	100	0	no	53.4	151.3	23392	20809	13323	5926	0	37926	2811	2811	0	4293	4293	0
September 5, 2006 10:46:00 AM UTC	1157474760000	100	0	no	53.5	151.6	23392	20809	13322	5935	0	37918	2797	2797	0	4298	4298	0
September 5, 2006 10:47:00 AM UTC	1157474820000	100	0	no	53.6	152.0	23392	20809	13330	5902	0	37943	2819	2819	0	4310	4310	0
September 5, 2006 10:48:00 AM UTC	1157474880000	100	0	no	53.7	152.4	23392	20809	13330	5902	0	37943	2819	2819	0	4312	4312	0
September 5, 2006 10:49:00 AM UTC	1157474940000	100	0	no	53.8	152.8	23392	20809	13330	5902	0	37943	2817	2817	0	4315	4315	0
September 5, 2006 10:50:00 AM UTC	1157475000000	100	0	no	53.8	153.2	23392	20809	13322	5991	0	37862	2773	2773	0	4310	4310	0
September 5, 2006 10:51:00 AM UTC	1157475060000	100	0	no	53.9	153.6	23392	20809	13314	6001	0	37860	2771	2769	2	4314	4314	0
September 5, 2006 10:52:00 AM UTC	1157475120000	100	0	no	54.0	154.0	23392	20809	13322	5928	0	37925	2807	2792	15	4325	4325	0
September 5, 2006 10:53:00 AM UTC	1157475180000	100	0	no	54.1	154.4	23392	20809	13331	5862	0	37982	2842	2831	11	4337	4337	0
September 5, 2006 10:54:00 AM UTC	1157475240000	100	0	no	54.2	154.8	23392	20809	13323	5894	0	37958	2819	2814	5	4341	4341	0
September 5, 2006 10:55:00 AM UTC	1157475300000	100	0	no	54.3	155.2	23392	20809	13327	5890	0	37958	2822	2799	23	4343	4343	0
September 5, 2006 10:56:00 AM UTC	1157475360000	100	0	no	54.3	155.6	23392	20809	13330	5930	0	37915	2792	2788	4	4349	4349	0
September 5, 2006 10:57:00 AM UTC	1157475420000	100	0	no	54.4	156.0	23392	20809	13331	5908	0	37936	2817	2816	1	4356	4356	0
September 5, 2006 10:58:00 AM UTC	1157475480000	100	0	no	54.5	156.4	23392	20809	13331	5908	0	37936	2805	2804	1	4361	4361	0
September 5, 2006 10:59:00 AM UTC	1157475540000	100	0	no	54.6	156.8	23392	20809	13337	5881	0	37957	2823	2811	12	4369	4369	0
September 5, 2006 11:00:00 AM UTC	1157475600000	100	0	no	54.6	157.2	23392	20809	13324	5901	0	37950	2810	2809	1	4360	4360	0
September 5, 2006 11:01:00 AM UTC	1157475660000	100	0	no	54.7	157.6	23392	20809	13325	5900	0	37950	2810	2808	2	4361	4361	0
September 5, 2006 11:02:00 AM UTC	1157475720000	100	0	no	54.8	158.1	23392	20809	13323	5902	0	37950	2810	2808	2	4371	4371	0
September 5, 2006 11:03:00 AM UTC	1157475780000	100	0	no	54.9	158.5	23392	20809	13329	5928	0	37918	2799	2795	4	4372	4372	0
September 5, 2006 11:04:00 AM UTC	1157475840000	100	0	no	54.9	158.9	23392	20809	13322	5969	0	37884	2781	2780	1	4368	4368	0
September 5, 2006 11:05:00 AM UTC	1157475900000	100	0	no	55.0	159.3	23392	20809	13329	5929	0	37917	2800	2797	3	4379	4379	0
September 5, 2006 11:06:00 AM UTC	1157475960000	100	0	no	55.1	159.7	23392	20809	13329	5929	0	37917	2806	2795	11	4381	4381	0
September 5, 2006 11:07:00 AM UTC	1157476020000	100	0	no	55.1	160.1	23392	20809	13335	5906	0	37934	2810	2804	6	4392	4392	0
September 5, 2006 11:08:00 AM UTC	1157476080000	100	0	no	55.2	160.6	23392	20809	13328	5929	0	37918	2799	2799	0	4391	4391	0
September 5, 2006 11:09:00 AM UTC	1157476140000	100	0	no	55.3	161.0	23392	20809	13329	5920	0	37926	2801	2801	0	4390	4390	0
September 5, 2006 11:10:00 AM UTC	1157476200000	100	0	no	55.3	161.4	23392	20809	13335	5883	0	37957	2822	2822	0	4404	4404	0
September 5, 2006 11:11:00 AM UTC	1157476260000	100	0	no	55.4	161.8	23392	20809	13336	5882	0	37957	2823	2823	0	4404	4404	0
September 5, 2006 11:12:00 AM UTC	1157476320000	100	0	no	55.4	162.2	23392	20809	13341	5837	0	37997	2851	2851	0	4412	4412	0
September 5, 2006 11:13:00 AM UTC	1157476380000	100	0	no	55.5	162.7	23392	20809	13319	5910	0	37946	2802	2802	0	4397	4397	0
September 5, 2006 11:14:00 AM UTC	1157476440000	100	0	no	55.5	163.1	23392	20809	13326	5891	0	37958	2815	2815	0	4404	4404	0
September 5, 2006 11:15:00 AM UTC	1157476500000	100	0	no	55.6	163.5	23392	20809	13323	5965	0	37887	2776	2776	0	4398	4398	0
September 5, 2006 11:16:00 AM UTC	1157476560000	100	0	no	55.7	164.0	23392	20809	13328	5934	0	37913	2800	2800	0	4408	4408	0
September 5, 2006 11:17:00 AM UTC	1157476620000	100	0	no	55.7	164.4	23392	20809	13329	5934	0	37912	2797	2797	0	4410	4410	0
September 5, 2006 11:18:00 AM UTC	1157476680000	100	0	no	55.8	164.8	23392	20809	13327	5945	0	37903	2791	2791	0	4407	4407	0
September 5, 2006 11:19:00 AM UTC	1157476740000	100	0	no	55.8	165.3	23392	20809	13329	5935	0	37911	2796	2794	2	4414	4414	0
September 5, 2006 11:20:00 AM UTC	1157476800000	100	0	no	55.9	165.7	23392	20809	13344	5870	0	37961	2828	2828	0	4428	4428	0
September 5, 2006 11:21:00 AM UTC	1157476860000	100	0	no	55.9	166.1	23392	20809	13333	5835	0	38007	2846	2839	7	4431	4431	0
September 5, 2006 11:22:00 AM UTC	1157476920000	100	0	no	55.9	166.6	23392	20809	13333	5904	0	37938	2814	2814	0	4424	4424	0
September 5, 2006 11:23:00 AM UTC	1157476980000	100	0	no	56.0	167.0	23392	20809	13334	5877	0	37964	2826	2826	0	4427	4427	0
September 5, 2006 11:24:00 AM UTC	1157477040000	100	0	no	56.0	167.4	23392	20809	13337	5862	0	37976	2830	2824	6	4437	4437	0
September 5, 2006 11:25:00 AM UTC	1157477100000	100	0	no	56.1	167.9	23392	20809	13337	5862	0	37976	2828	2768	58	4438	4438	0
September 5, 2006 11:26:00 AM UTC	1157477160000	99	1	no	56.1	168.3	23392	20809	13337	5862	0	37976	2834	2624	206	4436	4436	0
September 5, 2006 11:27:00 AM UTC	1157477220000	98	2	no	56.2	168.8	23392	20809	13337	5861	0	37977	2823	2683	132	4438	4438	0
September 5, 2006 11:28:00 AM UTC	1157477280000	98	2	no	56.2	169.2	23392	20809	13320	6000	0	37855	2766	2705	61	4412	4412	0
September 5, 2006 11:29:00 AM UTC	1157477340000	99	1	no	56.2	169.6	23392	20809	13322	5987	0	37866	2771	2722	49	4424	4424	0
September 5, 2006 11:30:00 AM UTC	1157477400000	100	0	no	56.3	170.1	23392	20809	13321	5988	0	37866	2778	2747	31	4429	4429	0
September 5, 2006 11:31:00 AM UTC	1157477460000	100	0	no	56.3	170.5	23392	20809	13338	5839	0	37998	2846	2844	2	4449	4449	0
September 5, 2006 11:32:00 AM UTC	1157477520000	100	0	no	56.3	171.0	23392	20809	13338	5839	0	37998	2841	2841	0	4453	4453	0
September 5, 2006 11:33:00 AM UTC	1157477580000	99	1	no	56.3	171.4	23392	20809	13341	5804	0	38030	2861	2852	9	4455	4455	0
September 5, 2006 11:34:00 AM UTC	1157477640000	98	1	no	56.4	171.9	23392	20809	13326	5870	0	37979	2821	2814	7	4439	4439	0
September 5, 2006 11:35:00 AM UTC	1157477700000	98	2	no	56.4	172.3	23392	20809	13324	5949	0	37902	2793	2793	0	4433	4433	0
September 5, 2006 11:36:00 AM UTC	1157477760000	98	2	no	56.4	172.8	23392	20809	13326	5941	0	37908	2787	2783	4	4432	4432	0
September 5, 2006 11:37:00 AM UTC	1157477820000	99	1	no	56.4	173.2	23392	20809	13325	5942	0	37908	2791	2791	0	4439	4439	0
September 5, 2006 11:38:00 AM UTC	1157477880000	99	1	no	56.5	173.6	23392	20809	13340	5874	0	37961	2827	2827	0	4453	4453	0
September 5, 2006 11:39:00 AM UTC	1157477940000	100	0	no	56.5	174.1	23392	20809	13323	5942	0	37910	2797	2793	4	4441	4441	0
September 5, 2006 11:40:00 AM UTC	1157478000000	100	0	no	56.5	174.5	23392	20809	13324	5928	0	37923	2800	2793	7	4444	4444	0
September 5, 2006 11:41:00 AM UTC	1157478060000	100	0	no	56.5	175.0	23392	20809	13325	5833	0	38017	2842	2840	2	4452	4452	0
September 5, 2006 11:42:00 AM UTC	1157478120000	100	0	no	56.5	175.4	23392	20809	13324	5918	0	37933	2808	2808	0	4446	4446	0
September 5, 2006 11:43:00 AM UTC	1157478180000	100	0	no	56.6	175.9	23392	20809	13323	5919	0	37933	2797	2793	4	4446	4446	0
September 5, 2006 11:44:00 AM UTC	1157478240000	100	0	no	56.6	176.3	23392	20809	13324	5914	0	37937	2809	2809	0	4449	4449	0
September 5, 2006 11:45:00 AM UTC	1157478300000	100	0	no	56.6	176.8	23392	20809	13324	5914	0	37937	2802	2802	0	4445	4445	0
September 5, 2006 11:46:00 AM UTC	1157478360000	100	0	no	56.6	177.2	23392	20809	13325	5913	0	37937	2808	2808	0	4448	4448	0
September 5, 2006 11:47:00 AM UTC	1157478420000	100	0	no	56.6	177.7	23392	20809	13326	5912	0	37937	2805	2805	0	4450	4450	0
September 5, 2006 11:48:00 AM UTC	1157478480000	100	0	no	56.6	178.1	23392	20809	13327	5909	0	37939	2806	2806	0	4448	4448	0
September 5, 2006 11:49:00 AM UTC	1157478540000	100	0	no	56.6	178.6	23392	20809	13327	5887	0	37961	2810	2799	11	4450	4450	0
September 5, 2006 11:50:00 AM UTC	1157478600000	100	0	no	56.6	179.0	23392	20809	13327	5889	0	37959	2810	2769	41	4450	4450	0
September 5, 2006 11:51:00 AM UTC	1157478660000	100	0	no	56.6	179.5	23392	20809	13327	5889	0	37959	2811	2807	4	4450	4450	0
September 5, 2006 11:52:00 AM UTC	1157478720000	100	0	no	56.6	180.0	23392	20809	13327	5889	0	37959	2807	2807	0	4450	4450	0
September 5, 2006 11:53:00 AM UTC	1157478780000	100	0	no	56.6	180.4	23392	20809	13327	5889	0	37959	2809	2809	0	4447	4447	0
September 5, 2006 11:54:00 AM UTC	1157478840000	100	0	no	56.6	180.9	23392	20809	13327	5889	0	37959	2812	2812	0	4450	4450	0
September 5, 2006 11:55:00 AM UTC	1157478900000	100	0	no	56.6	181.3	23392	20809	13327	5888	0	37960	2814	2814	0	4451	4451	0
September 5, 2006 11:56:00 AM UTC	1157478960000	100	0	no	56.6	181.8	23392	20809	13327	5906	0	37942	2807	2807	0	4448	4448	0
September 5, 2006 11:57:00 AM UTC	1157479020000	100	0	no	56.6	182.2	23392	20809	13326	5910	0	37939	2808	2808	0	4449	4449	0
September 5, 2006 11:58:00 AM UTC	1157479080000	100	0	no	56.6	182.7	23392	20809	13325	5911	0	37939	2812	2812	0	4447	4447	0
September 5, 2006 11:59:00 AM UTC	1157479140000	100	0	no	56.6	183.1	23392	20809	13324	5912	0	37939	2802	2802	0	4448	4448	0
September 5, 2006 12:00:00 PM UTC	1157479200000	100	0	no	56.6	183.6	23392	20809	13324	5912	0	37939	2810	2810	0	4449	4449	0
September 5, 2006 12:01:00 PM UTC	1157479260000	100	0	no	56.6	184.0	23392	20809	13337	5848	0	37990	2835	2835	0	4468	4468	0
September 5, 2006 12:02:00 PM UTC	1157479320000	100	0	no	56.5	184.5	23392	20809	13324	5916	0	37935	2808	2806	2	4446	4446	0
September 5, 2006 12:03:00 PM UTC	1157479380000	100	0	no	56.5	184.9	23392	20809	13324	5909	0	37942	2802	2802	0	4443	4443	0
September 5, 2006 12:04:00 PM UTC	1157479440000	100	0	no	56.5	185.4	23392	20809	13325	5858	0	37992	2834	2831	3	4449	4449	0
September 5, 2006 12:05:00 PM UTC	1157479500000	100	0	no	56.5	185.8	23392	20809	13325	5931	0	37919	2797	2793	4	4442	4442	0
September 5, 2006 12:06:00 PM UTC	1157479560000	100	0	no	56.5	186.3	23392	20809	13324	5938	0	37913	2786	2783	3	4438	4438	0
September 5, 2006 12:07:00 PM UTC	1157479620000	100	0	no	56.4	186.7	23392	20809	13340	5870	0	37965	2828	2818	10	4455	4455	0
September 5, 2006 12:08:00 PM UTC	1157479680000	100	0	no	56.4	187.2	23392	20809	13326	5937	0	37912	2791	2780	11	4436	4436	0
September 5, 2006 12:09:00 PM UTC	1157479740000	100	0	no	56.4	187.6	23392	20809	13324	5946	0	37905	2797	2747	50	4436	4436	0
September 5, 2006 12:10:00 PM UTC	1157479800000	100	0	no	56.4	188.0	23392	20809	13326	5866	0	37983	2823	2805	18	4439	4439	0
September 5, 2006 12:11:00 PM UTC	1157479860000	100	0	no	56.3	188.5	23392	20809	13327	5865	0	37983	2828	2799	29	4437	4437	0
September 5, 2006 12:12:00 PM UTC	1157479920000	100	0	no	56.3	188.9	23392	20809	13324	5866	0	37985	2823	2799	24	4442	4442	0
September 5, 2006 12:13:00 PM UTC	1157479980000	99	1	no	56.3	189.4	23392	20809	13338	5836	0	38001	2846	2802	44	4448	4448	0
September 5, 2006 12:14:00 PM UTC	1157480040000	99	1	no	56.3	189.8	23392	20809	13336	5915	0	37924	2804	2772	32	4449	4449	0
September 5, 2006 12:15:00 PM UTC	1157480100000	98	2	no	56.2	190.3	23392	20809	13337	5915	0	37923	2798	2766	32	4447	4447	0
September 5, 2006 12:16:00 PM UTC	1157480160000	98	2	no	56.2	190.7	23392	20809	13320	5993	0	37862	2775	2745	30	4422	4422	0
September 5, 2006 12:17:00 PM UTC	1157480220000	97	2	no	56.1	191.1	23392	20809	13322	5919	0	37934	2792	2775	17	4418	4418	0
September 5, 2006 12:18:00 PM UTC	1157480280000	96	3	no	56.1	191.6	23392	20809	13323	5920	0	37932	2799	2760	39	4415	4415	0
September 5, 2006 12:19:00 PM UTC	1157480340000	95	3	no	56.1	192.0	23392	20809	13337	5855	0	37983	2828	2807	21	4433	4433	0
September 5, 2006 12:20:00 PM UTC	1157480400000	94	3	no	56.0	192.5	23392	20809	13337	5855	0	37983	2832	2822	10	4434	4434	0
September 5, 2006 12:21:00 PM UTC	1157480460000	92	4	no	56.0	192.9	23392	20809	13334	5870	0	37971	2827	2765	62	4427	4427	0
September 5, 2006 12:22:00 PM UTC	1157480520000	92	5	no	55.9	193.3	23392	20809	13333	5901	0	37941	2813	2755	58	4424	4424	0
September 5, 2006 12:23:00 PM UTC	1157480580000	92	5	no	55.9	193.8	23392	20809	13329	5923	0	37923	2797	2787	10	4419	4419	0
September 5, 2006 12:24:00 PM UTC	1157480640000	92	5	no	55.9	194.2	23392	20809	13329	5931	0	37915	2798	2794	4	4415	4415	0
September 5, 2006 12:25:00 PM UTC	1157480700000	93	6	no	55.8	194.6	23392	20809	13329	5931	0	37915	2799	2794	5	4414	4414	0
September 5, 2006 12:26:00 PM UTC	1157480760000	95	5	no	55.8	195.1	23392	20809	13344	5866	0	37965	2827	2826	1	4428	4428	0
September 5, 2006 12:27:00 PM UTC	1157480820000	98	1	no	55.7	195.5	23392	20809	13342	5875	0	37958	2825	2825	0	4421	4421	0
September 5, 2006 12:28:00 PM UTC	1157480880000	99	1	no	55.7	195.9	23392	20809	13343	5865	0	37967	2831	2831	0	4428	4428	0
September 5, 2006 12:29:00 PM UTC	1157480940000	99	1	no	55.6	196.4	23392	20809	13338	5894	0	37943	2804	2804	0	4416	4416	0
September 5, 2006 12:30:00 PM UTC	1157481000000	99	1	no	55.5	196.8	23392	20809	13326	5885	0	37964	2822	2822	0	4404	4404	0
September 5, 2006 12:31:00 PM UTC	1157481060000	99	1	no	55.5	197.2	23392	20809	13319	5907	0	37949	2807	2807	0	4396	4396	0
September 5, 2006 12:32:00 PM UTC	1157481120000	100	0	no	55.4	197.7	23392	20809	13330	5888	0	37957	2819	2819	0	4396	4396	0
September 5, 2006 12:33:00 PM UTC	1157481180000	100	0	no	55.4	198.1	23392	20809	13324	5920	0	37931	2806	2806	0	4387	4387	0
September 5, 2006 12:34:00 PM UTC	1157481240000	100	0	no	55.3	198.5	23392	20809	13321	5940	0	37914	2793	2793	0	4387	4387	0
September 5, 2006 12:35:00 PM UTC	1157481300000	100	0	no	55.2	198.9	23392	20809	13335	5878	0	37962	2827	2827	0	4397	4397	0
September 5, 2006 12:36:00 PM UTC	1157481360000	100	0	no	55.2	199.3	23392	20809	13330	5844	0	38001	2840	2840	0	4393	4393	0
September 5, 2006 12:37:00 PM UTC	1157481420000	100	0	no	55.1	199.8	23392	20809	13335	5899	0	37941	2812	2812	0	4392	4390	2
September 5, 2006 12:38:00 PM UTC	1157481480000	100	0	no	55.1	200.2	23392	20809	13329	5924	0	37922	2803	2803	0	4381	4381	0
September 5, 2006 12:39:00 PM UTC	1157481540000	99	1	no	55.0	200.6	23392	20809	13329	5924	0	37922	2800	2800	0	4379	4359	20
September 5, 2006 12:40:00 PM UTC	1157481600000	98	2	no	54.9	201.0	23392	20809	13325	5937	0	37913	2801	2801	0	4369	4369	0
September 5, 2006 12:41:00 PM UTC	1157481660000	98	2	no	54.9	201.4	23392	20809	13343	5861	0	37971	2828	2828	0	4388	4388	0
September 5, 2006 12:42:00 PM UTC	1157481720000	96	3	no	54.8	201.8	23392	20809	13336	5904	0	37935	2811	2811	0	4375	4375	0
September 5, 2006 12:43:00 PM UTC	1157481780000	95	4	no	54.7	202.3	23392	20809	13338	5834	0	38003	2837	2837	0	4379	4379	0
September 5, 2006 12:44:00 PM UTC	1157481840000	95	5	no	54.6	202.7	23392	20809	13332	5859	0	37984	2832	2832	0	4367	4367	0
September 5, 2006 12:45:00 PM UTC	1157481900000	95	5	no	54.6	203.1	23392	20809	13337	5876	0	37962	2827	2827	0	4371	4371	0
September 5, 2006 12:46:00 PM UTC	1157481960000	96	4	no	54.5	203.5	23392	20809	13331	5903	0	37941	2810	2810	0	4361	4361	0
September 5, 2006 12:47:00 PM UTC	1157482020000	97	3	no	54.4	203.9	23392	20809	13331	5903	0	37941	2811	2811	0	4355	4355	0
September 5, 2006 12:48:00 PM UTC	1157482080000	98	2	no	54.3	204.3	23392	20809	13330	5924	0	37921	2791	2791	0	4347	4347	0
September 5, 2006 12:49:00 PM UTC	1157482140000	98	2	no	54.2	204.7	23392	20809	13333	5857	0	37985	2831	2831	0	4352	4352	0
September 5, 2006 12:50:00 PM UTC	1157482200000	98	2	no	54.2	205.1	23392	20809	13323	5884	0	37968	2823	2823	0	4343	4343	0
September 5, 2006 12:51:00 PM UTC	1157482260000	98	2	no	54.1	205.5	23392	20809	13331	5856	0	37988	2839	2839	0	4337	4337	0
September 5, 2006 12:52:00 PM UTC	1157482320000	98	2	no	54.0	205.9	23392	20809	13330	5856	0	37989	2839	2839	0	4331	4331	0
September 5, 2006 12:53:00 PM UTC	1157482380000	98	2	no	53.9	206.3	23392	20809	13330	5934	0	37911	2801	2801	0	4322	4320	2
September 5, 2006 12:54:00 PM UTC	1157482440000	98	2	no	53.8	206.7	23392	20809	13335	5902	0	37938	2815	2815	0	4329	4329	0
September 5, 2006 12:55:00 PM UTC	1157482500000	98	2	no	53.7	207.1	23392	20809	13330	5886	0	37959	2819	2819	0	4318	4288	30
September 5, 2006 12:56:00 PM UTC	1157482560000	98	2	no	53.7	207.5	23392	20809	13330	5886	0	37959	2817	2817	0	4315	4266	49
September 5, 2006 12:57:00 PM UTC	1157482620000	98	2	no	53.6	207.9	23392	20809	13330	5886	0	37959	2824	2824	0	4307	4298	9
September 5, 2006 12:58:00 PM UTC	1157482680000	97	2	no	53.5	208.3	23392	20809	13330	5886	0	37959	2813	2813	0	4301	4246	55
September 5, 2006 12:59:00 PM UTC	1157482740000	97	3	no	53.4	208.6	23392	20809	13321	5928	0	37926	2804	2804	0	4287	4226	61
September 5, 2006 1:00:00 PM UTC	1157482800000	97	3	no	53.3	209.0	23392	20809	13342	5834	0	37999	2839	2839	0	4310	4214	96
September 5, 2006 1:01:00 PM UTC	1157482860000	97	3	no	53.2	209.4	23392	20809	13333	5892	0	37950	2816	2816	0	4288	4209	79
September 5, 2006 1:02:00 PM UTC	1157482920000	97	3	no	53.1	209.8	23392	20809	13330	5864	0	37981	2824	2824	0	4282	4282	0
September 5, 2006 1:03:00 PM UTC	1157482980000	97	3	no	53.0	210.2	23392	20809	13337	5874	0	37964	2833	2833	0	4279	4279	0
September 5, 2006 1:04:00 PM UTC	1157483040000	96	4	no	52.9	210.6	23392	20809	13327	5913	0	37935	2812	2812	0	4268	4261	7
September 5, 2006 1:05:00 PM UTC	1157483100000	96	4	no	52.8	210.9	23392	20809	13349	5818	0	38008	2858	2858	0	4284	4273	11
September 5, 2006 1:06:00 PM UTC	1157483160000	96	4	no	52.7	211.3	23392	20809	13327	5913	0	37935	2811	2811	0	4261	4250	11
September 5, 2006 1:07:00 PM UTC	1157483220000	95	4	no	52.6	211.7	23392	20809	13319	5950	0	37906	2791	2791	0	4245	4245	0
September 5, 2006 1:08:00 PM UTC	1157483280000	95	4	no	52.5	212.1	23392	20809	13328	5881	0	37966	2827	2827	0	4251	4251	0
September 5, 2006 1:09:00 PM UTC	1157483340000	96	4	yes	52.4	212.4	23392	20809	13318	5939	0	37918	2793	2793	0	4226	4224	2
September 5, 2006 1:10:00 PM UTC	1157483400000	96	4	yes	52.3	212.8	23392	20809	13337	5842	0	37996	2837	2837	0	4246	4241	5
September 5, 2006 1:11:00 PM UTC	1157483460000	96	4	yes	52.2	213.2	23392	20809	13333	5862	0	37980	2824	2824	0	4230	4219	11
September 5, 2006 1:12:00 PM UTC	1157483520000	95	4	no	52.1	213.5	23392	20809	13324	5900	0	37951	2817	2813	4	4219	4219	0
September 5, 2006 1:13:00 PM UTC	1157483580000	95	5	yes	52.0	213.9	23392	20809	13345	5806	0	38024	2861	2739	122	4228	4228	0
September 5, 2006 1:13:57 PM UTC	1157483637000	95	5	yes	51.9	214.2	23392	20809	13322	5932	0	37921	2797	2704	93	4194	4166	28
September 5, 2006 1:15:00 PM UTC	1157483700000	93	6	yes	51.8	214.6	23392	20809	13332	5835	0	38008	2847	2647	200	4209	4098	111
September 5, 2006 1:16:00 PM UTC	1157483760000	94	6	yes	51.7	215.0	23392	20809	13324	5875	0	37976	2830	2653	177	4173	4032	141
September 5, 2006 1:17:00 PM UTC	1157483820000	93	7	yes	51.6	215.3	23392	20809	13336	5820	0	38019	2856	2633	223	4187	4063	124
September 5, 2006 1:18:00 PM UTC	1157483880000	91	9	yes	51.4	215.7	23392	20809	13336	5820	0	38019	2854	2418	436	4190	3993	197
September 5, 2006 1:19:00 PM UTC	1157483940000	89	11	yes	51.3	216.1	23392	20809	13325	5860	0	37990	2836	2230	606	4163	3939	224
September 5, 2006 1:20:00 PM UTC	1157484000000	87	12	yes	51.2	216.4	23392	20809	13336	5819	0	38020	2850	2106	681	4173	3989	184
September 5, 2006 1:21:00 PM UTC	1157484060000	86	12	yes	51.1	216.8	23392	20809	13326	5839	0	38010	2849	2428	421	4153	4063	90
September 5, 2006 1:22:00 PM UTC	1157484120000	86	11	no	51.0	217.1	23392	20809	13326	5837	0	38012	2840	2775	65	4147	4074	73
September 5, 2006 1:23:00 PM UTC	1157484180000	84	12	yes	50.9	217.5	23392	20809	13338	5784	0	38053	2872	2842	30	4152	4063	89
September 5, 2006 1:24:00 PM UTC	1157484240000	82	12	no	50.8	217.8	23392	20809	13338	5784	0	38053	2862	2756	106	4146	4081	65
September 5, 2006 1:25:00 PM UTC	1157484300000	80	13	no	50.6	218.1	23392	20809	13326	5834	0	38015	2841	2605	198	4131	4097	34
September 5, 2006 1:26:00 PM UTC	1157484360000	78	12	no	50.5	218.5	23392	20809	13337	5784	0	38054	2865	2572	238	4127	4073	54
September 5, 2006 1:27:00 PM UTC	1157484420000	77	13	yes	50.4	218.8	23392	20809	13328	5829	0	38018	2845	2627	218	4114	4079	35
September 5, 2006 1:28:00 PM UTC	1157484480000	75	13	yes	50.3	219.2	23392	20809	13327	5813	0	38035	2844	2637	207	4107	4097	10
September 5, 2006 1:29:00 PM UTC	1157484540000	71	15	yes	50.2	219.5	23392	20809	13328	5813	0	38034	2857	2568	289	4092	4071	21
September 5, 2006 1:30:00 PM UTC	1157484600000	66	19	yes	50.0	219.8	23392	20809	13319	5858	0	37998	2832	2363	469	4077	4077	0
September 5, 2006 1:31:00 PM UTC	1157484660000	62	19	yes	49.9	220.2	23392	20809	13340	5761	0	38074	2883	2282	537	4084	4084	0
September 5, 2006 1:32:00 PM UTC	1157484720000	59	17	yes	49.8	220.5	23392	20809	13329	5807	0	38039	2866	2537	234	4065	4062	3
September 5, 2006 1:33:00 PM UTC	1157484780000	56	14	yes	49.7	220.8	23392	20809	13329	5812	0	38034	2855	2692	102	4063	4004	59
September 5, 2006 1:34:00 PM UTC	1157484840000	55	12	yes	49.5	221.2	23392	20809	13328	5871	0	37976	2840	2633	185	4046	3975	71
September 5, 2006 1:35:00 PM UTC	1157484900000	53	12	yes	49.4	221.5	23392	20809	13329	5824	0	38022	2859	2598	259	4038	3948	90
September 5, 2006 1:36:00 PM UTC	1157484960000	51	13	yes	49.3	221.8	23392	20809	13328	5867	0	37980	2836	2532	300	4028	3918	110
September 5, 2006 1:37:00 PM UTC	1157485020000	50	14	yes	49.2	222.2	23392	20809	13328	5867	0	37980	2839	2684	155	4019	3891	128
September 5, 2006 1:38:00 PM UTC	1157485080000	50	16	yes	49.0	222.5	23392	20809	13338	5818	0	38019	2859	2661	198	4025	3911	114
September 5, 2006 1:39:00 PM UTC	1157485140000	51	13	yes	48.9	222.8	23392	20809	13341	5816	0	38018	2870	2650	214	4008	3867	141
September 5, 2006 1:40:00 PM UTC	1157485200000	50	15	yes	48.8	223.1	23392	20809	13316	5976	0	37883	2785	2598	187	3986	3840	146
September 5, 2006 1:41:00 PM UTC	1157485260000	51	14	yes	48.6	223.4	23392	20809	13341	5880	0	37954	2844	2699	145	3988	3831	157
September 5, 2006 1:42:00 PM UTC	1157485320000	49	14	no	48.5	223.8	23392	20809	13328	5878	0	37969	2835	2680	155	3971	3689	282
September 5, 2006 1:43:00 PM UTC	1157485380000	54	15	yes	48.4	224.1	23392	20809	13328	5923	0	37924	2818	2736	82	3965	3758	207
September 5, 2006 1:44:00 PM UTC	1157485440000	56	13	yes	48.2	224.4	23392	20809	13329	5922	0	37924	2815	2779	36	3951	3871	80
September 5, 2006 1:45:00 PM UTC	1157485500000	57	11	yes	48.1	224.7	23392	20809	13328	5847	0	38000	2847	2803	44	3939	3819	120
September 5, 2006 1:46:00 PM UTC	1157485560000	58	12	yes	48.0	225.0	23392	20809	13329	5846	0	38000	2839	2804	35	3931	3758	173
September 5, 2006 1:47:00 PM UTC	1157485620000	57	12	yes	47.8	225.3	23392	20809	13328	5848	0	37999	2850	2774	76	3915	3622	293
September 5, 2006 1:48:00 PM UTC	1157485680000	57	12	no	47.7	225.6	23392	20809	13318	5898	0	37959	2817	2754	62	3898	3578	320
September 5, 2006 1:49:00 PM UTC	1157485740000	58	13	no	47.6	225.9	23392	20809	13329	5848	0	37998	2841	2801	40	3897	3689	208
September 5, 2006 1:50:00 PM UTC	1157485800000	60	11	no	47.4	226.3	23392	20809	13329	5814	0	38032	2865	2724	141	3888	3746	142
September 5, 2006 1:51:00 PM UTC	1157485860000	58	12	no	47.3	226.6	23392	20809	13316	5914	0	37945	2817	2694	123	3874	3789	85
September 5, 2006 1:52:00 PM UTC	1157485920000	55	13	no	47.1	226.9	23392	20809	13329	5863	0	37983	2842	2713	129	3866	3821	45
September 5, 2006 1:53:00 PM UTC	1157485980000	53	15	no	47.0	227.2	23392	20809	13327	5868	0	37980	2838	2683	146	3858	3858	0
September 5, 2006 1:54:00 PM UTC	1157486040000	53	15	no	46.9	227.5	23392	20809	13328	5863	0	37984	2842	2811	31	3851	3837	14
September 5, 2006 1:55:00 PM UTC	1157486100000	52	14	no	46.7	227.8	23392	20809	13327	5869	0	37979	2846	2844	2	3830	3830	0
September 5, 2006 1:56:00 PM UTC	1157486160000	53	14	no	46.6	228.1	23392	20809	13327	5870	0	37978	2838	2837	1	3820	3820	0
September 5, 2006 1:57:00 PM UTC	1157486220000	52	15	no	46.4	228.3	23392	20809	13327	5870	0	37978	2843	2843	0	3806	3806	0
September 5, 2006 1:58:00 PM UTC	1157486280000	53	15	no	46.3	228.6	23392	20809	13338	5788	0	38049	2894	2894	0	3802	3801	1
September 5, 2006 1:59:00 PM UTC	1157486340000	53	15	no	46.1	228.9	23392	20809	13326	5882	0	37967	2845	2845	0	3786	3780	6
September 5, 2006 2:00:00 PM UTC	1157486400000	55	15	no	46.0	229.2	23392	20809	13335	5848	0	37992	2860	2860	0	3774	3774	0
September 5, 2006 2:01:00 PM UTC	1157486460000	56	12	no	45.9	229.5	23392	20809	13314	5936	0	37925	2817	2817	0	3754	3754	0
September 5, 2006 2:02:00 PM UTC	1157486520000	53	13	no	45.7	229.8	23392	20809	13335	5840	0	38000	2856	2842	14	3758	3756	2
September 5, 2006 2:03:00 PM UTC	1157486580000	52	12	yes	45.6	230.1	23392	20809	13324	5894	0	37957	2836	2836	0	3739	3737	2
September 5, 2006 2:04:00 PM UTC	1157486640000	51	12	yes	45.4	230.4	23392	20809	13336	5838	0	38001	2867	2867	0	3732	3732	0
September 5, 2006 2:05:00 PM UTC	1157486700000	50	14	yes	45.3	230.7	23392	20809	13324	5893	0	37958	2837	2827	10	3718	3711	7
September 5, 2006 2:06:00 PM UTC	1157486760000	47	18	yes	45.1	230.9	23392	20809	13326	5860	0	37989	2863	2863	0	3701	3421	280
September 5, 2006 2:07:00 PM UTC	1157486820000	47	16	yes	45.0	231.2	23392	20809	13326	5860	0	37989	2858	2858	0	3690	3216	474
September 5, 2006 2:08:00 PM UTC	1157486880000	43	17	yes	44.8	231.5	23392	20809	13332	5875	0	37968	2852	2852	0	3678	2992	686
September 5, 2006 2:09:00 PM UTC	1157486940000	42	18	yes	44.7	231.8	23392	20809	13323	5859	0	37993	2855	2855	0	3660	2969	691
September 5, 2006 2:10:00 PM UTC	1157487000000	42	14	no	44.5	232.1	23392	20809	13334	5802	0	38039	2887	2880	7	3654	3467	187
September 5, 2006 2:11:00 PM UTC	1157487060000	45	19	yes	44.4	232.3	23392	20809	13321	5857	0	37997	2854	2853	1	3640	3491	149
September 5, 2006 2:12:00 PM UTC	1157487120000	46	20	yes	44.2	232.6	23392	20809	13334	5802	0	38039	2886	2883	3	3629	3417	212
September 5, 2006 2:13:00 PM UTC	1157487180000	47	19	yes	44.1	232.9	23392	20809	13330	5823	0	38022	2867	2867	0	3620	3493	127
September 5, 2006 2:14:00 PM UTC	1157487240000	45	22	yes	43.9	233.2	23392	20809	13335	5772	0	38068	2906	2906	0	3603	3292	311
September 5, 2006 2:15:00 PM UTC	1157487300000	46	20	yes	43.8	233.4	23392	20809	13333	5786	0	38056	2903	2888	15	3589	3322	267
September 5, 2006 2:16:00 PM UTC	1157487360000	46	19	yes	43.6	233.7	23392	20809	13332	5787	0	38056	2900	2894	6	3581	3203	378
September 5, 2006 2:17:00 PM UTC	1157487420000	44	20	yes	43.4	234.0	23392	20809	13331	5841	0	38003	2880	2880	0	3563	3112	451
September 5, 2006 2:18:00 PM UTC	1157487480000	43	19	yes	43.3	234.2	23392	20809	13331	5841	0	38003	2875	2875	0	3553	3177	376
September 5, 2006 2:19:00 PM UTC	1157487540000	42	20	yes	43.1	234.5	23392	20809	13331	5841	0	38003	2869	2869	0	3535	3242	293
September 5, 2006 2:20:00 PM UTC	1157487600000	44	19	yes	43.0	234.8	23392	20809	13331	5841	0	38003	2877	2877	0	3520	3450	70
September 5, 2006 2:21:00 PM UTC	1157487660000	47	20	yes	42.8	235.0	23392	20809	13316	5897	0	37962	2847	2847	0	3490	3395	95
September 5, 2006 2:22:00 PM UTC	1157487720000	52	14	yes	42.7	235.3	23392	20809	13336	5800	0	38039	2896	2867	29	3501	3450	51
September 5, 2006 2:23:00 PM UTC	1157487780000	55	12	yes	42.5	235.5	23392	20809	13317	5873	0	37985	2858	2833	25	3479	3379	100
September 5, 2006 2:24:00 PM UTC	1157487840000	54	14	yes	42.3	235.8	23392	20809	13341	5775	0	38059	2918	2914	4	3472	3271	201
September 5, 2006 2:25:00 PM UTC	1157487900000	51	15	no	42.2	236.1	23392	20809	13328	5831	0	38016	2885	2865	20	3453	3212	241
September 5, 2006 2:26:00 PM UTC	1157487960000	49	19	no	42.0	236.3	23392	20809	13326	5894	0	37955	2864	2857	7	3440	2984	456
September 5, 2006 2:27:00 PM UTC	1157488020000	46	23	no	41.9	236.6	23392	20809	13326	5894	0	37955	2857	2857	0	3430	2660	765
September 5, 2006 2:28:00 PM UTC	1157488080000	45	20	no	41.7	236.8	23392	20809	13334	5856	0	37985	2887	2868	19	3410	2354	1016
September 5, 2006 2:29:00 PM UTC	1157488140000	42	17	no	41.5	237.1	23392	20809	13334	5856	0	37985	2881	2724	157	3399	2239	955
September 5, 2006 2:30:00 PM UTC	1157488200000	40	16	no	41.4	237.3	23392	20809	13326	5893	0	37956	2861	2818	39	3388	2294	997
September 5, 2006 2:31:00 PM UTC	1157488260000	40	14	no	41.2	237.6	23392	20809	13335	5857	0	37983	2885	2798	41	3372	2573	714
September 5, 2006 2:32:00 PM UTC	1157488320000	38	12	no	41.1	237.8	23392	20809	13336	5832	0	38007	2908	2835	61	3359	2823	533
September 5, 2006 2:33:00 PM UTC	1157488380000	35	12	no	40.9	238.1	23392	20809	13321	5891	0	37963	2863	2710	119	3347	2809	514
September 5, 2006 2:34:00 PM UTC	1157488440000	32	13	no	40.7	238.3	23392	20809	13336	5831	0	38008	2904	2717	131	3330	2569	692
September 5, 2006 2:35:00 PM UTC	1157488500000	32	14	no	40.6	238.6	23392	20809	13323	5890	0	37962	2873	2774	93	3312	2386	816
September 5, 2006 2:36:00 PM UTC	1157488560000	34	15	yes	40.4	238.8	23392	20809	13342	5857	0	37976	2898	2838	60	3305	2488	762
September 5, 2006 2:37:00 PM UTC	1157488620000	35	14	yes	40.2	239.1	23392	20809	13321	5952	0	37902	2850	2554	259	3284	2683	558
September 5, 2006 2:38:00 PM UTC	1157488680000	37	14	yes	40.1	239.3	23392	20809	13343	5799	0	38033	2912	2831	72	3274	2853	417
September 5, 2006 2:39:00 PM UTC	1157488740000	39	11	no	39.9	239.6	23392	20809	13329	5859	0	37987	2878	2799	58	3262	2868	379
September 5, 2006 2:40:00 PM UTC	1157488800000	48	13	yes	39.8	239.8	23392	20809	13329	5859	0	37987	2884	2803	81	3246	2982	264
September 5, 2006 2:41:00 PM UTC	1157488860000	53	13	yes	39.6	240.0	23392	20809	13329	5858	0	37988	2890	2863	27	3227	2919	302
September 5, 2006 2:42:00 PM UTC	1157488920000	52	12	no	39.4	240.3	23392	20809	13330	5841	0	38004	2896	2810	38	3222	2611	462
September 5, 2006 2:43:00 PM UTC	1157488980000	53	11	no	39.3	240.5	23392	20809	13330	5841	0	38004	2902	2792	110	3196	2405	368
September 5, 2006 2:44:00 PM UTC	1157489040000	53	12	no	39.1	240.7	23392	20809	13337	5807	0	38031	2921	2915	6	3186	2091	568
September 5, 2006 2:45:00 PM UTC	1157489100000	53	13	no	38.9	241.0	23392	20809	13329	5840	0	38006	2897	2859	38	3174	1850	939
September 5, 2006 2:46:00 PM UTC	1157489160000	54	14	yes	38.8	241.2	23392	20809	13338	5808	0	38029	2921	2921	0	3158	2011	846
September 5, 2006 2:47:00 PM UTC	1157489220000	52	16	no	38.6	241.5	23392	20809	13335	5871	0	37969	2895	2833	37	3144	2202	758
September 5, 2006 2:48:00 PM UTC	1157489280000	51	17	yes	38.4	241.7	23392	20809	13322	5933	0	37920	2853	2795	20	3134	2209	590
September 5, 2006 2:49:00 PM UTC	1157489340000	52	15	yes	38.2	241.9	23392	20809	13338	5871	0	37966	2893	2879	12	3113	2052	590
September 5, 2006 2:50:00 PM UTC	1157489400000	50	13	yes	38.1	242.2	23392	20809	13322	5933	0	37920	2860	2860	0	3100	2091	651
September 5, 2006 2:51:00 PM UTC	1157489460000	47	12	yes	37.9	242.4	23392	20809	13322	5933	0	37920	2855	2855	0	3091	2156	632
September 5, 2006 2:52:00 PM UTC	1157489520000	46	13	yes	37.7	242.6	23392	20809	13330	5866	0	37979	2885	2856	29	3074	2134	668
September 5, 2006 2:53:00 PM UTC	1157489580000	45	14	yes	37.6	242.8	23392	20809	13330	5881	0	37964	2882	2746	136	3063	2290	587
September 5, 2006 2:54:00 PM UTC	1157489640000	44	14	yes	37.4	243.1	23392	20809	13322	5912	0	37941	2860	2713	147	3057	2538	487
September 5, 2006 2:55:00 PM UTC	1157489700000	44	14	yes	37.2	243.3	23392	20809	13330	5881	0	37964	2876	2820	56	3046	2921	125
September 5, 2006 2:56:00 PM UTC	1157489760000	43	13	yes	37.1	243.5	23392	20809	13330	5881	0	37964	2871	2809	62	3036	3017	19
September 5, 2006 2:57:00 PM UTC	1157489820000	42	11	yes	36.9	243.7	23392	20809	13330	5881	0	37964	2866	2798	68	3022	2978	44
September 5, 2006 2:58:00 PM UTC	1157489880000	39	13	yes	36.7	244.0	23392	20809	13335	5906	0	37934	2861	2765	96	3015	2925	85
September 5, 2006 2:59:00 PM UTC	1157489940000	40	13	yes	36.5	244.2	23392	20809	13326	5944	0	37905	2839	2694	145	3002	2776	195
September 5, 2006 3:00:00 PM UTC	1157490000000	39	15	yes	36.4	244.4	23392	20809	13326	5944	0	37905	2836	2773	63	2994	2653	172
September 5, 2006 3:01:00 PM UTC	1157490060000	38	14	no	36.2	244.6	23392	20809	13338	5843	0	37994	2869	2837	32	2984	2523	319
September 5, 2006 3:02:00 PM UTC	1157490120000	38	15	yes	36.0	244.9	23392	20809	13338	5843	0	37994	2863	2780	74	2975	2681	294
September 5, 2006 3:03:00 PM UTC	1157490180000	38	14	yes	35.8	245.1	23392	20809	13338	5827	0	38010	2870	2757	107	2970	2894	76
September 5, 2006 3:04:00 PM UTC	1157490240000	36	13	yes	35.7	245.3	23392	20809	13324	5891	0	37960	2829	2769	60	2956	2842	114
September 5, 2006 3:05:00 PM UTC	1157490300000	35	12	no	35.5	245.5	23392	20809	13337	5827	0	38011	2863	2851	10	2949	2676	219
September 5, 2006 3:06:00 PM UTC	1157490360000	37	12	yes	35.3	245.7	23392	20809	13324	5890	0	37961	2816	2789	27	2941	2401	385
September 5, 2006 3:07:00 PM UTC	1157490420000	38	14	yes	35.1	245.9	23392	20809	13324	5890	0	37961	2816	2739	77	2935	2171	509
September 5, 2006 3:08:00 PM UTC	1157490480000	38	15	yes	35.0	246.2	23392	20809	13329	5819	0	38027	2828	2636	189	2922	2020	658
September 5, 2006 3:09:00 PM UTC	1157490540000	40	16	yes	34.8	246.4	23392	20809	13329	5819	0	38027	2817	2598	177	2918	2362	550
September 5, 2006 3:10:00 PM UTC	1157490600000	44	16	yes	34.6	246.6	23392	20809	13321	5913	0	37941	2774	2619	104	2914	2527	382
September 5, 2006 3:11:00 PM UTC	1157490660000	44	17	yes	34.4	246.8	23392	20809	13328	5882	0	37965	2787	2570	164	2905	2428	477
September 5, 2006 3:12:00 PM UTC	1157490720000	42	15	no	34.3	247.0	23392	20809	13328	5882	0	37965	2787	2602	185	2894	2517	343
September 5, 2006 3:13:00 PM UTC	1157490780000	42	16	yes	34.1	247.2	23392	20809	13328	5882	0	37965	2771	2549	220	2888	2331	457
September 5, 2006 3:14:00 PM UTC	1157490840000	41	17	yes	33.9	247.4	23392	20809	13328	5880	0	37967	2766	2443	322	2882	2021	798
September 5, 2006 3:15:00 PM UTC	1157490900000	39	16	yes	33.7	247.6	23392	20809	13335	5844	0	37996	2784	2553	221	2873	1988	756
September 5, 2006 3:16:00 PM UTC	1157490960000	39	16	yes	33.6	247.9	23392	20809	13336	5844	0	37995	2768	2676	79	2873	1820	767
September 5, 2006 3:17:00 PM UTC	1157491020000	36	18	yes	33.4	248.1	23392	20809	13330	5871	0	37974	2750	2409	231	2865	1621	1036
September 5, 2006 3:18:00 PM UTC	1157491080000	35	20	no	33.2	248.3	23392	20809	13329	5869	0	37977	2736	2140	425	2861	1536	1243
September 5, 2006 3:19:00 PM UTC	1157491140000	38	19	no	33.0	248.5	23392	20809	13335	5844	0	37996	2752	2339	336	2852	2072	776
September 5, 2006 3:20:00 PM UTC	1157491200000	38	19	no	32.8	248.7	23392	20809	13335	5844	0	37996	2738	2515	139	2844	2034	766
September 5, 2006 3:21:00 PM UTC	1157491260000	40	20	yes	32.7	248.9	23392	20809	13335	5844	0	37996	2728	2705	23	2842	2196	631
September 5, 2006 3:22:00 PM UTC	1157491320000	39	17	no	32.5	249.1	23392	20809	13320	5909	0	37946	2687	2687	0	2835	2236	580
September 5, 2006 3:23:00 PM UTC	1157491380000	41	20	yes	32.3	249.3	23392	20809	13339	5888	0	37948	2699	2699	0	2835	2280	547
September 5, 2006 3:24:00 PM UTC	1157491440000	40	21	yes	32.1	249.5	23392	20809	13319	5978	0	37878	2648	2585	63	2830	2249	567
September 5, 2006 3:25:00 PM UTC	1157491500000	42	20	yes	32.0	249.7	23392	20809	13333	5914	0	37928	2661	2660	1	2826	2156	652
September 5, 2006 3:26:00 PM UTC	1157491560000	39	20	yes	31.8	249.9	23392	20809	13319	5978	0	37878	2628	2628	0	2820	2284	536
September 5, 2006 3:27:00 PM UTC	1157491620000	35	22	yes	31.6	250.1	23392	20809	13338	5879	0	37958	2673	2673	0	2816	2247	569
September 5, 2006 3:28:00 PM UTC	1157491680000	33	24	yes	31.4	250.3	23392	20809	13325	5945	0	37905	2624	2616	8	2808	2311	497
September 5, 2006 3:29:00 PM UTC	1157491740000	34	23	yes	31.2	250.5	23392	20809	13342	5879	0	37954	2638	2632	2	2817	2407	410
September 5, 2006 3:30:00 PM UTC	1157491800000	36	23	yes	31.1	250.7	23392	20809	13325	5945	0	37905	2599	2599	0	2806	2476	328
September 5, 2006 3:31:00 PM UTC	1157491860000	37	23	yes	30.9	250.9	23392	20809	13343	5852	0	37980	2647	2641	6	2800	2467	323
September 5, 2006 3:32:00 PM UTC	1157491920000	36	23	yes	30.7	251.1	23392	20809	13326	5942	0	37907	2574	2574	0	2801	2474	326
September 5, 2006 3:33:00 PM UTC	1157491980000	36	25	yes	30.5	251.3	23392	20809	13326	5942	0	37907	2575	2538	37	2794	2456	338
September 5, 2006 3:34:00 PM UTC	1157492040000	37	25	yes	30.3	251.5	23392	20809	13328	5826	0	38021	2589	2400	174	2794	2590	196
September 5, 2006 3:35:00 PM UTC	1157492100000	37	27	yes	30.1	251.7	23392	20809	13333	5805	0	38037	2587	2225	322	2792	2652	125
September 5, 2006 3:36:00 PM UTC	1157492160000	39	27	yes	30.0	251.9	23392	20809	13333	5804	0	38038	2571	2108	383	2797	2680	111
September 5, 2006 3:37:00 PM UTC	1157492220000	42	26	yes	29.8	252.1	23392	20809	13330	5872	0	37973	2542	1957	396	2787	2730	57
September 5, 2006 3:38:00 PM UTC	1157492280000	45	23	yes	29.6	252.3	23392	20809	13330	5871	0	37974	2537	1916	515	2781	2723	58
September 5, 2006 3:39:00 PM UTC	1157492340000	45	23	yes	29.4	252.5	23392	20809	13330	5871	0	37974	2519	2037	396	2783	2658	125
September 5, 2006 3:40:00 PM UTC	1157492400000	43	22	yes	29.2	252.7	23392	20809	13335	5850	0	37990	2524	2304	157	2781	2646	135
September 5, 2006 3:41:00 PM UTC	1157492460000	42	21	no	29.1	252.8	23392	20809	13335	5850	0	37990	2514	2390	57	2781	2662	119
September 5, 2006 3:42:00 PM UTC	1157492520000	42	22	no	28.9	253.0	23392	20809	13320	5917	0	37938	2465	2394	40	2777	2712	65
September 5, 2006 3:43:00 PM UTC	1157492580000	43	21	no	28.7	253.2	23392	20809	13331	5870	0	37974	2477	2439	19	2781	2762	19
September 5, 2006 3:44:00 PM UTC	1157492640000	41	20	yes	28.5	253.4	23392	20809	13317	5938	0	37920	2434	2419	14	2775	2775	0
September 5, 2006 3:45:00 PM UTC	1157492700000	38	18	no	28.3	253.6	23392	20809	13336	5849	0	37990	2468	2394	47	2772	2772	0
September 5, 2006 3:46:00 PM UTC	1157492760000	35	16	no	28.1	253.8	23392	20809	13336	5849	0	37990	2453	2328	67	2775	2775	0
September 5, 2006 3:47:00 PM UTC	1157492820000	34	15	no	27.9	254.0	23392	20809	13337	5848	0	37990	2430	2240	113	2780	2778	2
September 5, 2006 3:48:00 PM UTC	1157492880000	32	13	no	27.8	254.2	23392	20809	13337	5848	0	37990	2424	2062	263	2776	2776	0
September 5, 2006 3:49:00 PM UTC	1157492940000	32	12	no	27.6	254.4	23392	20809	13336	5847	0	37992	2414	2011	185	2774	2774	0
September 5, 2006 3:50:00 PM UTC	1157493000000	32	10	no	27.4	254.6	23392	20809	13341	5829	0	38005	2408	1952	90	2775	2773	2
September 5, 2006 3:51:00 PM UTC	1157493060000	30	10	no	27.2	254.7	23392	20809	13326	5896	0	37953	2367	1846	140	2772	2743	29
September 5, 2006 3:52:00 PM UTC	1157493120000	27	10	no	27.0	254.9	23392	20809	13338	5904	0	37933	2364	1801	100	2773	2581	57
September 5, 2006 3:53:00 PM UTC	1157493180000	24	9	no	26.8	255.1	23392	20809	13322	5971	0	37882	2316	1788	88	2778	2260	140
September 5, 2006 3:54:00 PM UTC	1157493240000	22	7	no	26.7	255.3	23392	20809	13336	5899	0	37940	2340	1845	57	2773	1932	110
September 5, 2006 3:55:00 PM UTC	1157493300000	19	8	no	26.5	255.5	23392	20809	13322	5968	0	37885	2298	1660	68	2775	1691	27
September 5, 2006 3:56:00 PM UTC	1157493360000	17	7	no	26.3	255.7	23392	20809	13338	5900	0	37937	2315	1368	100	2776	1625	1
September 5, 2006 3:57:00 PM UTC	1157493420000	15	8	no	26.1	255.9	23392	20809	13322	5968	0	37885	2267	991	85	2780	1635	13
September 5, 2006 3:58:00 PM UTC	1157493480000	15	8	no	25.9	256.0	23392	20809	13323	5932	0	37920	2256	724	50	2783	1687	25
September 5, 2006 3:59:00 PM UTC	1157493540000	15	9	no	25.7	256.2	23392	20809	13324	5931	0	37920	2245	633	52	2784	1768	8
September 5, 2006 4:00:00 PM UTC	1157493600000	16	9	no	25.5	256.4	23392	20809	13324	5931	0	37920	2228	546	50	2787	1786	56
September 5, 2006 4:01:00 PM UTC	1157493660000	17	10	no	25.4	256.6	23392	20809	13338	5863	0	37974	2255	501	84	2782	1667	139
September 5, 2006 4:02:00 PM UTC	1157493720000	16	10	no	25.2	256.8	23392	20809	13328	5914	0	37933	2212	389	141	2784	1609	237
September 5, 2006 4:03:00 PM UTC	1157493780000	15	11	no	25.0	256.9	23392	20809	13345	5769	0	38061	2244	304	135	2790	1497	351
September 5, 2006 4:04:00 PM UTC	1157493840000	14	10	no	24.8	257.1	23392	20809	13331	5830	0	38014	2199	109	103	2794	1414	488
September 5, 2006 4:05:00 PM UTC	1157493900000	14	9	no	24.6	257.3	23392	20809	13331	5830	0	38014	2187	104	90	2798	1260	552
September 5, 2006 4:06:00 PM UTC	1157493960000	14	9	no	24.4	257.5	23392	20809	13330	5837	0	38008	2174	143	103	2792	1067	512
September 5, 2006 4:07:00 PM UTC	1157494020000	14	10	no	24.2	257.7	23392	20809	13330	5837	0	38008	2154	209	89	2799	1066	583
September 5, 2006 4:08:00 PM UTC	1157494080000	14	9	no	24.0	257.8	23392	20809	13331	5900	0	37944	2133	198	76	2799	982	588
September 5, 2006 4:09:00 PM UTC	1157494140000	14	9	no	23.9	258.0	23392	20809	13331	5902	0	37942	2121	149	45	2803	953	475
September 5, 2006 4:10:00 PM UTC	1157494200000	14	10	no	23.7	258.2	23392	20809	13344	5832	1	37998	2135	144	62	2809	1032	462
September 5, 2006 4:11:00 PM UTC	1157494260000	15	12	no	23.5	258.4	23392	20809	13330	5901	1	37943	2098	89	84	2804	965	548
September 5, 2006 4:12:00 PM UTC	1157494320000	16	13	no	23.3	258.6	23392	20809	13330	5901	2	37942	2076	63	47	2811	931	561
September 5, 2006 4:13:00 PM UTC	1157494380000	19	11	no	23.1	258.7	23392	20809	13330	5901	6	37938	2062	148	88	2815	1075	426
September 5, 2006 4:14:00 PM UTC	1157494440000	21	10	no	22.9	258.9	23392	20809	13333	5888	10	37944	2054	170	135	2816	1117	301
September 5, 2006 4:15:00 PM UTC	1157494500000	24	10	no	22.7	259.1	23392	20809	13333	5887	11	37944	2036	259	109	2823	1245	296
September 5, 2006 4:16:00 PM UTC	1157494560000	27	9	no	22.5	259.3	23392	20809	13333	5887	14	37941	2026	292	109	2824	1335	203
September 5, 2006 4:17:00 PM UTC	1157494620000	29	8	no	22.4	259.4	23392	20809	13330	5899	17	37929	2003	280	117	2830	1392	231
September 5, 2006 4:18:00 PM UTC	1157494680000	31	8	no	22.2	259.6	23392	20809	13330	5899	21	37925	1990	346	138	2831	1508	232
September 5, 2006 4:19:00 PM UTC	1157494740000	35	7	no	22.0	259.8	23392	20809	13330	5899	28	37918	1971	429	135	2839	1623	212
September 5, 2006 4:20:00 PM UTC	1157494800000	39	7	no	21.8	260.0	23392	20809	13330	5897	29	37919	1959	787	107	2842	1568	193
September 5, 2006 4:21:00 PM UTC	1157494860000	43	7	no	21.6	260.1	23392	20809	13330	5867	1	37977	1947	1113	89	2849	1415	230
September 5, 2006 4:22:00 PM UTC	1157494920000	46	6	no	21.4	260.3	23392	20809	13333	5853	0	37989	1931	1330	48	2854	1311	251
September 5, 2006 4:23:00 PM UTC	1157494980000	49	6	no	21.2	260.5	23392	20809	13333	5853	2	37987	1920	1439	34	2854	1270	250
September 5, 2006 4:24:00 PM UTC	1157495040000	52	7	no	21.0	260.7	23392	20809	13333	5853	4	37985	1906	1461	77	2859	1244	302
September 5, 2006 4:25:00 PM UTC	1157495100000	55	8	no	20.8	260.8	23392	20809	13332	5935	11	37897	1878	1442	74	2874	1100	537
September 5, 2006 4:26:00 PM UTC	1157495160000	58	9	no	20.7	261.0	23392	20809	13315	6006	16	37838	1835	1333	152	2865	1019	669
September 5, 2006 4:27:00 PM UTC	1157495220000	60	9	no	20.5	261.2	23392	20809	13331	5936	22	37886	1847	1255	79	2885	844	688
September 5, 2006 4:28:00 PM UTC	1157495280000	63	8	no	20.3	261.3	23392	20809	13331	5936	15	37893	1833	1219	122	2883	720	811
September 5, 2006 4:29:00 PM UTC	1157495340000	66	8	no	20.1	261.5	23392	20809	13333	5859	19	37964	1834	1177	104	2887	785	998
September 5, 2006 4:30:00 PM UTC	1157495400000	68	8	no	19.9	261.7	23392	20809	13336	5849	23	37967	1818	1112	127	2896	830	1019
September 5, 2006 4:31:00 PM UTC	1157495460000	70	8	no	19.7	261.9	23392	20809	13320	5922	28	37905	1775	1092	133	2898	862	1132
September 5, 2006 4:32:00 PM UTC	1157495520000	72	8	no	19.5	262.0	23392	20809	13336	5848	32	37959	1789	1106	153	2911	871	1199
September 5, 2006 4:33:00 PM UTC	1157495580000	74	7	no	19.3	262.2	23392	20809	13322	5913	41	37899	1745	1048	172	2913	902	1228
September 5, 2006 4:34:00 PM UTC	1157495640000	76	8	no	19.1	262.4	23392	20809	13336	5848	65	37926	1751	1145	182	2928	894	1542
September 5, 2006 4:35:00 PM UTC	1157495700000	78	8	no	19.0	262.5	23392	20809	13336	5848	67	37924	1739	1275	128	2931	1014	1421
September 5, 2006 4:36:00 PM UTC	1157495760000	81	7	no	18.8	262.7	23392	20809	13336	5847	79	37913	1721	1390	69	2939	1329	1321
September 5, 2006 4:37:00 PM UTC	1157495820000	83	6	no	18.6	262.9	23392	20809	13336	5847	83	37909	1705	1416	59	2947	1768	957
September 5, 2006 4:38:00 PM UTC	1157495880000	83	6	no	18.4	263.0	23392	20809	13321	5913	79	37862	1668	1392	58	2953	1899	900
September 5, 2006 4:39:00 PM UTC	1157495940000	84	5	no	18.2	263.2	23392	20809	13338	5837	92	37908	1678	1447	29	2961	1949	844
September 5, 2006 4:40:00 PM UTC	1157496000000	84	5	no	18.0	263.4	23392	20809	13322	5907	95	37851	1639	1451	16	2970	2045	732
September 5, 2006 4:41:00 PM UTC	1157496060000	85	5	no	17.8	263.5	23392	20809	13338	5844	104	37889	1648	1506	1	2974	2263	529
September 5, 2006 4:42:00 PM UTC	1157496120000	85	5	no	17.6	263.7	23392	20809	13338	5844	104	37889	1634	1505	1	2984	2362	435
September 5, 2006 4:43:00 PM UTC	1157496180000	84	5	no	17.4	263.9	23392	20809	13320	5968	99	37788	1581	1459	0	2994	2482	375
September 5, 2006 4:44:00 PM UTC	1157496240000	84	6	no	17.2	264.0	23392	20809	13336	5898	109	37832	1592	1455	1	3003	2593	324
September 5, 2006 4:45:00 PM UTC	1157496300000	84	6	no	17.0	264.2	23392	20809	13321	5969	104	37781	1551	1406	1	3012	2688	265
September 5, 2006 4:46:00 PM UTC	1157496360000	83	6	no	16.9	264.4	23392	20809	13337	5893	111	37834	1556	1408	4	3024	2731	253
September 5, 2006 4:47:00 PM UTC	1157496420000	82	6	no	16.7	264.5	23392	20809	13321	5963	107	37784	1520	1369	2	3032	2699	314
September 5, 2006 4:48:00 PM UTC	1157496480000	81	7	no	16.5	264.7	23392	20809	13321	5963	109	37782	1508	1360	2	3037	2720	301
September 5, 2006 4:49:00 PM UTC	1157496540000	80	7	no	16.3	264.9	23392	20809	13338	5893	115	37829	1516	1368	1	3051	2746	305
September 5, 2006 4:50:00 PM UTC	1157496600000	78	8	no	16.1	265.0	23392	20809	13321	5963	110	37781	1475	1348	1	3060	2735	320
September 5, 2006 4:51:00 PM UTC	1157496660000	77	8	yes	15.9	265.2	23392	20809	13337	5893	119	37826	1481	1353	1	3070	2720	347
September 5, 2006 4:52:00 PM UTC	1157496720000	75	9	no	15.7	265.4	23392	20809	13321	5962	114	37778	1443	1325	0	3079	2598	455
September 5, 2006 4:53:00 PM UTC	1157496780000	73	10	no	15.5	265.5	23392	20809	13337	5891	122	37825	1453	1328	0	3090	2562	501
September 5, 2006 4:54:00 PM UTC	1157496840000	71	11	no	15.3	265.7	23392	20809	13339	5815	126	37895	1444	1314	0	3103	2617	444
September 5, 2006 4:55:00 PM UTC	1157496900000	69	11	no	15.1	265.9	23392	20809	13326	5882	119	37848	1403	1282	0	3113	2617	430
September 5, 2006 4:56:00 PM UTC	1157496960000	67	11	no	14.9	266.0	23392	20809	13339	5813	130	37893	1412	1278	0	3123	2583	416
September 5, 2006 4:57:00 PM UTC	1157497020000	65	11	no	14.8	266.2	23392	20809	13323	5882	123	37847	1373	1247	0	3136	2551	527
September 5, 2006 4:58:00 PM UTC	1157497080000	62	11	no	14.6	266.4	23392	20809	13339	5812	130	37894	1378	1243	1	3146	2538	483
September 5, 2006 4:59:00 PM UTC	1157497140000	58	12	no	14.4	266.5	23392	20809	13323	5892	127	37833	1341	1211	2	3160	2525	442
September 5, 2006 5:00:00 PM UTC	1157497200000	55	13	no	14.2	266.7	23392	20809	13323	5892	126	37834	1326	1198	2	3171	2473	472
September 5, 2006 5:01:00 PM UTC	1157497260000	51	13	no	14.0	266.9	23392	20809	13340	5818	132	37885	1333	1201	0	3184	2535	408
September 5, 2006 5:02:00 PM UTC	1157497320000	48	12	no	13.8	267.0	23392	20809	13325	5883	128	37839	1301	1173	0	3194	2610	418
September 5, 2006 5:03:00 PM UTC	1157497380000	47	12	yes	13.6	267.2	23392	20809	13341	5813	134	37887	1307	1173	0	3206	2619	495
September 5, 2006 5:04:00 PM UTC	1157497440000	45	11	yes	13.4	267.3	23392	20809	13322	5945	127	37781	1257	1130	0	3223	2666	454
September 5, 2006 5:05:00 PM UTC	1157497500000	43	12	yes	13.2	267.5	23392	20809	13322	5945	128	37780	1240	1112	0	3240	2712	504
September 5, 2006 5:06:00 PM UTC	1157497560000	41	12	yes	13.0	267.7	23392	20809	13336	5875	135	37829	1247	1112	0	3248	2775	423
September 5, 2006 5:07:00 PM UTC	1157497620000	39	11	yes	12.8	267.8	23392	20809	13321	5946	127	37781	1211	1084	0	3265	2811	378
September 5, 2006 5:08:00 PM UTC	1157497680000	37	10	yes	12.7	268.0	23392	20809	13335	5877	130	37833	1220	1090	0	3277	2858	353
September 5, 2006 5:09:00 PM UTC	1157497740000	34	11	yes	12.5	268.2	23392	20809	13321	5946	125	37783	1180	1055	0	3293	2857	364
September 5, 2006 5:10:00 PM UTC	1157497800000	31	10	yes	12.3	268.3	23392	20809	13321	5946	123	37785	1165	1042	0	3310	2857	378
September 5, 2006 5:11:00 PM UTC	1157497860000	29	9	yes	12.1	268.5	23392	20809	13339	5876	126	37834	1170	1044	0	3325	2910	353
September 5, 2006 5:12:00 PM UTC	1157497920000	27	8	yes	11.9	268.6	23392	20809	13321	5946	120	37788	1132	1012	0	3343	2999	312
September 5, 2006 5:13:00 PM UTC	1157497980000	26	8	yes	11.7	268.8	23392	20809	13339	5877	129	37830	1134	1005	0	3355	3054	275
September 5, 2006 5:14:00 PM UTC	1157498040000	24	8	yes	11.5	269.0	23392	20809	13321	5946	119	37789	1102	983	0	3372	3064	283
September 5, 2006 5:15:00 PM UTC	1157498100000	24	8	yes	11.3	269.1	23392	20809	13321	5946	121	37787	1089	967	1	3387	3117	251
September 5, 2006 5:16:00 PM UTC	1157498160000	23	7	yes	11.1	269.3	23392	20809	13322	5945	118	37790	1071	953	0	3403	3135	245
September 5, 2006 5:17:00 PM UTC	1157498220000	21	7	yes	10.9	269.4	23392	20809	13322	5869	116	37868	1055	939	0	3419	3123	279
September 5, 2006 5:18:00 PM UTC	1157498280000	20	7	yes	10.7	269.6	23392	20809	13340	5799	123	37913	1070	947	0	3434	3158	272
September 5, 2006 5:19:00 PM UTC	1157498340000	19	7	yes	10.5	269.8	23392	20809	13340	5799	119	37917	1051	930	2	3453	3119	322
September 5, 2006 5:20:00 PM UTC	1157498400000	19	6	yes	10.4	269.9	23392	20809	13340	5799	117	37919	1036	918	1	3467	3093	358
September 5, 2006 5:21:00 PM UTC	1157498460000	18	6	yes	10.2	270.1	23392	20809	13322	5944	110	37799	996	886	0	3479	3128	343
September 5, 2006 5:22:00 PM UTC	1157498520000	17	7	yes	10.0	270.2	23392	20809	13322	5944	109	37800	981	872	0	3493	3152	340
September 5, 2006 5:23:00 PM UTC	1157498580000	17	7	yes	9.8	270.4	23392	20809	13340	5791	116	37928	993	877	0	3511	3110	399
September 5, 2006 5:24:00 PM UTC	1157498640000	16	7	yes	9.6	270.6	23392	20809	13322	5861	108	37884	947	839	0	3526	3107	400
September 5, 2006 5:25:00 PM UTC	1157498700000	16	7	yes	9.4	270.7	23392	20809	13340	5875	111	37849	961	850	0	3538	3084	436
September 5, 2006 5:26:00 PM UTC	1157498760000	15	7	yes	9.2	270.9	23392	20809	13321	5946	105	37803	918	813	0	3559	3112	424
September 5, 2006 5:27:00 PM UTC	1157498820000	15	7	yes	9.0	271.0	23392	20809	13321	5946	104	37804	903	799	0	3570	3107	424
September 5, 2006 5:28:00 PM UTC	1157498880000	14	7	yes	8.8	271.2	23392	20809	13339	5877	109	37850	900	790	1	3588	3005	528
September 5, 2006 5:29:00 PM UTC	1157498940000	13	8	yes	8.6	271.4	23392	20809	13321	5946	102	37806	878	774	2	3597	3032	512
September 5, 2006 5:30:00 PM UTC	1157499000000	13	8	yes	8.4	271.5	23392	20809	13339	5876	102	37858	879	777	0	3615	3031	507
September 5, 2006 5:31:00 PM UTC	1157499060000	12	7	yes	8.2	271.7	23392	20809	13321	5946	94	37814	843	747	2	3632	2951	577
September 5, 2006 5:32:00 PM UTC	1157499120000	12	8	yes	8.1	271.8	23392	20809	13321	5946	95	37813	832	736	1	3641	2940	614
September 5, 2006 5:33:00 PM UTC	1157499180000	12	7	yes	7.9	272.0	23392	20809	13335	5877	100	37863	838	736	2	3658	2974	582
September 5, 2006 5:34:00 PM UTC	1157499240000	12	6	yes	7.7	272.2	23392	20809	13321	5946	96	37812	802	706	0	3672	2978	561
September 5, 2006 5:35:00 PM UTC	1157499300000	13	5	yes	7.5	272.3	23392	20809	13336	5875	101	37863	804	703	0	3687	3041	548
September 5, 2006 5:36:00 PM UTC	1157499360000	13	5	yes	7.3	272.5	23392	20809	13322	5945	94	37814	776	682	0	3697	3076	516
September 5, 2006 5:37:00 PM UTC	1157499420000	13	6	yes	7.1	272.6	23392	20809	13322	5945	93	37815	758	665	0	3717	3119	526
September 5, 2006 5:38:00 PM UTC	1157499480000	12	5	yes	6.9	272.8	23392	20809	13338	5896	97	37844	758	661	0	3738	3079	547
September 5, 2006 5:39:00 PM UTC	1157499540000	13	5	yes	6.7	273.0	23392	20809	13325	5887	92	37871	733	641	0	3748	3111	513
September 5, 2006 5:40:00 PM UTC	1157499600000	12	5	yes	6.5	273.1	23392	20809	13340	5820	96	37919	735	639	0	3765	3101	539
September 5, 2006 5:41:00 PM UTC	1157499660000	12	5	yes	6.3	273.3	23392	20809	13323	5892	90	37870	704	614	0	3775	3166	503
September 5, 2006 5:42:00 PM UTC	1157499720000	12	5	yes	6.1	273.4	23392	20809	13323	5892	88	37872	688	600	0	3791	3162	526
September 5, 2006 5:43:00 PM UTC	1157499780000	12	5	yes	6.0	273.6	23392	20809	13339	5811	88	37937	689	601	0	3809	3117	559
September 5, 2006 5:44:00 PM UTC	1157499840000	12	5	yes	5.8	273.8	23392	20809	13323	5880	90	37882	663	573	0	3815	3060	571
September 5, 2006 5:45:00 PM UTC	1157499900000	12	4	yes	5.6	273.9	23392	20809	13339	5810	96	37930	663	567	0	3837	3006	551
September 5, 2006 5:46:00 PM UTC	1157499960000	12	4	yes	5.4	274.1	23392	20809	13326	5878	91	37880	634	543	0	3845	2994	511
September 5, 2006 5:47:00 PM UTC	1157500020000	12	4	yes	5.2	274.2	23392	20809	13326	5878	96	37875	623	527	0	3856	2992	473
September 5, 2006 5:48:00 PM UTC	1157500080000	12	4	no	5.0	274.4	23392	20809	13339	5809	115	37912	623	500	8	3877	2884	445
September 5, 2006 5:49:00 PM UTC	1157500140000	11	4	no	4.8	274.6	23392	20809	13321	5963	112	37779	592	449	12	3879	2603	494
September 5, 2006 5:50:00 PM UTC	1157500200000	10	4	no	4.6	274.7	23392	20809	13337	5893	117	37828	592	390	46	3900	2486	551
September 5, 2006 5:51:00 PM UTC	1157500260000	10	4	no	4.4	274.9	23392	20809	13337	5893	120	37825	577	337	70	3916	2329	597
September 5, 2006 5:52:00 PM UTC	1157500320000	9	4	no	4.2	275.0	23392	20809	13321	5963	126	37765	552	252	61	3919	2320	571
September 5, 2006 5:53:00 PM UTC	1157500380000	10	3	no	4.0	275.2	23392	20809	13338	5893	139	37805	551	298	80	3940	2352	438
September 5, 2006 5:54:00 PM UTC	1157500440000	9	3	no	3.8	275.4	23392	20809	13321	5964	142	37748	525	224	68	3945	2072	607
September 5, 2006 5:55:00 PM UTC	1157500500000	9	4	no	3.7	275.5	23392	20809	13337	5894	159	37785	522	210	78	3968	1787	713
September 5, 2006 5:56:00 PM UTC	1157500560000	8	5	no	3.5	275.7	23392	20809	13337	5894	178	37766	508	194	135	3983	1394	928
September 5, 2006 5:57:00 PM UTC	1157500620000	8	4	no	3.3	275.8	23392	20809	13321	5967	189	37698	484	166	89	3983	1051	816
September 5, 2006 5:58:00 PM UTC	1157500680000	8	4	no	3.1	276.0	23392	20809	13336	5896	208	37735	486	154	27	4004	680	755
