July 4, 2007 5:00:00 AM UTC	1183546800000	17	24	no	4.3	63.5	23392	20809	13330	5886	107	37852	559	78	0	3932	155	164
July 4, 2007 5:01:00 AM UTC	1183546860000	24	27	no	4.4	63.6	23392	20809	13330	5886	57	37902	568	241	0	3924	265	167
July 4, 2007 5:02:00 AM UTC	1183546920000	29	33	no	4.6	63.8	23392	20809	13330	5888	28	37929	585	258	0	3906	380	338
July 4, 2007 5:03:00 AM UTC	1183546980000	34	40	no	4.8	63.9	23392	20809	13334	5931	41	37869	593	216	0	3900	738	404
July 4, 2007 5:04:00 AM UTC	1183547040000	39	42	no	4.9	64.1	23392	20809	13314	6019	42	37800	592	144	0	3874	927	722
July 4, 2007 5:05:00 AM UTC	1183547100000	40	45	no	5.1	64.2	23392	20809	13327	5954	58	37836	615	109	0	3871	1160	450
July 4, 2007 5:06:00 AM UTC	1183547160000	42	44	no	5.3	64.4	23392	20809	13327	5954	63	37831	630	110	0	3856	1171	373
July 4, 2007 5:07:00 AM UTC	1183547220000	51	39	no	5.5	64.5	23392	20809	13314	6020	48	37793	627	137	0	3840	1584	231
July 4, 2007 5:08:00 AM UTC	1183547280000	63	29	no	5.6	64.7	23392	20809	13338	5839	31	37967	659	146	0	3840	1891	223
July 4, 2007 5:09:00 AM UTC	1183547340000	73	21	no	5.8	64.8	23392	20809	13338	5839	32	37966	671	109	0	3827	2082	334
July 4, 2007 5:10:00 AM UTC	1183547400000	85	10	no	6.0	65.0	23392	20809	13322	5903	36	37914	671	90	0	3811	2377	317
July 4, 2007 5:11:00 AM UTC	1183547460000	89	7	no	6.2	65.1	23392	20809	13338	5823	14	38000	701	163	0	3801	2784	221
July 4, 2007 5:12:00 AM UTC	1183547520000	92	5	no	6.3	65.3	23392	20809	13324	5886	25	37940	698	138	0	3785	2918	161
July 4, 2007 5:13:00 AM UTC	1183547580000	95	2	no	6.5	65.4	23392	20809	13324	5886	31	37934	713	140	0	3770	3202	65
July 4, 2007 5:14:00 AM UTC	1183547640000	95	2	no	6.7	65.6	23392	20809	13337	5825	51	37962	738	141	0	3765	3276	21
July 4, 2007 5:15:00 AM UTC	1183547700000	97	1	no	6.8	65.7	23392	20809	13324	5889	21	37941	740	247	0	3746	3424	45
July 4, 2007 5:16:00 AM UTC	1183547760000	97	0	no	7.0	65.9	23392	20809	13324	5889	59	37903	749	120	0	3734	3342	0
July 4, 2007 5:17:00 AM UTC	1183547820000	98	0	no	7.2	66.1	23392	20809	13345	5797	34	37999	785	208	0	3726	3470	0
July 4, 2007 5:18:00 AM UTC	1183547880000	98	0	no	7.4	66.2	23392	20809	13330	5814	50	37981	783	172	0	3712	3514	0
July 4, 2007 5:19:00 AM UTC	1183547940000	98	0	no	7.5	66.4	23392	20809	13330	5814	73	37958	800	249	0	3694	3527	0
July 4, 2007 5:20:00 AM UTC	1183548000000	98	0	no	7.7	66.5	23392	20809	13338	5783	80	37974	823	278	0	3683	3567	0
July 4, 2007 5:21:00 AM UTC	1183548060000	99	0	no	7.9	66.7	23392	20809	13322	5904	83	37866	817	317	0	3664	3531	0
July 4, 2007 5:22:00 AM UTC	1183548120000	99	0	no	8.1	66.8	23392	20809	13328	5881	92	37874	834	336	0	3656	3557	0
July 4, 2007 5:23:00 AM UTC	1183548180000	99	0	no	8.2	67.0	23392	20809	13328	5882	86	37879	847	427	0	3639	3609	0
July 4, 2007 5:24:00 AM UTC	1183548240000	99	0	no	8.4	67.1	23392	20809	13328	5882	97	37868	862	480	0	3628	3598	0
July 4, 2007 5:25:00 AM UTC	1183548300000	99	0	no	8.6	67.3	23392	20809	13328	5882	90	37875	874	519	0	3615	3580	0
July 4, 2007 5:26:00 AM UTC	1183548360000	99	0	no	8.8	67.4	23392	20809	13328	5884	105	37858	889	572	0	3600	3560	0
July 4, 2007 5:27:00 AM UTC	1183548420000	99	0	no	9.0	67.6	23392	20809	13335	5843	104	37893	910	589	0	3589	3533	0
July 4, 2007 5:28:00 AM UTC	1183548480000	99	0	no	9.1	67.7	23392	20809	13335	5843	107	37890	925	606	0	3573	3543	0
July 4, 2007 5:29:00 AM UTC	1183548540000	100	0	no	9.3	67.9	23392	20809	13336	5844	109	37886	936	657	0	3561	3551	0
July 4, 2007 5:30:00 AM UTC	1183548600000	99	0	no	9.5	68.0	23392	20809	13330	5868	108	37869	946	651	0	3545	3507	0
July 4, 2007 5:31:00 AM UTC	1183548660000	99	0	no	9.7	68.1	23392	20809	13330	5868	109	37868	958	640	0	3533	3502	0
July 4, 2007 5:32:00 AM UTC	1183548720000	99	0	no	9.8	68.3	23392	20809	13329	5871	112	37863	974	675	0	3516	3473	0
July 4, 2007 5:33:00 AM UTC	1183548780000	100	0	no	10.0	68.4	23392	20809	13335	5847	112	37881	998	710	0	3499	3494	0
July 4, 2007 5:34:00 AM UTC	1183548840000	100	0	no	10.2	68.6	23392	20809	13321	5913	109	37832	996	714	0	3485	3480	0
July 4, 2007 5:35:00 AM UTC	1183548900000	100	0	no	10.4	68.7	23392	20809	13335	5848	114	37878	1027	735	0	3473	3472	0
July 4, 2007 5:36:00 AM UTC	1183548960000	100	0	no	10.6	68.9	23392	20809	13335	5848	118	37874	1043	749	0	3455	3450	0
July 4, 2007 5:37:00 AM UTC	1183549020000	100	0	no	10.7	69.0	23392	20809	13320	5913	115	37827	1038	792	0	3441	3441	0
July 4, 2007 5:38:00 AM UTC	1183549080000	100	0	no	10.9	69.2	23392	20809	13341	5826	121	37887	1073	850	0	3432	3432	0
July 4, 2007 5:39:00 AM UTC	1183549140000	100	0	no	11.1	69.3	23392	20809	13339	5891	121	37824	1085	893	0	3413	3413	0
July 4, 2007 5:40:00 AM UTC	1183549200000	100	0	no	11.3	69.5	23392	20809	13319	5979	116	37761	1071	954	0	3401	3401	0
July 4, 2007 5:41:00 AM UTC	1183549260000	100	0	no	11.4	69.6	23392	20809	13333	5912	121	37809	1109	988	0	3383	3383	0
July 4, 2007 5:42:00 AM UTC	1183549320000	100	0	no	11.6	69.8	23392	20809	13333	5912	123	37807	1121	998	0	3371	3371	0
July 4, 2007 5:43:00 AM UTC	1183549380000	100	0	no	11.8	69.9	23392	20809	13319	5979	115	37762	1116	1001	0	3358	3358	0
July 4, 2007 5:44:00 AM UTC	1183549440000	100	0	no	12.0	70.1	23392	20809	13338	5882	128	37827	1162	1030	0	3339	3339	0
July 4, 2007 5:45:00 AM UTC	1183549500000	100	0	no	12.2	70.2	23392	20809	13325	5948	120	37782	1152	1032	0	3326	3326	0
July 4, 2007 5:46:00 AM UTC	1183549560000	100	0	no	12.3	70.4	23392	20809	13325	5948	125	37777	1169	1044	0	3309	3309	0
July 4, 2007 5:47:00 AM UTC	1183549620000	100	0	no	12.5	70.5	23392	20809	13342	5882	133	37818	1197	1053	0	3301	3301	0
July 4, 2007 5:48:00 AM UTC	1183549680000	100	0	no	12.7	70.7	23392	20809	13325	5948	130	37772	1195	1052	0	3285	3285	0
July 4, 2007 5:49:00 AM UTC	1183549740000	100	0	no	12.9	70.8	23392	20809	13331	5926	129	37789	1220	1062	0	3270	3270	0
July 4, 2007 5:50:00 AM UTC	1183549800000	100	0	no	13.1	71.0	23392	20809	13343	5859	130	37843	1257	1097	0	3252	3252	0
July 4, 2007 5:51:00 AM UTC	1183549860000	100	0	no	13.3	71.1	23392	20809	13326	5950	113	37786	1246	1028	0	3236	3236	0
July 4, 2007 5:52:00 AM UTC	1183549920000	100	0	no	13.4	71.2	23392	20809	13326	5950	120	37779	1260	1014	0	3225	3225	0
July 4, 2007 5:53:00 AM UTC	1183549980000	100	0	no	13.6	71.4	23392	20809	13343	5883	119	37830	1294	998	0	3213	3213	0
July 4, 2007 5:54:00 AM UTC	1183550040000	99	0	no	13.8	71.5	23392	20809	13328	5826	99	37922	1298	994	0	3203	3203	0
July 4, 2007 5:55:00 AM UTC	1183550100000	100	0	no	14.0	71.7	23392	20809	13333	5805	87	37950	1321	1045	0	3194	3194	0
July 4, 2007 5:56:00 AM UTC	1183550160000	99	0	no	14.2	71.8	23392	20809	13333	5806	84	37952	1333	986	0	3184	3184	0
July 4, 2007 5:57:00 AM UTC	1183550220000	99	0	no	14.3	72.0	23392	20809	13330	5877	64	37904	1342	1009	0	3169	3169	0
July 4, 2007 5:58:00 AM UTC	1183550280000	99	0	no	14.5	72.1	23392	20809	13330	5877	25	37943	1353	1082	0	3160	3160	0
July 4, 2007 5:59:00 AM UTC	1183550340000	99	0	no	14.7	72.3	23392	20809	13330	5878	3	37964	1371	1133	0	3145	3145	0
July 4, 2007 6:00:00 AM UTC	1183550400000	100	0	no	14.9	72.4	23392	20809	13330	5878	1	37966	1389	1230	0	3133	3133	0
July 4, 2007 6:01:00 AM UTC	1183550460000	100	0	no	15.1	72.6	23392	20809	13330	5878	0	37967	1405	1347	0	3124	3124	0
July 4, 2007 6:02:00 AM UTC	1183550520000	100	0	no	15.3	72.7	23392	20809	13335	5848	0	37992	1430	1358	0	3110	3110	0
July 4, 2007 6:03:00 AM UTC	1183550580000	100	0	no	15.4	72.8	23392	20809	13335	5848	0	37992	1444	1364	0	3101	3101	0
July 4, 2007 6:04:00 AM UTC	1183550640000	100	0	no	15.6	73.0	23392	20809	13335	5848	0	37992	1459	1345	0	3088	3088	0
July 4, 2007 6:05:00 AM UTC	1183550700000	100	0	no	15.8	73.1	23392	20809	13331	5868	0	37976	1464	1327	0	3078	3078	0
July 4, 2007 6:06:00 AM UTC	1183550760000	100	0	no	16.0	73.3	23392	20809	13331	5868	0	37976	1480	1374	0	3069	3069	0
July 4, 2007 6:07:00 AM UTC	1183550820000	100	0	no	16.2	73.4	23392	20809	13317	5934	4	37920	1473	1286	0	3063	3063	0
July 4, 2007 6:08:00 AM UTC	1183550880000	99	0	no	16.3	73.6	23392	20809	13336	5850	19	37970	1523	1282	0	3050	3050	0
July 4, 2007 6:09:00 AM UTC	1183550940000	99	0	no	16.5	73.7	23392	20809	13336	5850	37	37952	1538	1309	0	3041	3041	0
July 4, 2007 6:10:00 AM UTC	1183551000000	99	0	no	16.7	73.9	23392	20809	13322	5917	61	37875	1527	1255	0	3031	3031	0
July 4, 2007 6:11:00 AM UTC	1183551060000	99	0	no	16.9	74.0	23392	20809	13337	5850	103	37885	1567	1251	0	3021	3021	0
July 4, 2007 6:12:00 AM UTC	1183551120000	100	0	no	17.1	74.2	23392	20809	13337	5850	99	37889	1578	1330	0	3015	3014	0
July 4, 2007 6:13:00 AM UTC	1183551180000	100	0	no	17.3	74.3	23392	20809	13321	5920	102	37832	1571	1327	0	3004	3004	0
July 4, 2007 6:14:00 AM UTC	1183551240000	100	0	no	17.5	74.4	23392	20809	13336	5851	108	37880	1611	1360	0	2999	2999	0
July 4, 2007 6:15:00 AM UTC	1183551300000	100	0	no	17.6	74.6	23392	20809	13341	5833	107	37894	1642	1472	0	2986	2986	0
July 4, 2007 6:16:00 AM UTC	1183551360000	100	0	no	17.8	74.7	23392	20809	13326	5900	95	37854	1626	1480	0	2982	2982	0
July 4, 2007 6:17:00 AM UTC	1183551420000	100	0	no	18.0	74.9	23392	20809	13338	5903	79	37855	1657	1444	0	2973	2973	0
July 4, 2007 6:18:00 AM UTC	1183551480000	100	0	no	18.2	75.0	23392	20809	13322	5971	52	37830	1644	1483	0	2966	2966	0
July 4, 2007 6:19:00 AM UTC	1183551540000	100	0	no	18.4	75.2	23392	20809	13322	5971	50	37832	1658	1475	0	2958	2958	0
July 4, 2007 6:20:00 AM UTC	1183551600000	100	0	no	18.6	75.3	23392	20809	13336	5898	61	37880	1702	1475	0	2948	2948	0
July 4, 2007 6:21:00 AM UTC	1183551660000	100	0	no	18.7	75.5	23392	20809	13322	5969	44	37840	1696	1471	0	2944	2944	0
July 4, 2007 6:22:00 AM UTC	1183551720000	99	0	no	18.9	75.6	23392	20809	13322	5969	53	37831	1711	1461	0	2935	2935	0
July 4, 2007 6:23:00 AM UTC	1183551780000	99	0	no	19.1	75.7	23392	20809	13338	5902	65	37870	1749	1440	0	2929	2929	0
July 4, 2007 6:24:00 AM UTC	1183551840000	99	0	no	19.3	75.9	23392	20809	13322	5969	53	37831	1741	1430	0	2919	2919	0
July 4, 2007 6:25:00 AM UTC	1183551900000	99	0	no	19.5	76.0	23392	20809	13323	5934	42	37876	1754	1508	0	2916	2916	0
July 4, 2007 6:26:00 AM UTC	1183551960000	99	0	no	19.7	76.2	23392	20809	13338	5867	45	37925	1805	1484	0	2905	2905	0
July 4, 2007 6:27:00 AM UTC	1183552020000	99	0	no	19.9	76.3	23392	20809	13324	5935	36	37880	1790	1475	0	2901	2901	0
July 4, 2007 6:28:00 AM UTC	1183552080000	99	0	no	20.0	76.5	23392	20809	13324	5935	29	37887	1801	1463	0	2898	2898	0
July 4, 2007 6:29:00 AM UTC	1183552140000	99	0	no	20.2	76.6	23392	20809	13343	5852	24	37956	1851	1579	0	2890	2890	0
July 4, 2007 6:30:00 AM UTC	1183552200000	99	0	no	20.4	76.8	23392	20809	13328	5921	12	37914	1836	1562	0	2883	2883	0
July 4, 2007 6:31:00 AM UTC	1183552260000	99	0	no	20.6	76.9	23392	20809	13345	5770	14	38046	1893	1531	0	2878	2877	1
July 4, 2007 6:32:00 AM UTC	1183552320000	99	0	no	20.8	77.0	23392	20809	13329	5844	9	37993	1879	1538	0	2873	2873	0
July 4, 2007 6:33:00 AM UTC	1183552380000	99	0	no	21.0	77.2	23392	20809	13329	5844	10	37992	1903	1494	0	2864	2864	0
July 4, 2007 6:34:00 AM UTC	1183552440000	99	0	no	21.2	77.3	23392	20809	13345	5771	23	38036	1943	1423	5	2860	2860	0
July 4, 2007 6:35:00 AM UTC	1183552500000	99	0	no	21.3	77.5	23392	20809	13330	5839	8	37998	1923	1590	0	2858	2858	0
July 4, 2007 6:36:00 AM UTC	1183552560000	100	0	no	21.5	77.6	23392	20809	13330	5839	0	38006	1941	1855	0	2852	2852	0
July 4, 2007 6:37:00 AM UTC	1183552620000	100	0	no	21.7	77.8	23392	20809	13347	5827	0	38001	1979	1932	0	2845	2845	0
July 4, 2007 6:38:00 AM UTC	1183552680000	100	0	no	21.9	77.9	23392	20809	13331	5896	0	37948	1971	1967	0	2838	2838	0
July 4, 2007 6:39:00 AM UTC	1183552740000	100	0	no	22.1	78.1	23392	20809	13331	5896	0	37948	1981	1979	0	2836	2836	0
July 4, 2007 6:40:00 AM UTC	1183552800000	100	0	no	22.3	78.2	23392	20809	13330	5898	0	37947	1994	1988	0	2835	2835	0
July 4, 2007 6:41:00 AM UTC	1183552860000	100	0	no	22.5	78.3	23392	20809	13330	5898	0	37947	2010	2005	0	2828	2828	0
July 4, 2007 6:42:00 AM UTC	1183552920000	100	0	no	22.7	78.5	23392	20809	13330	5898	0	37947	2028	2025	0	2822	2822	0
July 4, 2007 6:43:00 AM UTC	1183552980000	100	0	no	22.8	78.6	23392	20809	13330	5899	0	37946	2044	2038	0	2821	2821	0
July 4, 2007 6:44:00 AM UTC	1183553040000	100	0	no	23.0	78.8	23392	20809	13330	5899	0	37946	2057	2042	0	2815	2815	0
July 4, 2007 6:45:00 AM UTC	1183553100000	100	0	no	23.2	78.9	23392	20809	13333	5886	0	37956	2078	2065	0	2811	2811	0
July 4, 2007 6:46:00 AM UTC	1183553160000	100	0	no	23.4	79.1	23392	20809	13333	5888	0	37954	2088	2081	0	2811	2811	0
July 4, 2007 6:47:00 AM UTC	1183553220000	100	0	no	23.6	79.2	23392	20809	13333	5888	0	37954	2105	2104	0	2805	2805	0
July 4, 2007 6:48:00 AM UTC	1183553280000	100	0	no	23.8	79.4	23392	20809	13330	5900	0	37945	2113	2098	0	2802	2802	0
July 4, 2007 6:49:00 AM UTC	1183553340000	100	0	no	24.0	79.5	23392	20809	13330	5901	0	37944	2132	2126	0	2798	2798	0
July 4, 2007 6:50:00 AM UTC	1183553400000	100	0	no	24.2	79.7	23392	20809	13330	5901	0	37944	2144	2136	0	2796	2796	0
July 4, 2007 6:51:00 AM UTC	1183553460000	100	0	no	24.3	79.8	23392	20809	13315	5968	0	37892	2127	2124	0	2795	2795	0
July 4, 2007 6:52:00 AM UTC	1183553520000	100	0	no	24.5	79.9	23392	20809	13330	5902	0	37943	2176	2175	0	2789	2789	0
July 4, 2007 6:53:00 AM UTC	1183553580000	100	0	no	24.7	80.1	23392	20809	13330	5871	0	37974	2195	2175	0	2788	2788	0
July 4, 2007 6:54:00 AM UTC	1183553640000	100	0	no	24.9	80.2	23392	20809	13333	5862	0	37980	2211	2178	0	2779	2779	0
July 4, 2007 6:55:00 AM UTC	1183553700000	100	0	no	25.1	80.4	23392	20809	13333	5862	0	37980	2222	2200	0	2789	2789	0
July 4, 2007 6:56:00 AM UTC	1183553760000	100	0	no	25.3	80.5	23392	20809	13333	5862	0	37980	2243	2165	0	2778	2778	0
July 4, 2007 6:57:00 AM UTC	1183553820000	100	0	no	25.5	80.7	23392	20809	13334	5866	0	37975	2254	2106	0	2780	2780	0
July 4, 2007 6:58:00 AM UTC	1183553880000	99	0	no	25.7	80.8	23392	20809	13332	5939	0	37904	2255	1947	0	2784	2784	0
July 4, 2007 6:59:00 AM UTC	1183553940000	99	0	no	25.9	81.0	23392	20809	13332	5939	0	37904	2271	1894	0	2769	2769	0
July 4, 2007 7:00:00 AM UTC	1183554000000	99	0	no	26.0	81.1	23392	20809	13331	5941	0	37903	2280	1877	0	2770	2770	0
July 4, 2007 7:01:00 AM UTC	1183554060000	99	0	no	26.2	81.3	23392	20809	13331	5941	0	37903	2299	2023	0	2774	2774	0
July 4, 2007 7:02:00 AM UTC	1183554120000	99	0	no	26.4	81.4	23392	20809	13315	6011	0	37849	2274	2054	0	2769	2769	0
July 4, 2007 7:03:00 AM UTC	1183554180000	100	0	no	26.6	81.6	23392	20809	13333	5855	0	37987	2340	2230	0	2778	2778	0
July 4, 2007 7:04:00 AM UTC	1183554240000	100	0	no	26.8	81.7	23392	20809	13336	5845	0	37994	2357	2272	0	2771	2771	0
July 4, 2007 7:05:00 AM UTC	1183554300000	100	0	no	27.0	81.8	23392	20809	13322	5909	0	37944	2344	2289	0	2765	2765	0
July 4, 2007 7:06:00 AM UTC	1183554360000	100	0	no	27.2	82.0	23392	20809	13336	5846	0	37993	2383	2322	0	2776	2776	0
July 4, 2007 7:07:00 AM UTC	1183554420000	100	0	no	27.4	82.1	23392	20809	13336	5846	0	37993	2397	2342	0	2772	2772	0
July 4, 2007 7:08:00 AM UTC	1183554480000	100	0	no	27.6	82.3	23392	20809	13336	5847	0	37992	2416	2393	0	2769	2769	0
July 4, 2007 7:09:00 AM UTC	1183554540000	100	0	no	27.8	82.4	23392	20809	13336	5847	0	37992	2428	2405	0	2770	2770	0
July 4, 2007 7:10:00 AM UTC	1183554600000	100	0	no	27.9	82.6	23392	20809	13320	5916	0	37939	2405	2367	0	2774	2774	0
July 4, 2007 7:11:00 AM UTC	1183554660000	100	0	no	28.1	82.7	23392	20809	13336	5848	0	37991	2450	2393	0	2773	2773	0
July 4, 2007 7:12:00 AM UTC	1183554720000	100	0	no	28.3	82.9	23392	20809	13336	5848	0	37991	2464	2424	0	2774	2774	0
July 4, 2007 7:13:00 AM UTC	1183554780000	100	0	no	28.5	83.0	23392	20809	13321	5919	0	37935	2439	2393	0	2775	2775	0
July 4, 2007 7:14:00 AM UTC	1183554840000	100	0	no	28.7	83.2	23392	20809	13338	5840	0	37997	2499	2457	0	2769	2769	0
July 4, 2007 7:15:00 AM UTC	1183554900000	100	0	no	28.9	83.3	23392	20809	13338	5840	0	37997	2512	2462	1	2774	2774	0
July 4, 2007 7:16:00 AM UTC	1183554960000	100	0	no	29.1	83.5	23392	20809	13322	5909	0	37944	2484	2460	0	2782	2782	0
July 4, 2007 7:17:00 AM UTC	1183555020000	100	0	no	29.3	83.6	23392	20809	13338	5849	0	37988	2537	2520	0	2779	2779	0
July 4, 2007 7:18:00 AM UTC	1183555080000	100	0	no	29.5	83.8	23392	20809	13323	5894	0	37958	2516	2474	2	2781	2781	0
July 4, 2007 7:19:00 AM UTC	1183555140000	100	0	no	29.7	83.9	23392	20809	13336	5898	0	37941	2545	2513	0	2783	2783	0
July 4, 2007 7:20:00 AM UTC	1183555200000	100	0	no	29.8	84.1	23392	20809	13336	5898	0	37941	2553	2522	0	2786	2786	0
July 4, 2007 7:21:00 AM UTC	1183555260000	100	0	no	30.0	84.2	23392	20809	13321	5968	0	37886	2530	2492	0	2786	2786	0
July 4, 2007 7:22:00 AM UTC	1183555320000	100	0	no	30.2	84.4	23392	20809	13336	5906	0	37933	2571	2533	0	2791	2791	0
July 4, 2007 7:23:00 AM UTC	1183555380000	100	0	no	30.4	84.5	23392	20809	13336	5906	0	37933	2586	2533	0	2793	2793	0
July 4, 2007 7:24:00 AM UTC	1183555440000	100	0	no	30.6	84.7	23392	20809	13320	5977	0	37878	2563	2522	2	2798	2798	0
July 4, 2007 7:25:00 AM UTC	1183555500000	100	0	no	30.8	84.8	23392	20809	13338	5895	0	37942	2617	2586	2	2797	2797	0
July 4, 2007 7:26:00 AM UTC	1183555560000	100	0	no	31.0	85.0	23392	20809	13321	5964	0	37890	2592	2564	11	2802	2802	0
July 4, 2007 7:27:00 AM UTC	1183555620000	100	0	no	31.2	85.1	23392	20809	13337	5893	0	37945	2636	2625	2	2807	2807	0
July 4, 2007 7:28:00 AM UTC	1183555680000	100	0	no	31.4	85.3	23392	20809	13337	5893	0	37945	2653	2609	2	2808	2808	0
July 4, 2007 7:29:00 AM UTC	1183555740000	100	0	no	31.6	85.4	23392	20809	13321	5964	0	37890	2623	2595	0	2814	2814	0
July 4, 2007 7:30:00 AM UTC	1183555800000	100	0	no	31.7	85.6	23392	20809	13339	5810	0	38026	2688	2657	1	2820	2820	0
July 4, 2007 7:31:00 AM UTC	1183555860000	100	0	no	31.9	85.7	23392	20809	13326	5880	0	37969	2662	2643	0	2820	2820	0
July 4, 2007 7:32:00 AM UTC	1183555920000	100	0	no	32.1	85.9	23392	20809	13326	5880	0	37969	2678	2655	0	2824	2824	0
July 4, 2007 7:33:00 AM UTC	1183555980000	100	0	no	32.3	86.0	23392	20809	13339	5812	0	38024	2724	2700	0	2833	2833	0
July 4, 2007 7:34:00 AM UTC	1183556040000	100	0	no	32.5	86.2	23392	20809	13323	5881	0	37971	2691	2655	0	2839	2839	0
July 4, 2007 7:35:00 AM UTC	1183556100000	100	0	no	32.7	86.3	23392	20809	13339	5813	0	38023	2745	2688	0	2838	2838	0
July 4, 2007 7:36:00 AM UTC	1183556160000	100	0	no	32.9	86.5	23392	20809	13339	5826	0	38010	2754	2690	0	2846	2846	0
July 4, 2007 7:37:00 AM UTC	1183556220000	100	0	no	33.1	86.6	23392	20809	13323	5896	0	37956	2727	2646	0	2854	2854	0
July 4, 2007 7:38:00 AM UTC	1183556280000	100	0	no	33.3	86.8	23392	20809	13340	5823	0	38012	2773	2730	0	2858	2858	0
July 4, 2007 7:39:00 AM UTC	1183556340000	100	0	no	33.5	87.0	23392	20809	13324	5893	0	37958	2749	2690	0	2863	2863	0
July 4, 2007 7:40:00 AM UTC	1183556400000	100	0	no	33.7	87.1	23392	20809	13325	5889	0	37961	2756	2691	0	2868	2868	0
July 4, 2007 7:41:00 AM UTC	1183556460000	100	0	no	33.8	87.3	23392	20809	13338	5875	0	37962	2783	2758	0	2877	2877	0
July 4, 2007 7:42:00 AM UTC	1183556520000	100	0	no	34.0	87.4	23392	20809	13322	5946	0	37907	2752	2752	0	2884	2884	0
July 4, 2007 7:43:00 AM UTC	1183556580000	100	0	no	34.2	87.6	23392	20809	13336	5877	0	37962	2797	2797	0	2897	2897	0
July 4, 2007 7:44:00 AM UTC	1183556640000	100	0	no	34.4	87.7	23392	20809	13321	5947	0	37907	2768	2768	0	2902	2902	0
July 4, 2007 7:45:00 AM UTC	1183556700000	100	0	no	34.6	87.9	23392	20809	13321	5947	0	37907	2778	2778	0	2907	2907	0
July 4, 2007 7:46:00 AM UTC	1183556760000	100	0	no	34.8	88.0	23392	20809	13335	5877	0	37963	2824	2824	0	2913	2913	0
July 4, 2007 7:47:00 AM UTC	1183556820000	100	0	no	35.0	88.2	23392	20809	13321	5947	0	37907	2789	2789	0	2923	2923	0
July 4, 2007 7:48:00 AM UTC	1183556880000	100	0	no	35.2	88.4	23392	20809	13339	5878	0	37958	2835	2824	11	2933	2933	0
July 4, 2007 7:49:00 AM UTC	1183556940000	100	0	no	35.4	88.5	23392	20809	13321	5947	0	37907	2805	2776	29	2937	2937	0
July 4, 2007 7:50:00 AM UTC	1183557000000	100	0	no	35.6	88.7	23392	20809	13321	5947	0	37907	2810	2762	48	2948	2948	0
July 4, 2007 7:51:00 AM UTC	1183557060000	100	0	no	35.8	88.8	23392	20809	13339	5877	0	37959	2854	2725	129	2958	2958	0
July 4, 2007 7:52:00 AM UTC	1183557120000	100	0	no	35.9	89.0	23392	20809	13321	5947	0	37907	2823	2727	77	2970	2970	0
July 4, 2007 7:53:00 AM UTC	1183557180000	100	0	no	36.1	89.1	23392	20809	13340	5877	0	37958	2867	2802	37	2976	2976	0
July 4, 2007 7:54:00 AM UTC	1183557240000	100	0	no	36.3	89.3	23392	20809	13322	5945	0	37908	2831	2814	14	2988	2988	0
July 4, 2007 7:55:00 AM UTC	1183557300000	100	0	no	36.5	89.5	23392	20809	13322	5862	0	37991	2857	2848	6	2997	2997	0
July 4, 2007 7:56:00 AM UTC	1183557360000	100	0	no	36.7	89.6	23392	20809	13340	5825	0	38010	2904	2900	4	3013	3013	0
July 4, 2007 7:57:00 AM UTC	1183557420000	100	0	no	36.9	89.8	23392	20809	13322	5979	0	37874	2845	2845	0	3022	3022	0
July 4, 2007 7:58:00 AM UTC	1183557480000	100	0	no	37.1	89.9	23392	20809	13340	5833	0	38002	2907	2823	84	3040	3040	0
July 4, 2007 7:59:00 AM UTC	1183557540000	100	0	no	37.3	90.1	23392	20809	13340	5833	0	38002	2921	2744	177	3045	3045	0
July 4, 2007 8:00:00 AM UTC	1183557600000	100	0	no	37.5	90.3	23392	20809	13340	5833	0	38002	2921	2840	61	3058	3058	0
July 4, 2007 8:01:00 AM UTC	1183557660000	100	0	no	37.7	90.4	23392	20809	13340	5833	0	38002	2928	2783	109	3069	3069	0
July 4, 2007 8:02:00 AM UTC	1183557720000	100	0	no	37.9	90.6	23392	20809	13322	5870	0	37983	2874	2816	57	3089	3089	0
July 4, 2007 8:03:00 AM UTC	1183557780000	100	0	no	38.1	90.8	23392	20809	13340	5876	0	37959	2897	2841	40	3104	3104	0
July 4, 2007 8:04:00 AM UTC	1183557840000	100	0	no	38.2	90.9	23392	20809	13321	5947	0	37907	2865	2814	33	3110	3110	0
July 4, 2007 8:05:00 AM UTC	1183557900000	100	0	no	38.4	91.1	23392	20809	13321	5947	0	37907	2864	2837	17	3127	3127	0
July 4, 2007 8:06:00 AM UTC	1183557960000	100	0	no	38.6	91.2	23392	20809	13339	5877	0	37959	2898	2868	22	3145	3145	0
July 4, 2007 8:07:00 AM UTC	1183558020000	100	0	no	38.8	91.4	23392	20809	13321	5947	0	37907	2858	2855	0	3163	3163	0
July 4, 2007 8:08:00 AM UTC	1183558080000	100	0	no	39.0	91.6	23392	20809	13339	5878	0	37958	2903	2903	0	3180	3180	0
July 4, 2007 8:09:00 AM UTC	1183558140000	100	0	no	39.2	91.7	23392	20809	13321	5947	0	37907	2858	2857	0	3195	3195	0
July 4, 2007 8:10:00 AM UTC	1183558200000	100	0	no	39.4	91.9	23392	20809	13321	5947	0	37907	2862	2858	0	3208	3208	0
July 4, 2007 8:11:00 AM UTC	1183558260000	100	0	no	39.6	92.1	23392	20809	13321	5947	0	37907	2860	2856	0	3226	3226	0
July 4, 2007 8:12:00 AM UTC	1183558320000	100	0	no	39.8	92.2	23392	20809	13321	5947	0	37907	2858	2853	0	3243	3243	0
July 4, 2007 8:13:00 AM UTC	1183558380000	100	0	no	40.0	92.4	23392	20809	13336	5877	0	37962	2897	2887	0	3265	3265	0
July 4, 2007 8:14:00 AM UTC	1183558440000	100	0	no	40.2	92.6	23392	20809	13322	5946	0	37907	2852	2843	0	3276	3276	0
July 4, 2007 8:15:00 AM UTC	1183558500000	100	0	no	40.3	92.7	23392	20809	13338	5875	0	37962	2900	2900	0	3290	3290	0
July 4, 2007 8:16:00 AM UTC	1183558560000	100	0	no	40.5	92.9	23392	20809	13325	5884	0	37966	2884	2884	0	3308	3308	0
July 4, 2007 8:17:00 AM UTC	1183558620000	100	0	no	40.7	93.1	23392	20809	13324	5888	0	37963	2880	2880	0	3327	3327	0
July 4, 2007 8:18:00 AM UTC	1183558680000	100	0	no	40.9	93.3	23392	20809	13339	5823	0	38013	2912	2912	0	3347	3347	0
July 4, 2007 8:19:00 AM UTC	1183558740000	100	0	no	41.1	93.4	23392	20809	13323	5894	0	37958	2868	2868	0	3365	3365	0
July 4, 2007 8:20:00 AM UTC	1183558800000	100	0	no	41.3	93.6	23392	20809	13339	5812	0	38024	2910	2910	0	3375	3375	0
July 4, 2007 8:21:00 AM UTC	1183558860000	100	0	no	41.5	93.8	23392	20809	13323	5881	0	37971	2874	2873	1	3391	3391	0
July 4, 2007 8:22:00 AM UTC	1183558920000	100	0	no	41.7	93.9	23392	20809	13339	5813	0	38023	2909	2909	0	3408	3408	0
July 4, 2007 8:23:00 AM UTC	1183558980000	100	0	no	41.9	94.1	23392	20809	13326	5883	0	37966	2869	2869	0	3421	3421	0
July 4, 2007 8:24:00 AM UTC	1183559040000	100	0	no	42.1	94.3	23392	20809	13326	5883	0	37966	2870	2870	0	3439	3439	0
July 4, 2007 8:25:00 AM UTC	1183559100000	100	0	no	42.3	94.5	23392	20809	13339	5815	0	38021	2910	2910	0	3461	3461	0
July 4, 2007 8:26:00 AM UTC	1183559160000	100	0	no	42.4	94.6	23392	20809	13321	5962	0	37892	2840	2840	0	3468	3468	0
July 4, 2007 8:27:00 AM UTC	1183559220000	100	0	no	42.6	94.8	23392	20809	13337	5892	0	37946	2875	2875	0	3490	3490	0
July 4, 2007 8:28:00 AM UTC	1183559280000	100	0	no	42.8	95.0	23392	20809	13321	5963	0	37891	2838	2838	0	3502	3502	0
July 4, 2007 8:29:00 AM UTC	1183559340000	100	0	no	43.0	95.2	23392	20809	13338	5894	0	37943	2880	2880	0	3519	3519	0
July 4, 2007 8:30:00 AM UTC	1183559400000	100	0	no	43.2	95.3	23392	20809	13320	5975	0	37880	2831	2831	0	3531	3531	0
July 4, 2007 8:31:00 AM UTC	1183559460000	100	0	no	43.4	95.5	23392	20809	13336	5905	0	37934	2861	2861	0	3553	3553	0
July 4, 2007 8:32:00 AM UTC	1183559520000	100	0	no	43.6	95.7	23392	20809	13321	5969	0	37885	2828	2828	0	3568	3568	0
July 4, 2007 8:33:00 AM UTC	1183559580000	100	0	no	43.8	95.9	23392	20809	13336	5899	0	37940	2869	2869	0	3587	3587	0
July 4, 2007 8:34:00 AM UTC	1183559640000	100	0	no	44.0	96.1	23392	20809	13336	5899	0	37940	2868	2868	0	3602	3602	0
July 4, 2007 8:35:00 AM UTC	1183559700000	100	0	no	44.2	96.2	23392	20809	13323	5889	0	37963	2856	2856	0	3614	3614	0
July 4, 2007 8:36:00 AM UTC	1183559760000	100	0	no	44.4	96.4	23392	20809	13338	5845	0	37992	2890	2890	0	3634	3634	0
July 4, 2007 8:37:00 AM UTC	1183559820000	100	0	no	44.5	96.6	23392	20809	13322	5906	0	37947	2850	2850	0	3645	3645	0
July 4, 2007 8:38:00 AM UTC	1183559880000	100	0	no	44.7	96.8	23392	20809	13338	5837	0	38000	2890	2890	0	3667	3667	0
July 4, 2007 8:39:00 AM UTC	1183559940000	100	0	no	44.9	97.0	23392	20809	13321	5917	0	37937	2842	2842	0	3677	3677	0
July 4, 2007 8:40:00 AM UTC	1183560000000	100	0	no	45.1	97.1	23392	20809	13336	5847	0	37992	2877	2877	0	3699	3699	0
July 4, 2007 8:41:00 AM UTC	1183560060000	100	0	no	45.3	97.3	23392	20809	13320	5916	0	37939	2845	2845	0	3706	3706	0
July 4, 2007 8:42:00 AM UTC	1183560120000	100	0	no	45.5	97.5	23392	20809	13336	5848	0	37991	2879	2879	0	3730	3730	0
July 4, 2007 8:43:00 AM UTC	1183560180000	100	0	no	45.7	97.7	23392	20809	13336	5848	0	37991	2877	2877	0	3745	3741	4
July 4, 2007 8:44:00 AM UTC	1183560240000	100	0	no	45.9	97.9	23392	20809	13336	5849	0	37990	2873	2868	5	3760	3724	36
July 4, 2007 8:45:00 AM UTC	1183560300000	100	0	no	46.1	98.1	23392	20809	13336	5849	0	37990	2872	2872	0	3779	3771	8
July 4, 2007 8:46:00 AM UTC	1183560360000	100	0	no	46.2	98.3	23392	20809	13336	5849	0	37990	2873	2873	0	3796	3796	0
July 4, 2007 8:47:00 AM UTC	1183560420000	100	0	no	46.4	98.5	23392	20809	13333	5859	0	37983	2871	2871	0	3812	3812	0
July 4, 2007 8:48:00 AM UTC	1183560480000	100	0	no	46.6	98.7	23392	20809	13331	5939	0	37905	2834	2834	0	3818	3818	0
July 4, 2007 8:49:00 AM UTC	1183560540000	100	0	no	46.8	98.8	23392	20809	13331	5939	0	37905	2831	2831	0	3842	3842	0
July 4, 2007 8:50:00 AM UTC	1183560600000	100	0	no	47.0	99.0	23392	20809	13332	5939	0	37904	2828	2828	0	3846	3846	0
July 4, 2007 8:51:00 AM UTC	1183560660000	100	0	no	47.2	99.2	23392	20809	13332	5939	0	37904	2838	2838	0	3867	3867	0
July 4, 2007 8:52:00 AM UTC	1183560720000	100	0	no	47.4	99.4	23392	20809	13333	5855	0	37987	2860	2860	0	3881	3881	0
July 4, 2007 8:53:00 AM UTC	1183560780000	100	0	no	47.6	99.6	23392	20809	13333	5855	0	37987	2851	2850	1	3904	3904	0
July 4, 2007 8:54:00 AM UTC	1183560840000	100	0	no	47.8	99.8	23392	20809	13315	5936	0	37924	2811	2811	0	3902	3901	1
July 4, 2007 8:55:00 AM UTC	1183560900000	100	0	no	47.9	100.0	23392	20809	13330	5897	0	37948	2846	2846	0	3924	3924	0
July 4, 2007 8:56:00 AM UTC	1183560960000	100	0	no	48.1	100.2	23392	20809	13315	5965	0	37895	2805	2805	0	3929	3929	0
July 4, 2007 8:57:00 AM UTC	1183561020000	100	0	no	48.3	100.4	23392	20809	13330	5898	0	37947	2840	2840	0	3953	3953	0
July 4, 2007 8:58:00 AM UTC	1183561080000	100	0	no	48.5	100.6	23392	20809	13330	5899	0	37946	2836	2836	0	3969	3969	0
July 4, 2007 8:59:00 AM UTC	1183561140000	99	1	no	48.7	100.8	23392	20809	13333	5887	0	37955	2847	2847	0	3984	3984	0
July 4, 2007 9:00:00 AM UTC	1183561200000	98	2	no	48.9	101.0	23392	20809	13333	5887	0	37955	2843	2843	0	4001	4001	0
July 4, 2007 9:01:00 AM UTC	1183561260000	98	2	no	49.1	101.2	23392	20809	13330	5900	0	37945	2842	2842	0	4013	4013	0
July 4, 2007 9:02:00 AM UTC	1183561320000	98	2	yes	49.3	101.4	23392	20809	13346	5831	0	37998	2879	2879	0	4033	4033	0
July 4, 2007 9:03:00 AM UTC	1183561380000	99	1	yes	49.5	101.6	23392	20809	13330	5900	0	37945	2833	2833	0	4038	4038	0
July 4, 2007 9:04:00 AM UTC	1183561440000	98	2	no	49.6	101.8	23392	20809	13344	5831	0	38000	2870	2870	0	4066	4066	0
July 4, 2007 9:05:00 AM UTC	1183561500000	98	2	yes	49.8	102.0	23392	20809	13331	5901	0	37943	2837	2837	0	4067	4067	0
July 4, 2007 9:06:00 AM UTC	1183561560000	97	3	no	50.0	102.3	23392	20809	13347	5830	0	37998	2863	2863	0	4092	4092	0
July 4, 2007 9:07:00 AM UTC	1183561620000	97	3	yes	50.2	102.5	23392	20809	13330	5836	0	38009	2856	2856	0	4093	4093	0
July 4, 2007 9:08:00 AM UTC	1183561680000	95	4	yes	50.4	102.7	23392	20809	13345	5769	0	38061	2892	2892	0	4117	4117	0
July 4, 2007 9:09:00 AM UTC	1183561740000	94	6	no	50.6	102.9	23392	20809	13329	5845	0	38001	2847	2847	0	4120	4120	0
July 4, 2007 9:10:00 AM UTC	1183561800000	92	6	no	50.8	103.1	23392	20809	13345	5770	0	38060	2892	2892	0	4143	4143	0
July 4, 2007 9:11:00 AM UTC	1183561860000	90	8	no	50.9	103.3	23392	20809	13328	5915	0	37932	2816	2816	0	4143	4143	0
July 4, 2007 9:12:00 AM UTC	1183561920000	85	10	no	51.1	103.5	23392	20809	13324	5930	0	37921	2808	2808	0	4152	4152	0
July 4, 2007 9:13:00 AM UTC	1183561980000	83	10	no	51.3	103.7	23392	20809	13324	5930	0	37921	2803	2803	0	4165	4165	0
July 4, 2007 9:14:00 AM UTC	1183562040000	80	11	no	51.5	104.0	23392	20809	13323	5930	0	37922	2810	2810	0	4176	4176	0
July 4, 2007 9:15:00 AM UTC	1183562100000	77	13	no	51.7	104.2	23392	20809	13338	5900	0	37937	2836	2836	0	4199	4199	0
July 4, 2007 9:16:00 AM UTC	1183562160000	74	14	no	51.9	104.4	23392	20809	13322	5967	0	37886	2800	2800	0	4201	4201	0
July 4, 2007 9:17:00 AM UTC	1183562220000	73	15	no	52.1	104.6	23392	20809	13336	5898	0	37941	2826	2826	0	4228	4228	0
July 4, 2007 9:18:00 AM UTC	1183562280000	73	14	no	52.2	104.9	23392	20809	13322	5971	0	37882	2781	2781	0	4223	4223	0
July 4, 2007 9:19:00 AM UTC	1183562340000	72	15	no	52.4	105.1	23392	20809	13338	5903	0	37934	2814	2814	0	4246	4246	0
July 4, 2007 9:20:00 AM UTC	1183562400000	69	16	no	52.6	105.3	23392	20809	13326	5895	0	37954	2824	2824	0	4250	4250	0
July 4, 2007 9:21:00 AM UTC	1183562460000	66	20	no	52.8	105.5	23392	20809	13336	5846	0	37993	2842	2842	0	4274	4274	0
July 4, 2007 9:22:00 AM UTC	1183562520000	64	22	no	53.0	105.8	23392	20809	13321	5916	0	37938	2811	2811	0	4268	4268	0
July 4, 2007 9:23:00 AM UTC	1183562580000	62	25	no	53.2	106.0	23392	20809	13337	5847	0	37991	2842	2842	0	4292	4292	0
July 4, 2007 9:24:00 AM UTC	1183562640000	58	30	no	53.4	106.2	23392	20809	13336	5848	0	37991	2842	2842	0	4300	4300	0
July 4, 2007 9:25:00 AM UTC	1183562700000	55	33	no	53.5	106.5	23392	20809	13336	5848	0	37991	2840	2826	14	4309	4309	0
July 4, 2007 9:26:00 AM UTC	1183562760000	57	30	yes	53.7	106.7	23392	20809	13331	5868	0	37976	2836	2750	86	4316	4316	0
July 4, 2007 9:27:00 AM UTC	1183562820000	54	29	yes	53.9	106.9	23392	20809	13331	5868	0	37976	2826	2701	124	4334	4334	0
July 4, 2007 9:28:00 AM UTC	1183562880000	53	30	yes	54.1	107.2	23392	20809	13335	5849	0	37991	2841	2569	255	4342	4342	0
July 4, 2007 9:29:00 AM UTC	1183562940000	53	29	yes	54.3	107.4	23392	20809	13336	5859	0	37980	2828	2409	412	4352	4352	0
July 4, 2007 9:30:00 AM UTC	1183563000000	51	29	yes	54.4	107.6	23392	20809	13330	5879	0	37966	2820	2135	617	4355	4355	0
July 4, 2007 9:31:00 AM UTC	1183563060000	48	31	yes	54.6	107.9	23392	20809	13330	5880	0	37965	2812	2226	582	4368	4345	23
July 4, 2007 9:32:00 AM UTC	1183563120000	47	30	yes	54.8	108.1	23392	20809	13333	5804	0	38038	2857	2354	461	4382	4272	110
July 4, 2007 9:33:00 AM UTC	1183563180000	45	33	yes	55.0	108.4	23392	20809	13328	5824	0	38023	2843	2416	385	4383	4240	143
July 4, 2007 9:34:00 AM UTC	1183563240000	46	37	yes	55.2	108.6	23392	20809	13343	5876	0	37956	2829	2285	524	4400	4166	234
July 4, 2007 9:35:00 AM UTC	1183563300000	47	35	yes	55.4	108.9	23392	20809	13326	5943	0	37906	2791	2302	468	4388	4015	373
July 4, 2007 9:36:00 AM UTC	1183563360000	45	38	yes	55.5	109.1	23392	20809	13331	5924	0	37920	2793	2085	691	4408	4005	403
July 4, 2007 9:37:00 AM UTC	1183563420000	45	40	yes	55.7	109.4	23392	20809	13325	5946	0	37904	2784	2039	745	4408	3849	559
July 4, 2007 9:38:00 AM UTC	1183563480000	44	40	yes	55.9	109.6	23392	20809	13325	5946	0	37904	2785	1718	1060	4414	3680	734
July 4, 2007 9:39:00 AM UTC	1183563540000	42	39	yes	56.1	109.9	23392	20809	13338	5880	0	37957	2821	1801	1013	4439	3538	901
July 4, 2007 9:40:00 AM UTC	1183563600000	38	38	yes	56.3	110.2	23392	20809	13319	5976	0	37880	2764	1786	978	4418	3336	1082
July 4, 2007 9:41:00 AM UTC	1183563660000	36	38	yes	56.4	110.4	23392	20809	13333	5909	0	37933	2791	2149	642	4446	3274	1172
July 4, 2007 9:42:00 AM UTC	1183563720000	31	39	yes	56.6	110.7	23392	20809	13339	5889	0	37947	2800	1863	896	4456	3066	1383
July 4, 2007 9:43:00 AM UTC	1183563780000	27	42	yes	56.8	110.9	23392	20809	13320	5908	0	37947	2793	1691	1041	4445	2682	1726
July 4, 2007 9:44:00 AM UTC	1183563840000	28	44	yes	57.0	111.2	23392	20809	13335	5843	0	37997	2831	2216	613	4467	2538	1900
July 4, 2007 9:45:00 AM UTC	1183563900000	25	45	yes	57.2	111.5	23392	20809	13335	5843	0	37997	2826	2220	537	4471	2644	1818
July 4, 2007 9:46:00 AM UTC	1183563960000	26	49	yes	57.3	111.7	23392	20809	13329	5868	0	37978	2822	1878	929	4471	2869	1577
July 4, 2007 9:47:00 AM UTC	1183564020000	28	52	yes	57.5	112.0	23392	20809	13330	5866	0	37979	2819	1683	1040	4477	2851	1582
July 4, 2007 9:48:00 AM UTC	1183564080000	32	56	yes	57.7	112.3	23392	20809	13335	5842	0	37998	2824	1785	1031	4484	2639	1812
July 4, 2007 9:49:00 AM UTC	1183564140000	39	56	yes	57.9	112.6	23392	20809	13328	5880	0	37967	2802	1574	1228	4479	2449	1986
July 4, 2007 9:50:00 AM UTC	1183564200000	41	52	yes	58.0	112.8	23392	20809	13328	5881	0	37966	2802	1520	1282	4485	2240	2244
July 4, 2007 9:51:00 AM UTC	1183564260000	44	52	yes	58.2	113.1	23392	20809	13343	5813	0	38019	2829	2063	766	4504	2391	2113
July 4, 2007 9:52:00 AM UTC	1183564320000	51	47	yes	58.4	113.4	23392	20809	13322	5904	0	37949	2789	2355	434	4478	2850	1628
July 4, 2007 9:53:00 AM UTC	1183564380000	57	42	yes	58.6	113.7	23392	20809	13330	5810	0	38035	2838	2578	260	4494	3469	1025
July 4, 2007 9:54:00 AM UTC	1183564440000	66	34	yes	58.7	114.0	23392	20809	13345	5796	0	38034	2848	2819	29	4509	3829	680
July 4, 2007 9:55:00 AM UTC	1183564500000	83	16	yes	58.9	114.3	23392	20809	13324	5889	0	37962	2800	2800	0	4486	4167	319
July 4, 2007 9:56:00 AM UTC	1183564560000	94	6	yes	59.1	114.6	23392	20809	13324	5887	0	37964	2802	2802	0	4484	4332	152
July 4, 2007 9:57:00 AM UTC	1183564620000	96	4	no	59.3	114.9	23392	20809	13338	5824	0	38013	2835	2835	0	4502	4502	0
July 4, 2007 9:58:00 AM UTC	1183564680000	99	1	no	59.4	115.2	23392	20809	13338	5840	0	37997	2820	2820	0	4498	4489	9
July 4, 2007 9:59:00 AM UTC	1183564740000	99	1	no	59.6	115.5	23392	20809	13314	6015	0	37846	2733	2716	17	4467	4454	13
July 4, 2007 10:00:00 AM UTC	1183564800000	99	1	no	59.8	115.8	23392	20809	13327	5949	0	37899	2762	2762	0	4486	4486	0
July 4, 2007 10:01:00 AM UTC	1183564860000	100	0	no	60.0	116.1	23392	20809	13334	5927	0	37914	2771	2771	0	4493	4493	0
July 4, 2007 10:02:00 AM UTC	1183564920000	100	0	no	60.1	116.4	23392	20809	13330	5879	0	37966	2793	2792	1	4493	4493	0
July 4, 2007 10:03:00 AM UTC	1183564980000	100	0	no	60.3	116.7	23392	20809	13330	5879	0	37966	2793	2792	1	4491	4491	0
July 4, 2007 10:04:00 AM UTC	1183565040000	100	0	no	60.5	117.0	23392	20809	13322	5910	0	37943	2783	2783	0	4479	4479	0
July 4, 2007 10:05:00 AM UTC	1183565100000	100	0	no	60.6	117.3	23392	20809	13346	5786	0	38043	2835	2833	2	4512	4512	0
July 4, 2007 10:06:00 AM UTC	1183565160000	100	0	no	60.8	117.6	23392	20809	13322	5930	0	37923	2754	2688	66	4477	4477	0
July 4, 2007 10:07:00 AM UTC	1183565220000	100	0	no	61.0	118.0	23392	20809	13322	5930	0	37923	2769	2712	57	4481	4481	0
July 4, 2007 10:08:00 AM UTC	1183565280000	100	0	no	61.1	118.3	23392	20809	13336	5868	0	37971	2785	2784	1	4498	4479	19
July 4, 2007 10:09:00 AM UTC	1183565340000	100	0	no	61.3	118.6	23392	20809	13335	5869	0	37971	2794	2794	0	4497	4492	5
July 4, 2007 10:10:00 AM UTC	1183565400000	100	0	no	61.5	118.9	23392	20809	13329	5837	0	38009	2809	2808	1	4493	4493	0
July 4, 2007 10:11:00 AM UTC	1183565460000	100	0	no	61.6	119.3	23392	20809	13324	5866	0	37985	2798	2798	0	4486	4484	2
July 4, 2007 10:12:00 AM UTC	1183565520000	100	0	no	61.8	119.6	23392	20809	13330	5839	0	38006	2815	2782	30	4493	4493	0
July 4, 2007 10:13:00 AM UTC	1183565580000	100	0	no	62.0	119.9	23392	20809	13329	5862	0	37984	2789	2786	3	4489	4489	0
July 4, 2007 10:14:00 AM UTC	1183565640000	100	0	no	62.1	120.3	23392	20809	13329	5861	0	37985	2789	2773	16	4491	4491	0
July 4, 2007 10:15:00 AM UTC	1183565700000	99	1	no	62.3	120.6	23392	20809	13329	5861	0	37985	2794	2711	81	4491	4491	0
July 4, 2007 10:16:00 AM UTC	1183565760000	100	0	no	62.5	121.0	23392	20809	13321	5949	0	37905	2743	2738	3	4473	4473	0
July 4, 2007 10:17:00 AM UTC	1183565820000	99	1	no	62.6	121.3	23392	20809	13330	5853	0	37992	2805	2759	40	4490	4484	6
July 4, 2007 10:18:00 AM UTC	1183565880000	99	1	no	62.8	121.7	23392	20809	13336	5828	0	38011	2810	2779	31	4501	4488	13
July 4, 2007 10:19:00 AM UTC	1183565940000	98	2	no	63.0	122.0	23392	20809	13336	5829	0	38010	2810	2810	0	4501	4467	34
July 4, 2007 10:20:00 AM UTC	1183566000000	98	2	no	63.1	122.4	23392	20809	13335	5854	0	37986	2792	2639	136	4498	4480	18
July 4, 2007 10:21:00 AM UTC	1183566060000	98	2	no	63.3	122.8	23392	20809	13326	5891	0	37958	2769	2710	48	4486	4417	69
July 4, 2007 10:22:00 AM UTC	1183566120000	98	2	no	63.4	123.1	23392	20809	13334	5853	0	37988	2791	2780	11	4494	4494	0
July 4, 2007 10:23:00 AM UTC	1183566180000	98	2	no	63.6	123.5	23392	20809	13326	5891	0	37958	2774	2732	42	4488	4488	0
July 4, 2007 10:24:00 AM UTC	1183566240000	97	3	no	63.8	123.9	23392	20809	13327	5836	0	38012	2816	2816	0	4491	4491	0
July 4, 2007 10:25:00 AM UTC	1183566300000	94	6	no	63.9	124.3	23392	20809	13341	5775	0	38059	2836	2836	0	4507	4507	0
July 4, 2007 10:26:00 AM UTC	1183566360000	92	8	no	64.1	124.6	23392	20809	13336	5803	0	38036	2816	2816	0	4505	4477	28
July 4, 2007 10:27:00 AM UTC	1183566420000	92	8	no	64.2	125.0	23392	20809	13316	5903	0	37956	2767	2767	0	4487	4480	0
July 4, 2007 10:28:00 AM UTC	1183566480000	93	7	no	64.4	125.4	23392	20809	13327	5862	0	37986	2778	2778	0	4481	4472	0
July 4, 2007 10:29:00 AM UTC	1183566540000	96	4	yes	64.6	125.8	23392	20809	13331	5844	0	38000	2788	2646	142	4496	4494	2
July 4, 2007 10:30:00 AM UTC	1183566600000	99	1	no	64.7	126.2	23392	20809	13330	5844	0	38001	2785	2739	46	4500	4500	0
July 4, 2007 10:31:00 AM UTC	1183566660000	99	1	yes	64.9	126.6	23392	20809	13323	5826	0	38026	2809	2809	0	4488	4488	0
July 4, 2007 10:32:00 AM UTC	1183566720000	99	1	yes	65.0	127.0	23392	20809	13332	5810	0	38033	2800	2773	27	4497	4497	0
July 4, 2007 10:33:00 AM UTC	1183566780000	99	1	no	65.2	127.4	23392	20809	13334	5800	0	38041	2801	2800	1	4500	4500	0
July 4, 2007 10:34:00 AM UTC	1183566840000	99	1	no	65.3	127.9	23392	20809	13334	5800	0	38041	2808	2796	12	4498	4498	0
July 4, 2007 10:35:00 AM UTC	1183566900000	97	3	no	65.5	128.3	23392	20809	13324	5842	0	38009	2794	2794	0	4490	4490	0
July 4, 2007 10:36:00 AM UTC	1183566960000	98	2	no	65.6	128.7	23392	20809	13333	5874	0	37968	2755	2745	10	4495	4495	0
July 4, 2007 10:37:00 AM UTC	1183567020000	96	4	no	65.8	129.1	23392	20809	13326	5858	0	37991	2786	2786	0	4489	4489	0
July 4, 2007 10:38:00 AM UTC	1183567080000	94	6	no	65.9	129.6	23392	20809	13324	5893	0	37958	2754	2754	0	4484	4484	0
July 4, 2007 10:39:00 AM UTC	1183567140000	91	9	no	66.1	130.0	23392	20809	13324	5893	0	37958	2759	2759	0	4484	4483	1
July 4, 2007 10:40:00 AM UTC	1183567200000	89	11	no	66.2	130.4	23392	20809	13314	5936	0	37925	2741	2554	172	4467	4467	0
July 4, 2007 10:41:00 AM UTC	1183567260000	89	10	no	66.4	130.9	23392	20809	13327	5872	0	37976	2765	2571	192	4487	4485	2
July 4, 2007 10:42:00 AM UTC	1183567320000	91	9	no	66.5	131.3	23392	20809	13338	5787	0	38050	2817	2779	38	4505	4505	0
July 4, 2007 10:43:00 AM UTC	1183567380000	92	8	no	66.6	131.8	23392	20809	13327	5874	0	37974	2765	2765	0	4485	4469	16
July 4, 2007 10:44:00 AM UTC	1183567440000	94	6	no	66.8	132.2	23392	20809	13327	5873	0	37975	2763	2763	0	4488	4372	116
July 4, 2007 10:45:00 AM UTC	1183567500000	95	5	no	66.9	132.7	23392	20809	13339	5821	0	38015	2786	2786	0	4505	4438	67
July 4, 2007 10:46:00 AM UTC	1183567560000	99	1	yes	67.1	133.2	23392	20809	13329	5866	0	37980	2765	2765	0	4489	4489	0
July 4, 2007 10:47:00 AM UTC	1183567620000	99	1	yes	67.2	133.6	23392	20809	13329	5819	0	38027	2799	2799	0	4494	4494	0
July 4, 2007 10:48:00 AM UTC	1183567680000	100	0	yes	67.3	134.1	23392	20809	13329	5870	0	37976	2759	2759	0	4488	4488	0
July 4, 2007 10:49:00 AM UTC	1183567740000	100	0	yes	67.5	134.6	23392	20809	13338	5821	0	38016	2786	2786	0	4505	4502	3
July 4, 2007 10:50:00 AM UTC	1183567800000	100	0	no	67.6	135.1	23392	20809	13341	5819	0	38015	2781	2781	0	4499	4499	0
July 4, 2007 10:51:00 AM UTC	1183567860000	100	0	no	67.7	135.6	23392	20809	13329	5928	0	37918	2737	2737	0	4487	4487	0
July 4, 2007 10:52:00 AM UTC	1183567920000	100	0	no	67.9	136.1	23392	20809	13328	5884	0	37963	2767	2767	0	4489	4489	0
July 4, 2007 10:53:00 AM UTC	1183567980000	100	0	no	68.0	136.6	23392	20809	13341	5885	0	37949	2746	2746	0	4506	4505	1
July 4, 2007 10:54:00 AM UTC	1183568040000	99	1	no	68.1	137.1	23392	20809	13341	5887	0	37947	2752	2752	0	4493	4488	5
July 4, 2007 10:55:00 AM UTC	1183568100000	97	3	no	68.3	137.6	23392	20809	13338	5822	0	38015	2788	2788	0	4504	4502	2
July 4, 2007 10:56:00 AM UTC	1183568160000	95	5	no	68.4	138.1	23392	20809	13338	5825	0	38012	2785	2785	0	4505	4505	0
July 4, 2007 10:57:00 AM UTC	1183568220000	91	9	no	68.5	138.6	23392	20809	13326	5886	0	37963	2765	2765	0	4489	4488	1
July 4, 2007 10:58:00 AM UTC	1183568280000	89	11	no	68.7	139.2	23392	20809	13329	5819	0	38027	2800	2800	0	4496	4492	4
July 4, 2007 10:59:00 AM UTC	1183568340000	87	13	yes	68.8	139.7	23392	20809	13328	5818	0	38029	2804	2804	0	4496	4485	11
July 4, 2007 11:00:00 AM UTC	1183568400000	87	13	yes	68.9	140.2	23392	20809	13330	5819	0	38026	2796	2796	0	4494	4493	1
July 4, 2007 11:01:00 AM UTC	1183568460000	98	2	no	69.0	140.8	23392	20809	13327	5819	5	38024	2792	2787	0	4493	4493	0
July 4, 2007 11:02:00 AM UTC	1183568520000	99	1	no	69.1	141.3	23392	20809	13337	5794	7	38037	2808	2801	0	4506	4506	0
July 4, 2007 11:03:00 AM UTC	1183568580000	100	0	yes	69.3	141.9	23392	20809	13325	5850	2	37998	2777	2775	0	4490	4490	0
July 4, 2007 11:04:00 AM UTC	1183568640000	100	0	no	69.4	142.5	23392	20809	13326	5850	4	37995	2787	2783	0	4491	4491	0
July 4, 2007 11:05:00 AM UTC	1183568700000	100	0	yes	69.5	143.0	23392	20809	13347	5751	9	38068	2821	2812	0	4519	4519	0
July 4, 2007 11:06:00 AM UTC	1183568760000	99	1	no	69.6	143.6	23392	20809	13336	5826	7	38006	2787	2780	0	4501	4501	0
July 4, 2007 11:07:00 AM UTC	1183568820000	99	1	yes	69.7	144.2	23392	20809	13336	5827	7	38005	2795	2788	0	4500	4500	0
July 4, 2007 11:08:00 AM UTC	1183568880000	97	3	no	69.8	144.8	23392	20809	13336	5827	9	38003	2778	2769	0	4501	4501	0
July 4, 2007 11:09:00 AM UTC	1183568940000	96	4	no	69.9	145.3	23392	20809	13332	5842	7	37994	2788	2781	0	4499	4499	0
July 4, 2007 11:10:00 AM UTC	1183569000000	96	4	no	70.1	145.9	23392	20809	13332	5869	9	37965	2770	2754	7	4497	4497	0
July 4, 2007 11:11:00 AM UTC	1183569060000	98	2	yes	70.2	146.5	23392	20809	13333	5869	9	37964	2771	2760	2	4494	4494	0
July 4, 2007 11:12:00 AM UTC	1183569120000	98	2	yes	70.3	147.1	23392	20809	13342	5812	12	38009	2792	2729	51	4506	4506	0
July 4, 2007 11:13:00 AM UTC	1183569180000	98	2	yes	70.4	147.8	23392	20809	13342	5831	16	37986	2784	2765	3	4501	4501	0
July 4, 2007 11:14:00 AM UTC	1183569240000	98	2	yes	70.5	148.4	23392	20809	13327	5920	9	37919	2752	2736	7	4485	4485	0
July 4, 2007 11:15:00 AM UTC	1183569300000	99	1	yes	70.6	149.0	23392	20809	13335	5882	14	37944	2766	2750	2	4498	4498	0
July 4, 2007 11:16:00 AM UTC	1183569360000	100	0	yes	70.7	149.6	23392	20809	13328	5919	10	37918	2749	2738	1	4483	4483	0
July 4, 2007 11:17:00 AM UTC	1183569420000	100	0	yes	70.8	150.3	23392	20809	13330	5871	14	37960	2778	2745	19	4491	4491	0
July 4, 2007 11:18:00 AM UTC	1183569480000	100	0	yes	70.9	150.9	23392	20809	13322	5934	12	37907	2749	2737	0	4476	4476	0
July 4, 2007 11:19:00 AM UTC	1183569540000	100	0	yes	70.9	151.5	23392	20809	13335	5876	15	37949	2766	2637	114	4497	4497	0
July 4, 2007 11:20:00 AM UTC	1183569600000	100	0	yes	71.0	152.2	23392	20809	13330	5902	13	37930	2760	2706	41	4488	4488	0
July 4, 2007 11:21:00 AM UTC	1183569660000	100	0	yes	71.1	152.9	23392	20809	13330	5902	17	37926	2752	2735	0	4489	4489	0
July 4, 2007 11:22:00 AM UTC	1183569720000	100	0	yes	71.2	153.5	23392	20809	13328	5941	11	37895	2737	2726	0	4488	4488	0
July 4, 2007 11:23:00 AM UTC	1183569780000	100	0	yes	71.3	154.2	23392	20809	13338	5832	22	37983	2789	2767	0	4500	4500	0
July 4, 2007 11:24:00 AM UTC	1183569840000	100	0	no	71.4	154.9	23392	20809	13323	5894	17	37941	2774	2757	0	4484	4484	0
July 4, 2007 11:25:00 AM UTC	1183569900000	100	0	no	71.5	155.5	23392	20809	13346	5801	23	38005	2803	2780	0	4512	4512	0
July 4, 2007 11:26:00 AM UTC	1183569960000	100	0	no	71.5	156.2	23392	20809	13331	5908	18	37918	2755	2737	0	4487	4487	0
July 4, 2007 11:27:00 AM UTC	1183570020000	100	0	no	71.6	156.9	23392	20809	13337	5881	21	37936	2767	2746	0	4495	4495	0
July 4, 2007 11:28:00 AM UTC	1183570080000	100	0	no	71.7	157.6	23392	20809	13325	5900	22	37928	2769	2747	0	4480	4480	0
July 4, 2007 11:29:00 AM UTC	1183570140000	100	0	no	71.8	158.3	23392	20809	13336	5910	17	37912	2738	2721	0	4493	4493	0
July 4, 2007 11:30:00 AM UTC	1183570200000	100	0	no	71.8	159.0	23392	20809	13335	5904	19	37917	2747	2728	0	4492	4492	0
July 4, 2007 11:31:00 AM UTC	1183570260000	97	3	no	71.9	159.7	23392	20809	13329	5929	21	37896	2748	2717	10	4483	4483	0
July 4, 2007 11:32:00 AM UTC	1183570320000	96	4	no	72.0	160.4	23392	20809	13334	5906	22	37913	2753	2731	0	4491	4491	0
July 4, 2007 11:33:00 AM UTC	1183570380000	95	5	yes	72.0	161.1	23392	20809	13335	5883	27	37930	2768	2741	0	4493	4493	0
July 4, 2007 11:34:00 AM UTC	1183570440000	94	6	yes	72.1	161.9	23392	20809	13336	5882	28	37929	2776	2748	0	4494	4494	0
July 4, 2007 11:35:00 AM UTC	1183570500000	94	6	yes	72.1	162.6	23392	20809	13335	5846	33	37961	2785	2752	0	4496	4496	0
July 4, 2007 11:36:00 AM UTC	1183570560000	93	7	yes	72.2	163.3	23392	20809	13339	5826	36	37974	2796	2760	0	4505	4505	0
July 4, 2007 11:37:00 AM UTC	1183570620000	92	7	yes	72.3	164.0	23392	20809	13343	5870	27	37935	2764	2737	0	4505	4505	0
July 4, 2007 11:38:00 AM UTC	1183570680000	90	9	yes	72.3	164.8	23392	20809	13329	5935	24	37887	2741	2717	0	4482	4482	0
July 4, 2007 11:39:00 AM UTC	1183570740000	91	8	yes	72.4	165.5	23392	20809	13329	5935	25	37886	2746	2721	0	4481	4481	0
July 4, 2007 11:40:00 AM UTC	1183570800000	91	9	yes	72.4	166.3	23392	20809	13333	5894	29	37919	2758	2729	0	4488	4488	0
July 4, 2007 11:41:00 AM UTC	1183570860000	91	8	yes	72.4	167.0	23392	20809	13334	5877	32	37932	2775	2743	0	4490	4490	0
July 4, 2007 11:42:00 AM UTC	1183570920000	92	7	no	72.5	167.8	23392	20809	13337	5862	33	37943	2778	2745	0	4498	4498	0
July 4, 2007 11:43:00 AM UTC	1183570980000	94	6	no	72.5	168.5	23392	20809	13337	5861	34	37943	2780	2746	0	4504	4504	0
July 4, 2007 11:44:00 AM UTC	1183571040000	94	6	no	72.6	169.3	23392	20809	13320	5999	21	37835	2713	2692	0	4475	4475	0
July 4, 2007 11:45:00 AM UTC	1183571100000	94	5	no	72.6	170.0	23392	20809	13321	5988	23	37843	2719	2696	0	4479	4479	0
July 4, 2007 11:46:00 AM UTC	1183571160000	95	4	no	72.6	170.8	23392	20809	13323	5908	33	37911	2776	2743	0	4488	4482	6
July 4, 2007 11:47:00 AM UTC	1183571220000	97	2	no	72.7	171.6	23392	20809	13327	5871	35	37942	2783	2748	0	4489	4489	0
July 4, 2007 11:48:00 AM UTC	1183571280000	99	1	yes	72.7	172.3	23392	20809	13324	5949	27	37875	2740	2713	0	4479	4479	0
July 4, 2007 11:49:00 AM UTC	1183571340000	97	3	yes	72.7	173.1	23392	20809	13325	5942	25	37883	2746	2721	0	4483	4477	6
July 4, 2007 11:50:00 AM UTC	1183571400000	93	6	yes	72.7	173.9	23392	20809	13324	5942	27	37882	2743	2368	348	4484	4478	6
July 4, 2007 11:51:00 AM UTC	1183571460000	87	12	yes	72.7	174.7	23392	20809	13327	5848	39	37961	2804	1982	779	4495	4495	0
July 4, 2007 11:52:00 AM UTC	1183571520000	84	15	yes	72.8	175.4	23392	20809	13324	5918	30	37903	2752	1515	1159	4487	4486	1
July 4, 2007 11:53:00 AM UTC	1183571580000	80	19	yes	72.8	176.2	23392	20809	13324	5914	30	37907	2750	1056	1488	4490	4483	7
July 4, 2007 11:54:00 AM UTC	1183571640000	78	20	yes	72.8	177.0	23392	20809	13324	5914	26	37911	2761	936	1406	4491	4483	8
July 4, 2007 11:55:00 AM UTC	1183571700000	76	22	yes	72.8	177.8	23392	20809	13326	5912	31	37906	2752	821	1470	4491	4477	14
July 4, 2007 11:56:00 AM UTC	1183571760000	73	26	yes	72.8	178.5	23392	20809	13327	5887	34	37927	2760	525	1978	4492	4475	17
July 4, 2007 11:57:00 AM UTC	1183571820000	72	27	yes	72.8	179.3	23392	20809	13327	5889	29	37930	2763	453	2139	4491	4452	39
July 4, 2007 11:58:00 AM UTC	1183571880000	75	24	yes	72.8	180.1	23392	20809	13327	5889	33	37926	2758	506	1936	4489	4445	44
July 4, 2007 11:59:00 AM UTC	1183571940000	78	21	yes	72.8	180.9	23392	20809	13327	5889	27	37932	2769	806	1881	4492	4481	11
July 4, 2007 12:00:00 PM UTC	1183572000000	78	21	yes	72.8	181.7	23392	20809	13327	5890	34	37924	2752	672	1943	4492	4492	0
July 4, 2007 12:01:00 PM UTC	1183572060000	81	18	yes	72.8	182.4	23392	20809	13326	5910	31	37908	2749	1162	1550	4492	4492	0
July 4, 2007 12:02:00 PM UTC	1183572120000	90	10	no	72.8	183.2	23392	20809	13324	5912	28	37911	2761	2539	194	4488	4480	8
July 4, 2007 12:03:00 PM UTC	1183572180000	95	5	no	72.8	184.0	23392	20809	13323	5917	31	37904	2755	2694	30	4489	4489	0
July 4, 2007 12:04:00 PM UTC	1183572240000	98	2	no	72.8	184.8	23392	20809	13324	5916	27	37908	2759	2732	0	4486	4486	0
July 4, 2007 12:05:00 PM UTC	1183572300000	99	1	no	72.7	185.5	23392	20809	13338	5871	32	37934	2757	2725	0	4505	4505	0
July 4, 2007 12:06:00 PM UTC	1183572360000	99	1	no	72.7	186.3	23392	20809	13340	5872	33	37930	2762	2729	0	4503	4503	0
July 4, 2007 12:07:00 PM UTC	1183572420000	98	2	yes	72.7	187.1	23392	20809	13342	5870	28	37935	2767	2739	0	4507	4507	0
July 4, 2007 12:08:00 PM UTC	1183572480000	97	3	no	72.7	187.9	23392	20809	13338	5877	29	37931	2752	2723	0	4502	4502	0
July 4, 2007 12:09:00 PM UTC	1183572540000	97	3	no	72.6	188.6	23392	20809	13341	5799	34	38001	2803	2769	0	4508	4508	0
July 4, 2007 12:10:00 PM UTC	1183572600000	98	2	yes	72.6	189.4	23392	20809	13338	5836	40	37961	2797	2757	0	4505	4505	0
July 4, 2007 12:11:00 PM UTC	1183572660000	97	3	yes	72.6	190.1	23392	20809	13337	5915	26	37897	2741	2681	34	4498	4498	0
July 4, 2007 12:12:00 PM UTC	1183572720000	97	3	no	72.5	190.9	23392	20809	13334	5929	22	37890	2728	2706	0	4491	4491	0
July 4, 2007 12:13:00 PM UTC	1183572780000	98	2	no	72.5	191.7	23392	20809	13337	5855	35	37948	2777	2742	0	4495	4495	0
July 4, 2007 12:14:00 PM UTC	1183572840000	100	0	no	72.5	192.4	23392	20809	13337	5855	30	37953	2777	2747	0	4497	4497	0
July 4, 2007 12:15:00 PM UTC	1183572900000	100	0	no	72.4	193.2	23392	20809	13333	5901	32	37909	2765	2733	0	4491	4491	0
July 4, 2007 12:16:00 PM UTC	1183572960000	100	0	yes	72.4	193.9	23392	20809	13350	5767	43	38015	2824	2781	0	4515	4515	0
July 4, 2007 12:17:00 PM UTC	1183573020000	100	0	no	72.3	194.7	23392	20809	13329	5931	26	37889	2748	2722	0	4481	4481	0
July 4, 2007 12:18:00 PM UTC	1183573080000	100	0	no	72.3	195.4	23392	20809	13329	5931	24	37891	2743	2719	0	4482	4482	0
July 4, 2007 12:19:00 PM UTC	1183573140000	100	0	no	72.2	196.1	23392	20809	13328	5930	24	37893	2743	2719	0	4485	4485	0
July 4, 2007 12:20:00 PM UTC	1183573200000	100	0	no	72.2	196.9	23392	20809	13326	5885	31	37933	2772	2741	0	4484	4484	0
July 4, 2007 12:21:00 PM UTC	1183573260000	100	0	no	72.1	197.6	23392	20809	13341	5821	33	37980	2794	2761	0	4501	4501	0
July 4, 2007 12:22:00 PM UTC	1183573320000	100	0	yes	72.1	198.3	23392	20809	13336	5877	27	37935	2777	2750	0	4493	4493	0
July 4, 2007 12:23:00 PM UTC	1183573380000	100	0	yes	72.0	199.0	23392	20809	13329	5915	21	37910	2747	2726	0	4484	4484	0
July 4, 2007 12:24:00 PM UTC	1183573440000	99	1	yes	71.9	199.8	23392	20809	13335	5899	21	37920	2753	2616	116	4489	4489	0
July 4, 2007 12:25:00 PM UTC	1183573500000	96	4	yes	71.9	200.5	23392	20809	13342	5862	24	37947	2767	2253	490	4501	4501	0
July 4, 2007 12:26:00 PM UTC	1183573560000	94	6	yes	71.8	201.2	23392	20809	13325	5937	20	37893	2740	2263	457	4477	4477	0
July 4, 2007 12:27:00 PM UTC	1183573620000	88	12	yes	71.7	201.9	23392	20809	13336	5904	17	37918	2744	2363	364	4493	4493	0
July 4, 2007 12:28:00 PM UTC	1183573680000	83	17	yes	71.7	202.6	23392	20809	13332	5859	24	37960	2781	2015	742	4492	4492	0
July 4, 2007 12:29:00 PM UTC	1183573740000	81	19	yes	71.6	203.3	23392	20809	13331	5903	19	37922	2761	1840	887	4490	4490	0
July 4, 2007 12:30:00 PM UTC	1183573800000	73	27	yes	71.5	203.9	23392	20809	13331	5903	18	37923	2757	1603	1129	4488	4488	0
July 4, 2007 12:31:00 PM UTC	1183573860000	73	27	yes	71.4	204.6	23392	20809	13333	5857	20	37965	2782	1348	1349	4491	4491	0
July 4, 2007 12:32:00 PM UTC	1183573920000	64	36	no	71.4	205.3	23392	20809	13338	5826	22	37989	2792	2675	95	4502	4325	177
July 4, 2007 12:33:00 PM UTC	1183573980000	64	35	no	71.3	206.0	23392	20809	13330	5856	23	37966	2790	2737	30	4489	4113	376
July 4, 2007 12:34:00 PM UTC	1183574040000	68	32	yes	71.2	206.6	23392	20809	13335	5902	12	37926	2748	2686	50	4498	4176	322
July 4, 2007 12:35:00 PM UTC	1183574100000	70	30	yes	71.1	207.3	23392	20809	13330	5886	17	37942	2753	2081	655	4490	4242	248
July 4, 2007 12:36:00 PM UTC	1183574160000	67	33	yes	71.0	208.0	23392	20809	13330	5886	15	37944	2763	1924	824	4491	4151	340
July 4, 2007 12:37:00 PM UTC	1183574220000	65	35	yes	70.9	208.6	23392	20809	13321	5928	12	37914	2737	1577	1146	4479	4049	430
July 4, 2007 12:38:00 PM UTC	1183574280000	71	29	yes	70.8	209.2	23392	20809	13322	5918	12	37923	2753	2066	657	4481	4251	230
July 4, 2007 12:39:00 PM UTC	1183574340000	66	34	yes	70.7	209.9	23392	20809	13336	5827	15	37997	2794	1572	1207	4496	4153	343
July 4, 2007 12:40:00 PM UTC	1183574400000	65	34	yes	70.6	210.5	23392	20809	13327	5913	10	37925	2749	1425	1222	4485	4335	150
July 4, 2007 12:41:00 PM UTC	1183574460000	62	38	yes	70.5	211.1	23392	20809	13327	5913	11	37924	2757	1622	1124	4485	4461	24
July 4, 2007 12:42:00 PM UTC	1183574520000	63	36	yes	70.4	211.8	23392	20809	13331	5919	6	37919	2733	1446	1211	4485	4485	0
July 4, 2007 12:43:00 PM UTC	1183574580000	65	35	yes	70.3	212.4	23392	20809	13333	5861	12	37969	2776	1616	1109	4489	4472	17
July 4, 2007 12:44:00 PM UTC	1183574640000	66	34	yes	70.2	213.0	23392	20809	13318	5918	8	37931	2753	1518	1177	4475	4437	38
July 4, 2007 12:45:00 PM UTC	1183574700000	65	35	yes	70.1	213.6	23392	20809	13324	5900	9	37942	2758	1567	1072	4479	4456	23
July 4, 2007 12:46:00 PM UTC	1183574760000	65	33	yes	70.0	214.2	23392	20809	13323	5903	7	37942	2754	1702	600	4478	4383	95
July 4, 2007 12:47:00 PM UTC	1183574820000	64	35	no	69.9	214.8	23392	20809	13336	5820	9	38010	2792	1906	569	4495	4430	65
July 4, 2007 12:48:00 PM UTC	1183574880000	68	32	no	69.8	215.4	23392	20809	13336	5820	9	38010	2783	2505	265	4494	4490	4
July 4, 2007 12:49:00 PM UTC	1183574940000	71	28	no	69.7	216.0	23392	20809	13315	5917	5	37938	2765	2364	385	4466	4463	3
July 4, 2007 12:50:00 PM UTC	1183575000000	77	23	no	69.6	216.5	23392	20809	13327	5859	7	37982	2769	2741	21	4485	4485	0
July 4, 2007 12:51:00 PM UTC	1183575060000	85	15	no	69.5	217.1	23392	20809	13326	5837	4	38008	2786	2782	0	4488	4488	0
July 4, 2007 12:52:00 PM UTC	1183575120000	94	6	no	69.3	217.7	23392	20809	13315	5884	5	37971	2768	2763	0	4478	4478	0
July 4, 2007 12:53:00 PM UTC	1183575180000	99	1	no	69.2	218.2	23392	20809	13329	5827	3	38016	2786	2783	0	4495	4495	0
July 4, 2007 12:54:00 PM UTC	1183575240000	100	0	no	69.1	218.8	23392	20809	13328	5829	5	38013	2789	2784	0	4495	4492	3
July 4, 2007 12:55:00 PM UTC	1183575300000	99	1	no	69.0	219.3	23392	20809	13328	5813	0	38034	2793	2793	0	4493	4159	334
July 4, 2007 12:56:00 PM UTC	1183575360000	98	2	no	68.9	219.9	23392	20809	13319	5858	0	37998	2784	2783	1	4479	3862	617
July 4, 2007 12:57:00 PM UTC	1183575420000	97	3	yes	68.7	220.4	23392	20809	13317	5858	0	38000	2779	2665	114	4480	3747	733
July 4, 2007 12:58:00 PM UTC	1183575480000	95	5	yes	68.6	220.9	23392	20809	13328	5871	0	37976	2767	2623	144	4490	3771	719
July 4, 2007 12:59:00 PM UTC	1183575540000	91	8	yes	68.5	221.5	23392	20809	13329	5824	0	38022	2808	1609	983	4499	3838	661
July 4, 2007 1:00:00 PM UTC	1183575600000	89	11	yes	68.4	222.0	23392	20809	13319	5911	0	37945	2755	1993	727	4475	4116	359
July 4, 2007 1:01:00 PM UTC	1183575660000	82	18	no	68.2	222.5	23392	20809	13328	5865	0	37982	2769	2202	554	4489	4279	210
July 4, 2007 1:02:00 PM UTC	1183575720000	82	18	no	68.1	223.0	23392	20809	13328	5926	0	37921	2735	2526	209	4482	4429	53
July 4, 2007 1:03:00 PM UTC	1183575780000	86	14	yes	68.0	223.5	23392	20809	13328	5928	0	37919	2723	2637	86	4490	4406	84
July 4, 2007 1:04:00 PM UTC	1183575840000	81	18	no	67.8	224.0	23392	20809	13315	5972	0	37888	2721	1908	797	4470	4414	56
July 4, 2007 1:05:00 PM UTC	1183575900000	77	22	no	67.7	224.5	23392	20809	13329	5922	0	37924	2737	1692	877	4486	4479	7
July 4, 2007 1:06:00 PM UTC	1183575960000	75	24	yes	67.6	225.0	23392	20809	13329	5846	0	38000	2766	1585	996	4490	4490	0
July 4, 2007 1:07:00 PM UTC	1183576020000	74	26	yes	67.4	225.5	23392	20809	13338	5798	0	38039	2785	2207	559	4504	4376	128
July 4, 2007 1:08:00 PM UTC	1183576080000	76	24	yes	67.3	226.0	23392	20809	13339	5801	0	38035	2778	2344	434	4500	4412	88
July 4, 2007 1:09:00 PM UTC	1183576140000	79	21	no	67.2	226.5	23392	20809	13328	5858	0	37989	2767	2394	373	4489	4418	71
July 4, 2007 1:10:00 PM UTC	1183576200000	83	17	yes	67.0	226.9	23392	20809	13329	5863	0	37983	2764	2268	496	4489	4461	28
July 4, 2007 1:11:00 PM UTC	1183576260000	89	11	yes	66.9	227.4	23392	20809	13339	5816	0	38020	2785	2601	183	4505	4480	25
July 4, 2007 1:12:00 PM UTC	1183576320000	86	14	no	66.7	227.9	23392	20809	13339	5818	0	38018	2781	2352	429	4502	4474	28
July 4, 2007 1:13:00 PM UTC	1183576380000	90	10	yes	66.6	228.3	23392	20809	13327	5870	0	37978	2768	2751	17	4485	4411	74
July 4, 2007 1:13:57 PM UTC	1183576437000	93	7	no	66.5	228.8	23392	20809	13338	5788	0	38049	2817	2554	263	4506	4495	11
July 4, 2007 1:15:00 PM UTC	1183576500000	96	4	no	66.3	229.2	23392	20809	13335	5848	0	37992	2772	2615	157	4498	4486	12
July 4, 2007 1:16:00 PM UTC	1183576560000	94	6	no	66.2	229.7	23392	20809	13335	5840	0	38000	2781	2686	95	4498	4468	30
July 4, 2007 1:17:00 PM UTC	1183576620000	91	8	no	66.0	230.1	23392	20809	13324	5894	0	37957	2761	2760	1	4483	4374	109
July 4, 2007 1:18:00 PM UTC	1183576680000	90	10	no	65.9	230.5	23392	20809	13324	5893	0	37958	2755	2632	123	4485	4363	122
July 4, 2007 1:19:00 PM UTC	1183576740000	93	7	no	65.7	231.0	23392	20809	13326	5860	0	37989	2787	2734	53	4489	4319	170
July 4, 2007 1:20:00 PM UTC	1183576800000	95	5	no	65.6	231.4	23392	20809	13332	5875	0	37968	2760	2467	293	4494	4402	92
July 4, 2007 1:21:00 PM UTC	1183576860000	87	13	yes	65.4	231.8	23392	20809	13323	5859	0	37993	2790	2606	184	4486	4450	36
July 4, 2007 1:22:00 PM UTC	1183576920000	84	16	yes	65.3	232.2	23392	20809	13334	5802	0	38039	2803	2443	360	4501	4501	0
July 4, 2007 1:23:00 PM UTC	1183576980000	83	17	no	65.1	232.6	23392	20809	13334	5802	0	38039	2804	2612	192	4499	4499	0
July 4, 2007 1:24:00 PM UTC	1183577040000	85	15	no	65.0	233.1	23392	20809	13334	5802	0	38039	2806	2802	4	4499	4485	14
July 4, 2007 1:25:00 PM UTC	1183577100000	86	14	yes	64.8	233.5	23392	20809	13333	5786	0	38056	2825	2824	1	4498	4481	17
July 4, 2007 1:26:00 PM UTC	1183577160000	85	15	yes	64.7	233.9	23392	20809	13321	5881	0	37973	2775	2380	395	4485	4403	82
July 4, 2007 1:27:00 PM UTC	1183577220000	84	16	yes	64.5	234.3	23392	20809	13331	5841	0	38003	2787	2638	149	4496	4492	4
July 4, 2007 1:28:00 PM UTC	1183577280000	81	19	yes	64.4	234.7	23392	20809	13331	5841	0	38003	2785	2745	40	4490	4290	200
July 4, 2007 1:29:00 PM UTC	1183577340000	78	22	yes	64.2	235.0	23392	20809	13316	5897	0	37962	2767	2743	24	4464	4273	191
July 4, 2007 1:30:00 PM UTC	1183577400000	82	18	no	64.0	235.4	23392	20809	13316	5896	0	37963	2772	2758	8	4484	4479	5
July 4, 2007 1:31:00 PM UTC	1183577460000	88	12	no	63.9	235.8	23392	20809	13341	5775	0	38059	2831	2831	0	4510	4510	0
July 4, 2007 1:32:00 PM UTC	1183577520000	93	7	no	63.7	236.2	23392	20809	13328	5831	0	38016	2816	2816	0	4490	4490	0
July 4, 2007 1:33:00 PM UTC	1183577580000	97	3	no	63.6	236.6	23392	20809	13326	5894	0	37955	2772	2772	0	4487	4487	0
July 4, 2007 1:34:00 PM UTC	1183577640000	99	1	yes	63.4	236.9	23392	20809	13334	5856	0	37985	2792	2792	0	4497	4497	0
July 4, 2007 1:35:00 PM UTC	1183577700000	100	0	no	63.2	237.3	23392	20809	13326	5893	0	37956	2771	2771	0	4487	4487	0
July 4, 2007 1:36:00 PM UTC	1183577760000	100	0	no	63.1	237.7	23392	20809	13322	5917	0	37936	2765	2764	1	4477	4477	0
July 4, 2007 1:37:00 PM UTC	1183577820000	99	1	no	62.9	238.0	23392	20809	13336	5831	0	38008	2804	2797	7	4500	4500	0
July 4, 2007 1:38:00 PM UTC	1183577880000	99	1	no	62.8	238.4	23392	20809	13336	5831	0	38008	2810	2810	0	4501	4501	0
July 4, 2007 1:39:00 PM UTC	1183577940000	100	0	yes	62.6	238.7	23392	20809	13330	5855	0	37990	2803	2803	0	4492	4492	0
July 4, 2007 1:40:00 PM UTC	1183578000000	99	1	no	62.4	239.1	23392	20809	13321	5952	0	37902	2752	2654	98	4474	4473	1
July 4, 2007 1:41:00 PM UTC	1183578060000	99	1	yes	62.3	239.4	23392	20809	13329	5859	0	37987	2790	2790	0	4490	4490	0
July 4, 2007 1:42:00 PM UTC	1183578120000	97	3	yes	62.1	239.8	23392	20809	13341	5799	0	38035	2813	2813	0	4511	4511	0
July 4, 2007 1:43:00 PM UTC	1183578180000	93	7	yes	61.9	240.1	23392	20809	13329	5858	0	37988	2795	2653	142	4489	4489	0
July 4, 2007 1:44:00 PM UTC	1183578240000	91	9	no	61.8	240.5	23392	20809	13330	5841	0	38004	2815	2815	0	4493	4493	0
July 4, 2007 1:45:00 PM UTC	1183578300000	92	8	no	61.6	240.8	23392	20809	13329	5840	0	38006	2809	2809	0	4494	4494	0
July 4, 2007 1:46:00 PM UTC	1183578360000	94	6	no	61.4	241.1	23392	20809	13315	5901	0	37959	2787	2787	0	4477	4477	0
July 4, 2007 1:47:00 PM UTC	1183578420000	97	3	no	61.3	241.5	23392	20809	13335	5871	0	37969	2791	2791	0	4498	4498	0
July 4, 2007 1:48:00 PM UTC	1183578480000	99	1	no	61.1	241.8	23392	20809	13336	5872	0	37967	2784	2784	0	4499	4499	0
July 4, 2007 1:49:00 PM UTC	1183578540000	100	0	no	60.9	242.1	23392	20809	13322	5933	0	37920	2771	2771	0	4479	4479	0
July 4, 2007 1:50:00 PM UTC	1183578600000	100	0	no	60.8	242.4	23392	20809	13322	5933	0	37920	2755	2755	0	4473	4473	0
July 4, 2007 1:51:00 PM UTC	1183578660000	100	0	no	60.6	242.7	23392	20809	13338	5850	0	37987	2805	2805	0	4506	4506	0
July 4, 2007 1:52:00 PM UTC	1183578720000	100	0	yes	60.4	243.1	23392	20809	13322	5912	0	37941	2778	2778	0	4481	4481	0
July 4, 2007 1:53:00 PM UTC	1183578780000	100	0	no	60.2	243.4	23392	20809	13330	5881	0	37964	2792	2792	0	4491	4491	0
July 4, 2007 1:54:00 PM UTC	1183578840000	100	0	no	60.1	243.7	23392	20809	13330	5881	0	37964	2791	2791	0	4493	4493	0
July 4, 2007 1:55:00 PM UTC	1183578900000	100	0	no	59.9	244.0	23392	20809	13335	5906	0	37934	2776	2776	0	4495	4495	0
July 4, 2007 1:56:00 PM UTC	1183578960000	100	0	no	59.7	244.3	23392	20809	13326	5944	0	37905	2758	2758	0	4485	4485	0
July 4, 2007 1:57:00 PM UTC	1183579020000	100	0	no	59.6	244.6	23392	20809	13338	5843	0	37994	2818	2816	2	4500	4500	0
July 4, 2007 1:58:00 PM UTC	1183579080000	100	0	no	59.4	244.9	23392	20809	13322	5906	0	37947	2786	2786	0	4481	4481	0
July 4, 2007 1:59:00 PM UTC	1183579140000	100	0	no	59.2	245.2	23392	20809	13338	5827	0	38010	2835	2834	0	4502	4502	0
July 4, 2007 2:00:00 PM UTC	1183579200000	100	0	no	59.0	245.5	23392	20809	13324	5891	0	37960	2795	2795	0	4483	4483	0
July 4, 2007 2:01:00 PM UTC	1183579260000	100	0	yes	58.9	245.8	23392	20809	13324	5890	0	37961	2801	2801	0	4485	4485	0
July 4, 2007 2:02:00 PM UTC	1183579320000	100	0	no	58.7	246.1	23392	20809	13345	5798	0	38032	2842	2842	0	4512	4512	0
July 4, 2007 2:03:00 PM UTC	1183579380000	100	0	no	58.5	246.3	23392	20809	13329	5819	0	38027	2834	2831	3	4492	4492	0
July 4, 2007 2:04:00 PM UTC	1183579440000	100	0	no	58.3	246.6	23392	20809	13321	5913	0	37941	2785	2785	0	4476	4476	0
July 4, 2007 2:05:00 PM UTC	1183579500000	100	0	no	58.2	246.9	23392	20809	13342	5822	0	38011	2825	2825	0	4501	4501	0
July 4, 2007 2:06:00 PM UTC	1183579560000	99	1	no	58.0	247.2	23392	20809	13328	5882	0	37965	2798	2798	0	4485	4485	0
July 4, 2007 2:07:00 PM UTC	1183579620000	99	1	no	57.8	247.5	23392	20809	13328	5880	0	37967	2800	2800	0	4477	4477	0
July 4, 2007 2:08:00 PM UTC	1183579680000	100	0	no	57.6	247.8	23392	20809	13335	5844	0	37996	2829	2829	0	4482	4482	0
July 4, 2007 2:09:00 PM UTC	1183579740000	100	0	no	57.5	248.0	23392	20809	13330	5871	0	37974	2812	2812	0	4476	4476	0
July 4, 2007 2:10:00 PM UTC	1183579800000	100	0	no	57.3	248.3	23392	20809	13329	5869	0	37977	2816	2810	6	4468	4468	0
July 4, 2007 2:11:00 PM UTC	1183579860000	100	0	no	57.1	248.6	23392	20809	13335	5844	0	37996	2827	2827	0	4471	4471	0
July 4, 2007 2:12:00 PM UTC	1183579920000	100	0	no	56.9	248.8	23392	20809	13335	5844	0	37996	2833	2822	11	4467	4467	0
July 4, 2007 2:13:00 PM UTC	1183579980000	100	0	no	56.7	249.1	23392	20809	13320	5909	0	37946	2799	2796	3	4443	4443	0
July 4, 2007 2:14:00 PM UTC	1183580040000	100	0	no	56.6	249.4	23392	20809	13339	5888	0	37948	2798	2784	14	4454	4454	0
July 4, 2007 2:15:00 PM UTC	1183580100000	100	0	no	56.4	249.6	23392	20809	13333	5914	0	37928	2789	2727	62	4446	4446	0
July 4, 2007 2:16:00 PM UTC	1183580160000	100	0	no	56.2	249.9	23392	20809	13319	5978	0	37878	2767	2752	15	4417	4417	0
July 4, 2007 2:17:00 PM UTC	1183580220000	100	0	no	56.0	250.1	23392	20809	13338	5879	0	37958	2822	2816	6	4436	4436	0
July 4, 2007 2:18:00 PM UTC	1183580280000	100	0	no	55.8	250.4	23392	20809	13325	5945	0	37905	2790	2790	0	4412	4412	0
July 4, 2007 2:19:00 PM UTC	1183580340000	100	0	no	55.7	250.7	23392	20809	13325	5945	0	37905	2786	2785	0	4406	4406	0
July 4, 2007 2:20:00 PM UTC	1183580400000	100	0	no	55.5	250.9	23392	20809	13343	5852	0	37980	2830	2820	10	4417	4417	0
July 4, 2007 2:21:00 PM UTC	1183580460000	100	0	no	55.3	251.2	23392	20809	13326	5942	0	37907	2789	2787	2	4388	4375	13
July 4, 2007 2:22:00 PM UTC	1183580520000	99	1	no	55.1	251.4	23392	20809	13343	5876	0	37956	2830	2639	190	4396	4384	11
July 4, 2007 2:23:00 PM UTC	1183580580000	99	1	no	54.9	251.7	23392	20809	13328	5826	0	38021	2846	2795	51	4379	4296	82
July 4, 2007 2:24:00 PM UTC	1183580640000	99	1	no	54.8	251.9	23392	20809	13333	5804	0	38038	2858	2602	256	4381	4357	24
July 4, 2007 2:25:00 PM UTC	1183580700000	97	3	no	54.6	252.1	23392	20809	13330	5872	0	37973	2815	2278	536	4364	4259	105
July 4, 2007 2:26:00 PM UTC	1183580760000	96	4	no	54.4	252.4	23392	20809	13330	5871	0	37974	2820	2130	690	4355	4088	267
July 4, 2007 2:27:00 PM UTC	1183580820000	95	5	no	54.2	252.6	23392	20809	13321	5916	0	37938	2808	2209	592	4331	4175	156
July 4, 2007 2:28:00 PM UTC	1183580880000	94	6	no	54.0	252.9	23392	20809	13335	5850	0	37990	2840	2543	290	4344	4326	18
July 4, 2007 2:29:00 PM UTC	1183580940000	92	8	no	53.8	253.1	23392	20809	13331	5870	0	37974	2825	2530	294	4327	4239	88
July 4, 2007 2:30:00 PM UTC	1183581000000	94	6	no	53.7	253.3	23392	20809	13331	5870	0	37974	2836	2391	429	4314	4308	6
July 4, 2007 2:31:00 PM UTC	1183581060000	96	4	no	53.5	253.6	23392	20809	13336	5849	0	37990	2840	2229	611	4308	4305	3
July 4, 2007 2:32:00 PM UTC	1183581120000	98	2	no	53.3	253.8	23392	20809	13336	5849	0	37990	2841	2838	3	4298	4281	17
July 4, 2007 2:33:00 PM UTC	1183581180000	99	1	no	53.1	254.0	23392	20809	13337	5848	0	37990	2846	2828	18	4287	4278	9
July 4, 2007 2:34:00 PM UTC	1183581240000	100	0	no	52.9	254.3	23392	20809	13321	5914	0	37940	2811	2806	5	4268	4268	0
July 4, 2007 2:35:00 PM UTC	1183581300000	100	0	no	52.7	254.5	23392	20809	13341	5829	0	38005	2851	2833	18	4274	4274	0
July 4, 2007 2:36:00 PM UTC	1183581360000	99	1	no	52.6	254.7	23392	20809	13326	5896	0	37953	2825	2797	25	4246	4244	2
July 4, 2007 2:37:00 PM UTC	1183581420000	99	1	no	52.4	255.0	23392	20809	13338	5904	0	37933	2810	2723	87	4241	4241	0
July 4, 2007 2:38:00 PM UTC	1183581480000	97	3	no	52.2	255.2	23392	20809	13322	5971	0	37882	2783	2755	28	4220	4205	15
July 4, 2007 2:39:00 PM UTC	1183581540000	97	3	no	52.0	255.4	23392	20809	13336	5899	0	37940	2824	2817	7	4226	4223	3
July 4, 2007 2:40:00 PM UTC	1183581600000	98	2	no	51.8	255.6	23392	20809	13322	5968	0	37885	2798	2772	26	4196	4196	0
July 4, 2007 2:41:00 PM UTC	1183581660000	99	1	no	51.6	255.8	23392	20809	13322	5968	0	37885	2798	2789	9	4184	4183	1
July 4, 2007 2:42:00 PM UTC	1183581720000	100	0	no	51.4	256.1	23392	20809	13338	5864	0	37973	2845	2802	43	4183	4174	9
July 4, 2007 2:43:00 PM UTC	1183581780000	100	0	no	51.3	256.3	23392	20809	13324	5931	0	37920	2808	2771	37	4161	4161	0
July 4, 2007 2:44:00 PM UTC	1183581840000	100	0	no	51.1	256.5	23392	20809	13338	5863	0	37974	2844	2812	32	4162	4161	1
July 4, 2007 2:45:00 PM UTC	1183581900000	100	0	no	50.9	256.7	23392	20809	13328	5914	0	37933	2812	2795	17	4141	4141	0
July 4, 2007 2:46:00 PM UTC	1183581960000	100	0	no	50.7	256.9	23392	20809	13345	5769	0	38061	2891	2877	14	4139	4139	0
July 4, 2007 2:47:00 PM UTC	1183582020000	100	0	no	50.5	257.1	23392	20809	13331	5830	0	38014	2858	2831	27	4117	4117	0
July 4, 2007 2:48:00 PM UTC	1183582080000	100	0	no	50.3	257.4	23392	20809	13345	5769	0	38061	2886	2824	62	4114	4114	0
July 4, 2007 2:49:00 PM UTC	1183582140000	100	0	no	50.1	257.6	23392	20809	13330	5837	0	38008	2855	2794	61	4090	4090	0
July 4, 2007 2:50:00 PM UTC	1183582200000	100	0	no	50.0	257.8	23392	20809	13347	5831	0	37997	2863	2766	97	4088	4088	0
July 4, 2007 2:51:00 PM UTC	1183582260000	100	0	no	49.8	258.0	23392	20809	13331	5902	0	37942	2838	2753	85	4060	4060	0
July 4, 2007 2:52:00 PM UTC	1183582320000	100	0	no	49.6	258.2	23392	20809	13344	5832	0	37999	2869	2782	87	4060	4060	0
July 4, 2007 2:53:00 PM UTC	1183582380000	100	0	no	49.4	258.4	23392	20809	13330	5901	0	37944	2834	2834	0	4036	4036	0
July 4, 2007 2:54:00 PM UTC	1183582440000	100	0	no	49.2	258.6	23392	20809	13330	5901	0	37944	2840	2840	0	4021	4021	0
July 4, 2007 2:55:00 PM UTC	1183582500000	100	0	no	49.0	258.8	23392	20809	13330	5901	0	37944	2840	2839	1	4007	4007	0
July 4, 2007 2:56:00 PM UTC	1183582560000	100	0	no	48.8	259.0	23392	20809	13333	5887	0	37955	2845	2842	3	3997	3997	0
July 4, 2007 2:57:00 PM UTC	1183582620000	100	0	no	48.6	259.2	23392	20809	13333	5887	0	37955	2849	2849	0	3981	3981	0
July 4, 2007 2:58:00 PM UTC	1183582680000	100	0	no	48.5	259.4	23392	20809	13330	5899	0	37946	2838	2838	0	3959	3959	0
July 4, 2007 2:59:00 PM UTC	1183582740000	100	0	no	48.3	259.6	23392	20809	13330	5899	0	37946	2841	2841	0	3947	3947	0
July 4, 2007 3:00:00 PM UTC	1183582800000	100	0	no	48.1	259.8	23392	20809	13315	5968	0	37892	2807	2807	0	3923	3923	0
July 4, 2007 3:01:00 PM UTC	1183582860000	100	0	no	47.9	260.0	23392	20809	13330	5897	0	37948	2845	2845	0	3920	3920	0
July 4, 2007 3:02:00 PM UTC	1183582920000	100	0	yes	47.7	260.2	23392	20809	13318	5922	0	37935	2815	2815	0	3897	3897	0
July 4, 2007 3:03:00 PM UTC	1183582980000	100	0	yes	47.5	260.4	23392	20809	13333	5853	0	37989	2858	2858	0	3899	3899	0
July 4, 2007 3:04:00 PM UTC	1183583040000	99	1	yes	47.3	260.6	23392	20809	13317	5922	0	37936	2825	2825	0	3865	3865	0
July 4, 2007 3:05:00 PM UTC	1183583100000	95	5	yes	47.1	260.8	23392	20809	13332	5935	0	37908	2837	2837	0	3865	3782	83
July 4, 2007 3:06:00 PM UTC	1183583160000	92	8	yes	46.9	261.0	23392	20809	13315	6006	0	37854	2796	2796	0	3829	3819	10
July 4, 2007 3:07:00 PM UTC	1183583220000	91	8	yes	46.8	261.2	23392	20809	13331	5936	0	37908	2836	2836	0	3834	3800	34
July 4, 2007 3:08:00 PM UTC	1183583280000	91	8	yes	46.6	261.4	23392	20809	13331	5936	0	37908	2838	2827	11	3809	3773	36
July 4, 2007 3:09:00 PM UTC	1183583340000	91	9	yes	46.4	261.6	23392	20809	13333	5859	0	37983	2875	2732	143	3805	3709	96
July 4, 2007 3:10:00 PM UTC	1183583400000	91	8	yes	46.2	261.7	23392	20809	13336	5849	0	37990	2876	2795	81	3786	3726	60
July 4, 2007 3:11:00 PM UTC	1183583460000	91	8	yes	46.0	261.9	23392	20809	13336	5848	0	37991	2873	2844	29	3774	3745	29
July 4, 2007 3:12:00 PM UTC	1183583520000	93	6	yes	45.8	262.1	23392	20809	13336	5848	0	37991	2872	2872	0	3755	3683	72
July 4, 2007 3:13:00 PM UTC	1183583580000	94	6	yes	45.6	262.3	23392	20809	13336	5848	0	37991	2878	2878	0	3738	3597	141
July 4, 2007 3:14:00 PM UTC	1183583640000	92	7	yes	45.4	262.5	23392	20809	13336	5848	0	37991	2875	2875	0	3729	3442	287
July 4, 2007 3:15:00 PM UTC	1183583700000	90	10	yes	45.2	262.7	23392	20809	13320	5918	0	37937	2842	2842	0	3700	3354	346
July 4, 2007 3:16:00 PM UTC	1183583760000	87	12	yes	45.1	262.9	23392	20809	13336	5847	0	37992	2882	2882	0	3694	3077	617
July 4, 2007 3:17:00 PM UTC	1183583820000	84	15	yes	44.9	263.1	23392	20809	13321	5913	0	37941	2845	2844	1	3671	2803	868
July 4, 2007 3:18:00 PM UTC	1183583880000	81	18	yes	44.7	263.2	23392	20809	13338	5837	0	38000	2888	2859	29	3664	2671	993
July 4, 2007 3:19:00 PM UTC	1183583940000	77	22	yes	44.5	263.4	23392	20809	13322	5907	0	37946	2845	2822	23	3641	2690	951
July 4, 2007 3:20:00 PM UTC	1183584000000	75	24	yes	44.3	263.6	23392	20809	13338	5844	0	37993	2890	2873	17	3628	2632	996
July 4, 2007 3:21:00 PM UTC	1183584060000	72	27	yes	44.1	263.8	23392	20809	13323	5886	0	37966	2855	2853	2	3610	2654	956
July 4, 2007 3:22:00 PM UTC	1183584120000	70	28	yes	43.9	264.0	23392	20809	13336	5898	0	37941	2866	2866	0	3602	2798	804
July 4, 2007 3:23:00 PM UTC	1183584180000	68	30	yes	43.7	264.1	23392	20809	13321	5969	0	37885	2828	2828	0	3576	2705	871
July 4, 2007 3:24:00 PM UTC	1183584240000	67	31	yes	43.5	264.3	23392	20809	13337	5893	0	37945	2871	2871	0	3566	2717	849
July 4, 2007 3:25:00 PM UTC	1183584300000	64	35	yes	43.3	264.5	23392	20809	13337	5893	0	37945	2867	2854	13	3551	2789	762
July 4, 2007 3:26:00 PM UTC	1183584360000	62	35	yes	43.2	264.7	23392	20809	13321	5963	0	37891	2834	2806	28	3531	2690	841
July 4, 2007 3:27:00 PM UTC	1183584420000	59	39	yes	43.0	264.9	23392	20809	13338	5893	0	37944	2883	2837	46	3514	2671	843
July 4, 2007 3:28:00 PM UTC	1183584480000	56	40	yes	42.8	265.0	23392	20809	13321	5963	0	37891	2840	2820	20	3495	2480	1015
July 4, 2007 3:29:00 PM UTC	1183584540000	55	41	yes	42.6	265.2	23392	20809	13337	5893	0	37945	2876	2862	14	3485	2467	1018
July 4, 2007 3:30:00 PM UTC	1183584600000	53	41	yes	42.4	265.4	23392	20809	13321	5962	0	37892	2833	2809	24	3466	2429	1031
July 4, 2007 3:31:00 PM UTC	1183584660000	52	40	yes	42.2	265.6	23392	20809	13339	5815	0	38021	2903	2861	42	3457	2453	932
July 4, 2007 3:32:00 PM UTC	1183584720000	51	41	yes	42.0	265.7	23392	20809	13326	5882	0	37967	2871	2821	50	3432	2418	992
July 4, 2007 3:33:00 PM UTC	1183584780000	49	40	yes	41.8	265.9	23392	20809	13326	5882	0	37967	2873	2820	53	3414	2253	1125
July 4, 2007 3:34:00 PM UTC	1183584840000	48	41	yes	41.6	266.1	23392	20809	13339	5813	0	38023	2915	2880	35	3404	2241	1151
July 4, 2007 3:35:00 PM UTC	1183584900000	47	40	yes	41.4	266.2	23392	20809	13323	5882	0	37970	2876	2856	20	3382	2169	1178
July 4, 2007 3:36:00 PM UTC	1183584960000	46	39	yes	41.2	266.4	23392	20809	13339	5812	0	38024	2910	2899	11	3370	2211	1127
July 4, 2007 3:37:00 PM UTC	1183585020000	45	38	yes	41.1	266.6	23392	20809	13323	5892	0	37960	2869	2853	16	3356	2245	1087
July 4, 2007 3:38:00 PM UTC	1183585080000	44	38	yes	40.9	266.8	23392	20809	13340	5818	0	38017	2920	2909	11	3339	2104	1197
July 4, 2007 3:39:00 PM UTC	1183585140000	43	36	yes	40.7	266.9	23392	20809	13324	5886	0	37965	2881	2810	71	3323	1923	1212
July 4, 2007 3:40:00 PM UTC	1183585200000	40	36	yes	40.5	267.1	23392	20809	13325	5883	0	37967	2884	2689	195	3303	1828	1243
July 4, 2007 3:41:00 PM UTC	1183585260000	39	35	yes	40.3	267.3	23392	20809	13338	5875	0	37962	2895	2516	379	3289	1834	938
July 4, 2007 3:42:00 PM UTC	1183585320000	38	31	yes	40.1	267.4	23392	20809	13322	5945	0	37908	2852	2484	367	3277	2001	799
July 4, 2007 3:43:00 PM UTC	1183585380000	38	26	yes	39.9	267.6	23392	20809	13336	5875	0	37964	2899	2461	438	3258	1889	855
July 4, 2007 3:44:00 PM UTC	1183585440000	38	22	yes	39.7	267.8	23392	20809	13321	5946	0	37908	2860	2467	393	3239	1923	879
July 4, 2007 3:45:00 PM UTC	1183585500000	36	20	yes	39.5	267.9	23392	20809	13335	5877	0	37963	2900	2246	603	3225	1980	780
July 4, 2007 3:46:00 PM UTC	1183585560000	36	18	yes	39.3	268.1	23392	20809	13321	5946	0	37908	2863	2400	432	3203	2025	624
July 4, 2007 3:47:00 PM UTC	1183585620000	37	17	yes	39.1	268.3	23392	20809	13321	5946	0	37908	2855	2559	294	3193	2033	539
July 4, 2007 3:48:00 PM UTC	1183585680000	38	17	yes	38.9	268.4	23392	20809	13339	5876	0	37960	2904	2621	277	3177	2074	545
July 4, 2007 3:49:00 PM UTC	1183585740000	39	17	yes	38.8	268.6	23392	20809	13321	5946	0	37908	2862	2602	260	3156	1939	828
July 4, 2007 3:50:00 PM UTC	1183585800000	39	15	yes	38.6	268.8	23392	20809	13339	5877	0	37959	2902	2592	310	3136	2137	843
July 4, 2007 3:51:00 PM UTC	1183585860000	42	11	yes	38.4	268.9	23392	20809	13321	5946	0	37908	2865	2669	179	3120	2368	518
July 4, 2007 3:52:00 PM UTC	1183585920000	45	11	yes	38.2	269.1	23392	20809	13321	5946	0	37908	2862	2753	109	3106	2725	350
July 4, 2007 3:53:00 PM UTC	1183585980000	48	12	yes	38.0	269.3	23392	20809	13340	5875	0	37960	2899	2657	242	3098	2832	266
July 4, 2007 3:54:00 PM UTC	1183586040000	52	15	no	37.8	269.4	23392	20809	13322	5869	0	37984	2874	2662	212	3081	2469	612
July 4, 2007 3:55:00 PM UTC	1183586100000	53	15	no	37.6	269.6	23392	20809	13340	5799	0	38036	2924	2810	114	3067	2515	526
July 4, 2007 3:56:00 PM UTC	1183586160000	55	14	no	37.4	269.7	23392	20809	13340	5799	0	38036	2922	2864	58	3054	2359	522
July 4, 2007 3:57:00 PM UTC	1183586220000	60	15	no	37.2	269.9	23392	20809	13340	5799	0	38036	2916	2883	33	3044	2136	496
July 4, 2007 3:58:00 PM UTC	1183586280000	62	18	no	37.0	270.1	23392	20809	13340	5799	0	38036	2907	2874	33	3033	2083	251
July 4, 2007 3:59:00 PM UTC	1183586340000	64	19	no	36.8	270.2	23392	20809	13322	5944	0	37909	2843	2833	10	3020	2225	153
July 4, 2007 4:00:00 PM UTC	1183586400000	63	18	no	36.7	270.4	23392	20809	13340	5791	0	38044	2903	2903	0	3008	2352	173
July 4, 2007 4:01:00 PM UTC	1183586460000	65	16	no	36.5	270.5	23392	20809	13322	5861	0	37992	2848	2848	0	2995	2459	290
July 4, 2007 4:02:00 PM UTC	1183586520000	68	15	no	36.3	270.7	23392	20809	13322	5945	0	37908	2830	2830	0	2982	2777	158
July 4, 2007 4:03:00 PM UTC	1183586580000	70	16	no	36.1	270.9	23392	20809	13340	5875	0	37960	2863	2863	0	2976	2801	157
July 4, 2007 4:04:00 PM UTC	1183586640000	74	15	no	35.9	271.0	23392	20809	13321	5946	0	37908	2820	2820	0	2965	2733	229
July 4, 2007 4:05:00 PM UTC	1183586700000	76	15	no	35.7	271.2	23392	20809	13339	5877	0	37959	2849	2844	0	2954	2933	21
July 4, 2007 4:06:00 PM UTC	1183586760000	80	13	no	35.5	271.3	23392	20809	13321	5946	0	37908	2808	2808	0	2945	2945	0
July 4, 2007 4:07:00 PM UTC	1183586820000	88	9	no	35.3	271.5	23392	20809	13321	5946	0	37908	2804	2793	0	2934	2934	0
July 4, 2007 4:08:00 PM UTC	1183586880000	92	8	no	35.1	271.7	23392	20809	13339	5876	0	37960	2832	2830	0	2932	2932	0
July 4, 2007 4:09:00 PM UTC	1183586940000	92	6	no	34.9	271.8	23392	20809	13321	5946	0	37908	2787	2774	0	2919	2919	0
July 4, 2007 4:10:00 PM UTC	1183587000000	91	5	no	34.7	272.0	23392	20809	13335	5877	0	37963	2817	2790	0	2913	2913	0
July 4, 2007 4:11:00 PM UTC	1183587060000	90	5	no	34.5	272.1	23392	20809	13321	5946	0	37908	2775	2740	0	2904	2904	0
July 4, 2007 4:12:00 PM UTC	1183587120000	87	7	no	34.4	272.3	23392	20809	13321	5946	0	37908	2765	2729	0	2900	2900	0
July 4, 2007 4:13:00 PM UTC	1183587180000	84	8	no	34.2	272.4	23392	20809	13336	5875	0	37964	2801	2767	0	2891	2891	0
July 4, 2007 4:14:00 PM UTC	1183587240000	86	6	no	34.0	272.6	23392	20809	13322	5945	0	37908	2748	2746	0	2880	2880	0
July 4, 2007 4:15:00 PM UTC	1183587300000	88	5	no	33.8	272.7	23392	20809	13338	5875	0	37962	2778	2771	0	2873	2873	0
July 4, 2007 4:16:00 PM UTC	1183587360000	90	4	no	33.6	272.9	23392	20809	13325	5887	0	37963	2753	2708	0	2868	2868	0
July 4, 2007 4:17:00 PM UTC	1183587420000	93	3	no	33.4	273.1	23392	20809	13324	5890	0	37961	2746	2716	0	2860	2860	0
July 4, 2007 4:18:00 PM UTC	1183587480000	94	2	no	33.2	273.2	23392	20809	13340	5820	0	38015	2771	2630	0	2858	2858	0
July 4, 2007 4:19:00 PM UTC	1183587540000	96	2	no	33.0	273.4	23392	20809	13323	5892	0	37960	2723	2562	0	2853	2853	0
July 4, 2007 4:20:00 PM UTC	1183587600000	98	1	no	32.8	273.5	23392	20809	13339	5822	0	38014	2757	2612	0	2841	2841	0
July 4, 2007 4:21:00 PM UTC	1183587660000	99	0	no	32.6	273.7	23392	20809	13339	5811	0	38025	2745	2582	0	2835	2835	0
July 4, 2007 4:22:00 PM UTC	1183587720000	100	0	no	32.4	273.8	23392	20809	13323	5880	0	37972	2685	2551	0	2839	2839	0
July 4, 2007 4:23:00 PM UTC	1183587780000	100	0	no	32.3	274.0	23392	20809	13339	5810	0	38026	2718	2623	0	2829	2829	0
July 4, 2007 4:24:00 PM UTC	1183587840000	100	0	no	32.1	274.1	23392	20809	13326	5878	0	37971	2676	2572	0	2824	2824	0
July 4, 2007 4:25:00 PM UTC	1183587900000	100	0	no	31.9	274.3	23392	20809	13326	5878	0	37971	2664	2580	0	2819	2819	0
July 4, 2007 4:26:00 PM UTC	1183587960000	100	0	no	31.7	274.4	23392	20809	13339	5809	0	38027	2688	2606	0	2819	2819	0
July 4, 2007 4:27:00 PM UTC	1183588020000	100	0	no	31.5	274.6	23392	20809	13321	5963	0	37891	2616	2615	1	2813	2813	0
July 4, 2007 4:28:00 PM UTC	1183588080000	100	0	no	31.3	274.7	23392	20809	13337	5893	0	37945	2643	2640	1	2808	2808	0
July 4, 2007 4:29:00 PM UTC	1183588140000	100	0	no	31.1	274.9	23392	20809	13337	5893	0	37945	2635	2586	0	2804	2804	0
July 4, 2007 4:30:00 PM UTC	1183588200000	100	0	no	30.9	275.0	23392	20809	13321	5963	0	37891	2590	2440	0	2800	2800	0
July 4, 2007 4:31:00 PM UTC	1183588260000	99	0	no	30.7	275.2	23392	20809	13338	5893	0	37944	2615	2377	0	2797	2797	0
July 4, 2007 4:32:00 PM UTC	1183588320000	100	0	no	30.5	275.3	23392	20809	13321	5964	0	37890	2562	2466	0	2797	2797	0
July 4, 2007 4:33:00 PM UTC	1183588380000	100	0	no	30.3	275.5	23392	20809	13337	5894	0	37944	2588	2427	0	2792	2792	0
July 4, 2007 4:34:00 PM UTC	1183588440000	100	0	no	30.2	275.6	23392	20809	13337	5894	0	37944	2572	2507	0	2789	2789	0
July 4, 2007 4:35:00 PM UTC	1183588500000	100	0	no	30.0	275.8	23392	20809	13321	5967	0	37887	2526	2495	0	2784	2784	0
July 4, 2007 4:36:00 PM UTC	1183588560000	100	0	no	29.8	275.9	23392	20809	13336	5896	0	37943	2545	2480	0	2788	2788	0
July 4, 2007 4:37:00 PM UTC	1183588620000	100	0	no	29.6	276.1	23392	20809	13336	5896	0	37943	2542	2471	0	2782	2782	0
July 4, 2007 4:38:00 PM UTC	1183588680000	100	0	no	29.4	276.2	23392	20809	13323	5890	0	37962	2512	2412	0	2780	2780	0
July 4, 2007 4:39:00 PM UTC	1183588740000	100	0	no	29.2	276.4	23392	20809	13338	5846	0	37991	2532	2466	0	2779	2779	0
July 4, 2007 4:40:00 PM UTC	1183588800000	100	0	no	29.0	276.5	23392	20809	13322	5909	0	37944	2479	2468	0	2782	2782	0
July 4, 2007 4:41:00 PM UTC	1183588860000	100	0	no	28.8	276.7	23392	20809	13338	5838	0	37999	2506	2484	0	2774	2774	0
July 4, 2007 4:42:00 PM UTC	1183588920000	100	0	no	28.6	276.8	23392	20809	13338	5838	0	37999	2493	2445	0	2770	2770	0
July 4, 2007 4:43:00 PM UTC	1183588980000	100	0	no	28.4	277.0	23392	20809	13321	5913	0	37941	2440	2407	0	2774	2774	0
July 4, 2007 4:44:00 PM UTC	1183589040000	100	0	no	28.3	277.1	23392	20809	13336	5846	0	37993	2463	2413	0	2771	2771	0
July 4, 2007 4:45:00 PM UTC	1183589100000	100	0	no	28.1	277.3	23392	20809	13336	5846	0	37993	2446	2398	0	2773	2773	0
July 4, 2007 4:46:00 PM UTC	1183589160000	100	0	no	27.9	277.4	23392	20809	13320	5916	0	37939	2400	2323	1	2774	2774	0
July 4, 2007 4:47:00 PM UTC	1183589220000	99	0	no	27.7	277.6	23392	20809	13336	5845	0	37994	2424	2245	64	2770	2769	1
July 4, 2007 4:48:00 PM UTC	1183589280000	100	0	no	27.5	277.7	23392	20809	13336	5845	0	37994	2409	2342	2	2770	2766	4
July 4, 2007 4:49:00 PM UTC	1183589340000	100	0	no	27.3	277.9	23392	20809	13336	5844	0	37995	2393	2347	0	2770	2769	1
July 4, 2007 4:50:00 PM UTC	1183589400000	100	0	no	27.1	278.0	23392	20809	13336	5844	0	37995	2379	2374	0	2775	2775	0
July 4, 2007 4:51:00 PM UTC	1183589460000	100	0	no	26.9	278.2	23392	20809	13320	5917	0	37938	2338	2325	0	2763	2763	0
July 4, 2007 4:52:00 PM UTC	1183589520000	99	1	no	26.7	278.3	23392	20809	13336	5843	0	37996	2355	2224	0	2771	2764	7
July 4, 2007 4:53:00 PM UTC	1183589580000	98	1	no	26.5	278.4	23392	20809	13333	5853	0	37989	2339	1931	0	2776	2776	0
July 4, 2007 4:54:00 PM UTC	1183589640000	99	0	no	26.4	278.6	23392	20809	13315	6004	0	37856	2272	1914	46	2769	2769	0
July 4, 2007 4:55:00 PM UTC	1183589700000	99	0	no	26.2	278.7	23392	20809	13331	5936	0	37908	2289	1870	77	2777	2777	0
July 4, 2007 4:56:00 PM UTC	1183589760000	99	0	no	26.0	278.9	23392	20809	13331	5936	0	37908	2276	1955	19	2771	2771	0
July 4, 2007 4:57:00 PM UTC	1183589820000	99	0	no	25.8	279.0	23392	20809	13332	5933	0	37910	2262	2068	0	2770	2770	0
July 4, 2007 4:58:00 PM UTC	1183589880000	100	0	no	25.6	279.2	23392	20809	13332	5933	0	37910	2250	2178	0	2784	2784	0
July 4, 2007 4:59:00 PM UTC	1183589940000	100	0	no	25.4	279.3	23392	20809	13334	5863	0	37978	2249	2191	0	2781	2781	0
July 4, 2007 5:00:00 PM UTC	1183590000000	100	0	no	25.2	279.5	23392	20809	13333	5859	0	37983	2235	2213	0	2780	2780	0
July 4, 2007 5:01:00 PM UTC	1183590060000	100	0	no	25.0	279.6	23392	20809	13333	5859	0	37983	2217	2198	0	2792	2792	0
July 4, 2007 5:02:00 PM UTC	1183590120000	100	0	no	24.8	279.8	23392	20809	13333	5859	0	37983	2204	2164	0	2782	2782	0
July 4, 2007 5:03:00 PM UTC	1183590180000	100	0	no	24.7	279.9	23392	20809	13330	5871	0	37974	2190	2190	0	2788	2788	0
July 4, 2007 5:04:00 PM UTC	1183590240000	100	0	no	24.5	280.1	23392	20809	13330	5899	0	37946	2170	2170	0	2790	2790	0
July 4, 2007 5:05:00 PM UTC	1183590300000	100	0	no	24.3	280.2	23392	20809	13315	5968	0	37892	2122	2108	0	2795	2795	0
July 4, 2007 5:06:00 PM UTC	1183590360000	99	0	no	24.1	280.3	23392	20809	13330	5898	0	37947	2138	1923	0	2796	2796	0
July 4, 2007 5:07:00 PM UTC	1183590420000	100	0	no	23.9	280.5	23392	20809	13330	5898	0	37947	2128	2106	0	2798	2798	0
July 4, 2007 5:08:00 PM UTC	1183590480000	100	0	no	23.7	280.6	23392	20809	13330	5897	0	37948	2112	2112	0	2800	2800	0
July 4, 2007 5:09:00 PM UTC	1183590540000	100	0	no	23.5	280.8	23392	20809	13333	5884	0	37958	2104	2104	0	2804	2804	0
July 4, 2007 5:10:00 PM UTC	1183590600000	100	0	no	23.3	280.9	23392	20809	13333	5884	1	37957	2083	1926	0	2811	2811	0
July 4, 2007 5:11:00 PM UTC	1183590660000	99	0	no	23.2	281.1	23392	20809	13333	5884	6	37952	2073	1813	0	2812	2812	0
July 4, 2007 5:12:00 PM UTC	1183590720000	99	0	no	23.0	281.2	23392	20809	13330	5897	9	37939	2050	1794	0	2820	2820	0
July 4, 2007 5:13:00 PM UTC	1183590780000	99	0	no	22.8	281.4	23392	20809	13330	5897	10	37938	2038	1752	6	2822	2822	0
July 4, 2007 5:14:00 PM UTC	1183590840000	99	0	no	22.6	281.5	23392	20809	13330	5896	12	37937	2021	1783	0	2824	2824	0
July 4, 2007 5:15:00 PM UTC	1183590900000	99	0	no	22.4	281.7	23392	20809	13330	5896	13	37936	2004	1756	0	2830	2830	0
July 4, 2007 5:16:00 PM UTC	1183590960000	100	0	no	22.2	281.8	23392	20809	13330	5896	12	37937	1987	1865	0	2839	2839	0
July 4, 2007 5:17:00 PM UTC	1183591020000	100	0	no	22.0	281.9	23392	20809	13331	5895	3	37946	1973	1847	0	2840	2840	0
July 4, 2007 5:18:00 PM UTC	1183591080000	100	0	no	21.8	282.1	23392	20809	13331	5895	8	37941	1966	1920	0	2840	2840	0
July 4, 2007 5:19:00 PM UTC	1183591140000	100	0	no	21.7	282.2	23392	20809	13347	5825	23	37980	1972	1944	0	2848	2848	0
July 4, 2007 5:20:00 PM UTC	1183591200000	100	0	no	21.5	282.4	23392	20809	13330	5837	39	37969	1933	1894	0	2856	2856	0
July 4, 2007 5:21:00 PM UTC	1183591260000	100	0	yes	21.3	282.5	23392	20809	13330	5837	44	37964	1920	1873	0	2859	2859	0
July 4, 2007 5:22:00 PM UTC	1183591320000	100	0	yes	21.1	282.7	23392	20809	13345	5769	56	38005	1935	1879	0	2863	2863	0
July 4, 2007 5:23:00 PM UTC	1183591380000	100	0	yes	20.9	282.8	23392	20809	13331	5828	55	37961	1897	1842	0	2866	2866	0
July 4, 2007 5:24:00 PM UTC	1183591440000	100	0	yes	20.7	283.0	23392	20809	13331	5828	59	37957	1877	1818	0	2875	2875	0
July 4, 2007 5:25:00 PM UTC	1183591500000	100	0	yes	20.5	283.1	23392	20809	13345	5768	67	37995	1887	1820	0	2880	2880	0
July 4, 2007 5:26:00 PM UTC	1183591560000	100	0	yes	20.3	283.2	23392	20809	13328	5917	61	37869	1835	1774	0	2884	2884	0
July 4, 2007 5:27:00 PM UTC	1183591620000	100	0	yes	20.2	283.4	23392	20809	13343	5849	71	37912	1846	1775	0	2892	2892	0
July 4, 2007 5:28:00 PM UTC	1183591680000	100	0	yes	20.0	283.5	23392	20809	13324	5932	68	37851	1798	1730	0	2899	2899	0
July 4, 2007 5:29:00 PM UTC	1183591740000	99	1	yes	19.8	283.7	23392	20809	13324	5932	71	37848	1783	1710	0	2905	2905	0
July 4, 2007 5:30:00 PM UTC	1183591800000	99	1	yes	19.6	283.8	23392	20809	13338	5865	80	37892	1794	1714	0	2908	2908	0
July 4, 2007 5:31:00 PM UTC	1183591860000	99	1	yes	19.4	284.0	23392	20809	13323	5932	75	37845	1747	1672	0	2922	2922	0
July 4, 2007 5:32:00 PM UTC	1183591920000	98	2	yes	19.2	284.1	23392	20809	13322	5966	80	37807	1738	1658	0	2921	2921	0
July 4, 2007 5:33:00 PM UTC	1183591980000	98	2	yes	19.0	284.3	23392	20809	13338	5898	89	37850	1745	1656	0	2930	2930	0
July 4, 2007 5:34:00 PM UTC	1183592040000	98	1	yes	18.9	284.4	23392	20809	13322	5966	84	37803	1707	1623	0	2937	2937	0
July 4, 2007 5:35:00 PM UTC	1183592100000	98	1	yes	18.7	284.5	23392	20809	13322	5966	86	37801	1688	1602	0	2947	2947	0
July 4, 2007 5:36:00 PM UTC	1183592160000	98	1	yes	18.5	284.7	23392	20809	13336	5895	95	37849	1695	1600	0	2951	2951	0
July 4, 2007 5:37:00 PM UTC	1183592220000	98	2	yes	18.3	284.8	23392	20809	13322	5967	91	37795	1655	1564	0	2960	2960	0
July 4, 2007 5:38:00 PM UTC	1183592280000	98	1	no	18.1	285.0	23392	20809	13322	5967	94	37792	1636	1542	0	2971	2971	0
July 4, 2007 5:39:00 PM UTC	1183592340000	99	1	no	17.9	285.1	23392	20809	13338	5900	103	37834	1650	1547	0	2976	2976	0
July 4, 2007 5:40:00 PM UTC	1183592400000	99	1	no	17.8	285.3	23392	20809	13326	5898	101	37850	1622	1521	0	2984	2984	0
July 4, 2007 5:41:00 PM UTC	1183592460000	99	1	no	17.6	285.4	23392	20809	13341	5830	109	37895	1632	1523	0	2991	2991	0
July 4, 2007 5:42:00 PM UTC	1183592520000	99	1	no	17.4	285.6	23392	20809	13336	5848	109	37882	1601	1492	0	3003	3003	0
July 4, 2007 5:43:00 PM UTC	1183592580000	99	1	no	17.2	285.7	23392	20809	13321	5914	106	37834	1569	1463	0	3006	3006	0
July 4, 2007 5:44:00 PM UTC	1183592640000	99	1	no	17.0	285.8	23392	20809	13337	5847	108	37883	1575	1467	0	3017	3017	0
July 4, 2007 5:45:00 PM UTC	1183592700000	99	1	no	16.8	286.0	23392	20809	13337	5847	110	37881	1559	1449	0	3029	3029	0
July 4, 2007 5:46:00 PM UTC	1183592760000	100	0	no	16.6	286.1	23392	20809	13322	5912	107	37834	1526	1419	0	3033	3033	0
July 4, 2007 5:47:00 PM UTC	1183592820000	100	0	no	16.5	286.3	23392	20809	13336	5847	118	37874	1530	1412	0	3046	3046	0
July 4, 2007 5:48:00 PM UTC	1183592880000	100	0	no	16.3	286.4	23392	20809	13336	5847	118	37874	1515	1397	0	3054	3054	0
July 4, 2007 5:49:00 PM UTC	1183592940000	100	0	no	16.1	286.6	23392	20809	13317	5935	106	37817	1461	1355	0	3065	3065	0
July 4, 2007 5:50:00 PM UTC	1183593000000	100	0	no	15.9	286.7	23392	20809	13331	5866	117	37861	1476	1359	0	3071	3071	0
July 4, 2007 5:51:00 PM UTC	1183593060000	100	0	yes	15.7	286.9	23392	20809	13331	5866	119	37859	1460	1341	0	3082	3082	0
July 4, 2007 5:52:00 PM UTC	1183593120000	100	0	yes	15.5	287.0	23392	20809	13335	5846	125	37869	1454	1329	0	3092	3092	0
July 4, 2007 5:53:00 PM UTC	1183593180000	100	0	yes	15.4	287.2	23392	20809	13335	5846	123	37871	1442	1319	0	3103	3103	0
July 4, 2007 5:54:00 PM UTC	1183593240000	100	0	yes	15.2	287.3	23392	20809	13335	5846	126	37868	1424	1294	4	3115	3115	0
July 4, 2007 5:55:00 PM UTC	1183593300000	100	0	yes	15.0	287.4	23392	20809	13330	5866	125	37854	1401	1276	0	3127	3127	0
July 4, 2007 5:56:00 PM UTC	1183593360000	100	0	yes	14.8	287.6	23392	20809	13330	5866	128	37851	1380	1251	1	3140	3140	0
July 4, 2007 5:57:00 PM UTC	1183593420000	100	0	yes	14.6	287.7	23392	20809	13330	5866	125	37854	1362	1237	0	3151	3151	0
July 4, 2007 5:58:00 PM UTC	1183593480000	100	0	yes	14.4	287.9	23392	20809	13330	5865	129	37851	1348	1219	0	3164	3164	0
July 4, 2007 5:59:00 PM UTC	1183593540000	100	0	yes	14.3	288.0	23392	20809	13330	5865	129	37851	1337	1208	0	3173	3173	0
July 4, 2007 6:00:00 PM UTC	1183593600000	100	0	yes	14.1	288.2	23392	20809	13333	5803	135	37904	1332	1197	0	3185	3185	0
July 4, 2007 6:01:00 PM UTC	1183593660000	99	1	yes	13.9	288.3	23392	20809	13333	5803	130	37909	1315	1185	0	3198	3198	0
July 4, 2007 6:02:00 PM UTC	1183593720000	98	2	yes	13.7	288.5	23392	20809	13328	5824	128	37895	1293	1165	0	3206	3206	0
July 4, 2007 6:03:00 PM UTC	1183593780000	98	2	yes	13.5	288.6	23392	20809	13343	5878	133	37821	1287	1154	0	3219	3219	0
July 4, 2007 6:04:00 PM UTC	1183593840000	97	3	no	13.4	288.8	23392	20809	13326	5944	124	37781	1256	1132	0	3228	3228	0
July 4, 2007 6:05:00 PM UTC	1183593900000	96	4	no	13.2	288.9	23392	20809	13326	5944	123	37782	1237	1113	1	3244	3244	0
July 4, 2007 6:06:00 PM UTC	1183593960000	96	4	yes	13.0	289.0	23392	20809	13343	5852	132	37848	1253	1120	1	3257	3257	0
July 4, 2007 6:07:00 PM UTC	1183594020000	95	5	yes	12.8	289.2	23392	20809	13331	5921	129	37794	1211	1082	0	3279	3279	0
July 4, 2007 6:08:00 PM UTC	1183594080000	93	7	yes	12.6	289.3	23392	20809	13325	5943	130	37777	1191	1061	0	3289	3289	0
July 4, 2007 6:09:00 PM UTC	1183594140000	93	7	yes	12.5	289.5	23392	20809	13342	5877	133	37823	1194	1061	0	3303	3299	4
July 4, 2007 6:10:00 PM UTC	1183594200000	92	8	yes	12.3	289.6	23392	20809	13325	5943	125	37782	1164	1039	0	3314	3314	0
July 4, 2007 6:11:00 PM UTC	1183594260000	89	11	yes	12.1	289.8	23392	20809	13325	5943	120	37787	1149	1029	0	3329	3329	0
July 4, 2007 6:12:00 PM UTC	1183594320000	89	11	yes	11.9	289.9	23392	20809	13338	5877	127	37833	1155	1028	0	3346	3346	0
July 4, 2007 6:13:00 PM UTC	1183594380000	89	11	yes	11.7	290.1	23392	20809	13319	5975	117	37764	1112	995	0	3362	3362	0
July 4, 2007 6:14:00 PM UTC	1183594440000	89	11	yes	11.6	290.2	23392	20809	13333	5911	122	37809	1114	992	0	3377	3377	0
July 4, 2007 6:15:00 PM UTC	1183594500000	89	11	yes	11.4	290.4	23392	20809	13333	5911	121	37810	1102	981	0	3389	3389	0
July 4, 2007 6:16:00 PM UTC	1183594560000	91	9	yes	11.2	290.5	23392	20809	13319	5975	115	37766	1068	949	3	3404	3404	0
July 4, 2007 6:17:00 PM UTC	1183594620000	91	9	yes	11.0	290.7	23392	20809	13339	5884	121	37831	1083	962	0	3416	3416	0
July 4, 2007 6:18:00 PM UTC	1183594680000	94	6	yes	10.8	290.8	23392	20809	13341	5820	120	37894	1069	949	0	3437	3437	0
July 4, 2007 6:19:00 PM UTC	1183594740000	94	6	yes	10.7	291.0	23392	20809	13320	5909	114	37832	1032	918	0	3447	3447	0
July 4, 2007 6:20:00 PM UTC	1183594800000	94	6	yes	10.5	291.1	23392	20809	13335	5844	118	37878	1034	916	0	3464	3464	0
July 4, 2007 6:21:00 PM UTC	1183594860000	94	6	yes	10.3	291.3	23392	20809	13335	5844	117	37879	1021	904	0	3479	3479	0
July 4, 2007 6:22:00 PM UTC	1183594920000	95	5	yes	10.1	291.4	23392	20809	13321	5909	110	37835	987	877	0	3494	3494	0
July 4, 2007 6:23:00 PM UTC	1183594980000	95	5	yes	9.9	291.6	23392	20809	13335	5844	113	37883	985	872	0	3512	3512	0
July 4, 2007 6:24:00 PM UTC	1183595040000	95	5	yes	9.8	291.7	23392	20809	13329	5868	111	37867	970	859	0	3521	3521	0
July 4, 2007 6:25:00 PM UTC	1183595100000	95	5	yes	9.6	291.9	23392	20809	13330	5868	108	37869	950	842	0	3540	3540	0
July 4, 2007 6:26:00 PM UTC	1183595160000	94	6	yes	9.4	292.0	23392	20809	13330	5868	106	37871	939	833	0	3551	3551	0
July 4, 2007 6:27:00 PM UTC	1183595220000	95	5	yes	9.2	292.1	23392	20809	13336	5841	109	37889	930	821	0	3567	3567	0
July 4, 2007 6:28:00 PM UTC	1183595280000	93	7	yes	9.1	292.3	23392	20809	13335	5840	108	37892	920	812	0	3578	3578	0
July 4, 2007 6:29:00 PM UTC	1183595340000	93	7	yes	8.9	292.4	23392	20809	13335	5840	104	37896	906	802	0	3592	3592	0
July 4, 2007 6:30:00 PM UTC	1183595400000	92	8	yes	8.7	292.6	23392	20809	13328	5879	103	37865	884	781	0	3605	3605	0
July 4, 2007 6:31:00 PM UTC	1183595460000	91	9	yes	8.5	292.7	23392	20809	13328	5878	101	37868	870	769	0	3619	3619	0
July 4, 2007 6:32:00 PM UTC	1183595520000	90	10	no	8.4	292.9	23392	20809	13328	5878	100	37869	856	756	0	3634	3634	0
July 4, 2007 6:33:00 PM UTC	1183595580000	86	14	no	8.2	293.0	23392	20809	13328	5878	99	37870	844	745	0	3641	3641	0
July 4, 2007 6:34:00 PM UTC	1183595640000	83	17	no	8.0	293.2	23392	20809	13328	5877	97	37873	828	731	0	3662	3662	0
July 4, 2007 6:35:00 PM UTC	1183595700000	80	20	no	7.8	293.3	23392	20809	13321	5908	95	37851	809	714	0	3670	3668	2
July 4, 2007 6:36:00 PM UTC	1183595760000	78	22	no	7.6	293.5	23392	20809	13339	5774	100	37962	815	715	0	3692	3660	32
July 4, 2007 6:37:00 PM UTC	1183595820000	76	23	no	7.5	293.6	23392	20809	13329	5817	99	37930	794	695	0	3699	3682	17
July 4, 2007 6:38:00 PM UTC	1183595880000	74	24	no	7.3	293.8	23392	20809	13329	5817	99	37930	778	649	28	3716	3658	58
July 4, 2007 6:39:00 PM UTC	1183595940000	72	25	no	7.1	293.9	23392	20809	13345	5794	99	37937	782	650	30	3729	3601	128
July 4, 2007 6:40:00 PM UTC	1183596000000	68	27	no	6.9	294.1	23392	20809	13324	5885	94	37872	747	593	33	3736	3272	450
July 4, 2007 6:41:00 PM UTC	1183596060000	62	32	no	6.8	294.3	23392	20809	13324	5885	92	37874	735	632	0	3751	3388	363
July 4, 2007 6:42:00 PM UTC	1183596120000	63	29	no	6.6	294.4	23392	20809	13337	5822	96	37920	734	638	0	3769	3444	325
July 4, 2007 6:43:00 PM UTC	1183596180000	60	31	no	6.4	294.6	23392	20809	13324	5884	89	37878	708	619	0	3775	3272	503
July 4, 2007 6:44:00 PM UTC	1183596240000	60	31	no	6.3	294.7	23392	20809	13324	5884	88	37879	694	606	0	3789	3333	456
July 4, 2007 6:45:00 PM UTC	1183596300000	60	32	no	6.1	294.9	23392	20809	13338	5820	92	37925	696	604	0	3806	3423	383
July 4, 2007 6:46:00 PM UTC	1183596360000	57	34	no	5.9	295.0	23392	20809	13322	5899	88	37866	667	579	0	3815	3578	237
July 4, 2007 6:47:00 PM UTC	1183596420000	54	36	no	5.7	295.2	23392	20809	13338	5836	90	37911	667	571	6	3831	3674	157
July 4, 2007 6:48:00 PM UTC	1183596480000	50	34	no	5.6	295.3	23392	20809	13338	5836	93	37908	653	560	0	3846	3725	121
July 4, 2007 6:49:00 PM UTC	1183596540000	45	36	no	5.4	295.5	23392	20809	13314	6000	90	37771	615	525	0	3852	3810	42
July 4, 2007 6:50:00 PM UTC	1183596600000	44	36	no	5.2	295.6	23392	20809	13326	5941	101	37807	619	518	0	3866	3801	65
July 4, 2007 6:51:00 PM UTC	1183596660000	40	39	no	5.0	295.8	23392	20809	13326	5941	105	37803	607	502	0	3878	3809	69
July 4, 2007 6:52:00 PM UTC	1183596720000	39	39	no	4.9	295.9	23392	20809	13314	5999	104	37758	587	483	0	3879	3798	81
July 4, 2007 6:53:00 PM UTC	1183596780000	39	38	no	4.7	296.1	23392	20809	13335	5902	114	37824	590	476	0	3905	3806	99
July 4, 2007 6:54:00 PM UTC	1183596840000	40	35	no	4.5	296.2	23392	20809	13330	5884	119	37842	581	462	0	3910	3869	41
July 4, 2007 6:55:00 PM UTC	1183596900000	38	35	no	4.4	296.4	23392	20809	13330	5881	124	37840	565	441	0	3927	3852	75
July 4, 2007 6:56:00 PM UTC	1183596960000	39	34	no	4.2	296.5	23392	20809	13330	5881	124	37840	558	434	0	3933	3830	103
July 4, 2007 6:57:00 PM UTC	1183597020000	40	31	no	4.0	296.7	23392	20809	13330	5881	95	37869	541	443	0	3951	3887	64
July 4, 2007 6:58:00 PM UTC	1183597080000	42	31	no	3.8	296.9	23392	20809	13338	5848	77	37912	536	417	0	3960	3851	106
July 4, 2007 6:59:00 PM UTC	1183597140000	45	28	no	3.7	297.0	23392	20809	13322	5912	59	37882	509	410	0	3970	3818	117
July 4, 2007 7:00:00 PM UTC	1183597200000	49	24	no	3.5	297.2	23392	20809	13330	5881	83	37881	506	378	0	3984	3810	111
July 4, 2007 7:01:00 PM UTC	1183597260000	56	24	no	3.3	297.3	23392	20809	13338	5848	101	37888	500	399	0	3999	3806	90
July 4, 2007 7:02:00 PM UTC	1183597320000	58	24	no	3.2	297.5	23392	20809	13330	5868	105	37872	482	379	0	4011	3990	19
