March 6, 2008 6:39:00 AM UTC	1204807140000	0	0	no	3.1	99.7	23392	20809	13333	5855	218	37769	482	0	0	4007	0	0
March 6, 2008 6:40:00 AM UTC	1204807200000	0	0	no	3.2	99.8	23392	20809	13330	5865	193	37787	495	0	0	3990	0	0
March 6, 2008 6:41:00 AM UTC	1204807260000	0	0	no	3.4	100.0	23392	20809	13330	5897	176	37772	505	0	0	3979	0	0
March 6, 2008 6:42:00 AM UTC	1204807320000	0	0	no	3.6	100.2	23392	20809	13330	5897	158	37790	514	0	0	3969	0	0
March 6, 2008 6:43:00 AM UTC	1204807380000	0	0	no	3.8	100.3	23392	20809	13330	5898	146	37801	532	0	0	3953	0	0
March 6, 2008 6:44:00 AM UTC	1204807440000	0	0	no	4.0	100.5	23392	20809	13330	5898	135	37812	544	0	0	3941	0	0
March 6, 2008 6:45:00 AM UTC	1204807500000	0	2	no	4.2	100.6	23392	20809	13330	5899	127	37819	554	0	0	3929	0	0
March 6, 2008 6:46:00 AM UTC	1204807560000	0	2	no	4.4	100.8	23392	20809	13333	5887	122	37833	575	0	0	3913	0	0
March 6, 2008 6:47:00 AM UTC	1204807620000	1	14	no	4.6	101.0	23392	20809	13333	5887	118	37837	586	0	0	3904	0	0
March 6, 2008 6:48:00 AM UTC	1204807680000	1	26	no	4.7	101.1	23392	20809	13330	5900	113	37832	592	0	0	3891	0	0
March 6, 2008 6:49:00 AM UTC	1204807740000	1	25	no	4.9	101.3	23392	20809	13330	5900	108	37837	611	0	0	3875	0	24
March 6, 2008 6:50:00 AM UTC	1204807800000	1	20	no	5.1	101.5	23392	20809	13330	5900	103	37842	619	0	0	3866	4	0
March 6, 2008 6:51:00 AM UTC	1204807860000	2	33	no	5.3	101.6	23392	20809	13330	5900	100	37845	638	0	0	3847	0	4
March 6, 2008 6:52:00 AM UTC	1204807920000	3	39	no	5.5	101.8	23392	20809	13330	5900	93	37852	651	0	0	3834	2	21
March 6, 2008 6:53:00 AM UTC	1204807980000	2	32	no	5.7	102.0	23392	20809	13331	5901	92	37851	659	0	0	3826	0	5
March 6, 2008 6:54:00 AM UTC	1204808040000	4	47	no	5.9	102.1	23392	20809	13331	5898	90	37856	678	0	0	3808	3	0
March 6, 2008 6:55:00 AM UTC	1204808100000	9	46	no	6.1	102.3	23392	20809	13331	5898	92	37854	687	7	0	3800	49	0
March 6, 2008 6:56:00 AM UTC	1204808160000	13	52	no	6.2	102.5	23392	20809	13330	5836	81	37928	702	30	0	3787	63	0
March 6, 2008 6:57:00 AM UTC	1204808220000	10	64	no	6.4	102.6	23392	20809	13345	5769	92	37969	737	7	0	3774	48	10
March 6, 2008 6:58:00 AM UTC	1204808280000	8	67	no	6.6	102.8	23392	20809	13329	5845	88	37913	729	3	0	3759	129	23
March 6, 2008 6:59:00 AM UTC	1204808340000	11	61	no	6.8	102.9	23392	20809	13329	5845	83	37918	748	14	0	3739	236	90
March 6, 2008 7:00:00 AM UTC	1204808400000	13	70	no	7.0	103.1	23392	20809	13331	5830	61	37953	762	66	0	3729	380	144
March 6, 2008 7:01:00 AM UTC	1204808460000	12	69	no	7.2	103.3	23392	20809	13328	5915	72	37860	763	24	0	3720	394	112
March 6, 2008 7:02:00 AM UTC	1204808520000	10	69	no	7.4	103.4	23392	20809	13338	5863	96	37878	795	2	0	3704	258	67
March 6, 2008 7:03:00 AM UTC	1204808580000	9	75	no	7.6	103.6	23392	20809	13324	5930	96	37825	793	2	0	3686	285	150
March 6, 2008 7:04:00 AM UTC	1204808640000	13	68	no	7.7	103.8	23392	20809	13324	5930	82	37839	807	16	0	3673	293	121
March 6, 2008 7:05:00 AM UTC	1204808700000	28	59	no	7.9	103.9	23392	20809	13323	5930	64	37858	822	74	0	3654	796	144
March 6, 2008 7:06:00 AM UTC	1204808760000	42	47	no	8.1	104.1	23392	20809	13322	5967	35	37851	832	115	0	3644	1105	166
March 6, 2008 7:07:00 AM UTC	1204808820000	38	53	no	8.3	104.3	23392	20809	13338	5900	38	37899	870	144	0	3625	1323	193
March 6, 2008 7:08:00 AM UTC	1204808880000	35	56	no	8.5	104.4	23392	20809	13322	5967	52	37834	862	81	0	3615	1380	168
March 6, 2008 7:09:00 AM UTC	1204808940000	29	59	no	8.7	104.6	23392	20809	13336	5898	88	37853	893	19	0	3601	1374	88
March 6, 2008 7:10:00 AM UTC	1204809000000	24	65	no	8.9	104.8	23392	20809	13336	5900	92	37847	908	17	0	3584	1235	53
March 6, 2008 7:11:00 AM UTC	1204809060000	22	67	no	9.0	105.0	23392	20809	13322	5971	100	37782	900	0	0	3573	1289	52
March 6, 2008 7:12:00 AM UTC	1204809120000	27	65	no	9.2	105.1	23392	20809	13338	5903	106	37828	933	0	0	3562	1364	330
March 6, 2008 7:13:00 AM UTC	1204809180000	23	68	no	9.4	105.3	23392	20809	13326	5895	107	37847	939	0	0	3543	1387	322
March 6, 2008 7:14:00 AM UTC	1204809240000	28	66	no	9.6	105.5	23392	20809	13341	5828	113	37893	974	0	0	3528	1551	452
March 6, 2008 7:15:00 AM UTC	1204809300000	23	71	no	9.8	105.6	23392	20809	13336	5846	112	37881	982	1	0	3514	1811	512
March 6, 2008 7:16:00 AM UTC	1204809360000	26	69	no	10.0	105.8	23392	20809	13337	5847	112	37879	993	0	0	3503	1873	593
March 6, 2008 7:17:00 AM UTC	1204809420000	26	69	no	10.1	106.0	23392	20809	13337	5847	116	37875	1013	4	0	3482	2067	516
March 6, 2008 7:18:00 AM UTC	1204809480000	33	62	no	10.3	106.1	23392	20809	13322	5915	114	37824	1008	29	0	3467	2343	338
March 6, 2008 7:19:00 AM UTC	1204809540000	36	60	no	10.5	106.3	23392	20809	13336	5848	114	37877	1041	55	0	3454	2494	410
March 6, 2008 7:20:00 AM UTC	1204809600000	34	63	no	10.7	106.5	23392	20809	13336	5848	110	37881	1058	70	0	3437	2440	504
March 6, 2008 7:21:00 AM UTC	1204809660000	42	55	no	10.9	106.7	23392	20809	13331	5868	117	37859	1060	69	0	3428	2569	449
March 6, 2008 7:22:00 AM UTC	1204809720000	67	30	no	11.1	106.8	23392	20809	13331	5868	122	37854	1080	80	0	3408	2717	329
March 6, 2008 7:23:00 AM UTC	1204809780000	81	16	no	11.2	107.0	23392	20809	13335	5849	110	37881	1099	201	0	3395	2944	213
March 6, 2008 7:24:00 AM UTC	1204809840000	91	7	no	11.4	107.2	23392	20809	13335	5849	120	37871	1116	283	0	3377	3036	167
March 6, 2008 7:25:00 AM UTC	1204809900000	89	8	no	11.6	107.3	23392	20809	13335	5849	122	37869	1132	210	0	3363	3056	104
March 6, 2008 7:26:00 AM UTC	1204809960000	97	1	no	11.8	107.5	23392	20809	13330	5879	65	37901	1132	438	0	3355	3246	0
March 6, 2008 7:27:00 AM UTC	1204810020000	98	0	no	12.0	107.7	23392	20809	13330	5879	2	37964	1154	668	0	3332	3283	0
March 6, 2008 7:28:00 AM UTC	1204810080000	97	1	no	12.2	107.9	23392	20809	13330	5880	40	37925	1163	544	0	3324	3227	0
March 6, 2008 7:29:00 AM UTC	1204810140000	92	6	no	12.3	108.0	23392	20809	13330	5880	54	37911	1182	388	0	3307	3051	128
March 6, 2008 7:30:00 AM UTC	1204810200000	98	0	no	12.5	108.2	23392	20809	13348	5737	79	38011	1223	382	0	3293	3165	0
March 6, 2008 7:31:00 AM UTC	1204810260000	98	0	no	12.7	108.4	23392	20809	13328	5824	97	37926	1205	432	0	3285	3172	0
March 6, 2008 7:32:00 AM UTC	1204810320000	83	15	no	12.9	108.6	23392	20809	13328	5866	25	37956	1223	539	0	3265	3083	121
March 6, 2008 7:33:00 AM UTC	1204810380000	99	0	no	13.1	108.7	23392	20809	13326	5943	0	37906	1224	966	0	3258	3228	0
March 6, 2008 7:34:00 AM UTC	1204810440000	98	1	no	13.3	108.9	23392	20809	13326	5943	9	37897	1246	691	0	3236	3156	5
March 6, 2008 7:35:00 AM UTC	1204810500000	99	0	no	13.4	109.1	23392	20809	13343	5855	9	37968	1287	827	0	3227	3227	0
March 6, 2008 7:36:00 AM UTC	1204810560000	100	0	no	13.6	109.3	23392	20809	13325	5946	0	37904	1270	1156	0	3218	3218	0
March 6, 2008 7:37:00 AM UTC	1204810620000	99	0	no	13.8	109.4	23392	20809	13342	5880	11	37942	1311	1035	0	3201	3201	0
March 6, 2008 7:38:00 AM UTC	1204810680000	98	0	no	14.0	109.6	23392	20809	13325	5946	99	37805	1301	615	0	3194	3194	0
March 6, 2008 7:39:00 AM UTC	1204810740000	81	17	no	14.2	109.8	23392	20809	13325	5946	123	37781	1319	524	0	3176	2788	348
March 6, 2008 7:40:00 AM UTC	1204810800000	93	5	no	14.3	110.0	23392	20809	13338	5887	100	37850	1351	686	0	3169	2955	182
March 6, 2008 7:41:00 AM UTC	1204810860000	97	2	no	14.5	110.1	23392	20809	13319	5976	87	37793	1337	726	0	3153	3030	111
March 6, 2008 7:42:00 AM UTC	1204810920000	86	12	no	14.7	110.3	23392	20809	13333	5909	51	37882	1374	597	0	3144	3057	74
March 6, 2008 7:43:00 AM UTC	1204810980000	83	15	no	14.9	110.5	23392	20809	13319	5976	60	37820	1362	457	0	3139	2874	204
March 6, 2008 7:44:00 AM UTC	1204811040000	82	16	no	15.1	110.7	23392	20809	13339	5889	46	37901	1412	586	0	3124	2738	189
March 6, 2008 7:45:00 AM UTC	1204811100000	38	55	no	15.2	110.9	23392	20809	13341	5820	74	37940	1432	110	0	3114	1772	429
March 6, 2008 7:46:00 AM UTC	1204811160000	39	52	no	15.4	111.0	23392	20809	13335	5843	101	37896	1443	55	0	3102	1621	358
March 6, 2008 7:47:00 AM UTC	1204811220000	50	43	no	15.6	111.2	23392	20809	13335	5843	62	37935	1456	163	0	3094	2337	242
March 6, 2008 7:48:00 AM UTC	1204811280000	21	63	no	15.8	111.4	23392	20809	13321	5908	96	37850	1450	59	0	3085	1141	207
March 6, 2008 7:49:00 AM UTC	1204811340000	24	61	no	16.0	111.6	23392	20809	13335	5843	91	37906	1486	34	0	3074	1471	490
March 6, 2008 7:50:00 AM UTC	1204811400000	42	46	no	16.1	111.8	23392	20809	13329	5868	36	37942	1489	150	0	3068	1416	288
March 6, 2008 7:51:00 AM UTC	1204811460000	75	23	no	16.3	111.9	23392	20809	13330	5866	50	37929	1511	798	0	3053	2864	169
March 6, 2008 7:52:00 AM UTC	1204811520000	70	27	no	16.5	112.1	23392	20809	13330	5866	51	37928	1518	487	0	3050	2643	236
March 6, 2008 7:53:00 AM UTC	1204811580000	63	34	no	16.7	112.3	23392	20809	13335	5842	85	37913	1549	647	0	3037	2706	296
March 6, 2008 7:54:00 AM UTC	1204811640000	33	46	no	16.8	112.5	23392	20809	13328	5880	109	37858	1549	52	0	3028	1082	318
March 6, 2008 7:55:00 AM UTC	1204811700000	62	30	no	17.0	112.7	23392	20809	13341	5816	32	37986	1581	430	0	3022	2209	137
March 6, 2008 7:56:00 AM UTC	1204811760000	97	2	no	17.2	112.8	23392	20809	13328	5881	0	37966	1578	1305	0	3012	2967	44
March 6, 2008 7:57:00 AM UTC	1204811820000	92	7	no	17.4	113.0	23392	20809	13328	5881	0	37966	1586	1056	0	3007	2826	181
March 6, 2008 7:58:00 AM UTC	1204811880000	90	9	no	17.5	113.2	23392	20809	13328	5881	0	37966	1601	1238	0	3002	2891	111
March 6, 2008 7:59:00 AM UTC	1204811940000	99	1	no	17.7	113.4	23392	20809	13322	5904	0	37949	1604	1424	0	2994	2994	0
March 6, 2008 8:00:00 AM UTC	1204812000000	90	9	no	17.9	113.6	23392	20809	13345	5749	0	38081	1669	1199	7	2981	2796	185
March 6, 2008 8:01:00 AM UTC	1204812060000	71	28	no	18.1	113.8	23392	20809	13330	5810	10	38025	1658	1038	0	2975	2705	228
March 6, 2008 8:02:00 AM UTC	1204812120000	93	6	no	18.2	114.0	23392	20809	13345	5796	0	38034	1696	1249	16	2967	2849	118
March 6, 2008 8:03:00 AM UTC	1204812180000	95	5	no	18.4	114.1	23392	20809	13324	5889	0	37962	1679	1402	0	2958	2850	108
March 6, 2008 8:04:00 AM UTC	1204812240000	98	2	no	18.6	114.3	23392	20809	13337	5825	1	38012	1710	1510	0	2955	2955	0
March 6, 2008 8:05:00 AM UTC	1204812300000	97	2	no	18.8	114.5	23392	20809	13324	5887	26	37938	1705	1253	0	2945	2850	95
March 6, 2008 8:06:00 AM UTC	1204812360000	96	3	no	18.9	114.7	23392	20809	13324	5887	77	37887	1714	1231	0	2940	2932	8
March 6, 2008 8:07:00 AM UTC	1204812420000	98	2	no	19.1	114.9	23392	20809	13338	5824	58	37955	1757	1469	0	2932	2932	0
March 6, 2008 8:08:00 AM UTC	1204812480000	96	3	no	19.3	115.1	23392	20809	13322	5904	71	37878	1738	1328	0	2929	2929	0
March 6, 2008 8:09:00 AM UTC	1204812540000	95	5	no	19.5	115.3	23392	20809	13338	5840	79	37918	1778	1406	0	2920	2920	0
March 6, 2008 8:10:00 AM UTC	1204812600000	73	26	no	19.6	115.5	23392	20809	13314	6015	68	37778	1746	1428	0	2912	2912	0
March 6, 2008 8:11:00 AM UTC	1204812660000	75	23	no	19.8	115.7	23392	20809	13327	5949	73	37826	1781	1464	0	2913	2913	0
March 6, 2008 8:12:00 AM UTC	1204812720000	77	23	no	20.0	115.8	23392	20809	13327	5949	69	37830	1805	1617	0	2901	2897	4
March 6, 2008 8:13:00 AM UTC	1204812780000	76	20	no	20.2	116.0	23392	20809	13334	5927	68	37846	1823	1569	0	2894	2894	0
March 6, 2008 8:14:00 AM UTC	1204812840000	62	25	no	20.3	116.2	23392	20809	13330	5879	64	37902	1842	1569	0	2888	2888	0
March 6, 2008 8:15:00 AM UTC	1204812900000	62	25	no	20.5	116.4	23392	20809	13330	5879	61	37905	1850	1514	0	2885	2885	0
March 6, 2008 8:16:00 AM UTC	1204812960000	61	25	no	20.7	116.6	23392	20809	13330	5879	57	37909	1868	1647	0	2880	2880	0
March 6, 2008 8:17:00 AM UTC	1204813020000	71	21	no	20.8	116.8	23392	20809	13330	5879	54	37912	1882	1723	0	2869	2869	0
March 6, 2008 8:18:00 AM UTC	1204813080000	77	19	no	21.0	117.0	23392	20809	13322	5910	47	37896	1879	1762	0	2871	2871	0
March 6, 2008 8:19:00 AM UTC	1204813140000	79	20	yes	21.2	117.2	23392	20809	13330	5879	47	37919	1911	1844	0	2866	2866	0
March 6, 2008 8:20:00 AM UTC	1204813200000	94	6	yes	21.4	117.4	23392	20809	13322	5928	39	37886	1903	1862	0	2858	2858	0
March 6, 2008 8:21:00 AM UTC	1204813260000	99	1	no	21.5	117.6	23392	20809	13322	5930	35	37888	1919	1884	0	2852	2852	0
March 6, 2008 8:22:00 AM UTC	1204813320000	100	0	yes	21.7	117.8	23392	20809	13338	5867	39	37931	1957	1918	0	2852	2852	0
March 6, 2008 8:23:00 AM UTC	1204813380000	100	0	no	21.9	118.0	23392	20809	13322	5930	28	37895	1949	1921	0	2847	2847	0
March 6, 2008 8:24:00 AM UTC	1204813440000	100	0	no	22.0	118.2	23392	20809	13338	5870	25	37942	1980	1954	0	2843	2843	0
March 6, 2008 8:25:00 AM UTC	1204813500000	100	0	no	22.2	118.4	23392	20809	13322	5930	21	37902	1970	1943	0	2841	2841	0
March 6, 2008 8:26:00 AM UTC	1204813560000	100	0	yes	22.4	118.6	23392	20809	13335	5869	21	37950	2013	1992	0	2833	2833	0
March 6, 2008 8:27:00 AM UTC	1204813620000	100	0	yes	22.5	118.8	23392	20809	13338	5806	18	38013	2039	2021	0	2830	2830	0
March 6, 2008 8:28:00 AM UTC	1204813680000	100	0	no	22.7	119.0	23392	20809	13329	5837	12	37997	2034	2021	0	2831	2831	0
March 6, 2008 8:29:00 AM UTC	1204813740000	100	0	no	22.9	119.2	23392	20809	13329	5837	10	37999	2045	1902	0	2826	2826	0
March 6, 2008 8:30:00 AM UTC	1204813800000	100	0	no	23.0	119.4	23392	20809	13337	5805	11	38022	2083	2012	0	2819	2819	0
March 6, 2008 8:31:00 AM UTC	1204813860000	99	1	no	23.2	119.6	23392	20809	13330	5839	4	38002	2073	1987	0	2820	2820	0
March 6, 2008 8:32:00 AM UTC	1204813920000	99	0	no	23.4	119.8	23392	20809	13315	5907	0	37953	2061	1873	0	2818	2818	0
March 6, 2008 8:33:00 AM UTC	1204813980000	99	0	no	23.5	120.0	23392	20809	13329	5862	0	37984	2093	1860	0	2813	2813	0
March 6, 2008 8:34:00 AM UTC	1204814040000	100	0	no	23.7	120.2	23392	20809	13322	5889	0	37964	2099	2075	0	2809	2809	0
March 6, 2008 8:35:00 AM UTC	1204814100000	100	0	no	23.9	120.4	23392	20809	13329	5861	0	37985	2119	1958	0	2810	2810	0
March 6, 2008 8:36:00 AM UTC	1204814160000	99	0	no	24.0	120.6	23392	20809	13329	5861	0	37985	2129	1853	0	2808	2808	0
March 6, 2008 8:37:00 AM UTC	1204814220000	99	0	no	24.2	120.8	23392	20809	13321	5949	0	37905	2122	1881	0	2805	2805	0
March 6, 2008 8:38:00 AM UTC	1204814280000	100	0	no	24.4	121.0	23392	20809	13321	5949	0	37905	2134	1959	0	2797	2797	0
March 6, 2008 8:39:00 AM UTC	1204814340000	100	0	no	24.5	121.2	23392	20809	13342	5854	0	37979	2189	2080	0	2800	2800	0
March 6, 2008 8:40:00 AM UTC	1204814400000	100	0	no	24.7	121.4	23392	20809	13323	5888	0	37964	2168	2112	0	2798	2798	0
March 6, 2008 8:41:00 AM UTC	1204814460000	100	0	no	24.9	121.6	23392	20809	13336	5828	0	38011	2214	2147	0	2796	2796	0
March 6, 2008 8:42:00 AM UTC	1204814520000	100	0	no	25.0	121.8	23392	20809	13321	5887	0	37967	2195	2047	0	2790	2790	0
March 6, 2008 8:43:00 AM UTC	1204814580000	100	0	no	25.2	122.0	23392	20809	13329	5866	0	37980	2221	2069	0	2792	2792	0
March 6, 2008 8:44:00 AM UTC	1204814640000	100	0	no	25.3	122.2	23392	20809	13336	5852	0	37987	2242	2199	0	2788	2788	0
March 6, 2008 8:45:00 AM UTC	1204814700000	100	0	no	25.5	122.4	23392	20809	13335	5854	0	37986	2256	2248	0	2782	2782	0
March 6, 2008 8:46:00 AM UTC	1204814760000	100	0	no	25.7	122.7	23392	20809	13326	5891	0	37958	2252	2245	0	2784	2784	0
March 6, 2008 8:47:00 AM UTC	1204814820000	100	0	no	25.8	122.9	23392	20809	13326	5891	0	37958	2257	2257	0	2788	2788	0
March 6, 2008 8:48:00 AM UTC	1204814880000	100	0	no	26.0	123.1	23392	20809	13334	5853	0	37988	2292	2264	0	2783	2783	0
March 6, 2008 8:49:00 AM UTC	1204814940000	100	0	no	26.2	123.3	23392	20809	13326	5891	0	37958	2281	2276	0	2781	2781	0
March 6, 2008 8:50:00 AM UTC	1204815000000	100	0	no	26.3	123.5	23392	20809	13326	5891	0	37958	2296	2273	0	2783	2783	0
March 6, 2008 8:51:00 AM UTC	1204815060000	100	0	no	26.5	123.7	23392	20809	13339	5832	0	38004	2329	2244	0	2780	2780	0
March 6, 2008 8:52:00 AM UTC	1204815120000	100	0	no	26.6	123.9	23392	20809	13327	5836	0	38012	2338	2257	0	2777	2777	0
March 6, 2008 8:53:00 AM UTC	1204815180000	99	0	no	26.8	124.1	23392	20809	13327	5836	0	38012	2349	2151	0	2776	2776	0
March 6, 2008 8:54:00 AM UTC	1204815240000	99	0	no	26.9	124.4	23392	20809	13318	5868	0	37989	2339	2107	0	2769	2769	0
March 6, 2008 8:55:00 AM UTC	1204815300000	99	0	no	27.1	124.6	23392	20809	13316	5899	0	37960	2339	2147	0	2785	2785	0
March 6, 2008 8:56:00 AM UTC	1204815360000	100	0	no	27.3	124.8	23392	20809	13336	5803	0	38036	2394	2253	1	2773	2773	0
March 6, 2008 8:57:00 AM UTC	1204815420000	100	0	no	27.4	125.0	23392	20809	13316	5903	0	37956	2360	2260	0	2790	2790	0
March 6, 2008 8:58:00 AM UTC	1204815480000	100	0	no	27.6	125.2	23392	20809	13331	5844	0	38000	2400	2276	0	2780	2780	0
March 6, 2008 8:59:00 AM UTC	1204815540000	100	0	no	27.7	125.4	23392	20809	13327	5862	0	37986	2403	2337	0	2773	2773	0
March 6, 2008 9:00:00 AM UTC	1204815600000	100	0	no	27.9	125.7	23392	20809	13331	5844	0	38000	2421	2330	0	2788	2788	0
March 6, 2008 9:01:00 AM UTC	1204815660000	100	0	no	28.0	125.9	23392	20809	13331	5844	0	38000	2436	2408	0	2771	2771	0
March 6, 2008 9:02:00 AM UTC	1204815720000	98	2	no	28.2	126.1	23392	20809	13321	5885	0	37969	2424	2381	0	2780	2780	0
March 6, 2008 9:03:00 AM UTC	1204815780000	100	0	no	28.4	126.3	23392	20809	13332	5785	0	38058	2472	2470	0	2785	2785	0
March 6, 2008 9:04:00 AM UTC	1204815840000	100	0	no	28.5	126.5	23392	20809	13333	5786	0	38056	2479	2475	0	2782	2782	0
March 6, 2008 9:05:00 AM UTC	1204815900000	100	0	no	28.7	126.8	23392	20809	13323	5826	0	38026	2472	2472	0	2785	2785	0
March 6, 2008 9:06:00 AM UTC	1204815960000	100	0	no	28.8	127.0	23392	20809	13344	5754	0	38077	2522	2508	0	2785	2785	0
March 6, 2008 9:07:00 AM UTC	1204816020000	100	0	no	29.0	127.2	23392	20809	13323	5850	0	38002	2485	2485	0	2783	2783	0
March 6, 2008 9:08:00 AM UTC	1204816080000	99	1	no	29.1	127.4	23392	20809	13334	5800	0	38041	2521	2521	0	2784	2784	0
March 6, 2008 9:09:00 AM UTC	1204816140000	100	0	no	29.3	127.7	23392	20809	13321	5856	0	37998	2500	2500	0	2790	2790	0
March 6, 2008 9:10:00 AM UTC	1204816200000	100	0	no	29.4	127.9	23392	20809	13334	5800	0	38041	2543	2543	0	2786	2786	0
March 6, 2008 9:11:00 AM UTC	1204816260000	100	0	no	29.6	128.1	23392	20809	13323	5857	0	37995	2519	2519	0	2794	2794	0
March 6, 2008 9:12:00 AM UTC	1204816320000	100	0	no	29.7	128.4	23392	20809	13322	5912	0	37941	2524	2524	0	2789	2789	0
March 6, 2008 9:13:00 AM UTC	1204816380000	96	4	no	29.9	128.6	23392	20809	13333	5865	0	37977	2551	2540	0	2795	2795	0
March 6, 2008 9:14:00 AM UTC	1204816440000	82	18	no	30.0	128.8	23392	20809	13326	5858	0	37991	2561	2561	0	2793	2793	0
March 6, 2008 9:15:00 AM UTC	1204816500000	96	4	no	30.2	129.0	23392	20809	13326	5858	0	37991	2568	2567	0	2797	2797	0
March 6, 2008 9:16:00 AM UTC	1204816560000	93	7	no	30.3	129.3	23392	20809	13334	5851	0	37990	2581	2579	0	2799	2799	0
March 6, 2008 9:17:00 AM UTC	1204816620000	83	17	no	30.5	129.5	23392	20809	13324	5893	0	37958	2568	2535	0	2802	2802	0
March 6, 2008 9:18:00 AM UTC	1204816680000	89	11	no	30.6	129.7	23392	20809	13336	5838	0	38001	2614	2614	0	2801	2801	0
March 6, 2008 9:19:00 AM UTC	1204816740000	84	16	no	30.8	130.0	23392	20809	13324	5893	0	37958	2592	2592	0	2806	2806	0
March 6, 2008 9:20:00 AM UTC	1204816800000	85	15	no	30.9	130.2	23392	20809	13335	5839	0	38001	2630	2630	0	2805	2805	0
March 6, 2008 9:21:00 AM UTC	1204816860000	77	23	no	31.1	130.4	23392	20809	13314	5936	0	37925	2578	2578	0	2809	2809	0
March 6, 2008 9:22:00 AM UTC	1204816920000	77	21	no	31.2	130.7	23392	20809	13337	5829	0	38009	2648	2648	0	2813	2813	0
March 6, 2008 9:23:00 AM UTC	1204816980000	70	28	no	31.3	130.9	23392	20809	13327	5872	0	37976	2634	2634	0	2814	2814	0
March 6, 2008 9:24:00 AM UTC	1204817040000	70	28	yes	31.5	131.2	23392	20809	13326	5884	0	37965	2634	2634	0	2817	2817	0
March 6, 2008 9:25:00 AM UTC	1204817100000	78	21	yes	31.6	131.4	23392	20809	13328	5832	0	38015	2663	2663	0	2816	2816	0
March 6, 2008 9:26:00 AM UTC	1204817160000	77	21	yes	31.8	131.6	23392	20809	13327	5874	0	37974	2651	2651	0	2824	2824	0
March 6, 2008 9:27:00 AM UTC	1204817220000	80	17	yes	31.9	131.9	23392	20809	13327	5874	0	37974	2667	2667	0	2827	2827	0
March 6, 2008 9:28:00 AM UTC	1204817280000	78	21	yes	32.1	132.1	23392	20809	13339	5820	0	38016	2699	2699	0	2831	2831	0
March 6, 2008 9:29:00 AM UTC	1204817340000	75	24	yes	32.2	132.4	23392	20809	13327	5873	0	37975	2687	2687	0	2833	2833	0
March 6, 2008 9:30:00 AM UTC	1204817400000	73	26	no	32.4	132.6	23392	20809	13339	5821	0	38015	2712	2711	0	2839	2839	0
March 6, 2008 9:31:00 AM UTC	1204817460000	88	12	yes	32.5	132.8	23392	20809	13327	5872	0	37976	2695	2695	0	2846	2846	0
March 6, 2008 9:32:00 AM UTC	1204817520000	96	4	no	32.6	133.1	23392	20809	13329	5866	0	37980	2708	2708	0	2844	2844	0
March 6, 2008 9:33:00 AM UTC	1204817580000	98	2	yes	32.8	133.3	23392	20809	13339	5816	0	38020	2745	2745	0	2848	2848	0
March 6, 2008 9:34:00 AM UTC	1204817640000	90	10	no	32.9	133.6	23392	20809	13327	5871	0	37977	2717	2717	0	2851	2851	0
March 6, 2008 9:35:00 AM UTC	1204817700000	89	11	no	33.0	133.8	23392	20809	13329	5819	0	38027	2740	2740	0	2854	2854	0
March 6, 2008 9:36:00 AM UTC	1204817760000	78	22	no	33.2	134.1	23392	20809	13329	5870	0	37976	2731	2731	0	2860	2860	0
March 6, 2008 9:37:00 AM UTC	1204817820000	84	16	no	33.3	134.3	23392	20809	13329	5870	0	37976	2735	2735	0	2863	2819	44
March 6, 2008 9:38:00 AM UTC	1204817880000	95	5	no	33.5	134.6	23392	20809	13338	5821	0	38016	2773	2761	12	2870	2870	0
March 6, 2008 9:39:00 AM UTC	1204817940000	97	3	yes	33.6	134.8	23392	20809	13328	5870	0	37977	2750	2750	0	2874	2874	0
March 6, 2008 9:40:00 AM UTC	1204818000000	99	1	no	33.7	135.1	23392	20809	13329	5867	0	37979	2760	2760	0	2881	2880	1
March 6, 2008 9:41:00 AM UTC	1204818060000	98	2	no	33.9	135.3	23392	20809	13328	5869	0	37978	2765	2765	0	2884	2884	0
March 6, 2008 9:42:00 AM UTC	1204818120000	92	8	no	34.0	135.6	23392	20809	13329	5928	0	37918	2757	2757	0	2888	2888	0
March 6, 2008 9:43:00 AM UTC	1204818180000	89	10	no	34.1	135.8	23392	20809	13328	5928	0	37919	2770	2770	0	2897	2897	0
March 6, 2008 9:44:00 AM UTC	1204818240000	99	1	no	34.3	136.1	23392	20809	13328	5884	0	37963	2790	2790	0	2893	2893	0
March 6, 2008 9:45:00 AM UTC	1204818300000	96	4	yes	34.4	136.3	23392	20809	13328	5934	0	37913	2780	2780	0	2906	2906	0
March 6, 2008 9:46:00 AM UTC	1204818360000	96	4	yes	34.5	136.6	23392	20809	13341	5885	0	37949	2812	2812	0	2904	2904	0
March 6, 2008 9:47:00 AM UTC	1204818420000	100	0	yes	34.7	136.8	23392	20809	13316	5983	0	37876	2761	2761	0	2907	2907	0
March 6, 2008 9:48:00 AM UTC	1204818480000	100	0	no	34.8	137.1	23392	20809	13341	5887	0	37947	2811	2811	0	2921	2921	0
March 6, 2008 9:49:00 AM UTC	1204818540000	99	1	no	34.9	137.4	23392	20809	13316	5919	0	37940	2786	2786	0	2920	2920	0
March 6, 2008 9:50:00 AM UTC	1204818600000	98	2	no	35.1	137.6	23392	20809	13338	5822	0	38015	2840	2840	0	2929	2929	0
March 6, 2008 9:51:00 AM UTC	1204818660000	97	3	no	35.2	137.9	23392	20809	13328	5872	0	37975	2812	2812	0	2939	2939	0
March 6, 2008 9:52:00 AM UTC	1204818720000	97	3	no	35.3	138.1	23392	20809	13338	5825	0	38012	2842	2842	0	2943	2943	0
March 6, 2008 9:53:00 AM UTC	1204818780000	98	2	yes	35.4	138.4	23392	20809	13328	5872	0	37975	2817	2817	0	2961	2961	0
March 6, 2008 9:54:00 AM UTC	1204818840000	98	2	yes	35.6	138.7	23392	20809	13326	5886	0	37963	2830	2830	0	2954	2954	0
March 6, 2008 9:55:00 AM UTC	1204818900000	96	4	no	35.7	138.9	23392	20809	13326	5886	0	37963	2839	2839	0	2958	2958	0
March 6, 2008 9:56:00 AM UTC	1204818960000	96	4	yes	35.8	139.2	23392	20809	13340	5768	0	38067	2880	2880	0	2965	2965	0
March 6, 2008 9:57:00 AM UTC	1204819020000	95	5	yes	35.9	139.5	23392	20809	13329	5815	0	38031	2858	2858	0	2970	2970	0
March 6, 2008 9:58:00 AM UTC	1204819080000	97	3	yes	36.1	139.7	23392	20809	13328	5818	0	38029	2860	2860	0	2978	2978	0
March 6, 2008 9:59:00 AM UTC	1204819140000	93	7	no	36.2	140.0	23392	20809	13328	5821	0	38026	2865	2865	0	2985	2985	0
March 6, 2008 10:00:00 AM UTC	1204819200000	90	10	no	36.3	140.3	23392	20809	13330	5819	0	38026	2871	2866	5	2990	2980	10
March 6, 2008 10:01:00 AM UTC	1204819260000	87	13	yes	36.4	140.5	23392	20809	13328	5822	0	38025	2873	2862	11	3000	2788	212
March 6, 2008 10:02:00 AM UTC	1204819320000	88	12	yes	36.6	140.8	23392	20809	13327	5819	0	38029	2875	2866	9	3005	3004	1
March 6, 2008 10:03:00 AM UTC	1204819380000	91	9	yes	36.7	141.1	23392	20809	13328	5837	0	38010	2873	2800	73	3012	2950	62
March 6, 2008 10:04:00 AM UTC	1204819440000	82	18	no	36.8	141.3	23392	20809	13324	5847	0	38004	2865	2740	125	3024	2911	113
March 6, 2008 10:05:00 AM UTC	1204819500000	81	19	yes	36.9	141.6	23392	20809	13329	5838	0	38008	2875	2830	45	3031	2955	76
March 6, 2008 10:06:00 AM UTC	1204819560000	77	23	yes	37.0	141.9	23392	20809	13325	5850	0	38000	2868	2769	99	3042	2748	294
March 6, 2008 10:07:00 AM UTC	1204819620000	66	30	no	37.2	142.2	23392	20809	13338	5795	0	38042	2905	2839	66	3046	2597	449
March 6, 2008 10:08:00 AM UTC	1204819680000	56	38	yes	37.3	142.4	23392	20809	13326	5850	0	37999	2883	2865	18	3050	2063	987
March 6, 2008 10:09:00 AM UTC	1204819740000	48	47	no	37.4	142.7	23392	20809	13326	5848	0	38001	2872	2593	279	3058	2129	929
March 6, 2008 10:10:00 AM UTC	1204819800000	42	54	yes	37.5	143.0	23392	20809	13335	5806	0	38034	2909	2076	831	3063	1922	1088
March 6, 2008 10:11:00 AM UTC	1204819860000	44	55	yes	37.6	143.3	23392	20809	13326	5847	0	38002	2881	2005	872	3075	1435	1544
March 6, 2008 10:12:00 AM UTC	1204819920000	44	53	no	37.7	143.6	23392	20809	13336	5826	0	38013	2909	2109	796	3079	949	1676
March 6, 2008 10:13:00 AM UTC	1204819980000	53	45	yes	37.9	143.8	23392	20809	13336	5826	0	38013	2911	2240	671	3085	1452	1558
March 6, 2008 10:14:00 AM UTC	1204820040000	55	43	yes	38.0	144.1	23392	20809	13336	5827	0	38012	2909	2151	756	3096	1768	1296
March 6, 2008 10:15:00 AM UTC	1204820100000	49	45	yes	38.1	144.4	23392	20809	13336	5827	0	38012	2912	2223	689	3104	2035	1035
March 6, 2008 10:16:00 AM UTC	1204820160000	43	42	yes	38.2	144.7	23392	20809	13327	5867	0	37981	2887	2460	427	3108	2118	932
March 6, 2008 10:17:00 AM UTC	1204820220000	39	39	no	38.3	145.0	23392	20809	13324	5882	0	37969	2874	2711	163	3135	1973	1052
March 6, 2008 10:18:00 AM UTC	1204820280000	41	44	yes	38.4	145.3	23392	20809	13336	5827	0	38012	2916	2562	351	3124	2057	750
March 6, 2008 10:19:00 AM UTC	1204820340000	43	46	yes	38.5	145.5	23392	20809	13324	5883	0	37968	2871	2274	597	3148	2111	819
March 6, 2008 10:20:00 AM UTC	1204820400000	50	46	no	38.6	145.8	23392	20809	13323	5908	0	37944	2873	2474	399	3146	2125	920
March 6, 2008 10:21:00 AM UTC	1204820460000	60	39	yes	38.7	146.1	23392	20809	13345	5813	0	38017	2928	2454	471	3157	2205	933
March 6, 2008 10:22:00 AM UTC	1204820520000	60	39	yes	38.8	146.4	23392	20809	13324	5908	0	37943	2867	2445	422	3162	2214	899
March 6, 2008 10:23:00 AM UTC	1204820580000	53	46	no	38.9	146.7	23392	20809	13333	5869	0	37973	2891	2816	75	3171	2208	928
March 6, 2008 10:24:00 AM UTC	1204820640000	54	42	no	39.0	147.0	23392	20809	13333	5869	0	37973	2888	2888	0	3182	2374	788
March 6, 2008 10:25:00 AM UTC	1204820700000	56	43	no	39.2	147.3	23392	20809	13342	5812	0	38021	2929	2929	0	3188	2435	738
March 6, 2008 10:26:00 AM UTC	1204820760000	64	34	no	39.3	147.6	23392	20809	13323	5908	0	37944	2864	2864	0	3197	2559	620
March 6, 2008 10:27:00 AM UTC	1204820820000	75	25	no	39.4	147.9	23392	20809	13328	5888	0	37959	2885	2885	0	3211	2688	523
March 6, 2008 10:28:00 AM UTC	1204820880000	85	15	no	39.5	148.2	23392	20809	13338	5893	0	37944	2894	2882	12	3218	2756	462
March 6, 2008 10:29:00 AM UTC	1204820940000	93	7	no	39.6	148.4	23392	20809	13327	5920	0	37928	2875	2875	0	3229	2861	368
March 6, 2008 10:30:00 AM UTC	1204821000000	97	3	no	39.7	148.7	23392	20809	13327	5920	0	37928	2867	2867	0	3236	2912	324
March 6, 2008 10:31:00 AM UTC	1204821060000	98	2	no	39.8	149.0	23392	20809	13349	5825	0	38001	2927	2927	0	3244	3115	129
March 6, 2008 10:32:00 AM UTC	1204821120000	99	1	no	39.9	149.3	23392	20809	13327	5920	0	37928	2866	2866	0	3256	3237	19
March 6, 2008 10:33:00 AM UTC	1204821180000	98	2	no	40.0	149.6	23392	20809	13328	5919	0	37928	2871	2871	0	3258	3258	0
March 6, 2008 10:34:00 AM UTC	1204821240000	98	2	no	40.1	149.9	23392	20809	13321	5942	0	37912	2851	2851	0	3273	3273	0
March 6, 2008 10:35:00 AM UTC	1204821300000	100	0	no	40.1	150.2	23392	20809	13330	5871	0	37974	2885	2885	0	3281	3281	0
March 6, 2008 10:36:00 AM UTC	1204821360000	100	0	no	40.2	150.5	23392	20809	13336	5834	0	38005	2901	2901	0	3295	3295	0
March 6, 2008 10:37:00 AM UTC	1204821420000	100	0	no	40.3	150.8	23392	20809	13322	5934	0	37919	2857	2857	0	3291	3291	0
March 6, 2008 10:38:00 AM UTC	1204821480000	100	0	no	40.4	151.1	23392	20809	13344	5832	0	37999	2916	2916	0	3308	3308	0
March 6, 2008 10:39:00 AM UTC	1204821540000	100	0	no	40.5	151.4	23392	20809	13335	5876	0	37964	2882	2882	0	3321	3321	0
March 6, 2008 10:40:00 AM UTC	1204821600000	99	1	no	40.6	151.8	23392	20809	13330	5902	0	37943	2875	2875	0	3320	3320	0
March 6, 2008 10:41:00 AM UTC	1204821660000	100	0	no	40.7	152.1	23392	20809	13330	5902	0	37943	2873	2873	0	3330	3330	0
March 6, 2008 10:42:00 AM UTC	1204821720000	100	0	no	40.8	152.4	23392	20809	13345	5842	0	37988	2915	2915	0	3334	3334	0
March 6, 2008 10:43:00 AM UTC	1204821780000	100	0	no	40.9	152.7	23392	20809	13330	5902	0	37943	2874	2874	0	3341	3341	0
March 6, 2008 10:44:00 AM UTC	1204821840000	100	0	no	41.0	153.0	23392	20809	13330	5902	0	37943	2877	2877	0	3348	3348	0
March 6, 2008 10:45:00 AM UTC	1204821900000	100	0	no	41.1	153.3	23392	20809	13335	5908	0	37932	2882	2882	0	3355	3355	0
March 6, 2008 10:46:00 AM UTC	1204821960000	99	1	no	41.1	153.6	23392	20809	13314	6001	0	37860	2831	2831	0	3360	3360	0
March 6, 2008 10:47:00 AM UTC	1204822020000	98	2	no	41.2	153.9	23392	20809	13338	5832	0	38005	2907	2907	0	3368	3368	0
March 6, 2008 10:48:00 AM UTC	1204822080000	97	2	no	41.3	154.2	23392	20809	13338	5832	0	38005	2906	2906	0	3376	3376	0
March 6, 2008 10:49:00 AM UTC	1204822140000	98	2	no	41.4	154.5	23392	20809	13331	5862	0	37982	2878	2878	0	3387	3387	0
March 6, 2008 10:50:00 AM UTC	1204822200000	99	1	no	41.5	154.8	23392	20809	13323	5894	0	37958	2869	2869	0	3386	3386	0
March 6, 2008 10:51:00 AM UTC	1204822260000	99	1	no	41.6	155.2	23392	20809	13339	5831	0	38005	2899	2899	0	3403	3403	0
March 6, 2008 10:52:00 AM UTC	1204822320000	97	3	no	41.6	155.5	23392	20809	13333	5862	0	37980	2885	2885	0	3406	3406	0
March 6, 2008 10:53:00 AM UTC	1204822380000	93	5	no	41.7	155.8	23392	20809	13330	5930	0	37915	2857	2857	0	3416	3416	0
March 6, 2008 10:54:00 AM UTC	1204822440000	96	3	no	41.8	156.1	23392	20809	13331	5908	0	37936	2872	2872	0	3416	3416	0
March 6, 2008 10:55:00 AM UTC	1204822500000	99	1	no	41.9	156.4	23392	20809	13331	5908	0	37936	2867	2867	0	3431	3431	0
March 6, 2008 10:56:00 AM UTC	1204822560000	100	0	no	41.9	156.7	23392	20809	13331	5908	0	37936	2871	2871	0	3435	3435	0
March 6, 2008 10:57:00 AM UTC	1204822620000	99	1	no	42.0	157.1	23392	20809	13338	5839	0	37998	2899	2899	0	3440	3440	0
March 6, 2008 10:58:00 AM UTC	1204822680000	95	4	no	42.1	157.4	23392	20809	13332	5867	0	37976	2871	2869	2	3452	3452	0
March 6, 2008 10:59:00 AM UTC	1204822740000	92	6	no	42.2	157.7	23392	20809	13338	5839	0	37998	2891	2891	0	3457	3457	0
March 6, 2008 11:00:00 AM UTC	1204822800000	91	5	no	42.2	158.0	23392	20809	13323	5902	0	37950	2849	2814	35	3461	3461	0
March 6, 2008 11:01:00 AM UTC	1204822860000	91	5	no	42.3	158.3	23392	20809	13336	5910	0	37929	2868	2852	16	3467	3467	0
March 6, 2008 11:02:00 AM UTC	1204822920000	86	8	no	42.4	158.7	23392	20809	13343	5866	0	37966	2888	2667	161	3474	3474	0
March 6, 2008 11:03:00 AM UTC	1204822980000	83	9	yes	42.5	159.0	23392	20809	13335	5904	0	37936	2875	2684	190	3473	3415	58
March 6, 2008 11:04:00 AM UTC	1204823040000	78	10	no	42.5	159.3	23392	20809	13329	5929	0	37917	2858	2527	172	3475	3304	167
March 6, 2008 11:05:00 AM UTC	1204823100000	77	10	yes	42.6	159.6	23392	20809	13329	5929	0	37917	2860	1928	233	3485	3219	194
March 6, 2008 11:06:00 AM UTC	1204823160000	81	12	yes	42.7	160.0	23392	20809	13329	5929	0	37917	2859	1700	308	3489	3180	213
March 6, 2008 11:07:00 AM UTC	1204823220000	89	7	yes	42.7	160.3	23392	20809	13349	5842	0	37984	2908	1615	682	3503	3254	225
March 6, 2008 11:08:00 AM UTC	1204823280000	89	7	yes	42.8	160.6	23392	20809	13328	5929	0	37918	2858	1597	546	3501	3353	146
March 6, 2008 11:09:00 AM UTC	1204823340000	87	7	yes	42.8	161.0	23392	20809	13329	5920	0	37926	2855	1931	328	3506	3070	279
March 6, 2008 11:10:00 AM UTC	1204823400000	85	5	no	42.9	161.3	23392	20809	13335	5883	0	37957	2880	2195	287	3516	3028	270
March 6, 2008 11:11:00 AM UTC	1204823460000	88	7	yes	43.0	161.6	23392	20809	13336	5882	0	37957	2877	2310	353	3520	2992	343
March 6, 2008 11:12:00 AM UTC	1204823520000	88	6	no	43.0	161.9	23392	20809	13324	5925	0	37926	2853	1904	151	3521	3198	197
March 6, 2008 11:13:00 AM UTC	1204823580000	88	7	no	43.1	162.3	23392	20809	13330	5905	0	37940	2863	2308	269	3525	3219	220
March 6, 2008 11:14:00 AM UTC	1204823640000	91	7	yes	43.2	162.6	23392	20809	13335	5846	0	37994	2887	2853	34	3540	3149	358
March 6, 2008 11:15:00 AM UTC	1204823700000	85	9	no	43.2	162.9	23392	20809	13340	5826	0	38009	2897	2855	27	3541	3429	88
March 6, 2008 11:16:00 AM UTC	1204823760000	78	13	no	43.3	163.3	23392	20809	13339	5826	0	38010	2901	2901	0	3551	3423	102
March 6, 2008 11:17:00 AM UTC	1204823820000	74	12	no	43.3	163.6	23392	20809	13323	5965	0	37887	2828	2828	0	3548	3458	25
March 6, 2008 11:18:00 AM UTC	1204823880000	64	14	no	43.4	163.9	23392	20809	13328	5934	0	37913	2856	2856	0	3553	3345	125
March 6, 2008 11:19:00 AM UTC	1204823940000	57	14	no	43.4	164.3	23392	20809	13329	5934	0	37912	2850	2706	99	3562	3124	258
March 6, 2008 11:20:00 AM UTC	1204824000000	50	17	no	43.5	164.6	23392	20809	13329	5935	0	37911	2858	2845	13	3556	2871	296
March 6, 2008 11:21:00 AM UTC	1204824060000	45	19	no	43.5	164.9	23392	20809	13344	5870	0	37961	2888	2443	65	3569	2494	322
March 6, 2008 11:22:00 AM UTC	1204824120000	47	18	no	43.6	165.3	23392	20809	13344	5869	0	37962	2890	1859	268	3575	2321	322
March 6, 2008 11:23:00 AM UTC	1204824180000	62	15	yes	43.6	165.6	23392	20809	13329	5935	0	37911	2849	1360	258	3573	2785	336
March 6, 2008 11:24:00 AM UTC	1204824240000	73	11	yes	43.7	166.0	23392	20809	13332	5856	0	37987	2879	1366	202	3574	3065	340
March 6, 2008 11:25:00 AM UTC	1204824300000	79	8	yes	43.7	166.3	23392	20809	13333	5894	0	37948	2868	1836	448	3583	3427	154
March 6, 2008 11:26:00 AM UTC	1204824360000	69	13	no	43.8	166.6	23392	20809	13333	5904	0	37938	2864	1774	287	3588	3528	60
March 6, 2008 11:27:00 AM UTC	1204824420000	56	15	no	43.8	167.0	23392	20809	13334	5877	0	37964	2882	1381	391	3587	3276	178
March 6, 2008 11:28:00 AM UTC	1204824480000	48	18	yes	43.8	167.3	23392	20809	13337	5862	0	37976	2877	1873	411	3598	2935	436
March 6, 2008 11:29:00 AM UTC	1204824540000	40	17	yes	43.9	167.7	23392	20809	13323	5922	0	37930	2858	1721	212	3591	2612	848
March 6, 2008 11:30:00 AM UTC	1204824600000	33	14	no	43.9	168.0	23392	20809	13337	5862	0	37976	2880	1634	392	3602	2276	579
March 6, 2008 11:31:00 AM UTC	1204824660000	36	14	yes	44.0	168.3	23392	20809	13337	5862	0	37976	2882	1370	735	3606	2126	859
March 6, 2008 11:32:00 AM UTC	1204824720000	32	14	yes	44.0	168.7	23392	20809	13337	5861	0	37977	2884	2063	412	3610	2285	724
March 6, 2008 11:33:00 AM UTC	1204824780000	24	13	yes	44.0	169.0	23392	20809	13334	5932	0	37909	2857	2273	443	3617	1926	892
March 6, 2008 11:34:00 AM UTC	1204824840000	21	11	yes	44.1	169.4	23392	20809	13336	5933	0	37906	2859	2252	213	3619	1841	901
March 6, 2008 11:35:00 AM UTC	1204824900000	21	12	yes	44.1	169.7	23392	20809	13337	5922	0	37916	2863	2103	377	3622	1803	1309
March 6, 2008 11:36:00 AM UTC	1204824960000	19	13	yes	44.2	170.1	23392	20809	13321	5988	0	37866	2830	2013	213	3617	1546	1239
March 6, 2008 11:37:00 AM UTC	1204825020000	16	16	yes	44.2	170.4	23392	20809	13321	5988	0	37866	2822	1494	704	3623	1743	1050
March 6, 2008 11:38:00 AM UTC	1204825080000	20	10	yes	44.2	170.7	23392	20809	13323	5908	0	37944	2860	2109	451	3626	1584	852
March 6, 2008 11:39:00 AM UTC	1204825140000	15	11	yes	44.2	171.1	23392	20809	13324	5870	0	37981	2865	1850	683	3631	1668	710
March 6, 2008 11:40:00 AM UTC	1204825200000	17	8	yes	44.3	171.4	23392	20809	13341	5804	0	38030	2904	2087	298	3635	1580	814
March 6, 2008 11:41:00 AM UTC	1204825260000	12	8	yes	44.3	171.8	23392	20809	13341	5804	0	38030	2903	1324	448	3637	1291	951
March 6, 2008 11:42:00 AM UTC	1204825320000	7	9	yes	44.3	172.1	23392	20809	13338	5879	0	37958	2877	851	603	3640	921	1348
March 6, 2008 11:43:00 AM UTC	1204825380000	6	10	yes	44.4	172.5	23392	20809	13338	5883	0	37954	2883	627	486	3643	877	1248
March 6, 2008 11:44:00 AM UTC	1204825440000	5	8	yes	44.4	172.8	23392	20809	13326	5941	0	37908	2844	348	717	3637	839	1006
March 6, 2008 11:45:00 AM UTC	1204825500000	4	9	yes	44.4	173.2	23392	20809	13325	5942	0	37908	2846	376	1018	3641	577	1159
March 6, 2008 11:46:00 AM UTC	1204825560000	2	8	yes	44.4	173.5	23392	20809	13325	5942	0	37908	2842	167	910	3642	318	1031
March 6, 2008 11:47:00 AM UTC	1204825620000	1	7	yes	44.4	173.9	23392	20809	13324	5942	0	37909	2848	38	1003	3645	191	1090
March 6, 2008 11:48:00 AM UTC	1204825680000	2	6	yes	44.5	174.2	23392	20809	13325	5935	0	37915	2848	408	516	3646	62	675
March 6, 2008 11:49:00 AM UTC	1204825740000	2	5	yes	44.5	174.6	23392	20809	13327	5848	0	38000	2888	485	831	3647	35	498
March 6, 2008 11:50:00 AM UTC	1204825800000	2	6	yes	44.5	174.9	23392	20809	13325	5833	0	38017	2878	367	764	3656	16	367
March 6, 2008 11:51:00 AM UTC	1204825860000	1	6	yes	44.5	175.2	23392	20809	13324	5918	0	37933	2860	183	732	3652	4	192
March 6, 2008 11:52:00 AM UTC	1204825920000	2	4	yes	44.5	175.6	23392	20809	13338	5850	0	37987	2890	359	666	3659	0	97
March 6, 2008 11:53:00 AM UTC	1204825980000	2	6	yes	44.6	175.9	23392	20809	13323	5919	0	37933	2859	274	1004	3654	29	210
March 6, 2008 11:54:00 AM UTC	1204826040000	2	5	yes	44.6	176.3	23392	20809	13324	5914	0	37937	2858	576	781	3653	21	358
March 6, 2008 11:55:00 AM UTC	1204826100000	3	7	yes	44.6	176.6	23392	20809	13324	5914	0	37937	2854	575	1164	3662	80	685
March 6, 2008 11:56:00 AM UTC	1204826160000	4	9	yes	44.6	177.0	23392	20809	13324	5914	0	37937	2853	451	1221	3661	131	1015
March 6, 2008 11:57:00 AM UTC	1204826220000	8	8	yes	44.6	177.3	23392	20809	13325	5913	0	37937	2859	1299	691	3657	581	1428
March 6, 2008 11:58:00 AM UTC	1204826280000	7	5	yes	44.6	177.7	23392	20809	13326	5912	0	37937	2857	1402	440	3658	648	944
March 6, 2008 11:59:00 AM UTC	1204826340000	6	4	yes	44.6	178.0	23392	20809	13326	5911	0	37938	2863	1662	615	3655	397	547
March 6, 2008 12:00:00 PM UTC	1204826400000	6	5	yes	44.6	178.4	23392	20809	13327	5890	0	37958	2858	1697	704	3659	364	813
March 6, 2008 12:01:00 PM UTC	1204826460000	6	5	yes	44.6	178.7	23392	20809	13327	5888	0	37960	2864	1288	839	3661	680	854
March 6, 2008 12:02:00 PM UTC	1204826520000	5	5	yes	44.6	179.1	23392	20809	13327	5889	0	37959	2864	1038	935	3658	820	711
March 6, 2008 12:03:00 PM UTC	1204826580000	5	5	yes	44.6	179.4	23392	20809	13327	5889	0	37959	2861	841	972	3665	884	563
March 6, 2008 12:04:00 PM UTC	1204826640000	4	5	yes	44.6	179.8	23392	20809	13327	5889	0	37959	2863	771	918	3661	829	660
March 6, 2008 12:05:00 PM UTC	1204826700000	4	5	yes	44.6	180.1	23392	20809	13327	5889	0	37959	2866	725	988	3664	594	736
March 6, 2008 12:06:00 PM UTC	1204826760000	3	6	yes	44.6	180.5	23392	20809	13327	5889	0	37959	2860	647	1137	3665	525	1052
March 6, 2008 12:07:00 PM UTC	1204826820000	5	6	yes	44.6	180.8	23392	20809	13327	5889	0	37959	2865	968	966	3659	723	1144
March 6, 2008 12:08:00 PM UTC	1204826880000	5	6	yes	44.6	181.2	23392	20809	13327	5888	0	37960	2865	1077	1209	3661	793	965
March 6, 2008 12:09:00 PM UTC	1204826940000	5	9	yes	44.6	181.5	23392	20809	13327	5887	0	37961	2860	1074	1039	3664	546	1287
March 6, 2008 12:10:00 PM UTC	1204827000000	4	7	yes	44.6	181.9	23392	20809	13327	5906	0	37942	2862	1069	635	3657	362	1211
March 6, 2008 12:11:00 PM UTC	1204827060000	5	6	yes	44.6	182.2	23392	20809	13326	5910	0	37939	2858	1408	593	3660	340	1459
March 6, 2008 12:12:00 PM UTC	1204827120000	5	6	yes	44.6	182.6	23392	20809	13325	5911	0	37939	2858	1355	588	3659	483	1483
March 6, 2008 12:13:00 PM UTC	1204827180000	5	10	yes	44.6	182.9	23392	20809	13324	5912	0	37939	2857	1295	1168	3661	433	1589
March 6, 2008 12:14:00 PM UTC	1204827240000	5	10	yes	44.6	183.3	23392	20809	13324	5912	0	37939	2853	1291	1339	3661	495	1752
March 6, 2008 12:15:00 PM UTC	1204827300000	6	10	yes	44.6	183.6	23392	20809	13338	5850	0	37987	2896	1628	910	3659	269	2015
March 6, 2008 12:16:00 PM UTC	1204827360000	6	13	yes	44.6	184.0	23392	20809	13323	5917	0	37935	2855	1660	699	3654	286	2587
March 6, 2008 12:17:00 PM UTC	1204827420000	6	12	yes	44.5	184.3	23392	20809	13323	5916	0	37936	2851	1347	980	3656	502	2468
March 6, 2008 12:18:00 PM UTC	1204827480000	4	10	yes	44.5	184.7	23392	20809	13324	5916	0	37935	2858	1050	870	3650	461	1974
March 6, 2008 12:19:00 PM UTC	1204827540000	4	10	yes	44.5	185.0	23392	20809	13325	5834	0	38016	2879	1150	997	3651	261	1664
March 6, 2008 12:20:00 PM UTC	1204827600000	3	13	yes	44.5	185.4	23392	20809	13325	5858	0	37992	2884	922	1534	3649	176	2247
March 6, 2008 12:21:00 PM UTC	1204827660000	3	12	yes	44.5	185.7	23392	20809	13325	5931	0	37919	2846	802	1272	3647	241	2139
March 6, 2008 12:22:00 PM UTC	1204827720000	4	13	yes	44.5	186.1	23392	20809	13324	5938	0	37913	2847	973	1173	3644	241	2057
March 6, 2008 12:23:00 PM UTC	1204827780000	3	14	yes	44.4	186.4	23392	20809	13325	5938	0	37912	2845	872	1383	3643	225	1910
March 6, 2008 12:24:00 PM UTC	1204827840000	3	13	yes	44.4	186.8	23392	20809	13325	5938	0	37912	2849	875	1517	3639	184	1726
March 6, 2008 12:25:00 PM UTC	1204827900000	3	10	yes	44.4	187.1	23392	20809	13342	5870	0	37963	2887	795	1466	3647	82	1655
March 6, 2008 12:26:00 PM UTC	1204827960000	2	10	yes	44.4	187.5	23392	20809	13340	5871	0	37964	2887	564	1239	3635	4	1734
March 6, 2008 12:27:00 PM UTC	1204828020000	4	7	yes	44.3	187.8	23392	20809	13338	5877	0	37960	2875	902	933	3646	236	1182
March 6, 2008 12:28:00 PM UTC	1204828080000	4	6	yes	44.3	188.2	23392	20809	13326	5866	0	37983	2866	1031	1004	3631	215	1015
March 6, 2008 12:29:00 PM UTC	1204828140000	4	6	yes	44.3	188.5	23392	20809	13327	5865	0	37983	2874	1155	979	3631	217	924
March 6, 2008 12:30:00 PM UTC	1204828200000	4	6	yes	44.3	188.8	23392	20809	13324	5866	0	37985	2859	1157	1024	3633	161	1090
March 6, 2008 12:31:00 PM UTC	1204828260000	4	6	yes	44.2	189.2	23392	20809	13323	5904	0	37948	2864	1155	1003	3626	189	1181
March 6, 2008 12:32:00 PM UTC	1204828320000	5	7	yes	44.2	189.5	23392	20809	13321	5982	0	37872	2823	1318	1009	3624	316	1164
March 6, 2008 12:33:00 PM UTC	1204828380000	5	8	yes	44.2	189.9	23392	20809	13336	5915	0	37924	2863	1431	1185	3631	418	1162
March 6, 2008 12:34:00 PM UTC	1204828440000	6	9	yes	44.1	190.2	23392	20809	13337	5915	0	37923	2868	1726	1040	3626	403	1408
March 6, 2008 12:35:00 PM UTC	1204828500000	7	10	yes	44.1	190.6	23392	20809	13336	5927	0	37912	2856	1908	923	3618	605	1355
March 6, 2008 12:36:00 PM UTC	1204828560000	9	9	yes	44.1	190.9	23392	20809	13334	5929	0	37912	2855	2325	530	3617	677	1343
March 6, 2008 12:37:00 PM UTC	1204828620000	8	11	yes	44.0	191.3	23392	20809	13337	5854	0	37984	2878	2470	408	3613	414	1663
March 6, 2008 12:38:00 PM UTC	1204828680000	8	12	yes	44.0	191.6	23392	20809	13323	5920	0	37932	2851	2252	599	3596	339	1756
March 6, 2008 12:39:00 PM UTC	1204828740000	8	14	yes	44.0	191.9	23392	20809	13322	5921	0	37932	2841	2155	681	3603	352	1789
March 6, 2008 12:40:00 PM UTC	1204828800000	7	13	yes	43.9	192.3	23392	20809	13337	5855	0	37983	2889	2206	680	3598	313	1649
March 6, 2008 12:41:00 PM UTC	1204828860000	6	13	yes	43.9	192.6	23392	20809	13337	5855	0	37983	2879	1951	924	3601	263	1719
March 6, 2008 12:42:00 PM UTC	1204828920000	6	11	yes	43.8	193.0	23392	20809	13334	5870	0	37971	2877	1705	1141	3589	286	1690
March 6, 2008 12:43:00 PM UTC	1204828980000	6	11	yes	43.8	193.3	23392	20809	13333	5901	0	37941	2863	1529	1306	3591	342	1673
March 6, 2008 12:44:00 PM UTC	1204829040000	5	10	yes	43.7	193.6	23392	20809	13329	5923	0	37923	2848	1259	1402	3587	304	1423
March 6, 2008 12:45:00 PM UTC	1204829100000	5	10	yes	43.7	194.0	23392	20809	13335	5831	0	38009	2890	1243	1475	3580	316	1339
March 6, 2008 12:46:00 PM UTC	1204829160000	5	11	yes	43.7	194.3	23392	20809	13344	5866	0	37965	2883	1221	1403	3579	318	1594
March 6, 2008 12:47:00 PM UTC	1204829220000	4	11	yes	43.6	194.7	23392	20809	13329	5931	0	37915	2850	1168	1314	3570	325	1571
March 6, 2008 12:48:00 PM UTC	1204829280000	4	11	yes	43.6	195.0	23392	20809	13329	5931	0	37915	2851	1089	1105	3565	271	1951
March 6, 2008 12:49:00 PM UTC	1204829340000	4	14	yes	43.5	195.3	23392	20809	13329	5931	0	37915	2858	991	1196	3561	298	2138
March 6, 2008 12:50:00 PM UTC	1204829400000	4	15	yes	43.5	195.7	23392	20809	13329	5930	0	37916	2847	961	1176	3561	195	2561
March 6, 2008 12:51:00 PM UTC	1204829460000	5	16	yes	43.4	196.0	23392	20809	13328	5930	0	37917	2855	1217	990	3553	257	2481
March 6, 2008 12:52:00 PM UTC	1204829520000	5	15	yes	43.4	196.3	23392	20809	13338	5894	0	37943	2866	1241	918	3556	306	2363
March 6, 2008 12:53:00 PM UTC	1204829580000	4	16	yes	43.3	196.7	23392	20809	13339	5822	0	38014	2898	1269	998	3556	198	2220
March 6, 2008 12:54:00 PM UTC	1204829640000	4	15	yes	43.2	197.0	23392	20809	13340	5822	0	38013	2896	1175	1226	3546	99	2128
March 6, 2008 12:55:00 PM UTC	1204829700000	4	15	yes	43.2	197.3	23392	20809	13319	5907	0	37949	2852	1114	1446	3536	63	1896
March 6, 2008 12:56:00 PM UTC	1204829760000	4	13	yes	43.1	197.7	23392	20809	13330	5888	0	37957	2864	1131	1414	3529	159	1418
March 6, 2008 12:57:00 PM UTC	1204829820000	3	10	yes	43.1	198.0	23392	20809	13337	5874	0	37964	2880	949	1494	3527	143	776
March 6, 2008 12:58:00 PM UTC	1204829880000	3	9	yes	43.0	198.3	23392	20809	13336	5877	0	37962	2876	832	1341	3522	56	707
March 6, 2008 12:59:00 PM UTC	1204829940000	3	9	yes	43.0	198.7	23392	20809	13335	5878	0	37962	2878	915	1456	3518	57	630
March 6, 2008 1:00:00 PM UTC	1204830000000	3	8	yes	42.9	199.0	23392	20809	13333	5893	0	37949	2867	904	1028	3514	7	673
March 6, 2008 1:01:00 PM UTC	1204830060000	3	8	yes	42.8	199.3	23392	20809	13330	5844	0	38001	2884	859	1177	3505	11	578
March 6, 2008 1:02:00 PM UTC	1204830120000	2	8	yes	42.8	199.6	23392	20809	13334	5900	0	37941	2871	673	1212	3504	17	639
March 6, 2008 1:03:00 PM UTC	1204830180000	2	7	yes	42.7	200.0	23392	20809	13329	5924	0	37922	2853	726	1003	3492	14	639
March 6, 2008 1:04:00 PM UTC	1204830240000	2	6	yes	42.6	200.3	23392	20809	13329	5924	0	37922	2860	662	992	3489	40	696
March 6, 2008 1:05:00 PM UTC	1204830300000	2	6	yes	42.6	200.6	23392	20809	13329	5924	0	37922	2853	601	990	3483	37	648
March 6, 2008 1:06:00 PM UTC	1204830360000	3	5	yes	42.5	201.0	23392	20809	13338	5872	0	37965	2887	706	862	3481	76	651
March 6, 2008 1:07:00 PM UTC	1204830420000	3	6	yes	42.4	201.3	23392	20809	13343	5861	0	37971	2887	720	991	3479	62	809
March 6, 2008 1:08:00 PM UTC	1204830480000	3	5	yes	42.4	201.6	23392	20809	13329	5923	0	37923	2858	871	848	3470	193	734
March 6, 2008 1:09:00 PM UTC	1204830540000	4	5	yes	42.3	201.9	23392	20809	13323	5896	0	37956	2853	1015	1068	3464	194	694
March 6, 2008 1:10:00 PM UTC	1204830600000	4	5	yes	42.2	202.2	23392	20809	13338	5834	0	38003	2893	1159	1045	3456	236	566
March 6, 2008 1:11:00 PM UTC	1204830660000	4	6	yes	42.1	202.6	23392	20809	13332	5859	0	37984	2875	1115	1081	3456	181	697
March 6, 2008 1:12:00 PM UTC	1204830720000	3	6	yes	42.1	202.9	23392	20809	13338	5834	0	38003	2896	907	1178	3444	150	757
March 6, 2008 1:13:00 PM UTC	1204830780000	4	6	yes	42.0	203.2	23392	20809	13324	5939	0	37912	2848	1113	982	3434	305	743
March 6, 2008 1:13:56 PM UTC	1204830836000	3	6	yes	41.9	203.5	23392	20809	13331	5903	0	37941	2864	934	1037	3438	144	642
March 6, 2008 1:15:00 PM UTC	1204830900000	3	6	yes	41.8	203.8	23392	20809	13331	5903	0	37941	2873	645	1037	3420	108	577
March 6, 2008 1:16:00 PM UTC	1204830960000	4	6	yes	41.8	204.2	23392	20809	13331	5903	0	37941	2867	927	1013	3420	187	512
March 6, 2008 1:17:00 PM UTC	1204831020000	4	5	yes	41.7	204.5	23392	20809	13346	5795	0	38034	2923	928	702	3412	306	329
March 6, 2008 1:18:00 PM UTC	1204831080000	3	6	yes	41.6	204.8	23392	20809	13327	5888	0	37960	2867	630	788	3401	269	495
March 6, 2008 1:19:00 PM UTC	1204831140000	3	5	yes	41.5	205.1	23392	20809	13323	5884	0	37968	2875	675	746	3391	253	450
March 6, 2008 1:20:00 PM UTC	1204831200000	3	6	yes	41.4	205.4	23392	20809	13331	5856	0	37988	2878	605	848	3391	259	556
March 6, 2008 1:21:00 PM UTC	1204831260000	3	6	yes	41.4	205.7	23392	20809	13338	5826	0	38011	2904	741	856	3382	267	654
March 6, 2008 1:22:00 PM UTC	1204831320000	4	7	yes	41.3	206.0	23392	20809	13338	5826	0	38011	2905	897	999	3376	330	867
March 6, 2008 1:23:00 PM UTC	1204831380000	4	6	yes	41.2	206.4	23392	20809	13314	5994	0	37867	2830	890	929	3363	454	936
March 6, 2008 1:24:00 PM UTC	1204831440000	4	7	yes	41.1	206.7	23392	20809	13335	5902	0	37938	2882	948	917	3361	523	1141
March 6, 2008 1:25:00 PM UTC	1204831500000	5	8	yes	41.0	207.0	23392	20809	13330	5886	0	37959	2880	997	956	3351	575	1337
March 6, 2008 1:26:00 PM UTC	1204831560000	5	8	yes	40.9	207.3	23392	20809	13330	5886	0	37959	2874	1098	995	3345	611	1551
March 6, 2008 1:27:00 PM UTC	1204831620000	5	9	yes	40.9	207.6	23392	20809	13330	5886	0	37959	2877	1248	890	3342	565	1698
March 6, 2008 1:28:00 PM UTC	1204831680000	6	9	yes	40.8	207.9	23392	20809	13330	5886	0	37959	2866	1353	934	3338	636	1797
March 6, 2008 1:29:00 PM UTC	1204831740000	6	10	yes	40.7	208.2	23392	20809	13330	5886	0	37959	2873	1492	942	3327	643	1754
March 6, 2008 1:30:00 PM UTC	1204831800000	7	11	yes	40.6	208.5	23392	20809	13335	5860	0	37980	2887	1576	1148	3323	694	1809
March 6, 2008 1:31:00 PM UTC	1204831860000	7	11	yes	40.5	208.8	23392	20809	13321	5928	0	37926	2854	1668	946	3311	770	1782
March 6, 2008 1:32:00 PM UTC	1204831920000	8	12	yes	40.4	209.1	23392	20809	13322	5918	0	37935	2859	1869	860	3297	918	1832
March 6, 2008 1:33:00 PM UTC	1204831980000	9	13	yes	40.3	209.4	23392	20809	13333	5892	0	37950	2873	2155	689	3296	899	2008
March 6, 2008 1:34:00 PM UTC	1204832040000	10	13	yes	40.2	209.7	23392	20809	13330	5864	0	37981	2888	2327	555	3285	1003	1824
March 6, 2008 1:35:00 PM UTC	1204832100000	10	13	yes	40.1	210.0	23392	20809	13321	5935	0	37919	2850	2335	509	3278	1010	1847
March 6, 2008 1:36:00 PM UTC	1204832160000	10	14	yes	40.0	210.3	23392	20809	13337	5874	0	37964	2893	2379	514	3264	1078	1565
March 6, 2008 1:37:00 PM UTC	1204832220000	11	16	yes	39.9	210.6	23392	20809	13327	5913	0	37935	2866	2490	376	3260	1080	1458
March 6, 2008 1:38:00 PM UTC	1204832280000	11	20	yes	39.8	210.9	23392	20809	13349	5818	0	38008	2925	2459	465	3250	1269	1280
March 6, 2008 1:39:00 PM UTC	1204832340000	11	25	yes	39.7	211.2	23392	20809	13327	5913	0	37935	2871	2288	583	3240	1335	1246
March 6, 2008 1:40:00 PM UTC	1204832400000	11	27	yes	39.6	211.5	23392	20809	13327	5913	0	37935	2872	2160	712	3235	1220	1409
March 6, 2008 1:41:00 PM UTC	1204832460000	11	30	yes	39.5	211.8	23392	20809	13338	5886	0	37951	2894	2266	628	3220	1116	1376
March 6, 2008 1:42:00 PM UTC	1204832520000	12	36	yes	39.4	212.1	23392	20809	13328	5881	0	37966	2886	2435	451	3215	1262	1076
March 6, 2008 1:43:00 PM UTC	1204832580000	13	46	yes	39.3	212.4	23392	20809	13333	5861	0	37981	2885	2731	154	3206	1454	1024
March 6, 2008 1:44:00 PM UTC	1204832640000	14	50	yes	39.2	212.7	23392	20809	13332	5862	0	37981	2896	2730	166	3194	1351	1235
March 6, 2008 1:45:00 PM UTC	1204832700000	15	59	yes	39.1	213.0	23392	20809	13318	5918	0	37939	2854	2698	156	3188	1429	1394
March 6, 2008 1:46:00 PM UTC	1204832760000	16	58	yes	39.0	213.3	23392	20809	13333	5862	0	37980	2891	2703	188	3180	1282	1459
March 6, 2008 1:47:00 PM UTC	1204832820000	17	61	yes	38.9	213.6	23392	20809	13324	5900	0	37951	2867	2662	205	3174	1433	1259
March 6, 2008 1:48:00 PM UTC	1204832880000	16	67	yes	38.8	213.9	23392	20809	13345	5806	0	38024	2923	2618	305	3167	1241	1327
March 6, 2008 1:49:00 PM UTC	1204832940000	17	69	yes	38.7	214.2	23392	20809	13323	5903	0	37949	2873	2469	404	3154	1133	1572
March 6, 2008 1:50:00 PM UTC	1204833000000	16	69	yes	38.6	214.4	23392	20809	13324	5875	0	37976	2875	2444	431	3146	1188	1583
March 6, 2008 1:51:00 PM UTC	1204833060000	17	69	yes	38.5	214.7	23392	20809	13336	5820	0	38019	2912	2485	427	3134	1330	1535
March 6, 2008 1:52:00 PM UTC	1204833120000	16	70	yes	38.4	215.0	23392	20809	13324	5875	0	37976	2873	2518	355	3140	1368	1566
March 6, 2008 1:53:00 PM UTC	1204833180000	16	69	yes	38.3	215.3	23392	20809	13336	5820	0	38019	2907	2525	382	3119	1463	1621
March 6, 2008 1:54:00 PM UTC	1204833240000	16	67	yes	38.2	215.6	23392	20809	13323	5874	0	37978	2877	2520	357	3109	1631	1462
March 6, 2008 1:55:00 PM UTC	1204833300000	17	68	yes	38.0	215.9	23392	20809	13336	5820	0	38019	2914	2538	376	3098	1659	1435
March 6, 2008 1:56:00 PM UTC	1204833360000	17	67	yes	37.9	216.1	23392	20809	13336	5819	0	38020	2909	2635	274	3094	1665	1428
March 6, 2008 1:57:00 PM UTC	1204833420000	18	69	yes	37.8	216.4	23392	20809	13336	5819	0	38020	2909	2421	488	3084	1718	1366
March 6, 2008 1:58:00 PM UTC	1204833480000	16	70	yes	37.7	216.7	23392	20809	13326	5839	0	38010	2878	2200	678	3081	1494	1587
March 6, 2008 1:59:00 PM UTC	1204833540000	14	69	yes	37.6	217.0	23392	20809	13347	5743	0	38085	2940	2205	735	3067	1448	1619
March 6, 2008 2:00:00 PM UTC	1204833600000	14	67	yes	37.5	217.3	23392	20809	13326	5837	0	38012	2876	2243	622	3063	1714	1349
March 6, 2008 2:01:00 PM UTC	1204833660000	16	62	yes	37.4	217.5	23392	20809	13326	5839	0	38010	2879	2763	116	3060	2137	896
March 6, 2008 2:02:00 PM UTC	1204833720000	18	58	yes	37.2	217.8	23392	20809	13338	5784	0	38053	2906	2906	0	3052	2241	811
March 6, 2008 2:03:00 PM UTC	1204833780000	20	51	yes	37.1	218.1	23392	20809	13326	5834	0	38015	2872	2851	21	3044	2368	676
March 6, 2008 2:04:00 PM UTC	1204833840000	21	49	yes	37.0	218.4	23392	20809	13329	5827	0	38019	2880	2880	0	3034	2305	729
March 6, 2008 2:05:00 PM UTC	1204833900000	23	52	yes	36.9	218.6	23392	20809	13324	5836	0	38015	2869	2860	9	3023	2232	791
March 6, 2008 2:06:00 PM UTC	1204833960000	24	55	yes	36.8	218.9	23392	20809	13328	5829	0	38018	2876	2875	1	3017	2281	736
March 6, 2008 2:07:00 PM UTC	1204834020000	28	54	yes	36.6	219.2	23392	20809	13327	5813	0	38035	2880	2831	49	3009	2425	584
March 6, 2008 2:08:00 PM UTC	1204834080000	29	53	yes	36.5	219.5	23392	20809	13328	5813	0	38034	2875	2797	78	3005	2719	286
March 6, 2008 2:09:00 PM UTC	1204834140000	33	48	yes	36.4	219.7	23392	20809	13330	5812	0	38033	2868	2857	11	2994	2805	189
March 6, 2008 2:10:00 PM UTC	1204834200000	34	46	yes	36.3	220.0	23392	20809	13328	5813	0	38034	2871	2871	0	2984	2594	390
March 6, 2008 2:11:00 PM UTC	1204834260000	35	45	yes	36.2	220.3	23392	20809	13328	5812	0	38035	2858	2858	0	2985	2542	443
March 6, 2008 2:12:00 PM UTC	1204834320000	38	47	yes	36.0	220.5	23392	20809	13329	5807	0	38039	2866	2866	0	2972	2476	496
March 6, 2008 2:13:00 PM UTC	1204834380000	42	45	yes	35.9	220.8	23392	20809	13340	5761	0	38074	2885	2885	0	2970	2625	345
March 6, 2008 2:14:00 PM UTC	1204834440000	45	45	yes	35.8	221.1	23392	20809	13328	5871	0	37976	2837	2837	0	2968	2801	167
March 6, 2008 2:15:00 PM UTC	1204834500000	46	47	yes	35.7	221.3	23392	20809	13328	5871	0	37976	2828	2828	0	2962	2916	46
March 6, 2008 2:16:00 PM UTC	1204834560000	51	43	yes	35.5	221.6	23392	20809	13328	5867	0	37980	2822	2822	0	2960	2953	7
March 6, 2008 2:17:00 PM UTC	1204834620000	54	41	yes	35.4	221.9	23392	20809	13339	5814	0	38022	2850	2850	0	2946	2940	6
March 6, 2008 2:18:00 PM UTC	1204834680000	54	43	yes	35.3	222.1	23392	20809	13328	5867	0	37980	2823	2823	0	2940	2877	63
March 6, 2008 2:19:00 PM UTC	1204834740000	56	43	yes	35.1	222.4	23392	20809	13338	5818	0	38019	2845	2845	0	2935	2798	137
March 6, 2008 2:20:00 PM UTC	1204834800000	58	42	yes	35.0	222.6	23392	20809	13316	5914	0	37945	2790	2790	0	2925	2774	151
March 6, 2008 2:21:00 PM UTC	1204834860000	60	40	yes	34.9	222.9	23392	20809	13341	5878	0	37956	2818	2818	0	2923	2903	20
March 6, 2008 2:22:00 PM UTC	1204834920000	58	42	yes	34.8	223.2	23392	20809	13316	5976	0	37883	2763	2763	0	2911	2908	3
March 6, 2008 2:23:00 PM UTC	1204834980000	59	41	yes	34.6	223.4	23392	20809	13341	5880	0	37954	2818	2818	0	2906	2875	31
March 6, 2008 2:24:00 PM UTC	1204835040000	56	44	yes	34.5	223.7	23392	20809	13328	5928	0	37919	2784	2784	0	2908	2908	0
March 6, 2008 2:25:00 PM UTC	1204835100000	56	44	yes	34.4	223.9	23392	20809	13328	5878	0	37969	2797	2795	2	2895	2878	17
March 6, 2008 2:26:00 PM UTC	1204835160000	53	45	yes	34.2	224.2	23392	20809	13328	5923	0	37924	2771	2771	0	2901	2899	2
March 6, 2008 2:27:00 PM UTC	1204835220000	54	44	yes	34.1	224.4	23392	20809	13329	5922	0	37924	2756	2756	0	2894	2764	130
March 6, 2008 2:28:00 PM UTC	1204835280000	49	50	yes	34.0	224.7	23392	20809	13328	5847	0	38000	2764	2764	0	2888	2794	94
March 6, 2008 2:29:00 PM UTC	1204835340000	50	49	yes	33.8	224.9	23392	20809	13329	5846	0	38000	2762	2762	0	2886	2886	0
March 6, 2008 2:30:00 PM UTC	1204835400000	47	53	yes	33.7	225.2	23392	20809	13328	5848	0	37999	2755	2752	3	2875	2855	20
March 6, 2008 2:31:00 PM UTC	1204835460000	47	53	yes	33.6	225.4	23392	20809	13338	5798	0	38039	2779	2779	0	2874	2854	20
March 6, 2008 2:32:00 PM UTC	1204835520000	48	52	yes	33.4	225.7	23392	20809	13329	5848	0	37998	2745	2745	0	2866	2866	0
March 6, 2008 2:33:00 PM UTC	1204835580000	49	51	yes	33.3	225.9	23392	20809	13329	5848	0	37998	2736	2736	0	2863	2863	0
March 6, 2008 2:34:00 PM UTC	1204835640000	51	49	yes	33.1	226.2	23392	20809	13329	5814	0	38032	2752	2752	0	2857	2857	0
March 6, 2008 2:35:00 PM UTC	1204835700000	53	47	yes	33.0	226.4	23392	20809	13328	5858	0	37989	2724	2724	0	2854	2854	0
March 6, 2008 2:36:00 PM UTC	1204835760000	54	46	yes	32.9	226.7	23392	20809	13337	5822	0	38016	2743	2743	0	2851	2851	0
March 6, 2008 2:37:00 PM UTC	1204835820000	60	40	yes	32.7	226.9	23392	20809	13329	5863	0	37983	2709	2709	0	2849	2849	0
March 6, 2008 2:38:00 PM UTC	1204835880000	64	36	yes	32.6	227.2	23392	20809	13327	5868	0	37980	2696	2696	0	2848	2848	0
March 6, 2008 2:39:00 PM UTC	1204835940000	66	34	yes	32.4	227.4	23392	20809	13339	5816	0	38020	2717	2717	0	2841	2841	0
March 6, 2008 2:40:00 PM UTC	1204836000000	65	35	yes	32.3	227.7	23392	20809	13327	5869	0	37979	2689	2689	0	2835	2835	0
March 6, 2008 2:41:00 PM UTC	1204836060000	69	31	yes	32.2	227.9	23392	20809	13339	5818	0	38018	2704	2704	0	2833	2833	0
March 6, 2008 2:42:00 PM UTC	1204836120000	66	34	yes	32.0	228.1	23392	20809	13327	5870	0	37978	2676	2676	0	2828	2828	0
March 6, 2008 2:43:00 PM UTC	1204836180000	59	41	yes	31.9	228.4	23392	20809	13327	5870	0	37978	2657	2657	0	2825	2825	0
March 6, 2008 2:44:00 PM UTC	1204836240000	56	44	yes	31.7	228.6	23392	20809	13328	5832	0	38015	2674	2674	0	2820	2820	0
March 6, 2008 2:45:00 PM UTC	1204836300000	55	45	yes	31.6	228.9	23392	20809	13326	5882	0	37967	2647	2647	0	2819	2819	0
March 6, 2008 2:46:00 PM UTC	1204836360000	54	46	yes	31.4	229.1	23392	20809	13325	5892	0	37958	2631	2631	0	2815	2815	0
March 6, 2008 2:47:00 PM UTC	1204836420000	55	45	yes	31.3	229.3	23392	20809	13335	5848	0	37992	2646	2646	0	2819	2819	0
March 6, 2008 2:48:00 PM UTC	1204836480000	56	44	yes	31.2	229.6	23392	20809	13314	5936	0	37925	2586	2586	0	2809	2809	0
March 6, 2008 2:49:00 PM UTC	1204836540000	57	43	yes	31.0	229.8	23392	20809	13335	5840	0	38000	2635	2635	0	2806	2806	0
March 6, 2008 2:50:00 PM UTC	1204836600000	61	39	yes	30.9	230.0	23392	20809	13324	5894	0	37957	2594	2594	0	2811	2811	0
March 6, 2008 2:51:00 PM UTC	1204836660000	65	35	yes	30.7	230.3	23392	20809	13336	5838	0	38001	2621	2621	0	2801	2801	0
March 6, 2008 2:52:00 PM UTC	1204836720000	66	34	yes	30.6	230.5	23392	20809	13324	5893	0	37958	2577	2577	0	2803	2803	0
March 6, 2008 2:53:00 PM UTC	1204836780000	66	34	yes	30.4	230.7	23392	20809	13334	5850	0	37991	2590	2590	0	2800	2800	0
March 6, 2008 2:54:00 PM UTC	1204836840000	62	38	yes	30.3	231.0	23392	20809	13326	5860	0	37989	2569	2569	0	2801	2801	0
March 6, 2008 2:55:00 PM UTC	1204836900000	60	40	yes	30.1	231.2	23392	20809	13326	5860	0	37989	2566	2566	0	2795	2795	0
March 6, 2008 2:56:00 PM UTC	1204836960000	59	41	yes	30.0	231.4	23392	20809	13332	5875	0	37968	2552	2552	0	2794	2785	9
March 6, 2008 2:57:00 PM UTC	1204837020000	56	44	yes	29.8	231.7	23392	20809	13322	5913	0	37940	2528	2528	0	2789	2789	0
March 6, 2008 2:58:00 PM UTC	1204837080000	56	43	yes	29.7	231.9	23392	20809	13334	5802	0	38039	2556	2556	0	2793	2745	48
March 6, 2008 2:59:00 PM UTC	1204837140000	58	42	yes	29.5	232.1	23392	20809	13334	5802	0	38039	2548	2548	0	2786	2771	15
March 6, 2008 3:00:00 PM UTC	1204837200000	58	42	yes	29.4	232.4	23392	20809	13321	5857	0	37997	2509	2509	0	2790	2790	0
March 6, 2008 3:01:00 PM UTC	1204837260000	56	44	yes	29.2	232.6	23392	20809	13334	5802	0	38039	2526	2526	0	2787	2787	0
March 6, 2008 3:02:00 PM UTC	1204837320000	53	47	yes	29.1	232.8	23392	20809	13321	5863	0	37991	2490	2490	0	2784	2759	25
March 6, 2008 3:03:00 PM UTC	1204837380000	54	45	yes	28.9	233.0	23392	20809	13342	5767	0	38066	2523	2523	0	2784	2784	0
March 6, 2008 3:04:00 PM UTC	1204837440000	52	48	yes	28.8	233.3	23392	20809	13323	5827	0	38025	2481	2481	0	2784	2784	0
March 6, 2008 3:05:00 PM UTC	1204837500000	51	49	yes	28.6	233.5	23392	20809	13333	5786	0	38056	2482	2482	0	2785	2769	16
March 6, 2008 3:06:00 PM UTC	1204837560000	47	53	yes	28.5	233.7	23392	20809	13332	5787	0	38056	2480	2480	0	2782	2754	28
March 6, 2008 3:07:00 PM UTC	1204837620000	45	55	yes	28.3	233.9	23392	20809	13321	5881	0	37973	2430	2430	0	2778	2777	1
March 6, 2008 3:08:00 PM UTC	1204837680000	43	57	yes	28.2	234.1	23392	20809	13331	5841	0	38003	2445	2445	0	2780	2780	0
March 6, 2008 3:09:00 PM UTC	1204837740000	41	59	yes	28.0	234.4	23392	20809	13331	5841	0	38003	2431	2431	0	2788	2788	0
March 6, 2008 3:10:00 PM UTC	1204837800000	44	56	yes	27.8	234.6	23392	20809	13327	5859	0	37989	2405	2405	0	2776	2776	0
March 6, 2008 3:11:00 PM UTC	1204837860000	45	55	yes	27.7	234.8	23392	20809	13331	5841	0	38003	2409	2409	0	2781	2781	0
March 6, 2008 3:12:00 PM UTC	1204837920000	47	52	yes	27.5	235.0	23392	20809	13316	5897	0	37962	2367	2367	0	2766	2766	0
March 6, 2008 3:13:00 PM UTC	1204837980000	48	52	yes	27.4	235.2	23392	20809	13336	5800	0	38039	2402	2402	0	2776	2776	0
March 6, 2008 3:14:00 PM UTC	1204838040000	49	51	yes	27.2	235.5	23392	20809	13316	5896	0	37963	2346	2346	0	2787	2787	0
March 6, 2008 3:15:00 PM UTC	1204838100000	48	52	yes	27.1	235.7	23392	20809	13341	5775	0	38059	2397	2397	0	2769	2769	0
March 6, 2008 3:16:00 PM UTC	1204838160000	47	53	yes	26.9	235.9	23392	20809	13328	5831	0	38016	2357	2357	0	2780	2712	68
March 6, 2008 3:17:00 PM UTC	1204838220000	48	52	yes	26.7	236.1	23392	20809	13328	5831	0	38016	2343	2343	0	2779	2440	339
March 6, 2008 3:18:00 PM UTC	1204838280000	45	55	yes	26.6	236.3	23392	20809	13326	5894	0	37955	2307	2307	0	2784	2501	283
March 6, 2008 3:19:00 PM UTC	1204838340000	44	56	yes	26.4	236.5	23392	20809	13326	5894	0	37955	2311	2311	0	2778	2382	396
March 6, 2008 3:20:00 PM UTC	1204838400000	45	55	yes	26.3	236.7	23392	20809	13326	5894	0	37955	2289	2289	0	2780	2401	379
March 6, 2008 3:21:00 PM UTC	1204838460000	46	53	yes	26.1	237.0	23392	20809	13334	5856	0	37985	2300	2300	0	2783	2294	489
March 6, 2008 3:22:00 PM UTC	1204838520000	44	55	yes	25.9	237.2	23392	20809	13326	5893	0	37956	2269	2269	0	2787	2078	709
March 6, 2008 3:23:00 PM UTC	1204838580000	43	56	yes	25.8	237.4	23392	20809	13326	5893	0	37956	2258	2258	0	2784	1973	811
March 6, 2008 3:24:00 PM UTC	1204838640000	44	55	yes	25.6	237.6	23392	20809	13335	5857	0	37983	2264	2264	0	2785	1994	791
March 6, 2008 3:25:00 PM UTC	1204838700000	45	53	yes	25.5	237.8	23392	20809	13336	5858	0	37981	2243	2243	0	2791	2178	613
March 6, 2008 3:26:00 PM UTC	1204838760000	45	53	yes	25.3	238.0	23392	20809	13329	5869	0	37977	2229	2229	0	2789	2173	616
March 6, 2008 3:27:00 PM UTC	1204838820000	44	54	yes	25.1	238.2	23392	20809	13321	5891	0	37963	2202	2202	0	2792	2327	465
March 6, 2008 3:28:00 PM UTC	1204838880000	44	53	yes	25.0	238.4	23392	20809	13336	5831	0	38008	2224	2224	0	2792	2326	466
March 6, 2008 3:29:00 PM UTC	1204838940000	43	54	yes	24.8	238.6	23392	20809	13330	5855	0	37990	2194	2194	0	2796	2380	416
March 6, 2008 3:30:00 PM UTC	1204839000000	43	54	yes	24.6	238.8	23392	20809	13342	5857	0	37976	2200	2200	0	2798	2593	205
March 6, 2008 3:31:00 PM UTC	1204839060000	42	54	yes	24.5	239.0	23392	20809	13321	5952	0	37902	2145	2145	0	2798	2582	216
March 6, 2008 3:32:00 PM UTC	1204839120000	45	52	yes	24.3	239.3	23392	20809	13342	5853	0	37980	2176	2176	0	2803	2660	143
March 6, 2008 3:33:00 PM UTC	1204839180000	48	49	yes	24.2	239.5	23392	20809	13329	5859	0	37987	2140	2140	0	2805	2706	99
March 6, 2008 3:34:00 PM UTC	1204839240000	51	48	yes	24.0	239.7	23392	20809	13329	5859	0	37987	2124	2124	0	2809	2766	43
March 6, 2008 3:35:00 PM UTC	1204839300000	53	46	yes	23.8	239.9	23392	20809	13320	5899	0	37956	2102	2102	0	2808	2808	0
March 6, 2008 3:36:00 PM UTC	1204839360000	53	45	yes	23.7	240.1	23392	20809	13329	5858	0	37988	2099	2099	0	2813	2785	28
March 6, 2008 3:37:00 PM UTC	1204839420000	56	42	yes	23.5	240.3	23392	20809	13330	5841	1	38003	2103	2102	0	2816	2783	33
March 6, 2008 3:38:00 PM UTC	1204839480000	60	39	yes	23.3	240.5	23392	20809	13330	5841	3	38001	2084	2081	0	2818	2818	0
March 6, 2008 3:39:00 PM UTC	1204839540000	58	42	yes	23.2	240.7	23392	20809	13324	5868	5	37978	2064	2059	0	2818	2805	13
March 6, 2008 3:40:00 PM UTC	1204839600000	52	48	yes	23.0	240.9	23392	20809	13329	5840	9	37997	2054	2045	0	2824	2824	0
March 6, 2008 3:41:00 PM UTC	1204839660000	50	50	yes	22.8	241.1	23392	20809	13315	5901	7	37952	2020	2013	0	2825	2825	0
March 6, 2008 3:42:00 PM UTC	1204839720000	46	53	yes	22.7	241.3	23392	20809	13338	5808	13	38016	2046	2033	0	2829	2829	0
March 6, 2008 3:43:00 PM UTC	1204839780000	44	56	yes	22.5	241.5	23392	20809	13335	5871	17	37952	2022	2005	0	2833	2741	92
March 6, 2008 3:44:00 PM UTC	1204839840000	36	64	yes	22.3	241.7	23392	20809	13322	5933	16	37904	1982	1966	0	2838	2503	335
March 6, 2008 3:45:00 PM UTC	1204839900000	30	70	yes	22.2	241.9	23392	20809	13338	5871	22	37944	1992	1970	0	2836	2309	527
March 6, 2008 3:46:00 PM UTC	1204839960000	23	75	yes	22.0	242.1	23392	20809	13322	5933	25	37895	1954	1929	0	2845	1663	1182
March 6, 2008 3:47:00 PM UTC	1204840020000	19	77	yes	21.8	242.3	23392	20809	13338	5872	35	37930	1964	1929	0	2854	1322	1532
March 6, 2008 3:48:00 PM UTC	1204840080000	16	75	yes	21.6	242.5	23392	20809	13322	5933	32	37888	1930	1897	1	2844	1520	1324
March 6, 2008 3:49:00 PM UTC	1204840140000	14	65	yes	21.5	242.7	23392	20809	13330	5881	40	37924	1935	1892	3	2852	1504	1348
March 6, 2008 3:50:00 PM UTC	1204840200000	14	45	yes	21.3	242.9	23392	20809	13330	5881	46	37918	1922	1876	0	2858	1694	1164
March 6, 2008 3:51:00 PM UTC	1204840260000	15	35	yes	21.1	243.1	23392	20809	13322	5912	45	37896	1894	1849	0	2870	1966	904
March 6, 2008 3:52:00 PM UTC	1204840320000	16	29	yes	21.0	243.2	23392	20809	13330	5881	53	37911	1890	1837	0	2871	2268	603
March 6, 2008 3:53:00 PM UTC	1204840380000	17	28	yes	20.8	243.4	23392	20809	13330	5881	55	37909	1877	1822	0	2874	2442	432
March 6, 2008 3:54:00 PM UTC	1204840440000	18	28	yes	20.6	243.6	23392	20809	13330	5881	59	37905	1855	1796	0	2885	2418	467
March 6, 2008 3:55:00 PM UTC	1204840500000	19	27	yes	20.5	243.8	23392	20809	13330	5881	62	37902	1853	1791	0	2882	2333	549
March 6, 2008 3:56:00 PM UTC	1204840560000	19	32	yes	20.3	244.0	23392	20809	13329	5936	62	37848	1822	1760	0	2891	2405	486
March 6, 2008 3:57:00 PM UTC	1204840620000	21	35	yes	20.1	244.2	23392	20809	13326	5944	66	37839	1812	1746	0	2896	2507	389
March 6, 2008 3:58:00 PM UTC	1204840680000	22	40	yes	19.9	244.4	23392	20809	13326	5944	69	37836	1796	1727	0	2906	2481	425
March 6, 2008 3:59:00 PM UTC	1204840740000	26	44	yes	19.8	244.6	23392	20809	13338	5843	75	37919	1807	1732	0	2908	2726	182
March 6, 2008 4:00:00 PM UTC	1204840800000	31	47	yes	19.6	244.8	23392	20809	13338	5843	78	37916	1790	1712	0	2917	2814	103
March 6, 2008 4:01:00 PM UTC	1204840860000	31	53	yes	19.4	245.0	23392	20809	13322	5906	76	37871	1746	1670	0	2926	2925	1
March 6, 2008 4:02:00 PM UTC	1204840920000	34	55	yes	19.2	245.2	23392	20809	13338	5827	86	37924	1765	1679	0	2925	2918	7
March 6, 2008 4:03:00 PM UTC	1204840980000	35	58	yes	19.1	245.4	23392	20809	13324	5891	81	37879	1723	1642	0	2934	2934	0
March 6, 2008 4:04:00 PM UTC	1204841040000	38	58	yes	18.9	245.5	23392	20809	13337	5827	89	37922	1738	1649	0	2941	2941	0
March 6, 2008 4:05:00 PM UTC	1204841100000	40	59	yes	18.7	245.7	23392	20809	13324	5890	87	37874	1700	1613	0	2949	2949	0
March 6, 2008 4:06:00 PM UTC	1204841160000	40	60	yes	18.5	245.9	23392	20809	13324	5890	90	37871	1688	1598	0	2952	2952	0
March 6, 2008 4:07:00 PM UTC	1204841220000	40	59	yes	18.4	246.1	23392	20809	13345	5798	101	37931	1706	1605	0	2964	2964	0
March 6, 2008 4:08:00 PM UTC	1204841280000	41	58	yes	18.2	246.3	23392	20809	13329	5819	96	37931	1665	1569	0	2970	2970	0
March 6, 2008 4:09:00 PM UTC	1204841340000	42	55	yes	18.0	246.5	23392	20809	13345	5751	104	37975	1684	1580	0	2974	2973	1
March 6, 2008 4:10:00 PM UTC	1204841400000	44	52	yes	17.8	246.7	23392	20809	13321	5913	96	37845	1616	1520	0	2986	2986	0
March 6, 2008 4:11:00 PM UTC	1204841460000	46	48	yes	17.7	246.8	23392	20809	13328	5882	102	37863	1617	1515	0	2991	2991	0
March 6, 2008 4:12:00 PM UTC	1204841520000	46	49	yes	17.5	247.0	23392	20809	13328	5882	104	37861	1603	1499	0	2998	2998	0
March 6, 2008 4:13:00 PM UTC	1204841580000	45	51	yes	17.3	247.2	23392	20809	13328	5882	106	37859	1587	1481	0	3008	3008	0
March 6, 2008 4:14:00 PM UTC	1204841640000	47	52	yes	17.1	247.4	23392	20809	13328	5880	104	37863	1571	1467	0	3016	3016	0
March 6, 2008 4:15:00 PM UTC	1204841700000	50	49	yes	17.0	247.6	23392	20809	13335	5844	110	37886	1568	1458	0	3025	3025	0
March 6, 2008 4:16:00 PM UTC	1204841760000	53	47	yes	16.8	247.8	23392	20809	13321	5909	104	37841	1533	1429	0	3032	3032	0
March 6, 2008 4:17:00 PM UTC	1204841820000	54	46	yes	16.6	247.9	23392	20809	13330	5871	112	37862	1524	1412	0	3045	3045	0
March 6, 2008 4:18:00 PM UTC	1204841880000	53	47	yes	16.4	248.1	23392	20809	13330	5871	110	37864	1518	1408	0	3048	3048	0
March 6, 2008 4:19:00 PM UTC	1204841940000	51	49	yes	16.3	248.3	23392	20809	13335	5844	116	37880	1510	1394	0	3059	3059	0
March 6, 2008 4:20:00 PM UTC	1204842000000	52	47	yes	16.1	248.5	23392	20809	13335	5844	115	37881	1493	1378	0	3072	3072	0
March 6, 2008 4:21:00 PM UTC	1204842060000	53	47	yes	15.9	248.7	23392	20809	13335	5844	121	37875	1486	1365	0	3073	3073	0
March 6, 2008 4:22:00 PM UTC	1204842120000	53	47	yes	15.7	248.9	23392	20809	13335	5844	121	37875	1463	1342	0	3090	3090	0
March 6, 2008 4:23:00 PM UTC	1204842180000	51	49	yes	15.5	249.0	23392	20809	13320	5909	115	37831	1431	1316	0	3096	3096	0
March 6, 2008 4:24:00 PM UTC	1204842240000	50	50	yes	15.4	249.2	23392	20809	13339	5888	120	37828	1434	1314	0	3110	3110	0
March 6, 2008 4:25:00 PM UTC	1204842300000	49	51	yes	15.2	249.4	23392	20809	13319	5978	117	37761	1393	1275	1	3114	3114	0
March 6, 2008 4:26:00 PM UTC	1204842360000	49	51	yes	15.0	249.6	23392	20809	13333	5914	128	37800	1398	1270	0	3125	3125	0
March 6, 2008 4:27:00 PM UTC	1204842420000	50	50	no	14.8	249.8	23392	20809	13333	5914	125	37803	1381	1256	0	3140	3140	0
March 6, 2008 4:28:00 PM UTC	1204842480000	54	46	no	14.7	249.9	23392	20809	13319	5978	121	37757	1352	1231	0	3146	3146	0
March 6, 2008 4:29:00 PM UTC	1204842540000	55	44	no	14.5	250.1	23392	20809	13338	5879	134	37824	1361	1227	0	3165	3165	0
March 6, 2008 4:30:00 PM UTC	1204842600000	58	42	no	14.3	250.3	23392	20809	13325	5945	123	37782	1331	1208	0	3168	3168	0
March 6, 2008 4:31:00 PM UTC	1204842660000	60	40	no	14.1	250.5	23392	20809	13342	5879	133	37821	1331	1198	0	3184	3184	0
March 6, 2008 4:32:00 PM UTC	1204842720000	62	37	no	13.9	250.6	23392	20809	13325	5945	128	37777	1300	1172	0	3193	3193	0
March 6, 2008 4:33:00 PM UTC	1204842780000	67	32	no	13.8	250.8	23392	20809	13331	5923	130	37791	1297	1167	0	3202	3202	0
March 6, 2008 4:34:00 PM UTC	1204842840000	73	27	no	13.6	251.0	23392	20809	13343	5852	132	37848	1298	1166	0	3219	3219	0
March 6, 2008 4:35:00 PM UTC	1204842900000	76	24	no	13.4	251.2	23392	20809	13326	5942	125	37782	1258	1133	0	3228	3228	0
March 6, 2008 4:36:00 PM UTC	1204842960000	78	22	no	13.2	251.3	23392	20809	13343	5876	132	37824	1255	1123	0	3250	3250	0
March 6, 2008 4:37:00 PM UTC	1204843020000	80	20	no	13.0	251.5	23392	20809	13328	5826	132	37889	1238	1106	0	3253	3253	0
March 6, 2008 4:38:00 PM UTC	1204843080000	83	17	no	12.8	251.7	23392	20809	13333	5805	132	37905	1227	1095	0	3270	3270	0
March 6, 2008 4:39:00 PM UTC	1204843140000	84	16	no	12.7	251.9	23392	20809	13333	5804	130	37908	1215	1085	0	3283	3283	0
March 6, 2008 4:40:00 PM UTC	1204843200000	86	14	no	12.5	252.0	23392	20809	13330	5872	127	37846	1192	1065	0	3295	3295	0
March 6, 2008 4:41:00 PM UTC	1204843260000	87	13	no	12.3	252.2	23392	20809	13330	5871	128	37846	1172	1044	0	3316	3316	0
March 6, 2008 4:42:00 PM UTC	1204843320000	91	9	no	12.1	252.4	23392	20809	13330	5871	128	37846	1164	1036	0	3326	3326	0
March 6, 2008 4:43:00 PM UTC	1204843380000	90	10	no	11.9	252.6	23392	20809	13330	5871	126	37848	1148	1022	0	3342	3342	0
March 6, 2008 4:44:00 PM UTC	1204843440000	86	14	no	11.8	252.7	23392	20809	13335	5850	125	37865	1142	1017	0	3357	3357	0
March 6, 2008 4:45:00 PM UTC	1204843500000	80	20	no	11.6	252.9	23392	20809	13335	5850	124	37866	1126	1002	0	3371	3371	0
March 6, 2008 4:46:00 PM UTC	1204843560000	76	24	no	11.4	253.1	23392	20809	13331	5870	124	37850	1100	976	0	3392	3392	0
March 6, 2008 4:47:00 PM UTC	1204843620000	68	32	no	11.2	253.3	23392	20809	13331	5870	124	37850	1090	966	0	3399	3399	0
March 6, 2008 4:48:00 PM UTC	1204843680000	63	37	no	11.0	253.4	23392	20809	13317	5938	113	37807	1052	939	0	3416	3416	0
March 6, 2008 4:49:00 PM UTC	1204843740000	59	40	no	10.8	253.6	23392	20809	13336	5849	117	37873	1067	950	0	3428	3428	0
March 6, 2008 4:50:00 PM UTC	1204843800000	56	44	no	10.7	253.8	23392	20809	13336	5849	120	37870	1051	931	0	3444	3444	0
March 6, 2008 4:51:00 PM UTC	1204843860000	56	44	no	10.5	253.9	23392	20809	13337	5848	120	37870	1033	913	0	3462	3462	0
March 6, 2008 4:52:00 PM UTC	1204843920000	55	45	no	10.3	254.1	23392	20809	13337	5848	114	37876	1022	908	0	3474	3474	0
March 6, 2008 4:53:00 PM UTC	1204843980000	52	48	no	10.1	254.3	23392	20809	13321	5914	106	37834	985	879	0	3491	3491	0
March 6, 2008 4:54:00 PM UTC	1204844040000	51	49	no	9.9	254.5	23392	20809	13336	5847	113	37879	995	882	0	3502	3502	0
March 6, 2008 4:55:00 PM UTC	1204844100000	50	50	no	9.7	254.6	23392	20809	13326	5896	108	37845	970	862	0	3513	3513	0
March 6, 2008 4:56:00 PM UTC	1204844160000	50	49	no	9.6	254.8	23392	20809	13338	5904	110	37823	958	848	0	3535	3535	0
March 6, 2008 4:57:00 PM UTC	1204844220000	52	48	no	9.4	255.0	23392	20809	13338	5904	107	37826	949	842	0	3544	3544	0
March 6, 2008 4:58:00 PM UTC	1204844280000	51	49	no	9.2	255.1	23392	20809	13322	5971	103	37779	913	810	0	3559	3559	0
March 6, 2008 4:59:00 PM UTC	1204844340000	49	50	no	9.0	255.3	23392	20809	13336	5899	106	37834	919	813	0	3575	3575	0
March 6, 2008 5:00:00 PM UTC	1204844400000	47	52	no	8.8	255.5	23392	20809	13322	5968	104	37781	891	787	0	3585	3585	0
March 6, 2008 5:01:00 PM UTC	1204844460000	44	50	no	8.6	255.6	23392	20809	13338	5900	106	37831	890	784	0	3607	3607	0
March 6, 2008 5:02:00 PM UTC	1204844520000	42	47	no	8.4	255.8	23392	20809	13338	5900	104	37833	876	772	0	3621	3621	0
March 6, 2008 5:03:00 PM UTC	1204844580000	40	48	no	8.3	256.0	23392	20809	13322	5968	97	37788	844	747	0	3631	3631	0
March 6, 2008 5:04:00 PM UTC	1204844640000	36	50	no	8.1	256.1	23392	20809	13338	5864	103	37870	848	745	0	3649	3649	0
March 6, 2008 5:05:00 PM UTC	1204844700000	36	50	no	7.9	256.3	23392	20809	13324	5931	99	37821	823	724	0	3655	3655	0
March 6, 2008 5:06:00 PM UTC	1204844760000	32	49	no	7.7	256.5	23392	20809	13338	5863	101	37873	818	717	0	3681	3670	11
March 6, 2008 5:07:00 PM UTC	1204844820000	30	46	no	7.5	256.6	23392	20809	13328	5914	94	37839	796	702	0	3685	3665	20
March 6, 2008 5:08:00 PM UTC	1204844880000	28	45	no	7.3	256.8	23392	20809	13328	5914	94	37839	781	687	0	3700	3641	59
March 6, 2008 5:09:00 PM UTC	1204844940000	27	43	no	7.1	257.0	23392	20809	13345	5769	101	37960	784	683	0	3726	3661	65
March 6, 2008 5:10:00 PM UTC	1204845000000	24	44	no	7.0	257.1	23392	20809	13331	5830	95	37919	760	664	1	3731	3539	190
March 6, 2008 5:11:00 PM UTC	1204845060000	22	41	no	6.8	257.3	23392	20809	13331	5830	93	37921	740	646	0	3754	3217	513
March 6, 2008 5:12:00 PM UTC	1204845120000	20	42	no	6.6	257.5	23392	20809	13330	5837	92	37916	728	619	0	3760	2992	715
March 6, 2008 5:13:00 PM UTC	1204845180000	17	41	no	6.4	257.6	23392	20809	13330	5837	91	37917	716	585	0	3774	2889	790
March 6, 2008 5:14:00 PM UTC	1204845240000	14	40	no	6.2	257.8	23392	20809	13331	5900	91	37853	699	542	0	3787	2550	1069
March 6, 2008 5:15:00 PM UTC	1204845300000	12	35	no	6.0	258.0	23392	20809	13331	5902	87	37855	690	506	2	3795	2405	1089
March 6, 2008 5:16:00 PM UTC	1204845360000	11	29	no	5.8	258.1	23392	20809	13331	5902	90	37852	670	444	4	3817	2246	1010
March 6, 2008 5:17:00 PM UTC	1204845420000	9	18	no	5.6	258.3	23392	20809	13330	5901	92	37852	658	378	12	3827	1895	761
March 6, 2008 5:18:00 PM UTC	1204845480000	7	14	no	5.5	258.5	23392	20809	13330	5901	95	37849	647	286	28	3838	1672	652
March 6, 2008 5:19:00 PM UTC	1204845540000	6	12	no	5.3	258.6	23392	20809	13330	5901	101	37843	632	235	1	3855	1340	661
March 6, 2008 5:20:00 PM UTC	1204845600000	4	9	no	5.1	258.8	23392	20809	13330	5901	105	37839	623	150	11	3861	1049	680
March 6, 2008 5:21:00 PM UTC	1204845660000	2	10	no	4.9	259.0	23392	20809	13333	5888	111	37843	612	102	35	3876	383	1193
March 6, 2008 5:22:00 PM UTC	1204845720000	1	5	no	4.7	259.1	23392	20809	13333	5887	115	37840	595	150	15	3894	176	931
March 6, 2008 5:23:00 PM UTC	1204845780000	2	5	no	4.5	259.3	23392	20809	13333	5887	120	37835	583	187	17	3905	415	776
March 6, 2008 5:24:00 PM UTC	1204845840000	2	4	no	4.3	259.5	23392	20809	13330	5899	125	37821	564	111	1	3921	499	445
March 6, 2008 5:25:00 PM UTC	1204845900000	1	3	no	4.1	259.6	23392	20809	13330	5899	130	37816	552	14	24	3933	293	503
March 6, 2008 5:26:00 PM UTC	1204845960000	0	4	no	4.0	259.8	23392	20809	13330	5899	138	37808	543	0	14	3940	21	687
March 6, 2008 5:27:00 PM UTC	1204846020000	0	0	no	3.8	259.9	23392	20809	13330	5897	148	37800	525	0	0	3959	0	56
March 6, 2008 5:28:00 PM UTC	1204846080000	0	0	no	3.6	260.1	23392	20809	13330	5867	160	37818	515	0	0	3974	0	2
March 6, 2008 5:29:00 PM UTC	1204846140000	0	0	no	3.4	260.3	23392	20809	13333	5853	178	37811	507	0	0	3977	0	0
March 6, 2008 5:30:00 PM UTC	1204846200000	0	0	no	3.2	260.4	23392	20809	13333	5853	201	37788	488	0	0	4005	0	0
March 6, 2008 5:31:00 PM UTC	1204846260000	0	0	no	3.0	260.6	23392	20809	13317	5922	216	37720	467	0	0	3999	0	9
