June 2, 2009 5:00:00 AM UTC	1243940400000	0	1	no	4.9	64.9	23386	20815	13322	5903	102	37848	593	12	0	3887	30	0
June 2, 2009 5:01:00 AM UTC	1243940460000	1	2	no	5.1	65.1	23386	20815	13338	5823	105	37909	621	13	0	3882	33	0
June 2, 2009 5:02:00 AM UTC	1243940520000	0	1	no	5.3	65.2	23386	20815	13331	5851	98	37895	627	8	0	3865	25	0
June 2, 2009 5:03:00 AM UTC	1243940580000	0	1	no	5.4	65.4	23386	20815	13324	5886	90	37875	635	9	0	3848	18	0
June 2, 2009 5:04:00 AM UTC	1243940640000	1	2	no	5.6	65.5	23386	20815	13337	5825	91	37922	658	9	0	3846	22	0
June 2, 2009 5:05:00 AM UTC	1243940700000	1	3	no	5.8	65.7	23386	20815	13337	5825	90	37923	675	10	0	3828	19	1
June 2, 2009 5:06:00 AM UTC	1243940760000	0	5	no	6.0	65.8	23386	20815	13324	5889	88	37874	675	1	0	3809	17	1
June 2, 2009 5:07:00 AM UTC	1243940820000	2	8	no	6.1	66.0	23386	20815	13338	5824	94	37919	700	0	0	3803	33	3
June 2, 2009 5:08:00 AM UTC	1243940880000	2	10	no	6.3	66.1	23386	20815	13330	5814	90	37941	707	4	0	3788	36	8
June 2, 2009 5:09:00 AM UTC	1243940940000	9	41	no	6.5	66.3	23386	20815	13330	5814	92	37939	720	5	0	3775	145	226
June 2, 2009 5:10:00 AM UTC	1243941000000	7	35	no	6.7	66.4	23386	20815	13345	5753	97	37980	748	6	0	3766	132	105
June 2, 2009 5:11:00 AM UTC	1243941060000	5	32	no	6.8	66.6	23386	20815	13322	5904	92	37857	737	4	0	3746	79	125
June 2, 2009 5:12:00 AM UTC	1243941120000	8	46	no	7.0	66.8	23386	20815	13322	5904	90	37859	750	5	0	3731	386	434
June 2, 2009 5:13:00 AM UTC	1243941180000	13	62	no	7.2	66.9	23386	20815	13343	5814	100	37918	782	4	0	3726	912	853
June 2, 2009 5:14:00 AM UTC	1243941240000	13	56	no	7.4	67.1	23386	20815	13328	5882	95	37870	782	15	0	3707	872	857
June 2, 2009 5:15:00 AM UTC	1243941300000	12	50	no	7.5	67.2	23386	20815	13328	5882	96	37869	792	15	0	3697	756	815
June 2, 2009 5:16:00 AM UTC	1243941360000	16	66	no	7.7	67.4	23386	20815	13328	5884	95	37868	809	14	0	3679	1019	723
June 2, 2009 5:17:00 AM UTC	1243941420000	40	57	no	7.9	67.5	23386	20815	13328	5884	95	37868	821	168	0	3669	3152	182
June 2, 2009 5:18:00 AM UTC	1243941480000	56	43	no	8.1	67.7	23386	20815	13335	5843	99	37898	843	373	0	3656	3619	0
June 2, 2009 5:19:00 AM UTC	1243941540000	59	40	no	8.2	67.8	23386	20815	13336	5844	98	37897	857	365	0	3639	3580	3
June 2, 2009 5:20:00 AM UTC	1243941600000	58	40	no	8.4	68.0	23386	20815	13330	5868	96	37881	865	366	0	3626	3511	0
June 2, 2009 5:21:00 AM UTC	1243941660000	52	46	no	8.6	68.1	23386	20815	13330	5868	96	37881	881	141	0	3610	3317	38
June 2, 2009 5:22:00 AM UTC	1243941720000	44	53	no	8.8	68.3	23386	20815	13329	5871	100	37875	890	139	0	3602	3201	137
June 2, 2009 5:23:00 AM UTC	1243941780000	65	34	no	9.0	68.4	23386	20815	13335	5847	103	37890	911	287	0	3585	3498	0
June 2, 2009 5:24:00 AM UTC	1243941840000	72	28	no	9.1	68.6	23386	20815	13335	5847	100	37893	923	679	0	3575	3575	0
June 2, 2009 5:25:00 AM UTC	1243941900000	73	27	no	9.3	68.7	23386	20815	13335	5848	106	37886	939	833	0	3559	3559	0
June 2, 2009 5:26:00 AM UTC	1243941960000	62	37	no	9.5	68.9	23386	20815	13335	5848	107	37885	951	844	0	3546	3546	0
June 2, 2009 5:27:00 AM UTC	1243942020000	62	37	no	9.7	69.0	23386	20815	13320	5913	106	37836	948	840	0	3530	3530	0
June 2, 2009 5:28:00 AM UTC	1243942080000	61	39	no	9.8	69.2	23386	20815	13341	5826	114	37894	985	871	0	3519	3519	0
June 2, 2009 5:29:00 AM UTC	1243942140000	74	26	no	10.0	69.3	23386	20815	13339	5891	112	37833	996	884	0	3502	3502	0
June 2, 2009 5:30:00 AM UTC	1243942200000	99	1	no	10.2	69.5	23386	20815	13319	5979	101	37776	989	888	0	3484	3484	0
June 2, 2009 5:31:00 AM UTC	1243942260000	94	6	no	10.4	69.6	23386	20815	13333	5912	113	37817	1020	907	0	3473	3473	0
June 2, 2009 5:32:00 AM UTC	1243942320000	76	24	no	10.6	69.7	23386	20815	13333	5912	116	37814	1036	920	0	3456	3456	0
June 2, 2009 5:33:00 AM UTC	1243942380000	73	27	no	10.7	69.9	23386	20815	13319	5979	106	37771	1032	926	0	3439	3439	0
June 2, 2009 5:34:00 AM UTC	1243942440000	66	28	no	10.9	70.0	23386	20815	13338	5892	120	37825	1076	956	0	3423	3423	0
June 2, 2009 5:35:00 AM UTC	1243942500000	51	30	no	11.1	70.2	23386	20815	13338	5882	125	37830	1089	964	0	3410	3410	0
June 2, 2009 5:36:00 AM UTC	1243942560000	60	31	no	11.3	70.3	23386	20815	13325	5948	119	37783	1085	966	0	3395	3395	0
June 2, 2009 5:37:00 AM UTC	1243942620000	70	30	no	11.5	70.5	23386	20815	13342	5882	126	37825	1117	991	0	3381	3381	0
June 2, 2009 5:38:00 AM UTC	1243942680000	91	9	no	11.6	70.6	23386	20815	13325	5948	120	37782	1113	993	0	3366	3366	0
June 2, 2009 5:39:00 AM UTC	1243942740000	100	0	no	11.8	70.8	23386	20815	13325	5948	118	37784	1128	1010	0	3351	3351	0
June 2, 2009 5:40:00 AM UTC	1243942800000	95	5	no	12.0	70.9	23386	20815	13343	5859	122	37851	1165	1043	0	3341	3341	0
June 2, 2009 5:41:00 AM UTC	1243942860000	83	17	no	12.2	71.1	23386	20815	13326	5950	120	37779	1155	1035	0	3325	3325	0
June 2, 2009 5:42:00 AM UTC	1243942920000	70	30	no	12.4	71.2	23386	20815	13326	5950	124	37775	1168	1044	0	3311	3311	0
June 2, 2009 5:43:00 AM UTC	1243942980000	71	29	no	12.5	71.4	23386	20815	13343	5883	131	37818	1206	1075	0	3293	3293	0
June 2, 2009 5:44:00 AM UTC	1243943040000	84	16	no	12.7	71.5	23386	20815	13328	5826	127	37894	1210	1067	0	3279	3279	0
June 2, 2009 5:45:00 AM UTC	1243943100000	100	0	no	12.9	71.7	23386	20815	13328	5826	128	37893	1229	1101	0	3260	3260	0
June 2, 2009 5:46:00 AM UTC	1243943160000	100	0	no	13.1	71.8	23386	20815	13333	5806	131	37905	1250	1114	0	3251	3251	0
June 2, 2009 5:47:00 AM UTC	1243943220000	70	29	no	13.3	72.0	23386	20815	13330	5877	125	37843	1257	764	0	3238	3238	0
June 2, 2009 5:48:00 AM UTC	1243943280000	100	0	no	13.5	72.1	23386	20815	13330	5877	117	37851	1271	1135	0	3226	3226	0
June 2, 2009 5:49:00 AM UTC	1243943340000	100	0	no	13.6	72.3	23386	20815	13330	5878	121	37846	1286	1165	0	3214	3214	0
June 2, 2009 5:50:00 AM UTC	1243943400000	100	0	no	13.8	72.4	23386	20815	13330	5878	68	37899	1301	1233	0	3202	3202	0
June 2, 2009 5:51:00 AM UTC	1243943460000	100	0	no	14.0	72.5	23386	20815	13330	5878	18	37949	1312	1286	0	3193	3193	0
June 2, 2009 5:52:00 AM UTC	1243943520000	100	0	no	14.2	72.7	23386	20815	13335	5848	0	37992	1338	1326	0	3176	3176	0
June 2, 2009 5:53:00 AM UTC	1243943580000	100	0	no	14.4	72.8	23386	20815	13335	5848	26	37966	1354	1163	0	3162	3162	0
June 2, 2009 5:54:00 AM UTC	1243943640000	100	0	no	14.6	73.0	23386	20815	13335	5848	106	37886	1372	1265	0	3151	3151	0
June 2, 2009 5:55:00 AM UTC	1243943700000	100	0	no	14.7	73.1	23386	20815	13331	5868	116	37860	1384	1264	0	3137	3137	0
June 2, 2009 5:56:00 AM UTC	1243943760000	100	0	no	14.9	73.3	23386	20815	13331	5868	101	37875	1400	1299	0	3125	3125	0
June 2, 2009 5:57:00 AM UTC	1243943820000	100	0	no	15.1	73.4	23386	20815	13317	5934	114	37810	1391	1277	0	3115	3115	0
June 2, 2009 5:58:00 AM UTC	1243943880000	100	0	no	15.3	73.6	23386	20815	13336	5850	124	37865	1431	1307	0	3107	3107	0
June 2, 2009 5:59:00 AM UTC	1243943940000	100	0	no	15.5	73.7	23386	20815	13336	5850	120	37869	1446	1326	0	3094	3094	0
June 2, 2009 6:00:00 AM UTC	1243944000000	97	3	no	15.7	73.9	23386	20815	13322	5917	114	37822	1432	1318	0	3090	3090	0
June 2, 2009 6:01:00 AM UTC	1243944060000	94	6	no	15.8	74.0	23386	20815	13337	5850	122	37866	1478	1356	0	3078	3078	0
June 2, 2009 6:02:00 AM UTC	1243944120000	92	8	no	16.0	74.2	23386	20815	13337	5850	118	37870	1493	1375	0	3069	3069	0
June 2, 2009 6:03:00 AM UTC	1243944180000	100	0	no	16.2	74.3	23386	20815	13321	5920	108	37826	1487	1379	0	3059	3059	0
June 2, 2009 6:04:00 AM UTC	1243944240000	98	2	no	16.4	74.4	23386	20815	13336	5851	113	37875	1525	1412	0	3049	3049	0
June 2, 2009 6:05:00 AM UTC	1243944300000	99	1	no	16.6	74.6	23386	20815	13341	5833	113	37888	1547	1434	0	3039	3039	0
June 2, 2009 6:06:00 AM UTC	1243944360000	100	0	no	16.8	74.7	23386	20815	13326	5900	108	37841	1538	1430	0	3027	3027	0
June 2, 2009 6:07:00 AM UTC	1243944420000	100	0	no	16.9	74.9	23386	20815	13338	5903	112	37822	1560	1448	0	3024	3024	0
June 2, 2009 6:08:00 AM UTC	1243944480000	100	0	no	17.1	75.0	23386	20815	13322	5971	95	37787	1560	1465	0	3014	3014	0
June 2, 2009 6:09:00 AM UTC	1243944540000	100	0	no	17.3	75.2	23386	20815	13322	5971	67	37815	1574	1507	0	3005	3005	0
June 2, 2009 6:10:00 AM UTC	1243944600000	100	0	no	17.5	75.3	23386	20815	13336	5898	80	37861	1616	1464	0	2995	2995	0
June 2, 2009 6:11:00 AM UTC	1243944660000	100	0	no	17.7	75.5	23386	20815	13322	5969	43	37841	1608	1542	0	2988	2988	0
June 2, 2009 6:12:00 AM UTC	1243944720000	100	0	no	17.9	75.6	23386	20815	13322	5969	86	37798	1625	1530	0	2976	2976	0
June 2, 2009 6:13:00 AM UTC	1243944780000	90	10	no	18.1	75.8	23386	20815	13338	5902	93	37842	1658	1565	0	2969	2969	0
June 2, 2009 6:14:00 AM UTC	1243944840000	100	0	no	18.2	75.9	23386	20815	13322	5969	88	37796	1654	1517	0	2965	2965	0
June 2, 2009 6:15:00 AM UTC	1243944900000	100	0	no	18.4	76.0	23386	20815	13323	5934	84	37834	1670	1580	0	2956	2956	0
June 2, 2009 6:16:00 AM UTC	1243944960000	100	0	no	18.6	76.2	23386	20815	13338	5867	87	37883	1715	1628	0	2947	2947	0
June 2, 2009 6:17:00 AM UTC	1243945020000	100	0	no	18.8	76.3	23386	20815	13324	5935	22	37894	1702	1584	0	2938	2938	0
June 2, 2009 6:18:00 AM UTC	1243945080000	100	0	no	19.0	76.5	23386	20815	13338	5868	43	37926	1739	1596	0	2935	2935	0
June 2, 2009 6:19:00 AM UTC	1243945140000	100	0	no	19.2	76.6	23386	20815	13328	5921	54	37872	1736	1681	0	2925	2925	0
June 2, 2009 6:20:00 AM UTC	1243945200000	100	0	no	19.4	76.8	23386	20815	13328	5921	75	37851	1758	1683	0	2915	2915	0
June 2, 2009 6:21:00 AM UTC	1243945260000	100	0	no	19.5	76.9	23386	20815	13345	5770	74	37986	1807	1733	0	2914	2914	0
June 2, 2009 6:22:00 AM UTC	1243945320000	100	0	no	19.7	77.1	23386	20815	13329	5844	54	37948	1794	1740	0	2908	2908	0
June 2, 2009 6:23:00 AM UTC	1243945380000	100	0	no	19.9	77.2	23386	20815	13329	5844	17	37985	1808	1791	0	2900	2900	0
June 2, 2009 6:24:00 AM UTC	1243945440000	100	0	no	20.1	77.4	23386	20815	13345	5771	45	38014	1853	1802	0	2892	2892	0
June 2, 2009 6:25:00 AM UTC	1243945500000	99	1	no	20.3	77.5	23386	20815	13330	5839	64	37942	1839	1775	0	2890	2890	0
June 2, 2009 6:26:00 AM UTC	1243945560000	100	0	no	20.5	77.6	23386	20815	13330	5839	58	37948	1853	1795	0	2888	2888	0
June 2, 2009 6:27:00 AM UTC	1243945620000	100	0	no	20.7	77.8	23386	20815	13347	5827	61	37940	1892	1831	0	2875	2875	0
June 2, 2009 6:28:00 AM UTC	1243945680000	100	0	no	20.9	77.9	23386	20815	13331	5896	2	37946	1880	1878	0	2871	2871	0
June 2, 2009 6:29:00 AM UTC	1243945740000	100	0	no	21.0	78.1	23386	20815	13331	5896	0	37948	1897	1897	0	2864	2864	0
June 2, 2009 6:30:00 AM UTC	1243945800000	100	0	no	21.2	78.2	23386	20815	13330	5898	8	37939	1910	1894	0	2861	2861	0
June 2, 2009 6:31:00 AM UTC	1243945860000	100	0	no	21.4	78.4	23386	20815	13330	5898	6	37941	1931	1914	0	2853	2853	0
June 2, 2009 6:32:00 AM UTC	1243945920000	85	15	no	21.6	78.5	23386	20815	13330	5898	28	37919	1947	1919	0	2845	2845	0
June 2, 2009 6:33:00 AM UTC	1243945980000	100	0	no	21.8	78.7	23386	20815	13330	5899	28	37918	1957	1929	0	2846	2846	0
June 2, 2009 6:34:00 AM UTC	1243946040000	100	0	no	22.0	78.8	23386	20815	13330	5899	24	37922	1974	1950	0	2837	2837	0
June 2, 2009 6:35:00 AM UTC	1243946100000	100	0	no	22.2	79.0	23386	20815	13333	5886	10	37946	1994	1984	0	2833	2833	0
June 2, 2009 6:36:00 AM UTC	1243946160000	100	0	no	22.4	79.1	23386	20815	13333	5888	0	37954	2009	2009	0	2831	2831	0
June 2, 2009 6:37:00 AM UTC	1243946220000	100	0	no	22.5	79.3	23386	20815	13333	5888	0	37954	2026	2026	0	2824	2824	0
June 2, 2009 6:38:00 AM UTC	1243946280000	100	0	no	22.7	79.4	23386	20815	13314	5970	0	37891	2009	2007	0	2818	2818	0
June 2, 2009 6:39:00 AM UTC	1243946340000	100	0	no	22.9	79.5	23386	20815	13330	5901	0	37944	2046	2007	0	2818	2818	0
June 2, 2009 6:40:00 AM UTC	1243946400000	100	0	no	23.1	79.7	23386	20815	13330	5901	5	37939	2060	2055	0	2816	2816	0
June 2, 2009 6:41:00 AM UTC	1243946460000	100	0	no	23.3	79.8	23386	20815	13330	5902	3	37940	2075	2072	0	2811	2811	0
June 2, 2009 6:42:00 AM UTC	1243946520000	100	0	no	23.5	80.0	23386	20815	13330	5902	1	37942	2098	2097	0	2802	2802	0
June 2, 2009 6:43:00 AM UTC	1243946580000	100	0	no	23.7	80.1	23386	20815	13330	5871	0	37974	2115	2115	0	2804	2804	0
June 2, 2009 6:44:00 AM UTC	1243946640000	100	0	no	23.9	80.3	23386	20815	13333	5862	0	37980	2130	2129	0	2795	2795	0
June 2, 2009 6:45:00 AM UTC	1243946700000	100	0	no	24.0	80.4	23386	20815	13333	5862	0	37980	2140	2140	0	2808	2808	0
June 2, 2009 6:46:00 AM UTC	1243946760000	100	0	no	24.2	80.6	23386	20815	13333	5862	0	37980	2159	2159	0	2793	2793	0
June 2, 2009 6:47:00 AM UTC	1243946820000	100	0	no	24.4	80.7	23386	20815	13334	5866	0	37975	2181	2172	0	2782	2782	0
June 2, 2009 6:48:00 AM UTC	1243946880000	100	0	no	24.6	80.9	23386	20815	13332	5939	0	37904	2171	2171	0	2797	2797	0
June 2, 2009 6:49:00 AM UTC	1243946940000	100	0	no	24.8	81.0	23386	20815	13315	6007	0	37853	2155	2155	0	2784	2784	0
June 2, 2009 6:50:00 AM UTC	1243947000000	100	0	no	25.0	81.2	23386	20815	13331	5941	0	37903	2208	2208	0	2790	2790	0
June 2, 2009 6:51:00 AM UTC	1243947060000	100	0	no	25.2	81.3	23386	20815	13331	5941	0	37903	2221	2221	0	2784	2784	0
June 2, 2009 6:52:00 AM UTC	1243947120000	100	0	no	25.4	81.4	23386	20815	13318	5926	0	37931	2216	2216	0	2775	2775	0
June 2, 2009 6:53:00 AM UTC	1243947180000	100	0	no	25.6	81.6	23386	20815	13336	5845	0	37994	2265	2265	0	2785	2785	0
June 2, 2009 6:54:00 AM UTC	1243947240000	100	0	no	25.7	81.7	23386	20815	13336	5845	0	37994	2283	2283	0	2773	2773	0
June 2, 2009 6:55:00 AM UTC	1243947300000	100	0	no	25.9	81.9	23386	20815	13336	5846	0	37993	2294	2294	0	2774	2774	0
June 2, 2009 6:56:00 AM UTC	1243947360000	100	0	no	26.1	82.0	23386	20815	13336	5846	0	37993	2313	2313	0	2775	2775	0
June 2, 2009 6:57:00 AM UTC	1243947420000	100	0	no	26.3	82.2	23386	20815	13320	5919	0	37936	2287	2287	0	2773	2773	0
June 2, 2009 6:58:00 AM UTC	1243947480000	100	0	no	26.5	82.3	23386	20815	13336	5847	0	37992	2337	2337	0	2775	2775	0
June 2, 2009 6:59:00 AM UTC	1243947540000	100	0	no	26.7	82.5	23386	20815	13336	5847	0	37992	2353	2353	0	2773	2773	0
June 2, 2009 7:00:00 AM UTC	1243947600000	100	0	no	26.9	82.6	23386	20815	13320	5916	0	37939	2334	2334	0	2773	2773	0
June 2, 2009 7:01:00 AM UTC	1243947660000	100	0	no	27.1	82.8	23386	20815	13336	5848	0	37991	2372	2372	0	2775	2775	0
June 2, 2009 7:02:00 AM UTC	1243947720000	100	0	no	27.3	82.9	23386	20815	13336	5848	0	37991	2392	2392	0	2771	2771	0
June 2, 2009 7:03:00 AM UTC	1243947780000	100	0	no	27.5	83.1	23386	20815	13321	5919	0	37935	2371	2371	0	2770	2770	0
June 2, 2009 7:04:00 AM UTC	1243947840000	100	0	no	27.6	83.2	23386	20815	13338	5840	0	37997	2422	2422	0	2769	2769	0
June 2, 2009 7:05:00 AM UTC	1243947900000	100	0	no	27.8	83.4	23386	20815	13322	5909	0	37944	2404	2404	0	2776	2776	0
June 2, 2009 7:06:00 AM UTC	1243947960000	100	0	no	28.0	83.5	23386	20815	13338	5849	0	37988	2453	2453	0	2769	2769	0
June 2, 2009 7:07:00 AM UTC	1243948020000	100	0	no	28.2	83.7	23386	20815	13338	5849	0	37988	2466	2466	0	2772	2772	0
June 2, 2009 7:08:00 AM UTC	1243948080000	100	0	no	28.4	83.8	23386	20815	13323	5894	0	37958	2446	2446	0	2775	2775	0
June 2, 2009 7:09:00 AM UTC	1243948140000	100	0	no	28.6	84.0	23386	20815	13336	5898	0	37941	2472	2472	0	2775	2775	0
June 2, 2009 7:10:00 AM UTC	1243948200000	100	0	no	28.8	84.1	23386	20815	13336	5898	0	37941	2487	2487	0	2776	2776	0
June 2, 2009 7:11:00 AM UTC	1243948260000	100	0	no	29.0	84.3	23386	20815	13321	5968	0	37886	2462	2462	0	2778	2778	0
June 2, 2009 7:12:00 AM UTC	1243948320000	98	2	no	29.2	84.4	23386	20815	13336	5906	0	37933	2512	2512	0	2777	2777	0
June 2, 2009 7:13:00 AM UTC	1243948380000	99	1	no	29.4	84.6	23386	20815	13320	5977	0	37878	2488	2488	0	2779	2779	0
June 2, 2009 7:14:00 AM UTC	1243948440000	82	18	no	29.5	84.7	23386	20815	13337	5900	0	37938	2529	2529	0	2791	2791	0
June 2, 2009 7:15:00 AM UTC	1243948500000	97	3	no	29.7	84.9	23386	20815	13338	5895	0	37942	2553	2553	0	2784	2784	0
June 2, 2009 7:16:00 AM UTC	1243948560000	100	0	no	29.9	85.0	23386	20815	13321	5964	0	37890	2527	2527	0	2783	2783	0
June 2, 2009 7:17:00 AM UTC	1243948620000	100	0	no	30.1	85.2	23386	20815	13337	5893	0	37945	2573	2573	0	2790	2790	0
June 2, 2009 7:18:00 AM UTC	1243948680000	100	0	no	30.3	85.3	23386	20815	13321	5964	0	37890	2543	2543	0	2796	2796	0
June 2, 2009 7:19:00 AM UTC	1243948740000	100	0	no	30.5	85.5	23386	20815	13321	5964	0	37890	2564	2564	0	2795	2795	0
June 2, 2009 7:20:00 AM UTC	1243948800000	94	6	no	30.7	85.6	23386	20815	13339	5810	0	38026	2631	2631	0	2797	2797	0
June 2, 2009 7:21:00 AM UTC	1243948860000	95	5	no	30.9	85.8	23386	20815	13326	5880	0	37969	2606	2606	0	2802	2802	0
June 2, 2009 7:22:00 AM UTC	1243948920000	100	0	no	31.1	85.9	23386	20815	13339	5812	0	38024	2652	2652	0	2807	2807	0
June 2, 2009 7:23:00 AM UTC	1243948980000	100	0	no	31.3	86.1	23386	20815	13339	5812	0	38024	2665	2665	0	2809	2809	0
June 2, 2009 7:24:00 AM UTC	1243949040000	99	1	no	31.5	86.2	23386	20815	13323	5881	0	37971	2636	2636	0	2816	2816	0
June 2, 2009 7:25:00 AM UTC	1243949100000	100	0	no	31.6	86.4	23386	20815	13339	5813	0	38023	2688	2688	0	2814	2814	0
June 2, 2009 7:26:00 AM UTC	1243949160000	100	0	no	31.8	86.6	23386	20815	13323	5896	0	37956	2663	2663	0	2820	2820	0
June 2, 2009 7:27:00 AM UTC	1243949220000	100	0	no	32.0	86.7	23386	20815	13323	5896	0	37956	2667	2667	0	2827	2827	0
June 2, 2009 7:28:00 AM UTC	1243949280000	100	0	no	32.2	86.9	23386	20815	13340	5823	0	38012	2722	2722	0	2830	2830	0
June 2, 2009 7:29:00 AM UTC	1243949340000	100	0	no	32.4	87.0	23386	20815	13325	5889	0	37961	2696	2696	0	2830	2830	0
June 2, 2009 7:30:00 AM UTC	1243949400000	100	0	no	32.6	87.2	23386	20815	13341	5821	0	38013	2744	2744	0	2840	2840	0
June 2, 2009 7:31:00 AM UTC	1243949460000	100	0	no	32.8	87.3	23386	20815	13322	5946	0	37907	2690	2690	0	2847	2847	0
June 2, 2009 7:32:00 AM UTC	1243949520000	97	3	no	33.0	87.5	23386	20815	13322	5946	0	37907	2701	2701	0	2854	2854	0
June 2, 2009 7:33:00 AM UTC	1243949580000	100	0	no	33.2	87.6	23386	20815	13336	5877	0	37962	2757	2757	0	2859	2859	0
June 2, 2009 7:34:00 AM UTC	1243949640000	100	0	no	33.4	87.8	23386	20815	13321	5947	0	37907	2724	2724	0	2864	2864	0
June 2, 2009 7:35:00 AM UTC	1243949700000	99	1	no	33.6	87.9	23386	20815	13335	5877	0	37963	2768	2768	0	2870	2870	0
June 2, 2009 7:36:00 AM UTC	1243949760000	100	0	no	33.8	88.1	23386	20815	13321	5947	0	37907	2736	2736	0	2873	2873	0
June 2, 2009 7:37:00 AM UTC	1243949820000	89	8	no	33.9	88.3	23386	20815	13321	5947	0	37907	2750	2750	0	2882	2882	0
June 2, 2009 7:38:00 AM UTC	1243949880000	98	2	no	34.1	88.4	23386	20815	13339	5878	0	37958	2791	2791	0	2889	2889	0
June 2, 2009 7:39:00 AM UTC	1243949940000	67	20	no	34.3	88.6	23386	20815	13321	5947	0	37907	2768	2768	0	2891	2891	0
June 2, 2009 7:40:00 AM UTC	1243950000000	57	24	yes	34.5	88.7	23386	20815	13339	5877	0	37959	2813	2813	0	2901	2419	418
June 2, 2009 7:41:00 AM UTC	1243950060000	55	27	yes	34.7	88.9	23386	20815	13321	5947	0	37907	2776	2776	0	2915	2453	419
June 2, 2009 7:42:00 AM UTC	1243950120000	91	9	yes	34.9	89.0	23386	20815	13321	5947	0	37907	2785	2785	0	2922	2922	0
June 2, 2009 7:43:00 AM UTC	1243950180000	100	0	no	35.1	89.2	23386	20815	13340	5877	0	37958	2833	2833	0	2927	2927	0
June 2, 2009 7:44:00 AM UTC	1243950240000	64	23	no	35.3	89.4	23386	20815	13322	5862	0	37991	2818	2818	0	2930	2930	0
June 2, 2009 7:45:00 AM UTC	1243950300000	63	17	no	35.5	89.5	23386	20815	13322	5862	0	37991	2816	2816	0	2945	2598	299
June 2, 2009 7:46:00 AM UTC	1243950360000	90	8	no	35.7	89.7	23386	20815	13322	5979	0	37874	2815	2815	0	2953	2953	0
June 2, 2009 7:47:00 AM UTC	1243950420000	100	0	no	35.9	89.8	23386	20815	13322	5979	0	37874	2820	2820	0	2962	2962	0
June 2, 2009 7:48:00 AM UTC	1243950480000	100	0	no	36.0	90.0	23386	20815	13340	5833	0	38002	2894	2894	0	2969	2969	0
June 2, 2009 7:49:00 AM UTC	1243950540000	88	11	no	36.2	90.2	23386	20815	13340	5833	0	38002	2895	2895	0	2984	2984	0
June 2, 2009 7:50:00 AM UTC	1243950600000	100	0	yes	36.4	90.3	23386	20815	13340	5833	0	38002	2905	2900	5	2992	2992	0
June 2, 2009 7:51:00 AM UTC	1243950660000	100	0	yes	36.6	90.5	23386	20815	13322	5870	0	37983	2858	2858	0	3003	3003	0
June 2, 2009 7:52:00 AM UTC	1243950720000	99	1	no	36.8	90.6	23386	20815	13322	5870	0	37983	2858	2858	0	3017	3017	0
June 2, 2009 7:53:00 AM UTC	1243950780000	87	10	no	37.0	90.8	23386	20815	13340	5877	0	37958	2884	2884	0	3031	3031	0
June 2, 2009 7:54:00 AM UTC	1243950840000	100	0	yes	37.2	91.0	23386	20815	13321	5947	0	37907	2851	2851	0	3041	3041	0
June 2, 2009 7:55:00 AM UTC	1243950900000	100	0	no	37.4	91.1	23386	20815	13339	5877	0	37959	2893	2893	0	3049	3049	0
June 2, 2009 7:56:00 AM UTC	1243950960000	100	0	no	37.6	91.3	23386	20815	13321	5947	0	37907	2857	2857	0	3063	3063	0
June 2, 2009 7:57:00 AM UTC	1243951020000	100	0	no	37.8	91.5	23386	20815	13321	5947	0	37907	2857	2857	0	3082	3082	0
June 2, 2009 7:58:00 AM UTC	1243951080000	97	3	no	38.0	91.6	23386	20815	13339	5878	0	37958	2901	2901	0	3091	3061	30
June 2, 2009 7:59:00 AM UTC	1243951140000	93	7	yes	38.2	91.8	23386	20815	13321	5947	0	37907	2866	2866	0	3099	3099	0
June 2, 2009 8:00:00 AM UTC	1243951200000	100	0	no	38.3	92.0	23386	20815	13335	5877	0	37963	2904	2904	0	3120	3120	0
June 2, 2009 8:01:00 AM UTC	1243951260000	100	0	no	38.5	92.1	23386	20815	13321	5947	0	37907	2861	2861	0	3139	3139	0
June 2, 2009 8:02:00 AM UTC	1243951320000	88	12	no	38.7	92.3	23386	20815	13321	5947	0	37907	2862	2862	0	3152	3152	0
June 2, 2009 8:03:00 AM UTC	1243951380000	93	7	no	38.9	92.5	23386	20815	13336	5877	0	37962	2901	2901	0	3168	3168	0
June 2, 2009 8:04:00 AM UTC	1243951440000	98	2	no	39.1	92.6	23386	20815	13322	5946	0	37907	2855	2855	0	3190	3190	0
June 2, 2009 8:05:00 AM UTC	1243951500000	100	0	no	39.3	92.8	23386	20815	13338	5875	0	37962	2901	2901	0	3205	3205	0
June 2, 2009 8:06:00 AM UTC	1243951560000	100	0	no	39.5	93.0	23386	20815	13325	5884	0	37966	2887	2887	0	3219	3219	0
June 2, 2009 8:07:00 AM UTC	1243951620000	95	4	no	39.7	93.1	23386	20815	13340	5819	0	38016	2921	2921	0	3236	3236	0
June 2, 2009 8:08:00 AM UTC	1243951680000	90	5	yes	39.9	93.3	23386	20815	13323	5894	0	37958	2874	2874	0	3252	2988	264
June 2, 2009 8:09:00 AM UTC	1243951740000	63	28	yes	40.1	93.5	23386	20815	13323	5894	0	37958	2876	2827	39	3265	2043	1217
June 2, 2009 8:10:00 AM UTC	1243951800000	47	27	yes	40.3	93.6	23386	20815	13339	5812	0	38024	2920	2911	3	3280	2814	466
June 2, 2009 8:11:00 AM UTC	1243951860000	61	24	yes	40.4	93.8	23386	20815	13323	5881	0	37971	2875	2872	3	3299	2914	385
June 2, 2009 8:12:00 AM UTC	1243951920000	49	33	yes	40.6	94.0	23386	20815	13339	5813	0	38023	2913	2883	18	3321	2661	660
June 2, 2009 8:13:00 AM UTC	1243951980000	51	28	yes	40.8	94.2	23386	20815	13326	5883	0	37966	2874	2865	5	3334	2942	383
June 2, 2009 8:14:00 AM UTC	1243952040000	47	18	yes	41.0	94.3	23386	20815	13339	5815	0	38021	2916	2916	0	3351	3348	3
June 2, 2009 8:15:00 AM UTC	1243952100000	63	20	yes	41.2	94.5	23386	20815	13321	5962	0	37892	2850	2850	0	3361	3191	170
June 2, 2009 8:16:00 AM UTC	1243952160000	43	41	yes	41.4	94.7	23386	20815	13337	5892	0	37946	2881	2867	11	3385	3082	303
June 2, 2009 8:17:00 AM UTC	1243952220000	36	27	yes	41.6	94.9	23386	20815	13337	5892	0	37946	2884	2880	3	3403	3401	2
June 2, 2009 8:18:00 AM UTC	1243952280000	36	35	yes	41.8	95.0	23386	20815	13321	5963	0	37891	2838	2838	0	3414	3414	0
June 2, 2009 8:19:00 AM UTC	1243952340000	52	22	yes	42.0	95.2	23386	20815	13338	5894	0	37943	2883	2883	0	3433	3384	49
June 2, 2009 8:20:00 AM UTC	1243952400000	40	34	yes	42.2	95.4	23386	20815	13320	5975	0	37880	2827	2827	0	3445	2672	773
June 2, 2009 8:21:00 AM UTC	1243952460000	47	32	yes	42.4	95.6	23386	20815	13336	5905	0	37934	2873	2873	0	3461	2545	916
June 2, 2009 8:22:00 AM UTC	1243952520000	37	31	yes	42.5	95.7	23386	20815	13321	5969	0	37885	2830	2826	4	3478	2979	499
June 2, 2009 8:23:00 AM UTC	1243952580000	34	33	yes	42.7	95.9	23386	20815	13336	5899	0	37940	2872	2872	0	3497	3209	288
June 2, 2009 8:24:00 AM UTC	1243952640000	42	30	yes	42.9	96.1	23386	20815	13320	5969	0	37886	2829	2829	0	3509	2973	536
June 2, 2009 8:25:00 AM UTC	1243952700000	30	47	yes	43.1	96.3	23386	20815	13338	5845	0	37992	2895	2895	0	3531	2749	745
June 2, 2009 8:26:00 AM UTC	1243952760000	22	24	yes	43.3	96.5	23386	20815	13338	5845	0	37992	2901	2872	18	3544	2864	552
June 2, 2009 8:27:00 AM UTC	1243952820000	27	20	yes	43.5	96.6	23386	20815	13322	5906	0	37947	2852	2841	6	3560	3076	484
June 2, 2009 8:28:00 AM UTC	1243952880000	41	28	yes	43.7	96.8	23386	20815	13338	5837	0	38000	2895	2895	0	3578	3141	437
June 2, 2009 8:29:00 AM UTC	1243952940000	55	32	yes	43.9	97.0	23386	20815	13321	5917	0	37937	2842	2842	0	3592	3494	98
June 2, 2009 8:30:00 AM UTC	1243953000000	55	30	no	44.1	97.2	23386	20815	13336	5847	0	37992	2884	2884	0	3611	3611	0
June 2, 2009 8:31:00 AM UTC	1243953060000	50	18	no	44.3	97.4	23386	20815	13320	5916	0	37939	2839	2839	0	3626	3622	4
June 2, 2009 8:32:00 AM UTC	1243953120000	47	20	no	44.4	97.6	23386	20815	13336	5848	0	37991	2885	2881	4	3644	3214	430
June 2, 2009 8:33:00 AM UTC	1243953180000	37	31	yes	44.6	97.7	23386	20815	13320	5921	0	37934	2840	2840	0	3651	3043	608
June 2, 2009 8:34:00 AM UTC	1243953240000	30	31	yes	44.8	97.9	23386	20815	13336	5849	0	37990	2879	2857	22	3675	2815	854
June 2, 2009 8:35:00 AM UTC	1243953300000	23	33	yes	45.0	98.1	23386	20815	13336	5849	0	37990	2879	2867	7	3690	3180	510
June 2, 2009 8:36:00 AM UTC	1243953360000	26	25	yes	45.2	98.3	23386	20815	13336	5849	0	37990	2881	2878	3	3708	3154	554
June 2, 2009 8:37:00 AM UTC	1243953420000	31	21	yes	45.4	98.5	23386	20815	13333	5859	0	37983	2874	2872	2	3719	3398	321
June 2, 2009 8:38:00 AM UTC	1243953480000	23	15	yes	45.6	98.7	23386	20815	13331	5939	0	37905	2836	2826	9	3739	2961	773
June 2, 2009 8:39:00 AM UTC	1243953540000	25	14	yes	45.8	98.9	23386	20815	13331	5939	0	37905	2842	2840	2	3742	3048	694
June 2, 2009 8:40:00 AM UTC	1243953600000	24	16	yes	46.0	99.1	23386	20815	13332	5939	0	37904	2842	2841	1	3761	2743	1018
June 2, 2009 8:41:00 AM UTC	1243953660000	22	19	yes	46.1	99.3	23386	20815	13332	5939	0	37904	2837	2837	0	3780	2225	1534
June 2, 2009 8:42:00 AM UTC	1243953720000	17	24	yes	46.3	99.5	23386	20815	13333	5855	0	37987	2858	2846	9	3798	2135	1597
June 2, 2009 8:43:00 AM UTC	1243953780000	17	18	yes	46.5	99.6	23386	20815	13333	5855	0	37987	2856	2848	7	3817	2372	1445
June 2, 2009 8:44:00 AM UTC	1243953840000	17	13	yes	46.7	99.8	23386	20815	13330	5865	0	37980	2855	2839	14	3828	2363	1385
June 2, 2009 8:45:00 AM UTC	1243953900000	17	12	yes	46.9	100.0	23386	20815	13330	5897	0	37948	2852	2842	10	3844	2317	1480
June 2, 2009 8:46:00 AM UTC	1243953960000	16	15	yes	47.1	100.2	23386	20815	13330	5898	0	37947	2855	2839	16	3855	2175	1427
June 2, 2009 8:47:00 AM UTC	1243954020000	15	12	yes	47.3	100.4	23386	20815	13330	5898	0	37947	2850	2763	81	3872	2333	1385
June 2, 2009 8:48:00 AM UTC	1243954080000	15	11	yes	47.5	100.6	23386	20815	13330	5899	0	37946	2843	2832	9	3889	2218	1446
June 2, 2009 8:49:00 AM UTC	1243954140000	15	10	yes	47.7	100.8	23386	20815	13333	5887	0	37955	2848	2796	46	3904	2154	1347
June 2, 2009 8:50:00 AM UTC	1243954200000	14	10	yes	47.8	101.0	23386	20815	13333	5887	0	37955	2848	2770	64	3917	2046	1426
June 2, 2009 8:51:00 AM UTC	1243954260000	15	10	yes	48.0	101.2	23386	20815	13330	5900	0	37945	2841	2801	28	3930	2223	1324
June 2, 2009 8:52:00 AM UTC	1243954320000	15	10	yes	48.2	101.4	23386	20815	13330	5900	0	37945	2841	2765	68	3942	2257	1262
June 2, 2009 8:53:00 AM UTC	1243954380000	13	10	yes	48.4	101.6	23386	20815	13330	5900	0	37945	2844	2742	91	3960	2006	1465
June 2, 2009 8:54:00 AM UTC	1243954440000	13	10	yes	48.6	101.8	23386	20815	13331	5901	0	37943	2842	2726	108	3975	1888	1472
June 2, 2009 8:55:00 AM UTC	1243954500000	12	9	yes	48.8	102.1	23386	20815	13331	5901	0	37943	2840	2626	201	3992	1770	1427
June 2, 2009 8:56:00 AM UTC	1243954560000	13	8	yes	49.0	102.3	23386	20815	13347	5830	0	37998	2870	2661	196	4012	1807	1374
June 2, 2009 8:57:00 AM UTC	1243954620000	11	8	yes	49.2	102.5	23386	20815	13330	5836	0	38009	2851	2450	344	4018	1537	1524
June 2, 2009 8:58:00 AM UTC	1243954680000	10	8	yes	49.3	102.7	23386	20815	13345	5769	0	38061	2892	2374	463	4043	1530	1345
June 2, 2009 8:59:00 AM UTC	1243954740000	11	7	yes	49.5	102.9	23386	20815	13329	5845	0	38001	2852	2377	434	4049	1553	1349
June 2, 2009 9:00:00 AM UTC	1243954800000	11	8	yes	49.7	103.1	23386	20815	13345	5770	0	38060	2890	2478	367	4074	1430	1367
June 2, 2009 9:01:00 AM UTC	1243954860000	10	7	yes	49.9	103.3	23386	20815	13328	5915	0	37932	2822	2227	557	4071	1450	1307
June 2, 2009 9:02:00 AM UTC	1243954920000	9	7	yes	50.1	103.5	23386	20815	13324	5930	0	37921	2810	2123	626	4078	1332	1381
June 2, 2009 9:03:00 AM UTC	1243954980000	9	7	yes	50.3	103.7	23386	20815	13324	5930	0	37921	2811	2077	642	4095	1409	1247
June 2, 2009 9:04:00 AM UTC	1243955040000	9	7	yes	50.5	104.0	23386	20815	13323	5930	0	37922	2813	2042	688	4102	1344	1385
June 2, 2009 9:05:00 AM UTC	1243955100000	8	8	yes	50.6	104.2	23386	20815	13322	5967	0	37886	2799	1897	819	4118	1225	1452
June 2, 2009 9:06:00 AM UTC	1243955160000	9	8	yes	50.8	104.4	23386	20815	13322	5967	0	37886	2803	2003	679	4132	1226	1475
June 2, 2009 9:07:00 AM UTC	1243955220000	10	8	yes	51.0	104.6	23386	20815	13336	5898	0	37941	2835	2223	565	4153	1408	1477
June 2, 2009 9:08:00 AM UTC	1243955280000	9	8	yes	51.2	104.8	23386	20815	13322	5971	0	37882	2792	2077	662	4152	1371	1494
June 2, 2009 9:09:00 AM UTC	1243955340000	9	8	yes	51.4	105.1	23386	20815	13338	5903	0	37934	2824	2097	682	4177	1327	1455
June 2, 2009 9:10:00 AM UTC	1243955400000	9	8	yes	51.6	105.3	23386	20815	13326	5895	0	37954	2831	2167	577	4183	1229	1556
June 2, 2009 9:11:00 AM UTC	1243955460000	8	8	yes	51.8	105.5	23386	20815	13341	5828	0	38006	2854	2027	708	4210	1045	1650
June 2, 2009 9:12:00 AM UTC	1243955520000	8	7	yes	51.9	105.7	23386	20815	13321	5916	0	37938	2810	1756	789	4203	1117	1474
June 2, 2009 9:13:00 AM UTC	1243955580000	6	9	yes	52.1	106.0	23386	20815	13337	5847	0	37991	2842	1551	1029	4227	729	1857
June 2, 2009 9:14:00 AM UTC	1243955640000	7	8	yes	52.3	106.2	23386	20815	13336	5848	0	37991	2847	1645	1072	4238	854	1568
June 2, 2009 9:15:00 AM UTC	1243955700000	6	8	yes	52.5	106.4	23386	20815	13336	5848	0	37991	2848	1702	1029	4250	740	1624
June 2, 2009 9:16:00 AM UTC	1243955760000	5	9	yes	52.7	106.6	23386	20815	13331	5868	0	37976	2839	1512	1092	4257	460	1994
June 2, 2009 9:17:00 AM UTC	1243955820000	5	8	yes	52.9	106.9	23386	20815	13331	5868	0	37976	2839	1491	1029	4267	448	1799
June 2, 2009 9:18:00 AM UTC	1243955880000	4	9	yes	53.0	107.1	23386	20815	13335	5849	0	37991	2842	1288	1299	4286	259	1893
June 2, 2009 9:19:00 AM UTC	1243955940000	4	9	yes	53.2	107.4	23386	20815	13335	5849	0	37991	2837	1232	1305	4294	278	1804
June 2, 2009 9:20:00 AM UTC	1243956000000	4	9	yes	53.4	107.6	23386	20815	13330	5879	0	37966	2824	1195	1375	4301	185	1910
June 2, 2009 9:21:00 AM UTC	1243956060000	3	9	yes	53.6	107.8	23386	20815	13330	5880	0	37965	2821	1167	1375	4311	85	1986
June 2, 2009 9:22:00 AM UTC	1243956120000	3	9	yes	53.8	108.1	23386	20815	13333	5804	0	38038	2859	917	1499	4326	63	1807
June 2, 2009 9:23:00 AM UTC	1243956180000	3	9	yes	54.0	108.3	23386	20815	13333	5803	0	38039	2856	977	1473	4338	27	1864
June 2, 2009 9:24:00 AM UTC	1243956240000	3	9	yes	54.1	108.6	23386	20815	13328	5866	0	37981	2831	1135	1221	4339	45	1764
June 2, 2009 9:25:00 AM UTC	1243956300000	2	9	yes	54.3	108.8	23386	20815	13326	5943	0	37906	2797	669	1332	4342	6	1719
June 2, 2009 9:26:00 AM UTC	1243956360000	2	8	yes	54.5	109.1	23386	20815	13343	5855	0	37977	2838	830	1347	4373	43	1581
June 2, 2009 9:27:00 AM UTC	1243956420000	2	8	yes	54.7	109.3	23386	20815	13325	5946	0	37904	2796	754	1316	4360	2	1557
June 2, 2009 9:28:00 AM UTC	1243956480000	2	8	yes	54.9	109.6	23386	20815	13342	5880	0	37953	2831	712	1330	4381	1	1430
June 2, 2009 9:29:00 AM UTC	1243956540000	2	8	yes	55.0	109.8	23386	20815	13338	5880	0	37957	2821	725	1310	4395	3	1439
June 2, 2009 9:30:00 AM UTC	1243956600000	1	6	yes	55.2	110.1	23386	20815	13325	5953	0	37897	2773	515	1163	4386	5	1048
June 2, 2009 9:31:00 AM UTC	1243956660000	1	7	yes	55.4	110.3	23386	20815	13333	5909	0	37933	2800	548	1400	4402	0	1094
June 2, 2009 9:32:00 AM UTC	1243956720000	2	6	yes	55.6	110.6	23386	20815	13319	5976	0	37880	2764	633	1333	4394	3	833
June 2, 2009 9:33:00 AM UTC	1243956780000	1	6	yes	55.8	110.8	23386	20815	13341	5820	0	38014	2846	493	1329	4430	0	707
June 2, 2009 9:34:00 AM UTC	1243956840000	1	5	yes	55.9	111.1	23386	20815	13335	5843	0	37997	2836	416	1186	4430	1	787
June 2, 2009 9:35:00 AM UTC	1243956900000	1	5	yes	56.1	111.4	23386	20815	13321	5908	0	37946	2801	391	1255	4424	0	602
June 2, 2009 9:36:00 AM UTC	1243956960000	1	3	yes	56.3	111.6	23386	20815	13335	5843	0	37997	2829	232	954	4446	2	166
June 2, 2009 9:37:00 AM UTC	1243957020000	0	3	yes	56.5	111.9	23386	20815	13330	5866	0	37979	2818	176	990	4444	0	174
June 2, 2009 9:38:00 AM UTC	1243957080000	1	4	yes	56.6	112.2	23386	20815	13336	5842	0	37997	2831	212	1251	4457	0	218
June 2, 2009 9:39:00 AM UTC	1243957140000	1	4	yes	56.8	112.4	23386	20815	13335	5842	0	37998	2826	292	1283	4464	0	190
June 2, 2009 9:40:00 AM UTC	1243957200000	1	3	yes	57.0	112.7	23386	20815	13328	5881	0	37966	2800	233	1034	4461	0	173
June 2, 2009 9:41:00 AM UTC	1243957260000	0	3	yes	57.2	113.0	23386	20815	13328	5881	0	37966	2802	127	931	4463	0	124
June 2, 2009 9:42:00 AM UTC	1243957320000	0	2	yes	57.4	113.3	23386	20815	13322	5904	0	37949	2787	132	660	4461	0	24
June 2, 2009 9:43:00 AM UTC	1243957380000	0	1	yes	57.5	113.5	23386	20815	13345	5749	0	38081	2874	134	474	4497	0	30
June 2, 2009 9:44:00 AM UTC	1243957440000	0	1	yes	57.7	113.8	23386	20815	13330	5810	0	38035	2844	130	449	4483	0	32
June 2, 2009 9:45:00 AM UTC	1243957500000	0	1	yes	57.9	114.1	23386	20815	13324	5889	0	37962	2809	119	510	4476	0	38
June 2, 2009 9:46:00 AM UTC	1243957560000	0	2	yes	58.1	114.4	23386	20815	13337	5825	0	38013	2841	124	605	4496	0	18
June 2, 2009 9:47:00 AM UTC	1243957620000	0	1	yes	58.2	114.7	23386	20815	13324	5887	0	37964	2808	161	508	4479	0	11
June 2, 2009 9:48:00 AM UTC	1243957680000	0	1	yes	58.4	115.0	23386	20815	13336	5839	0	38000	2815	125	307	4500	0	11
June 2, 2009 9:49:00 AM UTC	1243957740000	0	1	yes	58.6	115.3	23386	20815	13338	5840	0	37997	2813	122	305	4498	0	1
June 2, 2009 9:50:00 AM UTC	1243957800000	0	1	yes	58.7	115.6	23386	20815	13327	5949	0	37899	2752	101	526	4486	0	3
June 2, 2009 9:51:00 AM UTC	1243957860000	0	1	yes	58.9	115.9	23386	20815	13327	5949	0	37899	2766	122	340	4487	0	2
June 2, 2009 9:52:00 AM UTC	1243957920000	0	1	yes	59.1	116.2	23386	20815	13330	5879	0	37966	2808	103	249	4492	0	3
June 2, 2009 9:53:00 AM UTC	1243957980000	0	0	yes	59.3	116.5	23386	20815	13330	5879	0	37966	2804	123	170	4491	0	0
June 2, 2009 9:54:00 AM UTC	1243958040000	0	1	yes	59.4	116.8	23386	20815	13330	5879	0	37966	2802	120	188	4491	0	1
June 2, 2009 9:55:00 AM UTC	1243958100000	0	1	yes	59.6	117.1	23386	20815	13322	5910	0	37943	2790	99	185	4476	0	1
June 2, 2009 9:56:00 AM UTC	1243958160000	0	0	yes	59.8	117.4	23386	20815	13322	5928	0	37925	2760	90	119	4477	0	1
June 2, 2009 9:57:00 AM UTC	1243958220000	0	0	yes	59.9	117.7	23386	20815	13338	5867	0	37970	2786	88	71	4505	0	0
June 2, 2009 9:58:00 AM UTC	1243958280000	0	0	yes	60.1	118.0	23386	20815	13322	5930	0	37923	2763	109	75	4478	0	0
June 2, 2009 9:59:00 AM UTC	1243958340000	0	0	yes	60.3	118.3	23386	20815	13322	5930	0	37923	2762	75	74	4478	0	3
June 2, 2009 10:00:00 AM UTC	1243958400000	0	0	yes	60.5	118.7	23386	20815	13335	5869	0	37971	2780	80	85	4498	0	0
June 2, 2009 10:01:00 AM UTC	1243958460000	0	0	yes	60.6	119.0	23386	20815	13329	5837	0	38009	2823	79	53	4494	0	0
June 2, 2009 10:02:00 AM UTC	1243958520000	0	0	yes	60.8	119.3	23386	20815	13324	5866	0	37985	2803	63	48	4486	0	0
June 2, 2009 10:03:00 AM UTC	1243958580000	0	0	yes	61.0	119.6	23386	20815	13330	5839	0	38006	2820	106	81	4495	0	0
June 2, 2009 10:04:00 AM UTC	1243958640000	0	0	yes	61.1	120.0	23386	20815	13329	5862	0	37984	2795	99	60	4490	0	0
June 2, 2009 10:05:00 AM UTC	1243958700000	0	0	yes	61.3	120.3	23386	20815	13329	5861	0	37985	2791	68	59	4491	0	0
June 2, 2009 10:06:00 AM UTC	1243958760000	0	1	yes	61.4	120.6	23386	20815	13329	5861	0	37985	2796	77	79	4491	0	0
June 2, 2009 10:07:00 AM UTC	1243958820000	0	0	yes	61.6	121.0	23386	20815	13321	5949	0	37905	2756	49	44	4473	0	0
June 2, 2009 10:08:00 AM UTC	1243958880000	0	1	yes	61.8	121.3	23386	20815	13330	5853	0	37992	2806	94	42	4491	0	0
June 2, 2009 10:09:00 AM UTC	1243958940000	0	1	yes	61.9	121.7	23386	20815	13336	5828	0	38011	2823	83	40	4501	0	0
June 2, 2009 10:10:00 AM UTC	1243959000000	0	1	yes	62.1	122.0	23386	20815	13329	5866	0	37980	2804	64	49	4491	0	0
June 2, 2009 10:11:00 AM UTC	1243959060000	0	1	yes	62.3	122.4	23386	20815	13322	5911	0	37942	2766	53	29	4479	0	0
June 2, 2009 10:12:00 AM UTC	1243959120000	0	1	yes	62.4	122.7	23386	20815	13326	5891	0	37958	2770	80	28	4487	0	0
June 2, 2009 10:13:00 AM UTC	1243959180000	0	1	yes	62.6	123.1	23386	20815	13334	5853	0	37988	2784	75	39	4496	0	0
June 2, 2009 10:14:00 AM UTC	1243959240000	0	1	yes	62.7	123.5	23386	20815	13326	5891	0	37958	2775	53	30	4488	0	0
June 2, 2009 10:15:00 AM UTC	1243959300000	0	1	yes	62.9	123.8	23386	20815	13327	5836	0	38012	2810	51	23	4489	0	0
June 2, 2009 10:16:00 AM UTC	1243959360000	0	1	yes	63.1	124.2	23386	20815	13341	5775	0	38059	2838	48	24	4509	0	0
June 2, 2009 10:17:00 AM UTC	1243959420000	0	1	yes	63.2	124.6	23386	20815	13316	5899	0	37960	2774	72	29	4484	0	0
June 2, 2009 10:18:00 AM UTC	1243959480000	0	1	yes	63.4	124.9	23386	20815	13316	5903	0	37956	2780	51	24	4463	0	0
June 2, 2009 10:19:00 AM UTC	1243959540000	0	1	yes	63.5	125.3	23386	20815	13331	5844	0	38000	2792	54	23	4491	0	1
June 2, 2009 10:20:00 AM UTC	1243959600000	0	2	yes	63.7	125.7	23386	20815	13331	5844	0	38000	2795	41	30	4498	0	0
June 2, 2009 10:21:00 AM UTC	1243959660000	0	2	yes	63.8	126.1	23386	20815	13321	5885	0	37969	2773	59	28	4481	0	1
June 2, 2009 10:22:00 AM UTC	1243959720000	1	2	yes	64.0	126.5	23386	20815	13333	5786	0	38056	2827	68	26	4498	1	5
June 2, 2009 10:23:00 AM UTC	1243959780000	1	2	yes	64.2	126.9	23386	20815	13335	5769	0	38071	2835	61	36	4504	0	0
June 2, 2009 10:24:00 AM UTC	1243959840000	1	2	yes	64.3	127.3	23386	20815	13323	5850	0	38002	2793	43	25	4484	0	0
June 2, 2009 10:25:00 AM UTC	1243959900000	1	2	yes	64.5	127.7	23386	20815	13311	5896	0	37968	2765	63	29	4471	1	0
June 2, 2009 10:26:00 AM UTC	1243959960000	1	2	yes	64.6	128.1	23386	20815	13334	5800	0	38041	2806	64	37	4502	0	0
June 2, 2009 10:27:00 AM UTC	1243960020000	1	3	yes	64.8	128.5	23386	20815	13333	5865	0	37977	2766	50	28	4496	0	0
June 2, 2009 10:28:00 AM UTC	1243960080000	1	3	yes	64.9	128.9	23386	20815	13326	5858	0	37991	2788	46	39	4488	0	0
June 2, 2009 10:29:00 AM UTC	1243960140000	1	4	yes	65.1	129.3	23386	20815	13324	5893	0	37958	2764	72	28	4483	0	0
June 2, 2009 10:30:00 AM UTC	1243960200000	2	3	yes	65.2	129.8	23386	20815	13336	5838	0	38001	2772	72	29	4499	0	0
June 2, 2009 10:31:00 AM UTC	1243960260000	2	4	yes	65.4	130.2	23386	20815	13335	5839	0	38001	2783	50	28	4498	0	0
June 2, 2009 10:32:00 AM UTC	1243960320000	2	4	yes	65.5	130.6	23386	20815	13337	5829	0	38009	2779	42	37	4504	0	0
June 2, 2009 10:33:00 AM UTC	1243960380000	2	5	yes	65.6	131.1	23386	20815	13326	5884	0	37965	2766	58	32	4486	0	2
June 2, 2009 10:34:00 AM UTC	1243960440000	3	5	yes	65.8	131.5	23386	20815	13328	5832	0	38015	2803	72	39	4490	0	3
June 2, 2009 10:35:00 AM UTC	1243960500000	3	7	yes	65.9	132.0	23386	20815	13327	5874	0	37974	2767	74	298	4487	1	3
June 2, 2009 10:36:00 AM UTC	1243960560000	4	7	yes	66.1	132.4	23386	20815	13316	5918	0	37941	2750	186	297	4476	4	0
June 2, 2009 10:37:00 AM UTC	1243960620000	4	8	yes	66.2	132.9	23386	20815	13327	5872	0	37976	2769	213	306	4490	5	17
June 2, 2009 10:38:00 AM UTC	1243960680000	4	9	yes	66.4	133.3	23386	20815	13339	5816	0	38020	2783	146	322	4504	3	0
June 2, 2009 10:39:00 AM UTC	1243960740000	4	10	yes	66.5	133.8	23386	20815	13329	5819	0	38027	2806	126	418	4494	1	15
June 2, 2009 10:40:00 AM UTC	1243960800000	4	11	yes	66.6	134.2	23386	20815	13329	5870	0	37976	2767	302	471	4486	8	30
June 2, 2009 10:41:00 AM UTC	1243960860000	5	11	yes	66.8	134.7	23386	20815	13328	5870	0	37977	2768	458	571	4489	6	26
June 2, 2009 10:42:00 AM UTC	1243960920000	6	13	yes	66.9	135.2	23386	20815	13341	5819	0	38015	2782	502	443	4501	0	45
June 2, 2009 10:43:00 AM UTC	1243960980000	6	15	yes	67.0	135.7	23386	20815	13329	5928	0	37918	2732	373	541	4488	12	88
June 2, 2009 10:44:00 AM UTC	1243961040000	6	16	yes	67.2	136.2	23386	20815	13328	5884	0	37963	2767	314	635	4490	7	131
June 2, 2009 10:45:00 AM UTC	1243961100000	7	16	yes	67.3	136.7	23386	20815	13329	5933	0	37913	2738	483	482	4486	1	157
June 2, 2009 10:46:00 AM UTC	1243961160000	9	16	yes	67.4	137.1	23386	20815	13341	5887	0	37947	2746	620	406	4493	0	178
June 2, 2009 10:47:00 AM UTC	1243961220000	10	15	yes	67.6	137.6	23386	20815	13338	5822	0	38015	2792	745	496	4507	14	175
June 2, 2009 10:48:00 AM UTC	1243961280000	11	15	yes	67.7	138.2	23386	20815	13338	5825	0	38012	2796	821	561	4506	6	130
June 2, 2009 10:49:00 AM UTC	1243961340000	12	15	yes	67.8	138.7	23386	20815	13326	5886	0	37963	2763	926	540	4491	0	179
June 2, 2009 10:50:00 AM UTC	1243961400000	14	14	yes	67.9	139.2	23386	20815	13329	5819	0	38027	2798	1115	608	4495	5	105
June 2, 2009 10:51:00 AM UTC	1243961460000	15	14	yes	68.1	139.7	23386	20815	13328	5818	0	38029	2805	1224	782	4496	5	72
June 2, 2009 10:52:00 AM UTC	1243961520000	15	14	yes	68.2	140.2	23386	20815	13330	5819	0	38026	2804	1306	923	4494	0	35
June 2, 2009 10:53:00 AM UTC	1243961580000	17	14	yes	68.3	140.8	23386	20815	13338	5776	0	38061	2818	1625	847	4504	3	99
June 2, 2009 10:54:00 AM UTC	1243961640000	18	15	yes	68.4	141.3	23386	20815	13337	5794	0	38044	2807	2054	491	4506	9	162
June 2, 2009 10:55:00 AM UTC	1243961700000	19	14	yes	68.6	141.8	23386	20815	13325	5850	0	38000	2781	2257	329	4491	1	140
June 2, 2009 10:56:00 AM UTC	1243961760000	19	15	yes	68.7	142.4	23386	20815	13316	5890	0	37969	2774	2363	294	4477	5	72
June 2, 2009 10:57:00 AM UTC	1243961820000	19	16	yes	68.8	142.9	23386	20815	13326	5848	0	38001	2779	2462	239	4487	4	138
June 2, 2009 10:58:00 AM UTC	1243961880000	19	16	yes	68.9	143.5	23386	20815	13327	5868	0	37980	2779	2457	233	4483	8	185
June 2, 2009 10:59:00 AM UTC	1243961940000	36	10	yes	69.0	144.0	23386	20815	13329	5870	2	37974	2778	2518	254	4483	1656	359
June 2, 2009 11:00:00 AM UTC	1243962000000	37	9	yes	69.1	144.6	23386	20815	13336	5827	4	38008	2793	2606	182	4494	1740	324
June 2, 2009 11:01:00 AM UTC	1243962060000	39	9	yes	69.2	145.2	23386	20815	13336	5827	5	38007	2797	2699	93	4495	1882	412
June 2, 2009 11:02:00 AM UTC	1243962120000	41	7	yes	69.3	145.8	23386	20815	13322	5944	2	37907	2722	2705	15	4473	2044	326
June 2, 2009 11:03:00 AM UTC	1243962180000	43	6	yes	69.5	146.4	23386	20815	13333	5869	5	37968	2776	2771	0	4488	2169	218
June 2, 2009 11:04:00 AM UTC	1243962240000	41	10	yes	69.6	146.9	23386	20815	13333	5869	7	37966	2774	2767	0	4490	1928	809
June 2, 2009 11:05:00 AM UTC	1243962300000	41	11	yes	69.7	147.5	23386	20815	13323	5908	6	37938	2765	2740	19	4477	1377	1457
June 2, 2009 11:06:00 AM UTC	1243962360000	39	14	yes	69.8	148.1	23386	20815	13338	5893	5	37939	2742	2672	65	4497	1092	2007
June 2, 2009 11:07:00 AM UTC	1243962420000	39	15	yes	69.9	148.7	23386	20815	13327	5920	6	37922	2749	2626	117	4485	950	2472
June 2, 2009 11:08:00 AM UTC	1243962480000	41	14	yes	70.0	149.3	23386	20815	13327	5920	7	37921	2754	2595	152	4484	1196	2274
June 2, 2009 11:09:00 AM UTC	1243962540000	42	13	yes	70.1	150.0	23386	20815	13321	5942	9	37903	2751	2686	56	4478	1296	2258
June 2, 2009 11:10:00 AM UTC	1243962600000	43	13	yes	70.2	150.6	23386	20815	13333	5898	5	37939	2750	2713	32	4492	1462	2147
June 2, 2009 11:11:00 AM UTC	1243962660000	44	12	yes	70.2	151.2	23386	20815	13323	5926	8	37918	2760	2752	0	4483	1881	1749
June 2, 2009 11:12:00 AM UTC	1243962720000	44	10	yes	70.3	151.8	23386	20815	13330	5902	9	37934	2762	2753	0	4490	1990	1380
June 2, 2009 11:13:00 AM UTC	1243962780000	45	11	yes	70.4	152.5	23386	20815	13330	5902	11	37932	2756	2744	1	4491	2127	1503
June 2, 2009 11:14:00 AM UTC	1243962840000	45	13	yes	70.5	153.1	23386	20815	13335	5932	6	37902	2727	2718	3	4490	2398	1484
June 2, 2009 11:15:00 AM UTC	1243962900000	42	14	yes	70.6	153.8	23386	20815	13338	5910	9	37918	2742	2668	65	4494	2154	1531
June 2, 2009 11:16:00 AM UTC	1243962960000	40	16	yes	70.7	154.4	23386	20815	13331	5862	17	37965	2794	2698	79	4488	2443	1466
June 2, 2009 11:17:00 AM UTC	1243963020000	40	15	yes	70.8	155.1	23386	20815	13339	5831	19	37986	2793	2764	10	4500	2541	1166
June 2, 2009 11:18:00 AM UTC	1243963080000	41	13	yes	70.8	155.7	23386	20815	13330	5930	11	37904	2740	2722	7	4484	3088	786
June 2, 2009 11:19:00 AM UTC	1243963140000	40	13	yes	70.9	156.4	23386	20815	13331	5908	14	37922	2761	2728	19	4489	3012	855
June 2, 2009 11:20:00 AM UTC	1243963200000	40	14	yes	71.0	157.1	23386	20815	13338	5839	18	37980	2792	2597	177	4499	3113	783
June 2, 2009 11:21:00 AM UTC	1243963260000	40	14	yes	71.1	157.7	23386	20815	13338	5839	19	37979	2789	2401	368	4500	3157	762
June 2, 2009 11:22:00 AM UTC	1243963320000	39	13	yes	71.1	158.4	23386	20815	13329	5928	14	37904	2748	2058	578	4485	3206	687
June 2, 2009 11:23:00 AM UTC	1243963380000	37	14	yes	71.2	159.1	23386	20815	13335	5904	14	37922	2755	1873	446	4492	3210	856
June 2, 2009 11:24:00 AM UTC	1243963440000	35	16	yes	71.3	159.8	23386	20815	13329	5929	15	37902	2742	1646	457	4482	2549	1611
June 2, 2009 11:25:00 AM UTC	1243963500000	34	18	yes	71.3	160.5	23386	20815	13328	5929	16	37902	2757	1543	563	4484	2277	1820
June 2, 2009 11:26:00 AM UTC	1243963560000	32	19	yes	71.4	161.2	23386	20815	13335	5883	21	37936	2768	1486	647	4493	2213	1860
June 2, 2009 11:27:00 AM UTC	1243963620000	33	18	yes	71.5	161.9	23386	20815	13319	5945	20	37891	2759	1466	748	4472	2277	1787
June 2, 2009 11:28:00 AM UTC	1243963680000	32	20	yes	71.5	162.6	23386	20815	13335	5846	23	37971	2788	1509	717	4496	2209	2107
June 2, 2009 11:29:00 AM UTC	1243963740000	31	20	yes	71.6	163.3	23386	20815	13339	5826	28	37982	2790	1457	697	4504	2338	2026
June 2, 2009 11:30:00 AM UTC	1243963800000	30	21	yes	71.6	164.0	23386	20815	13328	5934	19	37894	2752	1230	825	4483	2492	1887
June 2, 2009 11:31:00 AM UTC	1243963860000	30	19	yes	71.7	164.7	23386	20815	13329	5935	19	37892	2743	1028	729	4482	2591	1697
June 2, 2009 11:32:00 AM UTC	1243963920000	30	17	yes	71.7	165.4	23386	20815	13329	5935	20	37891	2743	1080	504	4483	2752	1515
June 2, 2009 11:33:00 AM UTC	1243963980000	31	17	yes	71.8	166.2	23386	20815	13333	5835	28	37979	2807	1314	517	4494	3026	1329
June 2, 2009 11:34:00 AM UTC	1243964040000	30	15	yes	71.8	166.9	23386	20815	13333	5904	25	37913	2759	1321	454	4489	3144	1082
June 2, 2009 11:35:00 AM UTC	1243964100000	30	14	yes	71.9	167.6	23386	20815	13337	5862	27	37949	2786	1309	553	4493	3331	1032
June 2, 2009 11:36:00 AM UTC	1243964160000	30	14	yes	71.9	168.4	23386	20815	13337	5862	28	37948	2780	1309	678	4493	3309	1067
June 2, 2009 11:37:00 AM UTC	1243964220000	30	14	yes	72.0	169.1	23386	20815	13334	5932	19	37890	2731	1360	553	4492	3227	1039
June 2, 2009 11:38:00 AM UTC	1243964280000	30	14	yes	72.0	169.8	23386	20815	13337	5922	17	37899	2742	1468	569	4498	3268	1049
June 2, 2009 11:39:00 AM UTC	1243964340000	31	13	yes	72.0	170.6	23386	20815	13338	5839	33	37965	2792	1347	739	4504	3503	796
June 2, 2009 11:40:00 AM UTC	1243964400000	30	15	yes	72.0	171.3	23386	20815	13341	5804	31	37999	2813	1250	847	4509	3435	947
June 2, 2009 11:41:00 AM UTC	1243964460000	30	16	yes	72.1	172.1	23386	20815	13324	5947	21	37883	2733	1190	777	4478	3359	1059
June 2, 2009 11:42:00 AM UTC	1243964520000	30	16	yes	72.1	172.8	23386	20815	13326	5941	23	37885	2745	1280	657	4481	3527	855
June 2, 2009 11:43:00 AM UTC	1243964580000	31	16	yes	72.1	173.6	23386	20815	13325	5942	19	37889	2744	1372	580	4483	3379	1086
June 2, 2009 11:44:00 AM UTC	1243964640000	31	16	yes	72.1	174.3	23386	20815	13325	5935	24	37891	2742	1184	727	4486	3590	844
June 2, 2009 11:45:00 AM UTC	1243964700000	30	16	yes	72.2	175.1	23386	20815	13324	5912	22	37917	2755	1162	807	4487	3529	938
June 2, 2009 11:46:00 AM UTC	1243964760000	31	17	yes	72.2	175.8	23386	20815	13323	5919	26	37907	2754	1349	735	4488	3543	913
June 2, 2009 11:47:00 AM UTC	1243964820000	31	16	yes	72.2	176.6	23386	20815	13324	5914	25	37912	2754	1588	398	4492	3496	933
June 2, 2009 11:48:00 AM UTC	1243964880000	33	16	yes	72.2	177.3	23386	20815	13325	5913	22	37915	2761	1449	457	4491	3496	960
June 2, 2009 11:49:00 AM UTC	1243964940000	34	14	yes	72.2	178.1	23386	20815	13327	5909	25	37914	2759	1309	548	4490	3705	728
June 2, 2009 11:50:00 AM UTC	1243965000000	37	12	yes	72.2	178.8	23386	20815	13327	5888	24	37936	2766	1241	533	4492	4068	403
June 2, 2009 11:51:00 AM UTC	1243965060000	39	11	yes	72.2	179.6	23386	20815	13327	5889	25	37934	2756	1299	522	4490	4055	435
June 2, 2009 11:52:00 AM UTC	1243965120000	37	13	yes	72.2	180.4	23386	20815	13327	5889	25	37934	2757	1394	532	4491	3431	1032
June 2, 2009 11:53:00 AM UTC	1243965180000	37	14	yes	72.2	181.1	23386	20815	13327	5888	23	37937	2767	1630	427	4492	3260	1232
June 2, 2009 11:54:00 AM UTC	1243965240000	38	15	yes	72.2	181.9	23386	20815	13327	5906	25	37917	2757	1838	373	4492	3347	1145
June 2, 2009 11:55:00 AM UTC	1243965300000	38	17	yes	72.2	182.6	23386	20815	13325	5911	23	37916	2760	1851	492	4492	3205	1284
June 2, 2009 11:56:00 AM UTC	1243965360000	40	18	yes	72.2	183.4	23386	20815	13324	5912	24	37915	2755	1922	594	4491	3406	1085
June 2, 2009 11:57:00 AM UTC	1243965420000	41	18	yes	72.2	184.1	23386	20815	13323	5916	25	37911	2756	1865	774	4489	3643	846
June 2, 2009 11:58:00 AM UTC	1243965480000	42	18	yes	72.2	184.9	23386	20815	13324	5909	22	37920	2756	1773	886	4487	3849	637
June 2, 2009 11:59:00 AM UTC	1243965540000	45	17	yes	72.1	185.6	23386	20815	13325	5931	24	37895	2743	2029	651	4485	3877	605
June 2, 2009 12:00:00 PM UTC	1243965600000	47	17	yes	72.1	186.4	23386	20815	13325	5938	20	37892	2745	2191	443	4481	3910	571
June 2, 2009 12:01:00 PM UTC	1243965660000	50	15	yes	72.1	187.1	23386	20815	13342	5870	25	37938	2764	2395	285	4504	4090	414
June 2, 2009 12:02:00 PM UTC	1243965720000	54	14	yes	72.1	187.9	23386	20815	13338	5877	23	37937	2753	2546	178	4501	4447	54
June 2, 2009 12:03:00 PM UTC	1243965780000	58	12	yes	72.1	188.6	23386	20815	13341	5799	30	38005	2812	2748	34	4508	4508	0
June 2, 2009 12:04:00 PM UTC	1243965840000	59	12	yes	72.0	189.4	23386	20815	13338	5836	32	37969	2790	2758	0	4505	4505	0
June 2, 2009 12:05:00 PM UTC	1243965900000	62	10	yes	72.0	190.1	23386	20815	13337	5915	19	37904	2742	2723	0	4496	4496	0
June 2, 2009 12:06:00 PM UTC	1243965960000	66	8	yes	72.0	190.9	23386	20815	13334	5929	20	37892	2729	2709	0	4489	4489	0
June 2, 2009 12:07:00 PM UTC	1243966020000	70	6	yes	71.9	191.6	23386	20815	13323	5920	25	37907	2758	2733	0	4473	4473	0
June 2, 2009 12:08:00 PM UTC	1243966080000	73	5	yes	71.9	192.3	23386	20815	13321	5926	23	37905	2764	2741	0	4477	4477	0
June 2, 2009 12:09:00 PM UTC	1243966140000	75	4	yes	71.8	193.1	23386	20815	13334	5870	27	37944	2772	2745	0	4490	4490	0
June 2, 2009 12:10:00 PM UTC	1243966200000	76	3	yes	71.8	193.8	23386	20815	13329	5923	18	37905	2747	2729	0	4481	4481	0
June 2, 2009 12:11:00 PM UTC	1243966260000	78	2	yes	71.7	194.5	23386	20815	13329	5931	20	37895	2744	2724	0	4482	4482	0
June 2, 2009 12:12:00 PM UTC	1243966320000	80	2	yes	71.7	195.2	23386	20815	13329	5931	19	37896	2744	2725	0	4482	4482	0
June 2, 2009 12:13:00 PM UTC	1243966380000	81	1	yes	71.6	196.0	23386	20815	13343	5865	24	37943	2775	2751	0	4505	4505	0
June 2, 2009 12:14:00 PM UTC	1243966440000	83	1	yes	71.6	196.7	23386	20815	13339	5822	28	37986	2790	2762	0	4504	4504	0
June 2, 2009 12:15:00 PM UTC	1243966500000	84	1	yes	71.5	197.4	23386	20815	13335	5843	24	37973	2787	2763	0	4494	4494	0
June 2, 2009 12:16:00 PM UTC	1243966560000	85	1	yes	71.5	198.1	23386	20815	13324	5920	22	37909	2762	2740	0	4476	4476	0
June 2, 2009 12:17:00 PM UTC	1243966620000	86	1	yes	71.4	198.8	23386	20815	13335	5878	21	37941	2768	2747	0	4493	4493	0
June 2, 2009 12:18:00 PM UTC	1243966680000	87	0	yes	71.4	199.5	23386	20815	13328	5924	16	37907	2758	2742	0	4484	4484	0
June 2, 2009 12:19:00 PM UTC	1243966740000	87	0	yes	71.3	200.2	23386	20815	13329	5924	15	37907	2742	2727	0	4483	4483	0
June 2, 2009 12:20:00 PM UTC	1243966800000	88	0	yes	71.2	200.9	23386	20815	13338	5872	16	37949	2768	2752	0	4497	4497	0
June 2, 2009 12:21:00 PM UTC	1243966860000	89	0	yes	71.2	201.5	23386	20815	13329	5923	14	37909	2748	2734	0	4484	4484	0
June 2, 2009 12:22:00 PM UTC	1243966920000	89	1	yes	71.1	202.2	23386	20815	13338	5834	19	37984	2790	2771	0	4497	4497	0
June 2, 2009 12:23:00 PM UTC	1243966980000	89	1	yes	71.0	202.9	23386	20815	13338	5834	18	37985	2792	2774	0	4499	4499	0
June 2, 2009 12:24:00 PM UTC	1243967040000	89	1	yes	70.9	203.6	23386	20815	13331	5903	14	37927	2760	2746	0	4489	4489	0
June 2, 2009 12:25:00 PM UTC	1243967100000	89	1	yes	70.9	204.2	23386	20815	13330	5924	11	37910	2739	2728	0	4484	4484	0
June 2, 2009 12:26:00 PM UTC	1243967160000	90	1	yes	70.8	204.9	23386	20815	13339	5825	19	37992	2792	2773	0	4503	4501	2
June 2, 2009 12:27:00 PM UTC	1243967220000	90	1	yes	70.7	205.6	23386	20815	13323	5922	12	37918	2762	2750	0	4477	4474	3
June 2, 2009 12:28:00 PM UTC	1243967280000	89	1	yes	70.6	206.2	23386	20815	13338	5826	15	37996	2789	2774	0	4503	4503	0
June 2, 2009 12:29:00 PM UTC	1243967340000	89	1	yes	70.5	206.9	23386	20815	13335	5925	6	37909	2728	2722	0	4491	4476	12
June 2, 2009 12:30:00 PM UTC	1243967400000	87	2	yes	70.4	207.5	23386	20815	13330	5886	11	37948	2755	2744	0	4490	4418	32
June 2, 2009 12:31:00 PM UTC	1243967460000	88	1	yes	70.3	208.1	23386	20815	13343	5827	10	37995	2782	2772	0	4507	4491	7
June 2, 2009 12:32:00 PM UTC	1243967520000	86	1	yes	70.3	208.8	23386	20815	13321	5928	7	37919	2751	2744	0	4481	4456	3
June 2, 2009 12:33:00 PM UTC	1243967580000	83	2	yes	70.2	209.4	23386	20815	13333	5892	5	37945	2748	2743	0	4490	4462	14
June 2, 2009 12:34:00 PM UTC	1243967640000	76	7	yes	70.1	210.0	23386	20815	13333	5875	10	37957	2770	2760	0	4498	3937	496
June 2, 2009 12:35:00 PM UTC	1243967700000	73	9	yes	70.0	210.6	23386	20815	13327	5913	7	37928	2752	2561	184	4486	3718	736
June 2, 2009 12:36:00 PM UTC	1243967760000	69	13	yes	69.9	211.2	23386	20815	13327	5913	6	37929	2752	2347	352	4485	3515	926
June 2, 2009 12:37:00 PM UTC	1243967820000	64	15	yes	69.8	211.8	23386	20815	13338	5886	5	37946	2741	1914	521	4497	3370	1044
June 2, 2009 12:38:00 PM UTC	1243967880000	60	15	yes	69.7	212.4	23386	20815	13318	5939	5	37913	2746	1626	402	4469	3213	1171
June 2, 2009 12:39:00 PM UTC	1243967940000	57	16	yes	69.6	213.0	23386	20815	13333	5862	8	37972	2774	1507	305	4491	3319	1101
June 2, 2009 12:40:00 PM UTC	1243968000000	54	17	yes	69.5	213.6	23386	20815	13333	5862	4	37976	2776	1136	639	4490	3371	1033
June 2, 2009 12:41:00 PM UTC	1243968060000	45	21	yes	69.4	214.2	23386	20815	13323	5903	3	37946	2751	757	778	4478	2887	1382
June 2, 2009 12:42:00 PM UTC	1243968120000	41	22	yes	69.3	214.8	23386	20815	13336	5820	5	38014	2798	601	646	4496	2446	1730
June 2, 2009 12:43:00 PM UTC	1243968180000	37	23	yes	69.1	215.4	23386	20815	13336	5820	4	38015	2793	450	559	4496	2121	1878
June 2, 2009 12:44:00 PM UTC	1243968240000	32	23	yes	69.0	215.9	23386	20815	13329	5863	2	37981	2780	216	603	4485	1792	1797
June 2, 2009 12:45:00 PM UTC	1243968300000	21	18	yes	68.9	216.5	23386	20815	13327	5859	0	37989	2782	123	406	4484	1253	888
June 2, 2009 12:46:00 PM UTC	1243968360000	20	16	yes	68.8	217.0	23386	20815	13335	5795	0	38045	2793	0	383	4503	1361	687
June 2, 2009 12:47:00 PM UTC	1243968420000	17	15	yes	68.7	217.6	23386	20815	13326	5839	0	38010	2788	0	86	4490	1067	754
June 2, 2009 12:48:00 PM UTC	1243968480000	16	14	yes	68.6	218.1	23386	20815	13326	5834	0	38015	2784	0	93	4491	882	819
June 2, 2009 12:49:00 PM UTC	1243968540000	15	13	yes	68.5	218.7	23386	20815	13337	5783	0	38055	2805	33	165	4506	811	600
June 2, 2009 12:50:00 PM UTC	1243968600000	13	11	yes	68.3	219.2	23386	20815	13327	5813	0	38035	2803	60	160	4493	582	687
June 2, 2009 12:51:00 PM UTC	1243968660000	12	11	yes	68.2	219.8	23386	20815	13330	5812	0	38033	2803	51	117	4493	561	732
June 2, 2009 12:52:00 PM UTC	1243968720000	11	10	yes	68.1	220.3	23386	20815	13328	5812	0	38035	2804	21	87	4495	476	682
June 2, 2009 12:53:00 PM UTC	1243968780000	10	10	yes	68.0	220.8	23386	20815	13340	5761	0	38074	2820	29	105	4508	411	626
June 2, 2009 12:54:00 PM UTC	1243968840000	10	10	yes	67.8	221.3	23386	20815	13328	5871	0	37976	2768	0	86	4492	381	674
June 2, 2009 12:55:00 PM UTC	1243968900000	9	10	yes	67.7	221.8	23386	20815	13328	5867	0	37980	2774	0	5	4491	353	794
June 2, 2009 12:56:00 PM UTC	1243968960000	9	11	yes	67.6	222.3	23386	20815	13338	5818	0	38019	2789	1	5	4506	337	858
June 2, 2009 12:57:00 PM UTC	1243969020000	8	10	yes	67.5	222.8	23386	20815	13341	5878	0	37956	2750	0	6	4494	318	815
June 2, 2009 12:58:00 PM UTC	1243969080000	8	10	yes	67.3	223.3	23386	20815	13329	5928	0	37918	2738	0	0	4485	319	1157
June 2, 2009 12:59:00 PM UTC	1243969140000	8	11	yes	67.2	223.8	23386	20815	13328	5878	0	37969	2768	0	0	4490	359	1006
June 2, 2009 1:00:00 PM UTC	1243969200000	8	10	yes	67.1	224.3	23386	20815	13341	5874	0	37960	2739	0	0	4509	419	1051
June 2, 2009 1:01:00 PM UTC	1243969260000	8	11	yes	66.9	224.8	23386	20815	13341	5799	0	38035	2782	0	0	4500	413	1058
June 2, 2009 1:02:00 PM UTC	1243969320000	8	11	yes	66.8	225.3	23386	20815	13328	5848	0	37999	2770	0	0	4489	426	1243
June 2, 2009 1:03:00 PM UTC	1243969380000	8	11	yes	66.6	225.7	23386	20815	13329	5848	0	37998	2770	0	0	4485	483	1320
June 2, 2009 1:04:00 PM UTC	1243969440000	8	13	yes	66.5	226.2	23386	20815	13329	5814	0	38032	2810	0	10	4496	564	1312
June 2, 2009 1:05:00 PM UTC	1243969500000	7	14	yes	66.4	226.7	23386	20815	13337	5822	0	38016	2778	0	12	4504	608	1401
June 2, 2009 1:06:00 PM UTC	1243969560000	8	14	yes	66.2	227.1	23386	20815	13327	5868	0	37980	2769	0	18	4489	632	1587
June 2, 2009 1:07:00 PM UTC	1243969620000	8	15	yes	66.1	227.6	23386	20815	13316	5915	0	37944	2751	0	16	4476	634	1453
June 2, 2009 1:08:00 PM UTC	1243969680000	9	15	yes	66.0	228.0	23386	20815	13327	5870	0	37978	2764	1	19	4487	648	1328
June 2, 2009 1:09:00 PM UTC	1243969740000	9	15	yes	65.8	228.5	23386	20815	13328	5832	0	38015	2802	0	18	4490	665	1349
June 2, 2009 1:10:00 PM UTC	1243969800000	9	16	yes	65.7	228.9	23386	20815	13326	5882	0	37967	2765	0	17	4486	658	1283
June 2, 2009 1:11:00 PM UTC	1243969860000	10	17	yes	65.5	229.4	23386	20815	13335	5848	0	37992	2770	75	43	4500	648	1280
June 2, 2009 1:12:00 PM UTC	1243969920000	11	17	yes	65.4	229.8	23386	20815	13335	5840	0	38000	2784	222	91	4499	655	1405
June 2, 2009 1:13:00 PM UTC	1243969980000	12	17	yes	65.2	230.2	23386	20815	13336	5838	0	38001	2775	401	135	4498	547	1279
June 2, 2009 1:14:00 PM UTC	1243970040000	13	18	yes	65.1	230.6	23386	20815	13324	5893	0	37958	2763	677	141	4483	508	1280
June 2, 2009 1:15:00 PM UTC	1243970100000	14	17	yes	64.9	231.1	23386	20815	13326	5860	0	37989	2792	848	133	4490	491	1041
June 2, 2009 1:16:00 PM UTC	1243970160000	15	18	yes	64.8	231.5	23386	20815	13332	5875	0	37968	2763	925	153	4495	477	1292
June 2, 2009 1:17:00 PM UTC	1243970220000	15	18	yes	64.6	231.9	23386	20815	13334	5802	0	38039	2805	982	90	4501	356	1256
June 2, 2009 1:18:00 PM UTC	1243970280000	15	20	yes	64.5	232.3	23386	20815	13311	5898	0	37966	2764	956	80	4471	334	1346
June 2, 2009 1:19:00 PM UTC	1243970340000	14	21	yes	64.3	232.7	23386	20815	13321	5863	0	37991	2786	955	70	4482	462	1310
June 2, 2009 1:20:00 PM UTC	1243970400000	15	24	yes	64.2	233.1	23386	20815	13335	5772	0	38068	2834	935	80	4504	530	1653
June 2, 2009 1:21:00 PM UTC	1243970460000	14	25	yes	64.0	233.5	23386	20815	13333	5786	0	38056	2827	890	73	4497	666	1662
June 2, 2009 1:22:00 PM UTC	1243970520000	15	26	yes	63.9	233.9	23386	20815	13321	5881	0	37973	2775	802	51	4482	725	1878
June 2, 2009 1:23:00 PM UTC	1243970580000	14	28	yes	63.7	234.3	23386	20815	13331	5841	0	38003	2796	647	41	4497	526	2024
June 2, 2009 1:24:00 PM UTC	1243970640000	14	29	yes	63.6	234.7	23386	20815	13331	5841	0	38003	2791	455	38	4491	633	2051
June 2, 2009 1:25:00 PM UTC	1243970700000	12	30	yes	63.4	235.1	23386	20815	13316	5897	0	37962	2783	263	32	4464	460	2268
June 2, 2009 1:26:00 PM UTC	1243970760000	11	31	yes	63.2	235.4	23386	20815	13316	5896	0	37963	2772	98	139	4484	454	2352
June 2, 2009 1:27:00 PM UTC	1243970820000	10	32	yes	63.1	235.8	23386	20815	13341	5775	0	38059	2838	19	496	4509	322	2545
June 2, 2009 1:28:00 PM UTC	1243970880000	11	31	yes	62.9	236.2	23386	20815	13328	5831	0	38016	2812	126	545	4490	408	2379
June 2, 2009 1:29:00 PM UTC	1243970940000	11	31	yes	62.8	236.5	23386	20815	13326	5894	0	37955	2777	349	420	4488	300	2602
June 2, 2009 1:30:00 PM UTC	1243971000000	11	29	yes	62.6	236.9	23386	20815	13334	5856	0	37985	2786	356	432	4496	368	2054
June 2, 2009 1:31:00 PM UTC	1243971060000	10	30	yes	62.5	237.3	23386	20815	13326	5893	0	37956	2774	302	540	4487	459	1789
June 2, 2009 1:32:00 PM UTC	1243971120000	11	29	yes	62.3	237.6	23386	20815	13322	5917	0	37936	2763	246	685	4478	429	1892
June 2, 2009 1:33:00 PM UTC	1243971180000	11	30	yes	62.1	238.0	23386	20815	13329	5869	0	37977	2799	185	974	4492	397	1578
June 2, 2009 1:34:00 PM UTC	1243971240000	12	30	yes	62.0	238.3	23386	20815	13336	5831	0	38008	2823	386	902	4501	402	1638
June 2, 2009 1:35:00 PM UTC	1243971300000	13	30	yes	61.8	238.7	23386	20815	13330	5855	0	37990	2807	707	661	4491	362	1674
June 2, 2009 1:36:00 PM UTC	1243971360000	14	32	yes	61.6	239.0	23386	20815	13321	5952	0	37902	2753	927	451	4477	409	1859
June 2, 2009 1:37:00 PM UTC	1243971420000	14	34	yes	61.5	239.4	23386	20815	13329	5859	0	37987	2795	1133	295	4491	453	1953
June 2, 2009 1:38:00 PM UTC	1243971480000	16	34	yes	61.3	239.7	23386	20815	13329	5859	0	37987	2791	1272	216	4492	601	2041
June 2, 2009 1:39:00 PM UTC	1243971540000	18	34	yes	61.1	240.0	23386	20815	13329	5858	0	37988	2791	1314	267	4489	627	2405
June 2, 2009 1:40:00 PM UTC	1243971600000	18	34	yes	61.0	240.4	23386	20815	13330	5841	0	38004	2821	1235	453	4494	762	2375
June 2, 2009 1:41:00 PM UTC	1243971660000	16	35	yes	60.8	240.7	23386	20815	13324	5868	0	37983	2804	1012	562	4486	778	2557
June 2, 2009 1:42:00 PM UTC	1243971720000	15	34	yes	60.6	241.0	23386	20815	13329	5840	0	38006	2823	789	766	4493	786	2669
June 2, 2009 1:43:00 PM UTC	1243971780000	11	36	yes	60.5	241.4	23386	20815	13335	5871	0	37969	2779	299	1190	4497	687	2600
June 2, 2009 1:44:00 PM UTC	1243971840000	10	34	yes	60.3	241.7	23386	20815	13322	5933	0	37920	2763	289	931	4478	444	2646
June 2, 2009 1:45:00 PM UTC	1243971900000	11	32	yes	60.1	242.0	23386	20815	13322	5933	0	37920	2763	307	746	4479	540	2620
June 2, 2009 1:46:00 PM UTC	1243971960000	12	29	yes	60.0	242.3	23386	20815	13338	5872	0	37965	2783	372	688	4502	905	2192
June 2, 2009 1:47:00 PM UTC	1243972020000	14	29	yes	59.8	242.6	23386	20815	13330	5881	0	37964	2795	369	613	4489	995	2265
June 2, 2009 1:48:00 PM UTC	1243972080000	14	28	yes	59.6	242.9	23386	20815	13322	5912	0	37941	2790	500	514	4477	1179	1963
June 2, 2009 1:49:00 PM UTC	1243972140000	14	26	yes	59.5	243.2	23386	20815	13330	5881	0	37964	2800	735	677	4491	1342	1782
June 2, 2009 1:50:00 PM UTC	1243972200000	15	24	yes	59.3	243.6	23386	20815	13330	5881	0	37964	2805	966	575	4490	1522	1739
June 2, 2009 1:51:00 PM UTC	1243972260000	16	27	yes	59.1	243.9	23386	20815	13336	5851	0	37988	2817	814	794	4500	1939	1589
June 2, 2009 1:52:00 PM UTC	1243972320000	17	27	yes	58.9	244.2	23386	20815	13326	5944	0	37905	2762	606	687	4486	2137	1451
June 2, 2009 1:53:00 PM UTC	1243972380000	17	27	yes	58.8	244.5	23386	20815	13314	6003	0	37858	2722	465	939	4465	2288	1427
June 2, 2009 1:54:00 PM UTC	1243972440000	18	28	yes	58.6	244.7	23386	20815	13338	5843	0	37994	2811	538	1098	4498	2481	1550
June 2, 2009 1:55:00 PM UTC	1243972500000	22	26	yes	58.4	245.0	23386	20815	13336	5841	0	37998	2815	792	1040	4500	2763	1208
June 2, 2009 1:56:00 PM UTC	1243972560000	24	26	yes	58.3	245.3	23386	20815	13324	5891	0	37960	2807	1107	1039	4482	2976	1067
June 2, 2009 1:57:00 PM UTC	1243972620000	26	27	yes	58.1	245.6	23386	20815	13337	5827	0	38011	2839	1198	884	4496	3292	941
June 2, 2009 1:58:00 PM UTC	1243972680000	26	24	yes	57.9	245.9	23386	20815	13324	5890	0	37961	2808	1141	568	4476	3528	650
June 2, 2009 1:59:00 PM UTC	1243972740000	29	24	yes	57.7	246.2	23386	20815	13329	5819	0	38027	2837	1265	641	4484	3391	1018
June 2, 2009 2:00:00 PM UTC	1243972800000	31	23	yes	57.6	246.5	23386	20815	13345	5751	0	38079	2874	1354	644	4496	3196	1219
June 2, 2009 2:01:00 PM UTC	1243972860000	34	21	yes	57.4	246.8	23386	20815	13328	5882	0	37965	2799	1356	670	4468	3264	1085
June 2, 2009 2:02:00 PM UTC	1243972920000	36	20	yes	57.2	247.0	23386	20815	13328	5882	0	37965	2800	1528	542	4465	3258	1168
June 2, 2009 2:03:00 PM UTC	1243972980000	36	22	yes	57.0	247.3	23386	20815	13328	5882	0	37965	2801	1668	483	4460	3186	1246
June 2, 2009 2:04:00 PM UTC	1243973040000	39	21	yes	56.9	247.6	23386	20815	13335	5844	0	37996	2825	1785	396	4465	3256	1185
June 2, 2009 2:05:00 PM UTC	1243973100000	41	17	yes	56.7	247.9	23386	20815	13336	5844	0	37995	2831	2030	241	4458	3367	1018
June 2, 2009 2:06:00 PM UTC	1243973160000	42	19	yes	56.5	248.1	23386	20815	13330	5871	0	37974	2819	1859	565	4442	3255	1144
June 2, 2009 2:07:00 PM UTC	1243973220000	45	21	yes	56.3	248.4	23386	20815	13335	5844	0	37996	2827	1969	564	4446	3314	1131
June 2, 2009 2:08:00 PM UTC	1243973280000	45	21	yes	56.1	248.7	23386	20815	13321	5909	0	37945	2800	1833	542	4424	3367	1057
June 2, 2009 2:09:00 PM UTC	1243973340000	47	18	yes	56.0	248.9	23386	20815	13335	5844	0	37996	2837	2019	410	4431	3371	1050
June 2, 2009 2:10:00 PM UTC	1243973400000	49	19	yes	55.8	249.2	23386	20815	13341	5819	0	38015	2848	2311	309	4430	3447	983
June 2, 2009 2:11:00 PM UTC	1243973460000	52	18	yes	55.6	249.4	23386	20815	13319	5978	0	37878	2764	2412	247	4397	3444	942
June 2, 2009 2:12:00 PM UTC	1243973520000	54	19	yes	55.4	249.7	23386	20815	13333	5914	0	37928	2797	2440	320	4398	3550	848
June 2, 2009 2:13:00 PM UTC	1243973580000	56	20	yes	55.2	250.0	23386	20815	13325	5955	0	37895	2770	2563	206	4387	3601	786
June 2, 2009 2:14:00 PM UTC	1243973640000	58	18	yes	55.1	250.2	23386	20815	13325	5945	0	37905	2791	2755	36	4378	3699	677
June 2, 2009 2:15:00 PM UTC	1243973700000	60	17	yes	54.9	250.5	23386	20815	13342	5879	0	37954	2829	2829	0	4383	3853	527
June 2, 2009 2:16:00 PM UTC	1243973760000	63	16	no	54.7	250.7	23386	20815	13325	5945	0	37905	2792	2792	0	4361	3844	509
June 2, 2009 2:17:00 PM UTC	1243973820000	65	14	no	54.5	251.0	23386	20815	13343	5852	0	37980	2840	2840	0	4375	3929	412
June 2, 2009 2:18:00 PM UTC	1243973880000	67	15	no	54.3	251.2	23386	20815	13326	5942	0	37907	2797	2797	0	4343	3983	360
June 2, 2009 2:19:00 PM UTC	1243973940000	69	14	no	54.2	251.5	23386	20815	13328	5826	0	38021	2845	2845	0	4340	3987	353
June 2, 2009 2:20:00 PM UTC	1243974000000	71	14	no	54.0	251.7	23386	20815	13333	5805	0	38037	2856	2856	0	4338	4081	257
June 2, 2009 2:21:00 PM UTC	1243974060000	73	14	no	53.8	251.9	23386	20815	13333	5804	0	38038	2857	2857	0	4328	4155	173
June 2, 2009 2:22:00 PM UTC	1243974120000	75	13	no	53.6	252.2	23386	20815	13330	5872	0	37973	2819	2819	0	4314	4262	52
June 2, 2009 2:23:00 PM UTC	1243974180000	76	14	no	53.4	252.4	23386	20815	13330	5871	0	37974	2823	2823	0	4303	4270	33
June 2, 2009 2:24:00 PM UTC	1243974240000	78	13	no	53.3	252.7	23386	20815	13335	5850	0	37990	2841	2841	0	4296	4296	0
June 2, 2009 2:25:00 PM UTC	1243974300000	79	14	no	53.1	252.9	23386	20815	13335	5850	0	37990	2842	2842	0	4286	4285	1
June 2, 2009 2:26:00 PM UTC	1243974360000	80	15	no	52.9	253.1	23386	20815	13331	5870	0	37974	2838	2838	0	4266	4266	0
June 2, 2009 2:27:00 PM UTC	1243974420000	81	14	no	52.7	253.4	23386	20815	13331	5870	0	37974	2841	2841	0	4258	4258	0
June 2, 2009 2:28:00 PM UTC	1243974480000	83	14	no	52.5	253.6	23386	20815	13336	5849	0	37990	2850	2850	0	4251	4251	0
June 2, 2009 2:29:00 PM UTC	1243974540000	84	14	yes	52.3	253.8	23386	20815	13322	5915	0	37938	2813	2813	0	4226	4226	0
June 2, 2009 2:30:00 PM UTC	1243974600000	85	14	yes	52.2	254.1	23386	20815	13337	5848	0	37990	2838	2838	0	4231	4231	0
June 2, 2009 2:31:00 PM UTC	1243974660000	86	13	no	52.0	254.3	23386	20815	13321	5914	0	37940	2815	2815	0	4204	4204	0
June 2, 2009 2:32:00 PM UTC	1243974720000	87	13	no	51.8	254.5	23386	20815	13341	5829	0	38005	2857	2857	0	4214	4214	0
June 2, 2009 2:33:00 PM UTC	1243974780000	88	12	no	51.6	254.7	23386	20815	13326	5896	0	37953	2829	2829	0	4185	4185	0
June 2, 2009 2:34:00 PM UTC	1243974840000	89	11	no	51.4	255.0	23386	20815	13338	5904	0	37933	2825	2825	0	4178	4178	0
June 2, 2009 2:35:00 PM UTC	1243974900000	90	10	yes	51.2	255.2	23386	20815	13322	5971	0	37882	2794	2794	0	4151	4151	0
June 2, 2009 2:36:00 PM UTC	1243974960000	91	9	no	51.0	255.4	23386	20815	13336	5899	0	37940	2835	2835	0	4155	4155	0
June 2, 2009 2:37:00 PM UTC	1243975020000	92	8	no	50.9	255.6	23386	20815	13322	5968	0	37885	2799	2799	0	4134	4134	0
June 2, 2009 2:38:00 PM UTC	1243975080000	93	7	yes	50.7	255.8	23386	20815	13322	5968	0	37885	2798	2798	0	4121	4121	0
June 2, 2009 2:39:00 PM UTC	1243975140000	94	6	no	50.5	256.1	23386	20815	13338	5864	0	37973	2850	2850	0	4117	4117	0
June 2, 2009 2:40:00 PM UTC	1243975200000	95	5	no	50.3	256.3	23386	20815	13324	5931	0	37920	2809	2809	0	4098	4098	0
June 2, 2009 2:41:00 PM UTC	1243975260000	97	3	no	50.1	256.5	23386	20815	13338	5863	0	37974	2845	2845	0	4092	4092	0
June 2, 2009 2:42:00 PM UTC	1243975320000	97	3	no	49.9	256.7	23386	20815	13328	5914	0	37933	2823	2823	0	4071	4071	0
June 2, 2009 2:43:00 PM UTC	1243975380000	98	2	no	49.7	256.9	23386	20815	13345	5769	0	38061	2895	2895	0	4075	4075	0
June 2, 2009 2:44:00 PM UTC	1243975440000	98	2	no	49.6	257.1	23386	20815	13331	5830	0	38014	2857	2857	0	4055	4055	0
June 2, 2009 2:45:00 PM UTC	1243975500000	99	1	no	49.4	257.3	23386	20815	13345	5769	0	38061	2894	2894	0	4042	4042	0
June 2, 2009 2:46:00 PM UTC	1243975560000	99	1	no	49.2	257.6	23386	20815	13330	5837	0	38008	2850	2850	0	4021	4021	0
June 2, 2009 2:47:00 PM UTC	1243975620000	100	0	no	49.0	257.8	23386	20815	13347	5831	0	37997	2869	2869	0	4015	4015	0
June 2, 2009 2:48:00 PM UTC	1243975680000	100	0	no	48.8	258.0	23386	20815	13331	5902	0	37942	2839	2839	0	3995	3995	0
June 2, 2009 2:49:00 PM UTC	1243975740000	100	0	no	48.6	258.2	23386	20815	13344	5832	0	37999	2876	2876	0	3990	3990	0
June 2, 2009 2:50:00 PM UTC	1243975800000	100	0	no	48.4	258.4	23386	20815	13330	5901	0	37944	2845	2845	0	3963	3963	0
June 2, 2009 2:51:00 PM UTC	1243975860000	100	0	no	48.3	258.6	23386	20815	13346	5832	0	37997	2873	2873	0	3956	3956	0
June 2, 2009 2:52:00 PM UTC	1243975920000	100	0	no	48.1	258.8	23386	20815	13330	5901	0	37944	2841	2841	0	3934	3934	0
June 2, 2009 2:53:00 PM UTC	1243975980000	100	0	no	47.9	259.0	23386	20815	13349	5819	0	38007	2889	2889	0	3928	3928	0
June 2, 2009 2:54:00 PM UTC	1243976040000	100	0	no	47.7	259.2	23386	20815	13333	5887	0	37955	2853	2853	0	3909	3909	0
June 2, 2009 2:55:00 PM UTC	1243976100000	100	0	no	47.5	259.4	23386	20815	13314	5968	0	37893	2807	2807	0	3880	3880	0
June 2, 2009 2:56:00 PM UTC	1243976160000	100	0	no	47.3	259.6	23386	20815	13330	5899	0	37946	2847	2847	0	3875	3875	0
June 2, 2009 2:57:00 PM UTC	1243976220000	100	0	no	47.1	259.8	23386	20815	13315	5968	0	37892	2814	2814	0	3849	3849	0
June 2, 2009 2:58:00 PM UTC	1243976280000	100	0	no	46.9	260.0	23386	20815	13330	5897	0	37948	2849	2849	0	3844	3844	0
June 2, 2009 2:59:00 PM UTC	1243976340000	100	0	no	46.7	260.2	23386	20815	13330	5867	0	37978	2853	2853	0	3828	3828	0
June 2, 2009 3:00:00 PM UTC	1243976400000	100	0	no	46.6	260.4	23386	20815	13333	5853	0	37989	2862	2862	0	3820	3820	0
June 2, 2009 3:01:00 PM UTC	1243976460000	100	0	no	46.4	260.6	23386	20815	13333	5853	0	37989	2863	2863	0	3798	3798	0
June 2, 2009 3:02:00 PM UTC	1243976520000	100	0	no	46.2	260.8	23386	20815	13332	5935	0	37908	2834	2834	0	3790	3790	0
June 2, 2009 3:03:00 PM UTC	1243976580000	100	0	no	46.0	261.0	23386	20815	13332	5935	0	37908	2841	2841	0	3761	3761	0
June 2, 2009 3:04:00 PM UTC	1243976640000	100	0	no	45.8	261.1	23386	20815	13331	5936	0	37908	2841	2841	0	3759	3759	0
June 2, 2009 3:05:00 PM UTC	1243976700000	100	0	no	45.6	261.3	23386	20815	13331	5936	0	37908	2837	2837	0	3736	3736	0
June 2, 2009 3:06:00 PM UTC	1243976760000	100	0	no	45.4	261.5	23386	20815	13333	5859	0	37983	2873	2873	0	3726	3726	0
June 2, 2009 3:07:00 PM UTC	1243976820000	100	0	no	45.2	261.7	23386	20815	13336	5849	0	37990	2884	2884	0	3707	3707	0
June 2, 2009 3:08:00 PM UTC	1243976880000	100	0	no	45.0	261.9	23386	20815	13336	5848	0	37991	2880	2880	0	3693	3693	0
June 2, 2009 3:09:00 PM UTC	1243976940000	100	0	no	44.9	262.1	23386	20815	13336	5848	0	37991	2880	2880	0	3674	3674	0
June 2, 2009 3:10:00 PM UTC	1243977000000	100	0	no	44.7	262.3	23386	20815	13336	5848	0	37991	2883	2883	0	3661	3661	0
June 2, 2009 3:11:00 PM UTC	1243977060000	100	0	no	44.5	262.5	23386	20815	13336	5848	0	37991	2888	2888	0	3645	3645	0
June 2, 2009 3:12:00 PM UTC	1243977120000	100	0	no	44.3	262.7	23386	20815	13320	5918	0	37937	2839	2839	0	3625	3625	0
June 2, 2009 3:13:00 PM UTC	1243977180000	100	0	no	44.1	262.8	23386	20815	13336	5847	0	37992	2886	2886	0	3612	3612	0
June 2, 2009 3:14:00 PM UTC	1243977240000	100	0	no	43.9	263.0	23386	20815	13321	5913	0	37941	2845	2845	0	3593	3593	0
June 2, 2009 3:15:00 PM UTC	1243977300000	100	0	no	43.7	263.2	23386	20815	13338	5837	0	38000	2897	2897	0	3579	3575	4
June 2, 2009 3:16:00 PM UTC	1243977360000	100	0	no	43.5	263.4	23386	20815	13322	5907	0	37946	2849	2849	0	3568	3530	38
June 2, 2009 3:17:00 PM UTC	1243977420000	100	0	yes	43.3	263.6	23386	20815	13338	5844	0	37993	2902	2902	0	3548	3529	19
June 2, 2009 3:18:00 PM UTC	1243977480000	98	2	yes	43.1	263.7	23386	20815	13323	5912	0	37940	2857	2824	33	3527	2951	576
June 2, 2009 3:19:00 PM UTC	1243977540000	94	6	no	43.0	263.9	23386	20815	13336	5898	0	37941	2871	2277	589	3518	2564	954
June 2, 2009 3:20:00 PM UTC	1243977600000	91	8	yes	42.8	264.1	23386	20815	13336	5898	0	37941	2873	1751	744	3500	2141	1240
June 2, 2009 3:21:00 PM UTC	1243977660000	88	11	yes	42.6	264.3	23386	20815	13321	5969	0	37885	2833	1602	968	3480	2312	1118
June 2, 2009 3:22:00 PM UTC	1243977720000	83	15	yes	42.4	264.5	23386	20815	13337	5893	0	37945	2877	1663	872	3466	2299	1060
June 2, 2009 3:23:00 PM UTC	1243977780000	75	22	yes	42.2	264.6	23386	20815	13321	5963	0	37891	2833	1673	709	3450	1789	1459
June 2, 2009 3:24:00 PM UTC	1243977840000	67	28	yes	42.0	264.8	23386	20815	13338	5893	0	37944	2883	1781	720	3433	1379	1905
June 2, 2009 3:25:00 PM UTC	1243977900000	61	32	yes	41.8	265.0	23386	20815	13321	5963	0	37891	2837	1972	579	3416	1322	2018
June 2, 2009 3:26:00 PM UTC	1243977960000	56	35	yes	41.6	265.2	23386	20815	13337	5893	0	37945	2881	2106	584	3403	1384	1939
June 2, 2009 3:27:00 PM UTC	1243978020000	52	35	yes	41.4	265.3	23386	20815	13321	5962	0	37892	2842	2234	557	3385	1357	1933
June 2, 2009 3:28:00 PM UTC	1243978080000	49	34	yes	41.2	265.5	23386	20815	13321	5962	0	37892	2849	2442	380	3367	1427	1837
June 2, 2009 3:29:00 PM UTC	1243978140000	47	31	yes	41.1	265.7	23386	20815	13339	5815	0	38021	2914	2509	404	3357	1567	1684
June 2, 2009 3:30:00 PM UTC	1243978200000	45	28	yes	40.9	265.9	23386	20815	13326	5882	0	37967	2872	2623	249	3340	1771	1493
June 2, 2009 3:31:00 PM UTC	1243978260000	42	25	yes	40.7	266.0	23386	20815	13339	5813	0	38023	2915	2687	211	3325	1890	1396
June 2, 2009 3:32:00 PM UTC	1243978320000	39	24	yes	40.5	266.2	23386	20815	13323	5882	0	37970	2876	2708	163	3302	2039	1225
June 2, 2009 3:33:00 PM UTC	1243978380000	38	22	yes	40.3	266.4	23386	20815	13339	5812	0	38024	2921	2857	60	3287	2099	1168
June 2, 2009 3:34:00 PM UTC	1243978440000	36	23	yes	40.1	266.6	23386	20815	13323	5892	0	37960	2876	2859	17	3269	2135	1129
June 2, 2009 3:35:00 PM UTC	1243978500000	35	22	yes	39.9	266.7	23386	20815	13323	5892	0	37960	2873	2863	10	3255	2246	1004
June 2, 2009 3:36:00 PM UTC	1243978560000	33	23	yes	39.7	266.9	23386	20815	13340	5818	0	38017	2922	2902	20	3239	2248	990
June 2, 2009 3:37:00 PM UTC	1243978620000	32	23	yes	39.5	267.1	23386	20815	13325	5883	0	37967	2887	2873	14	3222	2316	823
June 2, 2009 3:38:00 PM UTC	1243978680000	31	24	yes	39.3	267.2	23386	20815	13338	5875	0	37962	2902	2865	37	3204	2299	781
June 2, 2009 3:39:00 PM UTC	1243978740000	29	27	yes	39.1	267.4	23386	20815	13322	5945	0	37908	2859	2840	19	3187	2281	785
June 2, 2009 3:40:00 PM UTC	1243978800000	29	25	yes	39.0	267.6	23386	20815	13336	5875	0	37964	2900	2812	88	3173	2286	811
June 2, 2009 3:41:00 PM UTC	1243978860000	28	24	yes	38.8	267.7	23386	20815	13321	5946	0	37908	2863	2802	61	3158	2310	840
June 2, 2009 3:42:00 PM UTC	1243978920000	27	26	yes	38.6	267.9	23386	20815	13321	5946	0	37908	2860	2824	36	3145	2230	907
June 2, 2009 3:43:00 PM UTC	1243978980000	27	28	yes	38.4	268.1	23386	20815	13335	5877	0	37963	2904	2903	1	3120	2271	849
June 2, 2009 3:44:00 PM UTC	1243979040000	26	33	yes	38.2	268.2	23386	20815	13321	5946	0	37908	2866	2866	0	3102	2254	848
June 2, 2009 3:45:00 PM UTC	1243979100000	27	36	yes	38.0	268.4	23386	20815	13339	5876	0	37960	2905	2905	0	3093	2285	808
June 2, 2009 3:46:00 PM UTC	1243979160000	27	38	yes	37.8	268.6	23386	20815	13321	5946	0	37908	2853	2853	0	3086	2409	677
June 2, 2009 3:47:00 PM UTC	1243979220000	26	41	yes	37.6	268.7	23386	20815	13339	5877	0	37959	2889	2889	0	3069	2396	673
June 2, 2009 3:48:00 PM UTC	1243979280000	26	42	yes	37.4	268.9	23386	20815	13321	5946	0	37908	2858	2858	0	3052	2541	511
June 2, 2009 3:49:00 PM UTC	1243979340000	26	43	yes	37.2	269.1	23386	20815	13321	5946	0	37908	2850	2850	0	3043	2469	573
June 2, 2009 3:50:00 PM UTC	1243979400000	25	45	yes	37.0	269.2	23386	20815	13340	5875	0	37960	2889	2889	0	3034	2339	695
June 2, 2009 3:51:00 PM UTC	1243979460000	25	45	yes	36.8	269.4	23386	20815	13322	5869	0	37984	2857	2857	0	3019	2422	597
June 2, 2009 3:52:00 PM UTC	1243979520000	24	41	yes	36.7	269.5	23386	20815	13340	5799	0	38036	2909	2907	2	3006	2409	597
June 2, 2009 3:53:00 PM UTC	1243979580000	24	44	yes	36.5	269.7	23386	20815	13340	5799	0	38036	2906	2906	0	2995	2312	683
June 2, 2009 3:54:00 PM UTC	1243979640000	23	38	yes	36.3	269.9	23386	20815	13340	5799	0	38036	2897	2897	0	2984	2262	722
June 2, 2009 3:55:00 PM UTC	1243979700000	23	34	yes	36.1	270.0	23386	20815	13340	5799	0	38036	2896	2896	0	2968	2257	688
June 2, 2009 3:56:00 PM UTC	1243979760000	22	32	yes	35.9	270.2	23386	20815	13322	5944	0	37909	2819	2819	0	2966	2194	769
June 2, 2009 3:57:00 PM UTC	1243979820000	22	31	yes	35.7	270.3	23386	20815	13340	5791	0	38044	2882	2882	0	2955	2186	765
June 2, 2009 3:58:00 PM UTC	1243979880000	23	31	yes	35.5	270.5	23386	20815	13322	5861	0	37992	2817	2815	2	2944	2264	680
June 2, 2009 3:59:00 PM UTC	1243979940000	22	32	yes	35.3	270.7	23386	20815	13322	5861	0	37992	2822	2822	0	2934	2238	696
June 2, 2009 4:00:00 PM UTC	1243980000000	22	34	yes	35.1	270.8	23386	20815	13340	5875	0	37960	2831	2830	1	2927	2234	690
June 2, 2009 4:01:00 PM UTC	1243980060000	22	33	yes	34.9	271.0	23386	20815	13321	5946	0	37908	2782	2782	0	2928	2240	627
June 2, 2009 4:02:00 PM UTC	1243980120000	22	32	yes	34.7	271.1	23386	20815	13339	5877	0	37959	2816	2816	0	2914	2248	623
June 2, 2009 4:03:00 PM UTC	1243980180000	21	34	yes	34.6	271.3	23386	20815	13321	5946	0	37908	2773	2773	0	2903	2315	588
June 2, 2009 4:04:00 PM UTC	1243980240000	22	36	yes	34.4	271.5	23386	20815	13321	5946	0	37908	2765	2765	0	2896	2271	619
June 2, 2009 4:05:00 PM UTC	1243980300000	21	36	yes	34.2	271.6	23386	20815	13339	5876	0	37960	2791	2791	0	2892	2251	641
June 2, 2009 4:06:00 PM UTC	1243980360000	21	35	yes	34.0	271.8	23386	20815	13321	5946	0	37908	2752	2752	0	2883	2274	593
June 2, 2009 4:07:00 PM UTC	1243980420000	21	34	yes	33.8	271.9	23386	20815	13335	5877	0	37963	2777	2777	0	2876	2311	564
June 2, 2009 4:08:00 PM UTC	1243980480000	21	36	yes	33.6	272.1	23386	20815	13321	5946	0	37908	2731	2731	0	2874	2280	594
June 2, 2009 4:09:00 PM UTC	1243980540000	22	37	yes	33.4	272.2	23386	20815	13321	5946	0	37908	2724	2724	0	2862	2487	374
June 2, 2009 4:10:00 PM UTC	1243980600000	23	39	yes	33.2	272.4	23386	20815	13336	5875	0	37964	2759	2759	0	2857	2591	266
June 2, 2009 4:11:00 PM UTC	1243980660000	23	47	yes	33.0	272.6	23386	20815	13322	5945	0	37908	2703	2703	0	2855	2697	158
June 2, 2009 4:12:00 PM UTC	1243980720000	24	48	yes	32.8	272.7	23386	20815	13338	5875	0	37962	2727	2727	0	2850	2652	198
June 2, 2009 4:13:00 PM UTC	1243980780000	24	45	yes	32.6	272.9	23386	20815	13341	5819	0	38015	2749	2749	0	2838	2634	204
June 2, 2009 4:14:00 PM UTC	1243980840000	24	40	yes	32.5	273.0	23386	20815	13324	5890	0	37961	2695	2695	0	2832	2655	177
June 2, 2009 4:15:00 PM UTC	1243980900000	25	40	yes	32.3	273.2	23386	20815	13340	5820	0	38015	2724	2724	0	2832	2682	150
June 2, 2009 4:16:00 PM UTC	1243980960000	24	41	yes	32.1	273.3	23386	20815	13323	5892	0	37960	2674	2674	0	2826	2653	173
June 2, 2009 4:17:00 PM UTC	1243981020000	23	41	yes	31.9	273.5	23386	20815	13323	5892	0	37960	2667	2667	0	2820	2639	181
June 2, 2009 4:18:00 PM UTC	1243981080000	24	41	yes	31.7	273.6	23386	20815	13339	5811	0	38025	2688	2688	0	2816	2582	234
June 2, 2009 4:19:00 PM UTC	1243981140000	24	45	yes	31.5	273.8	23386	20815	13323	5880	0	37972	2639	2639	0	2812	2628	184
June 2, 2009 4:20:00 PM UTC	1243981200000	25	43	yes	31.3	273.9	23386	20815	13339	5810	0	38026	2666	2664	2	2810	2681	129
June 2, 2009 4:21:00 PM UTC	1243981260000	26	45	yes	31.1	274.1	23386	20815	13326	5878	0	37971	2619	2617	2	2805	2682	123
June 2, 2009 4:22:00 PM UTC	1243981320000	27	42	yes	30.9	274.2	23386	20815	13326	5878	0	37971	2606	2606	0	2803	2675	128
June 2, 2009 4:23:00 PM UTC	1243981380000	28	38	yes	30.7	274.4	23386	20815	13339	5809	0	38027	2632	2632	0	2798	2694	104
June 2, 2009 4:24:00 PM UTC	1243981440000	28	34	yes	30.5	274.6	23386	20815	13321	5963	0	37891	2566	2566	0	2795	2665	130
June 2, 2009 4:25:00 PM UTC	1243981500000	29	29	yes	30.4	274.7	23386	20815	13337	5893	0	37945	2581	2581	0	2797	2708	89
June 2, 2009 4:26:00 PM UTC	1243981560000	30	27	yes	30.2	274.9	23386	20815	13337	5893	0	37945	2576	2576	0	2792	2727	65
June 2, 2009 4:27:00 PM UTC	1243981620000	31	24	yes	30.0	275.0	23386	20815	13321	5963	0	37891	2533	2533	0	2783	2753	30
June 2, 2009 4:28:00 PM UTC	1243981680000	32	21	yes	29.8	275.2	23386	20815	13338	5893	0	37944	2557	2557	0	2784	2759	25
June 2, 2009 4:29:00 PM UTC	1243981740000	34	19	yes	29.6	275.3	23386	20815	13321	5964	0	37890	2499	2499	0	2793	2785	8
June 2, 2009 4:30:00 PM UTC	1243981800000	37	21	yes	29.4	275.5	23386	20815	13321	5964	0	37890	2495	2495	0	2780	2780	0
June 2, 2009 4:31:00 PM UTC	1243981860000	39	23	yes	29.2	275.6	23386	20815	13337	5894	0	37944	2516	2516	0	2779	2779	0
June 2, 2009 4:32:00 PM UTC	1243981920000	41	23	yes	29.0	275.8	23386	20815	13321	5967	0	37887	2465	2465	0	2777	2777	0
June 2, 2009 4:33:00 PM UTC	1243981980000	44	23	yes	28.8	275.9	23386	20815	13336	5896	0	37943	2484	2484	0	2779	2779	0
June 2, 2009 4:34:00 PM UTC	1243982040000	47	24	yes	28.6	276.1	23386	20815	13336	5896	0	37943	2474	2474	0	2775	2775	0
June 2, 2009 4:35:00 PM UTC	1243982100000	50	23	yes	28.4	276.2	23386	20815	13323	5890	0	37962	2447	2391	56	2772	2769	3
June 2, 2009 4:36:00 PM UTC	1243982160000	53	23	no	28.3	276.4	23386	20815	13338	5846	0	37991	2469	2350	58	2770	2769	1
June 2, 2009 4:37:00 PM UTC	1243982220000	56	23	no	28.1	276.5	23386	20815	13322	5909	0	37944	2424	2336	0	2768	2768	0
June 2, 2009 4:38:00 PM UTC	1243982280000	61	24	no	27.9	276.7	23386	20815	13338	5838	0	37999	2439	2328	0	2776	2776	0
June 2, 2009 4:39:00 PM UTC	1243982340000	65	24	yes	27.7	276.8	23386	20815	13338	5838	0	37999	2425	2365	60	2771	2770	1
June 2, 2009 4:40:00 PM UTC	1243982400000	70	24	yes	27.5	277.0	23386	20815	13321	5913	0	37941	2377	2313	36	2769	2769	0
June 2, 2009 4:41:00 PM UTC	1243982460000	74	21	no	27.3	277.1	23386	20815	13336	5846	0	37993	2392	2268	0	2771	2771	0
June 2, 2009 4:42:00 PM UTC	1243982520000	79	19	no	27.1	277.3	23386	20815	13336	5846	0	37993	2378	2206	0	2775	2775	0
June 2, 2009 4:43:00 PM UTC	1243982580000	83	16	no	26.9	277.4	23386	20815	13320	5916	0	37939	2333	2251	0	2773	2773	0
June 2, 2009 4:44:00 PM UTC	1243982640000	87	13	no	26.7	277.6	23386	20815	13336	5845	0	37994	2353	2267	0	2776	2776	0
June 2, 2009 4:45:00 PM UTC	1243982700000	90	10	no	26.5	277.7	23386	20815	13336	5845	0	37994	2344	2271	0	2770	2770	0
June 2, 2009 4:46:00 PM UTC	1243982760000	94	6	no	26.4	277.8	23386	20815	13336	5844	0	37995	2326	2297	0	2769	2769	0
June 2, 2009 4:47:00 PM UTC	1243982820000	97	3	no	26.2	278.0	23386	20815	13336	5844	0	37995	2318	2295	0	2774	2774	0
June 2, 2009 4:48:00 PM UTC	1243982880000	100	0	no	26.0	278.1	23386	20815	13320	5917	0	37938	2263	2259	0	2772	2772	0
June 2, 2009 4:49:00 PM UTC	1243982940000	100	0	no	25.8	278.3	23386	20815	13336	5843	0	37996	2286	2286	0	2776	2776	0
June 2, 2009 4:50:00 PM UTC	1243983000000	100	0	no	25.6	278.4	23386	20815	13333	5853	0	37989	2263	2262	0	2785	2785	0
June 2, 2009 4:51:00 PM UTC	1243983060000	100	0	no	25.4	278.6	23386	20815	13315	6004	0	37856	2198	2198	0	2780	2780	0
June 2, 2009 4:52:00 PM UTC	1243983120000	100	0	no	25.2	278.7	23386	20815	13331	5936	0	37908	2221	2221	0	2783	2783	0
June 2, 2009 4:53:00 PM UTC	1243983180000	100	0	no	25.0	278.9	23386	20815	13331	5936	0	37908	2210	2210	0	2774	2774	0
June 2, 2009 4:54:00 PM UTC	1243983240000	100	0	no	24.8	279.0	23386	20815	13332	5933	0	37910	2188	2188	0	2785	2785	0
June 2, 2009 4:55:00 PM UTC	1243983300000	100	0	no	24.7	279.2	23386	20815	13332	5933	0	37910	2176	2173	0	2793	2793	0
June 2, 2009 4:56:00 PM UTC	1243983360000	100	0	no	24.5	279.3	23386	20815	13334	5863	0	37978	2180	2180	0	2789	2789	0
June 2, 2009 4:57:00 PM UTC	1243983420000	100	0	no	24.3	279.5	23386	20815	13333	5859	0	37983	2159	2159	0	2794	2794	0
June 2, 2009 4:58:00 PM UTC	1243983480000	100	0	no	24.1	279.6	23386	20815	13333	5859	0	37983	2148	2148	0	2804	2804	0
June 2, 2009 4:59:00 PM UTC	1243983540000	100	0	no	23.9	279.8	23386	20815	13333	5859	0	37983	2134	2134	0	2790	2790	0
June 2, 2009 5:00:00 PM UTC	1243983600000	100	0	no	23.7	279.9	23386	20815	13330	5871	0	37974	2117	2117	0	2804	2804	0
June 2, 2009 5:01:00 PM UTC	1243983660000	100	0	no	23.5	280.1	23386	20815	13330	5899	0	37946	2097	2096	0	2806	2806	0
June 2, 2009 5:02:00 PM UTC	1243983720000	100	0	no	23.3	280.2	23386	20815	13315	5968	0	37892	2047	2047	0	2811	2811	0
June 2, 2009 5:03:00 PM UTC	1243983780000	100	0	no	23.1	280.3	23386	20815	13330	5898	0	37947	2069	2069	0	2811	2811	0
June 2, 2009 5:04:00 PM UTC	1243983840000	100	0	no	23.0	280.5	23386	20815	13330	5898	0	37947	2050	2050	0	2816	2816	0
June 2, 2009 5:05:00 PM UTC	1243983900000	100	0	no	22.8	280.6	23386	20815	13330	5897	0	37948	2042	2042	0	2815	2815	0
June 2, 2009 5:06:00 PM UTC	1243983960000	100	0	no	22.6	280.8	23386	20815	13333	5884	0	37958	2024	2024	0	2826	2826	0
June 2, 2009 5:07:00 PM UTC	1243984020000	100	0	no	22.4	280.9	23386	20815	13333	5884	0	37958	2011	2011	0	2833	2833	0
June 2, 2009 5:08:00 PM UTC	1243984080000	100	0	no	22.2	281.1	23386	20815	13333	5884	0	37958	1999	1999	0	2831	2831	0
June 2, 2009 5:09:00 PM UTC	1243984140000	100	0	no	22.0	281.2	23386	20815	13330	5897	0	37948	1976	1976	0	2837	2837	0
June 2, 2009 5:10:00 PM UTC	1243984200000	100	0	no	21.8	281.4	23386	20815	13330	5897	0	37948	1962	1962	0	2843	2843	0
June 2, 2009 5:11:00 PM UTC	1243984260000	100	0	no	21.6	281.5	23386	20815	13330	5896	0	37949	1944	1930	0	2849	2849	0
June 2, 2009 5:12:00 PM UTC	1243984320000	100	0	no	21.5	281.7	23386	20815	13330	5896	0	37949	1936	1907	0	2851	2851	0
June 2, 2009 5:13:00 PM UTC	1243984380000	100	0	no	21.3	281.8	23386	20815	13344	5826	0	38005	1943	1938	0	2861	2861	0
June 2, 2009 5:14:00 PM UTC	1243984440000	100	0	no	21.1	282.0	23386	20815	13331	5895	0	37949	1901	1901	0	2861	2861	0
June 2, 2009 5:15:00 PM UTC	1243984500000	100	0	no	20.9	282.1	23386	20815	13331	5894	0	37950	1880	1880	0	2869	2869	0
June 2, 2009 5:16:00 PM UTC	1243984560000	100	0	no	20.7	282.2	23386	20815	13347	5825	0	38003	1894	1894	0	2877	2877	0
June 2, 2009 5:17:00 PM UTC	1243984620000	100	0	no	20.5	282.4	23386	20815	13330	5837	0	38008	1857	1856	0	2884	2884	0
June 2, 2009 5:18:00 PM UTC	1243984680000	100	0	no	20.3	282.5	23386	20815	13330	5837	0	38008	1843	1843	0	2887	2887	0
June 2, 2009 5:19:00 PM UTC	1243984740000	100	0	no	20.1	282.7	23386	20815	13345	5769	0	38061	1861	1842	0	2891	2891	0
June 2, 2009 5:20:00 PM UTC	1243984800000	100	0	no	20.0	282.8	23386	20815	13331	5828	0	38016	1815	1806	0	2899	2899	0
June 2, 2009 5:21:00 PM UTC	1243984860000	100	0	no	19.8	283.0	23386	20815	13331	5828	0	38016	1799	1796	0	2906	2906	0
June 2, 2009 5:22:00 PM UTC	1243984920000	100	0	no	19.6	283.1	23386	20815	13329	5842	0	38004	1783	1783	0	2909	2909	0
June 2, 2009 5:23:00 PM UTC	1243984980000	100	0	no	19.4	283.3	23386	20815	13328	5917	0	37930	1761	1761	0	2915	2915	0
June 2, 2009 5:24:00 PM UTC	1243985040000	100	0	no	19.2	283.4	23386	20815	13343	5849	0	37983	1768	1763	0	2925	2925	0
June 2, 2009 5:25:00 PM UTC	1243985100000	100	0	no	19.0	283.6	23386	20815	13324	5932	0	37919	1715	1706	0	2934	2934	0
June 2, 2009 5:26:00 PM UTC	1243985160000	100	0	no	18.8	283.7	23386	20815	13324	5932	0	37919	1705	1680	0	2937	2937	0
June 2, 2009 5:27:00 PM UTC	1243985220000	100	0	no	18.7	283.8	23386	20815	13338	5865	1	37971	1717	1674	0	2943	2943	0
June 2, 2009 5:28:00 PM UTC	1243985280000	100	0	no	18.5	284.0	23386	20815	13323	5932	1	37919	1673	1635	0	2957	2957	0
June 2, 2009 5:29:00 PM UTC	1243985340000	100	0	no	18.3	284.1	23386	20815	13322	5966	4	37883	1656	1578	0	2965	2965	0
June 2, 2009 5:30:00 PM UTC	1243985400000	100	0	no	18.1	284.3	23386	20815	13338	5898	25	37914	1671	1517	0	2964	2949	0
June 2, 2009 5:31:00 PM UTC	1243985460000	99	0	no	17.9	284.4	23386	20815	13322	5966	4	37883	1622	1499	0	2980	2921	0
June 2, 2009 5:32:00 PM UTC	1243985520000	99	0	no	17.7	284.6	23386	20815	13322	5966	29	37858	1610	1494	0	2984	2940	0
June 2, 2009 5:33:00 PM UTC	1243985580000	99	0	no	17.5	284.7	23386	20815	13336	5895	31	37913	1622	1420	0	2992	2943	0
June 2, 2009 5:34:00 PM UTC	1243985640000	98	1	no	17.4	284.9	23386	20815	13322	5967	41	37845	1577	1307	0	3002	2816	7
June 2, 2009 5:35:00 PM UTC	1243985700000	98	1	no	17.2	285.0	23386	20815	13338	5900	50	37887	1589	1370	0	3009	2857	6
June 2, 2009 5:36:00 PM UTC	1243985760000	97	2	no	17.0	285.2	23386	20815	13338	5900	43	37894	1567	1356	1	3021	2848	5
June 2, 2009 5:37:00 PM UTC	1243985820000	96	2	no	16.8	285.3	23386	20815	13326	5898	32	37919	1541	1237	9	3025	2837	6
June 2, 2009 5:38:00 PM UTC	1243985880000	95	2	no	16.6	285.4	23386	20815	13341	5830	13	37991	1548	1367	0	3037	2603	23
June 2, 2009 5:39:00 PM UTC	1243985940000	95	3	no	16.4	285.6	23386	20815	13336	5848	7	37984	1526	1338	0	3047	2866	15
June 2, 2009 5:40:00 PM UTC	1243986000000	92	4	no	16.3	285.7	23386	20815	13321	5914	0	37940	1493	1326	0	3054	2748	20
June 2, 2009 5:41:00 PM UTC	1243986060000	89	5	no	16.1	285.9	23386	20815	13337	5847	0	37991	1498	1443	0	3066	2779	8
June 2, 2009 5:42:00 PM UTC	1243986120000	91	4	no	15.9	286.0	23386	20815	13337	5847	0	37991	1484	1460	0	3076	2994	18
June 2, 2009 5:43:00 PM UTC	1243986180000	88	5	no	15.7	286.2	23386	20815	13322	5912	0	37941	1444	1434	0	3086	2858	1
June 2, 2009 5:44:00 PM UTC	1243986240000	87	5	no	15.5	286.3	23386	20815	13336	5847	0	37992	1447	1435	0	3095	2871	0
June 2, 2009 5:45:00 PM UTC	1243986300000	86	4	no	15.3	286.5	23386	20815	13336	5847	0	37992	1434	1433	0	3104	2826	0
June 2, 2009 5:46:00 PM UTC	1243986360000	86	1	no	15.2	286.6	23386	20815	13331	5866	0	37978	1413	1413	0	3116	2917	0
June 2, 2009 5:47:00 PM UTC	1243986420000	84	0	no	15.0	286.8	23386	20815	13331	5866	0	37978	1401	1401	0	3125	2936	0
June 2, 2009 5:48:00 PM UTC	1243986480000	87	0	no	14.8	286.9	23386	20815	13331	5866	0	37978	1386	1383	0	3140	2997	0
June 2, 2009 5:49:00 PM UTC	1243986540000	83	0	no	14.6	287.1	23386	20815	13335	5846	0	37994	1376	1352	0	3146	2925	0
June 2, 2009 5:50:00 PM UTC	1243986600000	85	2	no	14.4	287.2	23386	20815	13335	5846	0	37994	1359	1338	0	3158	2957	0
June 2, 2009 5:51:00 PM UTC	1243986660000	84	4	no	14.2	287.3	23386	20815	13335	5846	0	37994	1346	1326	0	3170	2796	0
June 2, 2009 5:52:00 PM UTC	1243986720000	85	5	no	14.1	287.5	23386	20815	13330	5866	0	37979	1314	1298	0	3190	2581	0
June 2, 2009 5:53:00 PM UTC	1243986780000	81	9	no	13.9	287.6	23386	20815	13330	5866	0	37979	1304	1287	0	3199	2628	0
June 2, 2009 5:54:00 PM UTC	1243986840000	80	10	no	13.7	287.8	23386	20815	13344	5799	0	38032	1309	1269	0	3212	2566	0
June 2, 2009 5:55:00 PM UTC	1243986900000	79	10	no	13.5	287.9	23386	20815	13330	5865	0	37980	1276	1253	0	3222	2650	0
June 2, 2009 5:56:00 PM UTC	1243986960000	74	12	no	13.3	288.1	23386	20815	13333	5803	0	38039	1270	1244	0	3234	2434	0
June 2, 2009 5:57:00 PM UTC	1243987020000	76	12	no	13.1	288.2	23386	20815	13348	5738	0	38089	1273	1257	0	3249	2744	0
June 2, 2009 5:58:00 PM UTC	1243987080000	72	11	no	13.0	288.4	23386	20815	13328	5824	0	38023	1231	1217	0	3260	2878	0
June 2, 2009 5:59:00 PM UTC	1243987140000	76	7	no	12.8	288.5	23386	20815	13328	5824	0	38023	1215	1210	0	3276	2836	0
June 2, 2009 6:00:00 PM UTC	1243987200000	79	3	no	12.6	288.7	23386	20815	13343	5878	0	37954	1212	1212	0	3287	2888	0
June 2, 2009 6:01:00 PM UTC	1243987260000	84	1	no	12.4	288.8	23386	20815	13326	5944	0	37905	1175	1175	0	3306	3231	0
June 2, 2009 6:02:00 PM UTC	1243987320000	85	0	no	12.2	289.0	23386	20815	13331	5922	0	37922	1167	1167	0	3321	3308	0
June 2, 2009 6:03:00 PM UTC	1243987380000	92	0	no	12.1	289.1	23386	20815	13343	5852	0	37980	1170	1170	0	3336	3335	0
June 2, 2009 6:04:00 PM UTC	1243987440000	92	0	no	11.9	289.3	23386	20815	13325	5943	0	37907	1132	1132	0	3347	3347	0
June 2, 2009 6:05:00 PM UTC	1243987500000	90	0	no	11.7	289.4	23386	20815	13342	5877	0	37956	1134	1134	0	3364	3363	0
June 2, 2009 6:06:00 PM UTC	1243987560000	87	0	no	11.5	289.6	23386	20815	13325	5943	0	37907	1101	1101	0	3377	3377	0
June 2, 2009 6:07:00 PM UTC	1243987620000	86	0	no	11.3	289.7	23386	20815	13325	5943	0	37907	1090	1090	0	3387	3372	0
June 2, 2009 6:08:00 PM UTC	1243987680000	83	4	no	11.2	289.8	23386	20815	13338	5877	0	37960	1093	1093	0	3406	3291	0
June 2, 2009 6:09:00 PM UTC	1243987740000	81	7	no	11.0	290.0	23386	20815	13325	5952	0	37898	1060	1060	0	3417	3125	0
June 2, 2009 6:10:00 PM UTC	1243987800000	73	12	no	10.8	290.1	23386	20815	13319	5975	0	37881	1036	1034	0	3433	2892	0
June 2, 2009 6:11:00 PM UTC	1243987860000	72	14	no	10.6	290.3	23386	20815	13333	5911	0	37931	1041	1039	0	3445	2625	0
June 2, 2009 6:12:00 PM UTC	1243987920000	71	17	no	10.4	290.4	23386	20815	13319	5975	0	37881	1008	1007	0	3460	2773	0
June 2, 2009 6:13:00 PM UTC	1243987980000	72	16	no	10.3	290.6	23386	20815	13319	5975	0	37881	993	992	0	3478	2929	0
June 2, 2009 6:14:00 PM UTC	1243988040000	75	14	no	10.1	290.7	23386	20815	13339	5884	0	37952	1004	1004	0	3494	2910	0
June 2, 2009 6:15:00 PM UTC	1243988100000	76	14	no	9.9	290.9	23386	20815	13327	5884	0	37964	979	978	0	3506	3106	0
June 2, 2009 6:16:00 PM UTC	1243988160000	75	11	no	9.7	291.0	23386	20815	13335	5844	0	37996	973	973	0	3524	3357	0
June 2, 2009 6:17:00 PM UTC	1243988220000	78	5	no	9.5	291.2	23386	20815	13335	5844	0	37996	956	956	0	3541	3398	0
June 2, 2009 6:18:00 PM UTC	1243988280000	83	0	no	9.4	291.3	23386	20815	13321	5909	0	37945	927	927	0	3550	3456	0
June 2, 2009 6:19:00 PM UTC	1243988340000	80	0	no	9.2	291.5	23386	20815	13335	5844	0	37996	926	926	0	3576	3498	0
June 2, 2009 6:20:00 PM UTC	1243988400000	80	0	no	9.0	291.6	23386	20815	13335	5844	0	37996	916	916	0	3584	3518	0
June 2, 2009 6:21:00 PM UTC	1243988460000	78	1	no	8.8	291.8	23386	20815	13316	5931	0	37928	874	874	0	3598	3304	0
June 2, 2009 6:22:00 PM UTC	1243988520000	71	7	no	8.7	291.9	23386	20815	13330	5868	0	37977	882	882	0	3608	2852	0
June 2, 2009 6:23:00 PM UTC	1243988580000	75	9	no	8.5	292.1	23386	20815	13330	5868	0	37977	867	867	0	3624	2989	0
June 2, 2009 6:24:00 PM UTC	1243988640000	72	8	no	8.3	292.2	23386	20815	13321	5905	0	37949	845	845	0	3633	2739	0
June 2, 2009 6:25:00 PM UTC	1243988700000	74	4	no	8.1	292.4	23386	20815	13335	5840	0	38000	846	845	0	3651	2767	0
June 2, 2009 6:26:00 PM UTC	1243988760000	77	3	no	7.9	292.5	23386	20815	13328	5879	2	37966	824	788	0	3665	2498	137
June 2, 2009 6:27:00 PM UTC	1243988820000	73	3	no	7.8	292.7	23386	20815	13328	5878	41	37928	813	476	0	3676	2233	225
June 2, 2009 6:28:00 PM UTC	1243988880000	69	6	no	7.6	292.8	23386	20815	13328	5878	50	37919	796	429	0	3694	2038	188
June 2, 2009 6:29:00 PM UTC	1243988940000	57	19	no	7.4	293.0	23386	20815	13328	5878	50	37919	786	405	0	3702	1944	38
June 2, 2009 6:30:00 PM UTC	1243989000000	54	28	no	7.2	293.1	23386	20815	13328	5877	68	37902	768	329	0	3719	1686	4
June 2, 2009 6:31:00 PM UTC	1243989060000	54	30	no	7.1	293.3	23386	20815	13321	5908	69	37877	754	248	0	3726	1267	31
June 2, 2009 6:32:00 PM UTC	1243989120000	50	36	no	6.9	293.4	23386	20815	13321	5908	76	37870	738	213	0	3743	1147	287
June 2, 2009 6:33:00 PM UTC	1243989180000	46	42	no	6.7	293.6	23386	20815	13345	5751	71	38008	752	166	0	3762	965	728
June 2, 2009 6:34:00 PM UTC	1243989240000	48	40	no	6.5	293.7	23386	20815	13329	5817	29	38000	721	329	0	3773	1204	561
June 2, 2009 6:35:00 PM UTC	1243989300000	45	39	no	6.4	293.9	23386	20815	13345	5794	1	38035	721	339	0	3791	1109	297
June 2, 2009 6:36:00 PM UTC	1243989360000	47	31	no	6.2	294.1	23386	20815	13338	5821	0	38016	705	428	0	3799	1071	96
June 2, 2009 6:37:00 PM UTC	1243989420000	48	28	no	6.0	294.2	23386	20815	13324	5885	4	37962	676	360	0	3807	844	44
June 2, 2009 6:38:00 PM UTC	1243989480000	42	27	no	5.8	294.4	23386	20815	13337	5822	45	37971	679	184	0	3824	797	41
June 2, 2009 6:39:00 PM UTC	1243989540000	36	27	no	5.7	294.5	23386	20815	13337	5822	77	37939	662	71	0	3841	536	57
June 2, 2009 6:40:00 PM UTC	1243989600000	29	25	no	5.5	294.7	23386	20815	13324	5884	87	37880	638	37	0	3845	447	43
June 2, 2009 6:41:00 PM UTC	1243989660000	21	23	no	5.3	294.8	23386	20815	13338	5820	90	37927	633	41	0	3869	285	92
June 2, 2009 6:42:00 PM UTC	1243989720000	14	20	no	5.1	295.0	23386	20815	13336	5836	91	37912	626	45	0	3874	221	50
June 2, 2009 6:43:00 PM UTC	1243989780000	12	15	no	5.0	295.1	23386	20815	13322	5899	90	37864	600	51	0	3881	249	69
June 2, 2009 6:44:00 PM UTC	1243989840000	12	10	no	4.8	295.3	23386	20815	13338	5836	93	37908	603	72	0	3896	162	37
June 2, 2009 6:45:00 PM UTC	1243989900000	10	6	no	4.6	295.4	23386	20815	13336	5910	77	37852	585	106	0	3908	120	19
June 2, 2009 6:46:00 PM UTC	1243989960000	10	5	no	4.5	295.6	23386	20815	13326	5941	72	37836	570	161	0	3914	226	43
June 2, 2009 6:47:00 PM UTC	1243990020000	6	2	no	4.3	295.7	23386	20815	13326	5941	72	37836	557	158	0	3930	152	1
June 2, 2009 6:48:00 PM UTC	1243990080000	6	1	no	4.1	295.9	23386	20815	13326	5941	82	37826	546	146	0	3937	192	7
June 2, 2009 6:49:00 PM UTC	1243990140000	4	1	no	3.9	296.1	23386	20815	13335	5902	78	37860	540	131	0	3953	131	10
June 2, 2009 6:50:00 PM UTC	1243990200000	4	1	no	3.8	296.2	23386	20815	13330	5884	63	37898	525	180	0	3965	179	0
June 2, 2009 6:51:00 PM UTC	1243990260000	4	1	no	3.6	296.4	23386	20815	13330	5884	48	37913	514	242	0	3978	252	0
June 2, 2009 6:52:00 PM UTC	1243990320000	5	0	no	3.4	296.5	23386	20815	13330	5881	13	37951	501	365	0	3990	273	0
June 2, 2009 6:53:00 PM UTC	1243990380000	4	0	no	3.3	296.7	23386	20815	13330	5881	4	37960	489	406	0	4002	278	0
June 2, 2009 6:54:00 PM UTC	1243990440000	4	0	no	3.1	296.8	23386	20815	13346	5819	5	38005	483	440	0	4022	307	0
