January 5, 2008 7:40:00 AM UTC	1199540400000	1	1	no	3.1	123.3	23392	20809	13326	5891	106	37852	480	148	0	4006	82	0
January 5, 2008 7:41:00 AM UTC	1199540460000	1	1	no	3.3	123.5	23392	20809	13326	5891	112	37846	486	134	0	4003	71	0
January 5, 2008 7:42:00 AM UTC	1199540520000	1	1	no	3.4	123.7	23392	20809	13326	5891	106	37852	500	130	0	3985	76	0
January 5, 2008 7:43:00 AM UTC	1199540580000	1	1	no	3.6	123.8	23392	20809	13327	5836	104	37908	513	121	0	3976	58	0
January 5, 2008 7:44:00 AM UTC	1199540640000	1	1	no	3.8	124.0	23392	20809	13327	5836	105	37907	527	99	0	3970	54	0
January 5, 2008 7:45:00 AM UTC	1199540700000	1	3	no	3.9	124.2	23392	20809	13341	5775	101	37958	550	118	0	3961	71	0
January 5, 2008 7:46:00 AM UTC	1199540760000	1	4	no	4.1	124.3	23392	20809	13318	5868	66	37923	539	151	0	3933	88	0
January 5, 2008 7:47:00 AM UTC	1199540820000	1	6	no	4.2	124.5	23392	20809	13318	5868	67	37922	550	178	0	3938	117	0
January 5, 2008 7:48:00 AM UTC	1199540880000	2	10	no	4.4	124.7	23392	20809	13336	5803	44	37992	573	253	0	3930	172	0
January 5, 2008 7:49:00 AM UTC	1199540940000	2	7	no	4.6	124.8	23392	20809	13336	5803	19	38017	585	287	0	3910	157	0
January 5, 2008 7:50:00 AM UTC	1199541000000	2	7	no	4.7	125.0	23392	20809	13316	5903	11	37945	577	300	0	3911	148	0
January 5, 2008 7:51:00 AM UTC	1199541060000	2	4	no	4.9	125.2	23392	20809	13331	5844	15	37985	604	268	0	3894	119	0
January 5, 2008 7:52:00 AM UTC	1199541120000	1	10	no	5.0	125.4	23392	20809	13331	5844	43	37957	614	176	0	3876	63	0
January 5, 2008 7:53:00 AM UTC	1199541180000	1	6	no	5.2	125.5	23392	20809	13331	5844	63	37937	630	111	0	3863	43	0
January 5, 2008 7:54:00 AM UTC	1199541240000	1	7	no	5.3	125.7	23392	20809	13331	5844	65	37935	639	129	0	3861	52	0
January 5, 2008 7:55:00 AM UTC	1199541300000	1	6	no	5.5	125.9	23392	20809	13331	5844	62	37938	647	119	0	3849	45	0
January 5, 2008 7:56:00 AM UTC	1199541360000	2	12	no	5.6	126.0	23392	20809	13321	5885	61	37908	651	105	0	3832	34	0
January 5, 2008 7:57:00 AM UTC	1199541420000	2	20	no	5.8	126.2	23392	20809	13330	5844	64	37937	671	109	0	3829	39	1
January 5, 2008 7:58:00 AM UTC	1199541480000	6	44	no	6.0	126.4	23392	20809	13332	5785	56	38002	689	130	0	3811	41	34
January 5, 2008 7:59:00 AM UTC	1199541540000	16	46	no	6.1	126.6	23392	20809	13333	5786	60	37996	698	120	0	3801	47	135
January 5, 2008 8:00:00 AM UTC	1199541600000	19	51	no	6.3	126.7	23392	20809	13323	5826	58	37968	701	119	0	3787	102	309
January 5, 2008 8:01:00 AM UTC	1199541660000	36	47	no	6.4	126.9	23392	20809	13334	5800	62	37979	721	121	0	3778	288	446
January 5, 2008 8:02:00 AM UTC	1199541720000	50	38	no	6.6	127.1	23392	20809	13332	5810	57	37976	729	137	0	3767	581	573
January 5, 2008 8:03:00 AM UTC	1199541780000	68	24	no	6.7	127.3	23392	20809	13323	5850	57	37945	732	136	0	3751	1450	317
January 5, 2008 8:04:00 AM UTC	1199541840000	82	13	no	6.9	127.4	23392	20809	13334	5800	31	38010	756	216	0	3744	2294	228
January 5, 2008 8:05:00 AM UTC	1199541900000	90	8	no	7.0	127.6	23392	20809	13321	5856	5	37993	756	438	0	3731	2961	134
January 5, 2008 8:06:00 AM UTC	1199541960000	92	6	no	7.2	127.8	23392	20809	13334	5800	6	38035	776	490	0	3724	3294	24
January 5, 2008 8:07:00 AM UTC	1199542020000	92	7	no	7.3	128.0	23392	20809	13334	5800	0	38041	791	553	0	3709	3483	1
January 5, 2008 8:08:00 AM UTC	1199542080000	96	3	no	7.5	128.1	23392	20809	13323	5857	0	37995	790	657	0	3696	3612	0
January 5, 2008 8:09:00 AM UTC	1199542140000	98	1	no	7.6	128.3	23392	20809	13324	5842	0	38009	809	691	0	3679	3633	0
January 5, 2008 8:10:00 AM UTC	1199542200000	99	1	no	7.8	128.5	23392	20809	13333	5865	0	37977	824	727	0	3671	3656	0
January 5, 2008 8:11:00 AM UTC	1199542260000	99	0	no	7.9	128.7	23392	20809	13333	5865	0	37977	832	665	0	3664	3647	0
January 5, 2008 8:12:00 AM UTC	1199542320000	100	0	no	8.1	128.8	23392	20809	13326	5858	0	37991	839	757	0	3649	3648	0
January 5, 2008 8:13:00 AM UTC	1199542380000	100	0	no	8.2	129.0	23392	20809	13326	5858	0	37991	849	756	0	3641	3636	0
January 5, 2008 8:14:00 AM UTC	1199542440000	100	0	no	8.4	129.2	23392	20809	13347	5759	0	38069	886	862	0	3633	3617	0
January 5, 2008 8:15:00 AM UTC	1199542500000	100	0	no	8.5	129.4	23392	20809	13324	5893	0	37958	867	772	0	3617	3612	0
January 5, 2008 8:16:00 AM UTC	1199542560000	100	0	no	8.7	129.6	23392	20809	13324	5893	0	37958	885	794	0	3599	3592	0
January 5, 2008 8:17:00 AM UTC	1199542620000	100	0	no	8.8	129.7	23392	20809	13336	5838	0	38001	908	747	0	3591	3582	0
January 5, 2008 8:18:00 AM UTC	1199542680000	100	0	no	9.0	129.9	23392	20809	13324	5893	0	37958	907	786	0	3577	3570	0
January 5, 2008 8:19:00 AM UTC	1199542740000	100	0	no	9.1	130.1	23392	20809	13335	5839	0	38001	928	875	0	3573	3572	0
January 5, 2008 8:20:00 AM UTC	1199542800000	100	0	no	9.3	130.3	23392	20809	13335	5839	0	38001	941	924	0	3559	3557	0
January 5, 2008 8:21:00 AM UTC	1199542860000	100	0	no	9.4	130.5	23392	20809	13314	5936	0	37925	929	848	0	3541	3541	0
January 5, 2008 8:22:00 AM UTC	1199542920000	100	0	no	9.5	130.6	23392	20809	13337	5829	1	38008	963	800	0	3541	3519	0
January 5, 2008 8:23:00 AM UTC	1199542980000	100	0	no	9.7	130.8	23392	20809	13337	5829	4	38005	980	834	0	3522	3516	0
January 5, 2008 8:24:00 AM UTC	1199543040000	100	0	no	9.8	131.0	23392	20809	13315	5928	3	37929	963	782	0	3510	3504	0
January 5, 2008 8:25:00 AM UTC	1199543100000	100	0	no	10.0	131.2	23392	20809	13328	5831	0	38016	994	850	0	3499	3495	0
January 5, 2008 8:26:00 AM UTC	1199543160000	100	0	no	10.1	131.4	23392	20809	13328	5832	0	38015	1002	973	0	3490	3490	0
January 5, 2008 8:27:00 AM UTC	1199543220000	100	0	no	10.3	131.6	23392	20809	13341	5779	0	38055	1030	1030	0	3476	3476	0
January 5, 2008 8:28:00 AM UTC	1199543280000	100	0	no	10.4	131.7	23392	20809	13327	5874	0	37974	1025	1014	0	3462	3462	0
January 5, 2008 8:29:00 AM UTC	1199543340000	100	0	no	10.6	131.9	23392	20809	13327	5874	0	37974	1031	1031	0	3457	3457	0
January 5, 2008 8:30:00 AM UTC	1199543400000	100	0	no	10.7	132.1	23392	20809	13339	5820	0	38016	1057	1057	0	3447	3447	0
January 5, 2008 8:31:00 AM UTC	1199543460000	100	0	no	10.8	132.3	23392	20809	13327	5873	0	37975	1053	1053	0	3434	3434	0
January 5, 2008 8:32:00 AM UTC	1199543520000	100	0	no	11.0	132.5	23392	20809	13316	5918	0	37941	1058	1058	0	3420	3420	0
January 5, 2008 8:33:00 AM UTC	1199543580000	100	0	no	11.1	132.7	23392	20809	13339	5821	0	38015	1089	1089	0	3414	3414	0
January 5, 2008 8:34:00 AM UTC	1199543640000	100	0	no	11.3	132.8	23392	20809	13327	5872	0	37976	1092	1092	0	3398	3398	0
January 5, 2008 8:35:00 AM UTC	1199543700000	100	0	no	11.4	133.0	23392	20809	13329	5866	0	37980	1104	1104	0	3386	3386	0
January 5, 2008 8:36:00 AM UTC	1199543760000	100	0	no	11.5	133.2	23392	20809	13339	5816	0	38020	1132	1132	0	3373	3373	0
January 5, 2008 8:37:00 AM UTC	1199543820000	100	0	no	11.7	133.4	23392	20809	13317	5917	0	37941	1107	1107	0	3364	3364	0
January 5, 2008 8:38:00 AM UTC	1199543880000	100	0	no	11.8	133.6	23392	20809	13327	5871	0	37977	1135	1135	0	3351	3351	0
January 5, 2008 8:39:00 AM UTC	1199543940000	100	0	no	12.0	133.8	23392	20809	13329	5819	0	38027	1158	1158	0	3337	3337	0
January 5, 2008 8:40:00 AM UTC	1199544000000	100	0	no	12.1	134.0	23392	20809	13340	5817	0	38018	1172	1163	0	3330	3330	0
January 5, 2008 8:41:00 AM UTC	1199544060000	100	0	no	12.2	134.2	23392	20809	13329	5870	0	37976	1169	1141	0	3316	3316	0
January 5, 2008 8:42:00 AM UTC	1199544120000	100	0	no	12.4	134.4	23392	20809	13319	5915	1	37940	1168	1152	0	3305	3305	0
January 5, 2008 8:43:00 AM UTC	1199544180000	100	0	no	12.5	134.5	23392	20809	13338	5821	1	38015	1214	1189	0	3292	3292	0
January 5, 2008 8:44:00 AM UTC	1199544240000	100	0	no	12.6	134.7	23392	20809	13328	5870	3	37974	1205	1169	0	3285	3285	0
January 5, 2008 8:45:00 AM UTC	1199544300000	100	0	no	12.8	134.9	23392	20809	13316	5917	1	37941	1200	1178	0	3276	3276	0
January 5, 2008 8:46:00 AM UTC	1199544360000	100	0	no	12.9	135.1	23392	20809	13341	5819	14	38001	1241	1179	0	3264	3264	0
January 5, 2008 8:47:00 AM UTC	1199544420000	100	0	no	13.0	135.3	23392	20809	13328	5869	12	37966	1240	1187	0	3254	3254	0
January 5, 2008 8:48:00 AM UTC	1199544480000	100	0	no	13.2	135.5	23392	20809	13329	5928	12	37906	1246	1208	0	3243	3243	0
January 5, 2008 8:49:00 AM UTC	1199544540000	100	0	no	13.3	135.7	23392	20809	13341	5880	29	37925	1271	1204	0	3244	3244	0
January 5, 2008 8:50:00 AM UTC	1199544600000	100	0	no	13.4	135.9	23392	20809	13328	5928	0	37919	1274	1257	0	3227	3227	0
January 5, 2008 8:51:00 AM UTC	1199544660000	100	0	no	13.6	136.1	23392	20809	13328	5884	10	37953	1282	1220	0	3216	3216	0
January 5, 2008 8:52:00 AM UTC	1199544720000	100	0	no	13.7	136.3	23392	20809	13315	5983	31	37846	1275	1202	0	3207	3207	0
January 5, 2008 8:53:00 AM UTC	1199544780000	100	0	no	13.8	136.5	23392	20809	13328	5934	39	37874	1301	1206	0	3203	3203	0
January 5, 2008 8:54:00 AM UTC	1199544840000	97	3	no	14.0	136.7	23392	20809	13329	5933	78	37835	1312	1231	0	3188	3188	0
January 5, 2008 8:55:00 AM UTC	1199544900000	95	5	no	14.1	136.9	23392	20809	13316	5983	74	37802	1304	1203	0	3181	3181	0
January 5, 2008 8:56:00 AM UTC	1199544960000	94	6	no	14.2	137.1	23392	20809	13341	5887	80	37867	1344	1264	0	3170	3170	0
January 5, 2008 8:57:00 AM UTC	1199545020000	99	1	no	14.4	137.3	23392	20809	13316	5919	88	37852	1331	1243	0	3166	3166	0
January 5, 2008 8:58:00 AM UTC	1199545080000	97	3	no	14.5	137.5	23392	20809	13316	5919	75	37865	1340	1264	0	3156	3156	0
January 5, 2008 8:59:00 AM UTC	1199545140000	96	4	no	14.6	137.7	23392	20809	13338	5822	81	37934	1387	1306	0	3146	3146	0
January 5, 2008 9:00:00 AM UTC	1199545200000	90	10	no	14.8	137.8	23392	20809	13328	5872	77	37898	1378	1293	0	3140	3140	0
January 5, 2008 9:01:00 AM UTC	1199545260000	91	9	no	14.9	138.0	23392	20809	13328	5872	81	37894	1390	1300	0	3131	3131	0
January 5, 2008 9:02:00 AM UTC	1199545320000	95	5	no	15.0	138.2	23392	20809	13328	5872	80	37895	1399	1319	0	3127	3127	0
January 5, 2008 9:03:00 AM UTC	1199545380000	88	12	no	15.1	138.4	23392	20809	13328	5872	78	37897	1417	1337	0	3114	3114	0
January 5, 2008 9:04:00 AM UTC	1199545440000	79	21	no	15.3	138.6	23392	20809	13326	5886	80	37883	1424	1292	0	3108	3108	0
January 5, 2008 9:05:00 AM UTC	1199545500000	81	19	no	15.4	138.8	23392	20809	13326	5886	73	37890	1434	1178	0	3101	3101	0
January 5, 2008 9:06:00 AM UTC	1199545560000	72	27	no	15.5	139.0	23392	20809	13326	5886	68	37895	1439	1188	0	3100	3100	0
January 5, 2008 9:07:00 AM UTC	1199545620000	71	29	no	15.6	139.2	23392	20809	13340	5768	72	37995	1475	1242	0	3090	3090	0
January 5, 2008 9:08:00 AM UTC	1199545680000	70	30	no	15.8	139.4	23392	20809	13329	5815	70	37961	1473	1191	0	3078	3078	0
January 5, 2008 9:09:00 AM UTC	1199545740000	63	36	no	15.9	139.7	23392	20809	13328	5818	68	37961	1482	1286	0	3071	3071	0
January 5, 2008 9:10:00 AM UTC	1199545800000	57	43	no	16.0	139.9	23392	20809	13340	5768	72	37995	1509	1293	0	3067	3067	0
January 5, 2008 9:11:00 AM UTC	1199545860000	47	40	no	16.1	140.1	23392	20809	13319	5865	70	37921	1481	1265	0	3063	3005	58
January 5, 2008 9:12:00 AM UTC	1199545920000	41	37	no	16.3	140.3	23392	20809	13330	5819	71	37955	1509	1315	44	3054	2950	104
January 5, 2008 9:13:00 AM UTC	1199545980000	33	38	no	16.4	140.5	23392	20809	13328	5822	68	37957	1516	1037	84	3054	2303	751
January 5, 2008 9:14:00 AM UTC	1199546040000	30	34	no	16.5	140.7	23392	20809	13328	5822	63	37962	1530	869	40	3042	2420	621
January 5, 2008 9:15:00 AM UTC	1199546100000	31	44	no	16.6	140.9	23392	20809	13339	5768	71	37997	1553	773	139	3043	2550	493
January 5, 2008 9:16:00 AM UTC	1199546160000	38	42	no	16.7	141.1	23392	20809	13328	5837	60	37950	1553	1160	33	3028	2778	250
January 5, 2008 9:17:00 AM UTC	1199546220000	68	29	no	16.9	141.3	23392	20809	13337	5794	62	37982	1576	1362	0	3023	3023	0
January 5, 2008 9:18:00 AM UTC	1199546280000	98	2	no	17.0	141.5	23392	20809	13337	5795	62	37981	1588	1526	0	3015	3015	0
January 5, 2008 9:19:00 AM UTC	1199546340000	98	2	no	17.1	141.7	23392	20809	13329	5838	61	37947	1582	1521	0	3014	3014	0
January 5, 2008 9:20:00 AM UTC	1199546400000	94	6	no	17.2	141.9	23392	20809	13325	5850	58	37942	1579	1521	0	3011	3011	0
January 5, 2008 9:21:00 AM UTC	1199546460000	100	0	no	17.3	142.1	23392	20809	13338	5795	59	37983	1610	1551	0	3003	3003	0
January 5, 2008 9:22:00 AM UTC	1199546520000	90	10	no	17.5	142.3	23392	20809	13316	5890	57	37912	1586	1529	0	3001	3001	0
January 5, 2008 9:23:00 AM UTC	1199546580000	98	2	no	17.6	142.5	23392	20809	13338	5795	62	37980	1637	1575	0	2984	2984	0
January 5, 2008 9:24:00 AM UTC	1199546640000	88	12	no	17.7	142.7	23392	20809	13326	5848	52	37949	1620	1568	0	2986	2986	0
January 5, 2008 9:25:00 AM UTC	1199546700000	100	0	no	17.8	142.9	23392	20809	13326	5848	52	37949	1631	1579	0	2983	2983	0
January 5, 2008 9:26:00 AM UTC	1199546760000	100	0	no	17.9	143.2	23392	20809	13326	5847	58	37944	1639	1581	0	2982	2982	0
January 5, 2008 9:27:00 AM UTC	1199546820000	97	3	no	18.0	143.4	23392	20809	13327	5868	47	37933	1651	1604	0	2969	2969	0
January 5, 2008 9:28:00 AM UTC	1199546880000	98	2	no	18.2	143.6	23392	20809	13336	5826	55	37958	1674	1619	0	2967	2967	0
January 5, 2008 9:29:00 AM UTC	1199546940000	90	10	no	18.3	143.8	23392	20809	13336	5826	46	37967	1683	1637	0	2965	2965	0
January 5, 2008 9:30:00 AM UTC	1199547000000	89	11	no	18.4	144.0	23392	20809	13315	5924	45	37891	1652	1607	0	2953	2953	0
January 5, 2008 9:31:00 AM UTC	1199547060000	90	10	no	18.5	144.2	23392	20809	13336	5827	50	37962	1700	1650	0	2956	2956	0
January 5, 2008 9:32:00 AM UTC	1199547120000	100	0	no	18.6	144.4	23392	20809	13323	5882	40	37930	1692	1651	0	2949	2949	0
January 5, 2008 9:33:00 AM UTC	1199547180000	99	1	no	18.7	144.6	23392	20809	13336	5827	43	37969	1722	1632	0	2940	2940	0
January 5, 2008 9:34:00 AM UTC	1199547240000	99	1	no	18.8	144.9	23392	20809	13324	5882	44	37925	1708	1659	0	2946	2946	0
January 5, 2008 9:35:00 AM UTC	1199547300000	100	0	no	18.9	145.1	23392	20809	13324	5882	35	37934	1709	1674	0	2932	2932	0
January 5, 2008 9:36:00 AM UTC	1199547360000	100	0	no	19.0	145.3	23392	20809	13332	5842	46	37955	1739	1693	0	2934	2934	0
January 5, 2008 9:37:00 AM UTC	1199547420000	100	0	no	19.2	145.5	23392	20809	13332	5842	38	37963	1750	1712	0	2940	2940	0
January 5, 2008 9:38:00 AM UTC	1199547480000	100	0	no	19.3	145.7	23392	20809	13324	5882	38	37931	1745	1707	0	2916	2916	0
January 5, 2008 9:39:00 AM UTC	1199547540000	100	0	no	19.4	145.9	23392	20809	13332	5869	39	37935	1763	1724	0	2924	2924	0
January 5, 2008 9:40:00 AM UTC	1199547600000	100	0	no	19.5	146.1	23392	20809	13333	5869	40	37933	1773	1733	0	2917	2917	0
January 5, 2008 9:41:00 AM UTC	1199547660000	100	0	no	19.6	146.4	23392	20809	13333	5869	34	37939	1776	1741	0	2915	2915	0
January 5, 2008 9:42:00 AM UTC	1199547720000	100	0	no	19.7	146.6	23392	20809	13333	5869	39	37934	1792	1753	0	2910	2910	0
January 5, 2008 9:43:00 AM UTC	1199547780000	100	0	no	19.8	146.8	23392	20809	13333	5869	36	37937	1801	1744	0	2903	2903	0
January 5, 2008 9:44:00 AM UTC	1199547840000	100	0	no	19.9	147.0	23392	20809	13318	5926	9	37922	1789	1776	0	2900	2900	0
January 5, 2008 9:45:00 AM UTC	1199547900000	100	0	no	20.0	147.2	23392	20809	13342	5812	28	37993	1840	1802	0	2895	2895	0
January 5, 2008 9:46:00 AM UTC	1199547960000	100	0	no	20.1	147.5	23392	20809	13323	5908	14	37930	1799	1785	0	2900	2900	0
January 5, 2008 9:47:00 AM UTC	1199548020000	100	0	no	20.2	147.7	23392	20809	13333	5868	25	37949	1832	1806	0	2891	2891	0
January 5, 2008 9:48:00 AM UTC	1199548080000	100	0	no	20.3	147.9	23392	20809	13328	5888	28	37931	1833	1802	0	2890	2890	0
January 5, 2008 9:49:00 AM UTC	1199548140000	100	0	no	20.4	148.1	23392	20809	13341	5827	29	37978	1869	1840	0	2882	2882	0
January 5, 2008 9:50:00 AM UTC	1199548200000	100	0	no	20.5	148.3	23392	20809	13319	5957	21	37878	1833	1802	0	2881	2881	0
January 5, 2008 9:51:00 AM UTC	1199548260000	100	0	no	20.6	148.6	23392	20809	13340	5863	32	37940	1879	1847	0	2878	2878	0
January 5, 2008 9:52:00 AM UTC	1199548320000	100	0	no	20.7	148.8	23392	20809	13327	5920	27	37901	1859	1832	0	2880	2880	0
January 5, 2008 9:53:00 AM UTC	1199548380000	100	0	no	20.8	149.0	23392	20809	13335	5882	27	37931	1888	1861	0	2871	2871	0
January 5, 2008 9:54:00 AM UTC	1199548440000	100	0	no	20.9	149.2	23392	20809	13327	5920	29	37899	1881	1852	0	2870	2870	0
January 5, 2008 9:55:00 AM UTC	1199548500000	96	4	no	21.0	149.5	23392	20809	13327	5920	23	37905	1890	1867	0	2865	2865	0
January 5, 2008 9:56:00 AM UTC	1199548560000	100	0	no	21.1	149.7	23392	20809	13336	5886	27	37926	1908	1856	0	2864	2864	0
January 5, 2008 9:57:00 AM UTC	1199548620000	100	0	no	21.2	149.9	23392	20809	13336	5886	22	37931	1918	1891	0	2863	2863	0
January 5, 2008 9:58:00 AM UTC	1199548680000	100	0	no	21.3	150.1	23392	20809	13336	5834	25	37980	1927	1901	0	2857	2857	0
January 5, 2008 9:59:00 AM UTC	1199548740000	100	0	no	21.4	150.4	23392	20809	13322	5892	22	37939	1914	1892	0	2857	2857	0
January 5, 2008 10:00:00 AM UTC	1199548800000	100	0	no	21.5	150.6	23392	20809	13333	5898	22	37922	1938	1916	0	2852	2852	0
January 5, 2008 10:01:00 AM UTC	1199548860000	100	0	no	21.6	150.8	23392	20809	13322	5934	17	37902	1926	1909	0	2852	2852	0
January 5, 2008 10:02:00 AM UTC	1199548920000	100	0	no	21.7	151.0	23392	20809	13344	5832	21	37978	1979	1956	0	2851	2851	0
January 5, 2008 10:03:00 AM UTC	1199548980000	100	0	no	21.8	151.3	23392	20809	13323	5926	17	37909	1941	1891	0	2851	2851	0
January 5, 2008 10:04:00 AM UTC	1199549040000	88	12	no	21.9	151.5	23392	20809	13335	5876	16	37948	1973	1955	0	2846	2846	0
January 5, 2008 10:05:00 AM UTC	1199549100000	100	0	no	21.9	151.7	23392	20809	13330	5902	0	37943	1963	1963	0	2844	2844	0
January 5, 2008 10:06:00 AM UTC	1199549160000	100	0	no	22.0	151.9	23392	20809	13343	5841	0	37991	1999	1962	0	2842	2842	0
January 5, 2008 10:07:00 AM UTC	1199549220000	100	0	no	22.1	152.2	23392	20809	13330	5902	0	37943	1982	1982	0	2838	2838	0
January 5, 2008 10:08:00 AM UTC	1199549280000	100	0	no	22.2	152.4	23392	20809	13330	5902	0	37943	1991	1991	0	2836	2836	0
January 5, 2008 10:09:00 AM UTC	1199549340000	100	0	no	22.3	152.6	23392	20809	13330	5902	0	37943	1994	1992	0	2840	2840	0
January 5, 2008 10:10:00 AM UTC	1199549400000	100	0	no	22.4	152.9	23392	20809	13330	5902	0	37943	2004	1994	0	2829	2829	0
January 5, 2008 10:11:00 AM UTC	1199549460000	100	0	no	22.5	153.1	23392	20809	13335	5932	0	37908	2007	2003	0	2829	2829	0
January 5, 2008 10:12:00 AM UTC	1199549520000	100	0	no	22.6	153.3	23392	20809	13335	5908	0	37932	2023	2023	0	2828	2828	0
January 5, 2008 10:13:00 AM UTC	1199549580000	100	0	no	22.6	153.6	23392	20809	13328	5941	0	37906	2020	2020	0	2826	2826	0
January 5, 2008 10:14:00 AM UTC	1199549640000	100	0	no	22.7	153.8	23392	20809	13338	5832	0	38005	2044	2044	0	2833	2833	0
January 5, 2008 10:15:00 AM UTC	1199549700000	100	0	no	22.8	154.0	23392	20809	13322	5928	0	37925	2020	2020	0	2824	2824	0
January 5, 2008 10:16:00 AM UTC	1199549760000	100	0	no	22.9	154.3	23392	20809	13338	5832	3	38002	2063	2060	0	2824	2824	0
January 5, 2008 10:17:00 AM UTC	1199549820000	100	0	no	23.0	154.5	23392	20809	13331	5862	3	37979	2053	2050	0	2820	2820	0
January 5, 2008 10:18:00 AM UTC	1199549880000	100	0	no	23.1	154.7	23392	20809	13338	5832	5	38000	2069	2064	0	2826	2826	0
January 5, 2008 10:19:00 AM UTC	1199549940000	100	0	no	23.1	155.0	23392	20809	13323	5894	2	37956	2049	2047	0	2822	2822	0
January 5, 2008 10:20:00 AM UTC	1199550000000	100	0	no	23.2	155.2	23392	20809	13327	5890	3	37955	2061	2058	0	2818	2818	0
January 5, 2008 10:21:00 AM UTC	1199550060000	100	0	no	23.3	155.4	23392	20809	13333	5862	0	37980	2078	2072	0	2817	2817	0
January 5, 2008 10:22:00 AM UTC	1199550120000	100	0	no	23.4	155.7	23392	20809	13330	5930	0	37915	2077	2077	0	2813	2813	0
January 5, 2008 10:23:00 AM UTC	1199550180000	100	0	no	23.5	155.9	23392	20809	13324	5936	0	37915	2074	2074	0	2816	2816	0
January 5, 2008 10:24:00 AM UTC	1199550240000	100	0	no	23.5	156.1	23392	20809	13331	5908	0	37936	2095	2059	0	2813	2813	0
January 5, 2008 10:25:00 AM UTC	1199550300000	100	0	no	23.6	156.4	23392	20809	13345	5844	0	37986	2131	2120	0	2808	2808	0
January 5, 2008 10:26:00 AM UTC	1199550360000	100	0	no	23.7	156.6	23392	20809	13331	5908	0	37936	2102	2101	0	2813	2813	0
January 5, 2008 10:27:00 AM UTC	1199550420000	100	0	no	23.8	156.9	23392	20809	13337	5881	0	37957	2118	2117	0	2812	2812	0
January 5, 2008 10:28:00 AM UTC	1199550480000	100	0	no	23.8	157.1	23392	20809	13338	5839	0	37998	2136	2116	0	2807	2807	0
January 5, 2008 10:29:00 AM UTC	1199550540000	100	0	no	23.9	157.3	23392	20809	13332	5867	0	37976	2129	2121	0	2805	2805	0
January 5, 2008 10:30:00 AM UTC	1199550600000	100	0	no	24.0	157.6	23392	20809	13325	5900	0	37950	2121	2099	0	2804	2804	0
January 5, 2008 10:31:00 AM UTC	1199550660000	100	0	no	24.1	157.8	23392	20809	13338	5839	0	37998	2150	2150	0	2808	2808	0
January 5, 2008 10:32:00 AM UTC	1199550720000	100	0	no	24.1	158.1	23392	20809	13323	5902	0	37950	2135	2135	0	2801	2801	0
January 5, 2008 10:33:00 AM UTC	1199550780000	87	13	no	24.2	158.3	23392	20809	13336	5910	0	37929	2150	2027	0	2804	2804	0
January 5, 2008 10:34:00 AM UTC	1199550840000	98	2	no	24.3	158.5	23392	20809	13329	5928	0	37918	2142	2126	0	2799	2799	0
January 5, 2008 10:35:00 AM UTC	1199550900000	100	0	no	24.4	158.8	23392	20809	13329	5929	0	37917	2146	2146	0	2800	2800	0
January 5, 2008 10:36:00 AM UTC	1199550960000	100	0	no	24.4	159.0	23392	20809	13335	5904	0	37936	2163	2163	0	2797	2797	0
January 5, 2008 10:37:00 AM UTC	1199551020000	100	0	no	24.5	159.3	23392	20809	13329	5929	0	37917	2159	2154	0	2798	2798	0
January 5, 2008 10:38:00 AM UTC	1199551080000	100	0	no	24.6	159.5	23392	20809	13342	5866	0	37967	2190	2190	0	2797	2797	0
January 5, 2008 10:39:00 AM UTC	1199551140000	100	0	no	24.6	159.7	23392	20809	13329	5929	0	37917	2171	2171	0	2793	2793	0
January 5, 2008 10:40:00 AM UTC	1199551200000	100	0	no	24.7	160.0	23392	20809	13329	5929	0	37917	2171	2171	0	2796	2796	0
January 5, 2008 10:41:00 AM UTC	1199551260000	100	0	no	24.8	160.2	23392	20809	13335	5906	0	37934	2196	2190	0	2790	2790	0
January 5, 2008 10:42:00 AM UTC	1199551320000	100	0	no	24.8	160.5	23392	20809	13328	5929	0	37918	2183	2183	0	2794	2794	0
January 5, 2008 10:43:00 AM UTC	1199551380000	100	0	no	24.9	160.7	23392	20809	13331	5850	0	37994	2205	2185	0	2790	2790	0
January 5, 2008 10:44:00 AM UTC	1199551440000	100	0	no	24.9	161.0	23392	20809	13329	5920	0	37926	2190	2187	0	2790	2790	0
January 5, 2008 10:45:00 AM UTC	1199551500000	100	0	no	25.0	161.2	23392	20809	13335	5883	0	37957	2213	2213	0	2790	2790	0
January 5, 2008 10:46:00 AM UTC	1199551560000	100	0	no	25.1	161.5	23392	20809	13335	5883	0	37957	2218	2190	0	2789	2789	0
January 5, 2008 10:47:00 AM UTC	1199551620000	100	0	no	25.1	161.7	23392	20809	13336	5882	0	37957	2229	2229	0	2786	2786	0
January 5, 2008 10:48:00 AM UTC	1199551680000	100	0	no	25.2	161.9	23392	20809	13324	5925	0	37926	2208	2208	0	2787	2787	0
January 5, 2008 10:49:00 AM UTC	1199551740000	100	0	no	25.2	162.2	23392	20809	13341	5837	0	37997	2251	2251	0	2784	2784	0
January 5, 2008 10:50:00 AM UTC	1199551800000	100	0	no	25.3	162.4	23392	20809	13335	5846	0	37994	2247	2247	0	2785	2785	0
January 5, 2008 10:51:00 AM UTC	1199551860000	100	0	no	25.4	162.7	23392	20809	13319	5910	0	37946	2224	2224	0	2785	2785	0
January 5, 2008 10:52:00 AM UTC	1199551920000	100	0	no	25.4	162.9	23392	20809	13340	5826	0	38009	2265	2265	0	2785	2785	0
January 5, 2008 10:53:00 AM UTC	1199551980000	100	0	no	25.5	163.2	23392	20809	13326	5891	0	37958	2237	2237	0	2784	2784	0
January 5, 2008 10:54:00 AM UTC	1199552040000	100	0	no	25.5	163.4	23392	20809	13323	5965	0	37887	2227	2185	0	2781	2781	0
January 5, 2008 10:55:00 AM UTC	1199552100000	100	0	no	25.6	163.7	23392	20809	13338	5901	0	37936	2257	2257	0	2787	2787	0
January 5, 2008 10:56:00 AM UTC	1199552160000	100	0	no	25.6	163.9	23392	20809	13328	5934	0	37913	2249	2249	0	2781	2781	0
January 5, 2008 10:57:00 AM UTC	1199552220000	100	0	no	25.7	164.2	23392	20809	13343	5870	0	37962	2277	2273	0	2784	2784	0
January 5, 2008 10:58:00 AM UTC	1199552280000	100	0	no	25.7	164.4	23392	20809	13329	5934	0	37912	2257	2241	0	2782	2782	0
January 5, 2008 10:59:00 AM UTC	1199552340000	100	0	no	25.8	164.7	23392	20809	13329	5935	0	37911	2257	2257	0	2783	2783	0
January 5, 2008 11:00:00 AM UTC	1199552400000	100	0	no	25.8	164.9	23392	20809	13344	5870	0	37961	2291	2291	0	2780	2780	0
January 5, 2008 11:01:00 AM UTC	1199552460000	100	0	no	25.9	165.2	23392	20809	13329	5935	0	37911	2267	2245	0	2782	2782	0
January 5, 2008 11:02:00 AM UTC	1199552520000	100	0	no	25.9	165.4	23392	20809	13329	5935	0	37911	2270	2270	0	2784	2784	0
January 5, 2008 11:03:00 AM UTC	1199552580000	100	0	no	26.0	165.7	23392	20809	13344	5870	0	37961	2305	2305	0	2777	2777	0
January 5, 2008 11:04:00 AM UTC	1199552640000	100	0	no	26.0	165.9	23392	20809	13329	5935	0	37911	2274	2274	0	2784	2784	0
January 5, 2008 11:05:00 AM UTC	1199552700000	100	0	no	26.1	166.2	23392	20809	13333	5894	0	37948	2294	2294	0	2777	2777	0
January 5, 2008 11:06:00 AM UTC	1199552760000	100	0	no	26.1	166.4	23392	20809	13333	5894	0	37948	2288	2218	0	2787	2787	0
January 5, 2008 11:07:00 AM UTC	1199552820000	100	0	no	26.2	166.7	23392	20809	13333	5904	0	37938	2298	2294	0	2778	2778	0
January 5, 2008 11:08:00 AM UTC	1199552880000	100	0	no	26.2	166.9	23392	20809	13334	5877	0	37964	2302	2302	0	2782	2782	0
January 5, 2008 11:09:00 AM UTC	1199552940000	100	0	no	26.3	167.2	23392	20809	13337	5862	0	37976	2314	2313	0	2780	2780	0
January 5, 2008 11:10:00 AM UTC	1199553000000	100	0	no	26.3	167.4	23392	20809	13337	5862	0	37976	2319	2319	0	2780	2780	0
January 5, 2008 11:11:00 AM UTC	1199553060000	100	0	no	26.3	167.7	23392	20809	13337	5862	0	37976	2322	2322	0	2781	2781	0
January 5, 2008 11:12:00 AM UTC	1199553120000	100	0	no	26.4	168.0	23392	20809	13337	5862	0	37976	2326	2326	0	2776	2776	0
January 5, 2008 11:13:00 AM UTC	1199553180000	100	0	no	26.4	168.2	23392	20809	13337	5862	0	37976	2328	2303	0	2784	2784	0
January 5, 2008 11:14:00 AM UTC	1199553240000	100	0	no	26.5	168.5	23392	20809	13323	5927	0	37925	2299	2299	0	2778	2778	0
January 5, 2008 11:15:00 AM UTC	1199553300000	100	0	no	26.5	168.7	23392	20809	13337	5861	0	37977	2338	2337	0	2776	2776	0
January 5, 2008 11:16:00 AM UTC	1199553360000	100	0	no	26.5	169.0	23392	20809	13337	5860	0	37978	2337	2331	0	2784	2784	0
January 5, 2008 11:17:00 AM UTC	1199553420000	100	0	no	26.6	169.2	23392	20809	13320	6000	0	37855	2296	2296	0	2770	2770	0
January 5, 2008 11:18:00 AM UTC	1199553480000	100	0	no	26.6	169.5	23392	20809	13336	5933	0	37906	2325	2325	0	2779	2779	0
January 5, 2008 11:19:00 AM UTC	1199553540000	100	0	no	26.6	169.7	23392	20809	13337	5922	0	37916	2338	2338	0	2782	2782	0
January 5, 2008 11:20:00 AM UTC	1199553600000	100	0	no	26.7	170.0	23392	20809	13321	5988	0	37866	2309	2309	0	2779	2779	0
January 5, 2008 11:21:00 AM UTC	1199553660000	100	0	no	26.7	170.2	23392	20809	13336	5920	0	37919	2343	2342	0	2780	2780	0
January 5, 2008 11:22:00 AM UTC	1199553720000	99	0	no	26.7	170.5	23392	20809	13338	5839	0	37998	2365	2159	18	2774	2774	0
January 5, 2008 11:23:00 AM UTC	1199553780000	100	0	no	26.8	170.8	23392	20809	13323	5908	0	37944	2332	2332	0	2780	2780	0
January 5, 2008 11:24:00 AM UTC	1199553840000	100	0	no	26.8	171.0	23392	20809	13340	5829	0	38006	2377	2377	0	2772	2772	0
January 5, 2008 11:25:00 AM UTC	1199553900000	100	0	no	26.8	171.3	23392	20809	13324	5870	0	37981	2345	2345	0	2779	2779	0
January 5, 2008 11:26:00 AM UTC	1199553960000	100	0	no	26.9	171.5	23392	20809	13327	5871	0	37977	2351	2351	0	2774	2774	0
January 5, 2008 11:27:00 AM UTC	1199554020000	100	0	no	26.9	171.8	23392	20809	13341	5804	0	38030	2380	2268	28	2776	2776	0
January 5, 2008 11:28:00 AM UTC	1199554080000	100	0	no	26.9	172.0	23392	20809	13324	5947	0	37904	2334	2328	0	2771	2771	0
January 5, 2008 11:29:00 AM UTC	1199554140000	100	0	no	26.9	172.3	23392	20809	13324	5949	0	37902	2342	2342	0	2768	2768	0
January 5, 2008 11:30:00 AM UTC	1199554200000	100	0	no	27.0	172.6	23392	20809	13340	5873	0	37962	2375	2375	0	2775	2775	0
January 5, 2008 11:31:00 AM UTC	1199554260000	100	0	no	27.0	172.8	23392	20809	13326	5941	0	37908	2349	2349	0	2770	2770	0
January 5, 2008 11:32:00 AM UTC	1199554320000	100	0	no	27.0	173.1	23392	20809	13325	5942	0	37908	2339	2264	0	2777	2777	0
January 5, 2008 11:33:00 AM UTC	1199554380000	100	0	no	27.0	173.3	23392	20809	13340	5874	0	37961	2385	2382	0	2769	2769	0
January 5, 2008 11:34:00 AM UTC	1199554440000	100	0	no	27.1	173.6	23392	20809	13325	5942	0	37908	2346	2343	0	2777	2777	0
January 5, 2008 11:35:00 AM UTC	1199554500000	100	0	no	27.1	173.8	23392	20809	13324	5942	0	37909	2357	2357	0	2770	2770	0
January 5, 2008 11:36:00 AM UTC	1199554560000	100	0	no	27.1	174.1	23392	20809	13323	5942	0	37910	2354	2347	0	2774	2774	0
January 5, 2008 11:37:00 AM UTC	1199554620000	100	0	no	27.1	174.4	23392	20809	13325	5935	0	37915	2362	2362	0	2771	2771	0
January 5, 2008 11:38:00 AM UTC	1199554680000	100	0	no	27.1	174.6	23392	20809	13327	5848	0	38000	2382	2382	0	2770	2770	0
January 5, 2008 11:39:00 AM UTC	1199554740000	100	0	no	27.2	174.9	23392	20809	13325	5833	0	38017	2383	2383	0	2777	2777	0
January 5, 2008 11:40:00 AM UTC	1199554800000	100	0	no	27.2	175.1	23392	20809	13324	5912	0	37939	2369	2369	0	2770	2770	0
January 5, 2008 11:41:00 AM UTC	1199554860000	100	0	no	27.2	175.4	23392	20809	13324	5918	0	37933	2364	2361	0	2776	2776	0
January 5, 2008 11:42:00 AM UTC	1199554920000	100	0	no	27.2	175.7	23392	20809	13323	5919	0	37933	2375	2369	0	2769	2769	0
January 5, 2008 11:43:00 AM UTC	1199554980000	100	0	no	27.2	175.9	23392	20809	13323	5919	0	37933	2365	2365	0	2779	2779	0
January 5, 2008 11:44:00 AM UTC	1199555040000	100	0	no	27.2	176.2	23392	20809	13324	5914	0	37937	2377	2377	0	2769	2769	0
January 5, 2008 11:45:00 AM UTC	1199555100000	100	0	no	27.2	176.4	23392	20809	13324	5914	0	37937	2375	2375	0	2774	2774	0
January 5, 2008 11:46:00 AM UTC	1199555160000	100	0	no	27.3	176.7	23392	20809	13324	5914	0	37937	2380	2368	0	2771	2771	0
January 5, 2008 11:47:00 AM UTC	1199555220000	100	0	no	27.3	176.9	23392	20809	13324	5914	0	37937	2379	2361	0	2777	2777	0
January 5, 2008 11:48:00 AM UTC	1199555280000	100	0	no	27.3	177.2	23392	20809	13325	5913	0	37937	2377	2373	0	2774	2774	0
January 5, 2008 11:49:00 AM UTC	1199555340000	100	0	no	27.3	177.5	23392	20809	13325	5913	0	37937	2380	2380	0	2772	2772	0
January 5, 2008 11:50:00 AM UTC	1199555400000	100	0	no	27.3	177.7	23392	20809	13326	5912	0	37937	2378	2378	0	2776	2776	0
January 5, 2008 11:51:00 AM UTC	1199555460000	100	0	no	27.3	178.0	23392	20809	13326	5911	0	37938	2380	2380	0	2770	2770	0
January 5, 2008 11:52:00 AM UTC	1199555520000	100	0	no	27.3	178.2	23392	20809	13327	5909	0	37939	2377	2377	0	2777	2777	0
January 5, 2008 11:53:00 AM UTC	1199555580000	100	0	no	27.3	178.5	23392	20809	13327	5890	0	37958	2381	2381	0	2770	2770	0
January 5, 2008 11:54:00 AM UTC	1199555640000	100	0	no	27.3	178.8	23392	20809	13327	5888	0	37960	2381	2381	0	2776	2776	0
January 5, 2008 11:55:00 AM UTC	1199555700000	100	0	no	27.3	179.0	23392	20809	13327	5888	0	37960	2388	2388	0	2770	2770	0
January 5, 2008 11:56:00 AM UTC	1199555760000	100	0	no	27.3	179.3	23392	20809	13327	5889	0	37959	2385	2385	0	2773	2773	0
January 5, 2008 11:57:00 AM UTC	1199555820000	100	0	no	27.3	179.5	23392	20809	13327	5889	0	37959	2388	2384	0	2775	2775	0
January 5, 2008 11:58:00 AM UTC	1199555880000	100	0	no	27.3	179.8	23392	20809	13327	5889	0	37959	2383	2376	0	2772	2772	0
January 5, 2008 11:59:00 AM UTC	1199555940000	100	0	no	27.3	180.1	23392	20809	13327	5889	0	37959	2385	2385	0	2773	2773	0
January 5, 2008 12:00:00 PM UTC	1199556000000	100	0	no	27.3	180.3	23392	20809	13327	5889	0	37959	2385	2383	0	2770	2770	0
January 5, 2008 12:01:00 PM UTC	1199556060000	100	0	no	27.3	180.6	23392	20809	13327	5889	0	37959	2375	2371	0	2779	2779	0
January 5, 2008 12:02:00 PM UTC	1199556120000	100	0	no	27.3	180.8	23392	20809	13327	5889	0	37959	2386	2384	0	2771	2771	0
January 5, 2008 12:03:00 PM UTC	1199556180000	100	0	no	27.3	181.1	23392	20809	13327	5888	0	37960	2379	2379	0	2776	2776	0
January 5, 2008 12:04:00 PM UTC	1199556240000	100	0	no	27.3	181.4	23392	20809	13327	5887	0	37961	2386	2386	0	2771	2771	0
January 5, 2008 12:05:00 PM UTC	1199556300000	100	0	no	27.3	181.6	23392	20809	13327	5887	0	37961	2382	2382	0	2772	2772	0
January 5, 2008 12:06:00 PM UTC	1199556360000	100	0	no	27.3	181.9	23392	20809	13327	5906	0	37942	2384	2379	0	2773	2773	0
January 5, 2008 12:07:00 PM UTC	1199556420000	100	0	no	27.3	182.1	23392	20809	13326	5910	0	37939	2382	2382	0	2771	2771	0
January 5, 2008 12:08:00 PM UTC	1199556480000	100	0	no	27.3	182.4	23392	20809	13326	5910	0	37939	2382	2382	0	2771	2771	0
January 5, 2008 12:09:00 PM UTC	1199556540000	100	0	no	27.3	182.7	23392	20809	13325	5911	0	37939	2382	2382	0	2770	2770	0
January 5, 2008 12:10:00 PM UTC	1199556600000	100	0	no	27.3	182.9	23392	20809	13324	5912	0	37939	2372	2372	0	2778	2778	0
January 5, 2008 12:11:00 PM UTC	1199556660000	100	0	no	27.3	183.2	23392	20809	13324	5912	0	37939	2379	2379	0	2772	2772	0
January 5, 2008 12:12:00 PM UTC	1199556720000	100	0	no	27.3	183.4	23392	20809	13324	5912	0	37939	2373	2373	0	2778	2778	0
January 5, 2008 12:13:00 PM UTC	1199556780000	100	0	no	27.2	183.7	23392	20809	13324	5912	0	37939	2377	2377	0	2772	2772	0
January 5, 2008 12:14:00 PM UTC	1199556840000	100	0	no	27.2	184.0	23392	20809	13323	5917	0	37935	2372	2372	0	2774	2774	0
January 5, 2008 12:15:00 PM UTC	1199556900000	100	0	no	27.2	184.2	23392	20809	13323	5916	0	37936	2372	2357	0	2772	2772	0
January 5, 2008 12:16:00 PM UTC	1199556960000	100	0	no	27.2	184.5	23392	20809	13324	5916	0	37935	2372	2361	0	2770	2770	0
January 5, 2008 12:17:00 PM UTC	1199557020000	100	0	no	27.2	184.7	23392	20809	13324	5916	0	37935	2369	2342	0	2774	2774	0
January 5, 2008 12:18:00 PM UTC	1199557080000	100	0	no	27.2	185.0	23392	20809	13325	5834	0	38016	2385	2364	0	2772	2772	0
January 5, 2008 12:19:00 PM UTC	1199557140000	100	0	no	27.2	185.2	23392	20809	13325	5858	0	37992	2378	2352	0	2774	2774	0
January 5, 2008 12:20:00 PM UTC	1199557200000	100	0	no	27.1	185.5	23392	20809	13322	5938	0	37915	2361	2361	0	2769	2769	0
January 5, 2008 12:21:00 PM UTC	1199557260000	100	0	no	27.1	185.8	23392	20809	13325	5931	0	37919	2356	2356	0	2777	2777	0
January 5, 2008 12:22:00 PM UTC	1199557320000	100	0	no	27.1	186.0	23392	20809	13324	5938	0	37913	2358	2355	0	2772	2772	0
January 5, 2008 12:23:00 PM UTC	1199557380000	100	0	no	27.1	186.3	23392	20809	13324	5938	0	37913	2354	2354	0	2775	2775	0
January 5, 2008 12:24:00 PM UTC	1199557440000	100	0	no	27.1	186.5	23392	20809	13325	5938	0	37912	2350	2349	0	2774	2774	0
January 5, 2008 12:25:00 PM UTC	1199557500000	100	0	no	27.0	186.8	23392	20809	13325	5938	0	37912	2354	2338	0	2772	2772	0
January 5, 2008 12:26:00 PM UTC	1199557560000	100	0	no	27.0	187.1	23392	20809	13342	5870	0	37963	2380	2380	0	2775	2775	0
January 5, 2008 12:27:00 PM UTC	1199557620000	100	0	no	27.0	187.3	23392	20809	13326	5937	0	37912	2347	2347	0	2775	2775	0
January 5, 2008 12:28:00 PM UTC	1199557680000	100	0	no	27.0	187.6	23392	20809	13324	5946	0	37905	2337	2337	0	2780	2780	0
January 5, 2008 12:29:00 PM UTC	1199557740000	100	0	no	26.9	187.8	23392	20809	13338	5877	0	37960	2369	2356	0	2778	2778	0
January 5, 2008 12:30:00 PM UTC	1199557800000	100	0	no	26.9	188.1	23392	20809	13326	5866	0	37983	2350	2338	0	2777	2777	0
January 5, 2008 12:31:00 PM UTC	1199557860000	100	0	no	26.9	188.3	23392	20809	13327	5865	0	37983	2352	2340	0	2775	2775	0
January 5, 2008 12:32:00 PM UTC	1199557920000	100	0	no	26.9	188.6	23392	20809	13341	5799	0	38035	2377	2364	0	2776	2776	0
January 5, 2008 12:33:00 PM UTC	1199557980000	100	0	no	26.8	188.9	23392	20809	13324	5866	0	37985	2344	2332	0	2776	2776	0
January 5, 2008 12:34:00 PM UTC	1199558040000	100	0	no	26.8	189.1	23392	20809	13338	5836	0	38001	2366	2343	0	2775	2775	0
January 5, 2008 12:35:00 PM UTC	1199558100000	100	0	no	26.8	189.4	23392	20809	13338	5836	0	38001	2360	2358	0	2778	2778	0
January 5, 2008 12:36:00 PM UTC	1199558160000	100	0	no	26.7	189.6	23392	20809	13321	5982	0	37872	2315	2301	0	2777	2777	0
January 5, 2008 12:37:00 PM UTC	1199558220000	100	0	no	26.7	189.9	23392	20809	13336	5915	0	37924	2340	2340	0	2781	2781	0
January 5, 2008 12:38:00 PM UTC	1199558280000	100	0	no	26.7	190.1	23392	20809	13337	5915	0	37923	2337	2333	0	2778	2778	0
January 5, 2008 12:39:00 PM UTC	1199558340000	100	0	no	26.6	190.4	23392	20809	13322	5981	0	37872	2306	2306	0	2775	2775	0
January 5, 2008 12:40:00 PM UTC	1199558400000	100	0	no	26.6	190.6	23392	20809	13336	5927	0	37912	2330	2314	0	2783	2783	0
January 5, 2008 12:41:00 PM UTC	1199558460000	100	0	no	26.6	190.9	23392	20809	13334	5929	0	37912	2320	2318	0	2778	2778	0
January 5, 2008 12:42:00 PM UTC	1199558520000	100	0	no	26.5	191.2	23392	20809	13322	5919	0	37934	2304	2300	0	2770	2770	0
January 5, 2008 12:43:00 PM UTC	1199558580000	100	0	no	26.5	191.4	23392	20809	13337	5854	0	37984	2330	2330	0	2785	2785	0
January 5, 2008 12:44:00 PM UTC	1199558640000	100	0	no	26.4	191.7	23392	20809	13337	5855	0	37983	2329	2322	0	2776	2776	0
January 5, 2008 12:45:00 PM UTC	1199558700000	100	0	no	26.4	191.9	23392	20809	13322	5921	0	37932	2290	2290	0	2783	2783	0
January 5, 2008 12:46:00 PM UTC	1199558760000	100	0	no	26.4	192.2	23392	20809	13337	5855	0	37983	2322	2322	0	2782	2782	0
January 5, 2008 12:47:00 PM UTC	1199558820000	100	0	no	26.3	192.4	23392	20809	13337	5855	0	37983	2317	2317	0	2783	2783	0
January 5, 2008 12:48:00 PM UTC	1199558880000	100	0	no	26.3	192.7	23392	20809	13337	5855	0	37983	2315	2315	0	2781	2781	0
January 5, 2008 12:49:00 PM UTC	1199558940000	100	0	no	26.2	192.9	23392	20809	13334	5870	0	37971	2304	2297	0	2778	2778	0
January 5, 2008 12:50:00 PM UTC	1199559000000	100	0	no	26.2	193.2	23392	20809	13333	5901	0	37941	2298	2278	0	2780	2780	0
January 5, 2008 12:51:00 PM UTC	1199559060000	100	0	no	26.2	193.4	23392	20809	13333	5901	0	37941	2292	2289	0	2780	2780	0
January 5, 2008 12:52:00 PM UTC	1199559120000	100	0	no	26.1	193.7	23392	20809	13329	5923	0	37923	2281	2281	0	2780	2780	0
January 5, 2008 12:53:00 PM UTC	1199559180000	100	0	no	26.1	193.9	23392	20809	13335	5831	0	38009	2299	2296	0	2782	2782	0
January 5, 2008 12:54:00 PM UTC	1199559240000	100	0	no	26.0	194.2	23392	20809	13329	5931	0	37915	2271	2271	0	2785	2785	0
January 5, 2008 12:55:00 PM UTC	1199559300000	100	0	no	26.0	194.4	23392	20809	13329	5931	0	37915	2272	2271	0	2778	2778	0
January 5, 2008 12:56:00 PM UTC	1199559360000	100	0	no	25.9	194.7	23392	20809	13344	5865	0	37966	2296	2292	0	2784	2784	0
January 5, 2008 12:57:00 PM UTC	1199559420000	100	0	no	25.9	194.9	23392	20809	13329	5931	0	37915	2263	2249	0	2783	2783	0
January 5, 2008 12:58:00 PM UTC	1199559480000	100	0	no	25.8	195.2	23392	20809	13324	5960	0	37891	2247	2246	0	2784	2784	0
January 5, 2008 12:59:00 PM UTC	1199559540000	100	0	no	25.8	195.4	23392	20809	13342	5875	0	37958	2281	2281	0	2783	2783	0
January 5, 2008 1:00:00 PM UTC	1199559600000	100	0	no	25.7	195.7	23392	20809	13329	5930	0	37916	2252	2249	0	2783	2783	0
January 5, 2008 1:01:00 PM UTC	1199559660000	100	0	no	25.7	195.9	23392	20809	13343	5865	0	37967	2278	2278	0	2784	2784	0
January 5, 2008 1:02:00 PM UTC	1199559720000	100	0	no	25.6	196.2	23392	20809	13324	5950	0	37901	2239	2239	0	2780	2780	0
January 5, 2008 1:03:00 PM UTC	1199559780000	100	0	no	25.6	196.4	23392	20809	13323	5958	0	37894	2224	2217	0	2785	2785	0
January 5, 2008 1:04:00 PM UTC	1199559840000	100	0	no	25.5	196.7	23392	20809	13339	5822	0	38014	2271	2271	0	2784	2784	0
January 5, 2008 1:05:00 PM UTC	1199559900000	100	0	no	25.5	196.9	23392	20809	13326	5885	0	37964	2240	2231	0	2783	2783	0
January 5, 2008 1:06:00 PM UTC	1199559960000	100	0	no	25.4	197.2	23392	20809	13335	5843	0	37997	2252	2241	0	2785	2785	0
January 5, 2008 1:07:00 PM UTC	1199560020000	100	0	no	25.3	197.4	23392	20809	13335	5843	0	37997	2247	2246	0	2785	2785	0
January 5, 2008 1:08:00 PM UTC	1199560080000	100	0	no	25.3	197.7	23392	20809	13326	5941	0	37908	2214	2211	0	2784	2784	0
January 5, 2008 1:09:00 PM UTC	1199560140000	100	0	no	25.2	197.9	23392	20809	13337	5874	0	37964	2230	2216	0	2788	2788	0
January 5, 2008 1:10:00 PM UTC	1199560200000	100	0	no	25.2	198.2	23392	20809	13336	5877	0	37962	2229	2227	0	2785	2785	0
January 5, 2008 1:11:00 PM UTC	1199560260000	100	0	no	25.1	198.4	23392	20809	13336	5877	0	37962	2218	2218	0	2788	2788	0
January 5, 2008 1:12:00 PM UTC	1199560320000	100	0	no	25.0	198.7	23392	20809	13335	5878	0	37962	2221	2218	0	2783	2783	0
January 5, 2008 1:13:00 PM UTC	1199560380000	100	0	no	25.0	198.9	23392	20809	13335	5878	0	37962	2211	2209	0	2787	2787	0
January 5, 2008 1:13:56 PM UTC	1199560436000	100	0	no	24.9	199.1	23392	20809	13329	5915	0	37931	2190	2190	0	2789	2789	0
January 5, 2008 1:15:00 PM UTC	1199560500000	100	0	no	24.9	199.4	23392	20809	13328	5924	0	37923	2193	2193	0	2791	2791	0
January 5, 2008 1:16:00 PM UTC	1199560560000	100	0	no	24.8	199.6	23392	20809	13334	5900	0	37941	2194	2182	0	2792	2792	0
January 5, 2008 1:17:00 PM UTC	1199560620000	100	0	no	24.7	199.9	23392	20809	13335	5899	0	37941	2196	2196	0	2791	2791	0
January 5, 2008 1:18:00 PM UTC	1199560680000	100	0	no	24.7	200.1	23392	20809	13343	5861	0	37971	2199	2190	0	2796	2796	0
January 5, 2008 1:19:00 PM UTC	1199560740000	100	0	no	24.6	200.4	23392	20809	13329	5924	0	37922	2172	2170	0	2792	2792	0
January 5, 2008 1:20:00 PM UTC	1199560800000	100	0	no	24.5	200.6	23392	20809	13329	5924	0	37922	2163	2163	0	2796	2796	0
January 5, 2008 1:21:00 PM UTC	1199560860000	100	0	no	24.5	200.9	23392	20809	13338	5872	0	37965	2180	2180	0	2796	2796	0
January 5, 2008 1:22:00 PM UTC	1199560920000	100	0	no	24.4	201.1	23392	20809	13325	5937	0	37913	2142	2142	0	2797	2797	0
January 5, 2008 1:23:00 PM UTC	1199560980000	100	0	no	24.3	201.3	23392	20809	13343	5861	0	37971	2169	2149	0	2802	2802	0
January 5, 2008 1:24:00 PM UTC	1199561040000	100	0	no	24.3	201.6	23392	20809	13329	5923	0	37923	2141	2139	0	2801	2801	0
January 5, 2008 1:25:00 PM UTC	1199561100000	100	0	no	24.2	201.8	23392	20809	13336	5904	0	37935	2151	2150	0	2804	2804	0
January 5, 2008 1:26:00 PM UTC	1199561160000	100	0	no	24.1	202.1	23392	20809	13338	5834	0	38003	2155	2142	0	2804	2804	0
January 5, 2008 1:27:00 PM UTC	1199561220000	100	0	no	24.0	202.3	23392	20809	13338	5834	0	38003	2154	2153	0	2805	2805	0
January 5, 2008 1:28:00 PM UTC	1199561280000	100	0	no	24.0	202.5	23392	20809	13332	5859	0	37984	2131	2120	0	2806	2806	0
January 5, 2008 1:29:00 PM UTC	1199561340000	100	0	no	23.9	202.8	23392	20809	13324	5896	0	37955	2113	2108	0	2806	2806	0
January 5, 2008 1:30:00 PM UTC	1199561400000	100	0	no	23.8	203.0	23392	20809	13338	5834	0	38003	2130	2128	0	2806	2806	0
January 5, 2008 1:31:00 PM UTC	1199561460000	100	0	no	23.7	203.3	23392	20809	13331	5903	0	37941	2105	2101	0	2813	2813	0
January 5, 2008 1:32:00 PM UTC	1199561520000	100	0	no	23.7	203.5	23392	20809	13331	5903	0	37941	2106	2104	0	2810	2810	0
January 5, 2008 1:33:00 PM UTC	1199561580000	100	0	no	23.6	203.7	23392	20809	13331	5903	0	37941	2096	2086	0	2813	2813	0
January 5, 2008 1:34:00 PM UTC	1199561640000	100	0	no	23.5	204.0	23392	20809	13331	5903	0	37941	2098	2098	0	2812	2812	0
January 5, 2008 1:35:00 PM UTC	1199561700000	100	0	no	23.4	204.2	23392	20809	13330	5924	0	37921	2076	2060	0	2819	2819	0
January 5, 2008 1:36:00 PM UTC	1199561760000	100	0	no	23.4	204.4	23392	20809	13346	5795	0	38034	2115	2115	0	2816	2816	0
January 5, 2008 1:37:00 PM UTC	1199561820000	100	0	no	23.3	204.7	23392	20809	13333	5857	0	37985	2077	2017	0	2817	2817	0
January 5, 2008 1:38:00 PM UTC	1199561880000	100	0	no	23.2	204.9	23392	20809	13339	5825	0	38011	2086	2051	0	2819	2819	0
January 5, 2008 1:39:00 PM UTC	1199561940000	100	0	no	23.1	205.2	23392	20809	13323	5884	0	37968	2053	2049	0	2816	2816	0
January 5, 2008 1:40:00 PM UTC	1199562000000	100	0	no	23.0	205.4	23392	20809	13338	5826	0	38011	2074	2035	0	2823	2823	0
January 5, 2008 1:41:00 PM UTC	1199562060000	100	0	no	23.0	205.6	23392	20809	13338	5826	0	38011	2068	2055	0	2822	2822	0
January 5, 2008 1:42:00 PM UTC	1199562120000	100	0	no	22.9	205.9	23392	20809	13330	5856	0	37989	2044	2044	0	2822	2822	0
January 5, 2008 1:43:00 PM UTC	1199562180000	100	0	no	22.8	206.1	23392	20809	13338	5826	0	38011	2055	2055	0	2824	2824	0
January 5, 2008 1:44:00 PM UTC	1199562240000	100	0	no	22.7	206.3	23392	20809	13314	5994	0	37867	1995	1995	0	2830	2830	0
January 5, 2008 1:45:00 PM UTC	1199562300000	100	0	no	22.6	206.6	23392	20809	13328	5933	0	37914	2013	1990	0	2833	2833	0
January 5, 2008 1:46:00 PM UTC	1199562360000	100	0	no	22.5	206.8	23392	20809	13322	5985	0	37868	1984	1975	0	2831	2831	0
January 5, 2008 1:47:00 PM UTC	1199562420000	100	0	no	22.5	207.0	23392	20809	13330	5886	0	37959	2011	1979	0	2830	2830	0
January 5, 2008 1:48:00 PM UTC	1199562480000	100	0	no	22.4	207.2	23392	20809	13330	5886	0	37959	1998	1991	0	2834	2834	0
January 5, 2008 1:49:00 PM UTC	1199562540000	100	0	no	22.3	207.5	23392	20809	13330	5886	0	37959	1998	1993	0	2835	2835	0
January 5, 2008 1:50:00 PM UTC	1199562600000	100	0	no	22.2	207.7	23392	20809	13323	5919	0	37933	1967	1967	0	2840	2840	0
January 5, 2008 1:51:00 PM UTC	1199562660000	100	0	no	22.1	207.9	23392	20809	13330	5886	0	37959	1982	1980	0	2839	2839	0
January 5, 2008 1:52:00 PM UTC	1199562720000	100	0	no	22.0	208.2	23392	20809	13330	5886	0	37959	1972	1967	0	2842	2842	0
January 5, 2008 1:53:00 PM UTC	1199562780000	100	0	no	21.9	208.4	23392	20809	13322	5919	0	37934	1948	1925	0	2843	2843	0
January 5, 2008 1:54:00 PM UTC	1199562840000	100	0	no	21.8	208.6	23392	20809	13321	5928	0	37926	1948	1948	0	2845	2845	0
January 5, 2008 1:55:00 PM UTC	1199562900000	100	0	no	21.7	208.9	23392	20809	13342	5834	0	37999	1974	1966	0	2850	2850	0
January 5, 2008 1:56:00 PM UTC	1199562960000	100	0	no	21.6	209.1	23392	20809	13322	5918	0	37935	1937	1928	0	2848	2848	0
January 5, 2008 1:57:00 PM UTC	1199563020000	100	0	no	21.5	209.3	23392	20809	13333	5892	0	37950	1937	1925	0	2859	2859	0
January 5, 2008 1:58:00 PM UTC	1199563080000	100	0	no	21.5	209.5	23392	20809	13336	5827	0	38012	1945	1945	0	2860	2860	0
January 5, 2008 1:59:00 PM UTC	1199563140000	100	0	no	21.4	209.8	23392	20809	13330	5864	0	37981	1920	1920	0	2862	2862	0
January 5, 2008 2:00:00 PM UTC	1199563200000	100	0	no	21.3	210.0	23392	20809	13333	5875	0	37967	1921	1895	0	2863	2863	0
January 5, 2008 2:01:00 PM UTC	1199563260000	100	0	no	21.2	210.2	23392	20809	13337	5874	0	37964	1914	1907	0	2865	2865	0
January 5, 2008 2:02:00 PM UTC	1199563320000	100	0	no	21.1	210.4	23392	20809	13328	5912	0	37935	1890	1880	0	2866	2866	0
January 5, 2008 2:03:00 PM UTC	1199563380000	100	0	no	21.0	210.7	23392	20809	13327	5913	1	37934	1883	1857	0	2870	2870	0
January 5, 2008 2:04:00 PM UTC	1199563440000	100	0	no	20.9	210.9	23392	20809	13336	5877	0	37962	1889	1889	0	2873	2873	0
January 5, 2008 2:05:00 PM UTC	1199563500000	100	0	no	20.8	211.1	23392	20809	13327	5913	1	37934	1864	1823	0	2877	2877	0
January 5, 2008 2:06:00 PM UTC	1199563560000	100	0	no	20.7	211.3	23392	20809	13327	5913	0	37935	1861	1838	0	2876	2876	0
January 5, 2008 2:07:00 PM UTC	1199563620000	100	0	no	20.6	211.6	23392	20809	13327	5913	2	37933	1853	1826	0	2881	2881	0
January 5, 2008 2:08:00 PM UTC	1199563680000	100	0	no	20.5	211.8	23392	20809	13331	5919	0	37925	1850	1834	0	2879	2879	0
January 5, 2008 2:09:00 PM UTC	1199563740000	100	0	no	20.4	212.0	23392	20809	13328	5881	1	37965	1840	1819	0	2886	2886	0
January 5, 2008 2:10:00 PM UTC	1199563800000	100	0	no	20.3	212.2	23392	20809	13342	5824	0	38009	1850	1850	0	2890	2890	0
January 5, 2008 2:11:00 PM UTC	1199563860000	100	0	no	20.2	212.4	23392	20809	13318	5939	0	37918	1803	1803	0	2890	2890	0
January 5, 2008 2:12:00 PM UTC	1199563920000	100	0	no	20.1	212.7	23392	20809	13332	5862	0	37981	1819	1798	0	2900	2900	0
January 5, 2008 2:13:00 PM UTC	1199563980000	100	0	no	20.0	212.9	23392	20809	13337	5842	0	37996	1826	1823	0	2898	2898	0
January 5, 2008 2:14:00 PM UTC	1199564040000	100	0	no	19.9	213.1	23392	20809	13333	5862	4	37976	1802	1761	0	2902	2902	0
January 5, 2008 2:15:00 PM UTC	1199564100000	100	0	no	19.8	213.3	23392	20809	13333	5862	5	37975	1796	1737	0	2905	2905	0
January 5, 2008 2:16:00 PM UTC	1199564160000	100	0	no	19.7	213.5	23392	20809	13324	5900	7	37944	1768	1736	0	2916	2916	0
January 5, 2008 2:17:00 PM UTC	1199564220000	100	0	no	19.5	213.7	23392	20809	13333	5862	0	37980	1773	1773	0	2915	2915	0
January 5, 2008 2:18:00 PM UTC	1199564280000	100	0	no	19.4	214.0	23392	20809	13332	5862	0	37981	1769	1768	0	2922	2922	0
January 5, 2008 2:19:00 PM UTC	1199564340000	100	0	no	19.3	214.2	23392	20809	13323	5903	5	37944	1748	1716	0	2918	2918	0
January 5, 2008 2:20:00 PM UTC	1199564400000	100	0	no	19.2	214.4	23392	20809	13337	5819	0	38019	1764	1730	0	2921	2921	0
January 5, 2008 2:21:00 PM UTC	1199564460000	100	0	no	19.1	214.6	23392	20809	13332	5835	0	38008	1746	1746	0	2936	2936	0
January 5, 2008 2:22:00 PM UTC	1199564520000	100	0	no	19.0	214.8	23392	20809	13336	5820	0	38019	1739	1739	0	2933	2933	0
January 5, 2008 2:23:00 PM UTC	1199564580000	100	0	no	18.9	215.0	23392	20809	13324	5875	0	37976	1712	1691	0	2952	2952	0
January 5, 2008 2:24:00 PM UTC	1199564640000	100	0	no	18.8	215.3	23392	20809	13336	5820	0	38019	1728	1725	0	2940	2940	0
January 5, 2008 2:25:00 PM UTC	1199564700000	100	0	no	18.7	215.5	23392	20809	13323	5874	1	37977	1695	1638	0	2937	2937	0
January 5, 2008 2:26:00 PM UTC	1199564760000	100	0	no	18.6	215.7	23392	20809	13336	5820	0	38019	1708	1674	0	2957	2957	0
January 5, 2008 2:27:00 PM UTC	1199564820000	100	0	no	18.5	215.9	23392	20809	13329	5863	0	37983	1681	1649	0	2955	2955	0
January 5, 2008 2:28:00 PM UTC	1199564880000	100	0	no	18.3	216.1	23392	20809	13325	5860	0	37990	1677	1647	0	2957	2957	0
January 5, 2008 2:29:00 PM UTC	1199564940000	100	0	no	18.2	216.3	23392	20809	13336	5819	0	38020	1675	1618	0	2972	2972	0
January 5, 2008 2:30:00 PM UTC	1199565000000	100	0	no	18.1	216.5	23392	20809	13327	5859	0	37989	1656	1653	0	2966	2966	0
January 5, 2008 2:31:00 PM UTC	1199565060000	100	0	no	18.0	216.7	23392	20809	13326	5839	0	38010	1648	1631	0	2973	2973	0
January 5, 2008 2:32:00 PM UTC	1199565120000	100	0	no	17.9	217.0	23392	20809	13347	5743	0	38085	1671	1603	0	2981	2981	0
January 5, 2008 2:33:00 PM UTC	1199565180000	100	0	no	17.8	217.2	23392	20809	13326	5837	0	38012	1630	1625	0	2983	2983	0
January 5, 2008 2:34:00 PM UTC	1199565240000	100	0	no	17.7	217.4	23392	20809	13338	5784	1	38052	1641	1575	0	2988	2988	0
January 5, 2008 2:35:00 PM UTC	1199565300000	100	0	no	17.5	217.6	23392	20809	13326	5839	0	38010	1613	1605	0	2990	2990	0
January 5, 2008 2:36:00 PM UTC	1199565360000	100	0	no	17.4	217.8	23392	20809	13338	5784	0	38053	1620	1569	0	2999	2999	0
January 5, 2008 2:37:00 PM UTC	1199565420000	100	0	no	17.3	218.0	23392	20809	13338	5784	0	38053	1609	1602	0	3002	3002	0
January 5, 2008 2:38:00 PM UTC	1199565480000	100	0	no	17.2	218.2	23392	20809	13318	5877	2	37978	1567	1462	0	3011	3011	0
January 5, 2008 2:39:00 PM UTC	1199565540000	100	0	no	17.1	218.4	23392	20809	13329	5827	0	38019	1578	1523	0	3012	3012	0
January 5, 2008 2:40:00 PM UTC	1199565600000	100	0	no	17.0	218.6	23392	20809	13324	5836	0	38015	1558	1540	0	3023	3023	0
January 5, 2008 2:41:00 PM UTC	1199565660000	100	0	no	16.8	218.8	23392	20809	13328	5829	2	38016	1557	1513	0	3028	3028	0
January 5, 2008 2:42:00 PM UTC	1199565720000	100	0	no	16.7	219.0	23392	20809	13328	5829	0	38018	1544	1544	0	3036	3036	0
January 5, 2008 2:43:00 PM UTC	1199565780000	100	0	no	16.6	219.2	23392	20809	13338	5768	0	38069	1554	1554	0	3037	3037	0
January 5, 2008 2:44:00 PM UTC	1199565840000	100	0	no	16.5	219.4	23392	20809	13328	5813	0	38034	1528	1497	0	3042	3042	0
January 5, 2008 2:45:00 PM UTC	1199565900000	100	0	no	16.3	219.6	23392	20809	13340	5761	0	38074	1537	1477	0	3049	3049	0
January 5, 2008 2:46:00 PM UTC	1199565960000	100	0	no	16.2	219.9	23392	20809	13319	5858	0	37998	1488	1470	0	3057	3057	0
January 5, 2008 2:47:00 PM UTC	1199566020000	100	0	no	16.1	220.1	23392	20809	13340	5761	0	38074	1509	1495	0	3066	3066	0
January 5, 2008 2:48:00 PM UTC	1199566080000	100	0	no	16.0	220.3	23392	20809	13328	5812	3	38032	1488	1406	0	3069	3069	0
January 5, 2008 2:49:00 PM UTC	1199566140000	100	0	no	15.9	220.5	23392	20809	13317	5858	0	38000	1461	1461	0	3076	3076	0
January 5, 2008 2:50:00 PM UTC	1199566200000	100	0	no	15.7	220.7	23392	20809	13329	5807	6	38033	1470	1374	0	3081	3081	0
January 5, 2008 2:51:00 PM UTC	1199566260000	100	0	no	15.6	220.9	23392	20809	13329	5812	0	38034	1451	1448	0	3096	3096	0
January 5, 2008 2:52:00 PM UTC	1199566320000	99	0	no	15.5	221.1	23392	20809	13328	5871	6	37970	1443	1245	0	3095	3095	0
January 5, 2008 2:53:00 PM UTC	1199566380000	100	0	no	15.4	221.3	23392	20809	13328	5871	0	37976	1431	1336	0	3104	3104	0
January 5, 2008 2:54:00 PM UTC	1199566440000	100	0	no	15.2	221.5	23392	20809	13329	5824	9	38013	1431	1325	0	3112	3112	0
January 5, 2008 2:55:00 PM UTC	1199566500000	100	0	no	15.1	221.7	23392	20809	13328	5867	3	37977	1406	1285	0	3123	3123	0
January 5, 2008 2:56:00 PM UTC	1199566560000	100	0	no	15.0	221.9	23392	20809	13339	5814	0	38022	1414	1414	0	3128	3128	0
January 5, 2008 2:57:00 PM UTC	1199566620000	100	0	no	14.8	222.1	23392	20809	13319	5911	0	37945	1375	1374	0	3131	3131	0
January 5, 2008 2:58:00 PM UTC	1199566680000	100	0	no	14.7	222.3	23392	20809	13328	5867	0	37980	1379	1361	0	3140	3140	0
January 5, 2008 2:59:00 PM UTC	1199566740000	100	0	no	14.6	222.5	23392	20809	13338	5818	0	38019	1381	1381	0	3147	3147	0
January 5, 2008 3:00:00 PM UTC	1199566800000	100	0	no	14.5	222.7	23392	20809	13316	5914	0	37945	1334	1289	0	3162	3162	0
January 5, 2008 3:01:00 PM UTC	1199566860000	100	0	no	14.3	222.9	23392	20809	13341	5878	0	37956	1353	1353	0	3164	3164	0
January 5, 2008 3:02:00 PM UTC	1199566920000	100	0	no	14.2	223.1	23392	20809	13328	5926	0	37921	1323	1322	0	3178	3178	0
January 5, 2008 3:03:00 PM UTC	1199566980000	100	0	no	14.1	223.2	23392	20809	13316	5976	8	37875	1303	1174	0	3182	3182	0
January 5, 2008 3:04:00 PM UTC	1199567040000	100	0	no	13.9	223.4	23392	20809	13341	5880	7	37947	1323	1177	0	3195	3195	0
January 5, 2008 3:05:00 PM UTC	1199567100000	100	0	no	13.8	223.6	23392	20809	13328	5928	3	37916	1301	1170	0	3202	3202	0
January 5, 2008 3:06:00 PM UTC	1199567160000	100	0	no	13.7	223.8	23392	20809	13328	5878	0	37969	1293	1288	0	3207	3207	0
January 5, 2008 3:07:00 PM UTC	1199567220000	100	0	no	13.5	224.0	23392	20809	13316	5969	0	37890	1260	1153	0	3218	3218	0
January 5, 2008 3:08:00 PM UTC	1199567280000	100	0	no	13.4	224.2	23392	20809	13341	5874	0	37960	1284	1260	0	3231	3231	0
January 5, 2008 3:09:00 PM UTC	1199567340000	100	0	no	13.3	224.4	23392	20809	13329	5922	0	37924	1253	1225	0	3239	3239	0
January 5, 2008 3:10:00 PM UTC	1199567400000	100	0	no	13.1	224.6	23392	20809	13316	5972	0	37887	1228	1208	0	3244	3244	0
January 5, 2008 3:11:00 PM UTC	1199567460000	100	0	no	13.0	224.8	23392	20809	13341	5799	0	38035	1245	1235	0	3259	3259	0
January 5, 2008 3:12:00 PM UTC	1199567520000	100	0	no	12.9	225.0	23392	20809	13329	5846	0	38000	1225	1149	0	3266	3266	0
January 5, 2008 3:13:00 PM UTC	1199567580000	100	0	no	12.7	225.2	23392	20809	13328	5848	0	37999	1210	1200	0	3279	3279	0
January 5, 2008 3:14:00 PM UTC	1199567640000	100	0	no	12.6	225.4	23392	20809	13338	5798	0	38039	1220	1208	0	3286	3286	0
January 5, 2008 3:15:00 PM UTC	1199567700000	100	0	no	12.5	225.6	23392	20809	13318	5898	0	37959	1176	1152	0	3299	3299	0
January 5, 2008 3:16:00 PM UTC	1199567760000	94	5	no	12.3	225.8	23392	20809	13329	5848	3	37995	1178	841	0	3308	3193	75
January 5, 2008 3:17:00 PM UTC	1199567820000	82	17	no	12.2	225.9	23392	20809	13329	5848	0	37998	1168	778	0	3319	3063	138
January 5, 2008 3:18:00 PM UTC	1199567880000	72	27	no	12.1	226.1	23392	20809	13330	5816	0	38029	1160	819	0	3334	3070	111
January 5, 2008 3:19:00 PM UTC	1199567940000	63	34	no	11.9	226.3	23392	20809	13329	5814	9	38023	1152	448	0	3342	2564	316
January 5, 2008 3:20:00 PM UTC	1199568000000	58	38	no	11.8	226.5	23392	20809	13328	5858	22	37967	1131	402	0	3356	2296	390
January 5, 2008 3:21:00 PM UTC	1199568060000	46	50	no	11.6	226.7	23392	20809	13337	5822	12	38004	1139	415	0	3363	2421	240
January 5, 2008 3:22:00 PM UTC	1199568120000	35	61	no	11.5	226.9	23392	20809	13329	5863	41	37942	1109	281	0	3383	2020	535
January 5, 2008 3:23:00 PM UTC	1199568180000	43	54	no	11.4	227.1	23392	20809	13318	5914	20	37923	1087	352	0	3389	2486	346
January 5, 2008 3:24:00 PM UTC	1199568240000	59	39	no	11.2	227.3	23392	20809	13339	5816	7	38013	1097	413	0	3407	2560	426
January 5, 2008 3:25:00 PM UTC	1199568300000	71	26	no	11.1	227.4	23392	20809	13339	5816	5	38015	1090	475	0	3415	2755	290
January 5, 2008 3:26:00 PM UTC	1199568360000	83	14	no	10.9	227.6	23392	20809	13327	5869	41	37938	1063	296	0	3425	2833	282
January 5, 2008 3:27:00 PM UTC	1199568420000	92	6	no	10.8	227.8	23392	20809	13327	5869	5	37974	1053	488	0	3434	3065	184
January 5, 2008 3:28:00 PM UTC	1199568480000	97	1	no	10.7	228.0	23392	20809	13327	5870	1	37977	1040	638	0	3446	3329	26
January 5, 2008 3:29:00 PM UTC	1199568540000	99	0	no	10.5	228.2	23392	20809	13327	5870	0	37978	1028	851	0	3459	3428	12
January 5, 2008 3:30:00 PM UTC	1199568600000	100	0	no	10.4	228.4	23392	20809	13327	5870	0	37978	1021	882	0	3465	3459	0
January 5, 2008 3:31:00 PM UTC	1199568660000	100	0	no	10.2	228.6	23392	20809	13328	5832	0	38015	1010	917	0	3481	3463	0
January 5, 2008 3:32:00 PM UTC	1199568720000	99	0	no	10.1	228.7	23392	20809	13338	5788	0	38049	1014	822	0	3492	3423	0
January 5, 2008 3:33:00 PM UTC	1199568780000	99	0	no	9.9	228.9	23392	20809	13326	5882	2	37965	981	704	0	3505	3434	1
January 5, 2008 3:34:00 PM UTC	1199568840000	99	0	no	9.8	229.1	23392	20809	13325	5892	1	37957	970	678	0	3513	3439	10
January 5, 2008 3:35:00 PM UTC	1199568900000	98	1	no	9.6	229.3	23392	20809	13335	5848	4	37988	969	692	0	3529	3369	27
January 5, 2008 3:36:00 PM UTC	1199568960000	98	0	no	9.5	229.5	23392	20809	13314	5936	2	37923	934	530	0	3539	3374	22
January 5, 2008 3:37:00 PM UTC	1199569020000	99	0	no	9.4	229.7	23392	20809	13325	5883	0	37967	943	648	0	3542	3422	7
January 5, 2008 3:38:00 PM UTC	1199569080000	98	0	no	9.2	229.8	23392	20809	13335	5840	8	37992	937	508	0	3562	3391	6
January 5, 2008 3:39:00 PM UTC	1199569140000	98	1	no	9.1	230.0	23392	20809	13324	5894	0	37957	913	612	0	3571	3351	59
January 5, 2008 3:40:00 PM UTC	1199569200000	97	2	no	8.9	230.2	23392	20809	13336	5838	0	38001	913	624	0	3586	3362	40
January 5, 2008 3:41:00 PM UTC	1199569260000	92	6	no	8.8	230.4	23392	20809	13336	5838	3	37998	905	534	0	3595	3164	155
January 5, 2008 3:42:00 PM UTC	1199569320000	77	21	no	8.6	230.6	23392	20809	13324	5893	0	37958	878	735	0	3606	3128	51
January 5, 2008 3:43:00 PM UTC	1199569380000	38	56	no	8.5	230.7	23392	20809	13334	5850	11	37980	878	351	0	3618	1913	197
January 5, 2008 3:44:00 PM UTC	1199569440000	24	65	no	8.3	230.9	23392	20809	13326	5860	19	37970	860	288	0	3629	1200	179
January 5, 2008 3:45:00 PM UTC	1199569500000	18	70	no	8.2	231.1	23392	20809	13326	5860	29	37960	845	277	0	3644	891	201
January 5, 2008 3:46:00 PM UTC	1199569560000	26	67	no	8.0	231.3	23392	20809	13335	5817	23	38000	846	322	0	3654	1669	274
January 5, 2008 3:47:00 PM UTC	1199569620000	53	42	no	7.9	231.4	23392	20809	13332	5875	16	37952	830	328	0	3663	2123	227
January 5, 2008 3:48:00 PM UTC	1199569680000	58	37	no	7.7	231.6	23392	20809	13322	5913	16	37924	809	313	0	3671	2414	251
January 5, 2008 3:49:00 PM UTC	1199569740000	55	40	no	7.6	231.8	23392	20809	13323	5859	57	37936	796	154	0	3689	2041	317
January 5, 2008 3:50:00 PM UTC	1199569800000	46	48	no	7.4	232.0	23392	20809	13334	5802	57	37982	800	153	0	3701	1731	477
January 5, 2008 3:51:00 PM UTC	1199569860000	43	50	no	7.3	232.2	23392	20809	13334	5802	26	38013	789	252	0	3710	1851	250
January 5, 2008 3:52:00 PM UTC	1199569920000	48	46	no	7.1	232.3	23392	20809	13321	5857	17	37980	764	254	0	3720	2006	201
January 5, 2008 3:53:00 PM UTC	1199569980000	35	57	no	7.0	232.5	23392	20809	13334	5802	4	38035	767	375	0	3734	1511	186
January 5, 2008 3:54:00 PM UTC	1199570040000	26	65	no	6.8	232.7	23392	20809	13334	5802	34	38005	753	218	0	3747	1543	237
January 5, 2008 3:55:00 PM UTC	1199570100000	16	72	no	6.7	232.9	23392	20809	13330	5823	55	37967	740	126	0	3754	899	449
January 5, 2008 3:56:00 PM UTC	1199570160000	23	63	no	6.5	233.0	23392	20809	13342	5767	2	38064	735	354	0	3775	1157	175
January 5, 2008 3:57:00 PM UTC	1199570220000	13	62	no	6.4	233.2	23392	20809	13323	5827	31	37994	710	203	0	3779	654	141
January 5, 2008 3:58:00 PM UTC	1199570280000	8	57	no	6.2	233.4	23392	20809	13323	5827	16	38009	700	186	0	3788	233	87
January 5, 2008 3:59:00 PM UTC	1199570340000	6	48	no	6.1	233.5	23392	20809	13345	5730	51	38049	708	167	0	3806	202	31
January 5, 2008 4:00:00 PM UTC	1199570400000	5	38	no	5.9	233.7	23392	20809	13332	5787	50	38006	683	138	0	3820	86	5
January 5, 2008 4:01:00 PM UTC	1199570460000	1	18	no	5.8	233.9	23392	20809	13321	5881	43	37930	660	138	0	3822	47	0
January 5, 2008 4:02:00 PM UTC	1199570520000	1	10	no	5.6	234.1	23392	20809	13319	5898	40	37918	645	158	0	3825	64	0
January 5, 2008 4:03:00 PM UTC	1199570580000	1	9	no	5.4	234.2	23392	20809	13331	5841	59	37944	643	113	0	3853	61	0
January 5, 2008 4:04:00 PM UTC	1199570640000	1	4	no	5.3	234.4	23392	20809	13331	5841	65	37938	635	110	0	3865	41	0
January 5, 2008 4:05:00 PM UTC	1199570700000	2	17	no	5.1	234.6	23392	20809	13327	5859	63	37926	619	121	0	3862	51	0
January 5, 2008 4:06:00 PM UTC	1199570760000	2	11	no	5.0	234.7	23392	20809	13331	5841	28	37975	612	227	0	3883	114	0
January 5, 2008 4:07:00 PM UTC	1199570820000	1	12	no	4.8	234.9	23392	20809	13331	5841	62	37941	602	128	0	3902	69	0
January 5, 2008 4:08:00 PM UTC	1199570880000	1	13	no	4.7	235.1	23392	20809	13326	5860	74	37915	582	106	0	3895	44	0
January 5, 2008 4:09:00 PM UTC	1199570940000	1	7	no	4.5	235.3	23392	20809	13336	5800	71	37968	583	127	0	3917	50	0
January 5, 2008 4:10:00 PM UTC	1199571000000	1	7	no	4.3	235.4	23392	20809	13316	5896	73	37890	554	119	0	3930	57	0
January 5, 2008 4:11:00 PM UTC	1199571060000	1	7	no	4.2	235.6	23392	20809	13317	5873	86	37899	546	103	0	3927	51	0
January 5, 2008 4:12:00 PM UTC	1199571120000	1	11	no	4.0	235.8	23392	20809	13341	5775	96	37963	558	104	0	3951	51	0
January 5, 2008 4:13:00 PM UTC	1199571180000	1	7	no	3.9	235.9	23392	20809	13328	5831	72	37944	536	140	0	3964	60	0
January 5, 2008 4:14:00 PM UTC	1199571240000	1	4	no	3.7	236.1	23392	20809	13328	5831	89	37927	521	129	0	3971	69	0
January 5, 2008 4:15:00 PM UTC	1199571300000	1	1	no	3.6	236.3	23392	20809	13339	5835	115	37886	514	112	0	3985	64	0
January 5, 2008 4:16:00 PM UTC	1199571360000	1	2	no	3.4	236.4	23392	20809	13326	5894	132	37823	497	88	0	3992	53	0
January 5, 2008 4:17:00 PM UTC	1199571420000	1	2	no	3.2	236.6	23392	20809	13326	5894	147	37808	486	92	0	4001	50	0
January 5, 2008 4:18:00 PM UTC	1199571480000	1	1	no	3.1	236.8	23392	20809	13326	5894	148	37807	475	104	0	4010	68	0
