January 30, 2008 7:27:00 AM UTC	1201699620000	9	1	no	3.1	116.4	23392	20809	13330	5879	163	37803	480	318	0	4013	1823	344
January 30, 2008 7:28:00 AM UTC	1201699680000	9	1	no	3.3	116.5	23392	20809	13330	5879	151	37815	491	340	0	3999	1761	370
January 30, 2008 7:29:00 AM UTC	1201699740000	9	1	no	3.5	116.7	23392	20809	13330	5879	140	37826	500	360	0	3992	1841	330
January 30, 2008 7:30:00 AM UTC	1201699800000	9	1	no	3.6	116.9	23392	20809	13322	5910	132	37811	508	376	0	3969	1794	400
January 30, 2008 7:31:00 AM UTC	1201699860000	9	1	no	3.8	117.0	23392	20809	13322	5910	126	37817	517	391	0	3962	1783	415
January 30, 2008 7:34:00 AM UTC	1201700040000	8	1	no	4.3	117.5	23392	20809	13322	5930	109	37814	550	441	0	3922	1432	399
January 30, 2008 7:37:00 AM UTC	1201700220000	8	2	no	4.8	118.0	23392	20809	13322	5930	101	37822	593	492	0	3884	1427	508
January 30, 2008 7:38:00 AM UTC	1201700280000	9	2	no	5.0	118.2	23392	20809	13336	5868	101	37870	614	513	0	3884	1574	442
January 30, 2008 7:39:00 AM UTC	1201700340000	10	2	no	5.2	118.4	23392	20809	13322	5930	97	37826	617	520	0	3862	1779	456
January 30, 2008 7:40:00 AM UTC	1201700400000	9	2	no	5.3	118.5	23392	20809	13335	5869	99	37872	639	540	0	3859	1683	568
January 30, 2008 7:41:00 AM UTC	1201700460000	9	2	no	5.5	118.7	23392	20809	13338	5806	93	37938	651	558	0	3852	1722	572
January 30, 2008 7:44:00 AM UTC	1201700640000	7	1	no	6.0	119.2	23392	20809	13337	5805	90	37943	693	603	0	3812	969	381
January 30, 2008 7:45:00 AM UTC	1201700700000	9	2	no	6.2	119.4	23392	20809	13337	5805	88	37945	700	612	0	3804	1621	636
January 30, 2008 7:46:00 AM UTC	1201700760000	9	2	no	6.3	119.6	23392	20809	13330	5839	86	37920	709	623	0	3785	1599	597
January 30, 2008 7:47:00 AM UTC	1201700820000	9	3	no	6.5	119.7	23392	20809	13330	5839	88	37918	720	632	0	3776	1555	711
January 30, 2008 7:48:00 AM UTC	1201700880000	9	2	no	6.7	119.9	23392	20809	13329	5862	89	37895	723	634	0	3766	1564	559
January 30, 2008 7:49:00 AM UTC	1201700940000	9	3	no	6.8	120.1	23392	20809	13329	5862	90	37894	744	654	0	3745	1569	679
January 30, 2008 7:50:00 AM UTC	1201701000000	9	3	no	7.0	120.3	23392	20809	13329	5861	91	37894	755	664	0	3735	1504	720
January 30, 2008 7:51:00 AM UTC	1201701060000	9	3	no	7.2	120.4	23392	20809	13329	5861	90	37895	770	680	0	3721	1459	670
January 30, 2008 7:52:00 AM UTC	1201701120000	9	3	no	7.3	120.6	23392	20809	13329	5861	93	37892	781	688	0	3708	1417	702
January 30, 2008 7:53:00 AM UTC	1201701180000	9	3	no	7.5	120.8	23392	20809	13321	5949	90	37815	783	693	0	3693	1369	649
January 30, 2008 7:54:00 AM UTC	1201701240000	9	3	no	7.6	120.9	23392	20809	13321	5949	90	37815	794	704	0	3682	1408	682
January 30, 2008 7:57:00 AM UTC	1201701420000	8	1	no	8.1	121.5	23392	20809	13323	5888	93	37871	831	738	0	3651	834	338
January 30, 2008 7:58:00 AM UTC	1201701480000	8	2	no	8.3	121.6	23392	20809	13336	5828	98	37913	864	766	0	3638	865	430
January 30, 2008 7:59:00 AM UTC	1201701540000	9	3	no	8.5	121.8	23392	20809	13321	5887	94	37873	859	765	0	3620	1319	641
January 30, 2008 8:00:00 AM UTC	1201701600000	10	3	no	8.6	122.0	23392	20809	13329	5866	99	37881	884	785	0	3608	1313	692
January 30, 2008 8:01:00 AM UTC	1201701660000	10	3	no	8.8	122.2	23392	20809	13336	5852	101	37886	900	799	0	3599	1300	723
January 30, 2008 8:02:00 AM UTC	1201701720000	10	3	no	9.0	122.4	23392	20809	13322	5911	96	37846	897	801	0	3581	1323	769
January 30, 2008 8:05:00 AM UTC	1201701900000	9	3	no	9.4	122.9	23392	20809	13326	5891	102	37856	942	837	3	3544	1112	759
January 30, 2008 8:06:00 AM UTC	1201701960000	9	3	no	9.6	123.1	23392	20809	13334	5853	109	37879	961	852	0	3536	1154	720
January 30, 2008 8:07:00 AM UTC	1201702020000	9	3	no	9.8	123.2	23392	20809	13326	5891	105	37853	968	861	2	3516	1143	720
January 30, 2008 8:08:00 AM UTC	1201702080000	9	3	no	9.9	123.4	23392	20809	13326	5891	105	37853	978	873	0	3509	1102	684
January 30, 2008 8:09:00 AM UTC	1201702140000	9	3	no	10.1	123.6	23392	20809	13326	5891	109	37849	992	883	0	3496	1098	760
January 30, 2008 8:10:00 AM UTC	1201702200000	9	3	no	10.2	123.8	23392	20809	13341	5776	114	37944	1023	909	0	3482	921	807
January 30, 2008 8:11:00 AM UTC	1201702260000	9	3	no	10.4	124.0	23392	20809	13327	5836	111	37901	1020	909	0	3474	972	718
January 30, 2008 8:12:00 AM UTC	1201702320000	9	3	no	10.6	124.1	23392	20809	13327	5836	112	37900	1036	924	0	3459	889	746
January 30, 2008 8:13:00 AM UTC	1201702380000	9	3	no	10.7	124.3	23392	20809	13341	5775	119	37940	1060	941	0	3444	991	787
January 30, 2008 8:14:00 AM UTC	1201702440000	9	3	no	10.9	124.5	23392	20809	13318	5868	116	37873	1049	933	0	3437	926	700
January 30, 2008 8:15:00 AM UTC	1201702500000	9	3	no	11.0	124.7	23392	20809	13336	5803	123	37913	1081	958	0	3422	935	683
January 30, 2008 8:16:00 AM UTC	1201702560000	9	3	no	11.2	124.9	23392	20809	13326	5863	115	37871	1080	965	0	3400	882	683
January 30, 2008 8:17:00 AM UTC	1201702620000	9	3	no	11.3	125.0	23392	20809	13331	5844	122	37878	1098	976	0	3408	958	710
January 30, 2008 8:20:00 AM UTC	1201702800000	9	3	no	11.8	125.6	23392	20809	13331	5844	122	37878	1138	1016	0	3362	817	642
January 30, 2008 8:21:00 AM UTC	1201702860000	9	3	no	12.0	125.8	23392	20809	13331	5844	123	37877	1153	1030	0	3343	885	663
January 30, 2008 8:22:00 AM UTC	1201702920000	9	3	no	12.1	126.0	23392	20809	13331	5844	126	37874	1165	1039	0	3323	889	675
January 30, 2008 8:23:00 AM UTC	1201702980000	9	3	no	12.3	126.2	23392	20809	13321	5885	123	37846	1162	1039	0	3324	764	682
January 30, 2008 8:24:00 AM UTC	1201703040000	9	3	no	12.4	126.3	23392	20809	13332	5785	132	37926	1194	1062	0	3310	779	676
January 30, 2008 8:25:00 AM UTC	1201703100000	9	3	no	12.6	126.5	23392	20809	13333	5786	131	37925	1213	1081	1	3287	744	687
January 30, 2008 8:26:00 AM UTC	1201703160000	9	3	no	12.7	126.7	23392	20809	13323	5826	127	37899	1208	1081	0	3281	761	648
January 30, 2008 8:27:00 AM UTC	1201703220000	9	3	no	12.9	126.9	23392	20809	13335	5769	133	37938	1239	1105	1	3267	749	663
January 30, 2008 8:28:00 AM UTC	1201703280000	9	3	no	13.0	127.1	23392	20809	13332	5810	130	37903	1245	1113	2	3255	737	665
January 30, 2008 8:29:00 AM UTC	1201703340000	9	3	no	13.2	127.3	23392	20809	13323	5850	127	37875	1247	1120	0	3244	702	693
January 30, 2008 8:30:00 AM UTC	1201703400000	9	3	no	13.3	127.5	23392	20809	13334	5800	134	37907	1271	1131	6	3238	655	678
January 30, 2008 8:31:00 AM UTC	1201703460000	9	2	no	13.5	127.6	23392	20809	13321	5856	129	37869	1264	1135	0	3230	660	624
January 30, 2008 8:32:00 AM UTC	1201703520000	9	3	no	13.7	127.8	23392	20809	13334	5800	134	37907	1301	1167	0	3209	615	658
January 30, 2008 8:33:00 AM UTC	1201703580000	9	2	no	13.8	128.0	23392	20809	13334	5800	132	37909	1309	1171	6	3207	637	638
January 30, 2008 8:34:00 AM UTC	1201703640000	9	2	no	14.0	128.2	23392	20809	13323	5857	127	37868	1307	1180	0	3195	638	598
January 30, 2008 8:35:00 AM UTC	1201703700000	8	3	no	14.1	128.4	23392	20809	13322	5912	128	37813	1317	1189	0	3181	553	708
January 30, 2008 8:36:00 AM UTC	1201703760000	9	3	no	14.3	128.6	23392	20809	13333	5865	130	37847	1347	1216	1	3171	593	655
January 30, 2008 8:37:00 AM UTC	1201703820000	9	3	no	14.4	128.8	23392	20809	13326	5858	128	37863	1350	1222	0	3163	592	651
January 30, 2008 8:38:00 AM UTC	1201703880000	9	3	no	14.6	129.0	23392	20809	13326	5858	126	37865	1361	1235	0	3152	572	666
January 30, 2008 8:39:00 AM UTC	1201703940000	8	3	no	14.7	129.2	23392	20809	13347	5759	135	37934	1408	1260	13	3142	460	735
January 30, 2008 8:40:00 AM UTC	1201704000000	8	2	no	14.8	129.4	23392	20809	13324	5893	126	37832	1380	1254	0	3135	459	619
January 30, 2008 8:41:00 AM UTC	1201704060000	8	3	no	15.0	129.6	23392	20809	13324	5893	124	37834	1391	1267	0	3130	451	641
January 30, 2008 8:42:00 AM UTC	1201704120000	8	3	no	15.1	129.8	23392	20809	13336	5838	125	37876	1420	1284	11	3120	451	673
January 30, 2008 8:43:00 AM UTC	1201704180000	8	2	no	15.3	129.9	23392	20809	13324	5893	121	37837	1416	1293	2	3108	452	613
January 30, 2008 8:44:00 AM UTC	1201704240000	9	2	no	15.4	130.1	23392	20809	13335	5839	125	37876	1445	1320	0	3104	451	597
January 30, 2008 8:45:00 AM UTC	1201704300000	8	2	no	15.6	130.3	23392	20809	13335	5839	121	37880	1457	1318	18	3094	380	580
January 30, 2008 8:46:00 AM UTC	1201704360000	8	2	no	15.7	130.5	23392	20809	13314	5936	112	37813	1437	1316	9	3089	359	548
January 30, 2008 8:47:00 AM UTC	1201704420000	8	2	no	15.9	130.7	23392	20809	13337	5829	118	37891	1488	1363	6	3074	369	579
January 30, 2008 8:50:00 AM UTC	1201704600000	7	1	no	16.3	131.3	23392	20809	13338	5787	119	37931	1528	1165	237	3054	189	94
January 30, 2008 8:51:00 AM UTC	1201704660000	8	2	no	16.5	131.5	23392	20809	13328	5832	110	37905	1523	1363	48	3046	229	443
January 30, 2008 8:52:00 AM UTC	1201704720000	8	2	no	16.6	131.7	23392	20809	13327	5874	110	37864	1530	1409	11	3036	338	579
January 30, 2008 8:53:00 AM UTC	1201704780000	8	3	no	16.7	131.9	23392	20809	13327	5874	109	37865	1534	1415	10	3038	326	635
January 30, 2008 8:54:00 AM UTC	1201704840000	8	2	no	16.9	132.1	23392	20809	13339	5820	112	37904	1573	1455	6	3024	316	573
January 30, 2008 8:55:00 AM UTC	1201704900000	8	2	no	17.0	132.3	23392	20809	13327	5873	108	37867	1562	1398	53	3023	232	502
January 30, 2008 8:56:00 AM UTC	1201704960000	8	2	no	17.2	132.5	23392	20809	13328	5868	106	37873	1580	1448	20	3012	323	534
January 30, 2008 8:57:00 AM UTC	1201705020000	8	2	no	17.3	132.7	23392	20809	13339	5821	108	37907	1605	1459	34	3009	237	586
January 30, 2008 8:58:00 AM UTC	1201705080000	8	2	no	17.4	132.9	23392	20809	13318	5918	98	37841	1585	1467	20	3000	198	515
January 30, 2008 8:59:00 AM UTC	1201705140000	8	2	no	17.6	133.1	23392	20809	13329	5866	104	37876	1615	1480	31	2995	192	496
January 30, 2008 9:00:00 AM UTC	1201705200000	8	2	no	17.7	133.3	23392	20809	13339	5816	105	37915	1648	1446	97	2986	148	431
January 30, 2008 9:01:00 AM UTC	1201705260000	8	2	no	17.9	133.5	23392	20809	13327	5871	99	37878	1633	1533	1	2982	203	539
January 30, 2008 9:02:00 AM UTC	1201705320000	8	2	no	18.0	133.7	23392	20809	13329	5819	100	37927	1656	1476	80	2976	181	477
January 30, 2008 9:03:00 AM UTC	1201705380000	8	2	no	18.1	133.9	23392	20809	13329	5870	95	37881	1660	1544	21	2967	194	516
January 30, 2008 9:04:00 AM UTC	1201705440000	8	2	no	18.3	134.1	23392	20809	13329	5870	95	37881	1667	1562	10	2964	181	577
January 30, 2008 9:05:00 AM UTC	1201705500000	8	2	no	18.4	134.3	23392	20809	13329	5870	93	37883	1681	1499	88	2958	154	446
January 30, 2008 9:06:00 AM UTC	1201705560000	8	2	no	18.6	134.5	23392	20809	13338	5821	95	37921	1712	1508	109	2953	144	415
January 30, 2008 9:07:00 AM UTC	1201705620000	8	2	no	18.7	134.8	23392	20809	13328	5870	89	37888	1708	1548	71	2943	136	434
January 30, 2008 9:08:00 AM UTC	1201705680000	8	2	no	18.8	135.0	23392	20809	13329	5867	87	37892	1718	1526	105	2941	130	481
January 30, 2008 9:09:00 AM UTC	1201705740000	8	2	no	19.0	135.2	23392	20809	13341	5819	91	37924	1743	1574	77	2940	151	491
January 30, 2008 9:10:00 AM UTC	1201705800000	8	2	no	19.1	135.4	23392	20809	13316	5916	75	37868	1721	1568	78	2932	138	447
January 30, 2008 9:11:00 AM UTC	1201705860000	8	2	no	19.2	135.6	23392	20809	13329	5928	81	37837	1743	1528	134	2923	119	371
January 30, 2008 9:12:00 AM UTC	1201705920000	8	2	no	19.4	135.8	23392	20809	13341	5880	85	37869	1779	1628	66	2922	147	461
January 30, 2008 9:13:00 AM UTC	1201705980000	8	2	no	19.5	136.0	23392	20809	13328	5874	77	37896	1772	1564	131	2915	121	320
January 30, 2008 9:14:00 AM UTC	1201706040000	8	2	no	19.6	136.2	23392	20809	13328	5884	74	37889	1782	1635	73	2913	123	411
January 30, 2008 9:15:00 AM UTC	1201706100000	8	2	no	19.8	136.4	23392	20809	13328	5934	70	37843	1789	1631	88	2910	120	473
January 30, 2008 9:16:00 AM UTC	1201706160000	8	2	no	19.9	136.6	23392	20809	13329	5933	69	37844	1794	1668	57	2900	146	412
January 30, 2008 9:17:00 AM UTC	1201706220000	8	3	no	20.0	136.8	23392	20809	13316	5983	65	37811	1784	1620	99	2900	136	489
January 30, 2008 9:18:00 AM UTC	1201706280000	8	2	no	20.2	137.1	23392	20809	13341	5887	63	37884	1831	1639	129	2896	101	339
January 30, 2008 9:19:00 AM UTC	1201706340000	8	2	no	20.3	137.3	23392	20809	13316	5919	64	37876	1813	1654	95	2895	136	384
January 30, 2008 9:20:00 AM UTC	1201706400000	8	2	no	20.4	137.5	23392	20809	13328	5870	59	37918	1852	1704	89	2881	115	340
January 30, 2008 9:21:00 AM UTC	1201706460000	8	2	no	20.5	137.7	23392	20809	13328	5872	60	37915	1858	1703	95	2882	123	389
January 30, 2008 9:22:00 AM UTC	1201706520000	8	2	no	20.7	137.9	23392	20809	13328	5872	55	37920	1874	1606	213	2874	125	300
January 30, 2008 9:23:00 AM UTC	1201706580000	8	2	no	20.8	138.1	23392	20809	13338	5825	62	37950	1893	1716	115	2876	127	345
January 30, 2008 9:24:00 AM UTC	1201706640000	8	2	no	20.9	138.3	23392	20809	13328	5872	53	37922	1889	1775	61	2870	113	457
January 30, 2008 9:25:00 AM UTC	1201706700000	8	2	no	21.1	138.6	23392	20809	13329	5830	50	37966	1909	1815	44	2862	111	477
January 30, 2008 9:26:00 AM UTC	1201706760000	8	2	no	21.2	138.8	23392	20809	13326	5886	46	37917	1912	1764	102	2859	113	346
January 30, 2008 9:27:00 AM UTC	1201706820000	8	2	no	21.3	139.0	23392	20809	13326	5886	46	37917	1919	1771	102	2858	107	439
January 30, 2008 9:28:00 AM UTC	1201706880000	8	2	no	21.4	139.2	23392	20809	13340	5768	47	38020	1958	1717	194	2858	95	360
January 30, 2008 9:29:00 AM UTC	1201706940000	8	2	no	21.6	139.4	23392	20809	13329	5815	40	37991	1949	1722	187	2853	110	330
January 30, 2008 9:30:00 AM UTC	1201707000000	8	2	no	21.7	139.6	23392	20809	13328	5818	34	37995	1956	1753	169	2850	102	339
January 30, 2008 9:31:00 AM UTC	1201707060000	8	2	no	21.8	139.9	23392	20809	13340	5768	36	38031	1992	1790	165	2844	94	350
January 30, 2008 9:32:00 AM UTC	1201707120000	8	2	no	21.9	140.1	23392	20809	13319	5865	24	37967	1955	1739	191	2845	109	274
January 30, 2008 9:33:00 AM UTC	1201707180000	8	2	no	22.1	140.3	23392	20809	13330	5819	24	38002	1984	1763	196	2844	104	276
January 30, 2008 9:34:00 AM UTC	1201707240000	8	2	no	22.2	140.5	23392	20809	13328	5822	20	38005	1996	1746	229	2837	88	262
January 30, 2008 9:35:00 AM UTC	1201707300000	8	2	no	22.3	140.7	23392	20809	13338	5776	21	38040	2026	1869	136	2834	124	332
January 30, 2008 9:36:00 AM UTC	1201707360000	8	2	no	22.4	141.0	23392	20809	13330	5781	20	38044	2026	1637	369	2832	97	208
January 30, 2008 9:37:00 AM UTC	1201707420000	8	2	no	22.5	141.2	23392	20809	13328	5837	14	37996	2023	1735	271	2829	94	211
January 30, 2008 9:38:00 AM UTC	1201707480000	8	1	no	22.7	141.4	23392	20809	13337	5795	15	38028	2047	1660	348	2829	112	81
January 30, 2008 9:39:00 AM UTC	1201707540000	8	2	no	22.8	141.6	23392	20809	13329	5838	9	37999	2042	1704	323	2826	91	105
January 30, 2008 9:40:00 AM UTC	1201707600000	8	2	no	22.9	141.9	23392	20809	13325	5850	9	37991	2047	1845	193	2822	79	251
January 30, 2008 9:41:00 AM UTC	1201707660000	8	3	no	23.0	142.1	23392	20809	13338	5795	8	38034	2079	1882	189	2818	73	298
January 30, 2008 9:42:00 AM UTC	1201707720000	8	4	no	23.1	142.3	23392	20809	13316	5890	5	37964	2049	1833	211	2820	94	323
January 30, 2008 9:43:00 AM UTC	1201707780000	8	6	no	23.2	142.5	23392	20809	13338	5795	4	38038	2097	1840	253	2812	86	294
January 30, 2008 9:44:00 AM UTC	1201707840000	8	7	no	23.4	142.8	23392	20809	13326	5848	1	38000	2082	1689	356	2809	74	113
January 30, 2008 9:45:00 AM UTC	1201707900000	8	12	no	23.5	143.0	23392	20809	13335	5806	1	38033	2110	1677	365	2813	96	57
January 30, 2008 9:46:00 AM UTC	1201707960000	8	19	no	23.6	143.2	23392	20809	13326	5847	0	38002	2106	1501	348	2808	92	434
January 30, 2008 9:47:00 AM UTC	1201708020000	9	17	no	23.7	143.4	23392	20809	13327	5868	0	37980	2102	1597	214	2809	210	267
January 30, 2008 9:48:00 AM UTC	1201708080000	10	21	no	23.8	143.7	23392	20809	13336	5826	0	38013	2133	1548	403	2807	187	278
January 30, 2008 9:49:00 AM UTC	1201708140000	12	17	no	23.9	143.9	23392	20809	13325	5868	0	37982	2124	1727	251	2804	223	556
January 30, 2008 9:50:00 AM UTC	1201708200000	11	13	no	24.0	144.1	23392	20809	13336	5827	0	38012	2154	1889	124	2798	642	586
January 30, 2008 9:51:00 AM UTC	1201708260000	10	12	no	24.2	144.4	23392	20809	13336	5827	0	38012	2159	2023	95	2810	454	757
January 30, 2008 9:52:00 AM UTC	1201708320000	9	6	no	24.3	144.6	23392	20809	13336	5827	0	38012	2168	1998	150	2796	356	575
January 30, 2008 9:53:00 AM UTC	1201708380000	9	3	no	24.4	144.8	23392	20809	13336	5827	0	38012	2176	1900	262	2800	275	505
January 30, 2008 9:54:00 AM UTC	1201708440000	9	3	no	24.5	145.0	23392	20809	13324	5882	0	37969	2157	1919	234	2784	162	357
January 30, 2008 9:55:00 AM UTC	1201708500000	9	3	no	24.6	145.3	23392	20809	13345	5787	0	38043	2213	2016	197	2793	125	356
January 30, 2008 9:56:00 AM UTC	1201708560000	9	2	no	24.7	145.5	23392	20809	13332	5842	0	38001	2195	1860	289	2802	124	97
January 30, 2008 9:57:00 AM UTC	1201708620000	8	2	no	24.8	145.7	23392	20809	13322	5944	0	37909	2172	1828	278	2790	150	106
January 30, 2008 9:58:00 AM UTC	1201708680000	8	2	no	24.9	146.0	23392	20809	13332	5869	0	37974	2207	1840	295	2799	147	134
January 30, 2008 9:59:00 AM UTC	1201708740000	8	2	no	25.0	146.2	23392	20809	13333	5869	0	37973	2212	1886	266	2784	111	171
January 30, 2008 10:00:00 AM UTC	1201708800000	8	3	no	25.1	146.5	23392	20809	13324	5908	0	37943	2200	1718	349	2794	147	166
January 30, 2008 10:01:00 AM UTC	1201708860000	8	4	no	25.2	146.7	23392	20809	13333	5869	0	37973	2231	1694	411	2786	121	181
January 30, 2008 10:02:00 AM UTC	1201708920000	8	7	no	25.4	146.9	23392	20809	13333	5869	0	37973	2236	1656	387	2790	135	143
January 30, 2008 10:03:00 AM UTC	1201708980000	9	12	no	25.5	147.2	23392	20809	13342	5812	0	38021	2279	1778	385	2782	123	307
January 30, 2008 10:04:00 AM UTC	1201709040000	12	18	no	25.6	147.4	23392	20809	13332	5869	0	37974	2256	1725	361	2789	158	946
January 30, 2008 10:05:00 AM UTC	1201709100000	15	24	no	25.7	147.6	23392	20809	13333	5868	0	37974	2260	1647	362	2780	329	1060
January 30, 2008 10:06:00 AM UTC	1201709160000	23	29	no	25.8	147.9	23392	20809	13328	5888	0	37959	2257	1676	321	2787	1264	130
January 30, 2008 10:07:00 AM UTC	1201709220000	31	30	no	25.9	148.1	23392	20809	13341	5827	0	38007	2296	1865	234	2784	1391	10
January 30, 2008 10:08:00 AM UTC	1201709280000	38	33	no	26.0	148.4	23392	20809	13327	5920	0	37928	2271	1991	163	2783	1401	206
January 30, 2008 10:09:00 AM UTC	1201709340000	47	28	no	26.1	148.6	23392	20809	13340	5863	0	37972	2305	2134	91	2781	1480	463
January 30, 2008 10:10:00 AM UTC	1201709400000	53	30	no	26.2	148.8	23392	20809	13327	5920	0	37928	2285	2194	46	2780	1757	502
January 30, 2008 10:11:00 AM UTC	1201709460000	59	29	no	26.3	149.1	23392	20809	13349	5825	0	38001	2333	2311	14	2782	2111	411
January 30, 2008 10:12:00 AM UTC	1201709520000	66	26	no	26.4	149.3	23392	20809	13327	5920	0	37928	2299	2299	0	2777	2353	344
January 30, 2008 10:13:00 AM UTC	1201709580000	74	22	no	26.5	149.6	23392	20809	13328	5919	0	37928	2306	2306	0	2776	2591	166
January 30, 2008 10:14:00 AM UTC	1201709640000	81	18	no	26.6	149.8	23392	20809	13336	5886	0	37953	2334	2334	0	2775	2715	60
January 30, 2008 10:15:00 AM UTC	1201709700000	88	11	no	26.7	150.0	23392	20809	13333	5882	0	37960	2337	2337	0	2778	2750	28
January 30, 2008 10:16:00 AM UTC	1201709760000	95	4	no	26.7	150.3	23392	20809	13330	5871	0	37974	2343	2343	0	2774	2773	1
January 30, 2008 10:17:00 AM UTC	1201709820000	98	2	no	26.8	150.5	23392	20809	13336	5834	0	38005	2362	2362	0	2778	2778	0
January 30, 2008 10:18:00 AM UTC	1201709880000	99	1	no	26.9	150.8	23392	20809	13322	5934	0	37919	2336	2336	0	2771	2771	0
January 30, 2008 10:19:00 AM UTC	1201709940000	100	0	no	27.0	151.0	23392	20809	13344	5832	0	37999	2385	2385	0	2781	2781	0
January 30, 2008 10:20:00 AM UTC	1201710000000	100	0	no	27.1	151.3	23392	20809	13323	5926	0	37926	2349	2349	0	2775	2775	0
January 30, 2008 10:21:00 AM UTC	1201710060000	100	0	no	27.2	151.5	23392	20809	13335	5876	0	37964	2384	2384	0	2777	2777	0
January 30, 2008 10:22:00 AM UTC	1201710120000	100	0	no	27.3	151.8	23392	20809	13330	5902	0	37943	2375	2375	0	2775	2775	0
January 30, 2008 10:23:00 AM UTC	1201710180000	100	0	no	27.4	152.0	23392	20809	13330	5902	0	37943	2382	2382	0	2778	2778	0
January 30, 2008 10:24:00 AM UTC	1201710240000	100	0	no	27.5	152.3	23392	20809	13323	5934	0	37918	2369	2369	0	2780	2780	0
January 30, 2008 10:25:00 AM UTC	1201710300000	100	0	yes	27.6	152.5	23392	20809	13330	5902	0	37943	2392	2392	0	2778	2778	0
January 30, 2008 10:26:00 AM UTC	1201710360000	100	0	no	27.7	152.8	23392	20809	13330	5902	0	37943	2399	2399	0	2777	2777	0
January 30, 2008 10:27:00 AM UTC	1201710420000	100	0	no	27.8	153.0	23392	20809	13330	5902	0	37943	2405	2405	0	2778	2778	0
January 30, 2008 10:28:00 AM UTC	1201710480000	100	0	no	27.8	153.3	23392	20809	13335	5908	0	37932	2424	2424	0	2779	2779	0
January 30, 2008 10:29:00 AM UTC	1201710540000	100	0	no	27.9	153.5	23392	20809	13328	5941	0	37906	2414	2414	0	2779	2779	0
January 30, 2008 10:30:00 AM UTC	1201710600000	100	0	no	28.0	153.8	23392	20809	13338	5910	0	37927	2434	2434	0	2778	2778	0
January 30, 2008 10:31:00 AM UTC	1201710660000	100	0	no	28.1	154.0	23392	20809	13322	5928	0	37925	2411	2411	0	2777	2777	0
January 30, 2008 10:32:00 AM UTC	1201710720000	100	0	no	28.2	154.3	23392	20809	13338	5832	0	38005	2456	2456	0	2781	2781	0
January 30, 2008 10:33:00 AM UTC	1201710780000	100	0	no	28.3	154.5	23392	20809	13331	5862	0	37982	2442	2442	0	2776	2776	0
January 30, 2008 10:34:00 AM UTC	1201710840000	100	0	no	28.3	154.8	23392	20809	13338	5832	0	38005	2465	2465	0	2782	2782	0
January 30, 2008 10:35:00 AM UTC	1201710900000	100	0	no	28.4	155.0	23392	20809	13323	5894	0	37958	2445	2445	0	2783	2783	0
January 30, 2008 10:36:00 AM UTC	1201710960000	100	0	no	28.5	155.3	23392	20809	13333	5862	0	37980	2465	2465	0	2783	2783	0
January 30, 2008 10:37:00 AM UTC	1201711020000	99	1	no	28.6	155.5	23392	20809	13346	5801	0	38028	2504	2504	0	2784	2784	0
January 30, 2008 10:38:00 AM UTC	1201711080000	100	0	no	28.7	155.8	23392	20809	13331	5908	0	37936	2468	2468	0	2781	2781	0
January 30, 2008 10:39:00 AM UTC	1201711140000	100	0	no	28.7	156.1	23392	20809	13331	5908	0	37936	2470	2470	0	2784	2784	0
January 30, 2008 10:40:00 AM UTC	1201711200000	100	0	no	28.8	156.3	23392	20809	13331	5908	0	37936	2471	2471	0	2783	2783	0
January 30, 2008 10:41:00 AM UTC	1201711260000	100	0	no	28.9	156.6	23392	20809	13331	5908	0	37936	2478	2478	0	2781	2781	0
January 30, 2008 10:42:00 AM UTC	1201711320000	100	0	no	29.0	156.8	23392	20809	13337	5881	0	37957	2498	2498	0	2782	2782	0
January 30, 2008 10:43:00 AM UTC	1201711380000	100	0	no	29.0	157.1	23392	20809	13338	5839	0	37998	2519	2519	0	2777	2777	0
January 30, 2008 10:44:00 AM UTC	1201711440000	100	0	no	29.1	157.3	23392	20809	13332	5867	0	37976	2501	2501	0	2788	2788	0
January 30, 2008 10:45:00 AM UTC	1201711500000	100	0	yes	29.2	157.6	23392	20809	13325	5900	0	37950	2499	2499	0	2778	2778	0
January 30, 2008 10:46:00 AM UTC	1201711560000	98	2	yes	29.3	157.9	23392	20809	13338	5839	0	37998	2529	2529	0	2786	2786	0
January 30, 2008 10:47:00 AM UTC	1201711620000	87	13	yes	29.3	158.1	23392	20809	13336	5910	0	37929	2519	2519	0	2785	2785	0
January 30, 2008 10:48:00 AM UTC	1201711680000	72	28	yes	29.4	158.4	23392	20809	13329	5928	0	37918	2513	2513	0	2784	2784	0
January 30, 2008 10:49:00 AM UTC	1201711740000	57	43	yes	29.5	158.7	23392	20809	13343	5866	0	37966	2543	2543	0	2786	2786	0
January 30, 2008 10:50:00 AM UTC	1201711800000	45	54	yes	29.5	158.9	23392	20809	13322	5969	0	37884	2502	2502	0	2780	2780	0
January 30, 2008 10:51:00 AM UTC	1201711860000	38	60	yes	29.6	159.2	23392	20809	13322	5954	0	37899	2501	2501	0	2790	2790	0
January 30, 2008 10:52:00 AM UTC	1201711920000	34	63	yes	29.7	159.4	23392	20809	13342	5866	0	37967	2566	2566	0	2782	2754	28
January 30, 2008 10:53:00 AM UTC	1201711980000	30	66	yes	29.8	159.7	23392	20809	13329	5929	0	37917	2527	2527	0	2790	2605	185
January 30, 2008 10:54:00 AM UTC	1201712040000	31	62	no	29.8	160.0	23392	20809	13329	5929	0	37917	2543	2543	0	2782	2368	414
January 30, 2008 10:55:00 AM UTC	1201712100000	36	53	no	29.9	160.2	23392	20809	13335	5906	0	37934	2551	2551	0	2789	2349	440
January 30, 2008 10:56:00 AM UTC	1201712160000	41	42	no	29.9	160.5	23392	20809	13328	5929	0	37918	2550	2550	0	2791	2526	265
January 30, 2008 10:57:00 AM UTC	1201712220000	40	37	no	30.0	160.8	23392	20809	13329	5920	0	37926	2551	2551	0	2788	2644	144
January 30, 2008 10:58:00 AM UTC	1201712280000	38	29	no	30.1	161.0	23392	20809	13335	5883	0	37957	2571	2571	0	2794	2745	49
January 30, 2008 10:59:00 AM UTC	1201712340000	35	25	no	30.1	161.3	23392	20809	13335	5883	0	37957	2576	2576	0	2791	2683	108
January 30, 2008 11:00:00 AM UTC	1201712400000	29	21	no	30.2	161.6	23392	20809	13336	5882	0	37957	2573	2573	0	2793	2620	166
January 30, 2008 11:01:00 AM UTC	1201712460000	22	16	yes	30.3	161.8	23392	20809	13336	5882	0	37957	2578	2578	0	2794	2157	396
January 30, 2008 11:02:00 AM UTC	1201712520000	18	13	yes	30.3	162.1	23392	20809	13341	5837	0	37997	2599	2590	9	2797	1925	376
January 30, 2008 11:03:00 AM UTC	1201712580000	18	13	no	30.4	162.4	23392	20809	13330	5893	0	37952	2571	2571	0	2796	1963	482
January 30, 2008 11:04:00 AM UTC	1201712640000	17	9	no	30.4	162.6	23392	20809	13335	5846	0	37994	2601	2598	3	2798	1920	518
January 30, 2008 11:05:00 AM UTC	1201712700000	15	7	no	30.5	162.9	23392	20809	13340	5826	0	38009	2612	2402	210	2799	1793	692
January 30, 2008 11:06:00 AM UTC	1201712760000	13	6	no	30.5	163.2	23392	20809	13326	5891	0	37958	2583	2223	324	2801	1341	915
January 30, 2008 11:07:00 AM UTC	1201712820000	12	5	no	30.6	163.4	23392	20809	13323	5965	0	37887	2568	2196	319	2800	1006	806
January 30, 2008 11:08:00 AM UTC	1201712880000	11	4	no	30.7	163.7	23392	20809	13338	5901	0	37936	2606	2275	302	2802	692	882
January 30, 2008 11:09:00 AM UTC	1201712940000	11	4	no	30.7	164.0	23392	20809	13328	5934	0	37913	2589	2399	190	2800	614	1016
January 30, 2008 11:10:00 AM UTC	1201713000000	11	4	no	30.8	164.2	23392	20809	13329	5934	0	37912	2589	2362	226	2805	671	967
January 30, 2008 11:11:00 AM UTC	1201713060000	11	4	no	30.8	164.5	23392	20809	13345	5860	0	37970	2633	2395	236	2799	744	851
January 30, 2008 11:12:00 AM UTC	1201713120000	10	4	no	30.9	164.8	23392	20809	13329	5935	0	37911	2595	2306	278	2803	669	921
January 30, 2008 11:13:00 AM UTC	1201713180000	10	4	no	30.9	165.1	23392	20809	13329	5935	0	37911	2599	2311	258	2805	604	797
January 30, 2008 11:14:00 AM UTC	1201713240000	10	4	no	31.0	165.3	23392	20809	13344	5869	0	37962	2632	2381	238	2809	542	774
January 30, 2008 11:15:00 AM UTC	1201713300000	10	3	no	31.0	165.6	23392	20809	13329	5935	0	37911	2604	2363	203	2806	497	735
January 30, 2008 11:16:00 AM UTC	1201713360000	10	3	no	31.1	165.9	23392	20809	13329	5935	0	37911	2609	2399	204	2808	499	712
January 30, 2008 11:17:00 AM UTC	1201713420000	10	3	no	31.1	166.1	23392	20809	13333	5835	0	38007	2636	2403	228	2812	390	723
January 30, 2008 11:18:00 AM UTC	1201713480000	10	3	no	31.2	166.4	23392	20809	13333	5894	0	37948	2632	2388	241	2808	392	596
January 30, 2008 11:19:00 AM UTC	1201713540000	10	3	no	31.2	166.7	23392	20809	13333	5904	0	37938	2629	2435	194	2812	344	529
January 30, 2008 11:20:00 AM UTC	1201713600000	10	3	no	31.2	167.0	23392	20809	13334	5877	0	37964	2643	2380	263	2808	271	481
January 30, 2008 11:21:00 AM UTC	1201713660000	9	4	no	31.3	167.2	23392	20809	13337	5862	0	37976	2645	2338	305	2818	197	613
January 30, 2008 11:22:00 AM UTC	1201713720000	9	3	no	31.3	167.5	23392	20809	13337	5862	0	37976	2653	2365	264	2810	181	440
January 30, 2008 11:23:00 AM UTC	1201713780000	9	3	no	31.4	167.8	23392	20809	13337	5862	0	37976	2656	2277	331	2815	160	335
January 30, 2008 11:24:00 AM UTC	1201713840000	9	3	no	31.4	168.1	23392	20809	13322	5929	0	37924	2621	2263	309	2814	145	287
January 30, 2008 11:25:00 AM UTC	1201713900000	9	2	no	31.4	168.3	23392	20809	13337	5862	0	37976	2663	2296	309	2811	134	315
January 30, 2008 11:26:00 AM UTC	1201713960000	9	2	no	31.5	168.6	23392	20809	13337	5861	0	37977	2655	2179	364	2825	136	251
January 30, 2008 11:27:00 AM UTC	1201714020000	8	3	no	31.5	168.9	23392	20809	13322	5926	0	37927	2632	2151	403	2824	110	162
January 30, 2008 11:28:00 AM UTC	1201714080000	8	2	no	31.6	169.2	23392	20809	13320	6000	0	37855	2612	2067	414	2813	135	117
January 30, 2008 11:29:00 AM UTC	1201714140000	8	2	no	31.6	169.4	23392	20809	13336	5933	0	37906	2654	2087	438	2819	123	93
January 30, 2008 11:30:00 AM UTC	1201714200000	8	2	no	31.6	169.7	23392	20809	13337	5922	0	37916	2662	2103	432	2820	111	103
January 30, 2008 11:31:00 AM UTC	1201714260000	8	2	no	31.7	170.0	23392	20809	13321	5988	0	37866	2628	1976	461	2822	131	74
January 30, 2008 11:32:00 AM UTC	1201714320000	8	2	no	31.7	170.3	23392	20809	13336	5920	0	37919	2668	2035	446	2818	121	86
January 30, 2008 11:33:00 AM UTC	1201714380000	8	2	no	31.7	170.5	23392	20809	13338	5839	0	37998	2687	2107	481	2821	116	91
January 30, 2008 11:34:00 AM UTC	1201714440000	8	2	no	31.8	170.8	23392	20809	13323	5908	0	37944	2659	2018	445	2819	135	95
January 30, 2008 11:35:00 AM UTC	1201714500000	8	2	no	31.8	171.1	23392	20809	13324	5870	0	37981	2666	2079	458	2822	125	103
January 30, 2008 11:36:00 AM UTC	1201714560000	8	2	no	31.8	171.4	23392	20809	13341	5804	0	38030	2700	2065	460	2825	100	78
January 30, 2008 11:37:00 AM UTC	1201714620000	8	2	no	31.8	171.7	23392	20809	13327	5871	0	37977	2669	2019	440	2822	118	73
January 30, 2008 11:38:00 AM UTC	1201714680000	8	3	no	31.9	171.9	23392	20809	13326	5870	0	37979	2666	2071	452	2827	127	148
January 30, 2008 11:39:00 AM UTC	1201714740000	8	2	no	31.9	172.2	23392	20809	13324	5949	0	37902	2660	2007	432	2820	136	109
January 30, 2008 11:40:00 AM UTC	1201714800000	8	3	no	31.9	172.5	23392	20809	13340	5873	0	37962	2693	2075	441	2820	127	115
January 30, 2008 11:41:00 AM UTC	1201714860000	8	3	no	32.0	172.8	23392	20809	13326	5941	0	37908	2663	2021	444	2819	108	109
January 30, 2008 11:42:00 AM UTC	1201714920000	8	2	no	32.0	173.1	23392	20809	13325	5942	0	37908	2659	1963	487	2825	114	85
January 30, 2008 11:43:00 AM UTC	1201714980000	8	2	no	32.0	173.3	23392	20809	13340	5874	0	37961	2696	2008	501	2825	119	94
January 30, 2008 11:44:00 AM UTC	1201715040000	8	2	no	32.0	173.6	23392	20809	13325	5942	0	37908	2668	1910	464	2822	97	72
January 30, 2008 11:45:00 AM UTC	1201715100000	8	3	no	32.0	173.9	23392	20809	13324	5942	0	37909	2665	1906	496	2828	131	83
January 30, 2008 11:46:00 AM UTC	1201715160000	8	3	no	32.1	174.2	23392	20809	13323	5942	0	37910	2665	1998	513	2830	124	85
January 30, 2008 11:47:00 AM UTC	1201715220000	8	2	no	32.1	174.5	23392	20809	13340	5861	0	37974	2710	1941	490	2828	132	81
January 30, 2008 11:48:00 AM UTC	1201715280000	8	3	no	32.1	174.7	23392	20809	13327	5848	0	38000	2699	2000	521	2826	120	108
January 30, 2008 11:49:00 AM UTC	1201715340000	8	2	no	32.1	175.0	23392	20809	13325	5833	0	38017	2695	1979	462	2832	107	96
January 30, 2008 11:50:00 AM UTC	1201715400000	8	2	no	32.1	175.3	23392	20809	13324	5918	0	37933	2684	1992	486	2827	127	90
January 30, 2008 11:51:00 AM UTC	1201715460000	8	2	no	32.1	175.6	23392	20809	13324	5918	0	37933	2669	2019	512	2836	121	110
January 30, 2008 11:52:00 AM UTC	1201715520000	8	2	no	32.2	175.9	23392	20809	13323	5919	0	37933	2684	1911	459	2829	129	89
January 30, 2008 11:53:00 AM UTC	1201715580000	8	2	no	32.2	176.1	23392	20809	13324	5914	0	37937	2684	2014	490	2829	133	103
January 30, 2008 11:54:00 AM UTC	1201715640000	8	2	no	32.2	176.4	23392	20809	13324	5914	0	37937	2688	1953	431	2832	137	105
January 30, 2008 11:55:00 AM UTC	1201715700000	8	3	no	32.2	176.7	23392	20809	13324	5914	0	37937	2686	1983	588	2831	131	128
January 30, 2008 11:56:00 AM UTC	1201715760000	8	3	no	32.2	177.0	23392	20809	13324	5914	0	37937	2685	2044	505	2834	127	86
January 30, 2008 11:57:00 AM UTC	1201715820000	8	3	no	32.2	177.3	23392	20809	13325	5913	0	37937	2692	1933	479	2827	120	104
January 30, 2008 11:58:00 AM UTC	1201715880000	8	2	no	32.2	177.5	23392	20809	13326	5912	0	37937	2686	1971	472	2833	131	90
January 30, 2008 11:59:00 AM UTC	1201715940000	8	2	no	32.2	177.8	23392	20809	13326	5912	0	37937	2691	1920	467	2832	133	111
January 30, 2008 12:00:00 PM UTC	1201716000000	8	3	no	32.2	178.1	23392	20809	13327	5909	0	37939	2683	1964	475	2834	148	122
January 30, 2008 12:01:00 PM UTC	1201716060000	8	2	no	32.2	178.4	23392	20809	13327	5890	0	37958	2692	2058	441	2829	148	192
January 30, 2008 12:02:00 PM UTC	1201716120000	8	3	no	32.3	178.7	23392	20809	13327	5888	0	37960	2688	1978	490	2832	140	146
January 30, 2008 12:03:00 PM UTC	1201716180000	8	4	no	32.3	178.9	23392	20809	13327	5888	0	37960	2698	2028	475	2829	134	114
January 30, 2008 12:04:00 PM UTC	1201716240000	8	3	no	32.3	179.2	23392	20809	13327	5889	0	37959	2691	2110	441	2831	121	148
January 30, 2008 12:05:00 PM UTC	1201716300000	8	2	no	32.3	179.5	23392	20809	13327	5889	0	37959	2695	1997	519	2830	109	90
January 30, 2008 12:06:00 PM UTC	1201716360000	7	2	no	32.3	179.8	23392	20809	13327	5889	0	37959	2693	1811	536	2830	99	63
January 30, 2008 12:07:00 PM UTC	1201716420000	8	2	no	32.3	180.1	23392	20809	13327	5889	0	37959	2692	1935	503	2832	139	80
January 30, 2008 12:08:00 PM UTC	1201716480000	8	2	no	32.3	180.4	23392	20809	13327	5889	0	37959	2698	2039	492	2826	125	94
January 30, 2008 12:09:00 PM UTC	1201716540000	7	2	no	32.3	180.6	23392	20809	13327	5889	0	37959	2691	1886	490	2836	107	66
January 30, 2008 12:10:00 PM UTC	1201716600000	8	2	no	32.3	180.9	23392	20809	13327	5889	0	37959	2695	1994	468	2830	118	92
January 30, 2008 12:11:00 PM UTC	1201716660000	7	2	no	32.3	181.2	23392	20809	13327	5888	0	37960	2689	1811	509	2834	104	67
January 30, 2008 12:12:00 PM UTC	1201716720000	7	2	no	32.3	181.5	23392	20809	13327	5887	0	37961	2695	1817	470	2829	95	73
January 30, 2008 12:13:00 PM UTC	1201716780000	8	2	no	32.2	181.8	23392	20809	13327	5906	0	37942	2689	1960	443	2830	121	111
January 30, 2008 12:14:00 PM UTC	1201716840000	7	2	no	32.2	182.0	23392	20809	13326	5909	0	37940	2693	1804	444	2829	111	107
January 30, 2008 12:15:00 PM UTC	1201716900000	8	2	no	32.2	182.3	23392	20809	13326	5910	0	37939	2685	1892	474	2831	136	136
January 30, 2008 12:16:00 PM UTC	1201716960000	8	3	no	32.2	182.6	23392	20809	13325	5911	0	37939	2689	2014	559	2832	138	136
January 30, 2008 12:17:00 PM UTC	1201717020000	8	2	no	32.2	182.9	23392	20809	13324	5912	0	37939	2685	1921	571	2829	109	103
January 30, 2008 12:18:00 PM UTC	1201717080000	8	3	no	32.2	183.2	23392	20809	13324	5912	0	37939	2686	1933	523	2832	128	120
January 30, 2008 12:19:00 PM UTC	1201717140000	8	3	no	32.2	183.5	23392	20809	13324	5912	0	37939	2689	2096	481	2827	112	122
January 30, 2008 12:20:00 PM UTC	1201717200000	8	3	no	32.2	183.7	23392	20809	13324	5912	0	37939	2684	2055	521	2833	107	137
January 30, 2008 12:21:00 PM UTC	1201717260000	8	3	no	32.2	184.0	23392	20809	13337	5848	0	37990	2721	2062	545	2827	101	146
January 30, 2008 12:22:00 PM UTC	1201717320000	8	2	no	32.2	184.3	23392	20809	13323	5916	0	37936	2680	2025	533	2833	97	115
January 30, 2008 12:23:00 PM UTC	1201717380000	8	2	no	32.1	184.6	23392	20809	13324	5916	0	37935	2683	1973	485	2827	124	99
January 30, 2008 12:24:00 PM UTC	1201717440000	8	2	no	32.1	184.9	23392	20809	13324	5909	0	37942	2672	1999	532	2830	121	119
January 30, 2008 12:25:00 PM UTC	1201717500000	8	2	no	32.1	185.1	23392	20809	13325	5834	0	38016	2697	1905	473	2832	124	120
January 30, 2008 12:26:00 PM UTC	1201717560000	8	2	no	32.1	185.4	23392	20809	13325	5858	0	37992	2691	1976	497	2825	127	130
January 30, 2008 12:27:00 PM UTC	1201717620000	8	2	no	32.1	185.7	23392	20809	13325	5931	0	37919	2672	2064	446	2828	116	119
January 30, 2008 12:28:00 PM UTC	1201717680000	8	2	no	32.1	186.0	23392	20809	13324	5938	0	37913	2669	2040	508	2824	140	167
January 30, 2008 12:29:00 PM UTC	1201717740000	8	2	no	32.0	186.3	23392	20809	13324	5938	0	37913	2664	2124	446	2826	134	225
January 30, 2008 12:30:00 PM UTC	1201717800000	8	2	no	32.0	186.5	23392	20809	13325	5938	0	37912	2663	1979	500	2824	122	198
January 30, 2008 12:31:00 PM UTC	1201717860000	8	2	no	32.0	186.8	23392	20809	13325	5938	0	37912	2663	2015	463	2828	132	158
January 30, 2008 12:32:00 PM UTC	1201717920000	8	2	no	32.0	187.1	23392	20809	13342	5870	0	37963	2699	2091	510	2825	118	144
January 30, 2008 12:33:00 PM UTC	1201717980000	8	2	no	31.9	187.4	23392	20809	13326	5937	0	37912	2659	2030	505	2826	146	120
January 30, 2008 12:34:00 PM UTC	1201718040000	8	2	no	31.9	187.7	23392	20809	13324	5946	0	37905	2654	2106	491	2822	127	141
January 30, 2008 12:35:00 PM UTC	1201718100000	8	2	no	31.9	187.9	23392	20809	13324	5944	0	37907	2642	2087	490	2827	102	173
January 30, 2008 12:36:00 PM UTC	1201718160000	8	3	no	31.9	188.2	23392	20809	13341	5799	0	38035	2702	1990	555	2823	133	125
January 30, 2008 12:37:00 PM UTC	1201718220000	8	2	no	31.8	188.5	23392	20809	13327	5865	0	37983	2670	1938	509	2822	108	93
January 30, 2008 12:38:00 PM UTC	1201718280000	8	2	no	31.8	188.8	23392	20809	13324	5866	0	37985	2664	1954	511	2822	107	99
January 30, 2008 12:39:00 PM UTC	1201718340000	8	2	no	31.8	189.0	23392	20809	13338	5836	0	38001	2694	2071	511	2819	129	94
January 30, 2008 12:40:00 PM UTC	1201718400000	8	2	no	31.8	189.3	23392	20809	13338	5836	0	38001	2686	2045	528	2822	103	107
January 30, 2008 12:41:00 PM UTC	1201718460000	8	2	no	31.7	189.6	23392	20809	13321	5982	0	37872	2638	1949	484	2818	118	92
January 30, 2008 12:42:00 PM UTC	1201718520000	8	2	no	31.7	189.9	23392	20809	13336	5915	0	37924	2665	2007	485	2822	108	91
January 30, 2008 12:43:00 PM UTC	1201718580000	8	2	no	31.7	190.2	23392	20809	13337	5915	0	37923	2664	1916	501	2822	98	94
January 30, 2008 12:44:00 PM UTC	1201718640000	8	2	no	31.6	190.4	23392	20809	13320	5993	0	37862	2618	1914	496	2815	109	97
January 30, 2008 12:45:00 PM UTC	1201718700000	8	3	no	31.6	190.7	23392	20809	13320	5993	0	37862	2616	1963	522	2825	98	149
January 30, 2008 12:46:00 PM UTC	1201718760000	8	2	no	31.6	191.0	23392	20809	13337	5853	0	37985	2665	1979	522	2822	82	112
January 30, 2008 12:47:00 PM UTC	1201718820000	8	2	no	31.5	191.3	23392	20809	13337	5854	0	37984	2667	1963	502	2814	87	99
January 30, 2008 12:48:00 PM UTC	1201718880000	8	2	no	31.5	191.5	23392	20809	13323	5920	0	37932	2623	1936	510	2816	95	97
January 30, 2008 12:49:00 PM UTC	1201718940000	8	2	no	31.4	191.8	23392	20809	13337	5855	0	37983	2659	1945	504	2819	103	95
January 30, 2008 12:50:00 PM UTC	1201719000000	8	2	no	31.4	192.1	23392	20809	13337	5855	0	37983	2650	1986	487	2819	104	83
January 30, 2008 12:51:00 PM UTC	1201719060000	8	3	no	31.4	192.4	23392	20809	13321	5926	0	37928	2621	1928	515	2812	91	85
January 30, 2008 12:52:00 PM UTC	1201719120000	8	3	no	31.3	192.6	23392	20809	13337	5855	0	37983	2650	1999	510	2815	106	95
January 30, 2008 12:53:00 PM UTC	1201719180000	8	2	no	31.3	192.9	23392	20809	13334	5870	0	37971	2643	1999	498	2810	88	69
January 30, 2008 12:54:00 PM UTC	1201719240000	7	2	no	31.2	193.2	23392	20809	13333	5901	0	37941	2636	1878	534	2812	86	48
January 30, 2008 12:55:00 PM UTC	1201719300000	7	3	no	31.2	193.5	23392	20809	13333	5901	0	37941	2633	1884	507	2810	102	77
January 30, 2008 12:56:00 PM UTC	1201719360000	7	3	no	31.1	193.7	23392	20809	13329	5923	0	37923	2616	1866	490	2807	93	100
January 30, 2008 12:57:00 PM UTC	1201719420000	8	3	no	31.1	194.0	23392	20809	13335	5831	0	38009	2638	1917	471	2813	130	175
January 30, 2008 12:58:00 PM UTC	1201719480000	8	3	no	31.1	194.3	23392	20809	13344	5866	0	37965	2641	1912	548	2803	247	112
January 30, 2008 12:59:00 PM UTC	1201719540000	8	3	no	31.0	194.6	23392	20809	13329	5931	0	37915	2603	1851	498	2812	140	188
January 30, 2008 1:00:00 PM UTC	1201719600000	8	2	no	31.0	194.8	23392	20809	13329	5931	0	37915	2601	1908	448	2806	97	71
January 30, 2008 1:01:00 PM UTC	1201719660000	8	2	no	30.9	195.1	23392	20809	13344	5866	0	37965	2626	1923	512	2810	83	74
January 30, 2008 1:02:00 PM UTC	1201719720000	7	3	no	30.9	195.4	23392	20809	13329	5931	0	37915	2597	1880	512	2803	67	60
January 30, 2008 1:03:00 PM UTC	1201719780000	7	2	no	30.8	195.6	23392	20809	13329	5930	0	37916	2592	1868	505	2806	83	70
January 30, 2008 1:04:00 PM UTC	1201719840000	7	2	no	30.8	195.9	23392	20809	13343	5865	0	37967	2622	1771	463	2807	69	54
January 30, 2008 1:05:00 PM UTC	1201719900000	7	2	no	30.7	196.2	23392	20809	13324	5950	0	37901	2581	1707	484	2802	58	26
January 30, 2008 1:06:00 PM UTC	1201719960000	7	2	no	30.6	196.5	23392	20809	13323	5958	0	37894	2569	1767	493	2802	92	65
January 30, 2008 1:07:00 PM UTC	1201720020000	8	3	no	30.6	196.7	23392	20809	13339	5822	0	38014	2622	1842	510	2801	89	75
January 30, 2008 1:08:00 PM UTC	1201720080000	7	3	no	30.5	197.0	23392	20809	13340	5822	0	38013	2611	1864	482	2800	78	70
January 30, 2008 1:09:00 PM UTC	1201720140000	7	3	no	30.5	197.3	23392	20809	13319	5907	0	37949	2573	1832	480	2799	101	97
January 30, 2008 1:10:00 PM UTC	1201720200000	7	3	no	30.4	197.5	23392	20809	13335	5843	0	37997	2595	1801	499	2797	92	63
January 30, 2008 1:11:00 PM UTC	1201720260000	7	2	no	30.4	197.8	23392	20809	13337	5874	0	37964	2590	1734	474	2795	69	61
January 30, 2008 1:12:00 PM UTC	1201720320000	7	2	no	30.3	198.1	23392	20809	13324	5920	0	37931	2553	1781	478	2799	97	77
January 30, 2008 1:13:00 PM UTC	1201720380000	7	2	no	30.2	198.3	23392	20809	13336	5877	0	37962	2577	1751	462	2796	88	52
January 30, 2008 1:13:56 PM UTC	1201720436000	7	2	no	30.2	198.6	23392	20809	13335	5878	0	37962	2577	1715	419	2795	76	50
January 30, 2008 1:15:00 PM UTC	1201720500000	8	2	no	30.1	198.9	23392	20809	13335	5878	0	37962	2574	1833	460	2794	97	61
January 30, 2008 1:16:00 PM UTC	1201720560000	7	2	no	30.1	199.1	23392	20809	13329	5915	0	37931	2554	1719	461	2791	79	39
January 30, 2008 1:17:00 PM UTC	1201720620000	7	2	no	30.0	199.4	23392	20809	13328	5924	0	37923	2552	1725	480	2791	100	48
January 30, 2008 1:18:00 PM UTC	1201720680000	7	2	no	29.9	199.7	23392	20809	13334	5900	0	37941	2554	1771	470	2789	82	43
January 30, 2008 1:19:00 PM UTC	1201720740000	7	2	no	29.9	199.9	23392	20809	13329	5924	0	37922	2542	1682	440	2787	75	44
January 30, 2008 1:20:00 PM UTC	1201720800000	7	2	no	29.8	200.2	23392	20809	13329	5924	0	37922	2533	1752	470	2792	96	83
January 30, 2008 1:21:00 PM UTC	1201720860000	7	2	no	29.7	200.5	23392	20809	13329	5924	0	37922	2531	1698	462	2786	77	81
January 30, 2008 1:22:00 PM UTC	1201720920000	7	2	no	29.7	200.7	23392	20809	13329	5924	0	37922	2523	1651	398	2787	71	49
January 30, 2008 1:23:00 PM UTC	1201720980000	7	2	no	29.6	201.0	23392	20809	13338	5872	0	37965	2543	1801	426	2782	91	73
January 30, 2008 1:24:00 PM UTC	1201721040000	7	2	no	29.5	201.2	23392	20809	13329	5924	0	37922	2517	1772	483	2786	87	60
January 30, 2008 1:25:00 PM UTC	1201721100000	7	2	no	29.5	201.5	23392	20809	13329	5923	0	37923	2511	1645	447	2786	67	66
January 30, 2008 1:26:00 PM UTC	1201721160000	7	2	no	29.4	201.8	23392	20809	13336	5904	0	37935	2529	1728	451	2780	86	72
January 30, 2008 1:27:00 PM UTC	1201721220000	7	2	no	29.3	202.0	23392	20809	13323	5896	0	37956	2504	1756	433	2785	80	52
January 30, 2008 1:28:00 PM UTC	1201721280000	7	2	no	29.3	202.3	23392	20809	13338	5834	0	38003	2537	1664	412	2780	62	59
January 30, 2008 1:29:00 PM UTC	1201721340000	7	2	no	29.2	202.5	23392	20809	13332	5859	0	37984	2507	1739	419	2784	95	51
January 30, 2008 1:30:00 PM UTC	1201721400000	7	2	no	29.1	202.8	23392	20809	13324	5896	0	37955	2492	1652	439	2778	79	43
January 30, 2008 1:31:00 PM UTC	1201721460000	7	2	no	29.0	203.1	23392	20809	13337	5876	0	37962	2502	1616	444	2784	72	92
January 30, 2008 1:32:00 PM UTC	1201721520000	7	2	no	29.0	203.3	23392	20809	13331	5903	0	37941	2481	1694	378	2783	82	75
January 30, 2008 1:33:00 PM UTC	1201721580000	7	2	no	28.9	203.6	23392	20809	13331	5903	0	37941	2479	1705	451	2784	67	69
January 30, 2008 1:34:00 PM UTC	1201721640000	7	2	no	28.8	203.8	23392	20809	13331	5903	0	37941	2473	1738	460	2786	89	86
January 30, 2008 1:35:00 PM UTC	1201721700000	7	2	no	28.7	204.1	23392	20809	13324	5932	0	37919	2462	1744	414	2781	66	95
January 30, 2008 1:36:00 PM UTC	1201721760000	7	2	no	28.7	204.3	23392	20809	13330	5924	0	37921	2455	1676	417	2786	62	84
January 30, 2008 1:37:00 PM UTC	1201721820000	7	2	no	28.6	204.6	23392	20809	13333	5857	0	37985	2470	1751	404	2782	80	78
January 30, 2008 1:38:00 PM UTC	1201721880000	8	2	no	28.5	204.9	23392	20809	13339	5825	0	38011	2480	1792	422	2779	69	87
January 30, 2008 1:39:00 PM UTC	1201721940000	7	3	no	28.4	205.1	23392	20809	13323	5884	0	37968	2445	1740	471	2782	59	91
January 30, 2008 1:40:00 PM UTC	1201722000000	8	2	no	28.3	205.4	23392	20809	13338	5826	0	38011	2465	1832	440	2779	80	71
January 30, 2008 1:41:00 PM UTC	1201722060000	7	2	no	28.2	205.6	23392	20809	13338	5826	0	38011	2461	1785	445	2782	71	65
January 30, 2008 1:42:00 PM UTC	1201722120000	7	2	no	28.2	205.9	23392	20809	13330	5856	0	37989	2437	1741	415	2777	54	62
January 30, 2008 1:43:00 PM UTC	1201722180000	8	3	no	28.1	206.1	23392	20809	13338	5826	0	38011	2455	1816	458	2778	74	83
January 30, 2008 1:44:00 PM UTC	1201722240000	7	3	no	28.0	206.4	23392	20809	13314	5994	0	37867	2390	1705	407	2780	62	102
January 30, 2008 1:45:00 PM UTC	1201722300000	7	2	no	27.9	206.6	23392	20809	13335	5902	0	37938	2429	1714	414	2777	51	89
January 30, 2008 1:46:00 PM UTC	1201722360000	7	3	no	27.8	206.9	23392	20809	13335	5925	0	37915	2409	1756	428	2783	63	101
January 30, 2008 1:47:00 PM UTC	1201722420000	7	3	no	27.7	207.1	23392	20809	13330	5886	0	37959	2402	1749	448	2774	53	108
January 30, 2008 1:48:00 PM UTC	1201722480000	8	3	no	27.7	207.4	23392	20809	13330	5886	0	37959	2396	1787	451	2778	77	143
January 30, 2008 1:49:00 PM UTC	1201722540000	8	3	no	27.6	207.6	23392	20809	13345	5825	0	38005	2424	1758	418	2774	65	113
January 30, 2008 1:50:00 PM UTC	1201722600000	7	3	no	27.5	207.9	23392	20809	13330	5886	0	37959	2389	1729	403	2776	50	93
January 30, 2008 1:51:00 PM UTC	1201722660000	7	3	no	27.4	208.1	23392	20809	13343	5827	0	38005	2414	1699	453	2776	38	60
January 30, 2008 1:52:00 PM UTC	1201722720000	7	3	no	27.3	208.4	23392	20809	13322	5919	0	37934	2358	1741	400	2777	61	104
January 30, 2008 1:53:00 PM UTC	1201722780000	7	3	no	27.2	208.6	23392	20809	13321	5928	0	37926	2353	1739	418	2774	46	89
January 30, 2008 1:54:00 PM UTC	1201722840000	7	3	no	27.1	208.9	23392	20809	13342	5834	0	37999	2386	1747	399	2774	41	61
January 30, 2008 1:55:00 PM UTC	1201722900000	8	3	no	27.0	209.1	23392	20809	13322	5918	0	37935	2340	1728	381	2768	59	74
January 30, 2008 1:56:00 PM UTC	1201722960000	7	3	no	26.9	209.4	23392	20809	13333	5892	0	37950	2349	1726	389	2772	58	80
January 30, 2008 1:57:00 PM UTC	1201723020000	8	3	no	26.8	209.6	23392	20809	13322	5885	0	37968	2338	1783	352	2771	80	92
January 30, 2008 1:58:00 PM UTC	1201723080000	8	3	no	26.7	209.9	23392	20809	13330	5864	0	37981	2334	1703	405	2775	69	78
January 30, 2008 1:59:00 PM UTC	1201723140000	7	3	no	26.6	210.1	23392	20809	13337	5874	0	37964	2340	1654	376	2775	50	69
January 30, 2008 2:00:00 PM UTC	1201723200000	8	3	no	26.5	210.3	23392	20809	13337	5874	0	37964	2332	1790	339	2776	93	94
January 30, 2008 2:01:00 PM UTC	1201723260000	7	3	no	26.4	210.6	23392	20809	13327	5913	0	37935	2305	1698	401	2779	72	100
January 30, 2008 2:02:00 PM UTC	1201723320000	7	3	no	26.4	210.8	23392	20809	13327	5913	0	37935	2302	1698	372	2777	56	77
January 30, 2008 2:03:00 PM UTC	1201723380000	7	3	no	26.3	211.1	23392	20809	13327	5913	0	37935	2288	1672	401	2783	47	92
January 30, 2008 2:04:00 PM UTC	1201723440000	7	3	no	26.2	211.3	23392	20809	13327	5913	0	37935	2290	1714	366	2778	73	89
January 30, 2008 2:05:00 PM UTC	1201723500000	7	3	no	26.1	211.6	23392	20809	13327	5913	0	37935	2278	1638	385	2784	61	91
January 30, 2008 2:06:00 PM UTC	1201723560000	8	3	no	26.0	211.8	23392	20809	13331	5919	0	37925	2271	1669	368	2782	82	83
January 30, 2008 2:07:00 PM UTC	1201723620000	7	3	no	25.9	212.0	23392	20809	13328	5881	0	37966	2263	1660	366	2788	66	80
January 30, 2008 2:08:00 PM UTC	1201723680000	7	3	no	25.8	212.3	23392	20809	13342	5824	0	38009	2280	1659	378	2784	58	95
January 30, 2008 2:09:00 PM UTC	1201723740000	8	3	no	25.6	212.5	23392	20809	13318	5939	0	37918	2228	1731	352	2788	73	156
January 30, 2008 2:10:00 PM UTC	1201723800000	8	3	no	25.5	212.8	23392	20809	13337	5842	0	37996	2268	1788	292	2783	60	137
January 30, 2008 2:11:00 PM UTC	1201723860000	7	3	no	25.4	213.0	23392	20809	13318	5918	0	37939	2220	1661	402	2788	53	112
January 30, 2008 2:12:00 PM UTC	1201723920000	7	3	no	25.3	213.2	23392	20809	13333	5862	0	37980	2239	1675	392	2786	43	122
January 30, 2008 2:13:00 PM UTC	1201723980000	8	4	no	25.2	213.5	23392	20809	13333	5862	0	37980	2226	1830	351	2794	74	131
January 30, 2008 2:14:00 PM UTC	1201724040000	8	4	no	25.1	213.7	23392	20809	13333	5862	0	37980	2220	1728	419	2782	63	124
January 30, 2008 2:15:00 PM UTC	1201724100000	8	4	no	25.0	213.9	23392	20809	13332	5862	0	37981	2212	1732	385	2796	51	164
January 30, 2008 2:16:00 PM UTC	1201724160000	8	3	no	24.9	214.2	23392	20809	13323	5903	0	37949	2191	1721	372	2790	80	109
January 30, 2008 2:17:00 PM UTC	1201724220000	8	3	no	24.8	214.4	23392	20809	13337	5819	0	38019	2212	1715	317	2788	63	128
January 30, 2008 2:18:00 PM UTC	1201724280000	8	3	no	24.7	214.6	23392	20809	13332	5835	0	38008	2190	1736	344	2799	48	136
January 30, 2008 2:19:00 PM UTC	1201724340000	8	3	no	24.6	214.9	23392	20809	13336	5820	0	38019	2192	1778	339	2787	85	143
January 30, 2008 2:20:00 PM UTC	1201724400000	8	3	no	24.5	215.1	23392	20809	13324	5875	0	37976	2151	1764	353	2808	69	117
January 30, 2008 2:21:00 PM UTC	1201724460000	8	4	no	24.4	215.3	23392	20809	13336	5820	0	38019	2176	1699	425	2795	64	120
January 30, 2008 2:22:00 PM UTC	1201724520000	8	4	no	24.3	215.6	23392	20809	13323	5874	0	37978	2141	1692	362	2801	60	121
January 30, 2008 2:23:00 PM UTC	1201724580000	8	3	no	24.1	215.8	23392	20809	13336	5820	0	38019	2158	1710	354	2803	72	122
January 30, 2008 2:24:00 PM UTC	1201724640000	8	3	no	24.0	216.0	23392	20809	13325	5860	0	37990	2134	1700	351	2797	71	165
January 30, 2008 2:25:00 PM UTC	1201724700000	8	4	no	23.9	216.3	23392	20809	13336	5819	0	38020	2139	1716	340	2808	57	157
January 30, 2008 2:26:00 PM UTC	1201724760000	8	4	no	23.8	216.5	23392	20809	13327	5859	0	37989	2113	1773	327	2804	95	145
January 30, 2008 2:27:00 PM UTC	1201724820000	8	4	no	23.7	216.7	23392	20809	13326	5839	0	38010	2112	1748	318	2806	77	113
January 30, 2008 2:28:00 PM UTC	1201724880000	8	3	no	23.6	216.9	23392	20809	13347	5743	1	38084	2141	1775	363	2808	66	200
January 30, 2008 2:29:00 PM UTC	1201724940000	8	4	no	23.5	217.2	23392	20809	13326	5837	1	38011	2090	1663	386	2814	87	188
January 30, 2008 2:30:00 PM UTC	1201725000000	8	3	no	23.3	217.4	23392	20809	13338	5784	3	38050	2104	1696	372	2812	83	164
January 30, 2008 2:31:00 PM UTC	1201725060000	7	3	no	23.2	217.6	23392	20809	13315	5884	2	37974	2051	1575	353	2817	67	150
January 30, 2008 2:32:00 PM UTC	1201725120000	8	3	no	23.1	217.8	23392	20809	13338	5784	7	38046	2089	1691	374	2815	92	169
January 30, 2008 2:33:00 PM UTC	1201725180000	7	3	no	23.0	218.1	23392	20809	13326	5834	8	38007	2057	1634	385	2818	82	163
January 30, 2008 2:34:00 PM UTC	1201725240000	8	2	no	22.9	218.3	23392	20809	13329	5827	8	38011	2050	1655	297	2825	81	137
January 30, 2008 2:35:00 PM UTC	1201725300000	8	4	no	22.8	218.5	23392	20809	13337	5784	12	38042	2057	1705	305	2823	101	272
January 30, 2008 2:36:00 PM UTC	1201725360000	8	3	no	22.6	218.7	23392	20809	13328	5829	12	38006	2031	1692	288	2829	105	216
January 30, 2008 2:37:00 PM UTC	1201725420000	8	3	no	22.5	219.0	23392	20809	13328	5829	14	38004	2022	1647	306	2829	95	189
January 30, 2008 2:38:00 PM UTC	1201725480000	8	3	no	22.4	219.2	23392	20809	13327	5813	16	38019	2018	1672	305	2832	85	213
January 30, 2008 2:39:00 PM UTC	1201725540000	8	2	no	22.3	219.4	23392	20809	13328	5813	19	38015	2004	1648	326	2834	103	178
January 30, 2008 2:40:00 PM UTC	1201725600000	8	2	no	22.2	219.6	23392	20809	13340	5761	27	38047	2015	1622	338	2841	90	190
January 30, 2008 2:41:00 PM UTC	1201725660000	7	3	no	22.0	219.9	23392	20809	13319	5858	24	37974	1964	1560	368	2843	88	189
January 30, 2008 2:42:00 PM UTC	1201725720000	7	3	no	21.9	220.1	23392	20809	13340	5761	31	38043	1997	1572	372	2841	86	169
January 30, 2008 2:43:00 PM UTC	1201725780000	8	3	no	21.8	220.3	23392	20809	13328	5812	34	38001	1971	1682	255	2845	116	225
January 30, 2008 2:44:00 PM UTC	1201725840000	8	3	no	21.7	220.5	23392	20809	13329	5807	36	38003	1958	1608	312	2851	100	225
January 30, 2008 2:45:00 PM UTC	1201725900000	8	3	no	21.5	220.7	23392	20809	13340	5761	45	38029	1967	1647	273	2855	96	309
January 30, 2008 2:46:00 PM UTC	1201725960000	8	3	no	21.4	221.0	23392	20809	13328	5871	43	37933	1926	1574	307	2859	122	245
January 30, 2008 2:47:00 PM UTC	1201726020000	8	3	no	21.3	221.2	23392	20809	13328	5871	42	37934	1923	1546	333	2855	107	260
January 30, 2008 2:48:00 PM UTC	1201726080000	7	3	no	21.2	221.4	23392	20809	13338	5833	49	37955	1920	1545	322	2863	105	268
January 30, 2008 2:49:00 PM UTC	1201726140000	7	3	no	21.0	221.6	23392	20809	13328	5867	49	37931	1900	1505	344	2871	99	270
January 30, 2008 2:50:00 PM UTC	1201726200000	8	3	no	20.9	221.8	23392	20809	13328	5867	57	37923	1884	1699	128	2876	154	422
January 30, 2008 2:51:00 PM UTC	1201726260000	8	3	no	20.8	222.0	23392	20809	13319	5911	46	37899	1859	1655	158	2871	126	399
January 30, 2008 2:52:00 PM UTC	1201726320000	8	3	no	20.7	222.2	23392	20809	13328	5867	60	37920	1865	1562	242	2880	122	357
January 30, 2008 2:53:00 PM UTC	1201726380000	8	3	no	20.5	222.5	23392	20809	13338	5818	62	37957	1877	1620	195	2878	135	320
January 30, 2008 2:54:00 PM UTC	1201726440000	8	3	no	20.4	222.7	23392	20809	13316	5914	64	37881	1826	1551	211	2885	131	372
January 30, 2008 2:55:00 PM UTC	1201726500000	8	4	no	20.3	222.9	23392	20809	13341	5878	63	37893	1843	1558	222	2892	133	384
January 30, 2008 2:56:00 PM UTC	1201726560000	8	4	no	20.1	223.1	23392	20809	13328	5926	64	37857	1819	1485	270	2894	146	398
January 30, 2008 2:57:00 PM UTC	1201726620000	7	4	no	20.0	223.3	23392	20809	13329	5928	68	37850	1805	1484	253	2898	158	424
January 30, 2008 2:58:00 PM UTC	1201726680000	8	4	no	19.9	223.5	23392	20809	13328	5928	69	37850	1806	1515	222	2901	167	428
January 30, 2008 2:59:00 PM UTC	1201726740000	7	3	no	19.7	223.7	23392	20809	13327	5873	73	37902	1790	1471	238	2909	162	453
January 30, 2008 3:00:00 PM UTC	1201726800000	8	4	no	19.6	223.9	23392	20809	13328	5878	75	37894	1781	1552	154	2910	161	504
January 30, 2008 3:01:00 PM UTC	1201726860000	8	4	no	19.5	224.2	23392	20809	13328	5923	77	37847	1770	1532	156	2918	150	497
January 30, 2008 3:02:00 PM UTC	1201726920000	8	3	no	19.3	224.4	23392	20809	13329	5922	79	37845	1751	1503	169	2920	176	424
January 30, 2008 3:03:00 PM UTC	1201726980000	7	4	no	19.2	224.6	23392	20809	13316	5972	74	37813	1717	1354	270	2930	166	414
January 30, 2008 3:04:00 PM UTC	1201727040000	7	3	no	19.1	224.8	23392	20809	13341	5799	90	37945	1754	1437	225	2934	177	397
January 30, 2008 3:05:00 PM UTC	1201727100000	8	3	no	18.9	225.0	23392	20809	13329	5846	85	37915	1725	1509	131	2938	197	513
January 30, 2008 3:06:00 PM UTC	1201727160000	8	4	no	18.8	225.2	23392	20809	13328	5848	87	37912	1715	1470	157	2940	215	545
January 30, 2008 3:07:00 PM UTC	1201727220000	8	4	no	18.7	225.4	23392	20809	13338	5798	93	37946	1720	1370	249	2949	204	406
January 30, 2008 3:08:00 PM UTC	1201727280000	7	4	no	18.5	225.6	23392	20809	13318	5898	85	37874	1670	1309	274	2954	197	458
January 30, 2008 3:09:00 PM UTC	1201727340000	7	3	no	18.4	225.8	23392	20809	13329	5848	92	37906	1682	1358	228	2953	192	456
January 30, 2008 3:10:00 PM UTC	1201727400000	8	3	no	18.3	226.0	23392	20809	13339	5801	100	37935	1686	1450	136	2962	222	536
January 30, 2008 3:11:00 PM UTC	1201727460000	8	4	no	18.1	226.2	23392	20809	13329	5814	98	37934	1667	1391	177	2969	215	547
January 30, 2008 3:12:00 PM UTC	1201727520000	8	3	no	18.0	226.4	23392	20809	13328	5858	99	37890	1642	1387	156	2979	218	467
January 30, 2008 3:13:00 PM UTC	1201727580000	8	3	no	17.8	226.6	23392	20809	13337	5822	105	37911	1653	1404	142	2979	215	512
January 30, 2008 3:14:00 PM UTC	1201727640000	8	3	no	17.7	226.8	23392	20809	13329	5863	101	37882	1623	1386	135	2988	228	558
January 30, 2008 3:15:00 PM UTC	1201727700000	8	3	no	17.6	227.0	23392	20809	13318	5914	97	37846	1594	1386	110	2993	237	589
January 30, 2008 3:16:00 PM UTC	1201727760000	8	4	no	17.4	227.2	23392	20809	13339	5816	108	37912	1609	1340	161	3009	218	566
January 30, 2008 3:17:00 PM UTC	1201727820000	8	3	no	17.3	227.4	23392	20809	13339	5816	108	37912	1606	1307	187	3006	233	545
January 30, 2008 3:18:00 PM UTC	1201727880000	7	3	no	17.1	227.6	23392	20809	13327	5869	106	37873	1575	1290	174	3012	213	524
January 30, 2008 3:19:00 PM UTC	1201727940000	7	3	no	17.0	227.8	23392	20809	13339	5818	113	37905	1579	1277	185	3020	210	632
January 30, 2008 3:20:00 PM UTC	1201728000000	7	3	no	16.9	228.0	23392	20809	13327	5870	108	37870	1549	1305	135	3028	264	623
January 30, 2008 3:21:00 PM UTC	1201728060000	8	3	no	16.7	228.2	23392	20809	13327	5870	108	37870	1540	1307	125	3032	249	664
January 30, 2008 3:22:00 PM UTC	1201728120000	8	3	no	16.6	228.4	23392	20809	13341	5779	116	37939	1556	1344	96	3037	259	601
January 30, 2008 3:23:00 PM UTC	1201728180000	8	3	no	16.4	228.6	23392	20809	13338	5788	118	37931	1532	1300	113	3051	268	579
January 30, 2008 3:24:00 PM UTC	1201728240000	8	3	no	16.3	228.8	23392	20809	13328	5833	113	37901	1508	1290	105	3056	246	641
January 30, 2008 3:25:00 PM UTC	1201728300000	8	3	no	16.1	229.0	23392	20809	13325	5892	113	37845	1486	1289	83	3063	308	656
January 30, 2008 3:26:00 PM UTC	1201728360000	8	3	no	16.0	229.2	23392	20809	13335	5848	116	37876	1493	1293	84	3069	328	666
January 30, 2008 3:27:00 PM UTC	1201728420000	8	3	no	15.9	229.4	23392	20809	13335	5848	119	37873	1475	1285	71	3083	308	656
January 30, 2008 3:28:00 PM UTC	1201728480000	8	3	no	15.7	229.6	23392	20809	13325	5883	118	37849	1449	1257	74	3090	334	660
January 30, 2008 3:29:00 PM UTC	1201728540000	8	3	no	15.6	229.8	23392	20809	13335	5840	125	37875	1456	1270	59	3093	330	675
January 30, 2008 3:30:00 PM UTC	1201728600000	8	3	no	15.4	230.0	23392	20809	13324	5894	120	37837	1428	1235	73	3102	320	685
January 30, 2008 3:31:00 PM UTC	1201728660000	8	3	no	15.3	230.2	23392	20809	13336	5838	125	37876	1433	1243	63	3112	349	696
January 30, 2008 3:32:00 PM UTC	1201728720000	8	3	no	15.1	230.4	23392	20809	13324	5893	123	37835	1402	1268	11	3120	423	749
January 30, 2008 3:33:00 PM UTC	1201728780000	8	3	no	15.0	230.6	23392	20809	13324	5893	126	37832	1394	1246	22	3125	403	748
January 30, 2008 3:34:00 PM UTC	1201728840000	8	3	no	14.8	230.8	23392	20809	13347	5763	135	37930	1417	1243	39	3138	379	691
January 30, 2008 3:35:00 PM UTC	1201728900000	8	3	no	14.7	231.0	23392	20809	13326	5860	125	37864	1372	1176	71	3146	349	666
January 30, 2008 3:36:00 PM UTC	1201728960000	8	3	no	14.5	231.2	23392	20809	13326	5860	128	37861	1359	1204	27	3155	373	687
January 30, 2008 3:37:00 PM UTC	1201729020000	8	3	no	14.4	231.4	23392	20809	13332	5875	128	37840	1353	1193	32	3164	430	731
January 30, 2008 3:38:00 PM UTC	1201729080000	8	3	no	14.2	231.6	23392	20809	13332	5875	127	37841	1336	1191	18	3180	457	707
January 30, 2008 3:39:00 PM UTC	1201729140000	8	3	no	14.1	231.7	23392	20809	13324	5844	129	37878	1321	1114	78	3186	427	693
January 30, 2008 3:40:00 PM UTC	1201729200000	8	3	no	13.9	231.9	23392	20809	13334	5802	131	37908	1322	1172	19	3196	469	713
January 30, 2008 3:41:00 PM UTC	1201729260000	8	3	no	13.8	232.1	23392	20809	13334	5802	132	37907	1309	1131	46	3203	391	739
January 30, 2008 3:42:00 PM UTC	1201729320000	8	3	no	13.6	232.3	23392	20809	13321	5857	128	37869	1280	1143	9	3215	545	728
January 30, 2008 3:43:00 PM UTC	1201729380000	8	3	no	13.5	232.5	23392	20809	13334	5802	133	37906	1283	1126	24	3228	597	736
January 30, 2008 3:44:00 PM UTC	1201729440000	8	4	no	13.3	232.7	23392	20809	13334	5802	132	37907	1277	1130	15	3230	601	751
January 30, 2008 3:45:00 PM UTC	1201729500000	8	4	no	13.2	232.9	23392	20809	13330	5823	129	37893	1253	1093	31	3246	520	756
January 30, 2008 3:46:00 PM UTC	1201729560000	8	4	no	13.0	233.1	23392	20809	13334	5802	132	37907	1245	1087	26	3256	540	804
January 30, 2008 3:47:00 PM UTC	1201729620000	8	4	no	12.9	233.3	23392	20809	13323	5827	127	37898	1218	1082	9	3272	575	749
January 30, 2008 3:48:00 PM UTC	1201729680000	9	4	no	12.7	233.4	23392	20809	13333	5786	131	37925	1224	1076	17	3276	591	775
January 30, 2008 3:49:00 PM UTC	1201729740000	8	4	no	12.6	233.6	23392	20809	13332	5787	131	37925	1210	1065	14	3293	596	759
January 30, 2008 3:50:00 PM UTC	1201729800000	8	4	no	12.4	233.8	23392	20809	13321	5881	126	37847	1178	1041	11	3310	617	777
January 30, 2008 3:51:00 PM UTC	1201729860000	8	3	no	12.3	234.0	23392	20809	13331	5841	128	37875	1178	1036	14	3314	615	758
January 30, 2008 3:52:00 PM UTC	1201729920000	8	4	no	12.1	234.2	23392	20809	13331	5841	124	37879	1163	1002	37	3333	693	771
January 30, 2008 3:53:00 PM UTC	1201729980000	8	4	no	11.9	234.4	23392	20809	13331	5841	120	37883	1150	987	43	3354	659	757
January 30, 2008 3:54:00 PM UTC	1201730040000	8	3	no	11.8	234.6	23392	20809	13327	5859	119	37870	1134	972	43	3347	631	755
January 30, 2008 3:55:00 PM UTC	1201730100000	8	3	no	11.6	234.7	23392	20809	13331	5841	124	37879	1127	982	21	3368	666	775
January 30, 2008 3:56:00 PM UTC	1201730160000	9	3	no	11.5	234.9	23392	20809	13331	5841	123	37880	1109	972	14	3395	740	779
January 30, 2008 3:57:00 PM UTC	1201730220000	8	4	no	11.3	235.1	23392	20809	13326	5860	117	37872	1092	963	12	3386	757	810
January 30, 2008 3:58:00 PM UTC	1201730280000	9	4	no	11.2	235.3	23392	20809	13336	5800	123	37916	1091	936	32	3410	781	826
January 30, 2008 3:59:00 PM UTC	1201730340000	8	4	no	11.0	235.5	23392	20809	13317	5873	116	37869	1059	911	32	3430	744	750
January 30, 2008 4:00:00 PM UTC	1201730400000	8	3	no	10.8	235.7	23392	20809	13317	5873	112	37873	1044	922	10	3427	715	798
January 30, 2008 4:01:00 PM UTC	1201730460000	9	3	no	10.7	235.8	23392	20809	13341	5775	119	37940	1062	927	16	3449	819	723
January 30, 2008 4:02:00 PM UTC	1201730520000	8	4	no	10.5	236.0	23392	20809	13328	5831	112	37904	1038	911	15	3459	792	777
January 30, 2008 4:03:00 PM UTC	1201730580000	8	4	no	10.4	236.2	23392	20809	13341	5775	115	37944	1036	883	27	3470	753	818
January 30, 2008 4:04:00 PM UTC	1201730640000	8	3	no	10.2	236.4	23392	20809	13326	5894	109	37846	1002	869	17	3486	768	776
January 30, 2008 4:05:00 PM UTC	1201730700000	8	3	no	10.1	236.6	23392	20809	13326	5894	108	37847	984	840	28	3503	780	760
January 30, 2008 4:06:00 PM UTC	1201730760000	8	4	no	9.9	236.7	23392	20809	13340	5836	110	37889	995	873	12	3507	848	820
January 30, 2008 4:07:00 PM UTC	1201730820000	8	4	no	9.7	236.9	23392	20809	13334	5856	109	37876	973	840	18	3524	832	781
January 30, 2008 4:08:00 PM UTC	1201730880000	9	4	no	9.6	237.1	23392	20809	13326	5893	102	37854	952	841	9	3534	869	831
January 30, 2008 4:09:00 PM UTC	1201730940000	9	4	no	9.4	237.3	23392	20809	13326	5893	103	37853	942	830	9	3544	884	810
January 30, 2008 4:10:00 PM UTC	1201731000000	9	4	no	9.3	237.5	23392	20809	13335	5857	105	37878	932	820	7	3563	939	806
January 30, 2008 4:11:00 PM UTC	1201731060000	8	4	no	9.1	237.6	23392	20809	13322	5917	95	37841	906	803	8	3572	890	803
January 30, 2008 4:12:00 PM UTC	1201731120000	8	4	no	8.9	237.8	23392	20809	13336	5858	100	37881	905	790	15	3592	833	834
January 30, 2008 4:13:00 PM UTC	1201731180000	8	3	no	8.8	238.0	23392	20809	13329	5869	101	37876	893	778	14	3599	795	737
January 30, 2008 4:14:00 PM UTC	1201731240000	8	3	no	8.6	238.2	23392	20809	13321	5891	95	37868	870	744	24	3610	763	687
January 30, 2008 4:15:00 PM UTC	1201731300000	8	3	no	8.4	238.3	23392	20809	13336	5831	98	37910	878	761	17	3622	808	641
January 30, 2008 4:16:00 PM UTC	1201731360000	8	3	no	8.3	238.5	23392	20809	13323	5890	93	37869	850	740	15	3630	891	776
January 30, 2008 4:17:00 PM UTC	1201731420000	8	3	no	8.1	238.7	23392	20809	13330	5855	99	37891	843	703	41	3648	831	769
January 30, 2008 4:18:00 PM UTC	1201731480000	8	3	no	8.0	238.9	23392	20809	13342	5857	96	37880	837	712	29	3666	779	680
January 30, 2008 4:19:00 PM UTC	1201731540000	8	2	no	7.8	239.0	23392	20809	13321	5952	90	37812	801	674	36	3675	769	513
January 30, 2008 4:20:00 PM UTC	1201731600000	8	2	no	7.6	239.2	23392	20809	13321	5952	91	37811	792	681	19	3684	924	536
January 30, 2008 4:21:00 PM UTC	1201731660000	8	2	no	7.5	239.4	23392	20809	13329	5859	96	37891	787	668	21	3703	872	500
January 30, 2008 4:22:00 PM UTC	1201731720000	8	2	no	7.3	239.6	23392	20809	13329	5859	91	37896	782	671	18	3708	889	519
January 30, 2008 4:23:00 PM UTC	1201731780000	8	2	no	7.1	239.7	23392	20809	13329	5859	91	37896	767	649	24	3723	822	539
January 30, 2008 4:24:00 PM UTC	1201731840000	7	2	no	7.0	239.9	23392	20809	13329	5858	91	37897	755	638	25	3734	754	483
January 30, 2008 4:25:00 PM UTC	1201731900000	7	1	no	6.8	240.1	23392	20809	13329	5858	90	37898	742	640	12	3747	805	380
January 30, 2008 4:26:00 PM UTC	1201731960000	7	2	no	6.6	240.3	23392	20809	13330	5841	89	37915	732	634	9	3763	764	424
January 30, 2008 4:27:00 PM UTC	1201732020000	7	2	no	6.5	240.4	23392	20809	13330	5841	87	37917	721	615	18	3773	782	437
January 30, 2008 4:28:00 PM UTC	1201732080000	7	2	no	6.3	240.6	23392	20809	13337	5807	89	37942	709	603	16	3794	847	481
January 30, 2008 4:29:00 PM UTC	1201732140000	7	2	no	6.1	240.8	23392	20809	13337	5807	92	37939	703	587	17	3801	851	497
January 30, 2008 4:30:00 PM UTC	1201732200000	7	1	no	6.0	240.9	23392	20809	13329	5840	89	37917	682	584	9	3812	836	428
January 30, 2008 4:31:00 PM UTC	1201732260000	8	2	no	5.8	241.1	23392	20809	13315	5901	83	37876	658	562	13	3818	921	445
January 30, 2008 4:32:00 PM UTC	1201732320000	7	1	no	5.6	241.3	23392	20809	13338	5808	88	37941	665	562	15	3838	762	362
January 30, 2008 4:33:00 PM UTC	1201732380000	7	1	no	5.5	241.4	23392	20809	13335	5871	93	37876	645	544	8	3853	938	321
January 30, 2008 4:34:00 PM UTC	1201732440000	7	1	no	5.3	241.6	23392	20809	13322	5933	91	37829	626	519	13	3852	904	387
January 30, 2008 4:35:00 PM UTC	1201732500000	7	1	no	5.1	241.8	23392	20809	13336	5872	98	37869	622	521	3	3876	991	351
January 30, 2008 4:36:00 PM UTC	1201732560000	7	1	no	5.0	242.0	23392	20809	13322	5933	99	37821	603	493	7	3874	863	423
January 30, 2008 4:37:00 PM UTC	1201732620000	7	1	no	4.8	242.1	23392	20809	13322	5933	101	37819	588	477	9	3890	773	365
January 30, 2008 4:38:00 PM UTC	1201732680000	7	1	no	4.6	242.3	23392	20809	13338	5872	111	37854	595	463	21	3909	741	350
January 30, 2008 4:39:00 PM UTC	1201732740000	7	1	no	4.5	242.5	23392	20809	13322	5933	107	37813	569	454	7	3903	809	295
January 30, 2008 4:40:00 PM UTC	1201732800000	7	1	no	4.3	242.6	23392	20809	13330	5881	114	37850	561	445	1	3928	875	343
January 30, 2008 4:41:00 PM UTC	1201732860000	7	1	no	4.1	242.8	23392	20809	13330	5881	117	37847	553	433	2	3941	884	354
January 30, 2008 4:42:00 PM UTC	1201732920000	7	1	no	3.9	243.0	23392	20809	13322	5912	120	37821	529	409	0	3950	940	287
January 30, 2008 4:43:00 PM UTC	1201732980000	7	1	no	3.8	243.1	23392	20809	13322	5912	123	37818	519	396	0	3958	857	251
January 30, 2008 4:44:00 PM UTC	1201733040000	7	1	no	3.6	243.3	23392	20809	13330	5881	133	37831	514	381	0	3978	978	287
January 30, 2008 4:45:00 PM UTC	1201733100000	7	1	no	3.4	243.5	23392	20809	13330	5881	142	37822	500	358	0	3990	1011	311
January 30, 2008 4:46:00 PM UTC	1201733160000	6	1	no	3.3	243.6	23392	20809	13330	5881	152	37812	491	339	0	4002	838	245
January 30, 2008 4:47:00 PM UTC	1201733220000	6	1	no	3.1	243.8	23392	20809	13330	5881	165	37799	476	314	0	4014	813	177
