September 12, 2006 5:52:00 AM UTC	1158061920000	1	0	no	3.1	87.2	23392	20809	13338	5896	119	37822	485	271	0	4010	127	0
September 12, 2006 5:53:00 AM UTC	1158061980000	1	0	no	3.3	87.4	23392	20809	13322	5946	99	37808	488	263	0	3987	145	0
September 12, 2006 5:54:00 AM UTC	1158062040000	1	1	no	3.5	87.5	23392	20809	13322	5946	86	37821	501	179	0	3972	99	0
September 12, 2006 5:55:00 AM UTC	1158062100000	1	1	no	3.7	87.7	23392	20809	13336	5877	87	37875	530	87	0	3961	12	0
September 12, 2006 5:56:00 AM UTC	1158062160000	1	1	no	3.8	87.8	23392	20809	13321	5947	125	37782	528	21	0	3945	4	0
September 12, 2006 5:57:00 AM UTC	1158062220000	1	3	no	4.0	88.0	23392	20809	13335	5877	138	37825	552	3	0	3944	0	0
September 12, 2006 5:58:00 AM UTC	1158062280000	2	7	no	4.2	88.2	23392	20809	13321	5947	125	37782	553	3	0	3920	0	0
September 12, 2006 5:59:00 AM UTC	1158062340000	3	8	no	4.4	88.3	23392	20809	13321	5947	103	37804	565	24	0	3910	10	0
September 12, 2006 6:00:00 AM UTC	1158062400000	3	6	no	4.6	88.5	23392	20809	13339	5878	99	37859	586	41	0	3910	20	0
September 12, 2006 6:01:00 AM UTC	1158062460000	3	8	no	4.8	88.6	23392	20809	13321	5947	77	37830	590	42	0	3885	14	0
September 12, 2006 6:02:00 AM UTC	1158062520000	4	14	no	5.0	88.8	23392	20809	13339	5877	109	37850	616	1	0	3872	23	0
September 12, 2006 6:03:00 AM UTC	1158062580000	7	14	no	5.2	89.0	23392	20809	13321	5947	98	37809	618	6	0	3856	36	0
September 12, 2006 6:04:00 AM UTC	1158062640000	7	14	no	5.4	89.1	23392	20809	13321	5947	92	37815	632	54	0	3844	30	1
September 12, 2006 6:05:00 AM UTC	1158062700000	8	12	no	5.6	89.3	23392	20809	13322	5945	54	37854	647	89	0	3827	60	1
September 12, 2006 6:06:00 AM UTC	1158062760000	7	13	no	5.8	89.4	23392	20809	13322	5862	59	37932	660	48	0	3814	18	0
September 12, 2006 6:07:00 AM UTC	1158062820000	6	16	no	5.9	89.6	23392	20809	13340	5825	91	37919	694	3	0	3810	0	0
September 12, 2006 6:08:00 AM UTC	1158062880000	5	18	no	6.1	89.8	23392	20809	13322	5979	84	37790	687	0	0	3788	0	3
September 12, 2006 6:09:00 AM UTC	1158062940000	3	16	no	6.3	89.9	23392	20809	13340	5833	90	37912	722	0	0	3781	1	31
September 12, 2006 6:10:00 AM UTC	1158063000000	2	17	no	6.5	90.1	23392	20809	13340	5833	91	37911	735	0	0	3769	1	28
September 12, 2006 6:11:00 AM UTC	1158063060000	3	20	no	6.7	90.3	23392	20809	13340	5833	95	37907	750	0	0	3754	0	0
September 12, 2006 6:12:00 AM UTC	1158063120000	6	14	no	6.9	90.4	23392	20809	13340	5833	99	37903	765	0	0	3739	0	0
September 12, 2006 6:13:00 AM UTC	1158063180000	6	13	no	7.1	90.6	23392	20809	13322	5870	96	37887	760	0	0	3713	0	0
September 12, 2006 6:14:00 AM UTC	1158063240000	6	11	no	7.3	90.7	23392	20809	13340	5876	102	37857	793	0	0	3706	0	0
September 12, 2006 6:15:00 AM UTC	1158063300000	4	10	no	7.5	90.9	23392	20809	13321	5947	97	37810	788	0	0	3688	0	34
September 12, 2006 6:16:00 AM UTC	1158063360000	2	15	no	7.7	91.1	23392	20809	13321	5947	98	37809	802	0	0	3673	12	97
September 12, 2006 6:17:00 AM UTC	1158063420000	3	22	no	7.9	91.2	23392	20809	13339	5877	104	37855	828	0	0	3660	0	82
September 12, 2006 6:18:00 AM UTC	1158063480000	9	26	no	8.0	91.4	23392	20809	13321	5947	99	37808	832	0	0	3644	0	73
September 12, 2006 6:19:00 AM UTC	1158063540000	19	24	no	8.2	91.5	23392	20809	13339	5878	101	37857	858	0	0	3637	29	22
September 12, 2006 6:20:00 AM UTC	1158063600000	12	23	no	8.4	91.7	23392	20809	13321	5947	96	37811	858	14	0	3615	199	4
September 12, 2006 6:21:00 AM UTC	1158063660000	7	25	no	8.6	91.9	23392	20809	13321	5947	99	37808	877	0	0	3597	0	0
September 12, 2006 6:22:00 AM UTC	1158063720000	8	34	no	8.8	92.0	23392	20809	13335	5877	105	37858	911	0	0	3586	0	1
September 12, 2006 6:23:00 AM UTC	1158063780000	15	40	no	9.0	92.2	23392	20809	13321	5947	101	37806	903	0	0	3572	0	0
September 12, 2006 6:24:00 AM UTC	1158063840000	20	46	no	9.2	92.4	23392	20809	13336	5877	109	37853	933	0	0	3565	15	54
September 12, 2006 6:25:00 AM UTC	1158063900000	31	48	no	9.4	92.5	23392	20809	13322	5946	106	37801	932	3	15	3544	251	424
September 12, 2006 6:26:00 AM UTC	1158063960000	45	42	no	9.6	92.7	23392	20809	13322	5946	107	37800	949	36	20	3524	1352	446
September 12, 2006 6:27:00 AM UTC	1158064020000	60	31	no	9.8	92.8	23392	20809	13341	5814	116	37904	988	38	11	3513	2059	423
September 12, 2006 6:28:00 AM UTC	1158064080000	67	24	no	10.0	93.0	23392	20809	13325	5884	111	37855	980	66	0	3501	1949	393
September 12, 2006 6:29:00 AM UTC	1158064140000	77	17	no	10.2	93.2	23392	20809	13340	5819	17	37999	1017	344	0	3483	2071	286
September 12, 2006 6:30:00 AM UTC	1158064200000	91	5	no	10.3	93.3	23392	20809	13323	5894	8	37950	1013	626	0	3465	2195	423
September 12, 2006 6:31:00 AM UTC	1158064260000	98	1	no	10.5	93.5	23392	20809	13323	5894	0	37958	1031	614	0	3449	3083	167
September 12, 2006 6:32:00 AM UTC	1158064320000	87	12	no	10.7	93.7	23392	20809	13339	5812	62	37962	1064	533	0	3432	2933	420
September 12, 2006 6:33:00 AM UTC	1158064380000	88	9	no	10.9	93.8	23392	20809	13323	5881	80	37891	1056	229	5	3421	2382	631
September 12, 2006 6:34:00 AM UTC	1158064440000	91	7	no	11.1	94.0	23392	20809	13339	5813	102	37921	1094	165	37	3404	2652	451
September 12, 2006 6:35:00 AM UTC	1158064500000	92	6	no	11.3	94.1	23392	20809	13326	5883	58	37908	1088	375	81	3391	2827	413
September 12, 2006 6:36:00 AM UTC	1158064560000	93	6	no	11.5	94.3	23392	20809	13339	5815	61	37960	1125	756	50	3375	3368	7
September 12, 2006 6:37:00 AM UTC	1158064620000	91	8	no	11.7	94.5	23392	20809	13337	5892	88	37858	1134	940	0	3359	3359	0
September 12, 2006 6:38:00 AM UTC	1158064680000	88	12	no	11.9	94.6	23392	20809	13321	5962	119	37773	1126	975	0	3346	3346	0
September 12, 2006 6:39:00 AM UTC	1158064740000	85	15	no	12.1	94.8	23392	20809	13337	5892	127	37819	1164	1037	0	3329	3329	0
September 12, 2006 6:40:00 AM UTC	1158064800000	86	14	no	12.2	95.0	23392	20809	13321	5963	123	37768	1160	1037	0	3312	3312	0
September 12, 2006 6:41:00 AM UTC	1158064860000	85	14	no	12.4	95.1	23392	20809	13338	5894	130	37813	1196	1066	0	3295	3295	0
September 12, 2006 6:42:00 AM UTC	1158064920000	85	14	no	12.6	95.3	23392	20809	13320	5975	122	37758	1189	1067	0	3280	3280	0
September 12, 2006 6:43:00 AM UTC	1158064980000	84	15	no	12.8	95.5	23392	20809	13320	5975	122	37758	1204	1082	0	3267	3267	0
September 12, 2006 6:44:00 AM UTC	1158065040000	86	13	no	13.0	95.6	23392	20809	13336	5905	128	37806	1237	1109	0	3255	3255	0
September 12, 2006 6:45:00 AM UTC	1158065100000	85	15	no	13.2	95.8	23392	20809	13321	5969	124	37761	1233	1109	0	3238	3238	0
September 12, 2006 6:46:00 AM UTC	1158065160000	84	15	no	13.4	96.0	23392	20809	13336	5899	130	37810	1273	1143	0	3223	3223	0
September 12, 2006 6:47:00 AM UTC	1158065220000	82	17	no	13.6	96.1	23392	20809	13320	5969	125	37761	1268	1143	0	3208	3208	0
September 12, 2006 6:48:00 AM UTC	1158065280000	81	17	no	13.8	96.3	23392	20809	13338	5845	131	37861	1312	1171	0	3198	3198	0
September 12, 2006 6:49:00 AM UTC	1158065340000	81	16	no	14.0	96.5	23392	20809	13338	5845	129	37863	1331	1145	0	3180	3180	0
September 12, 2006 6:50:00 AM UTC	1158065400000	81	18	no	14.2	96.6	23392	20809	13322	5906	123	37824	1320	1118	0	3175	3175	0
September 12, 2006 6:51:00 AM UTC	1158065460000	79	20	no	14.3	96.8	23392	20809	13338	5837	129	37871	1355	1100	0	3160	3160	0
September 12, 2006 6:52:00 AM UTC	1158065520000	77	21	no	14.5	97.0	23392	20809	13321	5917	121	37816	1346	1043	0	3150	3150	0
September 12, 2006 6:53:00 AM UTC	1158065580000	77	19	no	14.7	97.1	23392	20809	13336	5847	126	37866	1384	1023	0	3137	3137	0
September 12, 2006 6:54:00 AM UTC	1158065640000	76	19	no	14.9	97.3	23392	20809	13336	5847	127	37865	1405	1078	0	3123	3123	0
September 12, 2006 6:55:00 AM UTC	1158065700000	73	20	no	15.1	97.5	23392	20809	13336	5848	126	37865	1415	1079	0	3116	3116	0
September 12, 2006 6:56:00 AM UTC	1158065760000	72	20	no	15.3	97.6	23392	20809	13336	5848	121	37870	1434	1130	0	3102	3102	0
September 12, 2006 6:57:00 AM UTC	1158065820000	72	19	no	15.5	97.8	23392	20809	13320	5921	116	37818	1430	1150	0	3088	3088	0
September 12, 2006 6:58:00 AM UTC	1158065880000	73	16	no	15.7	98.0	23392	20809	13336	5849	119	37871	1467	1188	0	3083	3083	0
September 12, 2006 6:59:00 AM UTC	1158065940000	73	23	no	15.9	98.1	23392	20809	13322	5913	111	37829	1460	1233	0	3066	3066	0
September 12, 2006 7:00:00 AM UTC	1158066000000	77	16	no	16.0	98.3	23392	20809	13336	5849	115	37875	1494	1290	0	3066	3066	0
September 12, 2006 7:01:00 AM UTC	1158066060000	81	13	no	16.2	98.5	23392	20809	13333	5859	115	37868	1509	1313	0	3053	2926	127
September 12, 2006 7:02:00 AM UTC	1158066120000	86	10	no	16.4	98.6	23392	20809	13331	5939	111	37794	1518	1315	0	3038	3009	29
September 12, 2006 7:03:00 AM UTC	1158066180000	86	14	no	16.6	98.8	23392	20809	13331	5939	112	37793	1530	1299	0	3040	3037	3
September 12, 2006 7:04:00 AM UTC	1158066240000	84	16	no	16.8	99.0	23392	20809	13315	6006	103	37751	1526	1301	0	3014	3014	0
September 12, 2006 7:05:00 AM UTC	1158066300000	83	17	no	17.0	99.2	23392	20809	13332	5939	108	37796	1561	1368	0	3023	3023	0
September 12, 2006 7:06:00 AM UTC	1158066360000	84	15	no	17.2	99.3	23392	20809	13334	5860	110	37871	1590	1330	0	3005	3004	1
September 12, 2006 7:07:00 AM UTC	1158066420000	84	16	no	17.4	99.5	23392	20809	13333	5855	106	37881	1603	1338	0	2993	2991	2
September 12, 2006 7:08:00 AM UTC	1158066480000	88	12	no	17.6	99.7	23392	20809	13333	5855	106	37881	1617	1335	0	2989	2989	0
September 12, 2006 7:09:00 AM UTC	1158066540000	80	19	no	17.7	99.8	23392	20809	13330	5865	103	37877	1631	1355	0	2980	2980	0
September 12, 2006 7:10:00 AM UTC	1158066600000	79	15	no	17.9	100.0	23392	20809	13330	5897	100	37848	1646	1409	0	2971	2971	0
September 12, 2006 7:11:00 AM UTC	1158066660000	76	22	no	18.1	100.2	23392	20809	13330	5897	98	37850	1661	1492	0	2961	2961	0
September 12, 2006 7:12:00 AM UTC	1158066720000	69	16	no	18.3	100.4	23392	20809	13330	5898	94	37853	1671	1532	0	2960	2960	0
September 12, 2006 7:13:00 AM UTC	1158066780000	64	24	no	18.5	100.5	23392	20809	13330	5898	92	37855	1688	1553	0	2952	2952	0
September 12, 2006 7:14:00 AM UTC	1158066840000	59	14	no	18.7	100.7	23392	20809	13333	5887	89	37866	1710	1563	0	2942	2942	0
September 12, 2006 7:15:00 AM UTC	1158066900000	54	15	no	18.9	100.9	23392	20809	13333	5887	89	37866	1723	1494	0	2938	2938	0
September 12, 2006 7:16:00 AM UTC	1158066960000	51	18	no	19.1	101.0	23392	20809	13333	5887	84	37871	1746	1538	0	2926	2926	0
September 12, 2006 7:17:00 AM UTC	1158067020000	48	15	no	19.3	101.2	23392	20809	13330	5900	78	37867	1751	1415	0	2921	2919	0
September 12, 2006 7:18:00 AM UTC	1158067080000	43	15	no	19.4	101.4	23392	20809	13330	5900	79	37866	1769	1366	1	2916	2907	9
September 12, 2006 7:19:00 AM UTC	1158067140000	40	16	no	19.6	101.6	23392	20809	13330	5900	74	37871	1785	1138	131	2908	2811	97
September 12, 2006 7:20:00 AM UTC	1158067200000	41	17	no	19.8	101.7	23392	20809	13330	5900	72	37873	1795	1284	219	2902	2755	147
September 12, 2006 7:21:00 AM UTC	1158067260000	38	18	no	20.0	101.9	23392	20809	13331	5901	67	37876	1813	1444	67	2897	2759	138
September 12, 2006 7:22:00 AM UTC	1158067320000	35	26	no	20.2	102.1	23392	20809	13331	5898	63	37883	1825	1652	31	2891	2703	188
September 12, 2006 7:23:00 AM UTC	1158067380000	32	22	no	20.4	102.3	23392	20809	13331	5898	63	37883	1843	1739	0	2883	2880	3
September 12, 2006 7:24:00 AM UTC	1158067440000	32	21	no	20.6	102.4	23392	20809	13330	5836	60	37949	1863	1499	78	2880	2796	84
September 12, 2006 7:25:00 AM UTC	1158067500000	38	26	no	20.7	102.6	23392	20809	13345	5769	63	37998	1905	1842	0	2875	2773	102
September 12, 2006 7:26:00 AM UTC	1158067560000	62	20	no	20.9	102.8	23392	20809	13329	5845	54	37947	1896	1842	0	2866	2866	0
September 12, 2006 7:27:00 AM UTC	1158067620000	75	23	yes	21.1	103.0	23392	20809	13329	5845	48	37953	1906	1858	0	2864	2864	0
September 12, 2006 7:28:00 AM UTC	1158067680000	95	5	no	21.3	103.2	23392	20809	13331	5830	45	37969	1929	1884	0	2854	2854	0
September 12, 2006 7:29:00 AM UTC	1158067740000	74	16	yes	21.5	103.3	23392	20809	13328	5915	38	37894	1929	1891	0	2854	2854	0
September 12, 2006 7:30:00 AM UTC	1158067800000	69	18	yes	21.7	103.5	23392	20809	13338	5863	40	37934	1963	1923	0	2850	2850	0
September 12, 2006 7:31:00 AM UTC	1158067860000	77	21	no	21.9	103.7	23392	20809	13324	5930	30	37891	1951	1921	0	2844	2844	0
September 12, 2006 7:32:00 AM UTC	1158067920000	72	24	no	22.1	103.9	23392	20809	13338	5862	30	37945	1994	1964	0	2841	2841	0
September 12, 2006 7:33:00 AM UTC	1158067980000	60	30	yes	22.2	104.1	23392	20809	13322	5967	20	37866	1974	1954	0	2835	2835	0
September 12, 2006 7:34:00 AM UTC	1158068040000	46	34	no	22.4	104.2	23392	20809	13338	5900	20	37917	2023	1999	4	2828	2770	58
September 12, 2006 7:35:00 AM UTC	1158068100000	51	22	no	22.6	104.4	23392	20809	13322	5967	12	37874	2007	1995	0	2826	2798	28
September 12, 2006 7:36:00 AM UTC	1158068160000	53	22	no	22.8	104.6	23392	20809	13336	5898	13	37928	2049	2036	0	2822	2819	3
September 12, 2006 7:37:00 AM UTC	1158068220000	53	16	no	23.0	104.8	23392	20809	13336	5900	9	37930	2060	2051	0	2819	2818	1
September 12, 2006 7:38:00 AM UTC	1158068280000	53	17	no	23.2	105.0	23392	20809	13322	5971	4	37878	2045	2041	0	2813	2813	0
September 12, 2006 7:39:00 AM UTC	1158068340000	58	20	no	23.3	105.1	23392	20809	13338	5903	2	37932	2087	2085	0	2815	2815	0
September 12, 2006 7:40:00 AM UTC	1158068400000	63	18	no	23.5	105.3	23392	20809	13326	5895	1	37953	2088	2087	0	2808	2808	0
September 12, 2006 7:41:00 AM UTC	1158068460000	74	12	no	23.7	105.5	23392	20809	13336	5846	0	37993	2131	2131	0	2801	2801	0
September 12, 2006 7:42:00 AM UTC	1158068520000	89	10	no	23.9	105.7	23392	20809	13321	5916	0	37938	2110	2109	0	2802	2802	0
September 12, 2006 7:43:00 AM UTC	1158068580000	90	9	no	24.1	105.9	23392	20809	13337	5847	0	37991	2147	1873	3	2800	2800	0
September 12, 2006 7:44:00 AM UTC	1158068640000	86	12	no	24.3	106.1	23392	20809	13337	5847	0	37991	2167	1686	44	2797	2797	0
September 12, 2006 7:45:00 AM UTC	1158068700000	78	17	no	24.5	106.2	23392	20809	13336	5848	0	37991	2181	1907	67	2790	2790	0
September 12, 2006 7:46:00 AM UTC	1158068760000	69	27	no	24.6	106.4	23392	20809	13336	5848	0	37991	2199	1966	106	2789	2789	0
September 12, 2006 7:47:00 AM UTC	1158068820000	79	15	no	24.8	106.6	23392	20809	13331	5868	0	37976	2199	1588	311	2789	2788	1
September 12, 2006 7:48:00 AM UTC	1158068880000	86	12	no	25.0	106.8	23392	20809	13331	5868	0	37976	2209	1921	49	2788	2788	0
September 12, 2006 7:49:00 AM UTC	1158068940000	93	6	no	25.2	107.0	23392	20809	13335	5849	0	37991	2234	2115	0	2787	2787	0
September 12, 2006 7:50:00 AM UTC	1158069000000	86	9	no	25.4	107.2	23392	20809	13335	5849	0	37991	2249	2249	0	2778	2778	0
September 12, 2006 7:51:00 AM UTC	1158069060000	85	11	no	25.5	107.4	23392	20809	13321	5917	0	37937	2233	2194	0	2782	2782	0
September 12, 2006 7:52:00 AM UTC	1158069120000	93	5	no	25.7	107.6	23392	20809	13330	5879	0	37966	2260	2260	0	2783	2783	0
September 12, 2006 7:53:00 AM UTC	1158069180000	94	5	no	25.9	107.7	23392	20809	13330	5879	0	37966	2279	2279	0	2781	2781	0
September 12, 2006 7:54:00 AM UTC	1158069240000	89	9	no	26.1	107.9	23392	20809	13330	5880	0	37965	2292	2292	0	2780	2780	0
September 12, 2006 7:55:00 AM UTC	1158069300000	87	9	no	26.3	108.1	23392	20809	13333	5804	0	38038	2321	2321	0	2776	2776	0
September 12, 2006 7:56:00 AM UTC	1158069360000	90	9	no	26.5	108.3	23392	20809	13333	5803	0	38039	2336	2336	0	2780	2780	0
September 12, 2006 7:57:00 AM UTC	1158069420000	97	3	yes	26.6	108.5	23392	20809	13328	5824	0	38023	2339	2339	0	2775	2775	0
September 12, 2006 7:58:00 AM UTC	1158069480000	100	0	no	26.8	108.7	23392	20809	13326	5943	0	37906	2331	2331	0	2776	2776	0
September 12, 2006 7:59:00 AM UTC	1158069540000	100	0	no	27.0	108.9	23392	20809	13326	5943	0	37906	2337	2337	0	2779	2779	0
September 12, 2006 8:00:00 AM UTC	1158069600000	100	0	no	27.2	109.1	23392	20809	13343	5855	0	37977	2398	2398	0	2776	2776	0
September 12, 2006 8:01:00 AM UTC	1158069660000	100	0	no	27.4	109.3	23392	20809	13325	5946	0	37904	2369	2369	0	2774	2774	0
September 12, 2006 8:02:00 AM UTC	1158069720000	100	0	yes	27.5	109.5	23392	20809	13342	5880	0	37953	2402	2402	0	2773	2773	0
September 12, 2006 8:03:00 AM UTC	1158069780000	100	0	no	27.7	109.7	23392	20809	13325	5946	0	37904	2388	2388	0	2776	2776	0
September 12, 2006 8:04:00 AM UTC	1158069840000	100	0	no	27.9	109.9	23392	20809	13338	5880	0	37957	2435	2435	0	2775	2775	0
September 12, 2006 8:05:00 AM UTC	1158069900000	100	0	no	28.1	110.1	23392	20809	13325	5953	0	37897	2405	2405	0	2780	2780	0
September 12, 2006 8:06:00 AM UTC	1158069960000	100	0	no	28.3	110.3	23392	20809	13333	5909	0	37933	2438	2438	0	2787	2787	0
September 12, 2006 8:07:00 AM UTC	1158070020000	100	0	no	28.4	110.5	23392	20809	13319	5976	0	37880	2421	2421	0	2775	2775	0
September 12, 2006 8:08:00 AM UTC	1158070080000	100	0	no	28.6	110.6	23392	20809	13339	5889	0	37947	2480	2480	0	2777	2777	0
September 12, 2006 8:09:00 AM UTC	1158070140000	100	0	no	28.8	110.8	23392	20809	13341	5820	0	38014	2509	2509	0	2778	2778	0
September 12, 2006 8:10:00 AM UTC	1158070200000	100	0	no	29.0	111.0	23392	20809	13335	5843	0	37997	2505	2505	0	2784	2784	0
September 12, 2006 8:11:00 AM UTC	1158070260000	100	0	no	29.2	111.2	23392	20809	13335	5843	0	37997	2520	2520	0	2784	2784	0
September 12, 2006 8:12:00 AM UTC	1158070320000	100	0	no	29.3	111.4	23392	20809	13335	5843	0	37997	2523	2523	0	2788	2788	0
September 12, 2006 8:13:00 AM UTC	1158070380000	100	0	no	29.5	111.6	23392	20809	13335	5843	0	37997	2535	2535	0	2795	2795	0
September 12, 2006 8:14:00 AM UTC	1158070440000	100	0	no	29.7	111.8	23392	20809	13330	5866	0	37979	2543	2543	0	2785	2785	0
September 12, 2006 8:15:00 AM UTC	1158070500000	100	0	no	29.9	112.0	23392	20809	13330	5866	0	37979	2557	2553	0	2789	2789	0
September 12, 2006 8:16:00 AM UTC	1158070560000	100	0	no	30.0	112.3	23392	20809	13335	5842	0	37998	2582	2582	0	2790	2790	0
September 12, 2006 8:17:00 AM UTC	1158070620000	100	0	no	30.2	112.5	23392	20809	13335	5842	0	37998	2587	2587	0	2799	2799	0
September 12, 2006 8:18:00 AM UTC	1158070680000	100	0	no	30.4	112.7	23392	20809	13341	5816	0	38018	2612	2612	0	2799	2799	0
September 12, 2006 8:19:00 AM UTC	1158070740000	100	0	no	30.6	112.9	23392	20809	13328	5881	0	37966	2581	2579	0	2804	2804	0
September 12, 2006 8:20:00 AM UTC	1158070800000	100	0	no	30.8	113.1	23392	20809	13343	5813	0	38019	2630	2623	0	2805	2805	0
September 12, 2006 8:21:00 AM UTC	1158070860000	100	0	no	30.9	113.3	23392	20809	13322	5904	0	37949	2598	2598	0	2807	2807	0
September 12, 2006 8:22:00 AM UTC	1158070920000	100	0	no	31.1	113.5	23392	20809	13338	5779	0	38058	2662	2662	0	2810	2810	0
September 12, 2006 8:23:00 AM UTC	1158070980000	100	0	no	31.3	113.7	23392	20809	13330	5810	0	38035	2655	2655	0	2809	2809	0
September 12, 2006 8:24:00 AM UTC	1158071040000	100	0	no	31.5	113.9	23392	20809	13345	5796	0	38034	2680	2680	0	2819	2819	0
September 12, 2006 8:25:00 AM UTC	1158071100000	99	1	no	31.6	114.1	23392	20809	13324	5889	0	37962	2646	2646	0	2819	2819	0
September 12, 2006 8:26:00 AM UTC	1158071160000	100	0	no	31.8	114.3	23392	20809	13337	5825	0	38013	2682	2682	0	2829	2829	0
September 12, 2006 8:27:00 AM UTC	1158071220000	98	2	no	32.0	114.5	23392	20809	13324	5887	0	37964	2667	2667	0	2829	2829	0
September 12, 2006 8:28:00 AM UTC	1158071280000	99	1	no	32.2	114.7	23392	20809	13331	5852	0	37992	2693	2693	0	2832	2832	0
September 12, 2006 8:29:00 AM UTC	1158071340000	99	1	no	32.3	115.0	23392	20809	13336	5839	0	38000	2711	2711	0	2838	2838	0
September 12, 2006 8:30:00 AM UTC	1158071400000	99	1	no	32.5	115.2	23392	20809	13338	5840	0	37997	2720	2720	0	2839	2839	0
September 12, 2006 8:31:00 AM UTC	1158071460000	97	3	no	32.7	115.4	23392	20809	13338	5840	0	37997	2724	2724	0	2851	2851	0
September 12, 2006 8:32:00 AM UTC	1158071520000	92	8	no	32.8	115.6	23392	20809	13327	5949	0	37899	2697	2697	0	2855	2855	0
September 12, 2006 8:33:00 AM UTC	1158071580000	91	9	no	33.0	115.8	23392	20809	13327	5949	0	37899	2698	2698	0	2862	2862	0
September 12, 2006 8:34:00 AM UTC	1158071640000	92	8	no	33.2	116.0	23392	20809	13334	5927	0	37914	2733	2733	0	2859	2859	0
September 12, 2006 8:35:00 AM UTC	1158071700000	98	2	no	33.4	116.2	23392	20809	13330	5879	0	37966	2743	2743	0	2867	2867	0
September 12, 2006 8:36:00 AM UTC	1158071760000	100	0	no	33.5	116.5	23392	20809	13330	5879	0	37966	2748	2748	0	2874	2874	0
September 12, 2006 8:37:00 AM UTC	1158071820000	100	0	no	33.7	116.7	23392	20809	13330	5879	0	37966	2760	2760	0	2876	2876	0
September 12, 2006 8:38:00 AM UTC	1158071880000	100	0	no	33.9	116.9	23392	20809	13322	5910	0	37943	2751	2751	0	2880	2880	0
September 12, 2006 8:39:00 AM UTC	1158071940000	100	0	yes	34.0	117.1	23392	20809	13322	5910	0	37943	2765	2765	0	2887	2887	0
September 12, 2006 8:40:00 AM UTC	1158072000000	100	0	no	34.2	117.3	23392	20809	13346	5786	0	38043	2822	2822	0	2897	2897	0
September 12, 2006 8:41:00 AM UTC	1158072060000	100	0	no	34.4	117.6	23392	20809	13322	5930	0	37923	2765	2765	0	2895	2895	0
September 12, 2006 8:42:00 AM UTC	1158072120000	100	0	no	34.6	117.8	23392	20809	13338	5867	0	37970	2809	2809	0	2909	2909	0
September 12, 2006 8:43:00 AM UTC	1158072180000	100	0	no	34.7	118.0	23392	20809	13322	5930	0	37923	2779	2779	0	2915	2915	0
September 12, 2006 8:44:00 AM UTC	1158072240000	100	0	no	34.9	118.2	23392	20809	13336	5868	0	37971	2815	2815	0	2923	2923	0
September 12, 2006 8:45:00 AM UTC	1158072300000	100	0	no	35.1	118.4	23392	20809	13322	5930	0	37923	2784	2784	0	2932	2932	0
September 12, 2006 8:46:00 AM UTC	1158072360000	100	0	no	35.2	118.7	23392	20809	13335	5869	0	37971	2832	2832	0	2936	2936	0
September 12, 2006 8:47:00 AM UTC	1158072420000	100	0	no	35.4	118.9	23392	20809	13315	5899	0	37961	2799	2799	0	2945	2945	0
September 12, 2006 8:48:00 AM UTC	1158072480000	100	0	no	35.6	119.1	23392	20809	13329	5837	0	38009	2848	2848	0	2953	2953	0
September 12, 2006 8:49:00 AM UTC	1158072540000	100	0	no	35.7	119.4	23392	20809	13337	5805	0	38033	2864	2864	0	2960	2960	0
September 12, 2006 8:50:00 AM UTC	1158072600000	100	0	no	35.9	119.6	23392	20809	13330	5839	0	38006	2856	2856	0	2971	2971	0
September 12, 2006 8:51:00 AM UTC	1158072660000	100	0	no	36.1	119.8	23392	20809	13329	5862	0	37984	2845	2845	0	2979	2979	0
September 12, 2006 8:52:00 AM UTC	1158072720000	100	0	no	36.2	120.0	23392	20809	13329	5862	0	37984	2852	2852	0	2987	2987	0
September 12, 2006 8:53:00 AM UTC	1158072780000	100	0	no	36.4	120.3	23392	20809	13329	5861	0	37985	2851	2851	0	3000	3000	0
September 12, 2006 8:54:00 AM UTC	1158072840000	100	0	no	36.6	120.5	23392	20809	13329	5861	0	37985	2858	2858	0	3008	3008	0
September 12, 2006 8:55:00 AM UTC	1158072900000	100	0	no	36.7	120.7	23392	20809	13341	5858	0	37976	2884	2884	0	3019	3019	0
September 12, 2006 8:56:00 AM UTC	1158072960000	100	0	no	36.9	121.0	23392	20809	13321	5949	0	37905	2835	2835	0	3023	3023	0
September 12, 2006 8:57:00 AM UTC	1158073020000	100	0	no	37.0	121.2	23392	20809	13342	5854	0	37979	2894	2894	0	3034	3034	0
September 12, 2006 8:58:00 AM UTC	1158073080000	100	0	no	37.2	121.4	23392	20809	13323	5888	0	37964	2864	2864	0	3042	3042	0
September 12, 2006 8:59:00 AM UTC	1158073140000	100	0	no	37.4	121.7	23392	20809	13336	5828	0	38011	2905	2905	0	3057	3057	0
September 12, 2006 9:00:00 AM UTC	1158073200000	100	0	no	37.5	121.9	23392	20809	13321	5887	0	37967	2868	2868	0	3068	3068	0
September 12, 2006 9:01:00 AM UTC	1158073260000	100	0	no	37.7	122.2	23392	20809	13336	5829	0	38010	2911	2911	0	3080	3080	0
September 12, 2006 9:02:00 AM UTC	1158073320000	100	0	no	37.9	122.4	23392	20809	13335	5854	0	37986	2891	2891	0	3093	3093	0
September 12, 2006 9:03:00 AM UTC	1158073380000	100	0	no	38.0	122.6	23392	20809	13326	5891	0	37958	2870	2870	0	3105	3105	0
September 12, 2006 9:04:00 AM UTC	1158073440000	100	0	no	38.2	122.9	23392	20809	13326	5891	0	37958	2873	2873	0	3118	3118	0
September 12, 2006 9:05:00 AM UTC	1158073500000	100	0	no	38.3	123.1	23392	20809	13334	5853	0	37988	2900	2900	0	3121	3121	0
September 12, 2006 9:06:00 AM UTC	1158073560000	100	0	no	38.5	123.4	23392	20809	13326	5891	0	37958	2875	2875	0	3137	3137	0
September 12, 2006 9:07:00 AM UTC	1158073620000	100	0	no	38.7	123.6	23392	20809	13326	5891	0	37958	2883	2883	0	3145	3145	0
September 12, 2006 9:08:00 AM UTC	1158073680000	100	0	no	38.8	123.9	23392	20809	13327	5836	0	38012	2898	2898	0	3163	3163	0
September 12, 2006 9:09:00 AM UTC	1158073740000	100	0	no	39.0	124.1	23392	20809	13327	5836	0	38012	2900	2900	0	3179	3179	0
September 12, 2006 9:10:00 AM UTC	1158073800000	100	0	no	39.1	124.4	23392	20809	13318	5868	0	37989	2881	2881	0	3181	3181	0
September 12, 2006 9:11:00 AM UTC	1158073860000	100	0	no	39.3	124.6	23392	20809	13336	5803	0	38036	2911	2911	0	3214	3214	0
September 12, 2006 9:12:00 AM UTC	1158073920000	100	0	no	39.5	124.9	23392	20809	13326	5863	0	37986	2873	2873	0	3218	3218	0
September 12, 2006 9:13:00 AM UTC	1158073980000	100	0	no	39.6	125.1	23392	20809	13331	5844	0	38000	2891	2891	0	3242	3242	0
September 12, 2006 9:14:00 AM UTC	1158074040000	100	0	no	39.8	125.4	23392	20809	13331	5844	0	38000	2888	2888	0	3242	3242	0
September 12, 2006 9:15:00 AM UTC	1158074100000	100	0	no	39.9	125.6	23392	20809	13331	5844	0	38000	2893	2893	0	3269	3269	0
September 12, 2006 9:16:00 AM UTC	1158074160000	100	0	no	40.1	125.9	23392	20809	13331	5844	0	38000	2891	2891	0	3271	3271	0
September 12, 2006 9:17:00 AM UTC	1158074220000	100	0	no	40.2	126.1	23392	20809	13321	5885	0	37969	2863	2863	0	3289	3289	0
September 12, 2006 9:18:00 AM UTC	1158074280000	100	0	no	40.4	126.4	23392	20809	13345	5729	0	38101	2947	2947	0	3298	3298	0
September 12, 2006 9:19:00 AM UTC	1158074340000	100	0	no	40.5	126.6	23392	20809	13323	5826	0	38026	2889	2889	0	3311	3311	0
September 12, 2006 9:20:00 AM UTC	1158074400000	100	0	no	40.7	126.9	23392	20809	13334	5800	0	38041	2900	2900	0	3330	3330	0
September 12, 2006 9:21:00 AM UTC	1158074460000	100	0	no	40.8	127.2	23392	20809	13323	5850	0	38002	2872	2872	0	3340	3340	0
September 12, 2006 9:22:00 AM UTC	1158074520000	100	0	no	41.0	127.4	23392	20809	13334	5800	0	38041	2897	2897	0	3356	3356	0
September 12, 2006 9:23:00 AM UTC	1158074580000	100	0	no	41.1	127.7	23392	20809	13311	5896	0	37968	2840	2840	0	3363	3363	0
September 12, 2006 9:24:00 AM UTC	1158074640000	100	0	no	41.3	128.0	23392	20809	13334	5800	0	38041	2907	2907	0	3377	3377	0
September 12, 2006 9:25:00 AM UTC	1158074700000	100	0	no	41.4	128.2	23392	20809	13323	5857	0	37995	2870	2870	0	3390	3390	0
September 12, 2006 9:26:00 AM UTC	1158074760000	100	0	no	41.6	128.5	23392	20809	13333	5865	0	37977	2880	2880	0	3405	3405	0
September 12, 2006 9:27:00 AM UTC	1158074820000	100	0	no	41.7	128.8	23392	20809	13335	5815	0	38025	2894	2894	0	3421	3421	0
September 12, 2006 9:28:00 AM UTC	1158074880000	100	0	no	41.9	129.0	23392	20809	13326	5858	0	37991	2874	2874	0	3431	3431	0
September 12, 2006 9:29:00 AM UTC	1158074940000	100	0	no	42.0	129.3	23392	20809	13324	5893	0	37958	2847	2847	0	3448	3448	0
September 12, 2006 9:30:00 AM UTC	1158075000000	100	0	no	42.2	129.6	23392	20809	13324	5893	0	37958	2857	2857	0	3452	3452	0
September 12, 2006 9:31:00 AM UTC	1158075060000	100	0	no	42.3	129.8	23392	20809	13314	5936	0	37925	2822	2822	0	3473	3473	0
September 12, 2006 9:32:00 AM UTC	1158075120000	100	0	no	42.5	130.1	23392	20809	13335	5839	0	38001	2875	2875	0	3489	3489	0
September 12, 2006 9:33:00 AM UTC	1158075180000	100	0	no	42.6	130.4	23392	20809	13325	5882	0	37968	2856	2856	0	3496	3496	0
September 12, 2006 9:34:00 AM UTC	1158075240000	100	0	no	42.8	130.7	23392	20809	13337	5829	0	38009	2882	2882	0	3514	3514	0
September 12, 2006 9:35:00 AM UTC	1158075300000	100	0	no	42.9	130.9	23392	20809	13327	5872	0	37976	2866	2866	0	3516	3516	0
September 12, 2006 9:36:00 AM UTC	1158075360000	100	0	no	43.1	131.2	23392	20809	13328	5831	0	38016	2876	2876	0	3531	3531	0
September 12, 2006 9:37:00 AM UTC	1158075420000	99	1	no	43.2	131.5	23392	20809	13328	5832	0	38015	2887	2887	0	3540	3540	0
September 12, 2006 9:38:00 AM UTC	1158075480000	99	1	no	43.4	131.8	23392	20809	13327	5874	0	37974	2855	2855	0	3549	3549	0
September 12, 2006 9:39:00 AM UTC	1158075540000	100	0	no	43.5	132.1	23392	20809	13339	5820	0	38016	2887	2887	0	3570	3570	0
September 12, 2006 9:40:00 AM UTC	1158075600000	99	1	no	43.6	132.3	23392	20809	13327	5873	0	37975	2858	2858	0	3578	3578	0
September 12, 2006 9:41:00 AM UTC	1158075660000	100	0	no	43.8	132.6	23392	20809	13339	5821	0	38015	2887	2887	0	3598	3598	0
September 12, 2006 9:42:00 AM UTC	1158075720000	100	0	no	43.9	132.9	23392	20809	13318	5918	0	37939	2826	2826	0	3607	3607	0
September 12, 2006 9:43:00 AM UTC	1158075780000	100	0	no	44.1	133.2	23392	20809	13339	5816	0	38020	2881	2881	0	3621	3621	0
September 12, 2006 9:44:00 AM UTC	1158075840000	100	0	no	44.2	133.5	23392	20809	13327	5871	0	37977	2851	2851	0	3622	3622	0
September 12, 2006 9:45:00 AM UTC	1158075900000	100	0	no	44.3	133.8	23392	20809	13329	5819	0	38027	2876	2876	0	3638	3638	0
September 12, 2006 9:46:00 AM UTC	1158075960000	100	0	no	44.5	134.1	23392	20809	13329	5870	0	37976	2864	2864	0	3642	3642	0
September 12, 2006 9:47:00 AM UTC	1158076020000	100	0	no	44.6	134.4	23392	20809	13319	5915	0	37941	2834	2834	0	3653	3653	0
September 12, 2006 9:48:00 AM UTC	1158076080000	100	0	no	44.7	134.7	23392	20809	13328	5870	0	37977	2857	2857	0	3670	3670	0
September 12, 2006 9:49:00 AM UTC	1158076140000	100	0	no	44.9	135.0	23392	20809	13316	5917	0	37942	2833	2833	0	3678	3678	0
September 12, 2006 9:50:00 AM UTC	1158076200000	100	0	no	45.0	135.2	23392	20809	13341	5819	0	38015	2870	2870	0	3705	3705	0
September 12, 2006 9:51:00 AM UTC	1158076260000	99	1	no	45.1	135.5	23392	20809	13329	5928	0	37918	2836	2836	0	3705	3705	0
September 12, 2006 9:52:00 AM UTC	1158076320000	99	1	yes	45.3	135.8	23392	20809	13328	5928	0	37919	2833	2833	0	3717	3717	0
September 12, 2006 9:53:00 AM UTC	1158076380000	99	1	no	45.4	136.1	23392	20809	13328	5884	0	37963	2853	2853	0	3732	3732	0
September 12, 2006 9:54:00 AM UTC	1158076440000	98	2	no	45.5	136.4	23392	20809	13328	5934	0	37913	2829	2829	0	3741	3741	0
September 12, 2006 9:55:00 AM UTC	1158076500000	98	2	yes	45.7	136.8	23392	20809	13316	5983	0	37876	2801	2801	0	3747	3747	0
September 12, 2006 9:56:00 AM UTC	1158076560000	97	3	no	45.8	137.1	23392	20809	13341	5887	0	37947	2852	2852	0	3757	3757	0
September 12, 2006 9:57:00 AM UTC	1158076620000	95	4	no	45.9	137.4	23392	20809	13316	5919	0	37940	2825	2825	0	3767	3767	0
September 12, 2006 9:58:00 AM UTC	1158076680000	94	6	no	46.1	137.7	23392	20809	13338	5822	0	38015	2876	2876	0	3784	3784	0
September 12, 2006 9:59:00 AM UTC	1158076740000	92	7	no	46.2	138.0	23392	20809	13318	5921	0	37936	2828	2814	14	3779	3779	0
September 12, 2006 10:00:00 AM UTC	1158076800000	91	7	no	46.3	138.3	23392	20809	13328	5872	0	37975	2852	2852	0	3801	3801	0
September 12, 2006 10:01:00 AM UTC	1158076860000	90	8	no	46.5	138.6	23392	20809	13340	5783	0	38052	2901	2890	11	3816	3816	0
September 12, 2006 10:02:00 AM UTC	1158076920000	89	9	no	46.6	138.9	23392	20809	13326	5886	0	37963	2847	2800	47	3819	3819	0
September 12, 2006 10:03:00 AM UTC	1158076980000	88	9	no	46.7	139.2	23392	20809	13340	5768	0	38067	2891	2891	0	3844	3844	0
September 12, 2006 10:04:00 AM UTC	1158077040000	88	9	no	46.8	139.5	23392	20809	13317	5865	0	37993	2842	2842	0	3836	3836	0
September 12, 2006 10:05:00 AM UTC	1158077100000	89	9	no	46.9	139.9	23392	20809	13340	5768	0	38067	2890	2890	0	3857	3851	6
September 12, 2006 10:06:00 AM UTC	1158077160000	88	9	no	47.1	140.2	23392	20809	13330	5819	0	38026	2857	2857	0	3868	3868	0
September 12, 2006 10:07:00 AM UTC	1158077220000	86	10	no	47.2	140.5	23392	20809	13328	5822	0	38025	2861	2861	0	3872	3872	0
September 12, 2006 10:08:00 AM UTC	1158077280000	86	10	yes	47.3	140.8	23392	20809	13327	5819	0	38029	2858	2858	0	3887	3887	0
September 12, 2006 10:09:00 AM UTC	1158077340000	83	11	yes	47.4	141.1	23392	20809	13328	5837	0	38010	2865	2865	0	3892	3892	0
September 12, 2006 10:10:00 AM UTC	1158077400000	79	12	no	47.6	141.5	23392	20809	13337	5795	0	38043	2887	2887	0	3900	3900	0
September 12, 2006 10:11:00 AM UTC	1158077460000	74	11	no	47.7	141.8	23392	20809	13317	5893	0	37965	2827	2827	0	3902	3902	0
September 12, 2006 10:12:00 AM UTC	1158077520000	69	12	no	47.8	142.1	23392	20809	13338	5795	0	38042	2882	2882	0	3917	3917	0
September 12, 2006 10:13:00 AM UTC	1158077580000	64	13	no	47.9	142.4	23392	20809	13326	5850	0	37999	2851	2851	0	3928	3928	0
September 12, 2006 10:14:00 AM UTC	1158077640000	57	16	no	48.0	142.8	23392	20809	13326	5848	0	38001	2856	2856	0	3935	3935	0
September 12, 2006 10:15:00 AM UTC	1158077700000	53	15	no	48.1	143.1	23392	20809	13339	5794	0	38042	2888	2888	0	3948	3948	0
September 12, 2006 10:16:00 AM UTC	1158077760000	50	16	no	48.3	143.4	23392	20809	13327	5868	0	37980	2846	2826	20	3946	3946	0
September 12, 2006 10:17:00 AM UTC	1158077820000	50	15	yes	48.4	143.8	23392	20809	13336	5826	0	38013	2872	2835	17	3968	3968	0
September 12, 2006 10:18:00 AM UTC	1158077880000	48	17	no	48.5	144.1	23392	20809	13336	5827	0	38012	2863	2834	29	3972	3972	0
September 12, 2006 10:19:00 AM UTC	1158077940000	49	15	yes	48.6	144.4	23392	20809	13323	5882	0	37970	2832	2827	5	3973	3973	0
September 12, 2006 10:20:00 AM UTC	1158078000000	49	17	yes	48.7	144.8	23392	20809	13336	5827	0	38012	2863	2845	18	3994	3994	0
September 12, 2006 10:21:00 AM UTC	1158078060000	49	16	yes	48.8	145.1	23392	20809	13336	5827	0	38012	2862	2847	15	3995	3995	0
September 12, 2006 10:22:00 AM UTC	1158078120000	49	14	no	48.9	145.5	23392	20809	13332	5842	0	38001	2856	2825	31	4015	4015	0
September 12, 2006 10:23:00 AM UTC	1158078180000	50	16	yes	49.0	145.8	23392	20809	13323	5908	0	37944	2828	2733	95	4007	4007	0
September 12, 2006 10:24:00 AM UTC	1158078240000	52	18	no	49.1	146.2	23392	20809	13333	5869	0	37973	2848	2827	21	4018	4018	0
September 12, 2006 10:25:00 AM UTC	1158078300000	57	18	no	49.2	146.5	23392	20809	13333	5869	0	37973	2849	2848	1	4028	4028	0
September 12, 2006 10:26:00 AM UTC	1158078360000	62	16	no	49.3	146.8	23392	20809	13333	5869	0	37973	2849	2849	0	4032	4032	0
September 12, 2006 10:27:00 AM UTC	1158078420000	64	15	no	49.4	147.2	23392	20809	13342	5812	0	38021	2871	2871	0	4046	4046	0
September 12, 2006 10:28:00 AM UTC	1158078480000	66	14	no	49.6	147.5	23392	20809	13323	5908	0	37944	2819	2819	0	4042	4042	0
September 12, 2006 10:29:00 AM UTC	1158078540000	66	15	no	49.7	147.9	23392	20809	13328	5888	0	37959	2832	2832	0	4052	4052	0
September 12, 2006 10:30:00 AM UTC	1158078600000	68	13	no	49.8	148.2	23392	20809	13330	5933	0	37912	2813	2775	38	4056	4056	0
September 12, 2006 10:31:00 AM UTC	1158078660000	70	15	no	49.9	148.6	23392	20809	13340	5863	0	37972	2854	2788	66	4074	4074	0
September 12, 2006 10:32:00 AM UTC	1158078720000	71	13	no	50.0	149.0	23392	20809	13327	5920	0	37928	2828	2784	44	4073	4073	0
September 12, 2006 10:33:00 AM UTC	1158078780000	75	10	no	50.1	149.3	23392	20809	13327	5920	0	37928	2821	2818	3	4081	4081	0
September 12, 2006 10:34:00 AM UTC	1158078840000	77	12	no	50.1	149.7	23392	20809	13336	5886	0	37953	2844	2830	13	4089	4089	0
September 12, 2006 10:35:00 AM UTC	1158078900000	78	11	no	50.2	150.0	23392	20809	13333	5882	0	37960	2842	2842	0	4098	4098	0
September 12, 2006 10:36:00 AM UTC	1158078960000	81	11	no	50.3	150.4	23392	20809	13322	5892	0	37961	2830	2811	19	4096	4096	0
September 12, 2006 10:37:00 AM UTC	1158079020000	80	11	no	50.4	150.8	23392	20809	13322	5934	0	37919	2815	2815	0	4105	4105	0
September 12, 2006 10:38:00 AM UTC	1158079080000	83	10	no	50.5	151.1	23392	20809	13344	5832	0	37999	2861	2851	10	4128	4128	0
September 12, 2006 10:39:00 AM UTC	1158079140000	87	9	no	50.6	151.5	23392	20809	13335	5876	0	37964	2843	2843	0	4129	4129	0
September 12, 2006 10:40:00 AM UTC	1158079200000	88	6	no	50.7	151.9	23392	20809	13330	5902	0	37943	2826	2826	0	4132	4132	0
September 12, 2006 10:41:00 AM UTC	1158079260000	89	6	no	50.8	152.2	23392	20809	13330	5902	0	37943	2824	2824	0	4139	4139	0
September 12, 2006 10:42:00 AM UTC	1158079320000	92	4	no	50.9	152.6	23392	20809	13330	5902	0	37943	2828	2828	0	4145	4145	0
September 12, 2006 10:43:00 AM UTC	1158079380000	95	2	no	51.0	153.0	23392	20809	13330	5902	0	37943	2826	2826	0	4150	4150	0
September 12, 2006 10:44:00 AM UTC	1158079440000	98	1	no	51.1	153.3	23392	20809	13335	5908	0	37932	2830	2830	0	4162	4162	0
September 12, 2006 10:45:00 AM UTC	1158079500000	100	0	no	51.1	153.7	23392	20809	13330	5941	0	37904	2820	2820	0	4152	4152	0
September 12, 2006 10:46:00 AM UTC	1158079560000	100	0	no	51.2	154.1	23392	20809	13322	5928	0	37925	2817	2817	0	4156	4101	55
September 12, 2006 10:47:00 AM UTC	1158079620000	100	0	no	51.3	154.5	23392	20809	13331	5862	0	37982	2853	2853	0	4169	4140	29
September 12, 2006 10:48:00 AM UTC	1158079680000	100	0	no	51.4	154.8	23392	20809	13323	5894	0	37958	2830	2830	0	4173	4173	0
September 12, 2006 10:49:00 AM UTC	1158079740000	100	0	no	51.5	155.2	23392	20809	13327	5890	0	37958	2829	2829	0	4174	4174	0
September 12, 2006 10:50:00 AM UTC	1158079800000	100	0	no	51.6	155.6	23392	20809	13330	5930	0	37915	2807	2807	0	4186	4182	4
September 12, 2006 10:51:00 AM UTC	1158079860000	100	0	no	51.6	156.0	23392	20809	13338	5875	0	37962	2843	2843	0	4198	4198	0
September 12, 2006 10:52:00 AM UTC	1158079920000	100	0	no	51.7	156.4	23392	20809	13331	5908	0	37936	2828	2828	0	4194	4194	0
September 12, 2006 10:53:00 AM UTC	1158079980000	100	0	no	51.8	156.7	23392	20809	13331	5908	0	37936	2823	2823	0	4204	4204	0
September 12, 2006 10:54:00 AM UTC	1158080040000	100	0	no	51.9	157.1	23392	20809	13338	5839	0	37998	2858	2858	0	4212	4212	0
September 12, 2006 10:55:00 AM UTC	1158080100000	100	0	no	51.9	157.5	23392	20809	13332	5867	0	37976	2840	2840	0	4213	4213	0
September 12, 2006 10:56:00 AM UTC	1158080160000	100	0	no	52.0	157.9	23392	20809	13338	5839	0	37998	2855	2855	0	4223	4223	0
September 12, 2006 10:57:00 AM UTC	1158080220000	100	0	no	52.1	158.3	23392	20809	13336	5910	0	37929	2816	2816	0	4224	4224	0
September 12, 2006 10:58:00 AM UTC	1158080280000	100	0	no	52.1	158.7	23392	20809	13343	5866	0	37966	2851	2851	0	4233	4233	0
September 12, 2006 10:59:00 AM UTC	1158080340000	100	0	no	52.2	159.1	23392	20809	13335	5904	0	37936	2821	2821	0	4236	4236	0
September 12, 2006 11:00:00 AM UTC	1158080400000	100	0	no	52.3	159.5	23392	20809	13342	5866	0	37967	2846	2846	0	4240	4240	0
September 12, 2006 11:01:00 AM UTC	1158080460000	100	0	no	52.3	159.9	23392	20809	13343	5865	0	37967	2849	2849	0	4247	4247	0
September 12, 2006 11:02:00 AM UTC	1158080520000	99	1	no	52.4	160.2	23392	20809	13335	5906	0	37934	2814	2814	0	4242	4242	0
September 12, 2006 11:03:00 AM UTC	1158080580000	98	1	no	52.5	160.6	23392	20809	13330	5850	0	37995	2845	2845	0	4245	4245	0
September 12, 2006 11:04:00 AM UTC	1158080640000	97	3	no	52.5	161.0	23392	20809	13335	5883	0	37957	2835	2835	0	4249	4249	0
September 12, 2006 11:05:00 AM UTC	1158080700000	95	4	no	52.6	161.4	23392	20809	13335	5883	0	37957	2839	2839	0	4257	4257	0
September 12, 2006 11:06:00 AM UTC	1158080760000	93	6	yes	52.7	161.8	23392	20809	13336	5882	0	37957	2831	2828	3	4259	4259	0
September 12, 2006 11:07:00 AM UTC	1158080820000	92	7	yes	52.7	162.2	23392	20809	13341	5837	0	37997	2858	2785	73	4268	4268	0
September 12, 2006 11:08:00 AM UTC	1158080880000	92	7	no	52.8	162.6	23392	20809	13335	5846	0	37994	2848	2478	305	4267	4267	0
September 12, 2006 11:09:00 AM UTC	1158080940000	93	6	no	52.8	163.0	23392	20809	13326	5891	0	37958	2822	2630	183	4263	4263	0
September 12, 2006 11:10:00 AM UTC	1158081000000	94	5	no	52.9	163.4	23392	20809	13323	5965	0	37887	2790	2790	0	4263	4263	0
September 12, 2006 11:11:00 AM UTC	1158081060000	94	5	no	52.9	163.8	23392	20809	13328	5934	0	37913	2803	2803	0	4273	4273	0
September 12, 2006 11:12:00 AM UTC	1158081120000	95	5	no	53.0	164.3	23392	20809	13329	5934	0	37912	2813	2813	0	4274	4274	0
September 12, 2006 11:13:00 AM UTC	1158081180000	96	4	yes	53.0	164.7	23392	20809	13329	5935	0	37911	2803	2803	0	4276	4276	0
September 12, 2006 11:14:00 AM UTC	1158081240000	95	5	no	53.1	165.1	23392	20809	13329	5935	0	37911	2810	2790	20	4279	4279	0
September 12, 2006 11:15:00 AM UTC	1158081300000	96	4	no	53.1	165.5	23392	20809	13329	5935	0	37911	2803	2728	75	4282	4282	0
September 12, 2006 11:16:00 AM UTC	1158081360000	97	3	no	53.2	165.9	23392	20809	13329	5935	0	37911	2808	2808	0	4288	4288	0
September 12, 2006 11:17:00 AM UTC	1158081420000	98	2	no	53.2	166.3	23392	20809	13333	5894	0	37948	2823	2823	0	4294	4294	0
September 12, 2006 11:18:00 AM UTC	1158081480000	97	3	no	53.3	166.7	23392	20809	13333	5904	0	37938	2831	2831	0	4294	4294	0
September 12, 2006 11:19:00 AM UTC	1158081540000	96	4	no	53.3	167.1	23392	20809	13337	5862	0	37976	2837	2837	0	4305	4305	0
September 12, 2006 11:20:00 AM UTC	1158081600000	95	5	no	53.4	167.5	23392	20809	13337	5862	0	37976	2846	2846	0	4303	4303	0
September 12, 2006 11:21:00 AM UTC	1158081660000	93	7	no	53.4	167.9	23392	20809	13337	5862	0	37976	2844	2844	0	4305	4305	0
September 12, 2006 11:22:00 AM UTC	1158081720000	92	8	no	53.4	168.4	23392	20809	13337	5862	0	37976	2841	2841	0	4305	4305	0
September 12, 2006 11:23:00 AM UTC	1158081780000	91	8	no	53.5	168.8	23392	20809	13337	5861	0	37977	2842	2842	0	4308	4308	0
September 12, 2006 11:24:00 AM UTC	1158081840000	92	8	no	53.5	169.2	23392	20809	13320	6000	0	37855	2773	2773	0	4290	4290	0
September 12, 2006 11:25:00 AM UTC	1158081900000	95	4	no	53.6	169.6	23392	20809	13322	5987	0	37866	2785	2785	0	4300	4300	0
September 12, 2006 11:26:00 AM UTC	1158081960000	96	3	no	53.6	170.0	23392	20809	13321	5988	0	37866	2784	2784	0	4300	4300	0
September 12, 2006 11:27:00 AM UTC	1158082020000	97	3	no	53.6	170.4	23392	20809	13321	5988	0	37866	2785	2785	0	4305	4305	0
September 12, 2006 11:28:00 AM UTC	1158082080000	96	4	no	53.7	170.8	23392	20809	13323	5908	0	37944	2819	2819	0	4312	4312	0
September 12, 2006 11:29:00 AM UTC	1158082140000	94	6	no	53.7	171.3	23392	20809	13324	5870	0	37981	2834	2830	4	4316	4316	0
September 12, 2006 11:30:00 AM UTC	1158082200000	90	9	no	53.7	171.7	23392	20809	13341	5804	0	38030	2865	2865	0	4329	4329	0
September 12, 2006 11:31:00 AM UTC	1158082260000	85	11	no	53.7	172.1	23392	20809	13338	5879	0	37958	2827	2794	33	4327	4327	0
September 12, 2006 11:32:00 AM UTC	1158082320000	82	12	no	53.8	172.5	23392	20809	13340	5873	0	37962	2837	2837	0	4328	4328	0
September 12, 2006 11:33:00 AM UTC	1158082380000	79	11	no	53.8	172.9	23392	20809	13342	5876	0	37957	2836	2836	0	4336	4336	0
September 12, 2006 11:34:00 AM UTC	1158082440000	80	9	no	53.8	173.4	23392	20809	13325	5942	0	37908	2807	2807	0	4320	4320	0
September 12, 2006 11:35:00 AM UTC	1158082500000	81	10	no	53.8	173.8	23392	20809	13324	5942	0	37909	2802	2802	0	4322	4322	0
September 12, 2006 11:36:00 AM UTC	1158082560000	83	9	no	53.8	174.2	23392	20809	13325	5935	0	37915	2811	2811	0	4325	4325	0
September 12, 2006 11:37:00 AM UTC	1158082620000	83	10	no	53.9	174.6	23392	20809	13327	5848	0	38000	2851	2851	0	4328	4328	0
September 12, 2006 11:38:00 AM UTC	1158082680000	83	10	no	53.9	175.0	23392	20809	13325	5833	0	38017	2855	2855	0	4331	4331	0
September 12, 2006 11:39:00 AM UTC	1158082740000	85	6	no	53.9	175.5	23392	20809	13324	5918	0	37933	2815	2815	0	4325	4325	0
September 12, 2006 11:40:00 AM UTC	1158082800000	88	4	no	53.9	175.9	23392	20809	13323	5919	0	37933	2812	2812	0	4330	4330	0
September 12, 2006 11:41:00 AM UTC	1158082860000	90	5	no	53.9	176.3	23392	20809	13324	5914	0	37937	2814	2814	0	4334	4334	0
September 12, 2006 11:42:00 AM UTC	1158082920000	92	4	no	53.9	176.7	23392	20809	13339	5852	0	37984	2848	2848	0	4342	4342	0
September 12, 2006 11:43:00 AM UTC	1158082980000	94	4	no	53.9	177.2	23392	20809	13325	5913	0	37937	2820	2820	0	4334	4334	0
September 12, 2006 11:44:00 AM UTC	1158083040000	97	3	no	54.0	177.6	23392	20809	13326	5912	0	37937	2817	2817	0	4332	4332	0
September 12, 2006 11:45:00 AM UTC	1158083100000	98	2	no	54.0	178.0	23392	20809	13326	5911	0	37938	2820	2820	0	4332	4332	0
September 12, 2006 11:46:00 AM UTC	1158083160000	97	3	yes	54.0	178.4	23392	20809	13327	5890	0	37958	2816	2816	0	4335	4335	0
September 12, 2006 11:47:00 AM UTC	1158083220000	96	4	no	54.0	178.9	23392	20809	13327	5888	0	37960	2823	2823	0	4332	4332	0
September 12, 2006 11:48:00 AM UTC	1158083280000	94	6	no	54.0	179.3	23392	20809	13327	5889	0	37959	2821	2821	0	4337	4337	0
September 12, 2006 11:49:00 AM UTC	1158083340000	90	9	no	54.0	179.7	23392	20809	13327	5889	0	37959	2811	2811	0	4338	4338	0
September 12, 2006 11:50:00 AM UTC	1158083400000	88	9	no	54.0	180.1	23392	20809	13327	5889	0	37959	2829	2829	0	4334	4334	0
September 12, 2006 11:51:00 AM UTC	1158083460000	86	7	no	54.0	180.6	23392	20809	13327	5889	0	37959	2812	2812	0	4336	4336	0
September 12, 2006 11:52:00 AM UTC	1158083520000	85	7	no	54.0	181.0	23392	20809	13327	5888	0	37960	2830	2830	0	4329	4329	0
September 12, 2006 11:53:00 AM UTC	1158083580000	85	7	no	54.0	181.4	23392	20809	13327	5887	0	37961	2814	2809	5	4335	4335	0
September 12, 2006 11:54:00 AM UTC	1158083640000	83	9	no	54.0	181.8	23392	20809	13327	5906	0	37942	2821	2820	1	4336	4336	0
September 12, 2006 11:55:00 AM UTC	1158083700000	82	10	no	54.0	182.3	23392	20809	13326	5910	0	37939	2818	2765	53	4329	4329	0
September 12, 2006 11:56:00 AM UTC	1158083760000	81	13	no	53.9	182.7	23392	20809	13325	5911	0	37939	2821	2791	30	4334	4334	0
September 12, 2006 11:57:00 AM UTC	1158083820000	80	15	no	53.9	183.1	23392	20809	13324	5912	0	37939	2817	2751	66	4329	4329	0
September 12, 2006 11:58:00 AM UTC	1158083880000	76	20	no	53.9	183.5	23392	20809	13324	5912	0	37939	2818	2675	141	4331	4331	0
September 12, 2006 11:59:00 AM UTC	1158083940000	72	23	no	53.9	183.9	23392	20809	13323	5917	0	37935	2812	2789	23	4332	4332	0
September 12, 2006 12:00:00 PM UTC	1158084000000	69	25	no	53.9	184.4	23392	20809	13323	5916	0	37936	2817	2756	61	4327	4327	0
September 12, 2006 12:01:00 PM UTC	1158084060000	67	26	yes	53.9	184.8	23392	20809	13340	5841	0	37994	2844	2664	180	4342	4342	0
September 12, 2006 12:02:00 PM UTC	1158084120000	65	27	no	53.9	185.2	23392	20809	13325	5858	0	37992	2844	2792	52	4329	4329	0
September 12, 2006 12:03:00 PM UTC	1158084180000	63	30	yes	53.8	185.6	23392	20809	13325	5931	0	37919	2808	2688	120	4321	4321	0
September 12, 2006 12:04:00 PM UTC	1158084240000	62	31	yes	53.8	186.1	23392	20809	13324	5938	0	37913	2801	2764	37	4322	4322	0
September 12, 2006 12:05:00 PM UTC	1158084300000	57	29	no	53.8	186.5	23392	20809	13325	5938	0	37912	2799	2749	45	4320	4320	0
September 12, 2006 12:06:00 PM UTC	1158084360000	56	25	no	53.8	186.9	23392	20809	13325	5938	0	37912	2807	2694	113	4319	4319	0
September 12, 2006 12:07:00 PM UTC	1158084420000	57	19	no	53.8	187.3	23392	20809	13326	5937	0	37912	2798	2795	3	4319	4319	0
September 12, 2006 12:08:00 PM UTC	1158084480000	61	18	no	53.7	187.7	23392	20809	13324	5946	0	37905	2802	2802	0	4309	4309	0
September 12, 2006 12:09:00 PM UTC	1158084540000	65	17	no	53.7	188.2	23392	20809	13326	5866	0	37983	2829	2820	9	4316	4316	0
September 12, 2006 12:10:00 PM UTC	1158084600000	69	16	no	53.7	188.6	23392	20809	13341	5799	0	38035	2872	2864	8	4328	4328	0
September 12, 2006 12:11:00 PM UTC	1158084660000	72	17	no	53.7	189.0	23392	20809	13340	5825	0	38010	2859	2842	17	4331	4294	37
September 12, 2006 12:12:00 PM UTC	1158084720000	76	16	no	53.6	189.4	23392	20809	13338	5836	0	38001	2859	2844	15	4324	4284	40
September 12, 2006 12:13:00 PM UTC	1158084780000	81	14	yes	53.6	189.8	23392	20809	13336	5915	0	37924	2812	2732	78	4323	4322	1
September 12, 2006 12:14:00 PM UTC	1158084840000	81	17	yes	53.6	190.2	23392	20809	13337	5915	0	37923	2822	2790	32	4315	4315	0
September 12, 2006 12:15:00 PM UTC	1158084900000	81	19	yes	53.5	190.7	23392	20809	13336	5927	0	37912	2809	2809	0	4318	4312	6
September 12, 2006 12:16:00 PM UTC	1158084960000	81	19	yes	53.5	191.1	23392	20809	13337	5853	0	37985	2842	2807	35	4320	4292	28
September 12, 2006 12:17:00 PM UTC	1158085020000	79	20	yes	53.4	191.5	23392	20809	13337	5854	0	37984	2846	2611	231	4316	4316	0
September 12, 2006 12:18:00 PM UTC	1158085080000	76	21	yes	53.4	191.9	23392	20809	13337	5855	0	37983	2839	2662	177	4307	4307	0
September 12, 2006 12:19:00 PM UTC	1158085140000	76	21	yes	53.4	192.3	23392	20809	13321	5926	0	37928	2809	2518	287	4290	4290	0
September 12, 2006 12:20:00 PM UTC	1158085200000	76	15	no	53.3	192.7	23392	20809	13323	5915	0	37937	2808	2555	247	4291	4288	3
September 12, 2006 12:21:00 PM UTC	1158085260000	76	17	yes	53.3	193.1	23392	20809	13333	5901	0	37941	2830	2670	155	4294	4294	0
September 12, 2006 12:22:00 PM UTC	1158085320000	75	16	yes	53.2	193.5	23392	20809	13333	5901	0	37941	2817	2669	148	4293	4289	4
September 12, 2006 12:23:00 PM UTC	1158085380000	73	17	yes	53.2	194.0	23392	20809	13335	5831	0	38009	2853	2713	138	4296	4296	0
September 12, 2006 12:24:00 PM UTC	1158085440000	73	14	yes	53.1	194.4	23392	20809	13329	5931	0	37915	2808	2632	167	4279	4279	0
September 12, 2006 12:25:00 PM UTC	1158085500000	73	11	no	53.1	194.8	23392	20809	13329	5931	0	37915	2807	2563	224	4281	4281	0
September 12, 2006 12:26:00 PM UTC	1158085560000	74	10	no	53.0	195.2	23392	20809	13324	5960	0	37891	2798	2408	343	4272	4271	1
September 12, 2006 12:27:00 PM UTC	1158085620000	75	10	no	53.0	195.6	23392	20809	13329	5930	0	37916	2810	2620	190	4277	4245	32
September 12, 2006 12:28:00 PM UTC	1158085680000	77	10	no	52.9	196.0	23392	20809	13328	5930	0	37917	2810	2798	12	4269	4269	0
September 12, 2006 12:29:00 PM UTC	1158085740000	80	10	no	52.9	196.4	23392	20809	13323	5958	0	37894	2786	2769	17	4264	4264	0
September 12, 2006 12:30:00 PM UTC	1158085800000	83	10	no	52.8	196.8	23392	20809	13326	5885	0	37964	2832	2832	0	4263	4263	0
September 12, 2006 12:31:00 PM UTC	1158085860000	85	9	no	52.8	197.2	23392	20809	13335	5843	0	37997	2849	2845	4	4267	4267	0
September 12, 2006 12:32:00 PM UTC	1158085920000	88	9	no	52.7	197.6	23392	20809	13341	5821	0	38013	2856	2856	0	4268	4268	0
September 12, 2006 12:33:00 PM UTC	1158085980000	89	9	no	52.7	198.0	23392	20809	13337	5874	0	37964	2833	2833	0	4259	4258	1
September 12, 2006 12:34:00 PM UTC	1158086040000	91	8	no	52.6	198.4	23392	20809	13336	5877	0	37962	2835	2829	6	4258	4258	0
September 12, 2006 12:35:00 PM UTC	1158086100000	95	5	no	52.5	198.8	23392	20809	13335	5878	0	37962	2830	2768	59	4252	4252	0
September 12, 2006 12:36:00 PM UTC	1158086160000	95	5	no	52.5	199.2	23392	20809	13329	5915	0	37931	2811	2719	92	4242	4242	0
September 12, 2006 12:37:00 PM UTC	1158086220000	91	8	no	52.4	199.6	23392	20809	13334	5900	0	37941	2824	2749	73	4242	4239	3
September 12, 2006 12:38:00 PM UTC	1158086280000	88	12	yes	52.3	200.0	23392	20809	13329	5924	0	37922	2813	2813	0	4231	4218	13
September 12, 2006 12:39:00 PM UTC	1158086340000	84	13	no	52.3	200.4	23392	20809	13329	5924	0	37922	2813	2813	0	4230	4186	44
September 12, 2006 12:40:00 PM UTC	1158086400000	83	12	no	52.2	200.8	23392	20809	13329	5924	0	37922	2809	2809	0	4228	4199	29
September 12, 2006 12:41:00 PM UTC	1158086460000	85	10	no	52.1	201.2	23392	20809	13325	5937	0	37913	2811	2811	0	4215	4177	38
September 12, 2006 12:42:00 PM UTC	1158086520000	84	10	no	52.1	201.6	23392	20809	13329	5923	0	37923	2811	2811	0	4217	4217	0
September 12, 2006 12:43:00 PM UTC	1158086580000	84	9	no	52.0	201.9	23392	20809	13323	5896	0	37956	2822	2822	0	4215	4215	0
September 12, 2006 12:44:00 PM UTC	1158086640000	84	9	no	51.9	202.3	23392	20809	13325	5898	0	37952	2822	2822	0	4209	4209	0
September 12, 2006 12:45:00 PM UTC	1158086700000	86	8	no	51.9	202.7	23392	20809	13332	5859	0	37984	2840	2840	0	4210	4179	31
September 12, 2006 12:46:00 PM UTC	1158086760000	86	8	no	51.8	203.1	23392	20809	13337	5876	0	37962	2840	2840	0	4206	4090	116
September 12, 2006 12:47:00 PM UTC	1158086820000	86	8	no	51.7	203.5	23392	20809	13331	5903	0	37941	2817	2817	0	4198	4108	90
September 12, 2006 12:48:00 PM UTC	1158086880000	84	10	no	51.6	203.9	23392	20809	13331	5903	0	37941	2832	2832	0	4190	4107	83
September 12, 2006 12:49:00 PM UTC	1158086940000	84	11	no	51.6	204.2	23392	20809	13330	5924	0	37921	2806	2806	0	4186	4109	77
September 12, 2006 12:50:00 PM UTC	1158087000000	81	12	no	51.5	204.6	23392	20809	13333	5857	0	37985	2851	2851	0	4178	4028	150
September 12, 2006 12:51:00 PM UTC	1158087060000	78	14	no	51.4	205.0	23392	20809	13323	5884	0	37968	2825	2825	0	4179	3875	304
September 12, 2006 12:52:00 PM UTC	1158087120000	75	18	yes	51.3	205.4	23392	20809	13338	5826	0	38011	2866	2834	32	4178	3874	304
September 12, 2006 12:53:00 PM UTC	1158087180000	71	19	yes	51.2	205.8	23392	20809	13338	5826	0	38011	2864	2747	117	4169	4052	117
September 12, 2006 12:54:00 PM UTC	1158087240000	70	20	yes	51.1	206.1	23392	20809	13338	5826	0	38011	2866	2551	308	4164	4123	41
September 12, 2006 12:55:00 PM UTC	1158087300000	68	22	yes	51.1	206.5	23392	20809	13328	5933	0	37914	2819	2586	227	4153	4153	0
September 12, 2006 12:56:00 PM UTC	1158087360000	63	27	yes	51.0	206.9	23392	20809	13335	5925	0	37915	2820	2679	141	4148	4148	0
September 12, 2006 12:57:00 PM UTC	1158087420000	65	27	yes	50.9	207.2	23392	20809	13330	5886	0	37959	2833	2725	108	4139	4134	5
September 12, 2006 12:58:00 PM UTC	1158087480000	69	22	yes	50.8	207.6	23392	20809	13330	5886	0	37959	2830	2733	97	4136	4122	14
September 12, 2006 12:59:00 PM UTC	1158087540000	72	16	yes	50.7	208.0	23392	20809	13330	5886	0	37959	2825	2799	26	4136	4136	0
September 12, 2006 1:00:00 PM UTC	1158087600000	74	13	no	50.6	208.4	23392	20809	13330	5886	0	37959	2827	2745	81	4125	4125	0
September 12, 2006 1:01:00 PM UTC	1158087660000	75	11	no	50.5	208.7	23392	20809	13321	5928	0	37926	2804	2789	10	4113	4113	0
September 12, 2006 1:02:00 PM UTC	1158087720000	76	10	no	50.4	209.1	23392	20809	13322	5918	0	37935	2808	2808	0	4105	4105	0
September 12, 2006 1:03:00 PM UTC	1158087780000	79	10	no	50.3	209.4	23392	20809	13336	5827	0	38012	2857	2857	0	4109	4109	0
September 12, 2006 1:04:00 PM UTC	1158087840000	84	9	no	50.2	209.8	23392	20809	13330	5864	0	37981	2836	2836	0	4095	4095	0
September 12, 2006 1:05:00 PM UTC	1158087900000	87	8	no	50.1	210.2	23392	20809	13337	5874	0	37964	2846	2846	0	4091	4091	0
September 12, 2006 1:06:00 PM UTC	1158087960000	90	6	yes	50.1	210.5	23392	20809	13327	5913	0	37935	2823	2823	0	4082	4082	0
September 12, 2006 1:07:00 PM UTC	1158088020000	92	6	yes	50.0	210.9	23392	20809	13336	5877	0	37962	2846	2846	0	4078	4078	0
September 12, 2006 1:08:00 PM UTC	1158088080000	93	5	yes	49.9	211.2	23392	20809	13327	5913	0	37935	2822	2822	0	4068	4068	0
September 12, 2006 1:09:00 PM UTC	1158088140000	94	4	no	49.8	211.6	23392	20809	13327	5913	0	37935	2827	2827	0	4059	4059	0
September 12, 2006 1:10:00 PM UTC	1158088200000	95	3	no	49.7	211.9	23392	20809	13328	5881	0	37966	2837	2837	0	4051	4051	0
September 12, 2006 1:11:00 PM UTC	1158088260000	96	3	no	49.6	212.3	23392	20809	13333	5861	0	37981	2840	2840	0	4049	4049	0
September 12, 2006 1:12:00 PM UTC	1158088320000	97	2	no	49.4	212.6	23392	20809	13332	5862	0	37981	2850	2850	0	4039	4039	0
September 12, 2006 1:13:00 PM UTC	1158088380000	97	2	no	49.3	213.0	23392	20809	13318	5918	0	37939	2816	2816	0	4022	4022	0
September 12, 2006 1:13:57 PM UTC	1158088437000	97	2	no	49.2	213.3	23392	20809	13333	5862	0	37980	2852	2852	0	4023	4023	0
September 12, 2006 1:15:00 PM UTC	1158088500000	98	1	no	49.1	213.7	23392	20809	13333	5862	0	37980	2848	2848	0	4012	4012	0
September 12, 2006 1:16:00 PM UTC	1158088560000	100	0	no	49.0	214.0	23392	20809	13332	5862	0	37981	2849	2849	0	4019	4019	0
September 12, 2006 1:17:00 PM UTC	1158088620000	100	0	no	48.9	214.4	23392	20809	13337	5819	0	38019	2858	2858	0	4000	4000	0
September 12, 2006 1:18:00 PM UTC	1158088680000	99	1	no	48.8	214.7	23392	20809	13332	5835	0	38008	2857	2857	0	4000	4000	0
September 12, 2006 1:19:00 PM UTC	1158088740000	97	3	no	48.7	215.1	23392	20809	13324	5875	0	37976	2828	2828	0	3995	3985	10
September 12, 2006 1:20:00 PM UTC	1158088800000	95	4	no	48.6	215.4	23392	20809	13336	5820	0	38019	2869	2869	0	3975	3962	13
September 12, 2006 1:21:00 PM UTC	1158088860000	94	6	yes	48.5	215.7	23392	20809	13336	5820	0	38019	2860	2860	0	3984	3929	55
September 12, 2006 1:22:00 PM UTC	1158088920000	86	14	yes	48.4	216.1	23392	20809	13325	5860	0	37990	2847	2847	0	3956	3573	383
September 12, 2006 1:23:00 PM UTC	1158088980000	76	19	no	48.3	216.4	23392	20809	13336	5819	0	38020	2870	2849	21	3958	3092	866
September 12, 2006 1:24:00 PM UTC	1158089040000	68	23	yes	48.1	216.7	23392	20809	13326	5839	0	38010	2852	2817	35	3942	2827	1115
September 12, 2006 1:25:00 PM UTC	1158089100000	53	28	yes	48.0	217.1	23392	20809	13326	5837	0	38012	2858	2828	29	3932	2624	1308
September 12, 2006 1:26:00 PM UTC	1158089160000	45	24	yes	47.9	217.4	23392	20809	13338	5784	0	38053	2878	2657	218	3930	2800	1104
September 12, 2006 1:27:00 PM UTC	1158089220000	36	23	yes	47.8	217.7	23392	20809	13324	5840	0	38011	2857	2616	241	3915	3213	696
September 12, 2006 1:28:00 PM UTC	1158089280000	32	23	yes	47.7	218.0	23392	20809	13338	5784	0	38053	2881	2776	104	3910	3315	595
September 12, 2006 1:29:00 PM UTC	1158089340000	31	18	yes	47.6	218.4	23392	20809	13329	5827	0	38019	2856	2598	257	3899	3551	348
September 12, 2006 1:30:00 PM UTC	1158089400000	31	16	yes	47.4	218.7	23392	20809	13337	5783	0	38055	2883	2664	219	3894	3688	206
September 12, 2006 1:31:00 PM UTC	1158089460000	32	13	yes	47.3	219.0	23392	20809	13328	5829	0	38018	2863	2678	185	3878	3842	36
September 12, 2006 1:32:00 PM UTC	1158089520000	34	14	yes	47.2	219.3	23392	20809	13328	5813	0	38034	2868	2796	72	3870	3868	2
September 12, 2006 1:33:00 PM UTC	1158089580000	35	14	yes	47.1	219.7	23392	20809	13340	5761	0	38074	2894	2851	43	3871	3871	0
September 12, 2006 1:34:00 PM UTC	1158089640000	36	13	yes	46.9	220.0	23392	20809	13328	5813	0	38034	2862	2822	40	3858	3858	0
September 12, 2006 1:35:00 PM UTC	1158089700000	40	8	no	46.8	220.3	23392	20809	13328	5812	0	38035	2868	2854	14	3841	3841	0
September 12, 2006 1:36:00 PM UTC	1158089760000	42	8	no	46.7	220.6	23392	20809	13329	5807	0	38039	2868	2840	28	3836	3836	0
September 12, 2006 1:37:00 PM UTC	1158089820000	44	9	no	46.6	220.9	23392	20809	13328	5871	0	37976	2851	2756	90	3820	3820	0
September 12, 2006 1:38:00 PM UTC	1158089880000	48	7	no	46.4	221.2	23392	20809	13328	5871	0	37976	2854	2854	0	3808	3808	0
September 12, 2006 1:39:00 PM UTC	1158089940000	55	6	no	46.3	221.6	23392	20809	13328	5867	0	37980	2849	2849	0	3804	3804	0
September 12, 2006 1:40:00 PM UTC	1158090000000	61	7	no	46.2	221.9	23392	20809	13339	5814	0	38022	2883	2883	0	3793	3793	0
September 12, 2006 1:41:00 PM UTC	1158090060000	64	8	no	46.1	222.2	23392	20809	13328	5867	0	37980	2852	2852	0	3778	3778	0
September 12, 2006 1:42:00 PM UTC	1158090120000	63	10	no	45.9	222.5	23392	20809	13338	5818	0	38019	2882	2880	2	3772	3772	0
September 12, 2006 1:43:00 PM UTC	1158090180000	65	9	no	45.8	222.8	23392	20809	13341	5816	0	38018	2872	2872	0	3764	3764	0
September 12, 2006 1:44:00 PM UTC	1158090240000	67	8	no	45.7	223.1	23392	20809	13328	5926	0	37921	2821	2821	0	3751	3735	16
September 12, 2006 1:45:00 PM UTC	1158090300000	70	8	no	45.5	223.4	23392	20809	13329	5928	0	37918	2839	2839	0	3738	3675	63
September 12, 2006 1:46:00 PM UTC	1158090360000	74	8	no	45.4	223.7	23392	20809	13328	5928	0	37919	2832	2832	0	3731	3731	0
September 12, 2006 1:47:00 PM UTC	1158090420000	77	9	no	45.3	224.0	23392	20809	13316	5969	0	37890	2804	2804	0	3717	3715	2
September 12, 2006 1:48:00 PM UTC	1158090480000	80	11	yes	45.1	224.3	23392	20809	13341	5874	0	37960	2868	2864	4	3712	3712	0
September 12, 2006 1:49:00 PM UTC	1158090540000	82	11	yes	45.0	224.6	23392	20809	13316	5972	0	37887	2805	2771	34	3692	3692	0
September 12, 2006 1:50:00 PM UTC	1158090600000	80	15	yes	44.9	224.9	23392	20809	13341	5799	0	38035	2872	2573	295	3688	3688	0
September 12, 2006 1:51:00 PM UTC	1158090660000	69	26	yes	44.7	225.2	23392	20809	13328	5848	0	37999	2864	2705	159	3665	3654	11
September 12, 2006 1:52:00 PM UTC	1158090720000	57	29	yes	44.6	225.5	23392	20809	13338	5798	0	38039	2886	2612	274	3664	3545	119
September 12, 2006 1:53:00 PM UTC	1158090780000	49	31	yes	44.5	225.8	23392	20809	13329	5848	0	37998	2862	2353	481	3645	3423	222
September 12, 2006 1:54:00 PM UTC	1158090840000	47	21	no	44.3	226.1	23392	20809	13329	5848	0	37998	2859	1886	562	3633	3576	57
September 12, 2006 1:55:00 PM UTC	1158090900000	45	20	no	44.2	226.3	23392	20809	13329	5814	0	38032	2881	2339	318	3626	3614	12
September 12, 2006 1:56:00 PM UTC	1158090960000	45	16	yes	44.1	226.6	23392	20809	13337	5822	0	38016	2884	2865	19	3613	3613	0
September 12, 2006 1:57:00 PM UTC	1158091020000	44	18	yes	43.9	226.9	23392	20809	13329	5863	0	37983	2859	2859	0	3604	3586	18
September 12, 2006 1:58:00 PM UTC	1158091080000	44	19	yes	43.8	227.2	23392	20809	13327	5868	0	37980	2856	2856	0	3594	3570	24
September 12, 2006 1:59:00 PM UTC	1158091140000	44	15	yes	43.6	227.5	23392	20809	13328	5863	0	37984	2858	2837	21	3583	3583	0
September 12, 2006 2:00:00 PM UTC	1158091200000	44	12	no	43.5	227.8	23392	20809	13327	5869	0	37979	2856	2828	28	3568	3568	0
September 12, 2006 2:01:00 PM UTC	1158091260000	47	11	yes	43.3	228.1	23392	20809	13327	5870	0	37978	2858	2839	19	3551	3551	0
September 12, 2006 2:02:00 PM UTC	1158091320000	50	12	no	43.2	228.3	23392	20809	13327	5870	0	37978	2855	2844	9	3539	3539	0
September 12, 2006 2:03:00 PM UTC	1158091380000	53	10	no	43.1	228.6	23392	20809	13328	5832	0	38015	2876	2866	10	3530	3530	0
September 12, 2006 2:04:00 PM UTC	1158091440000	58	8	no	42.9	228.9	23392	20809	13326	5882	0	37967	2863	2863	0	3517	3517	0
September 12, 2006 2:05:00 PM UTC	1158091500000	60	12	no	42.8	229.2	23392	20809	13335	5848	0	37992	2875	2875	0	3509	3509	0
September 12, 2006 2:06:00 PM UTC	1158091560000	64	13	no	42.6	229.5	23392	20809	13324	5893	0	37958	2855	2855	0	3495	3495	0
September 12, 2006 2:07:00 PM UTC	1158091620000	68	12	no	42.5	229.7	23392	20809	13335	5840	0	38000	2881	2881	0	3483	3483	0
September 12, 2006 2:08:00 PM UTC	1158091680000	70	13	no	42.3	230.0	23392	20809	13324	5894	0	37957	2850	2850	0	3471	3471	0
September 12, 2006 2:09:00 PM UTC	1158091740000	74	11	no	42.2	230.3	23392	20809	13336	5838	0	38001	2884	2884	0	3457	3457	0
September 12, 2006 2:10:00 PM UTC	1158091800000	79	11	no	42.0	230.5	23392	20809	13324	5893	0	37958	2852	2852	0	3445	3445	0
September 12, 2006 2:11:00 PM UTC	1158091860000	84	8	no	41.9	230.8	23392	20809	13347	5763	0	38065	2924	2924	0	3442	3442	0
September 12, 2006 2:12:00 PM UTC	1158091920000	88	5	no	41.7	231.1	23392	20809	13326	5860	0	37989	2872	2872	0	3416	3416	0
September 12, 2006 2:13:00 PM UTC	1158091980000	90	4	no	41.6	231.3	23392	20809	13332	5875	0	37968	2872	2872	0	3404	3404	0
September 12, 2006 2:14:00 PM UTC	1158092040000	93	4	no	41.4	231.6	23392	20809	13322	5913	0	37940	2852	2852	0	3390	3390	0
September 12, 2006 2:15:00 PM UTC	1158092100000	94	3	no	41.3	231.9	23392	20809	13323	5859	0	37993	2873	2873	0	3376	3376	0
September 12, 2006 2:16:00 PM UTC	1158092160000	96	3	no	41.1	232.1	23392	20809	13334	5802	0	38039	2905	2905	0	3365	3365	0
September 12, 2006 2:17:00 PM UTC	1158092220000	96	3	no	41.0	232.4	23392	20809	13321	5857	0	37997	2866	2866	0	3354	3354	0
September 12, 2006 2:18:00 PM UTC	1158092280000	95	4	no	40.8	232.7	23392	20809	13334	5802	0	38039	2905	2902	3	3336	3336	0
September 12, 2006 2:19:00 PM UTC	1158092340000	93	7	no	40.7	232.9	23392	20809	13330	5823	0	38022	2883	2883	0	3328	3328	0
September 12, 2006 2:20:00 PM UTC	1158092400000	92	7	no	40.5	233.2	23392	20809	13323	5827	0	38025	2893	2893	0	3313	3313	0
September 12, 2006 2:21:00 PM UTC	1158092460000	97	3	no	40.4	233.4	23392	20809	13333	5786	0	38056	2909	2892	17	3299	3299	0
September 12, 2006 2:22:00 PM UTC	1158092520000	99	1	no	40.2	233.7	23392	20809	13332	5787	0	38056	2912	2902	10	3292	3292	0
September 12, 2006 2:23:00 PM UTC	1158092580000	99	1	no	40.1	234.0	23392	20809	13331	5841	0	38003	2884	2844	40	3275	3275	0
September 12, 2006 2:24:00 PM UTC	1158092640000	99	1	no	39.9	234.2	23392	20809	13331	5841	0	38003	2893	2893	0	3262	3262	0
September 12, 2006 2:25:00 PM UTC	1158092700000	100	0	no	39.8	234.5	23392	20809	13331	5841	0	38003	2892	2892	0	3247	3244	3
September 12, 2006 2:26:00 PM UTC	1158092760000	100	0	no	39.6	234.7	23392	20809	13331	5841	0	38003	2895	2895	0	3231	3231	0
September 12, 2006 2:27:00 PM UTC	1158092820000	99	1	no	39.4	235.0	23392	20809	13316	5897	0	37962	2863	2863	0	3229	3229	0
September 12, 2006 2:28:00 PM UTC	1158092880000	98	2	no	39.3	235.2	23392	20809	13336	5800	0	38039	2897	2897	0	3211	3211	0
September 12, 2006 2:29:00 PM UTC	1158092940000	99	1	no	39.1	235.5	23392	20809	13317	5873	0	37985	2875	2875	0	3201	3201	0
September 12, 2006 2:30:00 PM UTC	1158093000000	100	0	no	39.0	235.7	23392	20809	13341	5775	0	38059	2929	2929	0	3177	3177	0
September 12, 2006 2:31:00 PM UTC	1158093060000	99	1	no	38.8	236.0	23392	20809	13328	5831	0	38016	2905	2905	0	3169	3169	0
September 12, 2006 2:32:00 PM UTC	1158093120000	99	1	no	38.7	236.2	23392	20809	13341	5775	0	38059	2932	2932	0	3144	3144	0
September 12, 2006 2:33:00 PM UTC	1158093180000	100	0	no	38.5	236.5	23392	20809	13326	5894	0	37955	2873	2873	0	3144	3144	0
September 12, 2006 2:34:00 PM UTC	1158093240000	100	0	yes	38.3	236.7	23392	20809	13326	5894	0	37955	2875	2875	0	3123	3123	0
September 12, 2006 2:35:00 PM UTC	1158093300000	99	1	yes	38.2	236.9	23392	20809	13334	5856	0	37985	2900	2900	0	3112	3112	0
September 12, 2006 2:36:00 PM UTC	1158093360000	99	1	yes	38.0	237.2	23392	20809	13314	5952	0	37909	2841	2841	0	3101	3101	0
September 12, 2006 2:37:00 PM UTC	1158093420000	98	2	yes	37.9	237.4	23392	20809	13335	5857	0	37983	2887	2887	0	3094	3094	0
September 12, 2006 2:38:00 PM UTC	1158093480000	97	3	yes	37.7	237.7	23392	20809	13322	5917	0	37936	2854	2854	0	3078	3078	0
September 12, 2006 2:39:00 PM UTC	1158093540000	94	6	yes	37.5	237.9	23392	20809	13336	5832	0	38007	2899	2754	145	3072	3072	0
September 12, 2006 2:40:00 PM UTC	1158093600000	86	13	no	37.4	238.1	23392	20809	13321	5891	0	37963	2868	2782	86	3051	3051	0
September 12, 2006 2:41:00 PM UTC	1158093660000	81	19	yes	37.2	238.4	23392	20809	13336	5831	0	38008	2893	2893	0	3047	3047	0
September 12, 2006 2:42:00 PM UTC	1158093720000	85	14	yes	37.0	238.6	23392	20809	13323	5890	0	37962	2861	2861	0	3033	3033	0
September 12, 2006 2:43:00 PM UTC	1158093780000	85	14	yes	36.9	238.9	23392	20809	13342	5857	0	37976	2887	2887	0	3026	3026	0
September 12, 2006 2:44:00 PM UTC	1158093840000	88	12	yes	36.7	239.1	23392	20809	13321	5952	0	37902	2827	2827	0	3019	3019	0
September 12, 2006 2:45:00 PM UTC	1158093900000	81	19	yes	36.5	239.3	23392	20809	13343	5799	0	38033	2890	2890	0	3011	3011	0
September 12, 2006 2:46:00 PM UTC	1158093960000	73	24	yes	36.4	239.6	23392	20809	13329	5859	0	37987	2847	2847	0	3003	3003	0
September 12, 2006 2:47:00 PM UTC	1158094020000	74	21	yes	36.2	239.8	23392	20809	13341	5799	0	38035	2884	2884	0	2991	2991	0
September 12, 2006 2:48:00 PM UTC	1158094080000	80	19	yes	36.1	240.0	23392	20809	13329	5858	0	37988	2849	2849	0	2976	2976	0
September 12, 2006 2:49:00 PM UTC	1158094140000	84	14	no	35.9	240.3	23392	20809	13330	5841	0	38004	2855	2855	0	2972	2972	0
September 12, 2006 2:50:00 PM UTC	1158094200000	86	13	yes	35.7	240.5	23392	20809	13330	5841	0	38004	2844	2844	0	2962	2962	0
September 12, 2006 2:51:00 PM UTC	1158094260000	86	12	no	35.6	240.7	23392	20809	13324	5868	0	37983	2827	2827	0	2953	2953	0
September 12, 2006 2:52:00 PM UTC	1158094320000	81	16	no	35.4	240.9	23392	20809	13329	5840	0	38006	2837	2837	0	2946	2946	0
September 12, 2006 2:53:00 PM UTC	1158094380000	76	14	no	35.2	241.2	23392	20809	13323	5868	0	37984	2810	2810	0	2944	2944	0
September 12, 2006 2:54:00 PM UTC	1158094440000	74	14	no	35.0	241.4	23392	20809	13335	5871	0	37969	2822	2822	0	2934	2934	0
September 12, 2006 2:55:00 PM UTC	1158094500000	80	15	no	34.9	241.6	23392	20809	13322	5933	0	37920	2779	2779	0	2921	2921	0
September 12, 2006 2:56:00 PM UTC	1158094560000	77	18	no	34.7	241.8	23392	20809	13338	5871	0	37966	2810	2810	0	2914	2914	0
September 12, 2006 2:57:00 PM UTC	1158094620000	74	14	yes	34.5	242.1	23392	20809	13322	5933	0	37920	2773	2773	0	2904	2904	0
September 12, 2006 2:58:00 PM UTC	1158094680000	74	15	yes	34.4	242.3	23392	20809	13338	5872	0	37965	2803	2803	0	2901	2901	0
September 12, 2006 2:59:00 PM UTC	1158094740000	64	21	yes	34.2	242.5	23392	20809	13330	5866	0	37979	2780	2780	0	2899	2899	0
September 12, 2006 3:00:00 PM UTC	1158094800000	59	21	no	34.0	242.7	23392	20809	13338	5850	0	37987	2788	2788	0	2894	2894	0
September 12, 2006 3:01:00 PM UTC	1158094860000	58	22	no	33.9	242.9	23392	20809	13322	5912	0	37941	2751	2750	1	2883	2883	0
September 12, 2006 3:02:00 PM UTC	1158094920000	50	23	yes	33.7	243.2	23392	20809	13338	5848	0	37989	2779	2779	0	2873	2873	0
September 12, 2006 3:03:00 PM UTC	1158094980000	46	23	yes	33.5	243.4	23392	20809	13330	5881	0	37964	2754	2754	0	2871	2871	0
September 12, 2006 3:04:00 PM UTC	1158095040000	41	27	yes	33.4	243.6	23392	20809	13330	5881	0	37964	2741	2741	0	2867	2867	0
September 12, 2006 3:05:00 PM UTC	1158095100000	42	23	yes	33.2	243.8	23392	20809	13330	5881	0	37964	2736	2736	0	2862	2862	0
September 12, 2006 3:06:00 PM UTC	1158095160000	48	20	yes	33.0	244.0	23392	20809	13329	5936	0	37910	2712	2712	0	2849	2849	0
September 12, 2006 3:07:00 PM UTC	1158095220000	56	27	yes	32.8	244.2	23392	20809	13326	5944	0	37905	2695	2695	0	2852	2852	0
September 12, 2006 3:08:00 PM UTC	1158095280000	59	37	no	32.7	244.5	23392	20809	13314	6003	0	37858	2649	2649	0	2850	2850	0
September 12, 2006 3:09:00 PM UTC	1158095340000	68	29	no	32.5	244.7	23392	20809	13338	5843	0	37994	2712	2712	0	2845	2845	0
September 12, 2006 3:10:00 PM UTC	1158095400000	75	22	yes	32.3	244.9	23392	20809	13322	5906	0	37947	2675	2675	0	2837	2837	0
September 12, 2006 3:11:00 PM UTC	1158095460000	83	14	no	32.1	245.1	23392	20809	13338	5827	0	38010	2705	2705	0	2831	2831	0
September 12, 2006 3:12:00 PM UTC	1158095520000	99	1	yes	32.0	245.3	23392	20809	13324	5891	0	37960	2662	2662	0	2830	2830	0
September 12, 2006 3:13:00 PM UTC	1158095580000	100	0	no	31.8	245.5	23392	20809	13337	5827	0	38011	2689	2689	0	2822	2822	0
September 12, 2006 3:14:00 PM UTC	1158095640000	100	0	yes	31.6	245.7	23392	20809	13324	5890	0	37961	2649	2649	0	2824	2824	0
September 12, 2006 3:15:00 PM UTC	1158095700000	100	0	no	31.4	245.9	23392	20809	13324	5890	0	37961	2636	2626	0	2818	2818	0
September 12, 2006 3:16:00 PM UTC	1158095760000	93	7	no	31.3	246.1	23392	20809	13329	5819	0	38027	2641	2639	0	2817	2817	0
September 12, 2006 3:17:00 PM UTC	1158095820000	100	0	no	31.1	246.3	23392	20809	13329	5819	0	38027	2635	2634	0	2809	2809	0
September 12, 2006 3:18:00 PM UTC	1158095880000	96	4	no	30.9	246.6	23392	20809	13321	5913	0	37941	2591	2589	0	2805	2805	0
September 12, 2006 3:19:00 PM UTC	1158095940000	90	8	no	30.7	246.8	23392	20809	13328	5882	0	37965	2598	2598	0	2805	2805	0
September 12, 2006 3:20:00 PM UTC	1158096000000	98	2	no	30.6	247.0	23392	20809	13328	5882	0	37965	2587	2580	0	2802	2802	0
September 12, 2006 3:21:00 PM UTC	1158096060000	96	4	no	30.4	247.2	23392	20809	13328	5882	0	37965	2577	2567	0	2803	2803	0
September 12, 2006 3:22:00 PM UTC	1158096120000	100	0	no	30.2	247.4	23392	20809	13328	5880	0	37967	2568	2567	0	2796	2796	0
September 12, 2006 3:23:00 PM UTC	1158096180000	99	1	no	30.0	247.6	23392	20809	13335	5844	0	37996	2570	2563	0	2798	2798	0
September 12, 2006 3:24:00 PM UTC	1158096240000	96	4	no	29.9	247.8	23392	20809	13336	5844	0	37995	2566	2566	0	2790	2790	0
September 12, 2006 3:25:00 PM UTC	1158096300000	97	3	no	29.7	248.0	23392	20809	13330	5871	0	37974	2536	2536	0	2786	2786	0
September 12, 2006 3:26:00 PM UTC	1158096360000	99	1	no	29.5	248.2	23392	20809	13316	5933	0	37926	2496	2492	0	2787	2787	0
September 12, 2006 3:27:00 PM UTC	1158096420000	100	0	no	29.3	248.4	23392	20809	13335	5844	0	37996	2528	2520	0	2786	2786	0
September 12, 2006 3:28:00 PM UTC	1158096480000	99	1	no	29.1	248.6	23392	20809	13321	5909	0	37945	2481	2471	1	2788	2788	0
September 12, 2006 3:29:00 PM UTC	1158096540000	99	1	no	29.0	248.8	23392	20809	13335	5844	0	37996	2507	2507	0	2783	2783	0
September 12, 2006 3:30:00 PM UTC	1158096600000	100	0	no	28.8	249.0	23392	20809	13320	5909	0	37946	2454	2454	0	2784	2784	0
September 12, 2006 3:31:00 PM UTC	1158096660000	99	1	no	28.6	249.2	23392	20809	13341	5819	0	38015	2498	2497	0	2779	2779	0
September 12, 2006 3:32:00 PM UTC	1158096720000	99	1	no	28.4	249.4	23392	20809	13333	5913	0	37929	2449	2449	0	2776	2776	0
September 12, 2006 3:33:00 PM UTC	1158096780000	97	3	no	28.3	249.6	23392	20809	13333	5914	0	37928	2438	2438	0	2774	2774	0
September 12, 2006 3:34:00 PM UTC	1158096840000	95	4	no	28.1	249.8	23392	20809	13333	5914	0	37928	2422	2397	0	2783	2783	0
September 12, 2006 3:35:00 PM UTC	1158096900000	97	3	no	27.9	250.0	23392	20809	13325	5955	0	37895	2389	2333	0	2779	2779	0
September 12, 2006 3:36:00 PM UTC	1158096960000	99	1	no	27.7	250.2	23392	20809	13338	5879	0	37958	2425	2413	0	2773	2773	0
September 12, 2006 3:37:00 PM UTC	1158097020000	99	1	no	27.5	250.4	23392	20809	13325	5945	0	37905	2371	2367	0	2777	2777	0
September 12, 2006 3:38:00 PM UTC	1158097080000	99	1	no	27.4	250.5	23392	20809	13342	5879	0	37954	2393	2393	0	2773	2773	0
September 12, 2006 3:39:00 PM UTC	1158097140000	95	4	no	27.2	250.7	23392	20809	13325	5945	0	37905	2351	2351	0	2773	2773	0
September 12, 2006 3:40:00 PM UTC	1158097200000	82	10	no	27.0	250.9	23392	20809	13343	5852	0	37980	2386	2386	0	2777	2777	0
September 12, 2006 3:41:00 PM UTC	1158097260000	79	14	no	26.8	251.1	23392	20809	13326	5942	0	37907	2323	2320	3	2780	2780	0
September 12, 2006 3:42:00 PM UTC	1158097320000	90	10	no	26.6	251.3	23392	20809	13326	5942	0	37907	2310	2241	0	2778	2778	0
September 12, 2006 3:43:00 PM UTC	1158097380000	93	6	no	26.4	251.5	23392	20809	13328	5826	0	38021	2326	2247	0	2777	2777	0
September 12, 2006 3:44:00 PM UTC	1158097440000	74	20	no	26.3	251.7	23392	20809	13333	5805	0	38037	2311	1539	264	2779	2476	284
September 12, 2006 3:45:00 PM UTC	1158097500000	39	58	no	26.1	251.9	23392	20809	13333	5804	0	38038	2306	639	528	2778	1922	665
September 12, 2006 3:46:00 PM UTC	1158097560000	33	61	no	25.9	252.1	23392	20809	13330	5872	0	37973	2276	609	861	2780	2135	452
September 12, 2006 3:47:00 PM UTC	1158097620000	35	52	no	25.7	252.3	23392	20809	13330	5871	0	37974	2258	856	420	2783	2296	273
September 12, 2006 3:48:00 PM UTC	1158097680000	32	57	no	25.5	252.5	23392	20809	13330	5871	0	37974	2247	893	391	2784	2542	218
September 12, 2006 3:49:00 PM UTC	1158097740000	32	55	no	25.4	252.6	23392	20809	13335	5850	0	37990	2247	1382	323	2782	2083	699
September 12, 2006 3:50:00 PM UTC	1158097800000	43	42	no	25.2	252.8	23392	20809	13335	5850	0	37990	2236	1365	229	2783	2399	375
September 12, 2006 3:51:00 PM UTC	1158097860000	53	39	no	25.0	253.0	23392	20809	13320	5917	0	37938	2190	1453	178	2789	2739	50
September 12, 2006 3:52:00 PM UTC	1158097920000	51	46	no	24.8	253.2	23392	20809	13331	5870	0	37974	2198	1288	178	2792	2453	337
September 12, 2006 3:53:00 PM UTC	1158097980000	35	62	no	24.6	253.4	23392	20809	13331	5870	0	37974	2187	1101	215	2791	2266	511
September 12, 2006 3:54:00 PM UTC	1158098040000	34	64	no	24.4	253.6	23392	20809	13336	5849	0	37990	2174	1425	141	2795	2438	318
September 12, 2006 3:55:00 PM UTC	1158098100000	29	69	no	24.3	253.8	23392	20809	13336	5849	0	37990	2170	1500	103	2792	2569	222
September 12, 2006 3:56:00 PM UTC	1158098160000	40	59	no	24.1	253.9	23392	20809	13337	5848	0	37990	2153	1830	0	2799	2723	74
September 12, 2006 3:57:00 PM UTC	1158098220000	48	51	no	23.9	254.1	23392	20809	13337	5848	0	37990	2135	1543	0	2805	2757	48
September 12, 2006 3:58:00 PM UTC	1158098280000	40	57	no	23.7	254.3	23392	20809	13321	5914	0	37940	2095	677	151	2805	2531	259
September 12, 2006 3:59:00 PM UTC	1158098340000	32	65	no	23.5	254.5	23392	20809	13341	5829	1	38004	2115	534	340	2809	2058	742
September 12, 2006 4:00:00 PM UTC	1158098400000	36	62	no	23.3	254.7	23392	20809	13326	5896	0	37953	2072	1115	65	2816	2516	300
September 12, 2006 4:01:00 PM UTC	1158098460000	50	47	no	23.1	254.9	23392	20809	13338	5904	3	37930	2070	1032	74	2822	2457	365
September 12, 2006 4:02:00 PM UTC	1158098520000	73	25	no	23.0	255.0	23392	20809	13322	5971	7	37875	2029	949	79	2819	2427	392
September 12, 2006 4:03:00 PM UTC	1158098580000	81	17	no	22.8	255.2	23392	20809	13336	5899	6	37934	2045	1047	344	2824	2507	317
September 12, 2006 4:04:00 PM UTC	1158098640000	87	11	no	22.6	255.4	23392	20809	13336	5899	0	37940	2025	1053	294	2830	2524	303
September 12, 2006 4:05:00 PM UTC	1158098700000	66	31	no	22.4	255.6	23392	20809	13322	5968	3	37882	1990	956	124	2832	2561	267
September 12, 2006 4:06:00 PM UTC	1158098760000	58	40	no	22.2	255.8	23392	20809	13338	5900	0	37937	2001	1005	154	2836	2144	692
September 12, 2006 4:07:00 PM UTC	1158098820000	58	39	no	22.0	255.9	23392	20809	13322	5968	18	37867	1956	987	3	2842	2454	385
September 12, 2006 4:08:00 PM UTC	1158098880000	67	31	no	21.8	256.1	23392	20809	13338	5864	12	37961	1977	1011	58	2846	2606	240
September 12, 2006 4:09:00 PM UTC	1158098940000	73	24	no	21.7	256.3	23392	20809	13324	5931	9	37911	1931	1038	0	2851	2527	324
September 12, 2006 4:10:00 PM UTC	1158099000000	77	21	no	21.5	256.5	23392	20809	13338	5863	16	37958	1947	1142	0	2856	2642	207
September 12, 2006 4:11:00 PM UTC	1158099060000	72	26	no	21.3	256.7	23392	20809	13328	5914	20	37913	1910	880	188	2861	2554	303
September 12, 2006 4:12:00 PM UTC	1158099120000	81	16	no	21.1	256.8	23392	20809	13329	5844	25	37977	1904	794	176	2865	2495	361
September 12, 2006 4:13:00 PM UTC	1158099180000	72	26	no	20.9	257.0	23392	20809	13331	5830	0	38014	1894	1165	92	2870	2487	382
September 12, 2006 4:14:00 PM UTC	1158099240000	71	26	no	20.7	257.2	23392	20809	13331	5830	50	37964	1875	896	43	2875	2668	207
September 12, 2006 4:15:00 PM UTC	1158099300000	85	12	no	20.5	257.4	23392	20809	13345	5769	65	37996	1892	875	44	2879	2806	68
September 12, 2006 4:16:00 PM UTC	1158099360000	88	10	no	20.4	257.5	23392	20809	13330	5837	64	37944	1846	896	103	2887	2683	202
September 12, 2006 4:17:00 PM UTC	1158099420000	90	8	no	20.2	257.7	23392	20809	13331	5899	66	37879	1823	821	100	2893	2640	243
September 12, 2006 4:18:00 PM UTC	1158099480000	85	13	no	20.0	257.9	23392	20809	13331	5900	68	37876	1806	877	0	2899	2751	148
September 12, 2006 4:19:00 PM UTC	1158099540000	68	29	no	19.8	258.1	23392	20809	13331	5902	72	37870	1796	737	33	2904	2653	251
September 12, 2006 4:20:00 PM UTC	1158099600000	71	27	no	19.6	258.2	23392	20809	13330	5901	62	37882	1782	763	15	2908	2658	248
September 12, 2006 4:21:00 PM UTC	1158099660000	71	27	no	19.4	258.4	23392	20809	13330	5901	75	37869	1768	777	78	2912	2601	306
September 12, 2006 4:22:00 PM UTC	1158099720000	75	23	no	19.2	258.6	23392	20809	13346	5832	88	37909	1772	843	62	2925	2750	173
September 12, 2006 4:23:00 PM UTC	1158099780000	77	22	no	19.0	258.8	23392	20809	13330	5901	41	37903	1737	1009	23	2929	2846	83
September 12, 2006 4:24:00 PM UTC	1158099840000	86	13	no	18.9	258.9	23392	20809	13333	5888	9	37945	1725	1165	3	2933	2913	20
September 12, 2006 4:25:00 PM UTC	1158099900000	82	17	no	18.7	259.1	23392	20809	13333	5887	2	37953	1708	1296	0	2943	2869	74
September 12, 2006 4:26:00 PM UTC	1158099960000	77	21	no	18.5	259.3	23392	20809	13333	5887	10	37945	1695	1049	0	2948	2833	115
September 12, 2006 4:27:00 PM UTC	1158100020000	74	24	no	18.3	259.5	23392	20809	13330	5899	19	37927	1667	997	0	2960	2880	61
September 12, 2006 4:28:00 PM UTC	1158100080000	75	23	no	18.1	259.6	23392	20809	13330	5899	95	37851	1654	845	30	2968	2777	183
September 12, 2006 4:29:00 PM UTC	1158100140000	95	3	no	17.9	259.8	23392	20809	13315	5968	87	37805	1616	1034	1	2971	2968	3
September 12, 2006 4:30:00 PM UTC	1158100200000	98	0	no	17.7	260.0	23392	20809	13330	5897	87	37861	1623	1073	0	2983	2974	9
September 12, 2006 4:31:00 PM UTC	1158100260000	99	0	no	17.5	260.2	23392	20809	13330	5867	27	37951	1609	1245	0	2993	2993	0
September 12, 2006 4:32:00 PM UTC	1158100320000	99	0	no	17.3	260.3	23392	20809	13333	5853	47	37942	1600	1220	0	2999	2998	1
September 12, 2006 4:33:00 PM UTC	1158100380000	99	0	no	17.2	260.5	23392	20809	13333	5853	38	37951	1581	1317	0	3009	3009	0
September 12, 2006 4:34:00 PM UTC	1158100440000	99	0	no	17.0	260.7	23392	20809	13333	5853	54	37935	1570	1210	0	3014	3014	0
September 12, 2006 4:35:00 PM UTC	1158100500000	100	0	no	16.8	260.8	23392	20809	13332	5935	1	37907	1542	1377	0	3032	3032	0
September 12, 2006 4:36:00 PM UTC	1158100560000	100	0	no	16.6	261.0	23392	20809	13315	6006	0	37854	1505	1435	0	3029	3029	0
September 12, 2006 4:37:00 PM UTC	1158100620000	100	0	no	16.4	261.2	23392	20809	13331	5936	0	37908	1513	1491	0	3050	3050	0
September 12, 2006 4:38:00 PM UTC	1158100680000	100	0	no	16.2	261.3	23392	20809	13331	5936	0	37908	1498	1322	0	3052	3052	0
September 12, 2006 4:39:00 PM UTC	1158100740000	100	0	no	16.0	261.5	23392	20809	13333	5859	0	37983	1495	1397	0	3060	3060	0
September 12, 2006 4:40:00 PM UTC	1158100800000	100	0	no	15.8	261.7	23392	20809	13336	5849	0	37990	1479	1424	0	3076	3076	0
September 12, 2006 4:41:00 PM UTC	1158100860000	99	1	no	15.6	261.8	23392	20809	13320	5922	0	37933	1435	1168	0	3080	3040	19
September 12, 2006 4:42:00 PM UTC	1158100920000	97	2	no	15.5	262.0	23392	20809	13336	5848	0	37991	1448	1284	0	3096	3087	4
September 12, 2006 4:43:00 PM UTC	1158100980000	97	3	no	15.3	262.2	23392	20809	13322	5913	0	37940	1405	1119	0	3105	3069	3
September 12, 2006 4:44:00 PM UTC	1158101040000	97	2	no	15.1	262.4	23392	20809	13336	5848	0	37991	1414	1018	0	3117	3094	16
September 12, 2006 4:45:00 PM UTC	1158101100000	98	1	no	14.9	262.5	23392	20809	13336	5848	21	37970	1396	953	0	3128	3114	7
September 12, 2006 4:46:00 PM UTC	1158101160000	99	0	no	14.7	262.7	23392	20809	13320	5918	9	37928	1360	985	0	3138	3126	9
September 12, 2006 4:47:00 PM UTC	1158101220000	99	0	no	14.5	262.9	23392	20809	13336	5847	39	37953	1369	866	0	3147	3147	0
September 12, 2006 4:48:00 PM UTC	1158101280000	99	0	no	14.3	263.0	23392	20809	13321	5913	7	37934	1334	955	0	3159	3159	0
September 12, 2006 4:49:00 PM UTC	1158101340000	98	1	no	14.1	263.2	23392	20809	13338	5837	31	37969	1337	776	0	3174	3157	17
September 12, 2006 4:50:00 PM UTC	1158101400000	91	7	no	13.9	263.4	23392	20809	13322	5907	65	37881	1301	446	0	3190	2944	115
September 12, 2006 4:51:00 PM UTC	1158101460000	87	10	no	13.7	263.5	23392	20809	13338	5844	125	37868	1306	331	0	3200	2990	37
September 12, 2006 4:52:00 PM UTC	1158101520000	87	11	no	13.6	263.7	23392	20809	13338	5844	121	37872	1293	381	0	3214	2841	232
September 12, 2006 4:53:00 PM UTC	1158101580000	94	3	no	13.4	263.8	23392	20809	13323	5886	77	37889	1259	441	0	3227	3069	4
September 12, 2006 4:54:00 PM UTC	1158101640000	94	4	no	13.2	264.0	23392	20809	13336	5898	21	37920	1255	786	0	3239	3111	9
September 12, 2006 4:55:00 PM UTC	1158101700000	91	7	no	13.0	264.2	23392	20809	13321	5969	12	37873	1217	717	0	3253	3094	37
September 12, 2006 4:56:00 PM UTC	1158101760000	94	4	no	12.8	264.3	23392	20809	13337	5893	64	37881	1223	737	0	3271	3166	16
September 12, 2006 4:57:00 PM UTC	1158101820000	97	1	no	12.6	264.5	23392	20809	13337	5893	116	37829	1208	570	0	3283	3221	5
September 12, 2006 4:58:00 PM UTC	1158101880000	99	0	no	12.4	264.7	23392	20809	13321	5963	27	37864	1170	702	0	3301	3281	0
September 12, 2006 4:59:00 PM UTC	1158101940000	99	0	no	12.2	264.8	23392	20809	13338	5893	51	37893	1179	745	0	3312	3265	0
September 12, 2006 5:00:00 PM UTC	1158102000000	98	1	no	12.0	265.0	23392	20809	13321	5963	62	37829	1144	680	0	3326	3298	0
September 12, 2006 5:01:00 PM UTC	1158102060000	98	1	no	11.8	265.2	23392	20809	13337	5893	2	37943	1150	918	0	3343	3313	7
September 12, 2006 5:02:00 PM UTC	1158102120000	98	1	no	11.6	265.3	23392	20809	13321	5962	11	37881	1110	665	0	3362	3286	4
September 12, 2006 5:03:00 PM UTC	1158102180000	98	0	no	11.5	265.5	23392	20809	13321	5962	78	37814	1093	566	0	3377	3292	10
September 12, 2006 5:04:00 PM UTC	1158102240000	99	0	no	11.3	265.7	23392	20809	13339	5815	18	38003	1109	731	0	3390	3358	0
September 12, 2006 5:05:00 PM UTC	1158102300000	99	0	no	11.1	265.8	23392	20809	13326	5882	0	37967	1071	778	0	3408	3360	3
September 12, 2006 5:06:00 PM UTC	1158102360000	99	1	no	10.9	266.0	23392	20809	13339	5813	0	38023	1078	901	0	3422	3379	3
September 12, 2006 5:07:00 PM UTC	1158102420000	98	0	no	10.7	266.1	23392	20809	13323	5882	20	37950	1041	516	0	3436	3334	0
September 12, 2006 5:08:00 PM UTC	1158102480000	99	0	no	10.5	266.3	23392	20809	13323	5882	19	37951	1024	615	0	3453	3353	4
September 12, 2006 5:09:00 PM UTC	1158102540000	97	2	no	10.3	266.5	23392	20809	13339	5824	1	38011	1031	662	0	3468	3255	6
September 12, 2006 5:10:00 PM UTC	1158102600000	95	4	no	10.1	266.6	23392	20809	13323	5892	0	37960	998	639	0	3481	3169	30
September 12, 2006 5:11:00 PM UTC	1158102660000	88	9	no	9.9	266.8	23392	20809	13340	5818	5	38012	1002	583	0	3498	2910	127
September 12, 2006 5:12:00 PM UTC	1158102720000	80	17	no	9.7	267.0	23392	20809	13324	5886	59	37906	966	365	0	3515	2838	106
September 12, 2006 5:13:00 PM UTC	1158102780000	78	18	no	9.5	267.1	23392	20809	13325	5883	2	37965	949	375	0	3533	2639	45
September 12, 2006 5:14:00 PM UTC	1158102840000	75	21	no	9.3	267.3	23392	20809	13338	5875	18	37944	950	316	0	3546	2721	57
September 12, 2006 5:15:00 PM UTC	1158102900000	69	25	no	9.2	267.5	23392	20809	13322	5945	59	37849	915	171	0	3561	2231	93
September 12, 2006 5:16:00 PM UTC	1158102960000	66	28	no	9.0	267.6	23392	20809	13336	5875	42	37922	916	224	0	3581	2220	88
September 12, 2006 5:17:00 PM UTC	1158103020000	56	36	no	8.8	267.8	23392	20809	13321	5946	39	37869	884	131	0	3592	2008	122
September 12, 2006 5:18:00 PM UTC	1158103080000	42	48	no	8.6	267.9	23392	20809	13335	5877	102	37861	890	5	0	3609	1596	143
September 12, 2006 5:19:00 PM UTC	1158103140000	36	52	no	8.4	268.1	23392	20809	13321	5946	97	37811	857	0	0	3616	1280	158
September 12, 2006 5:20:00 PM UTC	1158103200000	27	54	no	8.2	268.3	23392	20809	13321	5946	94	37814	840	1	0	3634	450	285
September 12, 2006 5:21:00 PM UTC	1158103260000	22	57	no	8.0	268.4	23392	20809	13339	5876	98	37862	840	0	0	3654	291	318
September 12, 2006 5:22:00 PM UTC	1158103320000	18	55	no	7.8	268.6	23392	20809	13321	5946	91	37817	812	7	0	3662	186	269
September 12, 2006 5:23:00 PM UTC	1158103380000	17	56	no	7.6	268.7	23392	20809	13339	5877	21	37938	807	174	0	3682	460	112
September 12, 2006 5:24:00 PM UTC	1158103440000	16	53	no	7.4	268.9	23392	20809	13321	5946	6	37902	785	264	0	3689	420	96
September 12, 2006 5:25:00 PM UTC	1158103500000	12	48	no	7.2	269.1	23392	20809	13321	5946	37	37871	770	131	0	3703	243	76
September 12, 2006 5:26:00 PM UTC	1158103560000	7	41	no	7.1	269.2	23392	20809	13340	5875	70	37890	775	50	0	3725	95	30
September 12, 2006 5:27:00 PM UTC	1158103620000	6	36	no	6.9	269.4	23392	20809	13322	5869	66	37918	739	84	0	3735	89	16
September 12, 2006 5:28:00 PM UTC	1158103680000	4	32	no	6.7	269.5	23392	20809	13340	5799	95	37941	748	3	0	3755	29	3
September 12, 2006 5:29:00 PM UTC	1158103740000	3	28	no	6.5	269.7	23392	20809	13340	5799	92	37944	733	0	0	3772	14	12
September 12, 2006 5:30:00 PM UTC	1158103800000	3	23	no	6.3	269.9	23392	20809	13340	5799	89	37947	719	6	0	3784	41	8
September 12, 2006 5:31:00 PM UTC	1158103860000	3	23	no	6.1	270.0	23392	20809	13340	5799	81	37955	705	18	0	3798	21	2
September 12, 2006 5:32:00 PM UTC	1158103920000	3	22	no	5.9	270.2	23392	20809	13322	5944	83	37826	671	23	0	3803	104	13
September 12, 2006 5:33:00 PM UTC	1158103980000	4	19	no	5.7	270.4	23392	20809	13340	5791	94	37950	677	6	0	3827	62	3
September 12, 2006 5:34:00 PM UTC	1158104040000	4	20	no	5.5	270.5	23392	20809	13322	5861	91	37901	644	17	0	3828	58	15
September 12, 2006 5:35:00 PM UTC	1158104100000	4	19	no	5.3	270.7	23392	20809	13322	5861	82	37910	628	47	0	3849	73	35
September 12, 2006 5:36:00 PM UTC	1158104160000	5	22	no	5.1	270.8	23392	20809	13340	5875	75	37885	634	134	0	3864	126	27
September 12, 2006 5:37:00 PM UTC	1158104220000	8	23	no	4.9	271.0	23392	20809	13321	5946	104	37804	602	11	0	3874	87	10
September 12, 2006 5:38:00 PM UTC	1158104280000	3	17	no	4.8	271.2	23392	20809	13339	5877	116	37843	599	0	0	3889	11	4
September 12, 2006 5:39:00 PM UTC	1158104340000	7	17	no	4.6	271.3	23392	20809	13321	5946	50	37858	577	140	0	3897	37	0
September 12, 2006 5:40:00 PM UTC	1158104400000	6	16	no	4.4	271.5	23392	20809	13321	5946	0	37908	565	487	0	3910	292	0
September 12, 2006 5:41:00 PM UTC	1158104460000	4	14	no	4.2	271.6	23392	20809	13339	5876	0	37960	559	535	0	3934	305	0
September 12, 2006 5:42:00 PM UTC	1158104520000	2	7	no	4.0	271.8	23392	20809	13321	5946	2	37906	537	489	0	3936	300	0
September 12, 2006 5:43:00 PM UTC	1158104580000	1	8	no	3.8	272.0	23392	20809	13335	5877	146	37817	538	4	0	3958	0	0
September 12, 2006 5:44:00 PM UTC	1158104640000	1	3	no	3.6	272.1	23392	20809	13321	5946	34	37874	510	198	0	3965	48	0
September 12, 2006 5:45:00 PM UTC	1158104700000	1	4	no	3.4	272.3	23392	20809	13321	5946	67	37841	497	181	0	3977	91	0
September 12, 2006 5:46:00 PM UTC	1158104760000	1	1	no	3.2	272.4	23392	20809	13336	5875	19	37945	501	365	0	3993	143	0
September 12, 2006 5:47:00 PM UTC	1158104820000	0	2	no	3.0	272.6	23392	20809	13322	5945	190	37718	469	25	0	4002	3	0
