April 17, 2010 5:34:00 AM UTC	1271504040000	10	2	yes	3.2	78.9	23386	20815	13330	5899	200	37746	481	282	0	4002	2956	430
April 17, 2010 5:35:00 AM UTC	1271504100000	10	2	no	3.3	79.0	23386	20815	13333	5888	186	37768	496	311	0	3994	3024	443
April 17, 2010 5:36:00 AM UTC	1271504160000	10	3	no	3.5	79.2	23386	20815	13333	5888	165	37789	516	351	0	3972	3036	470
April 17, 2010 5:37:00 AM UTC	1271504220000	11	3	yes	3.7	79.4	23386	20815	13330	5900	156	37789	527	371	0	3956	3079	476
April 17, 2010 5:38:00 AM UTC	1271504280000	11	3	no	3.9	79.5	23386	20815	13330	5901	141	37803	537	395	1	3948	3125	475
April 17, 2010 5:39:00 AM UTC	1271504340000	11	3	no	4.1	79.7	23386	20815	13330	5901	132	37812	550	417	1	3935	3147	473
April 17, 2010 5:40:00 AM UTC	1271504400000	11	3	no	4.3	79.8	23386	20815	13330	5902	130	37813	561	431	0	3923	3094	459
April 17, 2010 5:41:00 AM UTC	1271504460000	11	3	yes	4.5	80.0	23386	20815	13330	5902	121	37822	575	454	0	3909	3093	526
April 17, 2010 5:42:00 AM UTC	1271504520000	11	4	yes	4.7	80.2	23386	20815	13330	5871	114	37860	586	471	1	3901	3144	485
April 17, 2010 5:43:00 AM UTC	1271504580000	12	4	yes	4.8	80.3	23386	20815	13333	5862	111	37869	608	496	1	3879	3182	473
April 17, 2010 5:44:00 AM UTC	1271504640000	12	4	yes	5.0	80.5	23386	20815	13333	5862	108	37872	620	512	0	3867	3154	466
April 17, 2010 5:45:00 AM UTC	1271504700000	12	4	no	5.2	80.6	23386	20815	13317	5930	98	37830	620	522	0	3846	3105	511
April 17, 2010 5:46:00 AM UTC	1271504760000	12	4	yes	5.4	80.8	23386	20815	13332	5939	95	37809	644	549	0	3844	3102	518
April 17, 2010 5:47:00 AM UTC	1271504820000	12	4	yes	5.6	80.9	23386	20815	13332	5939	91	37813	657	564	2	3821	3173	499
April 17, 2010 5:48:00 AM UTC	1271504880000	12	5	yes	5.8	81.1	23386	20815	13331	5941	88	37815	667	579	0	3810	3094	543
April 17, 2010 5:49:00 AM UTC	1271504940000	12	5	yes	6.0	81.3	23386	20815	13331	5941	88	37815	685	597	0	3799	3080	531
April 17, 2010 5:50:00 AM UTC	1271505000000	12	5	no	6.2	81.4	23386	20815	13315	6011	86	37763	682	596	0	3775	3073	521
April 17, 2010 5:51:00 AM UTC	1271505060000	12	5	yes	6.4	81.6	23386	20815	13336	5845	92	37902	720	628	0	3778	3031	610
April 17, 2010 5:52:00 AM UTC	1271505120000	12	5	yes	6.6	81.7	23386	20815	13336	5845	95	37899	734	639	0	3758	3136	536
April 17, 2010 5:53:00 AM UTC	1271505180000	12	5	yes	6.7	81.9	23386	20815	13336	5846	94	37899	747	653	0	3745	3066	582
April 17, 2010 5:54:00 AM UTC	1271505240000	12	5	yes	6.9	82.0	23386	20815	13336	5846	95	37898	758	663	0	3736	3047	555
April 17, 2010 5:55:00 AM UTC	1271505300000	13	5	no	7.1	82.2	23386	20815	13320	5919	90	37846	759	669	0	3711	3126	534
April 17, 2010 5:56:00 AM UTC	1271505360000	13	5	yes	7.3	82.4	23386	20815	13336	5847	95	37897	791	696	0	3702	3092	535
April 17, 2010 5:57:00 AM UTC	1271505420000	12	5	yes	7.5	82.5	23386	20815	13336	5847	95	37897	805	710	0	3686	3017	617
April 17, 2010 5:58:00 AM UTC	1271505480000	13	6	no	7.7	82.7	23386	20815	13320	5916	93	37846	802	709	0	3671	3091	513
April 17, 2010 5:59:00 AM UTC	1271505540000	13	6	yes	7.9	82.8	23386	20815	13336	5848	97	37894	834	737	0	3658	3059	526
April 17, 2010 6:00:00 AM UTC	1271505600000	13	6	yes	8.1	83.0	23386	20815	13321	5919	93	37842	832	739	0	3641	3014	552
April 17, 2010 6:01:00 AM UTC	1271505660000	13	6	yes	8.3	83.1	23386	20815	13338	5840	101	37896	869	768	0	3626	3095	490
April 17, 2010 6:02:00 AM UTC	1271505720000	13	6	yes	8.5	83.3	23386	20815	13338	5840	103	37894	882	779	0	3614	3051	522
April 17, 2010 6:03:00 AM UTC	1271505780000	13	6	yes	8.6	83.5	23386	20815	13322	5909	101	37843	879	778	0	3597	2968	586
April 17, 2010 6:04:00 AM UTC	1271505840000	13	6	yes	8.8	83.6	23386	20815	13338	5849	108	37880	909	801	0	3587	3068	467
April 17, 2010 6:05:00 AM UTC	1271505900000	13	6	yes	9.0	83.8	23386	20815	13323	5894	105	37853	903	798	0	3576	3044	486
April 17, 2010 6:06:00 AM UTC	1271505960000	13	6	yes	9.2	83.9	23386	20815	13336	5898	111	37830	936	825	0	3554	2952	544
April 17, 2010 6:07:00 AM UTC	1271506020000	13	6	yes	9.4	84.1	23386	20815	13336	5898	106	37835	952	846	0	3539	3029	467
April 17, 2010 6:08:00 AM UTC	1271506080000	13	6	yes	9.6	84.2	23386	20815	13321	5968	98	37788	946	848	0	3522	2917	543
April 17, 2010 6:09:00 AM UTC	1271506140000	13	6	yes	9.8	84.4	23386	20815	13336	5906	105	37828	977	872	0	3511	2873	598
April 17, 2010 6:10:00 AM UTC	1271506200000	13	6	yes	10.0	84.6	23386	20815	13320	5977	104	37774	974	870	0	3493	2882	545
April 17, 2010 6:11:00 AM UTC	1271506260000	13	6	yes	10.2	84.7	23386	20815	13337	5900	111	37827	1010	899	0	3480	2841	600
April 17, 2010 6:12:00 AM UTC	1271506320000	13	6	yes	10.4	84.9	23386	20815	13338	5895	115	37827	1027	912	0	3465	2848	580
April 17, 2010 6:13:00 AM UTC	1271506380000	13	6	yes	10.5	85.0	23386	20815	13321	5964	111	37779	1021	910	0	3451	2838	556
April 17, 2010 6:14:00 AM UTC	1271506440000	13	6	yes	10.7	85.2	23386	20815	13337	5893	118	37827	1058	940	0	3434	2822	558
April 17, 2010 6:15:00 AM UTC	1271506500000	13	6	yes	10.9	85.4	23386	20815	13321	5964	116	37774	1053	937	0	3419	2821	543
April 17, 2010 6:16:00 AM UTC	1271506560000	13	6	yes	11.1	85.5	23386	20815	13321	5964	118	37772	1069	951	0	3404	2739	598
April 17, 2010 6:17:00 AM UTC	1271506620000	13	6	yes	11.3	85.7	23386	20815	13339	5810	128	37898	1112	984	0	3388	2797	538
April 17, 2010 6:18:00 AM UTC	1271506680000	13	6	yes	11.5	85.8	23386	20815	13326	5880	118	37851	1106	988	0	3373	2811	505
April 17, 2010 6:19:00 AM UTC	1271506740000	13	6	yes	11.7	86.0	23386	20815	13339	5812	126	37898	1141	1015	0	3358	2762	546
April 17, 2010 6:20:00 AM UTC	1271506800000	13	6	yes	11.9	86.1	23386	20815	13323	5881	121	37850	1136	1015	0	3340	2741	542
April 17, 2010 6:21:00 AM UTC	1271506860000	13	6	yes	12.1	86.3	23386	20815	13323	5881	121	37850	1151	1030	0	3326	2726	554
April 17, 2010 6:22:00 AM UTC	1271506920000	13	6	yes	12.3	86.5	23386	20815	13339	5813	131	37892	1191	1060	0	3309	2673	568
April 17, 2010 6:23:00 AM UTC	1271506980000	13	6	yes	12.5	86.6	23386	20815	13323	5896	127	37829	1183	1056	0	3296	2681	547
April 17, 2010 6:24:00 AM UTC	1271507040000	13	6	yes	12.6	86.8	23386	20815	13340	5823	135	37877	1225	1090	0	3278	2645	556
April 17, 2010 6:25:00 AM UTC	1271507100000	13	6	yes	12.8	86.9	23386	20815	13324	5893	129	37829	1216	1087	0	3268	2663	543
April 17, 2010 6:26:00 AM UTC	1271507160000	13	6	yes	13.0	87.1	23386	20815	13325	5889	129	37832	1237	1108	0	3251	2625	586
April 17, 2010 6:27:00 AM UTC	1271507220000	13	6	yes	13.2	87.2	23386	20815	13338	5875	135	37827	1262	1127	0	3239	2653	538
April 17, 2010 6:28:00 AM UTC	1271507280000	13	6	yes	13.4	87.4	23386	20815	13322	5946	127	37780	1256	1129	0	3222	2614	560
April 17, 2010 6:29:00 AM UTC	1271507340000	13	6	yes	13.6	87.6	23386	20815	13336	5877	137	37825	1297	1160	0	3208	2590	565
April 17, 2010 6:30:00 AM UTC	1271507400000	13	6	yes	13.8	87.7	23386	20815	13321	5947	127	37780	1289	1161	1	3196	2592	574
April 17, 2010 6:31:00 AM UTC	1271507460000	13	6	yes	14.0	87.9	23386	20815	13321	5947	126	37781	1304	1178	0	3185	2632	508
April 17, 2010 6:32:00 AM UTC	1271507520000	14	6	yes	14.2	88.0	23386	20815	13335	5877	131	37832	1342	1211	0	3172	2612	529
April 17, 2010 6:33:00 AM UTC	1271507580000	13	6	yes	14.4	88.2	23386	20815	13321	5947	124	37783	1332	1208	0	3162	2562	570
April 17, 2010 6:34:00 AM UTC	1271507640000	14	6	yes	14.6	88.4	23386	20815	13339	5878	127	37831	1376	1247	2	3146	2581	530
April 17, 2010 6:35:00 AM UTC	1271507700000	13	6	yes	14.8	88.5	23386	20815	13321	5947	125	37782	1365	1240	0	3139	2528	554
April 17, 2010 6:36:00 AM UTC	1271507760000	13	6	yes	14.9	88.7	23386	20815	13321	5947	123	37784	1382	1259	0	3125	2501	576
April 17, 2010 6:37:00 AM UTC	1271507820000	14	6	yes	15.1	88.8	23386	20815	13339	5877	132	37827	1418	1286	0	3112	2479	604
April 17, 2010 6:38:00 AM UTC	1271507880000	14	6	yes	15.3	89.0	23386	20815	13321	5947	119	37788	1414	1295	0	3104	2509	572
April 17, 2010 6:39:00 AM UTC	1271507940000	14	6	yes	15.5	89.2	23386	20815	13340	5877	126	37832	1456	1330	0	3089	2482	565
April 17, 2010 6:40:00 AM UTC	1271508000000	13	6	yes	15.7	89.3	23386	20815	13322	5862	116	37875	1449	1333	0	3080	2446	579
April 17, 2010 6:41:00 AM UTC	1271508060000	13	6	yes	15.9	89.5	23386	20815	13322	5862	115	37876	1463	1348	0	3068	2393	623
April 17, 2010 6:42:00 AM UTC	1271508120000	13	6	yes	16.1	89.6	23386	20815	13340	5825	121	37889	1512	1391	0	3059	2425	569
April 17, 2010 6:43:00 AM UTC	1271508180000	13	6	yes	16.3	89.8	23386	20815	13322	5979	110	37764	1496	1386	0	3049	2388	619
April 17, 2010 6:44:00 AM UTC	1271508240000	14	6	yes	16.5	90.0	23386	20815	13340	5833	120	37882	1547	1427	0	3038	2406	592
April 17, 2010 6:45:00 AM UTC	1271508300000	13	6	yes	16.7	90.1	23386	20815	13340	5833	118	37884	1559	1441	0	3031	2370	613
April 17, 2010 6:46:00 AM UTC	1271508360000	13	6	yes	16.9	90.3	23386	20815	13340	5833	117	37885	1578	1461	0	3020	2382	600
April 17, 2010 6:47:00 AM UTC	1271508420000	13	6	yes	17.1	90.4	23386	20815	13340	5833	115	37887	1592	1477	0	3012	2324	636
April 17, 2010 6:48:00 AM UTC	1271508480000	13	6	yes	17.2	90.6	23386	20815	13322	5870	103	37880	1570	1467	0	3005	2343	606
April 17, 2010 6:49:00 AM UTC	1271508540000	13	6	yes	17.4	90.8	23386	20815	13340	5876	110	37849	1615	1505	0	2991	2315	628
April 17, 2010 6:50:00 AM UTC	1271508600000	13	6	yes	17.6	90.9	23386	20815	13321	5947	101	37806	1606	1505	0	2981	2315	616
April 17, 2010 6:51:00 AM UTC	1271508660000	14	6	yes	17.8	91.1	23386	20815	13321	5947	98	37809	1623	1525	0	2974	2344	606
April 17, 2010 6:52:00 AM UTC	1271508720000	14	6	yes	18.0	91.3	23386	20815	13339	5877	103	37856	1657	1554	0	2969	2300	592
April 17, 2010 6:53:00 AM UTC	1271508780000	13	6	yes	18.2	91.4	23386	20815	13321	5947	95	37812	1652	1557	0	2962	2259	663
April 17, 2010 6:54:00 AM UTC	1271508840000	14	6	yes	18.4	91.6	23386	20815	13339	5878	92	37866	1691	1599	0	2954	2325	593
April 17, 2010 6:55:00 AM UTC	1271508900000	14	6	yes	18.6	91.7	23386	20815	13321	5947	89	37818	1678	1589	0	2949	2294	622
April 17, 2010 6:56:00 AM UTC	1271508960000	14	6	yes	18.8	91.9	23386	20815	13321	5947	86	37821	1696	1610	0	2937	2286	595
April 17, 2010 6:57:00 AM UTC	1271509020000	13	6	yes	19.0	92.1	23386	20815	13335	5877	89	37874	1742	1653	0	2932	2222	644
April 17, 2010 6:58:00 AM UTC	1271509080000	14	6	yes	19.2	92.2	23386	20815	13321	5947	79	37828	1731	1652	0	2924	2253	622
April 17, 2010 6:59:00 AM UTC	1271509140000	14	6	yes	19.4	92.4	23386	20815	13336	5877	86	37876	1780	1694	0	2916	2196	666
April 17, 2010 7:00:00 AM UTC	1271509200000	14	6	yes	19.5	92.6	23386	20815	13322	5946	72	37835	1759	1687	0	2913	2229	652
April 17, 2010 7:01:00 AM UTC	1271509260000	14	6	yes	19.7	92.7	23386	20815	13338	5875	79	37883	1800	1721	0	2905	2201	645
April 17, 2010 7:02:00 AM UTC	1271509320000	13	7	yes	19.9	92.9	23386	20815	13325	5884	68	37898	1798	1730	0	2900	2133	736
April 17, 2010 7:03:00 AM UTC	1271509380000	14	6	yes	20.1	93.0	23386	20815	13324	5888	69	37894	1819	1750	0	2890	2178	666
April 17, 2010 7:04:00 AM UTC	1271509440000	14	6	yes	20.3	93.2	23386	20815	13340	5819	69	37947	1862	1793	0	2885	2118	719
April 17, 2010 7:05:00 AM UTC	1271509500000	13	6	yes	20.5	93.4	23386	20815	13323	5894	61	37897	1850	1789	0	2878	2138	694
April 17, 2010 7:06:00 AM UTC	1271509560000	14	6	yes	20.7	93.5	23386	20815	13339	5812	62	37962	1891	1829	0	2872	2121	711
April 17, 2010 7:07:00 AM UTC	1271509620000	14	6	yes	20.9	93.7	23386	20815	13323	5881	53	37918	1876	1823	0	2867	2116	712
April 17, 2010 7:08:00 AM UTC	1271509680000	14	6	yes	21.1	93.9	23386	20815	13323	5881	47	37924	1897	1850	0	2859	2118	704
April 17, 2010 7:09:00 AM UTC	1271509740000	14	6	yes	21.3	94.0	23386	20815	13339	5813	46	37977	1943	1897	0	2851	2086	698
April 17, 2010 7:10:00 AM UTC	1271509800000	13	6	yes	21.5	94.2	23386	20815	13326	5883	37	37929	1923	1886	0	2854	2058	757
April 17, 2010 7:11:00 AM UTC	1271509860000	13	6	yes	21.6	94.4	23386	20815	13339	5815	41	37980	1970	1927	2	2846	2062	730
April 17, 2010 7:12:00 AM UTC	1271509920000	14	6	yes	21.8	94.5	23386	20815	13321	5962	29	37863	1941	1912	0	2845	2059	726
April 17, 2010 7:13:00 AM UTC	1271509980000	14	6	yes	22.0	94.7	23386	20815	13337	5892	29	37917	1984	1955	0	2840	2062	726
April 17, 2010 7:14:00 AM UTC	1271510040000	14	6	yes	22.2	94.9	23386	20815	13337	5892	24	37922	2002	1978	0	2833	2029	735
April 17, 2010 7:15:00 AM UTC	1271510100000	14	6	yes	22.4	95.0	23386	20815	13321	5963	15	37876	1988	1973	0	2827	2036	701
April 17, 2010 7:16:00 AM UTC	1271510160000	14	6	yes	22.6	95.2	23386	20815	13338	5894	13	37930	2034	2021	0	2824	2024	724
April 17, 2010 7:17:00 AM UTC	1271510220000	14	6	yes	22.8	95.4	23386	20815	13320	5975	6	37874	2013	2007	0	2819	1986	737
April 17, 2010 7:18:00 AM UTC	1271510280000	14	6	yes	23.0	95.5	23386	20815	13336	5905	8	37926	2056	2048	0	2815	1993	745
April 17, 2010 7:19:00 AM UTC	1271510340000	14	6	yes	23.2	95.7	23386	20815	13321	5969	3	37882	2041	2037	1	2814	1999	705
April 17, 2010 7:20:00 AM UTC	1271510400000	14	6	yes	23.4	95.9	23386	20815	13336	5899	2	37938	2091	2088	1	2808	1986	728
April 17, 2010 7:21:00 AM UTC	1271510460000	14	6	yes	23.6	96.0	23386	20815	13336	5899	1	37939	2108	2106	1	2802	1974	745
April 17, 2010 7:22:00 AM UTC	1271510520000	14	6	yes	23.7	96.2	23386	20815	13323	5889	0	37963	2096	2093	3	2809	1942	757
April 17, 2010 7:23:00 AM UTC	1271510580000	14	6	yes	23.9	96.4	23386	20815	13338	5845	0	37992	2147	2147	0	2800	1953	742
April 17, 2010 7:24:00 AM UTC	1271510640000	14	6	yes	24.1	96.6	23386	20815	13322	5906	0	37947	2130	2130	0	2799	1931	776
April 17, 2010 7:25:00 AM UTC	1271510700000	14	6	yes	24.3	96.7	23386	20815	13338	5837	0	38000	2172	2172	0	2793	1942	772
April 17, 2010 7:26:00 AM UTC	1271510760000	14	6	yes	24.5	96.9	23386	20815	13338	5837	0	38000	2190	2190	0	2790	1953	755
April 17, 2010 7:27:00 AM UTC	1271510820000	14	6	yes	24.7	97.1	23386	20815	13336	5847	0	37992	2198	2198	0	2788	1957	745
April 17, 2010 7:28:00 AM UTC	1271510880000	14	6	yes	24.9	97.2	23386	20815	13336	5847	0	37992	2214	2214	0	2786	1953	757
April 17, 2010 7:29:00 AM UTC	1271510940000	14	6	yes	25.1	97.4	23386	20815	13320	5916	0	37939	2193	2193	0	2786	1984	738
April 17, 2010 7:30:00 AM UTC	1271511000000	14	6	yes	25.3	97.6	23386	20815	13336	5848	0	37991	2247	2247	0	2777	1956	748
April 17, 2010 7:31:00 AM UTC	1271511060000	14	6	yes	25.5	97.8	23386	20815	13320	5921	0	37934	2229	2229	0	2775	1961	751
April 17, 2010 7:32:00 AM UTC	1271511120000	14	6	yes	25.6	97.9	23386	20815	13336	5849	0	37990	2270	2270	0	2780	1928	777
April 17, 2010 7:33:00 AM UTC	1271511180000	14	6	yes	25.8	98.1	23386	20815	13336	5849	0	37990	2289	2289	0	2775	1929	762
April 17, 2010 7:34:00 AM UTC	1271511240000	14	6	yes	26.0	98.3	23386	20815	13336	5849	0	37990	2300	2300	0	2776	1885	813
April 17, 2010 7:35:00 AM UTC	1271511300000	14	6	yes	26.2	98.5	23386	20815	13333	5859	0	37983	2310	2306	4	2780	1899	813
April 17, 2010 7:36:00 AM UTC	1271511360000	38	5	no	26.4	98.6	23386	20815	13315	6009	0	37851	2276	2276	0	2770	2768	2
April 17, 2010 7:37:00 AM UTC	1271511420000	14	6	yes	26.6	98.8	23386	20815	13331	5939	0	37905	2324	2323	1	2773	1869	775
April 17, 2010 7:38:00 AM UTC	1271511480000	14	6	yes	26.8	99.0	23386	20815	13315	6006	0	37854	2302	2299	3	2768	1871	775
April 17, 2010 7:39:00 AM UTC	1271511540000	14	6	yes	27.0	99.2	23386	20815	13332	5939	0	37904	2348	2345	3	2779	1868	803
April 17, 2010 7:40:00 AM UTC	1271511600000	14	6	yes	27.2	99.3	23386	20815	13334	5860	0	37981	2381	2378	3	2767	1876	793
April 17, 2010 7:41:00 AM UTC	1271511660000	14	6	yes	27.3	99.5	23386	20815	13333	5855	0	37987	2388	2384	4	2773	1900	774
April 17, 2010 7:42:00 AM UTC	1271511720000	14	6	yes	27.5	99.7	23386	20815	13333	5855	0	37987	2402	2398	4	2771	1928	710
April 17, 2010 7:43:00 AM UTC	1271511780000	14	6	yes	27.7	99.9	23386	20815	13330	5865	0	37980	2412	2411	1	2774	1933	690
April 17, 2010 7:44:00 AM UTC	1271511840000	14	6	yes	27.9	100.0	23386	20815	13330	5897	0	37948	2416	2416	0	2777	1930	771
April 17, 2010 7:45:00 AM UTC	1271511900000	14	6	yes	28.1	100.2	23386	20815	13330	5898	0	37947	2435	2431	3	2770	1907	767
April 17, 2010 7:46:00 AM UTC	1271511960000	14	6	yes	28.3	100.4	23386	20815	13330	5898	0	37947	2449	2445	3	2773	1877	769
April 17, 2010 7:47:00 AM UTC	1271512020000	14	6	yes	28.5	100.6	23386	20815	13330	5898	0	37947	2462	2461	1	2773	1863	788
April 17, 2010 7:48:00 AM UTC	1271512080000	14	6	yes	28.7	100.8	23386	20815	13333	5887	0	37955	2470	2468	2	2780	1816	837
April 17, 2010 7:49:00 AM UTC	1271512140000	14	6	yes	28.9	100.9	23386	20815	13333	5887	0	37955	2489	2485	4	2780	1823	812
April 17, 2010 7:50:00 AM UTC	1271512200000	14	6	yes	29.0	101.1	23386	20815	13330	5900	0	37945	2497	2496	1	2776	1825	830
April 17, 2010 7:51:00 AM UTC	1271512260000	14	6	yes	29.2	101.3	23386	20815	13330	5900	0	37945	2509	2507	2	2781	1828	823
April 17, 2010 7:52:00 AM UTC	1271512320000	14	6	yes	29.4	101.5	23386	20815	13330	5900	0	37945	2520	2516	4	2782	1784	876
April 17, 2010 7:53:00 AM UTC	1271512380000	14	6	yes	29.6	101.7	23386	20815	13330	5900	0	37945	2531	2526	5	2784	1762	875
April 17, 2010 7:54:00 AM UTC	1271512440000	14	6	yes	29.8	101.9	23386	20815	13331	5901	0	37943	2541	2533	6	2787	1789	839
April 17, 2010 7:55:00 AM UTC	1271512500000	14	6	yes	30.0	102.0	23386	20815	13331	5901	0	37943	2552	2546	6	2790	1759	882
April 17, 2010 7:56:00 AM UTC	1271512560000	14	6	yes	30.2	102.2	23386	20815	13347	5830	0	37998	2599	2593	6	2790	1785	860
April 17, 2010 7:57:00 AM UTC	1271512620000	14	6	yes	30.4	102.4	23386	20815	13330	5836	0	38009	2594	2588	6	2791	1754	887
April 17, 2010 7:58:00 AM UTC	1271512680000	14	6	yes	30.5	102.6	23386	20815	13330	5836	0	38009	2597	2592	5	2798	1773	837
April 17, 2010 7:59:00 AM UTC	1271512740000	14	6	yes	30.7	102.8	23386	20815	13329	5845	0	38001	2610	2607	3	2800	1747	894
April 17, 2010 8:00:00 AM UTC	1271512800000	14	6	yes	30.9	103.0	23386	20815	13329	5845	0	38001	2615	2613	2	2806	1740	920
April 17, 2010 8:01:00 AM UTC	1271512860000	14	6	yes	31.1	103.1	23386	20815	13331	5830	0	38014	2638	2628	7	2804	1741	909
April 17, 2010 8:02:00 AM UTC	1271512920000	14	6	yes	31.3	103.3	23386	20815	13328	5915	0	37932	2623	2618	4	2812	1755	909
April 17, 2010 8:03:00 AM UTC	1271512980000	14	6	yes	31.5	103.5	23386	20815	13338	5863	0	37974	2669	2663	6	2810	1775	895
April 17, 2010 8:04:00 AM UTC	1271513040000	14	6	yes	31.7	103.7	23386	20815	13324	5930	0	37921	2640	2633	4	2819	1730	932
April 17, 2010 8:05:00 AM UTC	1271513100000	14	6	yes	31.8	103.9	23386	20815	13338	5862	0	37975	2683	2676	5	2822	1764	886
April 17, 2010 8:06:00 AM UTC	1271513160000	14	6	yes	32.0	104.1	23386	20815	13322	5967	0	37886	2654	2650	4	2824	1740	923
April 17, 2010 8:07:00 AM UTC	1271513220000	14	6	yes	32.2	104.3	23386	20815	13338	5900	0	37937	2697	2694	3	2829	1738	932
April 17, 2010 8:08:00 AM UTC	1271513280000	14	6	yes	32.4	104.5	23386	20815	13322	5967	0	37886	2676	2676	0	2831	1694	964
April 17, 2010 8:09:00 AM UTC	1271513340000	14	6	yes	32.6	104.7	23386	20815	13336	5898	0	37941	2713	2709	4	2840	1708	985
April 17, 2010 8:10:00 AM UTC	1271513400000	14	6	yes	32.8	104.9	23386	20815	13322	5971	0	37882	2683	2676	7	2844	1715	956
April 17, 2010 8:11:00 AM UTC	1271513460000	14	6	yes	33.0	105.0	23386	20815	13338	5903	0	37934	2723	2717	6	2854	1736	940
April 17, 2010 8:12:00 AM UTC	1271513520000	14	6	yes	33.1	105.2	23386	20815	13326	5895	0	37954	2727	2721	6	2855	1695	964
April 17, 2010 8:13:00 AM UTC	1271513580000	14	6	yes	33.3	105.4	23386	20815	13341	5828	0	38006	2770	2764	5	2864	1694	974
April 17, 2010 8:14:00 AM UTC	1271513640000	14	6	yes	33.5	105.6	23386	20815	13336	5846	0	37993	2774	2769	5	2863	1685	1044
April 17, 2010 8:15:00 AM UTC	1271513700000	14	6	yes	33.7	105.8	23386	20815	13337	5847	0	37991	2779	2775	4	2871	1686	1024
April 17, 2010 8:16:00 AM UTC	1271513760000	14	6	yes	33.9	106.0	23386	20815	13337	5847	0	37991	2784	2773	9	2881	1673	984
April 17, 2010 8:17:00 AM UTC	1271513820000	13	6	yes	34.1	106.2	23386	20815	13336	5848	0	37991	2791	2782	8	2888	1632	1085
April 17, 2010 8:18:00 AM UTC	1271513880000	13	6	yes	34.3	106.4	23386	20815	13336	5848	0	37991	2803	2790	9	2891	1650	1038
April 17, 2010 8:19:00 AM UTC	1271513940000	13	6	yes	34.4	106.6	23386	20815	13331	5868	0	37976	2798	2787	10	2898	1606	1085
April 17, 2010 8:20:00 AM UTC	1271514000000	13	6	yes	34.6	106.8	23386	20815	13331	5868	0	37976	2805	2793	11	2908	1636	1060
April 17, 2010 8:21:00 AM UTC	1271514060000	13	6	yes	34.8	107.0	23386	20815	13335	5849	0	37991	2821	2813	8	2912	1632	1018
April 17, 2010 8:22:00 AM UTC	1271514120000	13	6	yes	35.0	107.2	23386	20815	13335	5849	0	37991	2830	2821	9	2921	1609	1094
April 17, 2010 8:23:00 AM UTC	1271514180000	13	6	yes	35.2	107.4	23386	20815	13336	5859	0	37980	2830	2826	4	2931	1665	1007
April 17, 2010 8:24:00 AM UTC	1271514240000	13	6	yes	35.4	107.6	23386	20815	13330	5879	0	37966	2824	2800	19	2945	1572	1078
April 17, 2010 8:25:00 AM UTC	1271514300000	13	6	yes	35.5	107.8	23386	20815	13330	5880	0	37965	2835	2821	11	2946	1598	1042
April 17, 2010 8:26:00 AM UTC	1271514360000	13	6	yes	35.7	108.0	23386	20815	13330	5880	0	37965	2839	2822	12	2956	1566	1107
April 17, 2010 8:27:00 AM UTC	1271514420000	13	6	yes	35.9	108.2	23386	20815	13348	5737	0	38090	2908	2891	12	2965	1583	1068
April 17, 2010 8:28:00 AM UTC	1271514480000	13	6	yes	36.1	108.4	23386	20815	13328	5824	0	38023	2855	2840	13	2976	1605	1099
April 17, 2010 8:29:00 AM UTC	1271514540000	13	7	yes	36.3	108.6	23386	20815	13343	5876	0	37956	2869	2847	19	2987	1586	1119
April 17, 2010 8:30:00 AM UTC	1271514600000	13	6	yes	36.4	108.8	23386	20815	13326	5943	0	37906	2832	2817	14	3001	1566	1108
April 17, 2010 8:31:00 AM UTC	1271514660000	13	6	yes	36.6	109.0	23386	20815	13343	5855	0	37977	2901	2883	15	3005	1555	1117
April 17, 2010 8:32:00 AM UTC	1271514720000	13	6	yes	36.8	109.2	23386	20815	13325	5946	0	37904	2846	2829	14	3017	1569	1107
April 17, 2010 8:33:00 AM UTC	1271514780000	13	6	yes	37.0	109.5	23386	20815	13342	5880	0	37953	2884	2863	11	3027	1569	1055
April 17, 2010 8:34:00 AM UTC	1271514840000	13	6	yes	37.2	109.7	23386	20815	13325	5946	0	37904	2856	2826	23	3039	1575	1082
April 17, 2010 8:35:00 AM UTC	1271514900000	13	6	yes	37.3	109.9	23386	20815	13338	5880	0	37957	2892	2853	31	3055	1483	1098
April 17, 2010 8:36:00 AM UTC	1271514960000	12	6	yes	37.5	110.1	23386	20815	13319	5976	0	37880	2832	2794	32	3069	1445	1122
April 17, 2010 8:37:00 AM UTC	1271515020000	13	6	yes	37.7	110.3	23386	20815	13333	5909	0	37933	2873	2830	37	3076	1486	1097
April 17, 2010 8:38:00 AM UTC	1271515080000	13	6	yes	37.9	110.5	23386	20815	13319	5976	0	37880	2843	2811	29	3088	1486	1158
April 17, 2010 8:39:00 AM UTC	1271515140000	13	6	yes	38.1	110.7	23386	20815	13339	5889	0	37947	2897	2850	44	3101	1510	1070
April 17, 2010 8:40:00 AM UTC	1271515200000	13	6	yes	38.2	110.9	23386	20815	13320	5908	0	37947	2866	2819	38	3114	1459	1140
April 17, 2010 8:41:00 AM UTC	1271515260000	13	6	yes	38.4	111.2	23386	20815	13335	5843	0	37997	2909	2851	49	3130	1482	1112
April 17, 2010 8:42:00 AM UTC	1271515320000	12	6	yes	38.6	111.4	23386	20815	13321	5908	0	37946	2866	2810	45	3149	1442	1135
April 17, 2010 8:43:00 AM UTC	1271515380000	12	6	yes	38.8	111.6	23386	20815	13335	5843	0	37997	2910	2848	55	3158	1448	1108
April 17, 2010 8:44:00 AM UTC	1271515440000	12	6	yes	39.0	111.8	23386	20815	13316	5933	0	37926	2856	2794	60	3172	1469	1047
April 17, 2010 8:45:00 AM UTC	1271515500000	13	6	yes	39.1	112.0	23386	20815	13330	5866	0	37979	2893	2840	49	3187	1465	1075
April 17, 2010 8:46:00 AM UTC	1271515560000	12	6	yes	39.3	112.2	23386	20815	13321	5906	0	37948	2868	2790	74	3208	1436	1126
April 17, 2010 8:47:00 AM UTC	1271515620000	12	6	yes	39.5	112.5	23386	20815	13335	5842	0	37998	2904	2825	63	3221	1447	1059
April 17, 2010 8:48:00 AM UTC	1271515680000	12	6	yes	39.7	112.7	23386	20815	13341	5816	0	38018	2918	2818	85	3238	1449	1123
April 17, 2010 8:49:00 AM UTC	1271515740000	12	6	yes	39.8	112.9	23386	20815	13328	5881	0	37966	2876	2767	101	3255	1458	1081
April 17, 2010 8:50:00 AM UTC	1271515800000	12	6	yes	40.0	113.1	23386	20815	13343	5813	0	38019	2914	2787	117	3269	1454	1069
April 17, 2010 8:51:00 AM UTC	1271515860000	12	6	yes	40.2	113.4	23386	20815	13322	5904	0	37949	2868	2776	88	3279	1416	1134
April 17, 2010 8:52:00 AM UTC	1271515920000	12	6	yes	40.4	113.6	23386	20815	13345	5749	0	38081	2936	2803	125	3301	1384	1144
April 17, 2010 8:53:00 AM UTC	1271515980000	12	6	yes	40.5	113.8	23386	20815	13330	5810	0	38035	2904	2775	123	3309	1346	1069
April 17, 2010 8:54:00 AM UTC	1271516040000	12	6	yes	40.7	114.0	23386	20815	13338	5823	0	38014	2909	2743	149	3329	1394	1089
April 17, 2010 8:55:00 AM UTC	1271516100000	12	6	yes	40.9	114.3	23386	20815	13324	5889	0	37962	2871	2724	135	3346	1381	1120
April 17, 2010 8:56:00 AM UTC	1271516160000	12	6	yes	41.1	114.5	23386	20815	13337	5825	0	38013	2915	2761	144	3359	1408	1050
April 17, 2010 8:57:00 AM UTC	1271516220000	11	6	yes	41.2	114.7	23386	20815	13324	5887	0	37964	2862	2683	173	3376	1317	1121
April 17, 2010 8:58:00 AM UTC	1271516280000	12	6	yes	41.4	114.9	23386	20815	13336	5839	0	38000	2889	2745	139	3397	1393	1067
April 17, 2010 8:59:00 AM UTC	1271516340000	11	6	yes	41.6	115.2	23386	20815	13338	5840	0	37997	2889	2706	183	3406	1292	1201
April 17, 2010 9:00:00 AM UTC	1271516400000	11	6	yes	41.8	115.4	23386	20815	13338	5840	0	37997	2900	2719	174	3416	1328	1178
April 17, 2010 9:01:00 AM UTC	1271516460000	11	6	yes	41.9	115.6	23386	20815	13327	5949	0	37899	2845	2670	168	3437	1301	1179
April 17, 2010 9:02:00 AM UTC	1271516520000	11	6	yes	42.1	115.9	23386	20815	13327	5949	0	37899	2848	2628	213	3445	1219	1176
April 17, 2010 9:03:00 AM UTC	1271516580000	11	6	yes	42.3	116.1	23386	20815	13336	5849	0	37990	2891	2671	210	3464	1214	1170
April 17, 2010 9:04:00 AM UTC	1271516640000	11	6	yes	42.5	116.4	23386	20815	13330	5879	0	37966	2868	2630	229	3478	1223	1113
April 17, 2010 9:05:00 AM UTC	1271516700000	10	6	yes	42.6	116.6	23386	20815	13330	5879	0	37966	2874	2593	274	3492	1177	1126
April 17, 2010 9:06:00 AM UTC	1271516760000	10	6	yes	42.8	116.8	23386	20815	13346	5817	0	38012	2904	2604	291	3506	1114	1218
April 17, 2010 9:07:00 AM UTC	1271516820000	11	6	yes	43.0	117.1	23386	20815	13322	5910	0	37943	2846	2587	248	3516	1179	1116
April 17, 2010 9:08:00 AM UTC	1271516880000	11	7	yes	43.1	117.3	23386	20815	13346	5786	0	38043	2918	2637	266	3537	1158	1224
April 17, 2010 9:09:00 AM UTC	1271516940000	11	6	yes	43.3	117.6	23386	20815	13322	5930	0	37923	2837	2563	261	3538	1197	1119
April 17, 2010 9:10:00 AM UTC	1271517000000	10	6	yes	43.5	117.8	23386	20815	13338	5867	0	37970	2876	2574	288	3566	1169	1133
April 17, 2010 9:11:00 AM UTC	1271517060000	10	6	yes	43.6	118.1	23386	20815	13322	5930	0	37923	2833	2537	286	3574	1070	1235
April 17, 2010 9:12:00 AM UTC	1271517120000	10	6	yes	43.8	118.3	23386	20815	13322	5930	0	37923	2830	2540	284	3591	1111	1169
April 17, 2010 9:13:00 AM UTC	1271517180000	10	7	yes	44.0	118.6	23386	20815	13335	5869	0	37971	2866	2521	327	3612	1000	1266
April 17, 2010 9:14:00 AM UTC	1271517240000	10	7	yes	44.2	118.8	23386	20815	13323	5867	0	37985	2858	2465	378	3623	1022	1216
April 17, 2010 9:15:00 AM UTC	1271517300000	10	6	yes	44.3	119.1	23386	20815	13329	5837	0	38009	2884	2497	367	3634	1019	1114
April 17, 2010 9:16:00 AM UTC	1271517360000	9	6	yes	44.5	119.3	23386	20815	13324	5866	0	37985	2855	2478	357	3648	963	1169
April 17, 2010 9:17:00 AM UTC	1271517420000	10	6	yes	44.7	119.6	23386	20815	13330	5839	0	38006	2875	2489	372	3662	1016	1195
April 17, 2010 9:18:00 AM UTC	1271517480000	10	6	yes	44.8	119.8	23386	20815	13329	5862	0	37984	2861	2492	354	3672	1067	1184
April 17, 2010 9:19:00 AM UTC	1271517540000	10	7	yes	45.0	120.1	23386	20815	13329	5862	0	37984	2856	2468	368	3695	978	1247
April 17, 2010 9:20:00 AM UTC	1271517600000	9	7	yes	45.2	120.3	23386	20815	13329	5861	0	37985	2859	2475	360	3703	954	1289
April 17, 2010 9:21:00 AM UTC	1271517660000	9	7	yes	45.3	120.6	23386	20815	13329	5861	0	37985	2858	2465	368	3720	941	1250
April 17, 2010 9:22:00 AM UTC	1271517720000	9	6	yes	45.5	120.8	23386	20815	13321	5949	0	37905	2812	2409	380	3730	945	1205
April 17, 2010 9:23:00 AM UTC	1271517780000	9	7	yes	45.6	121.1	23386	20815	13335	5889	0	37951	2844	2403	415	3750	849	1274
April 17, 2010 9:24:00 AM UTC	1271517840000	9	6	yes	45.8	121.4	23386	20815	13330	5853	0	37992	2874	2367	476	3756	795	1224
April 17, 2010 9:25:00 AM UTC	1271517900000	9	7	yes	46.0	121.6	23386	20815	13336	5828	0	38011	2877	2429	426	3781	812	1281
April 17, 2010 9:26:00 AM UTC	1271517960000	8	6	yes	46.1	121.9	23386	20815	13321	5887	0	37967	2853	2360	444	3779	695	1282
April 17, 2010 9:27:00 AM UTC	1271518020000	9	7	yes	46.3	122.2	23386	20815	13336	5829	0	38010	2881	2392	457	3801	769	1258
April 17, 2010 9:28:00 AM UTC	1271518080000	8	7	yes	46.5	122.4	23386	20815	13335	5854	0	37986	2859	2305	493	3811	670	1292
April 17, 2010 9:29:00 AM UTC	1271518140000	8	7	yes	46.6	122.7	23386	20815	13326	5891	0	37958	2842	2313	487	3820	736	1296
April 17, 2010 9:30:00 AM UTC	1271518200000	8	7	yes	46.8	123.0	23386	20815	13334	5853	0	37988	2857	2337	472	3841	676	1303
April 17, 2010 9:31:00 AM UTC	1271518260000	8	7	yes	46.9	123.2	23386	20815	13326	5891	0	37958	2837	2291	500	3852	703	1314
April 17, 2010 9:32:00 AM UTC	1271518320000	8	7	yes	47.1	123.5	23386	20815	13326	5891	0	37958	2832	2276	528	3866	600	1398
April 17, 2010 9:33:00 AM UTC	1271518380000	8	7	yes	47.3	123.8	23386	20815	13341	5776	0	38058	2893	2345	500	3881	665	1403
April 17, 2010 9:34:00 AM UTC	1271518440000	8	7	yes	47.4	124.1	23386	20815	13327	5836	0	38012	2863	2310	509	3891	524	1447
April 17, 2010 9:35:00 AM UTC	1271518500000	8	7	yes	47.6	124.3	23386	20815	13318	5868	0	37989	2850	2243	562	3882	515	1388
April 17, 2010 9:36:00 AM UTC	1271518560000	7	7	yes	47.7	124.6	23386	20815	13336	5803	0	38036	2881	2284	547	3917	378	1477
April 17, 2010 9:37:00 AM UTC	1271518620000	7	7	yes	47.9	124.9	23386	20815	13326	5863	0	37986	2846	2183	606	3908	399	1493
April 17, 2010 9:38:00 AM UTC	1271518680000	7	8	yes	48.1	125.2	23386	20815	13331	5844	0	38000	2860	2201	604	3938	337	1576
April 17, 2010 9:39:00 AM UTC	1271518740000	7	7	yes	48.2	125.5	23386	20815	13327	5862	0	37986	2831	2211	557	3943	236	1582
April 17, 2010 9:40:00 AM UTC	1271518800000	6	8	yes	48.4	125.8	23386	20815	13331	5844	0	38000	2849	2101	667	3967	275	1494
April 17, 2010 9:41:00 AM UTC	1271518860000	7	7	yes	48.5	126.0	23386	20815	13321	5885	0	37969	2828	2179	572	3971	261	1504
April 17, 2010 9:42:00 AM UTC	1271518920000	6	8	yes	48.7	126.3	23386	20815	13332	5785	0	38058	2878	2195	598	3997	208	1521
April 17, 2010 9:43:00 AM UTC	1271518980000	6	8	yes	48.8	126.6	23386	20815	13323	5826	0	38026	2861	2114	662	3993	165	1547
April 17, 2010 9:44:00 AM UTC	1271519040000	6	8	yes	49.0	126.9	23386	20815	13334	5800	0	38041	2875	2162	622	4007	166	1585
April 17, 2010 9:45:00 AM UTC	1271519100000	6	8	yes	49.1	127.2	23386	20815	13323	5850	0	38002	2834	2118	635	4014	105	1573
April 17, 2010 9:46:00 AM UTC	1271519160000	6	7	yes	49.3	127.5	23386	20815	13334	5800	0	38041	2860	2072	686	4037	99	1480
April 17, 2010 9:47:00 AM UTC	1271519220000	6	7	yes	49.4	127.8	23386	20815	13334	5800	0	38041	2865	2032	715	4044	141	1486
April 17, 2010 9:48:00 AM UTC	1271519280000	6	8	yes	49.6	128.1	23386	20815	13334	5800	0	38041	2866	2073	709	4060	112	1527
April 17, 2010 9:49:00 AM UTC	1271519340000	6	7	yes	49.7	128.4	23386	20815	13322	5912	0	37941	2816	2031	638	4056	137	1468
April 17, 2010 9:50:00 AM UTC	1271519400000	6	7	yes	49.9	128.7	23386	20815	13333	5874	0	37968	2829	2030	673	4079	118	1427
April 17, 2010 9:51:00 AM UTC	1271519460000	6	7	yes	50.0	129.0	23386	20815	13326	5858	0	37991	2837	2032	678	4088	82	1453
April 17, 2010 9:52:00 AM UTC	1271519520000	5	7	yes	50.2	129.3	23386	20815	13324	5893	0	37958	2813	1904	787	4093	76	1352
April 17, 2010 9:53:00 AM UTC	1271519580000	5	8	yes	50.3	129.6	23386	20815	13324	5893	0	37958	2807	1876	773	4109	46	1347
April 17, 2010 9:54:00 AM UTC	1271519640000	5	7	yes	50.5	129.9	23386	20815	13324	5893	0	37958	2819	1850	793	4111	71	1294
April 17, 2010 9:55:00 AM UTC	1271519700000	5	7	yes	50.6	130.2	23386	20815	13335	5839	0	38001	2846	1825	827	4129	54	1260
April 17, 2010 9:56:00 AM UTC	1271519760000	5	7	yes	50.8	130.6	23386	20815	13324	5892	0	37959	2821	1790	836	4136	38	1257
April 17, 2010 9:57:00 AM UTC	1271519820000	5	7	yes	50.9	130.9	23386	20815	13327	5872	0	37976	2824	1782	840	4144	26	1238
April 17, 2010 9:58:00 AM UTC	1271519880000	5	7	yes	51.1	131.2	23386	20815	13328	5831	0	38016	2848	1823	825	4157	56	1158
April 17, 2010 9:59:00 AM UTC	1271519940000	5	7	yes	51.2	131.5	23386	20815	13328	5832	0	38015	2846	1829	794	4168	35	1309
April 17, 2010 10:00:00 AM UTC	1271520000000	5	7	yes	51.4	131.8	23386	20815	13327	5874	0	37974	2826	1661	952	4170	48	1022
April 17, 2010 10:01:00 AM UTC	1271520060000	5	7	yes	51.5	132.1	23386	20815	13339	5820	0	38016	2845	1697	887	4197	33	1089
April 17, 2010 10:02:00 AM UTC	1271520120000	5	6	yes	51.6	132.5	23386	20815	13316	5918	0	37941	2794	1659	921	4186	21	926
April 17, 2010 10:03:00 AM UTC	1271520180000	5	6	yes	51.8	132.8	23386	20815	13327	5872	0	37976	2827	1700	898	4203	25	975
April 17, 2010 10:04:00 AM UTC	1271520240000	4	6	yes	51.9	133.1	23386	20815	13329	5866	0	37980	2814	1645	974	4222	6	841
April 17, 2010 10:05:00 AM UTC	1271520300000	4	6	yes	52.1	133.4	23386	20815	13317	5917	0	37941	2791	1614	926	4216	5	997
April 17, 2010 10:06:00 AM UTC	1271520360000	5	6	yes	52.2	133.8	23386	20815	13329	5819	0	38027	2845	1674	948	4232	26	936
April 17, 2010 10:07:00 AM UTC	1271520420000	4	6	yes	52.3	134.1	23386	20815	13329	5870	0	37976	2825	1631	954	4238	15	895
April 17, 2010 10:08:00 AM UTC	1271520480000	4	6	yes	52.5	134.4	23386	20815	13319	5915	0	37941	2803	1605	940	4233	12	865
April 17, 2010 10:09:00 AM UTC	1271520540000	5	5	yes	52.6	134.8	23386	20815	13328	5870	0	37977	2821	1700	912	4256	12	640
April 17, 2010 10:10:00 AM UTC	1271520600000	5	5	yes	52.7	135.1	23386	20815	13341	5819	0	38015	2858	1688	922	4267	6	662
April 17, 2010 10:11:00 AM UTC	1271520660000	4	6	yes	52.9	135.5	23386	20815	13316	5976	0	37883	2769	1610	919	4255	10	767
April 17, 2010 10:12:00 AM UTC	1271520720000	5	6	yes	53.0	135.8	23386	20815	13341	5880	0	37954	2814	1683	954	4299	12	624
April 17, 2010 10:13:00 AM UTC	1271520780000	5	5	yes	53.1	136.1	23386	20815	13328	5884	0	37963	2812	1705	883	4286	16	521
April 17, 2010 10:14:00 AM UTC	1271520840000	4	5	yes	53.3	136.5	23386	20815	13341	5885	0	37949	2812	1663	911	4311	6	539
April 17, 2010 10:15:00 AM UTC	1271520900000	4	5	yes	53.4	136.8	23386	20815	13316	5983	0	37876	2768	1550	968	4291	5	580
April 17, 2010 10:16:00 AM UTC	1271520960000	4	5	yes	53.5	137.2	23386	20815	13341	5823	0	38011	2849	1601	960	4318	7	573
April 17, 2010 10:17:00 AM UTC	1271521020000	5	5	yes	53.7	137.5	23386	20815	13338	5822	0	38015	2836	1705	877	4333	7	615
April 17, 2010 10:18:00 AM UTC	1271521080000	4	5	yes	53.8	137.9	23386	20815	13328	5872	0	37975	2817	1610	966	4327	6	528
April 17, 2010 10:19:00 AM UTC	1271521140000	4	6	yes	53.9	138.2	23386	20815	13328	5872	0	37975	2816	1467	1163	4332	6	530
April 17, 2010 10:20:00 AM UTC	1271521200000	4	6	yes	54.1	138.6	23386	20815	13340	5783	0	38052	2863	1510	1061	4352	16	645
April 17, 2010 10:21:00 AM UTC	1271521260000	4	5	yes	54.2	139.0	23386	20815	13326	5886	0	37963	2810	1504	1114	4343	12	469
April 17, 2010 10:22:00 AM UTC	1271521320000	4	5	yes	54.3	139.3	23386	20815	13340	5768	0	38067	2861	1568	1085	4365	3	359
April 17, 2010 10:23:00 AM UTC	1271521380000	4	5	yes	54.4	139.7	23386	20815	13328	5818	0	38029	2843	1539	1020	4357	4	383
April 17, 2010 10:24:00 AM UTC	1271521440000	4	5	yes	54.6	140.1	23386	20815	13319	5865	0	37991	2822	1451	1137	4351	3	405
April 17, 2010 10:25:00 AM UTC	1271521500000	4	5	yes	54.7	140.4	23386	20815	13340	5768	0	38067	2863	1477	1068	4381	4	331
April 17, 2010 10:26:00 AM UTC	1271521560000	4	5	yes	54.8	140.8	23386	20815	13327	5819	0	38029	2847	1514	1021	4378	4	392
April 17, 2010 10:27:00 AM UTC	1271521620000	4	6	yes	54.9	141.2	23386	20815	13328	5837	0	38010	2831	1526	1115	4384	0	382
April 17, 2010 10:28:00 AM UTC	1271521680000	4	5	yes	55.0	141.5	23386	20815	13329	5838	0	38008	2834	1446	1128	4388	0	289
April 17, 2010 10:29:00 AM UTC	1271521740000	4	6	yes	55.2	141.9	23386	20815	13325	5850	0	38000	2829	1472	1188	4392	0	374
April 17, 2010 10:30:00 AM UTC	1271521800000	4	6	yes	55.3	142.3	23386	20815	13316	5890	0	37969	2803	1360	1177	4389	0	344
April 17, 2010 10:31:00 AM UTC	1271521860000	4	6	yes	55.4	142.7	23386	20815	13326	5848	0	38001	2820	1345	1229	4405	0	357
April 17, 2010 10:32:00 AM UTC	1271521920000	4	6	yes	55.5	143.1	23386	20815	13347	5751	0	38077	2867	1352	1277	4434	0	314
April 17, 2010 10:33:00 AM UTC	1271521980000	4	6	yes	55.6	143.4	23386	20815	13327	5868	0	37980	2815	1310	1225	4411	0	377
April 17, 2010 10:34:00 AM UTC	1271522040000	4	5	yes	55.7	143.8	23386	20815	13336	5826	0	38013	2838	1330	1212	4429	8	344
April 17, 2010 10:35:00 AM UTC	1271522100000	4	6	yes	55.9	144.2	23386	20815	13336	5827	0	38012	2840	1308	1267	4431	0	279
April 17, 2010 10:36:00 AM UTC	1271522160000	4	6	yes	56.0	144.6	23386	20815	13336	5827	0	38012	2832	1357	1234	4426	0	331
April 17, 2010 10:37:00 AM UTC	1271522220000	3	6	yes	56.1	145.0	23386	20815	13324	5882	0	37969	2818	1280	1233	4433	0	345
April 17, 2010 10:38:00 AM UTC	1271522280000	3	6	yes	56.2	145.4	23386	20815	13332	5842	0	38001	2828	1234	1254	4440	1	305
April 17, 2010 10:39:00 AM UTC	1271522340000	3	6	yes	56.3	145.8	23386	20815	13323	5908	0	37944	2805	1223	1279	4426	0	367
April 17, 2010 10:40:00 AM UTC	1271522400000	3	5	yes	56.4	146.2	23386	20815	13333	5869	0	37973	2814	1268	1122	4439	0	313
April 17, 2010 10:41:00 AM UTC	1271522460000	3	5	yes	56.5	146.6	23386	20815	13333	5869	0	37973	2823	1249	1190	4446	0	298
April 17, 2010 10:42:00 AM UTC	1271522520000	3	5	yes	56.6	147.0	23386	20815	13318	5926	0	37931	2787	1237	1145	4436	0	300
April 17, 2010 10:43:00 AM UTC	1271522580000	3	5	yes	56.7	147.4	23386	20815	13332	5869	0	37974	2815	1238	1286	4456	0	237
April 17, 2010 10:44:00 AM UTC	1271522640000	3	5	yes	56.8	147.8	23386	20815	13342	5831	0	38002	2841	1253	1154	4464	0	227
April 17, 2010 10:45:00 AM UTC	1271522700000	3	5	yes	56.9	148.2	23386	20815	13330	5933	0	37912	2778	1152	1149	4453	2	234
April 17, 2010 10:46:00 AM UTC	1271522760000	3	5	yes	57.0	148.6	23386	20815	13340	5863	0	37972	2825	1131	1210	4471	0	306
April 17, 2010 10:47:00 AM UTC	1271522820000	3	5	yes	57.1	149.0	23386	20815	13349	5825	0	38001	2839	1195	1242	4486	0	255
April 17, 2010 10:48:00 AM UTC	1271522880000	3	5	yes	57.2	149.5	23386	20815	13327	5920	0	37928	2798	1170	1234	4463	4	203
April 17, 2010 10:49:00 AM UTC	1271522940000	3	5	yes	57.3	149.9	23386	20815	13336	5886	0	37953	2806	1197	1203	4474	0	279
April 17, 2010 10:50:00 AM UTC	1271523000000	3	5	yes	57.4	150.3	23386	20815	13330	5871	0	37974	2812	1172	1178	4474	1	233
April 17, 2010 10:51:00 AM UTC	1271523060000	3	5	yes	57.5	150.7	23386	20815	13333	5898	0	37944	2790	1192	1166	4480	0	175
April 17, 2010 10:52:00 AM UTC	1271523120000	3	6	yes	57.6	151.1	23386	20815	13344	5832	0	37999	2822	1119	1287	4495	3	364
April 17, 2010 10:53:00 AM UTC	1271523180000	3	5	yes	57.7	151.6	23386	20815	13322	5935	0	37918	2778	1172	1232	4470	0	224
April 17, 2010 10:54:00 AM UTC	1271523240000	3	5	yes	57.8	152.0	23386	20815	13330	5902	0	37943	2798	1170	1210	4481	0	228
April 17, 2010 10:55:00 AM UTC	1271523300000	3	5	yes	57.9	152.4	23386	20815	13330	5902	0	37943	2799	1195	1249	4479	0	220
April 17, 2010 10:56:00 AM UTC	1271523360000	3	5	yes	58.0	152.9	23386	20815	13330	5902	0	37943	2800	1128	1273	4480	2	210
April 17, 2010 10:57:00 AM UTC	1271523420000	3	6	yes	58.0	153.3	23386	20815	13335	5908	0	37932	2798	1146	1213	4486	0	270
April 17, 2010 10:58:00 AM UTC	1271523480000	3	5	yes	58.1	153.7	23386	20815	13330	5941	0	37904	2792	1135	1269	4476	0	203
April 17, 2010 10:59:00 AM UTC	1271523540000	3	5	yes	58.2	154.2	23386	20815	13338	5832	0	38005	2834	1174	1292	4495	0	227
April 17, 2010 11:00:00 AM UTC	1271523600000	3	5	yes	58.3	154.6	23386	20815	13338	5832	0	38005	2832	1160	1244	4496	0	188
April 17, 2010 11:01:00 AM UTC	1271523660000	3	5	yes	58.4	155.0	23386	20815	13323	5894	0	37958	2800	1094	1246	4482	0	122
April 17, 2010 11:02:00 AM UTC	1271523720000	3	5	yes	58.5	155.5	23386	20815	13333	5862	0	37980	2822	1123	1316	4491	0	233
April 17, 2010 11:03:00 AM UTC	1271523780000	3	5	yes	58.5	155.9	23386	20815	13324	5936	0	37915	2786	1068	1302	4478	0	133
April 17, 2010 11:04:00 AM UTC	1271523840000	3	6	yes	58.6	156.4	23386	20815	13345	5844	0	37986	2831	1048	1378	4507	0	268
April 17, 2010 11:05:00 AM UTC	1271523900000	3	6	yes	58.7	156.8	23386	20815	13337	5881	0	37957	2808	1018	1387	4496	1	216
April 17, 2010 11:06:00 AM UTC	1271523960000	3	5	yes	58.8	157.3	23386	20815	13332	5867	0	37976	2816	985	1372	4490	0	152
April 17, 2010 11:07:00 AM UTC	1271524020000	3	5	yes	58.8	157.7	23386	20815	13338	5839	0	37998	2820	1064	1205	4500	0	131
April 17, 2010 11:08:00 AM UTC	1271524080000	3	6	yes	58.9	158.2	23386	20815	13336	5910	0	37929	2788	1035	1343	4493	0	251
April 17, 2010 11:09:00 AM UTC	1271524140000	3	5	yes	59.0	158.6	23386	20815	13343	5866	0	37966	2813	1062	1294	4501	2	171
April 17, 2010 11:10:00 AM UTC	1271524200000	3	6	yes	59.1	159.1	23386	20815	13335	5904	0	37936	2795	986	1342	4492	0	208
April 17, 2010 11:11:00 AM UTC	1271524260000	3	6	yes	59.1	159.6	23386	20815	13329	5929	0	37917	2784	954	1369	4485	4	247
April 17, 2010 11:12:00 AM UTC	1271524320000	3	5	yes	59.2	160.0	23386	20815	13329	5929	0	37917	2786	982	1261	4483	0	189
April 17, 2010 11:13:00 AM UTC	1271524380000	2	5	yes	59.3	160.5	23386	20815	13328	5929	0	37918	2784	886	1341	4484	0	163
April 17, 2010 11:14:00 AM UTC	1271524440000	3	5	yes	59.3	160.9	23386	20815	13329	5920	0	37926	2785	953	1296	4484	1	213
April 17, 2010 11:15:00 AM UTC	1271524500000	3	5	yes	59.4	161.4	23386	20815	13335	5883	0	37957	2813	974	1322	4492	0	141
April 17, 2010 11:16:00 AM UTC	1271524560000	3	6	yes	59.4	161.9	23386	20815	13319	5945	0	37911	2782	927	1442	4473	0	206
April 17, 2010 11:17:00 AM UTC	1271524620000	3	6	yes	59.5	162.4	23386	20815	13330	5893	0	37952	2802	949	1390	4484	0	159
April 17, 2010 11:18:00 AM UTC	1271524680000	3	5	yes	59.6	162.8	23386	20815	13335	5847	0	37993	2824	931	1318	4495	1	179
April 17, 2010 11:19:00 AM UTC	1271524740000	2	5	yes	59.6	163.3	23386	20815	13339	5826	0	38010	2825	911	1353	4504	0	100
April 17, 2010 11:20:00 AM UTC	1271524800000	3	5	yes	59.7	163.8	23386	20815	13338	5889	0	37948	2805	928	1299	4499	0	116
April 17, 2010 11:21:00 AM UTC	1271524860000	3	6	yes	59.7	164.2	23386	20815	13329	5934	0	37912	2784	921	1369	4485	0	209
April 17, 2010 11:22:00 AM UTC	1271524920000	2	5	yes	59.8	164.7	23386	20815	13329	5935	0	37911	2783	911	1317	4482	0	152
April 17, 2010 11:23:00 AM UTC	1271524980000	2	5	yes	59.8	165.2	23386	20815	13329	5935	0	37911	2781	910	1394	4483	0	99
April 17, 2010 11:24:00 AM UTC	1271525040000	3	5	yes	59.9	165.7	23386	20815	13344	5870	0	37961	2811	924	1229	4498	0	200
April 17, 2010 11:25:00 AM UTC	1271525100000	3	5	yes	59.9	166.2	23386	20815	13333	5835	0	38007	2832	940	1398	4494	0	126
April 17, 2010 11:26:00 AM UTC	1271525160000	2	5	yes	60.0	166.6	23386	20815	13333	5904	0	37938	2801	896	1336	4488	0	178
April 17, 2010 11:27:00 AM UTC	1271525220000	3	5	yes	60.0	167.1	23386	20815	13337	5862	0	37976	2816	946	1286	4495	0	214
April 17, 2010 11:28:00 AM UTC	1271525280000	3	5	yes	60.0	167.6	23386	20815	13337	5862	0	37976	2815	941	1295	4493	0	133
April 17, 2010 11:29:00 AM UTC	1271525340000	2	5	yes	60.1	168.1	23386	20815	13337	5862	0	37976	2817	893	1310	4497	0	193
April 17, 2010 11:30:00 AM UTC	1271525400000	3	6	yes	60.1	168.6	23386	20815	13337	5861	0	37977	2812	934	1386	4504	0	173
April 17, 2010 11:31:00 AM UTC	1271525460000	2	5	yes	60.2	169.1	23386	20815	13334	5932	0	37909	2770	893	1334	4493	0	64
April 17, 2010 11:32:00 AM UTC	1271525520000	2	6	yes	60.2	169.6	23386	20815	13320	6000	0	37855	2758	812	1434	4470	0	212
April 17, 2010 11:33:00 AM UTC	1271525580000	2	5	yes	60.2	170.1	23386	20815	13321	5988	0	37866	2752	853	1324	4479	0	142
April 17, 2010 11:34:00 AM UTC	1271525640000	2	5	yes	60.3	170.5	23386	20815	13338	5839	0	37998	2833	929	1336	4505	0	119
April 17, 2010 11:35:00 AM UTC	1271525700000	2	5	yes	60.3	171.0	23386	20815	13340	5829	0	38006	2831	909	1341	4511	0	131
April 17, 2010 11:36:00 AM UTC	1271525760000	2	6	yes	60.3	171.5	23386	20815	13327	5871	0	37977	2812	784	1375	4490	0	172
April 17, 2010 11:37:00 AM UTC	1271525820000	2	5	yes	60.4	172.0	23386	20815	13324	5947	0	37904	2769	801	1356	4479	0	97
April 17, 2010 11:38:00 AM UTC	1271525880000	2	5	yes	60.4	172.5	23386	20815	13340	5873	0	37962	2803	814	1425	4501	0	76
April 17, 2010 11:39:00 AM UTC	1271525940000	2	6	yes	60.4	173.0	23386	20815	13325	5942	0	37908	2784	784	1444	4482	0	128
April 17, 2010 11:40:00 AM UTC	1271526000000	2	6	yes	60.4	173.5	23386	20815	13325	5942	0	37908	2776	800	1408	4484	0	176
April 17, 2010 11:41:00 AM UTC	1271526060000	2	6	yes	60.4	174.0	23386	20815	13324	5942	0	37909	2781	807	1455	4483	0	280
April 17, 2010 11:42:00 AM UTC	1271526120000	2	6	yes	60.5	174.5	23386	20815	13324	5928	0	37923	2786	768	1589	4486	0	133
April 17, 2010 11:43:00 AM UTC	1271526180000	2	6	yes	60.5	175.0	23386	20815	13325	5833	0	38017	2830	804	1496	4497	0	168
April 17, 2010 11:44:00 AM UTC	1271526240000	2	6	yes	60.5	175.5	23386	20815	13324	5918	0	37933	2792	832	1470	4487	0	157
April 17, 2010 11:45:00 AM UTC	1271526300000	2	6	yes	60.5	176.0	23386	20815	13337	5853	0	37985	2816	814	1546	4509	0	99
April 17, 2010 11:46:00 AM UTC	1271526360000	2	6	yes	60.5	176.5	23386	20815	13324	5914	0	37937	2792	778	1531	4490	0	250
April 17, 2010 11:47:00 AM UTC	1271526420000	2	6	yes	60.5	177.0	23386	20815	13324	5914	0	37937	2787	808	1512	4491	0	105
April 17, 2010 11:48:00 AM UTC	1271526480000	2	5	yes	60.5	177.5	23386	20815	13325	5913	0	37937	2793	879	1290	4492	0	235
April 17, 2010 11:49:00 AM UTC	1271526540000	2	6	yes	60.6	178.0	23386	20815	13326	5911	0	37938	2794	831	1466	4491	0	137
April 17, 2010 11:50:00 AM UTC	1271526600000	2	6	yes	60.6	178.5	23386	20815	13327	5890	0	37958	2794	791	1441	4492	0	224
April 17, 2010 11:51:00 AM UTC	1271526660000	2	6	yes	60.6	179.0	23386	20815	13327	5888	0	37960	2796	802	1541	4493	0	190
April 17, 2010 11:52:00 AM UTC	1271526720000	2	6	yes	60.6	179.5	23386	20815	13327	5889	0	37959	2796	804	1338	4491	0	234
April 17, 2010 11:53:00 AM UTC	1271526780000	2	5	yes	60.6	180.0	23386	20815	13327	5889	0	37959	2797	787	1383	4495	0	117
April 17, 2010 11:54:00 AM UTC	1271526840000	2	6	yes	60.6	180.5	23386	20815	13327	5889	0	37959	2795	760	1419	4492	0	272
April 17, 2010 11:55:00 AM UTC	1271526900000	2	5	yes	60.6	181.0	23386	20815	13327	5888	0	37960	2796	743	1370	4493	0	119
April 17, 2010 11:56:00 AM UTC	1271526960000	2	6	yes	60.6	181.5	23386	20815	13327	5887	0	37961	2796	717	1519	4490	0	212
April 17, 2010 11:57:00 AM UTC	1271527020000	2	6	yes	60.6	182.0	23386	20815	13326	5909	0	37940	2792	768	1492	4491	44	240
April 17, 2010 11:58:00 AM UTC	1271527080000	2	5	yes	60.5	182.5	23386	20815	13341	5840	0	37994	2818	767	1493	4513	20	139
April 17, 2010 11:59:00 AM UTC	1271527140000	2	5	yes	60.5	183.0	23386	20815	13324	5912	0	37939	2789	804	1305	4491	0	267
April 17, 2010 12:00:00 PM UTC	1271527200000	2	6	yes	60.5	183.5	23386	20815	13324	5912	0	37939	2793	694	1475	4490	0	244
April 17, 2010 12:01:00 PM UTC	1271527260000	2	5	yes	60.5	184.0	23386	20815	13323	5917	0	37935	2785	790	1286	4489	0	164
April 17, 2010 12:02:00 PM UTC	1271527320000	2	6	yes	60.5	184.5	23386	20815	13324	5916	0	37935	2792	719	1488	4487	0	217
April 17, 2010 12:03:00 PM UTC	1271527380000	2	6	yes	60.5	185.0	23386	20815	13325	5834	0	38016	2826	856	1447	4497	0	270
April 17, 2010 12:04:00 PM UTC	1271527440000	2	5	yes	60.5	185.5	23386	20815	13322	5938	0	37915	2778	813	1421	4484	0	251
April 17, 2010 12:05:00 PM UTC	1271527500000	2	5	yes	60.5	186.0	23386	20815	13338	5869	0	37968	2810	803	1238	4505	0	216
April 17, 2010 12:06:00 PM UTC	1271527560000	2	6	yes	60.4	186.5	23386	20815	13325	5938	0	37912	2774	739	1673	4484	0	261
April 17, 2010 12:07:00 PM UTC	1271527620000	2	5	yes	60.4	187.0	23386	20815	13325	5938	0	37912	2782	809	1475	4481	0	106
April 17, 2010 12:08:00 PM UTC	1271527680000	2	5	yes	60.4	187.5	23386	20815	13340	5871	0	37964	2804	754	1507	4500	0	149
April 17, 2010 12:09:00 PM UTC	1271527740000	2	5	yes	60.4	188.0	23386	20815	13324	5944	0	37907	2770	760	1433	4477	3	120
April 17, 2010 12:10:00 PM UTC	1271527800000	2	5	yes	60.3	188.5	23386	20815	13327	5865	0	37983	2812	781	1483	4490	0	143
April 17, 2010 12:11:00 PM UTC	1271527860000	2	5	yes	60.3	188.9	23386	20815	13340	5799	0	38036	2839	839	1476	4511	0	200
April 17, 2010 12:12:00 PM UTC	1271527920000	2	6	yes	60.3	189.4	23386	20815	13338	5836	0	38001	2832	766	1514	4504	0	297
April 17, 2010 12:13:00 PM UTC	1271527980000	2	5	yes	60.2	189.9	23386	20815	13321	5982	0	37872	2754	773	1482	4480	0	213
April 17, 2010 12:14:00 PM UTC	1271528040000	2	7	yes	60.2	190.4	23386	20815	13320	5993	0	37862	2759	758	1607	4470	0	201
April 17, 2010 12:15:00 PM UTC	1271528100000	2	6	yes	60.2	190.9	23386	20815	13334	5929	0	37912	2772	757	1567	4492	0	305
April 17, 2010 12:16:00 PM UTC	1271528160000	2	7	yes	60.1	191.4	23386	20815	13337	5854	0	37984	2813	820	1612	4503	0	271
April 17, 2010 12:17:00 PM UTC	1271528220000	2	7	yes	60.1	191.9	23386	20815	13337	5855	0	37983	2817	802	1647	4499	0	216
April 17, 2010 12:18:00 PM UTC	1271528280000	2	6	yes	60.1	192.4	23386	20815	13337	5855	0	37983	2817	853	1468	4494	0	336
April 17, 2010 12:19:00 PM UTC	1271528340000	2	7	yes	60.0	192.9	23386	20815	13337	5855	0	37983	2815	843	1658	4494	0	276
April 17, 2010 12:20:00 PM UTC	1271528400000	2	6	yes	60.0	193.3	23386	20815	13333	5901	0	37941	2803	803	1639	4488	0	248
April 17, 2010 12:21:00 PM UTC	1271528460000	2	6	yes	59.9	193.8	23386	20815	13329	5923	0	37923	2784	820	1573	4481	0	266
April 17, 2010 12:22:00 PM UTC	1271528520000	2	6	yes	59.9	194.3	23386	20815	13344	5866	0	37965	2811	890	1542	4499	0	304
April 17, 2010 12:23:00 PM UTC	1271528580000	2	6	yes	59.8	194.8	23386	20815	13329	5931	0	37915	2778	815	1625	4483	0	245
April 17, 2010 12:24:00 PM UTC	1271528640000	2	7	yes	59.8	195.3	23386	20815	13329	5931	0	37915	2786	859	1646	4482	0	365
April 17, 2010 12:25:00 PM UTC	1271528700000	2	7	yes	59.7	195.7	23386	20815	13329	5930	0	37916	2784	836	1676	4486	0	191
April 17, 2010 12:26:00 PM UTC	1271528760000	2	7	yes	59.7	196.2	23386	20815	13338	5885	0	37952	2805	884	1712	4500	0	302
April 17, 2010 12:27:00 PM UTC	1271528820000	2	7	yes	59.6	196.7	23386	20815	13339	5822	0	38014	2829	873	1691	4505	0	264
April 17, 2010 12:28:00 PM UTC	1271528880000	2	7	yes	59.6	197.2	23386	20815	13335	5843	0	37997	2823	864	1673	4495	0	262
April 17, 2010 12:29:00 PM UTC	1271528940000	2	7	yes	59.5	197.6	23386	20815	13330	5888	0	37957	2802	795	1724	4484	0	240
April 17, 2010 12:30:00 PM UTC	1271529000000	2	7	yes	59.5	198.1	23386	20815	13319	5943	0	37913	2779	865	1686	4472	0	301
April 17, 2010 12:31:00 PM UTC	1271529060000	2	7	yes	59.4	198.6	23386	20815	13335	5878	0	37962	2814	835	1774	4493	0	421
April 17, 2010 12:32:00 PM UTC	1271529120000	2	7	yes	59.3	199.0	23386	20815	13329	5915	0	37931	2787	885	1642	4484	0	244
April 17, 2010 12:33:00 PM UTC	1271529180000	2	8	yes	59.3	199.5	23386	20815	13328	5924	0	37923	2784	929	1673	4485	1	502
April 17, 2010 12:34:00 PM UTC	1271529240000	3	7	yes	59.2	200.0	23386	20815	13329	5924	0	37922	2784	949	1692	4482	0	416
April 17, 2010 12:35:00 PM UTC	1271529300000	2	7	yes	59.1	200.4	23386	20815	13329	5924	0	37922	2784	895	1592	4485	0	457
April 17, 2010 12:36:00 PM UTC	1271529360000	2	8	yes	59.1	200.9	23386	20815	13338	5872	0	37965	2806	882	1655	4497	0	511
April 17, 2010 12:37:00 PM UTC	1271529420000	2	7	yes	59.0	201.4	23386	20815	13343	5861	0	37971	2813	892	1647	4501	0	486
April 17, 2010 12:38:00 PM UTC	1271529480000	2	7	yes	58.9	201.8	23386	20815	13336	5904	0	37935	2790	850	1718	4493	0	473
April 17, 2010 12:39:00 PM UTC	1271529540000	3	8	yes	58.9	202.3	23386	20815	13338	5834	0	38003	2822	1013	1676	4500	0	550
April 17, 2010 12:40:00 PM UTC	1271529600000	3	8	yes	58.8	202.7	23386	20815	13332	5859	0	37984	2816	964	1751	4491	0	533
April 17, 2010 12:41:00 PM UTC	1271529660000	3	7	yes	58.7	203.2	23386	20815	13337	5876	0	37962	2809	973	1655	4497	0	445
April 17, 2010 12:42:00 PM UTC	1271529720000	3	8	yes	58.6	203.6	23386	20815	13345	5841	0	37989	2831	1078	1618	4505	0	469
April 17, 2010 12:43:00 PM UTC	1271529780000	3	8	yes	58.6	204.1	23386	20815	13324	5932	0	37919	2789	1041	1625	4478	0	520
April 17, 2010 12:44:00 PM UTC	1271529840000	3	9	yes	58.5	204.5	23386	20815	13333	5857	0	37985	2820	1018	1716	4491	0	724
April 17, 2010 12:45:00 PM UTC	1271529900000	3	8	yes	58.4	205.0	23386	20815	13323	5884	0	37968	2801	1092	1588	4483	0	625
April 17, 2010 12:46:00 PM UTC	1271529960000	3	8	yes	58.3	205.4	23386	20815	13338	5826	0	38011	2834	1018	1746	4496	0	700
April 17, 2010 12:47:00 PM UTC	1271530020000	3	8	yes	58.2	205.8	23386	20815	13338	5826	0	38011	2836	1149	1583	4495	0	509
April 17, 2010 12:48:00 PM UTC	1271530080000	3	8	yes	58.2	206.3	23386	20815	13330	5934	0	37911	2788	1131	1502	4477	0	555
April 17, 2010 12:49:00 PM UTC	1271530140000	3	8	yes	58.1	206.7	23386	20815	13335	5902	0	37938	2790	1042	1618	4488	0	516
April 17, 2010 12:50:00 PM UTC	1271530200000	3	8	yes	58.0	207.1	23386	20815	13330	5886	0	37959	2803	1074	1598	4480	0	624
April 17, 2010 12:51:00 PM UTC	1271530260000	3	8	yes	57.9	207.6	23386	20815	13330	5886	0	37959	2797	1129	1565	4483	0	734
April 17, 2010 12:52:00 PM UTC	1271530320000	3	8	yes	57.8	208.0	23386	20815	13330	5886	0	37959	2800	1151	1492	4481	1	807
April 17, 2010 12:53:00 PM UTC	1271530380000	3	8	yes	57.7	208.4	23386	20815	13322	5919	0	37934	2780	1100	1623	4470	0	640
April 17, 2010 12:54:00 PM UTC	1271530440000	3	9	yes	57.6	208.9	23386	20815	13342	5834	0	37999	2817	1110	1632	4491	0	888
April 17, 2010 12:55:00 PM UTC	1271530500000	3	9	yes	57.5	209.3	23386	20815	13333	5892	0	37950	2795	1127	1547	4481	0	913
April 17, 2010 12:56:00 PM UTC	1271530560000	3	9	yes	57.4	209.7	23386	20815	13330	5864	0	37981	2813	1277	1508	4474	2	781
April 17, 2010 12:57:00 PM UTC	1271530620000	3	9	yes	57.3	210.1	23386	20815	13337	5874	0	37964	2811	1137	1647	4475	0	767
April 17, 2010 12:58:00 PM UTC	1271530680000	3	9	yes	57.3	210.6	23386	20815	13327	5913	0	37935	2798	1139	1598	4464	0	1007
April 17, 2010 12:59:00 PM UTC	1271530740000	3	9	yes	57.2	211.0	23386	20815	13349	5818	0	38008	2839	1265	1549	4487	1	912
April 17, 2010 1:00:00 PM UTC	1271530800000	3	9	yes	57.1	211.4	23386	20815	13340	5856	0	37979	2825	1210	1585	4474	0	1010
April 17, 2010 1:01:00 PM UTC	1271530860000	3	9	yes	57.0	211.8	23386	20815	13331	5919	0	37925	2781	1178	1588	4455	0	981
April 17, 2010 1:02:00 PM UTC	1271530920000	3	9	yes	56.9	212.2	23386	20815	13342	5824	0	38009	2837	1256	1568	4465	0	896
April 17, 2010 1:03:00 PM UTC	1271530980000	3	9	yes	56.8	212.6	23386	20815	13332	5862	0	37981	2817	1308	1485	4454	0	889
April 17, 2010 1:04:00 PM UTC	1271531040000	3	10	yes	56.6	213.0	23386	20815	13333	5862	0	37980	2813	1270	1513	4450	0	1072
April 17, 2010 1:05:00 PM UTC	1271531100000	3	10	yes	56.5	213.4	23386	20815	13321	5919	0	37935	2793	1235	1516	4432	0	1282
April 17, 2010 1:06:00 PM UTC	1271531160000	3	10	yes	56.4	213.8	23386	20815	13333	5862	0	37980	2817	1262	1534	4441	13	1163
April 17, 2010 1:07:00 PM UTC	1271531220000	3	10	yes	56.3	214.2	23386	20815	13322	5932	0	37921	2782	1217	1547	4422	0	1271
April 17, 2010 1:08:00 PM UTC	1271531280000	4	11	yes	56.2	214.6	23386	20815	13332	5835	0	38008	2826	1383	1423	4442	0	1479
April 17, 2010 1:09:00 PM UTC	1271531340000	4	11	yes	56.1	215.0	23386	20815	13324	5875	0	37976	2816	1392	1405	4436	3	1390
April 17, 2010 1:10:00 PM UTC	1271531400000	4	10	yes	56.0	215.4	23386	20815	13336	5820	0	38019	2830	1570	1247	4429	0	1473
April 17, 2010 1:11:00 PM UTC	1271531460000	4	10	yes	55.9	215.8	23386	20815	13336	5820	0	38019	2835	1528	1278	4437	0	1275
April 17, 2010 1:12:00 PM UTC	1271531520000	4	11	yes	55.8	216.2	23386	20815	13336	5819	0	38020	2834	1432	1330	4432	2	1623
April 17, 2010 1:13:00 PM UTC	1271531580000	4	11	yes	55.7	216.6	23386	20815	13327	5859	0	37989	2816	1519	1240	4412	0	1709
April 17, 2010 1:14:00 PM UTC	1271531640000	4	11	yes	55.6	217.0	23386	20815	13347	5743	0	38085	2863	1562	1256	4433	0	1908
April 17, 2010 1:15:00 PM UTC	1271531700000	4	11	yes	55.4	217.3	23386	20815	13338	5784	0	38053	2849	1593	1209	4418	1	1689
April 17, 2010 1:16:00 PM UTC	1271531760000	5	11	yes	55.3	217.7	23386	20815	13324	5840	0	38011	2821	1682	1100	4401	11	1745
April 17, 2010 1:17:00 PM UTC	1271531820000	5	11	yes	55.2	218.1	23386	20815	13326	5834	0	38015	2831	1744	1046	4394	2	1811
April 17, 2010 1:18:00 PM UTC	1271531880000	4	12	yes	55.1	218.5	23386	20815	13337	5784	0	38054	2857	1665	1152	4399	7	1858
April 17, 2010 1:19:00 PM UTC	1271531940000	5	12	yes	55.0	218.9	23386	20815	13328	5829	0	38018	2825	1717	1096	4387	6	1887
April 17, 2010 1:20:00 PM UTC	1271532000000	5	12	yes	54.8	219.2	23386	20815	13338	5768	0	38069	2866	1711	1128	4389	7	1947
April 17, 2010 1:21:00 PM UTC	1271532060000	5	12	yes	54.7	219.6	23386	20815	13340	5761	0	38074	2863	1732	1110	4383	14	1983
April 17, 2010 1:22:00 PM UTC	1271532120000	4	11	yes	54.6	220.0	23386	20815	13328	5813	0	38034	2843	1643	1165	4367	12	1882
April 17, 2010 1:23:00 PM UTC	1271532180000	5	12	yes	54.5	220.3	23386	20815	13328	5812	0	38035	2842	1708	1113	4359	6	1969
April 17, 2010 1:24:00 PM UTC	1271532240000	5	12	yes	54.4	220.7	23386	20815	13340	5761	0	38074	2858	1704	1137	4368	6	2139
April 17, 2010 1:25:00 PM UTC	1271532300000	5	11	yes	54.2	221.1	23386	20815	13328	5871	0	37976	2813	1766	1039	4348	14	2038
April 17, 2010 1:26:00 PM UTC	1271532360000	4	11	yes	54.1	221.4	23386	20815	13340	5779	0	38056	2864	1646	1171	4357	7	2035
April 17, 2010 1:27:00 PM UTC	1271532420000	5	12	yes	54.0	221.8	23386	20815	13328	5867	0	37980	2813	1717	1070	4337	7	2136
April 17, 2010 1:28:00 PM UTC	1271532480000	4	13	yes	53.8	222.1	23386	20815	13328	5867	0	37980	2818	1696	1119	4331	6	2410
April 17, 2010 1:29:00 PM UTC	1271532540000	5	12	yes	53.7	222.5	23386	20815	13328	5865	0	37982	2815	1704	1076	4323	7	2169
April 17, 2010 1:29:58 PM UTC	1271532598000	5	12	yes	53.6	222.8	23386	20815	13341	5878	0	37956	2824	1760	1055	4313	12	2244
April 17, 2010 1:31:00 PM UTC	1271532660000	5	13	yes	53.5	223.2	23386	20815	13316	5976	0	37883	2766	1704	1046	4291	9	2375
April 17, 2010 1:32:00 PM UTC	1271532720000	5	13	yes	53.3	223.5	23386	20815	13328	5928	0	37919	2791	1779	984	4301	10	2582
April 17, 2010 1:33:00 PM UTC	1271532780000	5	14	yes	53.2	223.9	23386	20815	13328	5878	0	37969	2817	1709	1096	4285	11	2510
April 17, 2010 1:34:00 PM UTC	1271532840000	5	13	yes	53.1	224.2	23386	20815	13341	5874	0	37960	2818	1853	958	4297	7	2397
April 17, 2010 1:35:00 PM UTC	1271532900000	5	14	yes	52.9	224.6	23386	20815	13316	5972	0	37887	2768	1695	1068	4259	8	2379
April 17, 2010 1:36:00 PM UTC	1271532960000	5	13	yes	52.8	224.9	23386	20815	13341	5799	0	38035	2855	1747	1076	4270	20	2434
April 17, 2010 1:37:00 PM UTC	1271533020000	5	13	yes	52.7	225.3	23386	20815	13328	5848	0	37999	2823	1779	1021	4260	0	2537
April 17, 2010 1:38:00 PM UTC	1271533080000	5	13	yes	52.5	225.6	23386	20815	13318	5898	0	37959	2801	1743	1029	4234	7	2482
April 17, 2010 1:39:00 PM UTC	1271533140000	6	12	yes	52.4	225.9	23386	20815	13329	5848	0	37998	2825	1992	811	4239	108	2206
April 17, 2010 1:40:00 PM UTC	1271533200000	6	13	yes	52.2	226.3	23386	20815	13329	5814	0	38032	2843	2018	808	4239	147	2292
April 17, 2010 1:41:00 PM UTC	1271533260000	6	12	yes	52.1	226.6	23386	20815	13316	5914	0	37945	2795	1973	805	4215	136	2334
April 17, 2010 1:42:00 PM UTC	1271533320000	6	13	yes	52.0	226.9	23386	20815	13329	5863	0	37983	2818	1997	808	4220	109	2435
April 17, 2010 1:43:00 PM UTC	1271533380000	6	12	yes	51.8	227.2	23386	20815	13339	5816	0	38020	2850	2079	756	4215	150	2407
April 17, 2010 1:44:00 PM UTC	1271533440000	6	12	yes	51.7	227.6	23386	20815	13316	5915	0	37944	2793	2013	765	4190	190	2210
April 17, 2010 1:45:00 PM UTC	1271533500000	6	13	yes	51.5	227.9	23386	20815	13339	5818	0	38018	2845	2071	755	4198	132	2551
April 17, 2010 1:46:00 PM UTC	1271533560000	6	13	yes	51.4	228.2	23386	20815	13327	5870	0	37978	2824	2059	759	4174	198	2575
April 17, 2010 1:47:00 PM UTC	1271533620000	6	13	yes	51.3	228.5	23386	20815	13328	5832	0	38015	2846	2106	733	4169	244	2559
April 17, 2010 1:48:00 PM UTC	1271533680000	6	12	yes	51.1	228.9	23386	20815	13326	5882	0	37967	2821	2052	761	4158	218	2423
April 17, 2010 1:49:00 PM UTC	1271533740000	6	13	yes	51.0	229.2	23386	20815	13335	5848	0	37992	2843	2074	752	4149	201	2642
April 17, 2010 1:50:00 PM UTC	1271533800000	6	13	yes	50.8	229.5	23386	20815	13314	5936	0	37925	2796	2038	758	4131	190	2642
April 17, 2010 1:51:00 PM UTC	1271533860000	6	14	yes	50.7	229.8	23386	20815	13335	5840	0	38000	2844	2070	754	4133	181	2730
April 17, 2010 1:52:00 PM UTC	1271533920000	6	13	yes	50.5	230.1	23386	20815	13324	5894	0	37957	2813	2039	739	4120	204	2461
April 17, 2010 1:53:00 PM UTC	1271533980000	6	13	yes	50.4	230.4	23386	20815	13324	5893	0	37958	2808	2055	749	4111	192	2522
April 17, 2010 1:54:00 PM UTC	1271534040000	6	14	yes	50.2	230.7	23386	20815	13334	5850	0	37991	2833	2045	779	4106	198	2715
April 17, 2010 1:55:00 PM UTC	1271534100000	6	13	yes	50.1	231.0	23386	20815	13326	5860	0	37989	2835	2132	696	4091	185	2588
April 17, 2010 1:56:00 PM UTC	1271534160000	6	14	yes	49.9	231.3	23386	20815	13332	5875	0	37968	2829	2097	718	4084	213	2625
April 17, 2010 1:57:00 PM UTC	1271534220000	6	13	yes	49.8	231.6	23386	20815	13322	5913	0	37940	2816	2147	669	4059	227	2470
April 17, 2010 1:58:00 PM UTC	1271534280000	7	14	yes	49.6	231.9	23386	20815	13334	5802	0	38039	2866	2172	686	4061	249	2838
April 17, 2010 1:59:00 PM UTC	1271534340000	6	14	yes	49.5	232.2	23386	20815	13320	5857	0	37998	2835	2088	740	4040	245	2613
April 17, 2010 2:00:00 PM UTC	1271534400000	7	15	yes	49.3	232.5	23386	20815	13334	5802	0	38039	2862	2135	716	4038	293	2687
April 17, 2010 2:01:00 PM UTC	1271534460000	7	13	yes	49.2	232.8	23386	20815	13321	5863	0	37991	2828	2214	612	4020	341	2380
April 17, 2010 2:02:00 PM UTC	1271534520000	7	14	yes	49.0	233.1	23386	20815	13335	5772	0	38068	2890	2243	642	4018	344	2532
April 17, 2010 2:03:00 PM UTC	1271534580000	7	14	yes	48.9	233.4	23386	20815	13333	5786	0	38056	2877	2219	658	4007	450	2560
April 17, 2010 2:04:00 PM UTC	1271534640000	7	14	yes	48.7	233.7	23386	20815	13332	5787	0	38056	2874	2302	568	4001	446	2808
April 17, 2010 2:05:00 PM UTC	1271534700000	8	13	yes	48.6	234.0	23386	20815	13331	5841	0	38003	2849	2376	473	3976	684	2407
April 17, 2010 2:06:00 PM UTC	1271534760000	8	14	yes	48.4	234.3	23386	20815	13331	5841	0	38003	2852	2375	477	3972	714	2303
April 17, 2010 2:07:00 PM UTC	1271534820000	8	14	yes	48.3	234.6	23386	20815	13327	5859	0	37989	2834	2321	500	3947	677	2307
April 17, 2010 2:08:00 PM UTC	1271534880000	8	14	yes	48.1	234.9	23386	20815	13331	5841	0	38003	2861	2381	477	3946	688	2365
April 17, 2010 2:09:00 PM UTC	1271534940000	8	14	yes	48.0	235.1	23386	20815	13326	5860	0	37989	2848	2379	469	3917	731	2340
April 17, 2010 2:10:00 PM UTC	1271535000000	8	15	yes	47.8	235.4	23386	20815	13316	5896	0	37963	2827	2329	498	3915	758	2595
April 17, 2010 2:11:00 PM UTC	1271535060000	9	14	yes	47.6	235.7	23386	20815	13341	5775	0	38059	2897	2453	444	3904	914	2212
April 17, 2010 2:12:00 PM UTC	1271535120000	9	14	yes	47.5	236.0	23386	20815	13328	5831	0	38016	2861	2449	412	3896	916	2400
April 17, 2010 2:13:00 PM UTC	1271535180000	9	14	yes	47.3	236.3	23386	20815	13339	5835	0	38001	2869	2478	391	3882	923	2279
April 17, 2010 2:14:00 PM UTC	1271535240000	10	14	yes	47.2	236.5	23386	20815	13326	5894	0	37955	2835	2520	315	3868	953	2243
April 17, 2010 2:15:00 PM UTC	1271535300000	10	14	yes	47.0	236.8	23386	20815	13326	5894	0	37955	2835	2506	329	3855	949	2470
April 17, 2010 2:16:00 PM UTC	1271535360000	10	14	yes	46.8	237.1	23386	20815	13326	5893	0	37956	2841	2524	317	3838	1031	2415
April 17, 2010 2:17:00 PM UTC	1271535420000	10	13	yes	46.7	237.4	23386	20815	13326	5893	0	37956	2844	2551	293	3824	1042	2230
April 17, 2010 2:18:00 PM UTC	1271535480000	10	13	yes	46.5	237.6	23386	20815	13322	5917	0	37936	2831	2555	276	3807	1099	2244
April 17, 2010 2:19:00 PM UTC	1271535540000	10	13	yes	46.4	237.9	23386	20815	13336	5832	0	38007	2881	2585	296	3805	1116	2206
April 17, 2010 2:20:00 PM UTC	1271535600000	11	13	yes	46.2	238.2	23386	20815	13321	5891	0	37963	2856	2620	236	3781	1216	2181
April 17, 2010 2:21:00 PM UTC	1271535660000	11	12	yes	46.0	238.4	23386	20815	13336	5831	0	38008	2878	2630	248	3783	1214	2071
April 17, 2010 2:22:00 PM UTC	1271535720000	11	12	yes	45.9	238.7	23386	20815	13330	5855	0	37990	2862	2638	224	3767	1298	1975
April 17, 2010 2:23:00 PM UTC	1271535780000	11	12	yes	45.7	239.0	23386	20815	13321	5952	0	37902	2814	2614	200	3751	1330	2008
April 17, 2010 2:24:00 PM UTC	1271535840000	11	12	yes	45.5	239.2	23386	20815	13321	5952	0	37902	2818	2617	201	3736	1255	2029
April 17, 2010 2:25:00 PM UTC	1271535900000	11	13	yes	45.4	239.5	23386	20815	13329	5859	0	37987	2863	2651	212	3720	1311	2022
April 17, 2010 2:26:00 PM UTC	1271535960000	11	12	yes	45.2	239.7	23386	20815	13329	5859	0	37987	2859	2645	214	3705	1288	2020
April 17, 2010 2:27:00 PM UTC	1271536020000	11	12	yes	45.1	240.0	23386	20815	13329	5858	0	37988	2860	2636	224	3697	1325	1935
April 17, 2010 2:28:00 PM UTC	1271536080000	11	13	yes	44.9	240.2	23386	20815	13330	5841	0	38004	2875	2683	192	3679	1301	2034
April 17, 2010 2:29:00 PM UTC	1271536140000	11	12	yes	44.7	240.5	23386	20815	13330	5841	0	38004	2880	2684	196	3666	1309	2006
April 17, 2010 2:30:00 PM UTC	1271536200000	11	11	yes	44.6	240.8	23386	20815	13337	5807	0	38031	2888	2703	185	3662	1378	1845
April 17, 2010 2:31:00 PM UTC	1271536260000	11	12	yes	44.4	241.0	23386	20815	13329	5840	0	38006	2878	2663	215	3643	1369	1822
April 17, 2010 2:32:00 PM UTC	1271536320000	11	11	yes	44.2	241.3	23386	20815	13338	5808	0	38029	2893	2699	194	3630	1360	1814
April 17, 2010 2:33:00 PM UTC	1271536380000	12	10	yes	44.0	241.5	23386	20815	13322	5933	0	37920	2828	2678	150	3612	1452	1738
April 17, 2010 2:34:00 PM UTC	1271536440000	12	11	yes	43.9	241.8	23386	20815	13336	5872	0	37967	2873	2711	160	3596	1406	1816
April 17, 2010 2:35:00 PM UTC	1271536500000	12	10	yes	43.7	242.0	23386	20815	13322	5933	0	37920	2835	2682	153	3579	1439	1666
April 17, 2010 2:36:00 PM UTC	1271536560000	12	11	yes	43.5	242.3	23386	20815	13338	5872	0	37965	2875	2723	152	3579	1437	1807
April 17, 2010 2:37:00 PM UTC	1271536620000	12	11	yes	43.4	242.5	23386	20815	13330	5866	0	37979	2874	2714	160	3554	1448	1805
April 17, 2010 2:38:00 PM UTC	1271536680000	12	10	yes	43.2	242.7	23386	20815	13338	5850	0	37987	2887	2747	140	3543	1474	1674
April 17, 2010 2:39:00 PM UTC	1271536740000	12	10	yes	43.0	243.0	23386	20815	13322	5912	0	37941	2844	2719	125	3530	1469	1644
April 17, 2010 2:40:00 PM UTC	1271536800000	12	10	yes	42.9	243.2	23386	20815	13330	5881	0	37964	2870	2723	147	3513	1436	1651
April 17, 2010 2:41:00 PM UTC	1271536860000	12	10	yes	42.7	243.5	23386	20815	13330	5881	0	37964	2872	2730	142	3497	1467	1627
April 17, 2010 2:42:00 PM UTC	1271536920000	12	10	yes	42.5	243.7	23386	20815	13330	5881	0	37964	2869	2746	123	3483	1465	1564
April 17, 2010 2:43:00 PM UTC	1271536980000	12	10	yes	42.4	243.9	23386	20815	13335	5906	0	37934	2864	2745	119	3465	1455	1610
April 17, 2010 2:44:00 PM UTC	1271537040000	12	10	yes	42.2	244.2	23386	20815	13326	5944	0	37905	2850	2757	93	3451	1484	1612
April 17, 2010 2:45:00 PM UTC	1271537100000	12	9	yes	42.0	244.4	23386	20815	13326	5944	0	37905	2842	2734	108	3445	1512	1588
April 17, 2010 2:46:00 PM UTC	1271537160000	12	9	yes	41.8	244.7	23386	20815	13338	5843	0	37994	2903	2824	79	3420	1541	1493
April 17, 2010 2:47:00 PM UTC	1271537220000	12	9	yes	41.7	244.9	23386	20815	13322	5906	0	37947	2849	2740	109	3411	1521	1463
April 17, 2010 2:48:00 PM UTC	1271537280000	12	9	yes	41.5	245.1	23386	20815	13338	5827	0	38010	2903	2795	108	3397	1524	1451
April 17, 2010 2:49:00 PM UTC	1271537340000	12	9	yes	41.3	245.4	23386	20815	13324	5891	0	37960	2870	2781	89	3374	1497	1534
April 17, 2010 2:50:00 PM UTC	1271537400000	12	9	yes	41.1	245.6	23386	20815	13337	5827	0	38011	2913	2823	90	3363	1540	1511
April 17, 2010 2:51:00 PM UTC	1271537460000	12	9	yes	41.0	245.8	23386	20815	13324	5890	0	37961	2874	2776	98	3348	1531	1508
April 17, 2010 2:52:00 PM UTC	1271537520000	12	9	yes	40.8	246.0	23386	20815	13345	5798	0	38032	2927	2818	109	3332	1476	1624
April 17, 2010 2:53:00 PM UTC	1271537580000	12	9	yes	40.6	246.3	23386	20815	13329	5819	0	38027	2902	2784	118	3317	1427	1512
April 17, 2010 2:54:00 PM UTC	1271537640000	12	9	yes	40.4	246.5	23386	20815	13339	5774	0	38062	2915	2838	77	3311	1514	1392
April 17, 2010 2:55:00 PM UTC	1271537700000	12	9	yes	40.3	246.7	23386	20815	13321	5913	0	37941	2858	2770	88	3291	1496	1512
April 17, 2010 2:56:00 PM UTC	1271537760000	12	9	yes	40.1	246.9	23386	20815	13328	5882	0	37965	2869	2768	101	3274	1474	1526
April 17, 2010 2:57:00 PM UTC	1271537820000	12	9	yes	39.9	247.2	23386	20815	13328	5882	0	37965	2877	2791	86	3260	1463	1474
April 17, 2010 2:58:00 PM UTC	1271537880000	12	9	yes	39.7	247.4	23386	20815	13328	5880	0	37967	2882	2789	93	3242	1447	1463
April 17, 2010 2:59:00 PM UTC	1271537940000	12	9	yes	39.6	247.6	23386	20815	13335	5844	0	37996	2906	2851	55	3222	1455	1502
April 17, 2010 3:00:00 PM UTC	1271538000000	12	9	yes	39.4	247.8	23386	20815	13336	5844	0	37995	2904	2837	67	3212	1442	1481
April 17, 2010 3:01:00 PM UTC	1271538060000	12	9	yes	39.2	248.1	23386	20815	13330	5871	0	37974	2883	2800	83	3198	1435	1476
April 17, 2010 3:02:00 PM UTC	1271538120000	12	9	yes	39.0	248.3	23386	20815	13329	5869	0	37977	2897	2821	76	3178	1534	1362
April 17, 2010 3:03:00 PM UTC	1271538180000	12	10	yes	38.9	248.5	23386	20815	13335	5844	0	37996	2916	2843	73	3163	1404	1528
April 17, 2010 3:04:00 PM UTC	1271538240000	12	9	yes	38.7	248.7	23386	20815	13335	5844	0	37996	2909	2877	32	3151	1458	1473
April 17, 2010 3:05:00 PM UTC	1271538300000	13	9	yes	38.5	248.9	23386	20815	13335	5844	0	37996	2905	2868	37	3136	1535	1403
April 17, 2010 3:06:00 PM UTC	1271538360000	13	9	yes	38.3	249.1	23386	20815	13341	5819	0	38015	2921	2890	31	3120	1481	1436
April 17, 2010 3:07:00 PM UTC	1271538420000	13	9	yes	38.1	249.4	23386	20815	13339	5888	0	37948	2897	2862	35	3107	1478	1453
April 17, 2010 3:08:00 PM UTC	1271538480000	12	9	yes	38.0	249.6	23386	20815	13333	5914	0	37928	2882	2837	45	3092	1458	1409
April 17, 2010 3:09:00 PM UTC	1271538540000	12	9	yes	37.8	249.8	23386	20815	13333	5914	0	37928	2874	2831	43	3084	1479	1358
April 17, 2010 3:10:00 PM UTC	1271538600000	12	8	yes	37.6	250.0	23386	20815	13325	5955	0	37895	2855	2818	37	3068	1441	1353
April 17, 2010 3:11:00 PM UTC	1271538660000	12	9	yes	37.4	250.2	23386	20815	13325	5945	0	37905	2856	2807	49	3056	1447	1424
April 17, 2010 3:12:00 PM UTC	1271538720000	12	8	yes	37.2	250.4	23386	20815	13325	5945	0	37905	2854	2813	41	3044	1456	1360
April 17, 2010 3:13:00 PM UTC	1271538780000	12	8	yes	37.1	250.6	23386	20815	13325	5945	0	37905	2850	2819	31	3032	1445	1335
April 17, 2010 3:14:00 PM UTC	1271538840000	12	8	yes	36.9	250.8	23386	20815	13331	5923	0	37921	2862	2838	24	3023	1432	1322
April 17, 2010 3:15:00 PM UTC	1271538900000	12	8	yes	36.7	251.0	23386	20815	13331	5920	0	37924	2861	2830	31	3014	1457	1430
April 17, 2010 3:16:00 PM UTC	1271538960000	13	9	yes	36.5	251.3	23386	20815	13326	5942	0	37907	2837	2818	19	3000	1478	1401
April 17, 2010 3:17:00 PM UTC	1271539020000	13	8	yes	36.3	251.5	23386	20815	13328	5865	0	37982	2859	2843	16	2990	1514	1258
April 17, 2010 3:18:00 PM UTC	1271539080000	13	8	yes	36.2	251.7	23386	20815	13328	5826	0	38021	2861	2842	19	2979	1480	1348
April 17, 2010 3:19:00 PM UTC	1271539140000	13	8	yes	36.0	251.9	23386	20815	13333	5804	0	38038	2873	2860	13	2968	1493	1281
April 17, 2010 3:20:00 PM UTC	1271539200000	13	8	yes	35.8	252.1	23386	20815	13330	5872	0	37973	2843	2820	23	2960	1456	1400
April 17, 2010 3:21:00 PM UTC	1271539260000	13	8	yes	35.6	252.3	23386	20815	13330	5871	0	37974	2829	2808	21	2954	1526	1323
April 17, 2010 3:22:00 PM UTC	1271539320000	13	8	yes	35.4	252.5	23386	20815	13330	5871	0	37974	2825	2805	20	2947	1492	1350
April 17, 2010 3:23:00 PM UTC	1271539380000	13	7	yes	35.2	252.7	23386	20815	13335	5850	0	37990	2840	2833	7	2934	1561	1166
April 17, 2010 3:24:00 PM UTC	1271539440000	13	8	yes	35.1	252.9	23386	20815	13335	5850	0	37990	2836	2825	11	2929	1577	1161
April 17, 2010 3:25:00 PM UTC	1271539500000	13	8	yes	34.9	253.1	23386	20815	13331	5870	0	37974	2817	2811	6	2921	1537	1218
April 17, 2010 3:26:00 PM UTC	1271539560000	13	8	yes	34.7	253.3	23386	20815	13331	5870	0	37974	2810	2803	7	2909	1534	1207
April 17, 2010 3:27:00 PM UTC	1271539620000	13	8	yes	34.5	253.5	23386	20815	13317	5938	0	37920	2761	2756	5	2905	1543	1272
April 17, 2010 3:28:00 PM UTC	1271539680000	13	8	yes	34.3	253.7	23386	20815	13336	5849	0	37990	2799	2796	3	2898	1514	1316
April 17, 2010 3:29:00 PM UTC	1271539740000	13	8	yes	34.1	253.9	23386	20815	13322	5915	0	37938	2754	2747	7	2893	1555	1203
April 17, 2010 3:30:00 PM UTC	1271539800000	13	8	yes	34.0	254.1	23386	20815	13337	5848	0	37990	2786	2777	9	2883	1567	1210
April 17, 2010 3:31:00 PM UTC	1271539860000	13	8	yes	33.8	254.3	23386	20815	13321	5914	0	37940	2746	2745	1	2877	1514	1272
April 17, 2010 3:32:00 PM UTC	1271539920000	13	8	yes	33.6	254.5	23386	20815	13336	5847	0	37992	2773	2773	0	2871	1537	1183
April 17, 2010 3:33:00 PM UTC	1271539980000	13	8	yes	33.4	254.7	23386	20815	13326	5896	0	37953	2729	2729	0	2869	1542	1225
April 17, 2010 3:34:00 PM UTC	1271540040000	13	8	yes	33.2	254.9	23386	20815	13338	5904	0	37933	2742	2740	2	2857	1560	1197
April 17, 2010 3:35:00 PM UTC	1271540100000	13	8	yes	33.0	255.0	23386	20815	13322	5971	0	37882	2697	2697	0	2855	1544	1210
April 17, 2010 3:36:00 PM UTC	1271540160000	13	8	yes	32.9	255.2	23386	20815	13336	5899	0	37940	2726	2726	0	2850	1563	1188
April 17, 2010 3:37:00 PM UTC	1271540220000	13	8	yes	32.7	255.4	23386	20815	13322	5968	0	37885	2684	2684	0	2841	1532	1216
April 17, 2010 3:38:00 PM UTC	1271540280000	13	8	yes	32.5	255.6	23386	20815	13322	5968	0	37885	2674	2674	0	2834	1596	1144
April 17, 2010 3:39:00 PM UTC	1271540340000	13	8	yes	32.3	255.8	23386	20815	13338	5900	0	37937	2699	2698	1	2832	1525	1210
April 17, 2010 3:40:00 PM UTC	1271540400000	13	8	yes	32.1	256.0	23386	20815	13323	5932	0	37920	2656	2656	0	2833	1576	1120
April 17, 2010 3:41:00 PM UTC	1271540460000	13	7	yes	31.9	256.2	23386	20815	13338	5864	0	37973	2689	2688	1	2822	1547	1129
April 17, 2010 3:42:00 PM UTC	1271540520000	13	8	yes	31.7	256.4	23386	20815	13324	5931	0	37920	2639	2639	0	2819	1561	1151
April 17, 2010 3:43:00 PM UTC	1271540580000	13	8	yes	31.6	256.6	23386	20815	13338	5863	0	37974	2665	2665	0	2815	1568	1158
April 17, 2010 3:44:00 PM UTC	1271540640000	13	8	yes	31.4	256.8	23386	20815	13328	5914	0	37933	2626	2626	0	2810	1575	1184
April 17, 2010 3:45:00 PM UTC	1271540700000	13	8	yes	31.2	256.9	23386	20815	13345	5769	0	38061	2676	2676	0	2805	1613	1076
April 17, 2010 3:46:00 PM UTC	1271540760000	13	8	yes	31.0	257.1	23386	20815	13331	5830	0	38014	2630	2630	0	2805	1559	1177
April 17, 2010 3:47:00 PM UTC	1271540820000	13	8	yes	30.8	257.3	23386	20815	13345	5769	0	38061	2653	2653	0	2805	1570	1141
April 17, 2010 3:48:00 PM UTC	1271540880000	13	7	yes	30.6	257.5	23386	20815	13330	5837	0	38008	2606	2605	1	2795	1610	992
April 17, 2010 3:49:00 PM UTC	1271540940000	13	8	yes	30.4	257.7	23386	20815	13330	5837	0	38008	2599	2598	1	2790	1579	1135
April 17, 2010 3:50:00 PM UTC	1271541000000	13	7	yes	30.3	257.9	23386	20815	13331	5900	0	37944	2565	2562	3	2793	1618	1038
April 17, 2010 3:51:00 PM UTC	1271541060000	13	8	yes	30.1	258.1	23386	20815	13331	5902	0	37942	2560	2560	0	2793	1566	1091
April 17, 2010 3:52:00 PM UTC	1271541120000	13	7	yes	29.9	258.2	23386	20815	13330	5901	0	37944	2552	2552	0	2786	1644	927
April 17, 2010 3:53:00 PM UTC	1271541180000	13	8	yes	29.7	258.4	23386	20815	13330	5901	0	37944	2538	2538	0	2784	1605	1013
April 17, 2010 3:54:00 PM UTC	1271541240000	13	7	yes	29.5	258.6	23386	20815	13330	5901	0	37944	2526	2526	0	2785	1592	1067
April 17, 2010 3:55:00 PM UTC	1271541300000	13	8	yes	29.3	258.8	23386	20815	13330	5901	0	37944	2518	2518	0	2779	1675	1009
April 17, 2010 3:56:00 PM UTC	1271541360000	13	8	yes	29.1	259.0	23386	20815	13333	5888	0	37954	2505	2505	0	2783	1631	1058
April 17, 2010 3:57:00 PM UTC	1271541420000	13	7	yes	28.9	259.2	23386	20815	13333	5887	0	37955	2497	2494	3	2777	1643	1033
April 17, 2010 3:58:00 PM UTC	1271541480000	13	8	yes	28.8	259.3	23386	20815	13330	5900	0	37945	2475	2472	3	2777	1670	990
April 17, 2010 3:59:00 PM UTC	1271541540000	13	8	yes	28.6	259.5	23386	20815	13330	5899	0	37946	2466	2466	0	2774	1749	943
April 17, 2010 4:00:00 PM UTC	1271541600000	13	8	yes	28.4	259.7	23386	20815	13330	5899	0	37946	2452	2452	0	2775	1729	991
April 17, 2010 4:01:00 PM UTC	1271541660000	13	7	yes	28.2	259.9	23386	20815	13330	5897	0	37948	2431	2431	0	2779	1719	947
April 17, 2010 4:02:00 PM UTC	1271541720000	13	8	yes	28.0	260.1	23386	20815	13330	5867	0	37978	2429	2429	0	2774	1740	967
April 17, 2010 4:03:00 PM UTC	1271541780000	13	8	yes	27.8	260.2	23386	20815	13333	5853	0	37989	2418	2417	1	2768	1762	922
April 17, 2010 4:04:00 PM UTC	1271541840000	13	8	yes	27.6	260.4	23386	20815	13333	5853	0	37989	2406	2406	0	2779	1758	932
April 17, 2010 4:05:00 PM UTC	1271541900000	13	8	yes	27.4	260.6	23386	20815	13317	5922	0	37936	2363	2363	0	2769	1739	983
April 17, 2010 4:06:00 PM UTC	1271541960000	13	8	yes	27.2	260.8	23386	20815	13332	5935	0	37908	2366	2366	0	2774	1758	947
April 17, 2010 4:07:00 PM UTC	1271542020000	13	8	yes	27.1	260.9	23386	20815	13332	5935	0	37908	2351	2351	0	2769	1770	926
April 17, 2010 4:08:00 PM UTC	1271542080000	13	7	yes	26.9	261.1	23386	20815	13331	5936	0	37908	2339	2339	0	2764	1812	903
April 17, 2010 4:09:00 PM UTC	1271542140000	13	8	yes	26.7	261.3	23386	20815	13331	5936	0	37908	2327	2327	0	2771	1768	923
April 17, 2010 4:10:00 PM UTC	1271542200000	13	8	yes	26.5	261.5	23386	20815	13333	5859	0	37983	2328	2328	0	2766	1790	935
April 17, 2010 4:11:00 PM UTC	1271542260000	13	8	yes	26.3	261.6	23386	20815	13336	5849	0	37990	2320	2320	0	2778	1862	885
April 17, 2010 4:12:00 PM UTC	1271542320000	13	8	yes	26.1	261.8	23386	20815	13320	5922	0	37933	2273	2273	0	2769	1896	820
April 17, 2010 4:13:00 PM UTC	1271542380000	13	8	yes	25.9	262.0	23386	20815	13336	5848	0	37991	2295	2295	0	2778	1847	899
April 17, 2010 4:14:00 PM UTC	1271542440000	13	8	yes	25.7	262.2	23386	20815	13322	5913	0	37940	2249	2249	0	2775	1857	885
April 17, 2010 4:15:00 PM UTC	1271542500000	13	7	yes	25.5	262.3	23386	20815	13336	5848	0	37991	2267	2266	1	2778	1955	771
April 17, 2010 4:16:00 PM UTC	1271542560000	14	8	yes	25.4	262.5	23386	20815	13336	5848	0	37991	2248	2248	0	2782	1923	804
April 17, 2010 4:17:00 PM UTC	1271542620000	13	8	yes	25.2	262.7	23386	20815	13336	5847	0	37992	2231	2231	0	2787	1915	824
April 17, 2010 4:18:00 PM UTC	1271542680000	13	8	yes	25.0	262.9	23386	20815	13336	5847	0	37992	2225	2225	0	2783	1949	817
April 17, 2010 4:19:00 PM UTC	1271542740000	13	8	yes	24.8	263.0	23386	20815	13321	5913	0	37941	2181	2181	0	2784	1940	813
April 17, 2010 4:20:00 PM UTC	1271542800000	13	8	yes	24.6	263.2	23386	20815	13338	5837	0	38000	2197	2197	0	2788	1946	816
April 17, 2010 4:21:00 PM UTC	1271542860000	13	8	yes	24.4	263.4	23386	20815	13322	5907	0	37946	2150	2150	0	2796	1963	791
April 17, 2010 4:22:00 PM UTC	1271542920000	13	8	yes	24.2	263.5	23386	20815	13338	5844	0	37993	2167	2164	3	2794	1956	821
April 17, 2010 4:23:00 PM UTC	1271542980000	13	8	yes	24.0	263.7	23386	20815	13338	5844	0	37993	2153	2150	3	2798	1929	826
April 17, 2010 4:24:00 PM UTC	1271543040000	13	8	yes	23.8	263.9	23386	20815	13320	5968	0	37887	2099	2099	0	2797	1962	803
April 17, 2010 4:25:00 PM UTC	1271543100000	13	7	yes	23.6	264.1	23386	20815	13336	5898	0	37941	2115	2115	0	2802	1956	832
April 17, 2010 4:26:00 PM UTC	1271543160000	13	7	yes	23.5	264.2	23386	20815	13321	5969	0	37885	2062	2062	0	2808	1977	810
April 17, 2010 4:27:00 PM UTC	1271543220000	13	8	yes	23.3	264.4	23386	20815	13337	5893	4	37941	2076	2072	0	2814	1963	825
April 17, 2010 4:28:00 PM UTC	1271543280000	13	8	yes	23.1	264.6	23386	20815	13321	5963	5	37886	2045	2040	0	2808	1950	851
April 17, 2010 4:29:00 PM UTC	1271543340000	13	8	yes	22.9	264.7	23386	20815	13337	5899	9	37930	2051	2041	1	2819	2030	772
April 17, 2010 4:30:00 PM UTC	1271543400000	13	8	yes	22.7	264.9	23386	20815	13338	5893	12	37932	2039	2027	0	2818	1996	796
April 17, 2010 4:31:00 PM UTC	1271543460000	13	8	yes	22.5	265.1	23386	20815	13321	5963	12	37879	1992	1980	0	2830	2032	783
April 17, 2010 4:32:00 PM UTC	1271543520000	13	8	yes	22.3	265.2	23386	20815	13337	5893	21	37924	2005	1984	0	2835	2032	771
April 17, 2010 4:33:00 PM UTC	1271543580000	13	8	yes	22.1	265.4	23386	20815	13321	5962	22	37870	1964	1942	0	2835	2029	769
April 17, 2010 4:34:00 PM UTC	1271543640000	14	8	yes	21.9	265.6	23386	20815	13339	5815	32	37989	1992	1960	0	2840	2150	684
April 17, 2010 4:35:00 PM UTC	1271543700000	14	8	yes	21.7	265.7	23386	20815	13326	5882	31	37936	1949	1918	0	2843	2091	748
April 17, 2010 4:36:00 PM UTC	1271543760000	14	8	yes	21.5	265.9	23386	20815	13326	5882	37	37930	1936	1899	0	2846	2174	660
April 17, 2010 4:37:00 PM UTC	1271543820000	14	8	yes	21.4	266.1	23386	20815	13339	5813	48	37975	1949	1899	2	2852	2149	680
April 17, 2010 4:38:00 PM UTC	1271543880000	14	8	yes	21.2	266.2	23386	20815	13323	5882	46	37924	1899	1853	0	2861	2189	659
April 17, 2010 4:39:00 PM UTC	1271543940000	14	8	yes	21.0	266.4	23386	20815	13339	5812	57	37967	1916	1858	1	2863	2220	632
April 17, 2010 4:40:00 PM UTC	1271544000000	14	8	yes	20.8	266.6	23386	20815	13323	5892	56	37904	1873	1817	0	2871	2182	688
April 17, 2010 4:41:00 PM UTC	1271544060000	14	8	yes	20.6	266.7	23386	20815	13339	5822	64	37950	1881	1817	0	2878	2181	695
April 17, 2010 4:42:00 PM UTC	1271544120000	13	8	yes	20.4	266.9	23386	20815	13340	5818	65	37952	1868	1803	0	2883	2209	670
April 17, 2010 4:43:00 PM UTC	1271544180000	14	8	yes	20.2	267.1	23386	20815	13325	5883	66	37901	1825	1759	0	2887	2217	670
April 17, 2010 4:44:00 PM UTC	1271544240000	14	9	yes	20.0	267.2	23386	20815	13338	5875	74	37888	1822	1748	0	2894	2241	652
April 17, 2010 4:45:00 PM UTC	1271544300000	13	9	yes	19.8	267.4	23386	20815	13322	5945	70	37838	1786	1716	0	2895	2239	656
April 17, 2010 4:46:00 PM UTC	1271544360000	14	8	yes	19.6	267.6	23386	20815	13336	5875	79	37885	1802	1723	0	2904	2257	644
April 17, 2010 4:47:00 PM UTC	1271544420000	13	9	yes	19.4	267.7	23386	20815	13321	5946	75	37833	1752	1677	0	2913	2265	648
April 17, 2010 4:48:00 PM UTC	1271544480000	13	9	yes	19.3	267.9	23386	20815	13321	5946	77	37831	1738	1661	0	2919	2218	700
April 17, 2010 4:49:00 PM UTC	1271544540000	13	9	yes	19.1	268.0	23386	20815	13335	5877	87	37876	1744	1655	2	2929	2255	661
April 17, 2010 4:50:00 PM UTC	1271544600000	13	9	yes	18.9	268.2	23386	20815	13321	5946	83	37825	1707	1624	0	2935	2260	675
April 17, 2010 4:51:00 PM UTC	1271544660000	14	9	yes	18.7	268.4	23386	20815	13339	5876	90	37870	1718	1628	0	2940	2344	592
April 17, 2010 4:52:00 PM UTC	1271544720000	13	9	yes	18.5	268.5	23386	20815	13321	5946	89	37819	1678	1589	0	2946	2338	605
April 17, 2010 4:53:00 PM UTC	1271544780000	14	9	yes	18.3	268.7	23386	20815	13321	5946	93	37815	1664	1571	0	2953	2373	575
April 17, 2010 4:54:00 PM UTC	1271544840000	14	9	yes	18.1	268.9	23386	20815	13339	5877	103	37856	1663	1560	0	2967	2379	586
April 17, 2010 4:55:00 PM UTC	1271544900000	14	10	yes	17.9	269.0	23386	20815	13321	5946	98	37810	1630	1532	0	2971	2423	548
April 17, 2010 4:56:00 PM UTC	1271544960000	14	9	yes	17.7	269.2	23386	20815	13340	5875	107	37853	1635	1528	0	2980	2384	589
April 17, 2010 4:57:00 PM UTC	1271545020000	13	9	yes	17.5	269.3	23386	20815	13322	5869	99	37885	1596	1497	0	2992	2377	614
April 17, 2010 4:58:00 PM UTC	1271545080000	13	10	yes	17.3	269.5	23386	20815	13322	5869	103	37881	1581	1478	0	2997	2391	598
April 17, 2010 4:59:00 PM UTC	1271545140000	14	9	yes	17.2	269.7	23386	20815	13340	5799	113	37923	1600	1487	0	3008	2478	520
April 17, 2010 5:00:00 PM UTC	1271545200000	14	10	yes	17.0	269.8	23386	20815	13340	5799	113	37923	1588	1475	0	3013	2437	566
April 17, 2010 5:01:00 PM UTC	1271545260000	13	10	yes	16.8	270.0	23386	20815	13340	5799	117	37919	1569	1452	0	3024	2446	576
April 17, 2010 5:02:00 PM UTC	1271545320000	14	10	yes	16.6	270.2	23386	20815	13322	5944	107	37802	1517	1410	0	3036	2492	535
April 17, 2010 5:03:00 PM UTC	1271545380000	14	10	yes	16.4	270.3	23386	20815	13322	5944	113	37796	1503	1390	0	3045	2513	530
April 17, 2010 5:04:00 PM UTC	1271545440000	14	10	yes	16.2	270.5	23386	20815	13322	5861	113	37879	1485	1372	0	3054	2512	542
April 17, 2010 5:05:00 PM UTC	1271545500000	14	10	yes	16.0	270.6	23386	20815	13322	5861	114	37878	1472	1358	0	3062	2520	540
April 17, 2010 5:06:00 PM UTC	1271545560000	14	10	yes	15.8	270.8	23386	20815	13340	5875	122	37838	1478	1356	0	3071	2544	521
April 17, 2010 5:07:00 PM UTC	1271545620000	14	10	yes	15.6	271.0	23386	20815	13321	5946	116	37792	1436	1320	0	3087	2529	558
April 17, 2010 5:08:00 PM UTC	1271545680000	14	10	yes	15.4	271.1	23386	20815	13339	5877	129	37830	1442	1313	0	3096	2553	539
April 17, 2010 5:09:00 PM UTC	1271545740000	14	10	yes	15.2	271.3	23386	20815	13321	5946	121	37787	1403	1282	0	3110	2584	526
April 17, 2010 5:10:00 PM UTC	1271545800000	14	10	yes	15.1	271.4	23386	20815	13321	5946	121	37787	1392	1271	0	3117	2598	519
April 17, 2010 5:11:00 PM UTC	1271545860000	14	10	yes	14.9	271.6	23386	20815	13339	5876	127	37833	1401	1274	0	3129	2591	534
April 17, 2010 5:12:00 PM UTC	1271545920000	14	10	yes	14.7	271.8	23386	20815	13321	5946	123	37785	1360	1237	0	3141	2663	475
April 17, 2010 5:13:00 PM UTC	1271545980000	14	11	yes	14.5	271.9	23386	20815	13335	5877	132	37831	1366	1234	0	3153	2617	534
April 17, 2010 5:14:00 PM UTC	1271546040000	14	11	yes	14.3	272.1	23386	20815	13321	5946	125	37783	1327	1202	0	3169	2699	470
April 17, 2010 5:15:00 PM UTC	1271546100000	14	11	yes	14.1	272.2	23386	20815	13321	5946	126	37782	1315	1189	0	3177	2678	499
April 17, 2010 5:16:00 PM UTC	1271546160000	14	11	yes	13.9	272.4	23386	20815	13336	5875	136	37828	1317	1180	1	3193	2707	486
April 17, 2010 5:17:00 PM UTC	1271546220000	14	11	yes	13.7	272.6	23386	20815	13322	5945	128	37780	1280	1152	0	3207	2729	478
April 17, 2010 5:18:00 PM UTC	1271546280000	14	11	yes	13.5	272.7	23386	20815	13338	5875	134	37828	1293	1159	0	3212	2735	477
April 17, 2010 5:19:00 PM UTC	1271546340000	14	11	yes	13.3	272.9	23386	20815	13325	5887	128	37835	1262	1134	0	3228	2792	436
April 17, 2010 5:20:00 PM UTC	1271546400000	14	11	yes	13.1	273.0	23386	20815	13324	5890	128	37833	1244	1116	0	3243	2754	489
April 17, 2010 5:21:00 PM UTC	1271546460000	14	11	yes	12.9	273.2	23386	20815	13340	5820	134	37881	1247	1113	0	3260	2793	467
April 17, 2010 5:22:00 PM UTC	1271546520000	14	12	yes	12.8	273.3	23386	20815	13323	5892	128	37832	1210	1082	0	3270	2832	438
April 17, 2010 5:23:00 PM UTC	1271546580000	14	12	yes	12.6	273.5	23386	20815	13339	5822	134	37880	1214	1080	0	3286	2857	429
April 17, 2010 5:24:00 PM UTC	1271546640000	14	12	yes	12.4	273.7	23386	20815	13339	5811	130	37895	1196	1065	1	3301	2881	419
April 17, 2010 5:25:00 PM UTC	1271546700000	14	11	yes	12.2	273.8	23386	20815	13323	5880	123	37849	1162	1039	0	3315	2906	409
April 17, 2010 5:26:00 PM UTC	1271546760000	14	12	yes	12.0	274.0	23386	20815	13339	5810	126	37900	1167	1040	1	3331	2894	437
April 17, 2010 5:27:00 PM UTC	1271546820000	14	12	yes	11.8	274.1	23386	20815	13326	5878	119	37852	1131	1012	0	3348	2925	421
April 17, 2010 5:28:00 PM UTC	1271546880000	14	12	yes	11.6	274.3	23386	20815	13339	5809	125	37902	1133	1008	0	3367	2944	421
April 17, 2010 5:29:00 PM UTC	1271546940000	13	13	yes	11.4	274.5	23386	20815	13339	5809	129	37898	1115	986	0	3384	2939	445
April 17, 2010 5:30:00 PM UTC	1271547000000	13	12	yes	11.2	274.6	23386	20815	13321	5963	119	37772	1082	963	0	3389	2926	447
April 17, 2010 5:31:00 PM UTC	1271547060000	13	11	yes	11.0	274.8	23386	20815	13337	5893	122	37823	1085	963	0	3409	2915	479
April 17, 2010 5:32:00 PM UTC	1271547120000	13	12	yes	10.9	274.9	23386	20815	13321	5963	114	37777	1047	933	0	3426	2985	439
April 17, 2010 5:33:00 PM UTC	1271547180000	13	12	yes	10.7	275.1	23386	20815	13338	5893	119	37825	1050	931	0	3438	3006	423
April 17, 2010 5:34:00 PM UTC	1271547240000	13	12	yes	10.5	275.2	23386	20815	13337	5899	115	37824	1035	920	0	3455	2969	486
April 17, 2010 5:35:00 PM UTC	1271547300000	13	12	yes	10.3	275.4	23386	20815	13321	5964	107	37783	1003	896	0	3466	3001	462
April 17, 2010 5:36:00 PM UTC	1271547360000	13	12	yes	10.1	275.6	23386	20815	13337	5894	110	37834	1004	894	0	3487	2996	490
April 17, 2010 5:37:00 PM UTC	1271547420000	13	12	yes	9.9	275.7	23386	20815	13321	5967	101	37786	969	868	0	3501	3020	468
April 17, 2010 5:38:00 PM UTC	1271547480000	13	12	yes	9.7	275.9	23386	20815	13336	5896	110	37833	973	863	0	3517	3035	480
April 17, 2010 5:39:00 PM UTC	1271547540000	13	11	yes	9.5	276.0	23386	20815	13336	5896	111	37832	958	847	0	3533	3089	428
April 17, 2010 5:40:00 PM UTC	1271547600000	13	11	yes	9.3	276.2	23386	20815	13323	5890	105	37857	932	827	0	3547	2979	552
April 17, 2010 5:41:00 PM UTC	1271547660000	13	12	yes	9.1	276.4	23386	20815	13338	5846	109	37882	936	827	0	3560	3013	532
April 17, 2010 5:42:00 PM UTC	1271547720000	12	11	yes	8.9	276.5	23386	20815	13322	5909	102	37842	900	798	0	3573	2973	587
April 17, 2010 5:43:00 PM UTC	1271547780000	13	11	yes	8.8	276.7	23386	20815	13338	5838	104	37895	904	800	0	3593	3021	558
April 17, 2010 5:44:00 PM UTC	1271547840000	12	11	yes	8.6	276.8	23386	20815	13338	5838	101	37898	888	787	0	3605	3014	571
April 17, 2010 5:45:00 PM UTC	1271547900000	12	10	yes	8.4	277.0	23386	20815	13321	5913	95	37846	859	764	0	3615	2993	589
April 17, 2010 5:46:00 PM UTC	1271547960000	12	10	yes	8.2	277.1	23386	20815	13336	5846	98	37895	857	759	0	3636	3037	569
April 17, 2010 5:47:00 PM UTC	1271548020000	12	9	yes	8.0	277.3	23386	20815	13336	5846	96	37897	843	747	0	3649	2991	601
April 17, 2010 5:48:00 PM UTC	1271548080000	12	9	yes	7.8	277.5	23386	20815	13336	5845	97	37897	829	732	0	3663	2969	615
April 17, 2010 5:49:00 PM UTC	1271548140000	12	9	yes	7.6	277.6	23386	20815	13336	5845	96	37898	811	715	0	3682	3043	586
April 17, 2010 5:50:00 PM UTC	1271548200000	12	8	yes	7.4	277.8	23386	20815	13322	5909	92	37852	784	692	0	3686	2930	653
April 17, 2010 5:51:00 PM UTC	1271548260000	12	8	yes	7.2	277.9	23386	20815	13336	5844	96	37899	786	690	0	3707	2960	678
April 17, 2010 5:52:00 PM UTC	1271548320000	12	8	yes	7.1	278.1	23386	20815	13336	5844	98	37897	772	674	0	3721	3007	603
April 17, 2010 5:53:00 PM UTC	1271548380000	12	8	yes	6.9	278.2	23386	20815	13336	5843	97	37899	755	658	0	3736	3026	665
April 17, 2010 5:54:00 PM UTC	1271548440000	12	7	yes	6.7	278.4	23386	20815	13336	5843	97	37899	739	642	0	3759	3114	564
April 17, 2010 5:55:00 PM UTC	1271548500000	12	7	yes	6.5	278.6	23386	20815	13318	5921	88	37848	713	625	0	3751	3106	579
April 17, 2010 5:56:00 PM UTC	1271548560000	11	7	yes	6.3	278.7	23386	20815	13331	5936	89	37819	706	617	0	3778	2943	692
April 17, 2010 5:57:00 PM UTC	1271548620000	11	6	yes	6.1	278.9	23386	20815	13331	5936	87	37821	694	607	0	3800	3059	568
April 17, 2010 5:58:00 PM UTC	1271548680000	11	6	yes	5.9	279.0	23386	20815	13332	5933	88	37822	683	595	0	3793	3022	650
April 17, 2010 5:59:00 PM UTC	1271548740000	11	5	yes	5.7	279.2	23386	20815	13332	5933	89	37821	663	574	0	3825	3018	620
April 17, 2010 6:00:00 PM UTC	1271548800000	11	5	yes	5.5	279.3	23386	20815	13333	5859	95	37888	653	558	0	3834	2973	686
April 17, 2010 6:01:00 PM UTC	1271548860000	11	5	yes	5.3	279.5	23386	20815	13333	5859	97	37886	639	542	0	3848	3061	606
April 17, 2010 6:02:00 PM UTC	1271548920000	10	4	yes	5.2	279.7	23386	20815	13333	5859	104	37879	628	524	0	3861	2954	603
April 17, 2010 6:03:00 PM UTC	1271548980000	10	4	yes	5.0	279.8	23386	20815	13330	5871	108	37866	614	506	0	3870	2911	621
April 17, 2010 6:04:00 PM UTC	1271549040000	10	4	yes	4.8	280.0	23386	20815	13330	5899	110	37836	600	489	1	3884	2887	650
April 17, 2010 6:05:00 PM UTC	1271549100000	10	4	yes	4.6	280.1	23386	20815	13330	5899	115	37831	586	471	0	3898	2915	611
April 17, 2010 6:06:00 PM UTC	1271549160000	10	3	yes	4.4	280.3	23386	20815	13330	5898	126	37821	569	443	0	3916	2898	608
April 17, 2010 6:07:00 PM UTC	1271549220000	10	3	yes	4.2	280.5	23386	20815	13330	5898	128	37819	556	428	0	3929	2854	641
April 17, 2010 6:08:00 PM UTC	1271549280000	10	3	yes	4.0	280.6	23386	20815	13330	5897	136	37812	545	409	0	3938	2881	607
April 17, 2010 6:09:00 PM UTC	1271549340000	10	3	yes	3.8	280.8	23386	20815	13333	5884	149	37809	537	387	1	3952	2944	543
April 17, 2010 6:10:00 PM UTC	1271549400000	9	3	yes	3.7	280.9	23386	20815	13333	5884	157	37801	525	368	0	3965	2793	643
April 17, 2010 6:11:00 PM UTC	1271549460000	9	3	yes	3.5	281.1	23386	20815	13330	5897	169	37779	511	342	0	3972	2883	536
April 17, 2010 6:12:00 PM UTC	1271549520000	9	3	yes	3.3	281.3	23386	20815	13330	5897	189	37759	496	308	0	3989	2831	541
April 17, 2010 6:13:00 PM UTC	1271549580000	9	3	yes	3.1	281.4	23386	20815	13346	5828	212	37789	492	281	1	4012	2778	551
