April 25, 2008 5:22:00 AM UTC	1209122520000	14	7	no	3.1	75.1	23392	20809	13322	5971	192	37690	476	238	33	3997	2917	396
April 25, 2008 5:23:00 AM UTC	1209122580000	14	7	no	3.3	75.2	23392	20809	13336	5902	177	37760	501	319	4	3990	2499	427
April 25, 2008 5:24:00 AM UTC	1209122640000	16	9	no	3.5	75.4	23392	20809	13336	5898	158	37783	513	339	0	3982	2576	583
April 25, 2008 5:25:00 AM UTC	1209122700000	17	12	no	3.6	75.5	23392	20809	13322	5969	149	37735	512	231	0	3965	2969	452
April 25, 2008 5:26:00 AM UTC	1209122760000	21	11	no	3.8	75.7	23392	20809	13338	5902	134	37801	537	271	0	3957	3478	314
April 25, 2008 5:27:00 AM UTC	1209122820000	22	11	no	4.0	75.9	23392	20809	13322	5969	123	37761	538	366	0	3939	3776	108
April 25, 2008 5:28:00 AM UTC	1209122880000	25	12	no	4.2	76.0	23392	20809	13323	5934	113	37805	550	425	0	3930	3881	22
April 25, 2008 5:29:00 AM UTC	1209122940000	27	13	no	4.4	76.2	23392	20809	13338	5867	118	37852	577	459	0	3921	3901	6
April 25, 2008 5:30:00 AM UTC	1209123000000	27	14	no	4.6	76.3	23392	20809	13324	5935	111	37805	574	463	0	3905	3896	9
April 25, 2008 5:31:00 AM UTC	1209123060000	27	15	no	4.8	76.5	23392	20809	13338	5868	110	37859	596	486	0	3903	3894	9
April 25, 2008 5:32:00 AM UTC	1209123120000	28	17	no	4.9	76.6	23392	20809	13328	5921	97	37829	604	507	0	3877	3834	41
April 25, 2008 5:33:00 AM UTC	1209123180000	31	17	no	5.1	76.8	23392	20809	13328	5921	92	37834	622	530	0	3859	3826	31
April 25, 2008 5:34:00 AM UTC	1209123240000	32	18	no	5.3	77.0	23392	20809	13345	5770	92	37968	655	561	2	3855	3823	32
April 25, 2008 5:35:00 AM UTC	1209123300000	37	18	no	5.5	77.1	23392	20809	13329	5844	84	37918	650	566	0	3838	3734	103
April 25, 2008 5:36:00 AM UTC	1209123360000	39	19	no	5.7	77.3	23392	20809	13329	5844	76	37926	666	590	0	3822	3625	195
April 25, 2008 5:37:00 AM UTC	1209123420000	44	23	no	5.9	77.4	23392	20809	13330	5839	80	37926	674	594	0	3815	3645	170
April 25, 2008 5:38:00 AM UTC	1209123480000	54	25	no	6.1	77.6	23392	20809	13330	5839	78	37928	686	608	0	3804	3778	26
April 25, 2008 5:39:00 AM UTC	1209123540000	60	30	no	6.3	77.7	23392	20809	13331	5895	82	37867	698	616	0	3788	3692	96
April 25, 2008 5:40:00 AM UTC	1209123600000	62	32	no	6.4	77.9	23392	20809	13331	5895	76	37873	715	639	0	3770	3129	641
April 25, 2008 5:41:00 AM UTC	1209123660000	57	32	no	6.6	78.0	23392	20809	13331	5896	78	37870	736	609	0	3749	2999	563
April 25, 2008 5:42:00 AM UTC	1209123720000	60	27	no	6.8	78.2	23392	20809	13330	5898	79	37868	749	461	0	3736	2125	999
April 25, 2008 5:43:00 AM UTC	1209123780000	64	23	no	7.0	78.4	23392	20809	13330	5898	80	37867	763	301	0	3723	2272	503
April 25, 2008 5:44:00 AM UTC	1209123840000	66	21	no	7.2	78.5	23392	20809	13330	5898	75	37872	774	193	0	3710	2385	194
April 25, 2008 5:45:00 AM UTC	1209123900000	66	19	no	7.4	78.7	23392	20809	13330	5899	37	37909	784	266	0	3703	2481	119
April 25, 2008 5:46:00 AM UTC	1209123960000	68	14	no	7.6	78.8	23392	20809	13330	5899	36	37910	801	311	0	3682	2690	213
April 25, 2008 5:47:00 AM UTC	1209124020000	70	11	no	7.8	79.0	23392	20809	13333	5886	35	37921	817	485	0	3672	3040	192
April 25, 2008 5:48:00 AM UTC	1209124080000	71	12	no	7.9	79.1	23392	20809	13333	5888	55	37899	836	449	0	3651	2939	295
April 25, 2008 5:49:00 AM UTC	1209124140000	73	15	no	8.1	79.3	23392	20809	13333	5888	84	37870	850	431	0	3637	3150	144
April 25, 2008 5:50:00 AM UTC	1209124200000	79	15	no	8.3	79.4	23392	20809	13330	5901	91	37853	860	533	0	3625	3341	23
April 25, 2008 5:51:00 AM UTC	1209124260000	89	10	no	8.5	79.6	23392	20809	13330	5901	86	37858	874	734	0	3610	3548	0
April 25, 2008 5:52:00 AM UTC	1209124320000	99	1	no	8.7	79.8	23392	20809	13330	5901	81	37863	884	803	0	3600	3600	0
April 25, 2008 5:53:00 AM UTC	1209124380000	100	0	no	8.9	79.9	23392	20809	13330	5902	91	37852	901	810	0	3583	3583	0
April 25, 2008 5:54:00 AM UTC	1209124440000	100	0	no	9.1	80.1	23392	20809	13330	5871	90	37884	923	833	0	3566	3566	0
April 25, 2008 5:55:00 AM UTC	1209124500000	100	0	no	9.3	80.2	23392	20809	13318	5933	83	37841	922	839	0	3540	3540	0
April 25, 2008 5:56:00 AM UTC	1209124560000	100	0	no	9.4	80.4	23392	20809	13333	5862	91	37889	954	863	0	3540	3540	0
April 25, 2008 5:57:00 AM UTC	1209124620000	100	0	no	9.6	80.5	23392	20809	13333	5862	93	37887	967	874	0	3520	3520	0
April 25, 2008 5:58:00 AM UTC	1209124680000	100	0	yes	9.8	80.7	23392	20809	13334	5866	101	37874	984	883	0	3496	3496	0
April 25, 2008 5:59:00 AM UTC	1209124740000	100	0	yes	10.0	80.8	23392	20809	13332	5939	102	37802	994	892	0	3494	3494	0
April 25, 2008 6:00:00 AM UTC	1209124800000	100	0	no	10.2	81.0	23392	20809	13315	6007	95	37758	989	894	0	3468	3468	0
April 25, 2008 6:01:00 AM UTC	1209124860000	100	0	yes	10.4	81.2	23392	20809	13331	5941	102	37801	1022	920	0	3469	3469	0
April 25, 2008 6:02:00 AM UTC	1209124920000	100	0	yes	10.6	81.3	23392	20809	13331	5941	103	37800	1036	933	0	3448	3448	0
April 25, 2008 6:03:00 AM UTC	1209124980000	100	0	yes	10.8	81.5	23392	20809	13333	5855	109	37878	1062	953	0	3420	3420	0
April 25, 2008 6:04:00 AM UTC	1209125040000	100	0	yes	11.0	81.6	23392	20809	13336	5845	113	37881	1078	965	0	3418	3418	0
April 25, 2008 6:05:00 AM UTC	1209125100000	99	1	no	11.2	81.8	23392	20809	13322	5909	96	37848	1075	979	0	3394	3394	0
April 25, 2008 6:06:00 AM UTC	1209125160000	100	0	yes	11.3	81.9	23392	20809	13336	5846	105	37888	1111	1006	0	3383	3383	0
April 25, 2008 6:07:00 AM UTC	1209125220000	100	0	no	11.5	82.1	23392	20809	13336	5846	104	37889	1125	1021	0	3366	3366	0
April 25, 2008 6:08:00 AM UTC	1209125280000	100	0	yes	11.7	82.2	23392	20809	13320	5919	106	37830	1121	1015	0	3350	3350	0
April 25, 2008 6:09:00 AM UTC	1209125340000	100	0	no	11.9	82.4	23392	20809	13336	5847	112	37880	1150	1038	0	3344	3344	0
April 25, 2008 6:10:00 AM UTC	1209125400000	100	0	yes	12.1	82.6	23392	20809	13320	5916	106	37833	1149	1043	0	3323	3323	0
April 25, 2008 6:11:00 AM UTC	1209125460000	100	0	no	12.3	82.7	23392	20809	13336	5848	112	37879	1188	1042	0	3305	3305	0
April 25, 2008 6:12:00 AM UTC	1209125520000	100	0	no	12.5	82.9	23392	20809	13336	5848	110	37881	1199	1081	0	3294	3294	0
April 25, 2008 6:13:00 AM UTC	1209125580000	100	0	yes	12.7	83.0	23392	20809	13321	5919	112	37823	1196	1084	0	3278	3278	0
April 25, 2008 6:14:00 AM UTC	1209125640000	100	0	no	12.9	83.2	23392	20809	13338	5840	103	37894	1239	1123	0	3257	3257	0
April 25, 2008 6:15:00 AM UTC	1209125700000	100	0	no	13.1	83.3	23392	20809	13338	5840	83	37914	1253	1143	0	3248	3248	0
April 25, 2008 6:16:00 AM UTC	1209125760000	99	1	no	13.2	83.5	23392	20809	13322	5909	62	37882	1245	1133	0	3235	3235	0
April 25, 2008 6:17:00 AM UTC	1209125820000	99	1	no	13.4	83.6	23392	20809	13338	5849	27	37961	1282	1207	0	3224	3224	0
April 25, 2008 6:18:00 AM UTC	1209125880000	99	1	no	13.6	83.8	23392	20809	13323	5894	25	37933	1277	1228	0	3208	3208	0
April 25, 2008 6:19:00 AM UTC	1209125940000	99	1	no	13.8	84.0	23392	20809	13336	5898	9	37932	1302	1252	0	3197	3197	0
April 25, 2008 6:20:00 AM UTC	1209126000000	99	1	no	14.0	84.1	23392	20809	13336	5898	0	37941	1321	1294	0	3183	3183	0
April 25, 2008 6:21:00 AM UTC	1209126060000	99	1	no	14.2	84.3	23392	20809	13321	5968	0	37886	1316	1266	0	3170	3170	0
April 25, 2008 6:22:00 AM UTC	1209126120000	99	1	no	14.4	84.4	23392	20809	13336	5906	13	37920	1353	1242	0	3158	3158	0
April 25, 2008 6:23:00 AM UTC	1209126180000	99	1	no	14.6	84.6	23392	20809	13320	5977	13	37865	1349	1325	0	3142	3141	0
April 25, 2008 6:24:00 AM UTC	1209126240000	99	1	no	14.8	84.7	23392	20809	13337	5900	0	37938	1382	1315	0	3138	3138	0
April 25, 2008 6:25:00 AM UTC	1209126300000	100	0	no	15.0	84.9	23392	20809	13338	5895	0	37942	1404	1331	0	3121	3121	0
April 25, 2008 6:26:00 AM UTC	1209126360000	100	0	no	15.1	85.0	23392	20809	13321	5964	7	37883	1399	1365	0	3111	3111	0
April 25, 2008 6:27:00 AM UTC	1209126420000	100	0	no	15.3	85.2	23392	20809	13337	5893	3	37942	1434	1358	0	3101	3101	0
April 25, 2008 6:28:00 AM UTC	1209126480000	100	0	no	15.5	85.4	23392	20809	13321	5964	11	37879	1426	1277	0	3090	3090	0
April 25, 2008 6:29:00 AM UTC	1209126540000	99	0	no	15.7	85.5	23392	20809	13321	5964	39	37851	1441	1194	0	3081	3081	0
April 25, 2008 6:30:00 AM UTC	1209126600000	100	0	no	15.9	85.7	23392	20809	13339	5810	53	37973	1496	1263	0	3067	3067	0
April 25, 2008 6:31:00 AM UTC	1209126660000	100	0	no	16.1	85.8	23392	20809	13326	5880	49	37920	1485	1297	0	3056	3056	0
April 25, 2008 6:32:00 AM UTC	1209126720000	100	0	no	16.3	86.0	23392	20809	13339	5812	3	38021	1522	1441	0	3051	3051	0
April 25, 2008 6:33:00 AM UTC	1209126780000	100	0	no	16.5	86.1	23392	20809	13323	5881	11	37960	1517	1479	0	3038	3038	0
April 25, 2008 6:34:00 AM UTC	1209126840000	100	0	no	16.7	86.3	23392	20809	13323	5881	5	37966	1532	1482	0	3030	3030	0
April 25, 2008 6:35:00 AM UTC	1209126900000	100	0	no	16.9	86.5	23392	20809	13339	5813	0	38023	1574	1537	0	3020	3020	0
April 25, 2008 6:36:00 AM UTC	1209126960000	100	0	no	17.1	86.6	23392	20809	13323	5896	0	37956	1566	1566	0	3008	3008	0
April 25, 2008 6:37:00 AM UTC	1209127020000	100	0	no	17.2	86.8	23392	20809	13340	5823	0	38012	1605	1601	0	3005	3005	0
April 25, 2008 6:38:00 AM UTC	1209127080000	100	0	no	17.4	86.9	23392	20809	13324	5893	0	37958	1596	1594	0	2994	2994	0
April 25, 2008 6:39:00 AM UTC	1209127140000	100	0	no	17.6	87.1	23392	20809	13325	5889	0	37961	1617	1610	0	2985	2985	0
April 25, 2008 6:40:00 AM UTC	1209127200000	100	0	no	17.8	87.2	23392	20809	13338	5875	0	37962	1648	1621	0	2973	2973	0
April 25, 2008 6:41:00 AM UTC	1209127260000	100	0	no	18.0	87.4	23392	20809	13322	5946	1	37906	1637	1501	0	2964	2964	0
April 25, 2008 6:42:00 AM UTC	1209127320000	99	0	no	18.2	87.6	23392	20809	13336	5877	73	37889	1681	1242	0	2959	2959	0
April 25, 2008 6:43:00 AM UTC	1209127380000	99	0	no	18.4	87.7	23392	20809	13321	5947	70	37837	1666	1240	0	2953	2953	0
April 25, 2008 6:44:00 AM UTC	1209127440000	99	0	no	18.6	87.9	23392	20809	13321	5947	66	37841	1677	1374	0	2950	2950	0
April 25, 2008 6:45:00 AM UTC	1209127500000	100	0	no	18.8	88.0	23392	20809	13335	5877	60	37903	1726	1507	0	2935	2935	0
April 25, 2008 6:46:00 AM UTC	1209127560000	99	0	no	19.0	88.2	23392	20809	13321	5947	46	37861	1714	1422	0	2928	2928	0
April 25, 2008 6:47:00 AM UTC	1209127620000	99	0	no	19.2	88.4	23392	20809	13339	5878	41	37917	1759	1520	0	2921	2921	0
April 25, 2008 6:48:00 AM UTC	1209127680000	99	0	no	19.4	88.5	23392	20809	13321	5947	18	37889	1750	1538	0	2915	2915	0
April 25, 2008 6:49:00 AM UTC	1209127740000	99	0	no	19.5	88.7	23392	20809	13321	5947	1	37906	1759	1609	0	2912	2912	0
April 25, 2008 6:50:00 AM UTC	1209127800000	99	1	no	19.7	88.8	23392	20809	13339	5877	1	37958	1801	1733	0	2903	2903	0
April 25, 2008 6:51:00 AM UTC	1209127860000	98	2	no	19.9	89.0	23392	20809	13321	5947	6	37901	1793	1722	0	2897	2897	0
April 25, 2008 6:52:00 AM UTC	1209127920000	99	1	no	20.1	89.1	23392	20809	13340	5877	9	37949	1835	1728	0	2887	2887	0
April 25, 2008 6:53:00 AM UTC	1209127980000	99	1	no	20.3	89.3	23392	20809	13322	5862	6	37985	1824	1741	0	2884	2884	0
April 25, 2008 6:54:00 AM UTC	1209128040000	99	1	no	20.5	89.5	23392	20809	13322	5862	8	37983	1839	1752	0	2879	2879	0
April 25, 2008 6:55:00 AM UTC	1209128100000	99	1	no	20.7	89.6	23392	20809	13340	5825	29	37981	1898	1857	0	2871	2871	0
April 25, 2008 6:56:00 AM UTC	1209128160000	99	1	no	20.9	89.8	23392	20809	13322	5979	19	37855	1871	1805	0	2869	2869	0
April 25, 2008 6:57:00 AM UTC	1209128220000	99	1	no	21.1	89.9	23392	20809	13340	5833	37	37965	1927	1834	0	2864	2864	0
April 25, 2008 6:58:00 AM UTC	1209128280000	98	2	no	21.3	90.1	23392	20809	13340	5833	34	37968	1946	1844	0	2853	2853	0
April 25, 2008 6:59:00 AM UTC	1209128340000	98	2	no	21.5	90.3	23392	20809	13340	5833	32	37970	1957	1925	0	2854	2854	0
April 25, 2008 7:00:00 AM UTC	1209128400000	96	4	no	21.7	90.4	23392	20809	13340	5833	28	37974	1975	1947	0	2845	2845	0
April 25, 2008 7:01:00 AM UTC	1209128460000	98	2	no	21.8	90.6	23392	20809	13322	5870	15	37968	1943	1928	0	2842	2842	0
April 25, 2008 7:02:00 AM UTC	1209128520000	99	1	no	22.0	90.8	23392	20809	13340	5876	16	37943	1986	1970	0	2838	2838	0
April 25, 2008 7:03:00 AM UTC	1209128580000	99	1	no	22.2	90.9	23392	20809	13321	5947	13	37894	1974	1961	0	2834	2834	0
April 25, 2008 7:04:00 AM UTC	1209128640000	100	0	yes	22.4	91.1	23392	20809	13321	5947	11	37896	1994	1983	0	2826	2826	0
April 25, 2008 7:05:00 AM UTC	1209128700000	98	2	yes	22.6	91.2	23392	20809	13339	5877	11	37948	2037	2026	0	2825	2825	0
April 25, 2008 7:06:00 AM UTC	1209128760000	97	3	yes	22.8	91.4	23392	20809	13321	5947	5	37902	2020	2015	0	2823	2823	0
April 25, 2008 7:07:00 AM UTC	1209128820000	99	1	yes	23.0	91.6	23392	20809	13339	5878	5	37953	2064	2059	0	2817	2817	0
April 25, 2008 7:08:00 AM UTC	1209128880000	99	1	yes	23.2	91.7	23392	20809	13321	5947	3	37904	2052	2049	0	2813	2813	0
April 25, 2008 7:09:00 AM UTC	1209128940000	99	1	yes	23.4	91.9	23392	20809	13321	5947	1	37906	2071	2070	0	2806	2806	0
April 25, 2008 7:10:00 AM UTC	1209129000000	97	3	yes	23.6	92.1	23392	20809	13335	5877	0	37963	2117	2117	0	2806	2806	0
April 25, 2008 7:11:00 AM UTC	1209129060000	95	5	yes	23.8	92.2	23392	20809	13321	5947	0	37907	2095	2095	0	2809	2809	0
April 25, 2008 7:12:00 AM UTC	1209129120000	94	6	yes	23.9	92.4	23392	20809	13336	5877	0	37962	2141	2141	0	2806	2806	0
April 25, 2008 7:13:00 AM UTC	1209129180000	93	7	yes	24.1	92.5	23392	20809	13322	5946	0	37907	2128	2128	0	2799	2799	0
April 25, 2008 7:14:00 AM UTC	1209129240000	89	11	yes	24.3	92.7	23392	20809	13338	5875	0	37962	2170	2170	0	2795	2795	0
April 25, 2008 7:15:00 AM UTC	1209129300000	76	24	yes	24.5	92.9	23392	20809	13325	5884	0	37966	2168	2168	0	2791	2791	0
April 25, 2008 7:16:00 AM UTC	1209129360000	70	29	yes	24.7	93.0	23392	20809	13324	5888	0	37963	2181	2181	0	2792	2792	0
April 25, 2008 7:17:00 AM UTC	1209129420000	65	35	yes	24.9	93.2	23392	20809	13340	5819	0	38016	2232	2232	0	2787	2787	0
April 25, 2008 7:18:00 AM UTC	1209129480000	67	33	yes	25.1	93.4	23392	20809	13323	5894	0	37958	2210	2210	0	2784	2784	0
April 25, 2008 7:19:00 AM UTC	1209129540000	73	27	yes	25.3	93.5	23392	20809	13339	5812	0	38024	2258	2258	0	2782	2782	0
April 25, 2008 7:20:00 AM UTC	1209129600000	79	21	yes	25.5	93.7	23392	20809	13323	5881	0	37971	2240	2240	0	2778	2778	0
April 25, 2008 7:21:00 AM UTC	1209129660000	82	18	yes	25.7	93.9	23392	20809	13323	5881	0	37971	2247	2247	0	2783	2783	0
April 25, 2008 7:22:00 AM UTC	1209129720000	90	10	yes	25.9	94.0	23392	20809	13339	5813	0	38023	2301	2301	0	2773	2773	0
April 25, 2008 7:23:00 AM UTC	1209129780000	94	6	yes	26.1	94.2	23392	20809	13326	5883	0	37966	2279	2279	0	2775	2775	0
April 25, 2008 7:24:00 AM UTC	1209129840000	99	1	yes	26.2	94.4	23392	20809	13339	5815	0	38021	2327	2327	0	2777	2777	0
April 25, 2008 7:25:00 AM UTC	1209129900000	100	0	yes	26.4	94.5	23392	20809	13321	5962	0	37892	2290	2290	0	2778	2778	0
April 25, 2008 7:26:00 AM UTC	1209129960000	100	0	yes	26.6	94.7	23392	20809	13337	5892	0	37946	2340	2340	0	2772	2772	0
April 25, 2008 7:27:00 AM UTC	1209130020000	100	0	yes	26.8	94.9	23392	20809	13321	5963	0	37891	2320	2320	0	2773	2773	0
April 25, 2008 7:28:00 AM UTC	1209130080000	98	2	yes	27.0	95.1	23392	20809	13321	5963	0	37891	2338	2338	0	2769	2769	0
April 25, 2008 7:29:00 AM UTC	1209130140000	95	5	yes	27.2	95.2	23392	20809	13338	5894	0	37943	2380	2380	0	2770	2770	0
April 25, 2008 7:30:00 AM UTC	1209130200000	90	10	yes	27.4	95.4	23392	20809	13320	5975	0	37880	2348	2348	0	2775	2775	0
April 25, 2008 7:31:00 AM UTC	1209130260000	90	10	yes	27.6	95.6	23392	20809	13336	5905	0	37934	2404	2404	0	2773	2773	0
April 25, 2008 7:32:00 AM UTC	1209130320000	92	8	yes	27.8	95.7	23392	20809	13321	5969	0	37885	2386	2386	0	2768	2768	0
April 25, 2008 7:33:00 AM UTC	1209130380000	94	6	yes	28.0	95.9	23392	20809	13336	5899	0	37940	2432	2432	0	2770	2770	0
April 25, 2008 7:34:00 AM UTC	1209130440000	97	3	yes	28.1	96.1	23392	20809	13336	5899	0	37940	2440	2440	0	2773	2773	0
April 25, 2008 7:35:00 AM UTC	1209130500000	99	1	yes	28.3	96.2	23392	20809	13323	5889	0	37963	2437	2437	0	2774	2774	0
April 25, 2008 7:36:00 AM UTC	1209130560000	99	1	yes	28.5	96.4	23392	20809	13338	5845	0	37992	2483	2483	0	2773	2773	0
April 25, 2008 7:37:00 AM UTC	1209130620000	97	3	yes	28.7	96.6	23392	20809	13322	5906	0	37947	2459	2459	0	2777	2777	0
April 25, 2008 7:38:00 AM UTC	1209130680000	93	7	yes	28.9	96.8	23392	20809	13338	5837	0	38000	2511	2511	0	2773	2773	0
April 25, 2008 7:39:00 AM UTC	1209130740000	84	13	yes	29.1	96.9	23392	20809	13321	5917	0	37937	2481	2481	0	2776	2776	0
April 25, 2008 7:40:00 AM UTC	1209130800000	72	24	yes	29.3	97.1	23392	20809	13336	5847	0	37992	2524	2524	0	2786	2786	0
April 25, 2008 7:41:00 AM UTC	1209130860000	79	20	yes	29.5	97.3	23392	20809	13336	5847	0	37992	2540	2540	0	2784	2784	0
April 25, 2008 7:42:00 AM UTC	1209130920000	91	9	yes	29.7	97.5	23392	20809	13336	5848	0	37991	2557	2557	0	2778	2778	0
April 25, 2008 7:43:00 AM UTC	1209130980000	99	1	yes	29.9	97.6	23392	20809	13336	5848	0	37991	2569	2569	0	2784	2784	0
April 25, 2008 7:44:00 AM UTC	1209131040000	99	1	yes	30.1	97.8	23392	20809	13320	5921	0	37934	2536	2536	0	2787	2787	0
April 25, 2008 7:45:00 AM UTC	1209131100000	100	0	yes	30.2	98.0	23392	20809	13336	5849	0	37990	2589	2589	0	2792	2792	0
April 25, 2008 7:46:00 AM UTC	1209131160000	100	0	yes	30.4	98.2	23392	20809	13322	5913	0	37940	2568	2568	0	2788	2788	0
April 25, 2008 7:47:00 AM UTC	1209131220000	99	1	yes	30.6	98.3	23392	20809	13336	5849	0	37990	2605	2605	0	2801	2801	0
April 25, 2008 7:48:00 AM UTC	1209131280000	98	2	yes	30.8	98.5	23392	20809	13333	5859	0	37983	2618	2618	0	2793	2793	0
April 25, 2008 7:49:00 AM UTC	1209131340000	97	3	no	31.0	98.7	23392	20809	13331	5939	0	37905	2609	2609	0	2802	2802	0
April 25, 2008 7:50:00 AM UTC	1209131400000	95	5	no	31.2	98.9	23392	20809	13331	5939	0	37905	2615	2615	0	2821	2821	0
April 25, 2008 7:51:00 AM UTC	1209131460000	93	7	no	31.4	99.1	23392	20809	13332	5939	0	37904	2626	2626	0	2810	2810	0
April 25, 2008 7:52:00 AM UTC	1209131520000	89	10	no	31.6	99.2	23392	20809	13332	5939	0	37904	2639	2639	0	2821	2821	0
April 25, 2008 7:53:00 AM UTC	1209131580000	84	15	no	31.8	99.4	23392	20809	13317	5923	0	37935	2643	2642	0	2813	2813	0
April 25, 2008 7:54:00 AM UTC	1209131640000	78	20	no	31.9	99.6	23392	20809	13333	5855	0	37987	2678	2675	3	2830	2830	0
April 25, 2008 7:55:00 AM UTC	1209131700000	73	26	no	32.1	99.8	23392	20809	13333	5855	0	37987	2694	2694	0	2820	2766	54
April 25, 2008 7:56:00 AM UTC	1209131760000	76	24	yes	32.3	100.0	23392	20809	13330	5897	0	37948	2690	2690	0	2834	2824	10
April 25, 2008 7:57:00 AM UTC	1209131820000	84	16	yes	32.5	100.1	23392	20809	13330	5897	0	37948	2703	2703	0	2834	2834	0
April 25, 2008 7:58:00 AM UTC	1209131880000	87	13	yes	32.7	100.3	23392	20809	13330	5898	0	37947	2711	2711	0	2841	2841	0
April 25, 2008 7:59:00 AM UTC	1209131940000	92	8	yes	32.9	100.5	23392	20809	13330	5898	0	37947	2724	2724	0	2845	2845	0
April 25, 2008 8:00:00 AM UTC	1209132000000	100	0	yes	33.1	100.7	23392	20809	13330	5899	0	37946	2733	2733	0	2851	2851	0
April 25, 2008 8:01:00 AM UTC	1209132060000	100	0	no	33.3	100.9	23392	20809	13333	5887	0	37955	2742	2742	0	2862	2862	0
April 25, 2008 8:02:00 AM UTC	1209132120000	98	2	no	33.5	101.1	23392	20809	13333	5887	0	37955	2755	2755	0	2864	2864	0
April 25, 2008 8:03:00 AM UTC	1209132180000	96	4	yes	33.6	101.2	23392	20809	13330	5900	0	37945	2760	2752	8	2865	2865	0
April 25, 2008 8:04:00 AM UTC	1209132240000	92	8	no	33.8	101.4	23392	20809	13346	5831	0	37998	2810	2810	0	2873	2834	39
April 25, 2008 8:05:00 AM UTC	1209132300000	89	11	no	34.0	101.6	23392	20809	13330	5900	0	37945	2768	2768	0	2884	2835	49
April 25, 2008 8:06:00 AM UTC	1209132360000	86	13	no	34.2	101.8	23392	20809	13330	5900	0	37945	2781	2781	0	2891	2891	0
April 25, 2008 8:07:00 AM UTC	1209132420000	89	11	yes	34.4	102.0	23392	20809	13331	5901	0	37943	2787	2787	0	2899	2898	0
April 25, 2008 8:08:00 AM UTC	1209132480000	92	8	yes	34.6	102.2	23392	20809	13331	5898	0	37946	2792	2792	0	2903	2903	0
April 25, 2008 8:09:00 AM UTC	1209132540000	95	5	yes	34.8	102.4	23392	20809	13330	5836	0	38009	2815	2815	0	2914	2914	0
April 25, 2008 8:10:00 AM UTC	1209132600000	96	4	no	35.0	102.6	23392	20809	13330	5836	0	38009	2823	2823	0	2921	2921	0
April 25, 2008 8:11:00 AM UTC	1209132660000	98	2	no	35.1	102.7	23392	20809	13329	5845	0	38001	2826	2826	0	2933	2933	0
April 25, 2008 8:12:00 AM UTC	1209132720000	99	1	no	35.3	102.9	23392	20809	13329	5845	0	38001	2825	2825	0	2945	2945	0
April 25, 2008 8:13:00 AM UTC	1209132780000	99	1	no	35.5	103.1	23392	20809	13331	5830	0	38014	2843	2843	0	2952	2952	0
April 25, 2008 8:14:00 AM UTC	1209132840000	100	0	no	35.7	103.3	23392	20809	13328	5915	0	37932	2829	2828	1	2955	2955	0
April 25, 2008 8:22:00 AM UTC	1209133320000	90	10	no	37.2	104.9	23392	20809	13322	5971	0	37882	2844	2844	0	3036	3036	0
April 25, 2008 8:23:00 AM UTC	1209133380000	84	16	no	37.4	105.1	23392	20809	13338	5903	0	37934	2884	2884	0	3052	3052	0
April 25, 2008 8:24:00 AM UTC	1209133440000	84	16	no	37.6	105.3	23392	20809	13326	5895	0	37954	2870	2870	0	3065	3065	0
April 25, 2008 8:25:00 AM UTC	1209133500000	83	17	no	37.7	105.5	23392	20809	13341	5828	0	38006	2915	2915	0	3078	3078	0
April 25, 2008 8:26:00 AM UTC	1209133560000	84	16	no	37.9	105.7	23392	20809	13321	5916	0	37938	2860	2856	4	3093	3093	0
April 25, 2008 8:27:00 AM UTC	1209133620000	83	17	no	38.1	105.9	23392	20809	13337	5847	0	37991	2903	2903	0	3106	3106	0
April 25, 2008 8:28:00 AM UTC	1209133680000	82	18	no	38.3	106.1	23392	20809	13322	5915	0	37938	2856	2856	0	3120	3120	0
April 25, 2008 8:29:00 AM UTC	1209133740000	80	19	no	38.5	106.3	23392	20809	13336	5848	0	37991	2906	2906	0	3131	3131	0
April 25, 2008 8:30:00 AM UTC	1209133800000	78	21	no	38.7	106.5	23392	20809	13331	5866	0	37978	2896	2896	0	3149	3149	0
April 25, 2008 8:31:00 AM UTC	1209133860000	78	22	no	38.8	106.7	23392	20809	13331	5868	0	37976	2896	2886	10	3164	3164	0
April 25, 2008 8:32:00 AM UTC	1209133920000	81	19	yes	39.0	106.9	23392	20809	13331	5868	0	37976	2891	2891	0	3183	3183	0
April 25, 2008 8:33:00 AM UTC	1209133980000	82	18	no	39.2	107.1	23392	20809	13335	5849	0	37991	2908	2908	0	3196	3196	0
April 25, 2008 8:34:00 AM UTC	1209134040000	81	19	no	39.4	107.3	23392	20809	13335	5849	0	37991	2908	2908	0	3210	3210	0
April 25, 2008 8:35:00 AM UTC	1209134100000	79	21	no	39.6	107.5	23392	20809	13330	5879	0	37966	2882	2882	0	3223	3160	63
April 25, 2008 8:36:00 AM UTC	1209134160000	82	18	yes	39.8	107.7	23392	20809	13330	5879	0	37966	2877	2875	2	3245	3195	50
April 25, 2008 8:37:00 AM UTC	1209134220000	79	21	no	39.9	107.9	23392	20809	13330	5880	0	37965	2879	2879	0	3259	3186	73
April 25, 2008 8:38:00 AM UTC	1209134280000	80	20	yes	40.1	108.1	23392	20809	13333	5804	0	38038	2909	2909	0	3278	3178	100
April 25, 2008 8:39:00 AM UTC	1209134340000	81	19	yes	40.3	108.4	23392	20809	13328	5824	0	38023	2893	2893	0	3293	3050	243
April 25, 2008 8:40:00 AM UTC	1209134400000	83	17	yes	40.5	108.6	23392	20809	13325	5943	0	37907	2856	2856	0	3307	3015	292
April 25, 2008 8:41:00 AM UTC	1209134460000	83	17	yes	40.7	108.8	23392	20809	13326	5943	0	37906	2861	2861	0	3315	3074	241
April 25, 2008 8:42:00 AM UTC	1209134520000	84	16	yes	40.8	109.0	23392	20809	13343	5855	0	37977	2911	2911	0	3334	2967	367
April 25, 2008 8:43:00 AM UTC	1209134580000	83	17	yes	41.0	109.2	23392	20809	13325	5946	0	37904	2856	2856	0	3349	3025	324
April 25, 2008 8:44:00 AM UTC	1209134640000	82	18	yes	41.2	109.4	23392	20809	13342	5880	0	37953	2890	2890	0	3372	2992	380
April 25, 2008 8:45:00 AM UTC	1209134700000	83	17	yes	41.4	109.6	23392	20809	13325	5946	0	37904	2847	2847	0	3388	2948	440
April 25, 2008 8:46:00 AM UTC	1209134760000	84	16	yes	41.6	109.9	23392	20809	13338	5880	0	37957	2890	2890	0	3403	3051	352
April 25, 2008 8:47:00 AM UTC	1209134820000	83	17	yes	41.8	110.1	23392	20809	13319	5976	0	37880	2829	2829	0	3416	2890	526
April 25, 2008 8:48:00 AM UTC	1209134880000	84	16	yes	41.9	110.3	23392	20809	13333	5909	0	37933	2870	2870	0	3424	3130	294
April 25, 2008 8:49:00 AM UTC	1209134940000	85	15	yes	42.1	110.5	23392	20809	13319	5976	0	37880	2818	2816	2	3448	3065	383
April 25, 2008 8:50:00 AM UTC	1209135000000	87	13	yes	42.3	110.7	23392	20809	13339	5889	0	37947	2869	2868	1	3465	3167	298
April 25, 2008 8:51:00 AM UTC	1209135060000	88	12	yes	42.5	111.0	23392	20809	13320	5908	0	37947	2852	2852	0	3478	3193	285
April 25, 2008 8:52:00 AM UTC	1209135120000	90	10	yes	42.6	111.2	23392	20809	13335	5843	0	37997	2890	2890	0	3494	3472	22
April 25, 2008 8:53:00 AM UTC	1209135180000	90	10	yes	42.8	111.4	23392	20809	13321	5908	0	37946	2851	2851	0	3508	3502	6
April 25, 2008 8:54:00 AM UTC	1209135240000	89	11	yes	43.0	111.6	23392	20809	13335	5843	0	37997	2891	2891	0	3522	3522	0
April 25, 2008 8:55:00 AM UTC	1209135300000	88	12	yes	43.2	111.9	23392	20809	13330	5866	0	37979	2871	2871	0	3536	3536	0
April 25, 2008 8:56:00 AM UTC	1209135360000	90	10	yes	43.4	112.1	23392	20809	13330	5866	0	37979	2876	2876	0	3554	3543	11
April 25, 2008 8:57:00 AM UTC	1209135420000	90	10	no	43.5	112.3	23392	20809	13335	5842	0	37998	2887	2887	0	3569	3484	85
April 25, 2008 8:58:00 AM UTC	1209135480000	91	9	yes	43.7	112.6	23392	20809	13328	5880	0	37967	2864	2864	0	3581	3544	37
April 25, 2008 8:59:00 AM UTC	1209135540000	92	8	yes	43.9	112.8	23392	20809	13328	5881	0	37966	2852	2852	0	3601	3601	0
April 25, 2008 9:00:00 AM UTC	1209135600000	92	8	yes	44.1	113.0	23392	20809	13328	5881	0	37966	2855	2855	0	3615	3615	0
April 25, 2008 9:01:00 AM UTC	1209135660000	92	8	yes	44.2	113.3	23392	20809	13322	5904	0	37949	2845	2844	1	3625	3625	0
April 25, 2008 9:02:00 AM UTC	1209135720000	94	6	yes	44.4	113.5	23392	20809	13338	5779	0	38058	2906	2906	0	3650	3648	2
April 25, 2008 9:03:00 AM UTC	1209135780000	96	4	yes	44.6	113.7	23392	20809	13330	5810	0	38035	2887	2887	0	3654	3653	1
April 25, 2008 9:04:00 AM UTC	1209135840000	94	6	yes	44.8	114.0	23392	20809	13345	5796	0	38034	2906	2906	0	3677	3677	0
April 25, 2008 9:05:00 AM UTC	1209135900000	94	6	yes	44.9	114.2	23392	20809	13324	5889	0	37962	2853	2853	0	3686	3686	0
April 25, 2008 9:06:00 AM UTC	1209135960000	94	6	yes	45.1	114.4	23392	20809	13337	5825	0	38013	2892	2892	0	3707	3704	3
April 25, 2008 9:07:00 AM UTC	1209136020000	96	4	yes	45.3	114.7	23392	20809	13324	5887	0	37964	2852	2852	0	3712	3709	3
April 25, 2008 9:08:00 AM UTC	1209136080000	98	2	yes	45.5	114.9	23392	20809	13338	5824	0	38013	2883	2883	0	3739	3737	2
April 25, 2008 9:09:00 AM UTC	1209136140000	98	2	yes	45.6	115.2	23392	20809	13338	5840	0	37997	2875	2875	0	3743	3725	18
April 25, 2008 9:10:00 AM UTC	1209136200000	99	1	yes	45.8	115.4	23392	20809	13338	5840	0	37997	2882	2882	0	3757	3670	87
April 25, 2008 9:11:00 AM UTC	1209136260000	100	0	yes	46.0	115.7	23392	20809	13327	5949	0	37899	2829	2829	0	3773	3771	2
April 25, 2008 9:12:00 AM UTC	1209136320000	100	0	yes	46.2	115.9	23392	20809	13327	5949	0	37899	2826	2826	0	3786	3786	0
April 25, 2008 9:13:00 AM UTC	1209136380000	100	0	yes	46.3	116.1	23392	20809	13336	5849	0	37990	2869	2869	0	3802	3802	0
April 25, 2008 9:14:00 AM UTC	1209136440000	100	0	yes	46.5	116.4	23392	20809	13330	5879	0	37966	2845	2845	0	3818	3818	0
April 25, 2008 9:15:00 AM UTC	1209136500000	100	0	no	46.7	116.6	23392	20809	13330	5879	0	37966	2851	2851	0	3831	3831	0
April 25, 2008 9:16:00 AM UTC	1209136560000	100	0	no	46.8	116.9	23392	20809	13322	5910	0	37943	2835	2835	0	3835	3835	0
April 25, 2008 9:17:00 AM UTC	1209136620000	100	0	no	47.0	117.2	23392	20809	13330	5879	0	37966	2848	2848	0	3857	3857	0
April 25, 2008 9:18:00 AM UTC	1209136680000	100	0	no	47.2	117.4	23392	20809	13322	5928	0	37925	2823	2823	0	3860	3860	0
April 25, 2008 9:19:00 AM UTC	1209136740000	100	0	no	47.4	117.7	23392	20809	13338	5867	0	37970	2853	2853	0	3883	3883	0
April 25, 2008 9:20:00 AM UTC	1209136800000	100	0	no	47.5	117.9	23392	20809	13322	5930	0	37923	2816	2816	0	3890	3890	0
April 25, 2008 9:21:00 AM UTC	1209136860000	100	0	no	47.7	118.2	23392	20809	13338	5870	0	37967	2851	2851	0	3906	3906	0
April 25, 2008 9:22:00 AM UTC	1209136920000	100	0	no	47.9	118.4	23392	20809	13322	5930	0	37923	2816	2816	0	3917	3917	0
April 25, 2008 9:23:00 AM UTC	1209136980000	100	0	no	48.0	118.7	23392	20809	13338	5806	0	38031	2877	2877	0	3944	3944	0
April 25, 2008 9:24:00 AM UTC	1209137040000	100	0	no	48.2	119.0	23392	20809	13329	5837	0	38009	2855	2855	0	3953	3953	0
April 25, 2008 9:25:00 AM UTC	1209137100000	100	0	no	48.4	119.2	23392	20809	13337	5805	0	38033	2884	2884	0	3966	3966	0
April 25, 2008 9:26:00 AM UTC	1209137160000	100	0	no	48.5	119.5	23392	20809	13330	5839	0	38006	2861	2861	0	3974	3974	0
April 25, 2008 9:27:00 AM UTC	1209137220000	100	0	no	48.7	119.8	23392	20809	13315	5907	0	37953	2836	2836	0	3974	3974	0
April 25, 2008 9:28:00 AM UTC	1209137280000	100	0	no	48.9	120.0	23392	20809	13329	5862	0	37984	2848	2848	0	3990	3990	0
April 25, 2008 9:29:00 AM UTC	1209137340000	100	0	no	49.0	120.3	23392	20809	13329	5861	0	37985	2842	2842	0	4009	4009	0
April 25, 2008 9:30:00 AM UTC	1209137400000	100	0	no	49.2	120.6	23392	20809	13329	5861	0	37985	2845	2845	0	4019	4019	0
April 25, 2008 9:31:00 AM UTC	1209137460000	100	0	yes	49.4	120.9	23392	20809	13321	5949	0	37905	2798	2798	0	4027	4027	0
April 25, 2008 9:32:00 AM UTC	1209137520000	100	0	no	49.5	121.1	23392	20809	13342	5854	0	37979	2849	2849	0	4058	4058	0
April 25, 2008 9:33:00 AM UTC	1209137580000	100	0	no	49.7	121.4	23392	20809	13323	5888	0	37964	2830	2830	0	4053	4053	0
April 25, 2008 9:34:00 AM UTC	1209137640000	100	0	no	49.9	121.7	23392	20809	13336	5828	0	38011	2865	2865	0	4077	4077	0
April 25, 2008 9:35:00 AM UTC	1209137700000	100	0	no	50.0	122.0	23392	20809	13336	5828	0	38011	2858	2858	0	4084	4084	0
April 25, 2008 9:36:00 AM UTC	1209137760000	100	0	no	50.2	122.3	23392	20809	13336	5852	0	37987	2845	2845	0	4094	4094	0
April 25, 2008 9:37:00 AM UTC	1209137820000	100	0	no	50.3	122.5	23392	20809	13335	5854	0	37986	2843	2843	0	4105	4105	0
April 25, 2008 9:38:00 AM UTC	1209137880000	100	0	no	50.5	122.8	23392	20809	13326	5891	0	37958	2820	2820	0	4115	4115	0
April 25, 2008 9:39:00 AM UTC	1209137940000	100	0	no	50.7	123.1	23392	20809	13334	5853	0	37988	2846	2846	0	4128	4128	0
April 25, 2008 9:40:00 AM UTC	1209138000000	100	0	no	50.8	123.4	23392	20809	13326	5891	0	37958	2818	2818	0	4140	4140	0
April 25, 2008 9:41:00 AM UTC	1209138060000	100	0	no	51.0	123.7	23392	20809	13326	5891	0	37958	2818	2818	0	4146	4146	0
April 25, 2008 9:42:00 AM UTC	1209138120000	100	0	no	51.1	124.0	23392	20809	13327	5836	0	38012	2852	2852	0	4164	4164	0
April 25, 2008 9:43:00 AM UTC	1209138180000	100	0	no	51.3	124.3	23392	20809	13341	5775	0	38059	2878	2878	0	4184	4184	0
April 25, 2008 9:44:00 AM UTC	1209138240000	100	0	no	51.5	124.6	23392	20809	13316	5899	0	37960	2809	2809	0	4181	4181	0
April 25, 2008 9:45:00 AM UTC	1209138300000	100	0	no	51.6	124.9	23392	20809	13326	5863	0	37986	2829	2829	0	4182	4182	0
April 25, 2008 9:46:00 AM UTC	1209138360000	100	0	no	51.8	125.2	23392	20809	13331	5844	0	38000	2840	2840	0	4211	4211	0
April 25, 2008 9:47:00 AM UTC	1209138420000	100	0	no	51.9	125.5	23392	20809	13327	5862	0	37986	2828	2828	0	4200	4200	0
April 25, 2008 9:48:00 AM UTC	1209138480000	99	1	no	52.1	125.8	23392	20809	13331	5844	0	38000	2838	2838	0	4224	4224	0
April 25, 2008 9:49:00 AM UTC	1209138540000	99	1	no	52.2	126.1	23392	20809	13321	5885	0	37969	2814	2814	0	4226	4226	0
April 25, 2008 9:50:00 AM UTC	1209138600000	97	3	no	52.4	126.4	23392	20809	13332	5785	0	38058	2871	2871	0	4247	4247	0
April 25, 2008 9:51:00 AM UTC	1209138660000	94	6	no	52.5	126.7	23392	20809	13323	5826	0	38026	2844	2844	0	4251	4251	0
April 25, 2008 9:52:00 AM UTC	1209138720000	88	11	no	52.7	127.0	23392	20809	13344	5754	0	38077	2874	2874	0	4277	4277	0
April 25, 2008 9:53:00 AM UTC	1209138780000	88	12	no	52.9	127.3	23392	20809	13334	5800	0	38041	2847	2833	14	4279	4279	0
April 25, 2008 9:54:00 AM UTC	1209138840000	86	14	no	53.0	127.6	23392	20809	13321	5856	0	37998	2811	2573	238	4281	4281	0
April 25, 2008 9:55:00 AM UTC	1209138900000	83	15	no	53.2	128.0	23392	20809	13334	5800	0	38041	2844	2726	118	4294	4294	0
April 25, 2008 9:56:00 AM UTC	1209138960000	75	23	yes	53.3	128.3	23392	20809	13324	5842	0	38009	2828	2503	325	4296	4248	48
April 25, 2008 9:57:00 AM UTC	1209139020000	67	30	yes	53.5	128.6	23392	20809	13333	5865	0	37977	2820	2501	319	4313	4188	125
April 25, 2008 9:58:00 AM UTC	1209139080000	68	29	yes	53.6	128.9	23392	20809	13326	5858	0	37991	2832	2710	122	4310	4310	0
April 25, 2008 9:59:00 AM UTC	1209139140000	70	28	yes	53.8	129.2	23392	20809	13347	5759	0	38069	2875	2856	19	4342	4301	41
April 25, 2008 10:00:00 AM UTC	1209139200000	70	26	yes	53.9	129.6	23392	20809	13324	5893	0	37958	2805	2742	63	4325	4302	23
April 25, 2008 10:01:00 AM UTC	1209139260000	66	30	yes	54.1	129.9	23392	20809	13324	5893	0	37958	2793	2421	372	4330	4299	31
April 25, 2008 10:02:00 AM UTC	1209139320000	61	32	yes	54.2	130.2	23392	20809	13335	5839	0	38001	2826	2309	517	4356	4200	156
April 25, 2008 10:03:00 AM UTC	1209139380000	58	35	yes	54.3	130.6	23392	20809	13324	5892	0	37959	2797	2336	460	4354	3830	524
April 25, 2008 10:04:00 AM UTC	1209139440000	57	36	yes	54.5	130.9	23392	20809	13327	5872	0	37976	2810	2292	517	4357	3814	543
April 25, 2008 10:05:00 AM UTC	1209139500000	56	33	yes	54.6	131.2	23392	20809	13338	5787	0	38050	2851	2253	585	4382	4009	373
April 25, 2008 10:06:00 AM UTC	1209139560000	56	31	yes	54.8	131.6	23392	20809	13341	5779	0	38055	2855	2122	685	4389	3739	650
April 25, 2008 10:07:00 AM UTC	1209139620000	57	31	yes	54.9	131.9	23392	20809	13327	5874	0	37974	2808	2011	749	4380	3563	817
April 25, 2008 10:08:00 AM UTC	1209139680000	56	33	yes	55.1	132.3	23392	20809	13327	5873	0	37975	2808	1780	933	4388	3079	1309
April 25, 2008 10:09:00 AM UTC	1209139740000	55	36	yes	55.2	132.6	23392	20809	13339	5821	0	38015	2835	1794	902	4404	3007	1397
April 25, 2008 10:10:00 AM UTC	1209139800000	54	39	yes	55.3	133.0	23392	20809	13318	5918	0	37939	2780	1401	1123	4387	2865	1513
April 25, 2008 10:11:00 AM UTC	1209139860000	51	38	yes	55.5	133.3	23392	20809	13339	5816	0	38020	2834	1346	1290	4420	2658	1760
April 25, 2008 10:12:00 AM UTC	1209139920000	45	41	yes	55.6	133.7	23392	20809	13329	5819	0	38027	2841	1297	1308	4415	1823	2553
April 25, 2008 10:13:00 AM UTC	1209139980000	41	39	yes	55.8	134.0	23392	20809	13340	5817	0	38018	2835	1191	1027	4427	1681	2515
April 25, 2008 10:14:00 AM UTC	1209140040000	35	40	yes	55.9	134.4	23392	20809	13319	5915	0	37941	2791	889	1249	4410	1553	2621
April 25, 2008 10:15:00 AM UTC	1209140100000	33	40	yes	56.0	134.7	23392	20809	13328	5870	0	37977	2808	982	873	4430	1395	2566
April 25, 2008 10:16:00 AM UTC	1209140160000	33	42	yes	56.2	135.1	23392	20809	13341	5819	0	38015	2837	748	1037	4439	1256	2803
April 25, 2008 10:17:00 AM UTC	1209140220000	34	42	yes	56.3	135.5	23392	20809	13316	5976	0	37883	2752	740	1175	4421	1152	2932
April 25, 2008 10:18:00 AM UTC	1209140280000	33	41	yes	56.4	135.8	23392	20809	13328	5928	0	37919	2770	813	1190	4447	1018	3101
April 25, 2008 10:19:00 AM UTC	1209140340000	35	39	yes	56.6	136.2	23392	20809	13328	5884	0	37963	2807	757	1253	4449	1112	2929
April 25, 2008 10:20:00 AM UTC	1209140400000	36	35	yes	56.7	136.6	23392	20809	13341	5885	0	37949	2787	817	1251	4467	1199	2756
April 25, 2008 10:21:00 AM UTC	1209140460000	38	33	yes	56.8	136.9	23392	20809	13328	5935	0	37912	2785	1230	1053	4444	1205	2805
April 25, 2008 10:22:00 AM UTC	1209140520000	38	31	yes	57.0	137.3	23392	20809	13316	5919	0	37940	2779	1335	887	4447	1210	2685
April 25, 2008 10:23:00 AM UTC	1209140580000	38	33	yes	57.1	137.7	23392	20809	13338	5822	0	38015	2829	1898	835	4480	1300	2431
April 25, 2008 10:24:00 AM UTC	1209140640000	37	30	yes	57.2	138.1	23392	20809	13338	5825	0	38012	2821	1761	651	4479	1447	2526
April 25, 2008 10:25:00 AM UTC	1209140700000	41	32	yes	57.4	138.4	23392	20809	13328	5872	0	37975	2806	2289	295	4472	1783	2280
April 25, 2008 10:26:00 AM UTC	1209140760000	49	27	yes	57.5	138.8	23392	20809	13326	5886	0	37963	2791	2516	224	4473	1980	2239
April 25, 2008 10:27:00 AM UTC	1209140820000	53	24	no	57.6	139.2	23392	20809	13340	5768	0	38067	2849	2629	155	4494	2125	2080
April 25, 2008 10:28:00 AM UTC	1209140880000	54	21	no	57.7	139.6	23392	20809	13317	5865	0	37993	2807	2648	150	4470	2095	2343
April 25, 2008 10:29:00 AM UTC	1209140940000	53	18	no	57.9	140.0	23392	20809	13328	5821	0	38026	2825	2792	33	4482	2211	2220
April 25, 2008 10:30:00 AM UTC	1209141000000	52	18	yes	58.0	140.4	23392	20809	13340	5768	0	38067	2855	2834	21	4501	2403	1998
April 25, 2008 10:31:00 AM UTC	1209141060000	51	18	no	58.1	140.8	23392	20809	13327	5819	0	38029	2825	2788	37	4489	2642	1820
April 25, 2008 10:32:00 AM UTC	1209141120000	50	20	no	58.2	141.2	23392	20809	13328	5837	0	38010	2823	2416	115	4492	2854	1612
April 25, 2008 10:33:00 AM UTC	1209141180000	54	20	no	58.3	141.6	23392	20809	13329	5838	0	38008	2826	2625	126	4489	2707	1748
April 25, 2008 10:34:00 AM UTC	1209141240000	58	20	yes	58.5	142.0	23392	20809	13338	5795	0	38042	2837	2754	80	4500	3065	1408
April 25, 2008 10:35:00 AM UTC	1209141300000	69	17	no	58.6	142.4	23392	20809	13326	5850	0	37999	2810	2424	248	4489	3428	1061
April 25, 2008 10:36:00 AM UTC	1209141360000	80	15	yes	58.7	142.8	23392	20809	13326	5848	0	38001	2805	2601	197	4491	3733	752
April 25, 2008 10:37:00 AM UTC	1209141420000	85	10	no	58.8	143.2	23392	20809	13326	5847	0	38002	2812	2631	176	4490	3703	787
April 25, 2008 10:38:00 AM UTC	1209141480000	87	9	no	58.9	143.7	23392	20809	13336	5826	0	38013	2827	2827	0	4503	3929	574
April 25, 2008 10:39:00 AM UTC	1209141540000	84	10	no	59.0	144.1	23392	20809	13329	5870	0	37976	2807	2786	21	4484	4242	242
April 25, 2008 10:40:00 AM UTC	1209141600000	72	14	no	59.1	144.5	23392	20809	13323	5882	0	37970	2804	2804	0	4475	4144	331
April 25, 2008 10:41:00 AM UTC	1209141660000	66	17	yes	59.3	144.9	23392	20809	13324	5882	0	37969	2805	2796	9	4492	4266	226
April 25, 2008 10:42:00 AM UTC	1209141720000	64	21	no	59.4	145.3	23392	20809	13332	5842	0	38001	2821	2588	233	4498	4339	159
April 25, 2008 10:43:00 AM UTC	1209141780000	69	23	yes	59.5	145.8	23392	20809	13322	5944	0	37909	2765	2013	468	4473	4412	61
April 25, 2008 10:44:00 AM UTC	1209141840000	67	26	yes	59.6	146.2	23392	20809	13333	5869	0	37973	2807	977	870	4488	4436	52
April 25, 2008 10:45:00 AM UTC	1209141900000	65	24	yes	59.7	146.6	23392	20809	13333	5869	0	37973	2807	1094	723	4491	4479	12
April 25, 2008 10:46:00 AM UTC	1209141960000	61	25	no	59.8	147.1	23392	20809	13318	5926	0	37931	2784	2449	259	4474	4442	32
April 25, 2008 10:47:00 AM UTC	1209142020000	65	20	no	59.9	147.5	23392	20809	13323	5908	0	37944	2784	2620	164	4479	4373	106
April 25, 2008 10:48:00 AM UTC	1209142080000	72	14	no	60.0	147.9	23392	20809	13328	5888	0	37959	2793	2712	77	4489	4489	0
April 25, 2008 10:49:00 AM UTC	1209142140000	74	12	no	60.1	148.4	23392	20809	13327	5920	0	37928	2780	2778	2	4485	4485	0
April 25, 2008 10:50:00 AM UTC	1209142200000	76	14	yes	60.2	148.8	23392	20809	13327	5920	0	37928	2782	2743	39	4485	4485	0
April 25, 2008 10:51:00 AM UTC	1209142260000	71	14	no	60.3	149.3	23392	20809	13327	5920	0	37928	2780	2096	563	4484	4484	0
April 25, 2008 10:52:00 AM UTC	1209142320000	70	17	yes	60.4	149.7	23392	20809	13336	5886	0	37953	2792	2423	318	4494	4494	0
April 25, 2008 10:53:00 AM UTC	1209142380000	65	17	no	60.5	150.2	23392	20809	13330	5871	0	37974	2801	2544	219	4488	4488	0
April 25, 2008 10:54:00 AM UTC	1209142440000	67	16	no	60.6	150.6	23392	20809	13333	5898	0	37944	2773	2453	317	4488	4488	0
April 25, 2008 10:55:00 AM UTC	1209142500000	75	14	no	60.7	151.1	23392	20809	13344	5832	0	37999	2820	2301	213	4508	4508	0
April 25, 2008 10:56:00 AM UTC	1209142560000	77	17	no	60.8	151.6	23392	20809	13335	5876	0	37964	2804	2714	67	4498	4491	7
April 25, 2008 10:57:00 AM UTC	1209142620000	80	11	no	60.9	152.0	23392	20809	13330	5902	0	37943	2786	2786	0	4490	4490	0
April 25, 2008 10:58:00 AM UTC	1209142680000	78	10	no	61.0	152.5	23392	20809	13330	5902	0	37943	2792	2782	10	4490	4490	0
April 25, 2008 10:59:00 AM UTC	1209142740000	81	12	no	61.0	152.9	23392	20809	13330	5902	0	37943	2785	2570	215	4490	4468	22
April 25, 2008 11:00:00 AM UTC	1209142800000	84	12	yes	61.1	153.4	23392	20809	13328	5941	0	37906	2777	2040	458	4487	4487	0
April 25, 2008 11:01:00 AM UTC	1209142860000	87	11	yes	61.2	153.9	23392	20809	13338	5832	0	38005	2818	2312	402	4502	4502	0
April 25, 2008 11:02:00 AM UTC	1209142920000	90	9	yes	61.3	154.4	23392	20809	13338	5832	0	38005	2824	2413	308	4501	4494	7
April 25, 2008 11:03:00 AM UTC	1209142980000	88	12	yes	61.4	154.8	23392	20809	13323	5894	0	37958	2798	2511	280	4484	4484	0
April 25, 2008 11:04:00 AM UTC	1209143040000	84	11	no	61.5	155.3	23392	20809	13333	5862	0	37980	2805	2015	491	4493	4493	0
April 25, 2008 11:05:00 AM UTC	1209143100000	81	12	yes	61.5	155.8	23392	20809	13331	5908	0	37936	2790	2520	172	4488	4480	8
April 25, 2008 11:06:00 AM UTC	1209143160000	86	9	no	61.6	156.3	23392	20809	13331	5908	0	37936	2789	2624	157	4487	4487	0
April 25, 2008 11:07:00 AM UTC	1209143220000	90	8	yes	61.7	156.8	23392	20809	13338	5881	0	37956	2801	2801	0	4492	4492	0
April 25, 2008 11:08:00 AM UTC	1209143280000	91	8	no	61.8	157.3	23392	20809	13338	5839	0	37998	2821	2818	3	4499	4487	12
April 25, 2008 11:09:00 AM UTC	1209143340000	90	8	no	61.8	157.8	23392	20809	13338	5839	0	37998	2815	2815	0	4498	4498	0
April 25, 2008 11:10:00 AM UTC	1209143400000	91	7	no	61.9	158.2	23392	20809	13336	5910	0	37929	2777	2764	13	4492	4492	0
April 25, 2008 11:11:00 AM UTC	1209143460000	94	5	no	62.0	158.7	23392	20809	13343	5866	0	37966	2804	2804	0	4501	4470	31
April 25, 2008 11:12:00 AM UTC	1209143520000	97	3	no	62.1	159.2	23392	20809	13329	5929	0	37917	2779	2779	0	4482	4344	138
April 25, 2008 11:13:00 AM UTC	1209143580000	98	2	no	62.1	159.7	23392	20809	13329	5929	0	37917	2772	2772	0	4480	4451	29
April 25, 2008 11:14:00 AM UTC	1209143640000	100	0	no	62.2	160.2	23392	20809	13335	5906	0	37934	2786	2786	0	4488	4488	0
April 25, 2008 11:15:00 AM UTC	1209143700000	100	0	no	62.2	160.7	23392	20809	13329	5920	0	37926	2775	2775	0	4483	4483	0
April 25, 2008 11:16:00 AM UTC	1209143760000	100	0	no	62.3	161.2	23392	20809	13335	5883	0	37957	2798	2798	0	4493	4493	0
April 25, 2008 11:17:00 AM UTC	1209143820000	99	1	no	62.4	161.8	23392	20809	13336	5882	0	37957	2799	2722	77	4494	4494	0
April 25, 2008 11:18:00 AM UTC	1209143880000	94	5	no	62.4	162.3	23392	20809	13330	5905	0	37940	2795	2787	8	4484	4462	22
April 25, 2008 11:19:00 AM UTC	1209143940000	87	9	no	62.5	162.8	23392	20809	13319	5910	0	37946	2789	2789	0	4478	4475	3
April 25, 2008 11:20:00 AM UTC	1209144000000	79	11	no	62.5	163.3	23392	20809	13339	5826	0	38010	2823	2299	509	4505	4504	1
April 25, 2008 11:21:00 AM UTC	1209144060000	73	17	yes	62.6	163.8	23392	20809	13324	5955	0	37896	2762	1524	719	4478	4383	95
April 25, 2008 11:22:00 AM UTC	1209144120000	70	18	no	62.7	164.3	23392	20809	13329	5934	0	37912	2768	2381	175	4481	4465	16
April 25, 2008 11:23:00 AM UTC	1209144180000	87	12	yes	62.7	164.8	23392	20809	13327	5945	0	37903	2776	2768	8	4478	4471	7
April 25, 2008 11:24:00 AM UTC	1209144240000	92	5	no	62.8	165.4	23392	20809	13329	5935	0	37911	2766	2747	19	4481	4327	154
April 25, 2008 11:25:00 AM UTC	1209144300000	84	9	no	62.8	165.9	23392	20809	13329	5935	0	37911	2778	2743	35	4483	4310	173
April 25, 2008 11:26:00 AM UTC	1209144360000	85	7	yes	62.8	166.4	23392	20809	13333	5894	0	37948	2785	2785	0	4490	4483	7
April 25, 2008 11:27:00 AM UTC	1209144420000	81	10	yes	62.9	166.9	23392	20809	13333	5904	0	37938	2787	2769	14	4489	4454	35
April 25, 2008 11:28:00 AM UTC	1209144480000	75	13	no	62.9	167.4	23392	20809	13337	5862	0	37976	2806	2269	303	4497	4476	21
April 25, 2008 11:29:00 AM UTC	1209144540000	62	19	yes	63.0	168.0	23392	20809	13337	5862	0	37976	2805	1686	537	4493	4287	206
April 25, 2008 11:30:00 AM UTC	1209144600000	59	22	yes	63.0	168.5	23392	20809	13337	5861	0	37977	2805	1939	426	4502	4085	413
April 25, 2008 11:31:00 AM UTC	1209144660000	56	23	yes	63.1	169.0	23392	20809	13334	5932	0	37909	2760	1160	365	4493	4378	106
April 25, 2008 11:32:00 AM UTC	1209144720000	67	14	yes	63.1	169.6	23392	20809	13320	6000	0	37855	2742	1081	341	4470	4425	45
April 25, 2008 11:33:00 AM UTC	1209144780000	73	15	no	63.1	170.1	23392	20809	13336	5920	0	37919	2777	2598	47	4501	4501	0
April 25, 2008 11:34:00 AM UTC	1209144840000	84	11	yes	63.2	170.6	23392	20809	13338	5839	0	37998	2816	2486	287	4505	4503	2
April 25, 2008 11:35:00 AM UTC	1209144900000	87	8	no	63.2	171.2	23392	20809	13324	5870	0	37981	2807	2683	65	4490	4490	0
April 25, 2008 11:36:00 AM UTC	1209144960000	90	7	no	63.2	171.7	23392	20809	13341	5804	0	38030	2835	2834	1	4508	4508	0
April 25, 2008 11:37:00 AM UTC	1209145020000	91	5	no	63.2	172.2	23392	20809	13324	5949	0	37902	2767	2767	0	4479	4455	24
April 25, 2008 11:38:00 AM UTC	1209145080000	87	7	yes	63.3	172.8	23392	20809	13326	5941	0	37908	2766	2739	27	4479	4055	424
April 25, 2008 11:39:00 AM UTC	1209145140000	79	14	yes	63.3	173.3	23392	20809	13340	5874	0	37961	2800	2740	60	4501	3969	532
April 25, 2008 11:40:00 AM UTC	1209145200000	62	19	yes	63.3	173.9	23392	20809	13324	5942	0	37909	2770	1750	239	4484	3844	611
April 25, 2008 11:41:00 AM UTC	1209145260000	50	18	yes	63.3	174.4	23392	20809	13325	5935	0	37915	2770	1190	279	4485	4427	58
April 25, 2008 11:42:00 AM UTC	1209145320000	42	18	yes	63.3	174.9	23392	20809	13325	5833	0	38017	2825	1234	352	4497	4021	476
April 25, 2008 11:43:00 AM UTC	1209145380000	39	21	yes	63.4	175.5	23392	20809	13324	5918	0	37933	2777	1954	249	4487	3623	858
April 25, 2008 11:44:00 AM UTC	1209145440000	40	22	no	63.4	176.0	23392	20809	13323	5919	0	37933	2783	2378	231	4489	3440	1019
April 25, 2008 11:45:00 AM UTC	1209145500000	44	20	no	63.4	176.6	23392	20809	13324	5914	0	37937	2779	2301	293	4491	2451	1748
April 25, 2008 11:46:00 AM UTC	1209145560000	46	24	yes	63.4	177.1	23392	20809	13324	5914	0	37937	2785	1154	223	4491	2234	1975
April 25, 2008 11:47:00 AM UTC	1209145620000	33	25	yes	63.4	177.6	23392	20809	13326	5912	0	37937	2779	999	191	4491	2922	1363
April 25, 2008 11:48:00 AM UTC	1209145680000	25	23	yes	63.4	178.2	23392	20809	13327	5909	0	37939	2780	732	888	4491	3149	1062
April 25, 2008 11:49:00 AM UTC	1209145740000	18	17	yes	63.4	178.7	23392	20809	13327	5888	0	37960	2790	748	400	4493	2702	1723
April 25, 2008 11:50:00 AM UTC	1209145800000	14	19	yes	63.4	179.3	23392	20809	13327	5889	0	37959	2784	1382	398	4491	1846	1813
April 25, 2008 11:51:00 AM UTC	1209145860000	10	19	yes	63.4	179.8	23392	20809	13327	5889	0	37959	2790	69	513	4493	1513	2124
April 25, 2008 11:52:00 AM UTC	1209145920000	7	17	yes	63.4	180.4	23392	20809	13327	5889	0	37959	2784	36	375	4491	1406	1931
April 25, 2008 11:53:00 AM UTC	1209145980000	7	17	yes	63.4	180.9	23392	20809	13327	5889	0	37959	2780	0	36	4492	1029	2194
April 25, 2008 11:54:00 AM UTC	1209146040000	8	18	yes	63.4	181.4	23392	20809	13327	5887	0	37961	2789	293	303	4491	695	2521
April 25, 2008 11:55:00 AM UTC	1209146100000	6	16	yes	63.4	182.0	23392	20809	13326	5909	0	37940	2778	14	168	4491	534	2178
April 25, 2008 11:56:00 AM UTC	1209146160000	5	13	yes	63.4	182.5	23392	20809	13325	5911	0	37939	2786	8	169	4492	547	2150
April 25, 2008 11:57:00 AM UTC	1209146220000	4	11	yes	63.4	183.1	23392	20809	13324	5912	0	37939	2780	1	105	4492	616	1738
April 25, 2008 11:58:00 AM UTC	1209146280000	3	10	yes	63.4	183.6	23392	20809	13324	5912	0	37939	2783	2	67	4491	839	1442
April 25, 2008 11:59:00 AM UTC	1209146340000	4	10	yes	63.4	184.2	23392	20809	13323	5916	0	37936	2780	0	90	4490	1254	1544
April 25, 2008 12:00:00 PM UTC	1209146400000	6	10	yes	63.4	184.7	23392	20809	13324	5916	0	37935	2777	0	84	4487	1133	1704
April 25, 2008 12:01:00 PM UTC	1209146460000	8	12	yes	63.3	185.2	23392	20809	13325	5858	0	37992	2817	0	52	4493	1055	1628
April 25, 2008 12:02:00 PM UTC	1209146520000	11	12	yes	63.3	185.8	23392	20809	13325	5931	0	37919	2771	0	16	4485	1802	1278
April 25, 2008 12:03:00 PM UTC	1209146580000	11	12	yes	63.3	186.3	23392	20809	13340	5872	0	37963	2799	0	57	4501	1562	1802
April 25, 2008 12:04:00 PM UTC	1209146640000	10	13	yes	63.3	186.9	23392	20809	13325	5938	0	37912	2767	1	24	4484	1118	1804
April 25, 2008 12:05:00 PM UTC	1209146700000	9	13	yes	63.3	187.4	23392	20809	13326	5937	0	37912	2768	0	65	4483	586	2145
April 25, 2008 12:06:00 PM UTC	1209146760000	7	17	yes	63.2	187.9	23392	20809	13324	5944	0	37907	2764	91	400	4479	886	2062
April 25, 2008 12:07:00 PM UTC	1209146820000	10	17	yes	63.2	188.5	23392	20809	13327	5865	0	37983	2804	564	273	4489	1553	2219
April 25, 2008 12:08:00 PM UTC	1209146880000	15	19	yes	63.2	189.0	23392	20809	13340	5825	0	38010	2822	478	444	4508	2048	1974
April 25, 2008 12:09:00 PM UTC	1209146940000	18	21	yes	63.2	189.5	23392	20809	13321	5982	0	37872	2751	306	527	4479	1517	2552
April 25, 2008 12:10:00 PM UTC	1209147000000	20	16	yes	63.1	190.1	23392	20809	13321	5982	0	37872	2749	971	110	4477	1675	1639
April 25, 2008 12:11:00 PM UTC	1209147060000	24	20	yes	63.1	190.6	23392	20809	13336	5927	0	37912	2768	724	563	4496	2563	1592
April 25, 2008 12:12:00 PM UTC	1209147120000	35	17	yes	63.0	191.1	23392	20809	13322	5919	0	37934	2778	1918	409	4471	3433	756
April 25, 2008 12:13:00 PM UTC	1209147180000	40	18	yes	63.0	191.7	23392	20809	13337	5855	0	37983	2806	229	160	4495	3311	841
April 25, 2008 12:14:00 PM UTC	1209147240000	43	21	yes	63.0	192.2	23392	20809	13337	5855	0	37983	2802	899	347	4497	2871	1371
April 25, 2008 12:15:00 PM UTC	1209147300000	49	16	yes	62.9	192.7	23392	20809	13323	5915	0	37937	2786	2045	160	4479	3058	875
April 25, 2008 12:16:00 PM UTC	1209147360000	54	16	no	62.9	193.2	23392	20809	13333	5901	0	37941	2787	2336	271	4490	2977	908
April 25, 2008 12:17:00 PM UTC	1209147420000	60	16	no	62.8	193.8	23392	20809	13329	5923	0	37923	2777	2066	439	4481	3651	547
April 25, 2008 12:18:00 PM UTC	1209147480000	66	15	yes	62.8	194.3	23392	20809	13344	5866	0	37965	2798	2398	226	4499	3987	498
April 25, 2008 12:19:00 PM UTC	1209147540000	78	16	yes	62.8	194.8	23392	20809	13329	5931	0	37915	2769	2697	72	4484	3995	489
April 25, 2008 12:20:00 PM UTC	1209147600000	84	11	yes	62.7	195.3	23392	20809	13329	5931	0	37915	2776	1861	166	4482	4260	219
April 25, 2008 12:21:00 PM UTC	1209147660000	79	12	yes	62.6	195.9	23392	20809	13343	5865	0	37967	2798	900	332	4500	4115	385
April 25, 2008 12:22:00 PM UTC	1209147720000	81	12	yes	62.6	196.4	23392	20809	13338	5894	0	37943	2782	2722	58	4496	3927	569
April 25, 2008 12:23:00 PM UTC	1209147780000	84	11	no	62.5	196.9	23392	20809	13326	5885	0	37964	2793	2326	185	4485	3213	1223
April 25, 2008 12:24:00 PM UTC	1209147840000	85	10	no	62.5	197.4	23392	20809	13335	5843	0	37997	2812	1855	249	4495	3113	1052
April 25, 2008 12:25:00 PM UTC	1209147900000	80	12	no	62.4	197.9	23392	20809	13337	5874	0	37964	2799	2381	363	4492	3049	740
April 25, 2008 12:26:00 PM UTC	1209147960000	75	8	no	62.4	198.4	23392	20809	13336	5877	0	37962	2803	1930	314	4492	3003	1001
April 25, 2008 12:27:00 PM UTC	1209148020000	73	10	no	62.3	198.9	23392	20809	13335	5878	0	37962	2796	2373	308	4493	3154	779
April 25, 2008 12:28:00 PM UTC	1209148080000	74	11	yes	62.2	199.4	23392	20809	13328	5924	0	37923	2778	385	166	4484	3293	816
April 25, 2008 12:29:00 PM UTC	1209148140000	66	14	yes	62.2	199.9	23392	20809	13329	5924	0	37922	2774	441	210	4483	2453	1390
April 25, 2008 12:30:00 PM UTC	1209148200000	61	14	yes	62.1	200.4	23392	20809	13329	5924	0	37922	2776	956	128	4485	2311	1591
April 25, 2008 12:31:00 PM UTC	1209148260000	54	14	yes	62.0	200.9	23392	20809	13338	5872	0	37965	2797	1	216	4498	3254	888
April 25, 2008 12:32:00 PM UTC	1209148320000	54	14	yes	62.0	201.4	23392	20809	13343	5861	0	37971	2801	389	775	4502	3650	560
April 25, 2008 12:33:00 PM UTC	1209148380000	61	15	yes	61.9	201.9	23392	20809	13323	5896	0	37956	2792	921	431	4481	2907	1043
April 25, 2008 12:34:00 PM UTC	1209148440000	60	14	yes	61.8	202.4	23392	20809	13325	5898	0	37952	2792	146	486	4479	2761	959
April 25, 2008 12:35:00 PM UTC	1209148500000	52	10	yes	61.8	202.9	23392	20809	13338	5834	0	38003	2817	23	224	4499	3687	376
April 25, 2008 12:36:00 PM UTC	1209148560000	58	9	yes	61.7	203.4	23392	20809	13331	5903	0	37941	2788	1354	79	4489	3676	447
April 25, 2008 12:37:00 PM UTC	1209148620000	64	7	yes	61.6	203.9	23392	20809	13331	5903	0	37941	2789	1126	103	4487	3303	657
April 25, 2008 12:38:00 PM UTC	1209148680000	61	8	yes	61.5	204.4	23392	20809	13330	5924	0	37921	2770	76	377	4485	3063	707
April 25, 2008 12:39:00 PM UTC	1209148740000	54	10	yes	61.5	204.8	23392	20809	13339	5825	0	38011	2820	471	615	4501	3128	820
April 25, 2008 12:40:00 PM UTC	1209148800000	57	10	yes	61.4	205.3	23392	20809	13338	5826	0	38011	2824	1353	98	4501	3132	881
April 25, 2008 12:41:00 PM UTC	1209148860000	57	13	no	61.3	205.8	23392	20809	13338	5826	0	38011	2818	2223	182	4500	2416	1614
April 25, 2008 12:42:00 PM UTC	1209148920000	60	15	no	61.2	206.3	23392	20809	13330	5934	0	37911	2775	2499	259	4483	2200	1722
April 25, 2008 12:43:00 PM UTC	1209148980000	57	14	no	61.1	206.7	23392	20809	13334	5925	0	37916	2763	2301	224	4493	2403	1370
April 25, 2008 12:44:00 PM UTC	1209149040000	58	13	no	61.0	207.2	23392	20809	13330	5886	0	37959	2786	2761	25	4489	2568	1477
April 25, 2008 12:45:00 PM UTC	1209149100000	60	17	no	60.9	207.7	23392	20809	13323	5919	0	37933	2782	2657	125	4480	2175	2204
April 25, 2008 12:46:00 PM UTC	1209149160000	60	21	yes	60.9	208.1	23392	20809	13330	5886	0	37959	2785	1724	332	4490	2831	1519
April 25, 2008 12:47:00 PM UTC	1209149220000	44	17	yes	60.8	208.6	23392	20809	13321	5928	0	37926	2774	1419	213	4478	2113	1946
April 25, 2008 12:48:00 PM UTC	1209149280000	39	20	yes	60.7	209.1	23392	20809	13336	5859	0	37980	2803	909	394	4500	1818	2551
April 25, 2008 12:49:00 PM UTC	1209149340000	32	24	yes	60.6	209.5	23392	20809	13336	5827	0	38012	2820	521	664	4505	1659	2663
April 25, 2008 12:50:00 PM UTC	1209149400000	32	19	no	60.5	210.0	23392	20809	13333	5875	0	37967	2802	1989	493	4497	1622	2203
April 25, 2008 12:51:00 PM UTC	1209149460000	38	21	yes	60.4	210.4	23392	20809	13328	5912	0	37935	2777	2152	499	4484	2062	1597
April 25, 2008 12:52:00 PM UTC	1209149520000	38	18	yes	60.3	210.9	23392	20809	13336	5877	0	37962	2801	1435	531	4497	2310	1383
April 25, 2008 12:53:00 PM UTC	1209149580000	43	14	yes	60.2	211.3	23392	20809	13340	5856	0	37979	2802	1272	203	4501	2313	1287
April 25, 2008 12:54:00 PM UTC	1209149640000	38	15	yes	60.1	211.8	23392	20809	13331	5919	0	37925	2775	450	525	4485	2121	1855
April 25, 2008 12:55:00 PM UTC	1209149700000	38	15	yes	60.0	212.2	23392	20809	13342	5824	0	38009	2820	1117	378	4501	2913	1345
April 25, 2008 12:56:00 PM UTC	1209149760000	43	15	yes	59.9	212.7	23392	20809	13332	5862	0	37981	2804	1293	437	4493	2885	1362
April 25, 2008 12:57:00 PM UTC	1209149820000	42	18	yes	59.8	213.1	23392	20809	13333	5862	0	37980	2805	198	1376	4490	3292	746
April 25, 2008 12:58:00 PM UTC	1209149880000	41	16	yes	59.7	213.5	23392	20809	13324	5900	0	37951	2793	530	793	4482	3114	1037
April 25, 2008 12:59:00 PM UTC	1209149940000	45	15	yes	59.6	214.0	23392	20809	13332	5862	0	37981	2809	773	688	4495	2953	1020
April 25, 2008 1:00:00 PM UTC	1209150000000	47	17	yes	59.5	214.4	23392	20809	13337	5819	0	38019	2829	1215	785	4493	3244	1193
April 25, 2008 1:01:00 PM UTC	1209150060000	43	26	yes	59.4	214.8	23392	20809	13336	5820	0	38019	2824	1369	787	4494	3589	528
April 25, 2008 1:02:00 PM UTC	1209150120000	44	14	no	59.3	215.3	23392	20809	13336	5820	0	38019	2824	2659	148	4500	3782	568
April 25, 2008 1:03:00 PM UTC	1209150180000	58	10	no	59.1	215.7	23392	20809	13336	5820	0	38019	2825	2824	1	4509	4051	419
April 25, 2008 1:04:00 PM UTC	1209150240000	68	17	yes	59.0	216.1	23392	20809	13325	5860	0	37990	2809	2107	619	4486	3661	816
April 25, 2008 1:05:00 PM UTC	1209150300000	75	15	no	58.9	216.5	23392	20809	13327	5859	0	37989	2805	2805	0	4484	3535	947
April 25, 2008 1:06:00 PM UTC	1209150360000	81	14	no	58.8	216.9	23392	20809	13339	5783	0	38053	2830	2830	0	4504	3333	1082
April 25, 2008 1:07:00 PM UTC	1209150420000	76	17	no	58.7	217.3	23392	20809	13338	5784	0	38053	2831	2828	3	4505	3237	990
April 25, 2008 1:08:00 PM UTC	1209150480000	68	19	no	58.6	217.7	23392	20809	13324	5840	0	38011	2816	2816	0	4487	2785	1429
April 25, 2008 1:09:00 PM UTC	1209150540000	67	17	no	58.5	218.2	23392	20809	13326	5834	0	38015	2810	2810	0	4489	2900	1143
April 25, 2008 1:10:00 PM UTC	1209150600000	70	12	no	58.3	218.6	23392	20809	13337	5784	0	38054	2841	2841	0	4500	2814	871
April 25, 2008 1:11:00 PM UTC	1209150660000	62	14	no	58.2	219.0	23392	20809	13328	5829	0	38018	2819	2819	0	4488	3016	948
April 25, 2008 1:12:00 PM UTC	1209150720000	58	12	no	58.1	219.4	23392	20809	13328	5813	0	38034	2829	2829	0	4489	2425	1331
April 25, 2008 1:13:00 PM UTC	1209150780000	57	17	no	58.0	219.8	23392	20809	13330	5812	0	38033	2832	2832	0	4486	2426	1843
April 25, 2008 1:13:56 PM UTC	1209150836000	53	13	no	57.9	220.1	23392	20809	13340	5761	0	38074	2850	2850	0	4499	3098	1191
April 25, 2008 1:15:00 PM UTC	1209150900000	57	10	no	57.7	220.5	23392	20809	13329	5807	0	38039	2833	2832	1	4482	3604	769
April 25, 2008 1:16:00 PM UTC	1209150960000	57	13	yes	57.6	220.9	23392	20809	13328	5871	0	37976	2801	2462	337	4477	3773	704
April 25, 2008 1:17:00 PM UTC	1209151020000	52	13	no	57.5	221.3	23392	20809	13328	5871	0	37976	2802	2283	455	4474	4190	264
April 25, 2008 1:18:00 PM UTC	1209151080000	52	17	yes	57.3	221.7	23392	20809	13328	5867	0	37980	2805	1566	989	4474	4175	287
April 25, 2008 1:19:00 PM UTC	1209151140000	56	14	no	57.2	222.1	23392	20809	13328	5867	0	37980	2803	2069	428	4467	3874	593
April 25, 2008 1:20:00 PM UTC	1209151200000	65	15	yes	57.1	222.5	23392	20809	13338	5818	0	38019	2831	2754	77	4478	4325	153
April 25, 2008 1:21:00 PM UTC	1209151260000	70	15	no	57.0	222.9	23392	20809	13341	5878	0	37956	2803	2803	0	4461	3890	571
April 25, 2008 1:22:00 PM UTC	1209151320000	68	19	no	56.8	223.2	23392	20809	13316	5976	0	37883	2752	2365	355	4437	3815	622
April 25, 2008 1:23:00 PM UTC	1209151380000	62	15	no	56.7	223.6	23392	20809	13328	5928	0	37919	2773	2744	29	4451	3801	650
April 25, 2008 1:24:00 PM UTC	1209151440000	60	17	no	56.6	224.0	23392	20809	13316	5969	0	37890	2755	2742	13	4433	4092	336
April 25, 2008 1:25:00 PM UTC	1209151500000	58	16	no	56.4	224.3	23392	20809	13329	5922	0	37924	2770	2768	2	4444	3955	485
April 25, 2008 1:26:00 PM UTC	1209151560000	60	10	no	56.3	224.7	23392	20809	13328	5847	0	38000	2812	2812	0	4438	3816	622
April 25, 2008 1:27:00 PM UTC	1209151620000	64	10	no	56.2	225.1	23392	20809	13316	5895	0	37964	2783	2783	0	4422	3875	441
April 25, 2008 1:28:00 PM UTC	1209151680000	69	8	no	56.0	225.4	23392	20809	13338	5798	0	38039	2831	2831	0	4444	4403	41
April 25, 2008 1:29:00 PM UTC	1209151740000	75	7	no	55.9	225.8	23392	20809	13329	5848	0	37998	2813	2813	0	4422	4420	2
April 25, 2008 1:30:00 PM UTC	1209151800000	79	8	no	55.8	226.1	23392	20809	13341	5768	0	38066	2858	2858	0	4435	4323	112
April 25, 2008 1:31:00 PM UTC	1209151860000	81	8	no	55.6	226.5	23392	20809	13328	5858	0	37989	2813	2813	0	4410	4252	158
April 25, 2008 1:32:00 PM UTC	1209151920000	82	8	no	55.5	226.9	23392	20809	13329	5863	0	37983	2802	2802	0	4408	4298	100
April 25, 2008 1:33:00 PM UTC	1209151980000	84	9	no	55.3	227.2	23392	20809	13327	5868	0	37980	2804	2804	0	4399	4399	0
April 25, 2008 1:34:00 PM UTC	1209152040000	88	8	no	55.2	227.6	23392	20809	13316	5915	0	37944	2785	2785	0	4382	4346	36
April 25, 2008 1:35:00 PM UTC	1209152100000	92	6	no	55.1	227.9	23392	20809	13339	5818	0	38018	2826	2826	0	4401	4288	113
April 25, 2008 1:36:00 PM UTC	1209152160000	93	7	no	54.9	228.2	23392	20809	13327	5870	0	37978	2811	2811	0	4377	4261	116
April 25, 2008 1:37:00 PM UTC	1209152220000	89	4	no	54.8	228.6	23392	20809	13328	5832	0	38015	2829	2829	0	4375	4050	325
April 25, 2008 1:38:00 PM UTC	1209152280000	83	7	no	54.6	228.9	23392	20809	13326	5882	0	37967	2805	2805	0	4369	3820	547
April 25, 2008 1:39:00 PM UTC	1209152340000	76	6	no	54.5	229.3	23392	20809	13335	5848	0	37992	2818	2818	0	4363	3780	481
April 25, 2008 1:40:00 PM UTC	1209152400000	74	7	no	54.3	229.6	23392	20809	13314	5936	0	37925	2774	2774	0	4343	4021	322
April 25, 2008 1:41:00 PM UTC	1209152460000	73	8	no	54.2	229.9	23392	20809	13324	5894	0	37957	2799	2799	0	4341	3864	471
April 25, 2008 1:42:00 PM UTC	1209152520000	69	7	no	54.0	230.3	23392	20809	13336	5838	0	38001	2826	2826	0	4345	4022	206
April 25, 2008 1:43:00 PM UTC	1209152580000	68	4	no	53.9	230.6	23392	20809	13324	5893	0	37958	2803	2799	4	4326	4011	186
April 25, 2008 1:44:00 PM UTC	1209152640000	66	4	no	53.7	230.9	23392	20809	13326	5860	0	37989	2824	2824	0	4317	4178	136
April 25, 2008 1:45:00 PM UTC	1209152700000	66	6	no	53.6	231.2	23392	20809	13335	5817	0	38023	2850	2669	173	4321	4291	30
April 25, 2008 1:46:00 PM UTC	1209152760000	64	10	yes	53.5	231.6	23392	20809	13332	5875	0	37968	2803	2410	388	4311	4064	247
April 25, 2008 1:47:00 PM UTC	1209152820000	63	11	yes	53.3	231.9	23392	20809	13323	5859	0	37993	2819	2003	637	4294	4240	54
April 25, 2008 1:48:00 PM UTC	1209152880000	63	11	yes	53.2	232.2	23392	20809	13334	5802	0	38039	2843	2406	437	4297	3960	337
April 25, 2008 1:49:00 PM UTC	1209152940000	65	14	yes	53.0	232.5	23392	20809	13334	5802	0	38039	2849	2782	67	4289	3079	1093
April 25, 2008 1:50:00 PM UTC	1209153000000	64	17	yes	52.8	232.8	23392	20809	13321	5863	0	37991	2826	2793	33	4264	2574	1690
April 25, 2008 1:51:00 PM UTC	1209153060000	56	28	yes	52.7	233.1	23392	20809	13335	5772	0	38068	2868	2596	271	4271	2439	1814
April 25, 2008 1:52:00 PM UTC	1209153120000	45	32	yes	52.5	233.5	23392	20809	13333	5786	0	38056	2871	2060	625	4256	2643	1613
April 25, 2008 1:53:00 PM UTC	1209153180000	44	20	yes	52.4	233.8	23392	20809	13330	5841	0	38004	2830	2505	274	4248	3062	1145
April 25, 2008 1:54:00 PM UTC	1209153240000	45	15	yes	52.2	234.1	23392	20809	13319	5898	0	37958	2810	2271	473	4216	3236	973
April 25, 2008 1:55:00 PM UTC	1209153300000	48	13	yes	52.1	234.4	23392	20809	13331	5841	0	38003	2840	2306	475	4231	3522	689
April 25, 2008 1:56:00 PM UTC	1209153360000	53	13	yes	51.9	234.7	23392	20809	13331	5841	0	38003	2842	2211	545	4210	3800	410
April 25, 2008 1:57:00 PM UTC	1209153420000	55	14	yes	51.8	235.0	23392	20809	13316	5897	0	37962	2806	2252	482	4206	3960	246
April 25, 2008 1:58:00 PM UTC	1209153480000	57	19	yes	51.6	235.3	23392	20809	13336	5800	0	38039	2855	2544	308	4200	4044	156
April 25, 2008 1:59:00 PM UTC	1209153540000	55	17	yes	51.5	235.6	23392	20809	13317	5873	0	37985	2825	2357	358	4171	4068	103
April 25, 2008 2:00:00 PM UTC	1209153600000	53	22	yes	51.3	235.9	23392	20809	13328	5831	0	38016	2839	2510	329	4181	3774	407
April 25, 2008 2:01:00 PM UTC	1209153660000	52	24	yes	51.1	236.2	23392	20809	13328	5831	0	38016	2849	2390	398	4155	3210	945
April 25, 2008 2:02:00 PM UTC	1209153720000	52	26	yes	51.0	236.5	23392	20809	13326	5894	0	37955	2826	1687	1110	4147	3291	797
April 25, 2008 2:03:00 PM UTC	1209153780000	50	25	yes	50.8	236.8	23392	20809	13326	5894	0	37955	2819	1021	1390	4132	3250	865
April 25, 2008 2:04:00 PM UTC	1209153840000	55	18	yes	50.7	237.0	23392	20809	13334	5856	0	37985	2850	1121	1468	4126	2849	1277
April 25, 2008 2:05:00 PM UTC	1209153900000	62	18	yes	50.5	237.3	23392	20809	13326	5893	0	37956	2821	829	1632	4114	2929	1156
April 25, 2008 2:06:00 PM UTC	1209153960000	65	18	yes	50.3	237.6	23392	20809	13335	5857	0	37983	2841	913	1288	4108	3053	1053
April 25, 2008 2:07:00 PM UTC	1209154020000	62	19	yes	50.2	237.9	23392	20809	13336	5832	0	38007	2861	755	1521	4096	3174	922
April 25, 2008 2:08:00 PM UTC	1209154080000	59	21	yes	50.0	238.2	23392	20809	13321	5891	0	37963	2830	971	1464	4079	3253	826
April 25, 2008 2:09:00 PM UTC	1209154140000	56	21	yes	49.8	238.5	23392	20809	13336	5831	0	38008	2865	993	1455	4077	3390	687
April 25, 2008 2:10:00 PM UTC	1209154200000	60	18	yes	49.7	238.7	23392	20809	13330	5855	0	37990	2849	1910	637	4060	3270	790
April 25, 2008 2:11:00 PM UTC	1209154260000	61	21	yes	49.5	239.0	23392	20809	13321	5952	0	37902	2802	2067	681	4039	3172	853
April 25, 2008 2:12:00 PM UTC	1209154320000	67	14	no	49.4	239.3	23392	20809	13343	5799	0	38033	2874	2851	9	4039	3569	420
April 25, 2008 2:13:00 PM UTC	1209154380000	71	12	no	49.2	239.6	23392	20809	13329	5859	0	37987	2840	2816	7	4020	3682	335
April 25, 2008 2:14:00 PM UTC	1209154440000	66	15	no	49.0	239.8	23392	20809	13320	5899	0	37956	2818	2816	1	4007	3534	473
April 25, 2008 2:15:00 PM UTC	1209154500000	60	21	yes	48.9	240.1	23392	20809	13329	5858	0	37988	2848	2848	0	3992	3261	731
April 25, 2008 2:16:00 PM UTC	1209154560000	52	22	no	48.7	240.4	23392	20809	13330	5841	0	38004	2863	2810	53	3985	3092	872
April 25, 2008 2:17:00 PM UTC	1209154620000	50	21	no	48.5	240.7	23392	20809	13324	5868	0	37983	2837	2835	1	3974	2974	997
April 25, 2008 2:18:00 PM UTC	1209154680000	47	21	no	48.4	240.9	23392	20809	13329	5840	0	38006	2859	2729	130	3962	2824	1138
April 25, 2008 2:19:00 PM UTC	1209154740000	44	23	no	48.2	241.2	23392	20809	13323	5868	0	37984	2845	2565	280	3946	2570	1348
April 25, 2008 2:20:00 PM UTC	1209154800000	46	24	yes	48.0	241.4	23392	20809	13335	5871	0	37969	2847	2505	322	3943	3099	844
April 25, 2008 2:21:00 PM UTC	1209154860000	48	23	yes	47.9	241.7	23392	20809	13336	5872	0	37967	2852	2424	422	3920	3180	740
April 25, 2008 2:22:00 PM UTC	1209154920000	51	26	yes	47.7	242.0	23392	20809	13322	5933	0	37920	2823	2155	641	3899	2547	1352
April 25, 2008 2:23:00 PM UTC	1209154980000	56	25	yes	47.5	242.2	23392	20809	13338	5872	0	37965	2850	2247	569	3904	2867	1037
April 25, 2008 2:24:00 PM UTC	1209155040000	57	27	yes	47.4	242.5	23392	20809	13330	5866	0	37979	2850	1844	803	3881	2927	954
April 25, 2008 2:25:00 PM UTC	1209155100000	56	27	yes	47.2	242.7	23392	20809	13338	5850	0	37987	2875	1893	861	3873	3191	682
April 25, 2008 2:26:00 PM UTC	1209155160000	58	24	yes	47.0	243.0	23392	20809	13322	5912	0	37941	2828	2050	650	3853	3429	424
April 25, 2008 2:27:00 PM UTC	1209155220000	51	29	yes	46.8	243.3	23392	20809	13330	5881	0	37964	2860	2225	585	3838	3312	526
April 25, 2008 2:28:00 PM UTC	1209155280000	52	29	yes	46.7	243.5	23392	20809	13330	5881	0	37964	2853	2506	342	3826	3526	300
April 25, 2008 2:29:00 PM UTC	1209155340000	61	26	yes	46.5	243.8	23392	20809	13330	5881	0	37964	2841	2809	32	3819	3514	305
April 25, 2008 2:30:00 PM UTC	1209155400000	71	22	yes	46.3	244.0	23392	20809	13335	5906	0	37934	2849	2766	83	3797	3672	125
April 25, 2008 2:31:00 PM UTC	1209155460000	79	18	yes	46.2	244.3	23392	20809	13326	5944	0	37905	2824	2575	249	3788	3129	658
April 25, 2008 2:32:00 PM UTC	1209155520000	82	14	yes	46.0	244.5	23392	20809	13314	6003	0	37858	2791	2548	243	3764	2558	1206
April 25, 2008 2:33:00 PM UTC	1209155580000	84	14	yes	45.8	244.7	23392	20809	13338	5843	0	37994	2877	2694	183	3759	2660	1099
April 25, 2008 2:34:00 PM UTC	1209155640000	81	18	yes	45.6	245.0	23392	20809	13322	5906	0	37947	2835	2219	616	3740	2461	1278
April 25, 2008 2:35:00 PM UTC	1209155700000	80	18	yes	45.5	245.2	23392	20809	13331	5855	0	37989	2870	2237	633	3736	2556	1169
April 25, 2008 2:36:00 PM UTC	1209155760000	78	20	yes	45.3	245.5	23392	20809	13324	5891	0	37960	2852	2526	326	3713	2164	1520
April 25, 2008 2:37:00 PM UTC	1209155820000	76	20	yes	45.1	245.7	23392	20809	13324	5890	0	37961	2859	2444	415	3697	2241	1445
April 25, 2008 2:38:00 PM UTC	1209155880000	71	24	yes	44.9	246.0	23392	20809	13338	5825	0	38012	2886	1455	1307	3693	2121	1564
April 25, 2008 2:39:00 PM UTC	1209155940000	67	29	yes	44.8	246.2	23392	20809	13329	5819	0	38027	2882	1506	1335	3669	2245	1414
April 25, 2008 2:40:00 PM UTC	1209156000000	68	29	yes	44.6	246.4	23392	20809	13345	5751	0	38079	2925	1521	1306	3661	2138	1522
April 25, 2008 2:41:00 PM UTC	1209156060000	65	32	yes	44.4	246.7	23392	20809	13321	5913	0	37941	2837	1529	1229	3642	2105	1537
April 25, 2008 2:42:00 PM UTC	1209156120000	66	28	yes	44.2	246.9	23392	20809	13342	5822	0	38011	2891	1651	1098	3636	2053	1583
April 25, 2008 2:43:00 PM UTC	1209156180000	68	25	yes	44.1	247.1	23392	20809	13328	5882	0	37965	2853	1900	897	3614	1854	1760
April 25, 2008 2:44:00 PM UTC	1209156240000	72	25	yes	43.9	247.4	23392	20809	13328	5880	0	37967	2853	1756	1088	3602	2175	1427
April 25, 2008 2:45:00 PM UTC	1209156300000	73	24	yes	43.7	247.6	23392	20809	13335	5844	0	37996	2892	1794	1022	3579	2293	1286
April 25, 2008 2:46:00 PM UTC	1209156360000	77	19	yes	43.5	247.8	23392	20809	13336	5844	0	37995	2886	2145	735	3568	2565	943
April 25, 2008 2:47:00 PM UTC	1209156420000	83	15	yes	43.4	248.1	23392	20809	13330	5871	0	37974	2875	2418	455	3552	2892	656
April 25, 2008 2:48:00 PM UTC	1209156480000	86	14	yes	43.2	248.3	23392	20809	13329	5869	0	37977	2871	2842	29	3538	2963	575
April 25, 2008 2:49:00 PM UTC	1209156540000	88	12	yes	43.0	248.5	23392	20809	13335	5844	0	37996	2889	2889	0	3526	3093	433
April 25, 2008 2:50:00 PM UTC	1209156600000	89	11	yes	42.8	248.7	23392	20809	13335	5844	0	37996	2888	2827	61	3515	3040	470
April 25, 2008 2:51:00 PM UTC	1209156660000	88	12	yes	42.6	249.0	23392	20809	13335	5844	0	37996	2891	2879	12	3490	2985	505
April 25, 2008 2:52:00 PM UTC	1209156720000	85	14	yes	42.5	249.2	23392	20809	13341	5819	0	38015	2911	2890	21	3478	3179	283
April 25, 2008 2:53:00 PM UTC	1209156780000	77	22	yes	42.3	249.4	23392	20809	13319	5978	0	37878	2823	2819	4	3459	3269	190
April 25, 2008 2:54:00 PM UTC	1209156840000	77	19	yes	42.1	249.6	23392	20809	13333	5914	0	37928	2868	2868	0	3447	3370	77
April 25, 2008 2:55:00 PM UTC	1209156900000	78	14	yes	41.9	249.9	23392	20809	13319	5978	0	37878	2825	2825	0	3424	3358	66
April 25, 2008 2:56:00 PM UTC	1209156960000	80	11	yes	41.7	250.1	23392	20809	13338	5879	0	37958	2889	2889	0	3417	3415	2
April 25, 2008 2:57:00 PM UTC	1209157020000	75	12	yes	41.6	250.3	23392	20809	13325	5945	0	37905	2847	2847	0	3402	3401	1
April 25, 2008 2:58:00 PM UTC	1209157080000	68	14	yes	41.4	250.5	23392	20809	13342	5879	0	37954	2892	2892	0	3385	3385	0
April 25, 2008 2:59:00 PM UTC	1209157140000	64	10	no	41.2	250.7	23392	20809	13325	5945	0	37905	2855	2855	0	3372	3372	0
April 25, 2008 3:00:00 PM UTC	1209157200000	63	9	no	41.0	250.9	23392	20809	13343	5852	0	37980	2906	2906	0	3353	3353	0
April 25, 2008 3:01:00 PM UTC	1209157260000	64	10	no	40.8	251.2	23392	20809	13326	5942	0	37907	2853	2840	13	3335	3332	3
April 25, 2008 3:02:00 PM UTC	1209157320000	65	10	no	40.7	251.4	23392	20809	13343	5876	0	37956	2891	2886	3	3321	3321	0
April 25, 2008 3:03:00 PM UTC	1209157380000	69	9	no	40.5	251.6	23392	20809	13328	5826	0	38021	2892	2892	0	3307	3291	16
April 25, 2008 3:04:00 PM UTC	1209157440000	70	11	no	40.3	251.8	23392	20809	13348	5738	0	38089	2947	2947	0	3294	3201	93
April 25, 2008 3:05:00 PM UTC	1209157500000	74	12	no	40.1	252.0	23392	20809	13330	5872	0	37973	2873	2867	6	3279	3274	5
April 25, 2008 3:06:00 PM UTC	1209157560000	82	10	no	39.9	252.2	23392	20809	13330	5871	0	37974	2880	2880	0	3259	3259	0
April 25, 2008 3:07:00 PM UTC	1209157620000	86	8	no	39.8	252.4	23392	20809	13330	5871	0	37974	2884	2884	0	3242	3242	0
April 25, 2008 3:08:00 PM UTC	1209157680000	82	13	no	39.6	252.6	23392	20809	13335	5850	0	37990	2909	2909	0	3220	3216	4
April 25, 2008 3:09:00 PM UTC	1209157740000	80	14	no	39.4	252.8	23392	20809	13335	5850	0	37990	2905	2904	0	3209	3208	1
April 25, 2008 3:10:00 PM UTC	1209157800000	82	14	no	39.2	253.1	23392	20809	13315	5937	0	37923	2845	2845	0	3198	3198	0
April 25, 2008 3:11:00 PM UTC	1209157860000	84	12	no	39.0	253.3	23392	20809	13331	5870	0	37974	2894	2894	0	3180	3180	0
April 25, 2008 3:12:00 PM UTC	1209157920000	83	12	no	38.8	253.5	23392	20809	13317	5938	0	37920	2858	2855	3	3161	3161	0
April 25, 2008 3:13:00 PM UTC	1209157980000	79	15	no	38.7	253.7	23392	20809	13336	5849	0	37990	2910	2895	15	3146	3146	0
April 25, 2008 3:14:00 PM UTC	1209158040000	74	15	no	38.5	253.9	23392	20809	13322	5915	0	37938	2865	2834	19	3132	3127	5
April 25, 2008 3:15:00 PM UTC	1209158100000	75	14	no	38.3	254.1	23392	20809	13337	5848	0	37990	2910	2901	8	3115	3115	0
April 25, 2008 3:16:00 PM UTC	1209158160000	82	10	no	38.1	254.3	23392	20809	13321	5914	0	37940	2864	2862	0	3106	3105	1
April 25, 2008 3:17:00 PM UTC	1209158220000	81	12	no	37.9	254.5	23392	20809	13336	5847	0	37992	2903	2901	0	3092	3092	0
April 25, 2008 3:18:00 PM UTC	1209158280000	82	10	no	37.7	254.7	23392	20809	13326	5896	0	37953	2867	2864	0	3081	3081	0
April 25, 2008 3:19:00 PM UTC	1209158340000	81	11	no	37.6	254.9	23392	20809	13338	5904	0	37933	2889	2889	0	3065	3065	0
April 25, 2008 3:20:00 PM UTC	1209158400000	81	8	no	37.4	255.1	23392	20809	13322	5971	0	37882	2842	2842	0	3052	3052	0
April 25, 2008 3:21:00 PM UTC	1209158460000	83	12	no	37.2	255.3	23392	20809	13336	5899	0	37940	2889	2889	0	3038	3038	0
April 25, 2008 3:22:00 PM UTC	1209158520000	82	15	no	37.0	255.5	23392	20809	13322	5968	0	37885	2841	2841	0	3032	3032	0
April 25, 2008 3:23:00 PM UTC	1209158580000	76	15	yes	36.8	255.7	23392	20809	13338	5900	0	37937	2878	2878	0	3019	3019	0
April 25, 2008 3:24:00 PM UTC	1209158640000	81	14	no	36.6	255.9	23392	20809	13322	5968	0	37885	2832	2832	0	3010	3010	0
April 25, 2008 3:25:00 PM UTC	1209158700000	86	12	yes	36.4	256.1	23392	20809	13338	5864	0	37973	2874	2874	0	2994	2994	0
April 25, 2008 3:26:00 PM UTC	1209158760000	81	17	yes	36.3	256.3	23392	20809	13324	5931	0	37920	2828	2792	36	2988	2988	0
April 25, 2008 3:27:00 PM UTC	1209158820000	76	14	yes	36.1	256.5	23392	20809	13324	5931	0	37920	2827	2811	16	2973	2973	0
April 25, 2008 3:28:00 PM UTC	1209158880000	77	14	yes	35.9	256.6	23392	20809	13328	5914	0	37933	2830	2798	32	2966	2966	0
April 25, 2008 3:29:00 PM UTC	1209158940000	79	11	yes	35.7	256.8	23392	20809	13329	5844	0	38002	2841	2771	70	2961	2961	0
April 25, 2008 3:30:00 PM UTC	1209159000000	81	13	no	35.5	257.0	23392	20809	13331	5830	0	38014	2843	2834	9	2951	2950	1
April 25, 2008 3:31:00 PM UTC	1209159060000	82	12	no	35.3	257.2	23392	20809	13331	5830	0	38014	2844	2836	6	2937	2937	0
April 25, 2008 3:32:00 PM UTC	1209159120000	82	9	no	35.1	257.4	23392	20809	13330	5837	0	38008	2837	2826	2	2923	2923	0
April 25, 2008 3:33:00 PM UTC	1209159180000	83	12	no	35.0	257.6	23392	20809	13330	5837	0	38008	2821	2821	0	2924	2924	0
April 25, 2008 3:34:00 PM UTC	1209159240000	91	8	no	34.8	257.8	23392	20809	13347	5831	0	37997	2835	2835	0	2913	2913	0
April 25, 2008 3:35:00 PM UTC	1209159300000	92	8	no	34.6	258.0	23392	20809	13331	5902	0	37942	2792	2792	0	2906	2906	0
April 25, 2008 3:36:00 PM UTC	1209159360000	95	5	no	34.4	258.2	23392	20809	13344	5832	0	37999	2832	2832	0	2895	2895	0
April 25, 2008 3:37:00 PM UTC	1209159420000	98	2	no	34.2	258.4	23392	20809	13330	5901	0	37944	2777	2777	0	2891	2891	0
April 25, 2008 3:38:00 PM UTC	1209159480000	98	2	no	34.0	258.5	23392	20809	13330	5901	0	37944	2773	2773	0	2882	2882	0
April 25, 2008 3:39:00 PM UTC	1209159540000	98	2	no	33.8	258.7	23392	20809	13330	5901	0	37944	2762	2762	0	2877	2877	0
April 25, 2008 3:40:00 PM UTC	1209159600000	98	2	no	33.6	258.9	23392	20809	13333	5888	0	37954	2762	2762	0	2870	2870	0
April 25, 2008 3:41:00 PM UTC	1209159660000	97	3	no	33.5	259.1	23392	20809	13333	5887	0	37955	2748	2741	0	2869	2869	0
April 25, 2008 3:42:00 PM UTC	1209159720000	98	2	no	33.3	259.3	23392	20809	13333	5887	0	37955	2750	2750	0	2855	2855	0
April 25, 2008 3:43:00 PM UTC	1209159780000	99	1	no	33.1	259.5	23392	20809	13330	5899	0	37946	2728	2728	0	2853	2853	0
April 25, 2008 3:44:00 PM UTC	1209159840000	100	0	no	32.9	259.7	23392	20809	13330	5899	0	37946	2723	2721	0	2845	2845	0
April 25, 2008 3:45:00 PM UTC	1209159900000	100	0	no	32.7	259.8	23392	20809	13330	5897	0	37948	2708	2708	0	2845	2845	0
April 25, 2008 3:46:00 PM UTC	1209159960000	100	0	no	32.5	260.0	23392	20809	13330	5897	0	37948	2703	2703	0	2837	2837	0
April 25, 2008 3:47:00 PM UTC	1209160020000	100	0	no	32.3	260.2	23392	20809	13318	5922	0	37935	2668	2668	0	2828	2828	0
April 25, 2008 3:48:00 PM UTC	1209160080000	100	0	no	32.1	260.4	23392	20809	13333	5853	0	37989	2687	2684	0	2835	2835	0
April 25, 2008 3:49:00 PM UTC	1209160140000	100	0	no	32.0	260.6	23392	20809	13333	5853	0	37989	2687	2686	0	2820	2820	0
April 25, 2008 3:50:00 PM UTC	1209160200000	99	1	no	31.8	260.7	23392	20809	13332	5935	0	37908	2653	2652	0	2817	2817	0
April 25, 2008 3:51:00 PM UTC	1209160260000	99	1	no	31.6	260.9	23392	20809	13332	5935	0	37908	2640	2640	0	2817	2817	0
April 25, 2008 3:52:00 PM UTC	1209160320000	99	1	no	31.4	261.1	23392	20809	13331	5936	0	37908	2630	2630	0	2806	2806	0
April 25, 2008 3:53:00 PM UTC	1209160380000	99	1	no	31.2	261.3	23392	20809	13331	5936	0	37908	2623	2623	0	2807	2807	0
April 25, 2008 3:54:00 PM UTC	1209160440000	100	0	no	31.0	261.5	23392	20809	13333	5859	0	37983	2635	2635	0	2794	2794	0
April 25, 2008 3:55:00 PM UTC	1209160500000	100	0	no	30.8	261.6	23392	20809	13336	5849	0	37990	2625	2625	0	2803	2803	0
April 25, 2008 3:56:00 PM UTC	1209160560000	100	0	no	30.6	261.8	23392	20809	13320	5922	0	37933	2579	2579	0	2791	2791	0
April 25, 2008 3:57:00 PM UTC	1209160620000	100	0	no	30.4	262.0	23392	20809	13336	5848	0	37991	2602	2602	0	2795	2795	0
April 25, 2008 3:58:00 PM UTC	1209160680000	100	0	no	30.2	262.2	23392	20809	13322	5913	0	37940	2557	2557	0	2789	2789	0
April 25, 2008 3:59:00 PM UTC	1209160740000	100	0	no	30.1	262.3	23392	20809	13336	5848	0	37991	2583	2583	0	2786	2786	0
April 25, 2008 4:00:00 PM UTC	1209160800000	100	0	no	29.9	262.5	23392	20809	13336	5848	0	37991	2570	2570	0	2784	2784	0
April 25, 2008 4:01:00 PM UTC	1209160860000	100	0	no	29.7	262.7	23392	20809	13336	5847	0	37992	2557	2557	0	2782	2782	0
April 25, 2008 4:02:00 PM UTC	1209160920000	100	0	no	29.5	262.9	23392	20809	13336	5847	0	37992	2540	2540	0	2784	2784	0
April 25, 2008 4:03:00 PM UTC	1209160980000	100	0	no	29.3	263.0	23392	20809	13321	5913	0	37941	2499	2499	0	2780	2780	0
April 25, 2008 4:04:00 PM UTC	1209161040000	100	0	no	29.1	263.2	23392	20809	13338	5837	0	38000	2524	2524	0	2776	2776	0
April 25, 2008 4:05:00 PM UTC	1209161100000	100	0	no	28.9	263.4	23392	20809	13322	5907	0	37946	2475	2475	0	2778	2778	0
April 25, 2008 4:06:00 PM UTC	1209161160000	100	0	no	28.7	263.6	23392	20809	13338	5844	0	37993	2496	2496	0	2776	2776	0
April 25, 2008 4:07:00 PM UTC	1209161220000	100	0	no	28.5	263.7	23392	20809	13338	5844	0	37993	2488	2488	0	2775	2775	0
April 25, 2008 4:08:00 PM UTC	1209161280000	100	0	no	28.4	263.9	23392	20809	13336	5898	0	37941	2460	2460	0	2773	2773	0
April 25, 2008 4:09:00 PM UTC	1209161340000	100	0	no	28.2	264.1	23392	20809	13336	5898	0	37941	2443	2443	0	2772	2772	0
April 25, 2008 4:10:00 PM UTC	1209161400000	100	0	no	28.0	264.3	23392	20809	13321	5969	0	37885	2403	2403	0	2768	2768	0
April 25, 2008 4:11:00 PM UTC	1209161460000	100	0	no	27.8	264.4	23392	20809	13337	5893	0	37945	2419	2419	0	2773	2773	0
April 25, 2008 4:12:00 PM UTC	1209161520000	100	0	no	27.6	264.6	23392	20809	13321	5963	0	37891	2371	2371	0	2774	2774	0
April 25, 2008 4:13:00 PM UTC	1209161580000	100	0	no	27.4	264.8	23392	20809	13337	5899	0	37939	2396	2396	0	2769	2769	0
April 25, 2008 4:14:00 PM UTC	1209161640000	100	0	no	27.2	264.9	23392	20809	13321	5963	0	37891	2348	2348	0	2771	2771	0
April 25, 2008 4:15:00 PM UTC	1209161700000	100	0	no	27.0	265.1	23392	20809	13321	5963	0	37891	2332	2332	0	2774	2774	0
April 25, 2008 4:16:00 PM UTC	1209161760000	100	0	no	26.8	265.3	23392	20809	13337	5893	0	37945	2355	2355	0	2775	2775	0
April 25, 2008 4:17:00 PM UTC	1209161820000	100	0	no	26.6	265.4	23392	20809	13321	5962	0	37892	2306	2306	0	2774	2774	0
April 25, 2008 4:18:00 PM UTC	1209161880000	100	0	no	26.4	265.6	23392	20809	13339	5815	0	38021	2343	2343	0	2775	2775	0
April 25, 2008 4:19:00 PM UTC	1209161940000	100	0	no	26.3	265.8	23392	20809	13326	5882	0	37967	2297	2297	0	2772	2772	0
April 25, 2008 4:20:00 PM UTC	1209162000000	99	1	no	26.1	265.9	23392	20809	13339	5813	0	38023	2316	2316	0	2774	2774	0
April 25, 2008 4:21:00 PM UTC	1209162060000	99	1	no	25.9	266.1	23392	20809	13323	5882	0	37970	2262	2262	0	2783	2783	0
April 25, 2008 4:22:00 PM UTC	1209162120000	100	0	no	25.7	266.3	23392	20809	13323	5882	0	37970	2252	2252	0	2778	2778	0
April 25, 2008 4:23:00 PM UTC	1209162180000	100	0	no	25.5	266.5	23392	20809	13339	5812	0	38024	2274	2274	0	2778	2778	0
April 25, 2008 4:24:00 PM UTC	1209162240000	100	0	no	25.3	266.6	23392	20809	13323	5892	0	37960	2227	2227	0	2780	2780	0
April 25, 2008 4:25:00 PM UTC	1209162300000	100	0	no	25.1	266.8	23392	20809	13340	5818	0	38017	2245	2245	0	2788	2788	0
April 25, 2008 4:26:00 PM UTC	1209162360000	100	0	no	24.9	266.9	23392	20809	13324	5886	0	37965	2196	2188	0	2788	2788	0
April 25, 2008 4:27:00 PM UTC	1209162420000	100	0	no	24.7	267.1	23392	20809	13325	5883	0	37967	2188	2176	0	2787	2787	0
April 25, 2008 4:28:00 PM UTC	1209162480000	100	0	no	24.5	267.3	23392	20809	13338	5875	0	37962	2188	2188	0	2792	2792	0
April 25, 2008 4:29:00 PM UTC	1209162540000	100	0	no	24.3	267.4	23392	20809	13322	5945	0	37908	2145	2123	0	2793	2793	0
April 25, 2008 4:30:00 PM UTC	1209162600000	100	0	no	24.2	267.6	23392	20809	13336	5875	0	37964	2155	2149	0	2803	2803	0
April 25, 2008 4:31:00 PM UTC	1209162660000	100	0	no	24.0	267.8	23392	20809	13321	5946	0	37908	2108	2077	0	2806	2806	0
April 25, 2008 4:32:00 PM UTC	1209162720000	100	0	no	23.8	267.9	23392	20809	13335	5877	0	37963	2134	2134	0	2803	2803	0
April 25, 2008 4:33:00 PM UTC	1209162780000	100	0	no	23.6	268.1	23392	20809	13321	5946	0	37908	2085	2085	0	2805	2805	0
April 25, 2008 4:34:00 PM UTC	1209162840000	100	0	no	23.4	268.3	23392	20809	13321	5946	0	37908	2065	2065	0	2812	2812	0
April 25, 2008 4:35:00 PM UTC	1209162900000	100	0	no	23.2	268.4	23392	20809	13339	5876	0	37960	2078	2078	0	2816	2816	0
April 25, 2008 4:36:00 PM UTC	1209162960000	100	0	no	23.0	268.6	23392	20809	13321	5946	0	37908	2039	2039	0	2818	2818	0
April 25, 2008 4:37:00 PM UTC	1209163020000	100	0	no	22.8	268.8	23392	20809	13339	5877	0	37959	2055	2055	0	2819	2819	0
April 25, 2008 4:38:00 PM UTC	1209163080000	100	0	no	22.6	268.9	23392	20809	13321	5946	0	37908	2013	2002	0	2822	2822	0
April 25, 2008 4:39:00 PM UTC	1209163140000	99	1	no	22.4	269.1	23392	20809	13321	5946	3	37905	1992	1920	0	2827	2827	0
April 25, 2008 4:40:00 PM UTC	1209163200000	96	3	no	22.2	269.2	23392	20809	13340	5875	12	37948	1999	1801	0	2836	2836	0
April 25, 2008 4:41:00 PM UTC	1209163260000	96	4	no	22.1	269.4	23392	20809	13322	5869	12	37972	1965	1746	0	2834	2834	0
April 25, 2008 4:42:00 PM UTC	1209163320000	95	4	no	21.9	269.6	23392	20809	13340	5799	13	38023	1996	1800	0	2837	2837	0
April 25, 2008 4:43:00 PM UTC	1209163380000	99	1	no	21.7	269.7	23392	20809	13340	5799	0	38036	1973	1893	0	2851	2851	0
April 25, 2008 4:44:00 PM UTC	1209163440000	100	0	no	21.5	269.9	23392	20809	13340	5799	0	38036	1961	1901	0	2849	2849	0
April 25, 2008 4:45:00 PM UTC	1209163500000	100	0	no	21.3	270.1	23392	20809	13340	5799	0	38036	1942	1877	0	2858	2858	0
April 25, 2008 4:46:00 PM UTC	1209163560000	100	0	no	21.1	270.2	23392	20809	13322	5944	0	37909	1887	1887	0	2861	2861	0
April 25, 2008 4:47:00 PM UTC	1209163620000	100	0	no	20.9	270.4	23392	20809	13340	5791	0	38044	1914	1914	0	2865	2865	0
April 25, 2008 4:48:00 PM UTC	1209163680000	100	0	no	20.7	270.5	23392	20809	13322	5861	11	37981	1854	1757	0	2871	2871	0
April 25, 2008 4:49:00 PM UTC	1209163740000	99	0	no	20.5	270.7	23392	20809	13322	5945	25	37883	1844	1610	0	2874	2874	0
April 25, 2008 4:50:00 PM UTC	1209163800000	99	0	no	20.3	270.9	23392	20809	13340	5875	34	37926	1850	1592	0	2882	2882	0
April 25, 2008 4:51:00 PM UTC	1209163860000	100	0	no	20.1	271.0	23392	20809	13321	5946	33	37875	1812	1608	0	2891	2891	0
April 25, 2008 4:52:00 PM UTC	1209163920000	100	0	no	19.9	271.2	23392	20809	13339	5877	44	37915	1818	1609	0	2899	2899	0
April 25, 2008 4:53:00 PM UTC	1209163980000	99	0	no	19.8	271.3	23392	20809	13321	5946	39	37869	1782	1461	0	2900	2900	0
April 25, 2008 4:54:00 PM UTC	1209164040000	100	0	no	19.6	271.5	23392	20809	13321	5946	4	37904	1765	1677	0	2907	2907	0
April 25, 2008 4:55:00 PM UTC	1209164100000	100	0	no	19.4	271.7	23392	20809	13339	5876	0	37960	1774	1697	0	2915	2915	0
April 25, 2008 4:56:00 PM UTC	1209164160000	100	0	no	19.2	271.8	23392	20809	13321	5946	0	37908	1733	1684	0	2921	2921	0
April 25, 2008 4:57:00 PM UTC	1209164220000	99	0	no	19.0	272.0	23392	20809	13335	5877	36	37927	1743	1486	0	2929	2929	0
April 25, 2008 4:58:00 PM UTC	1209164280000	99	0	no	18.8	272.1	23392	20809	13321	5946	54	37854	1701	1371	0	2938	2938	0
April 25, 2008 4:59:00 PM UTC	1209164340000	99	0	no	18.6	272.3	23392	20809	13321	5946	29	37879	1688	1407	0	2940	2940	0
April 25, 2008 5:00:00 PM UTC	1209164400000	100	0	no	18.4	272.4	23392	20809	13336	5875	0	37964	1699	1682	0	2950	2950	0
April 25, 2008 5:01:00 PM UTC	1209164460000	100	0	no	18.2	272.6	23392	20809	13322	5945	0	37908	1656	1656	0	2954	2954	0
April 25, 2008 5:02:00 PM UTC	1209164520000	99	1	no	18.0	272.8	23392	20809	13338	5875	0	37962	1663	1574	0	2965	2965	0
April 25, 2008 5:03:00 PM UTC	1209164580000	85	14	no	17.8	272.9	23392	20809	13325	5887	74	37889	1633	1107	30	2974	2842	125
April 25, 2008 5:04:00 PM UTC	1209164640000	76	23	no	17.7	273.1	23392	20809	13324	5890	69	37892	1617	1134	17	2982	2753	229
April 25, 2008 5:05:00 PM UTC	1209164700000	89	10	no	17.5	273.2	23392	20809	13340	5820	74	37941	1623	1226	0	2995	2995	0
April 25, 2008 5:06:00 PM UTC	1209164760000	98	1	no	17.3	273.4	23392	20809	13323	5892	75	37885	1584	1135	0	2999	2999	0
April 25, 2008 5:07:00 PM UTC	1209164820000	99	0	no	17.1	273.6	23392	20809	13339	5811	83	37942	1588	1271	0	3013	3013	0
April 25, 2008 5:08:00 PM UTC	1209164880000	100	0	no	16.9	273.7	23392	20809	13323	5880	83	37889	1551	1451	0	3018	3018	0
April 25, 2008 5:09:00 PM UTC	1209164940000	100	0	no	16.7	273.9	23392	20809	13323	5880	78	37894	1536	1354	0	3027	3027	0
April 25, 2008 5:10:00 PM UTC	1209165000000	99	0	no	16.5	274.0	23392	20809	13339	5810	87	37939	1541	1215	0	3039	3039	0
April 25, 2008 5:11:00 PM UTC	1209165060000	99	0	no	16.3	274.2	23392	20809	13326	5878	83	37888	1503	1163	5	3046	3046	0
April 25, 2008 5:12:00 PM UTC	1209165120000	99	0	no	16.1	274.3	23392	20809	13339	5809	91	37936	1510	1067	3	3058	3057	0
April 25, 2008 5:13:00 PM UTC	1209165180000	99	0	no	15.9	274.5	23392	20809	13321	5963	58	37833	1458	1031	0	3072	3069	0
April 25, 2008 5:14:00 PM UTC	1209165240000	100	0	no	15.7	274.6	23392	20809	13321	5963	67	37824	1447	1205	0	3077	3077	0
April 25, 2008 5:15:00 PM UTC	1209165300000	100	0	no	15.6	274.8	23392	20809	13337	5893	67	37878	1451	1309	0	3089	3089	0
April 25, 2008 5:16:00 PM UTC	1209165360000	100	0	no	15.4	275.0	23392	20809	13321	5963	16	37875	1413	1397	0	3101	3101	0
April 25, 2008 5:17:00 PM UTC	1209165420000	100	0	no	15.2	275.1	23392	20809	13338	5893	0	37944	1419	1419	0	3115	3115	0
April 25, 2008 5:18:00 PM UTC	1209165480000	100	0	no	15.0	275.3	23392	20809	13337	5899	0	37939	1406	1406	0	3119	3119	0
April 25, 2008 5:19:00 PM UTC	1209165540000	100	0	no	14.8	275.4	23392	20809	13321	5964	0	37890	1367	1367	0	3130	3130	0
April 25, 2008 5:20:00 PM UTC	1209165600000	100	0	no	14.6	275.6	23392	20809	13337	5894	57	37887	1374	1317	0	3142	3142	0
April 25, 2008 5:21:00 PM UTC	1209165660000	98	1	no	14.4	275.7	23392	20809	13321	5967	95	37792	1336	957	0	3154	3146	0
April 25, 2008 5:22:00 PM UTC	1209165720000	87	12	no	14.2	275.9	23392	20809	13336	5896	107	37836	1343	757	124	3167	2781	357
April 25, 2008 5:23:00 PM UTC	1209165780000	93	6	no	14.0	276.1	23392	20809	13336	5896	91	37852	1327	811	0	3177	3141	32
April 25, 2008 5:24:00 PM UTC	1209165840000	89	10	no	13.8	276.2	23392	20809	13323	5890	4	37958	1296	1018	0	3191	3181	10
April 25, 2008 5:25:00 PM UTC	1209165900000	93	7	no	13.7	276.4	23392	20809	13338	5846	18	37973	1299	1279	0	3207	3167	40
April 25, 2008 5:26:00 PM UTC	1209165960000	99	1	no	13.5	276.5	23392	20809	13322	5909	0	37944	1263	1263	0	3219	3219	0
April 25, 2008 5:27:00 PM UTC	1209166020000	100	0	no	13.3	276.7	23392	20809	13338	5838	1	37998	1268	1265	0	3236	3236	0
April 25, 2008 5:28:00 PM UTC	1209166080000	100	0	no	13.1	276.8	23392	20809	13338	5838	0	37999	1255	1242	0	3246	3246	0
April 25, 2008 5:29:00 PM UTC	1209166140000	100	0	no	12.9	277.0	23392	20809	13321	5913	0	37941	1212	1212	0	3265	3265	0
April 25, 2008 5:30:00 PM UTC	1209166200000	100	0	no	12.7	277.1	23392	20809	13336	5846	0	37993	1217	1217	0	3275	3275	0
April 25, 2008 5:31:00 PM UTC	1209166260000	100	0	no	12.5	277.3	23392	20809	13336	5846	0	37993	1205	1205	0	3287	3287	0
April 25, 2008 5:32:00 PM UTC	1209166320000	100	0	no	12.3	277.5	23392	20809	13336	5845	0	37994	1188	1188	0	3304	3298	0
April 25, 2008 5:33:00 PM UTC	1209166380000	100	0	no	12.1	277.6	23392	20809	13336	5845	0	37994	1176	1174	0	3317	3282	0
April 25, 2008 5:34:00 PM UTC	1209166440000	99	0	no	11.9	277.8	23392	20809	13322	5909	0	37944	1138	1137	0	3332	2953	0
April 25, 2008 5:35:00 PM UTC	1209166500000	98	0	no	11.8	277.9	23392	20809	13336	5844	0	37995	1142	1141	0	3351	3014	0
April 25, 2008 5:36:00 PM UTC	1209166560000	99	0	no	11.6	278.1	23392	20809	13336	5844	21	37974	1126	1020	0	3368	3224	0
April 25, 2008 5:37:00 PM UTC	1209166620000	95	1	no	11.4	278.2	23392	20809	13336	5843	64	37932	1108	826	0	3382	2611	0
April 25, 2008 5:38:00 PM UTC	1209166680000	95	2	no	11.2	278.4	23392	20809	13336	5843	61	37935	1099	756	1	3398	2789	0
April 25, 2008 5:39:00 PM UTC	1209166740000	94	1	no	11.0	278.5	23392	20809	13318	5921	87	37849	1061	413	30	3402	2365	28
April 25, 2008 5:40:00 PM UTC	1209166800000	91	1	no	10.8	278.7	23392	20809	13331	5936	61	37847	1056	254	17	3428	1497	183
April 25, 2008 5:41:00 PM UTC	1209166860000	78	9	no	10.6	278.9	23392	20809	13331	5936	0	37908	1043	688	19	3450	610	127
April 25, 2008 5:42:00 PM UTC	1209166920000	60	15	no	10.4	279.0	23392	20809	13315	6005	0	37855	1006	805	0	3450	403	4
April 25, 2008 5:43:00 PM UTC	1209166980000	37	22	no	10.2	279.2	23392	20809	13332	5933	55	37855	1012	444	0	3476	584	65
April 25, 2008 5:44:00 PM UTC	1209167040000	21	31	no	10.1	279.3	23392	20809	13334	5863	75	37903	1004	135	18	3486	519	473
April 25, 2008 5:45:00 PM UTC	1209167100000	14	30	no	9.9	279.5	23392	20809	13333	5859	81	37902	984	218	28	3503	946	452
April 25, 2008 5:46:00 PM UTC	1209167160000	14	29	no	9.7	279.6	23392	20809	13333	5859	84	37899	970	371	23	3522	1042	568
April 25, 2008 5:47:00 PM UTC	1209167220000	14	31	no	9.5	279.8	23392	20809	13318	5927	84	37846	937	323	7	3528	1167	860
April 25, 2008 5:48:00 PM UTC	1209167280000	10	31	no	9.3	279.9	23392	20809	13330	5871	88	37886	940	359	30	3546	1034	964
April 25, 2008 5:49:00 PM UTC	1209167340000	13	25	no	9.1	280.1	23392	20809	13330	5899	81	37865	924	393	14	3560	1444	741
April 25, 2008 5:50:00 PM UTC	1209167400000	13	25	no	8.9	280.3	23392	20809	13330	5898	84	37863	910	129	42	3575	1343	788
April 25, 2008 5:51:00 PM UTC	1209167460000	7	18	no	8.7	280.4	23392	20809	13330	5898	82	37865	889	72	0	3595	537	405
April 25, 2008 5:52:00 PM UTC	1209167520000	5	9	no	8.5	280.6	23392	20809	13330	5898	80	37867	873	75	0	3612	283	171
April 25, 2008 5:53:00 PM UTC	1209167580000	3	10	no	8.4	280.7	23392	20809	13333	5884	78	37880	865	85	0	3623	23	33
April 25, 2008 5:54:00 PM UTC	1209167640000	4	6	no	8.2	280.9	23392	20809	13333	5884	74	37884	853	86	3	3635	14	3
April 25, 2008 5:55:00 PM UTC	1209167700000	2	4	no	8.0	281.0	23392	20809	13333	5884	81	37877	843	70	0	3645	8	15
April 25, 2008 5:56:00 PM UTC	1209167760000	3	4	no	7.8	281.2	23392	20809	13330	5897	81	37867	821	65	0	3664	9	0
April 25, 2008 5:57:00 PM UTC	1209167820000	2	3	no	7.6	281.4	23392	20809	13330	5897	78	37870	804	70	0	3683	11	0
April 25, 2008 5:58:00 PM UTC	1209167880000	0	3	no	7.4	281.5	23392	20809	13330	5896	77	37872	789	82	0	3695	16	0
April 25, 2008 5:59:00 PM UTC	1209167940000	0	4	no	7.2	281.7	23392	20809	13330	5896	74	37875	772	83	0	3714	16	0
April 25, 2008 6:00:00 PM UTC	1209168000000	1	7	no	7.0	281.8	23392	20809	13344	5826	80	37925	780	81	0	3728	15	0
April 25, 2008 6:01:00 PM UTC	1209168060000	1	9	no	6.9	282.0	23392	20809	13331	5895	77	37872	751	63	0	3735	11	0
April 25, 2008 6:02:00 PM UTC	1209168120000	1	7	no	6.7	282.1	23392	20809	13331	5894	76	37874	736	60	0	3749	8	0
April 25, 2008 6:03:00 PM UTC	1209168180000	1	4	no	6.5	282.3	23392	20809	13327	5906	73	37869	723	63	0	3759	10	0
April 25, 2008 6:04:00 PM UTC	1209168240000	0	3	no	6.3	282.4	23392	20809	13330	5837	72	37936	707	64	0	3782	19	0
April 25, 2008 6:05:00 PM UTC	1209168300000	0	1	no	6.1	282.6	23392	20809	13345	5769	73	37988	705	66	0	3802	18	0
April 25, 2008 6:06:00 PM UTC	1209168360000	0	0	no	5.9	282.8	23392	20809	13331	5828	74	37942	677	53	0	3813	13	0
April 25, 2008 6:07:00 PM UTC	1209168420000	0	0	no	5.7	282.9	23392	20809	13331	5828	74	37942	667	56	0	3823	14	0
April 25, 2008 6:08:00 PM UTC	1209168480000	0	0	no	5.6	283.1	23392	20809	13345	5768	72	37990	668	82	0	3841	21	0
April 25, 2008 6:09:00 PM UTC	1209168540000	0	0	no	5.4	283.2	23392	20809	13328	5917	77	37853	636	65	0	3845	15	0
April 25, 2008 6:10:00 PM UTC	1209168600000	0	0	no	5.2	283.4	23392	20809	13328	5917	84	37846	625	49	0	3857	7	2
April 25, 2008 6:11:00 PM UTC	1209168660000	0	0	no	5.0	283.5	23392	20809	13324	5932	92	37827	610	67	1	3869	9	2
April 25, 2008 6:12:00 PM UTC	1209168720000	0	0	no	4.8	283.7	23392	20809	13324	5932	87	37832	595	119	3	3884	21	0
April 25, 2008 6:13:00 PM UTC	1209168780000	0	0	no	4.6	283.9	23392	20809	13338	5865	97	37875	595	111	7	3902	42	5
April 25, 2008 6:14:00 PM UTC	1209168840000	0	0	no	4.4	284.0	23392	20809	13322	5966	99	37788	565	54	1	3911	37	14
April 25, 2008 6:15:00 PM UTC	1209168900000	0	0	no	4.3	284.2	23392	20809	13322	5966	104	37783	551	50	0	3924	16	6
April 25, 2008 6:16:00 PM UTC	1209168960000	0	0	no	4.1	284.3	23392	20809	13338	5898	118	37821	551	53	0	3945	9	3
April 25, 2008 6:17:00 PM UTC	1209169020000	0	0	no	3.9	284.5	23392	20809	13318	5983	116	37758	523	56	0	3946	14	0
April 25, 2008 6:18:00 PM UTC	1209169080000	0	0	no	3.7	284.6	23392	20809	13336	5895	133	37811	527	56	0	3968	18	0
April 25, 2008 6:19:00 PM UTC	1209169140000	0	0	no	3.5	284.8	23392	20809	13322	5967	140	37746	502	45	0	3970	3	3
April 25, 2008 6:20:00 PM UTC	1209169200000	0	0	no	3.3	285.0	23392	20809	13322	5967	159	37727	492	44	0	3981	3	0
April 25, 2008 6:21:00 PM UTC	1209169260000	0	0	no	3.1	285.1	23392	20809	13338	5900	174	37763	491	63	0	4004	27	0
