April 9, 2009 5:45:00 AM UTC	1239277500000	6	2	yes	3.1	82.5	23386	20815	13336	5847	214	37778	485	274	0	4008	2000	636
April 9, 2009 5:46:00 AM UTC	1239277560000	7	2	yes	3.2	82.6	23386	20815	13320	5916	187	37752	488	301	0	3985	2127	564
April 9, 2009 5:47:00 AM UTC	1239277620000	7	2	yes	3.4	82.8	23386	20815	13336	5848	180	37811	510	330	0	3982	2123	592
April 9, 2009 5:48:00 AM UTC	1239277680000	7	2	yes	3.6	83.0	23386	20815	13321	5919	150	37785	510	360	0	3963	2151	650
April 9, 2009 5:49:00 AM UTC	1239277740000	7	3	yes	3.8	83.1	23386	20815	13338	5840	147	37850	539	392	0	3958	2173	677
April 9, 2009 5:50:00 AM UTC	1239277800000	7	2	yes	4.0	83.3	23386	20815	13338	5840	142	37855	554	412	0	3942	2252	617
April 9, 2009 5:51:00 AM UTC	1239277860000	8	2	yes	4.2	83.4	23386	20815	13322	5909	132	37812	554	422	0	3922	2277	599
April 9, 2009 5:52:00 AM UTC	1239277920000	8	2	yes	4.4	83.6	23386	20815	13338	5849	122	37866	579	457	0	3916	2252	642
April 9, 2009 5:53:00 AM UTC	1239277980000	8	2	yes	4.6	83.7	23386	20815	13323	5919	113	37820	575	462	0	3901	2245	637
April 9, 2009 5:54:00 AM UTC	1239278040000	8	3	yes	4.8	83.9	23386	20815	13336	5898	117	37824	599	482	0	3891	2186	706
April 9, 2009 5:55:00 AM UTC	1239278100000	8	3	yes	5.0	84.1	23386	20815	13336	5898	114	37827	617	503	0	3873	2225	751
April 9, 2009 5:56:00 AM UTC	1239278160000	8	3	yes	5.1	84.2	23386	20815	13321	5968	96	37790	616	520	0	3852	2177	726
April 9, 2009 5:57:00 AM UTC	1239278220000	8	3	yes	5.3	84.4	23386	20815	13336	5906	96	37837	640	544	0	3847	2216	744
April 9, 2009 5:58:00 AM UTC	1239278280000	8	3	no	5.5	84.5	23386	20815	13320	5977	91	37787	639	548	0	3830	2289	700
April 9, 2009 5:59:00 AM UTC	1239278340000	8	3	no	5.7	84.7	23386	20815	13320	5977	92	37786	655	563	0	3814	2265	814
April 9, 2009 6:00:00 AM UTC	1239278400000	8	4	yes	5.9	84.9	23386	20815	13338	5895	90	37852	685	595	0	3806	2253	878
April 9, 2009 6:01:00 AM UTC	1239278460000	8	3	yes	6.1	85.0	23386	20815	13321	5964	86	37804	686	600	0	3784	2162	753
April 9, 2009 6:02:00 AM UTC	1239278520000	8	4	yes	6.3	85.2	23386	20815	13337	5893	87	37858	712	625	0	3781	2246	785
April 9, 2009 6:03:00 AM UTC	1239278580000	8	3	yes	6.5	85.3	23386	20815	13321	5964	85	37805	711	626	0	3761	2191	777
April 9, 2009 6:04:00 AM UTC	1239278640000	8	4	yes	6.7	85.5	23386	20815	13321	5964	87	37803	724	637	0	3747	2041	867
April 9, 2009 6:05:00 AM UTC	1239278700000	8	4	yes	6.9	85.7	23386	20815	13339	5810	93	37933	761	668	0	3738	2199	840
April 9, 2009 6:06:00 AM UTC	1239278760000	8	4	yes	7.1	85.8	23386	20815	13326	5880	90	37879	755	665	0	3724	2174	821
April 9, 2009 6:07:00 AM UTC	1239278820000	8	3	yes	7.2	86.0	23386	20815	13339	5812	97	37927	788	688	3	3710	2139	755
April 9, 2009 6:08:00 AM UTC	1239278880000	8	4	yes	7.4	86.1	23386	20815	13323	5881	96	37875	789	693	0	3688	2033	798
April 9, 2009 6:09:00 AM UTC	1239278940000	8	4	yes	7.6	86.3	23386	20815	13323	5881	98	37873	802	704	0	3673	2189	726
April 9, 2009 6:10:00 AM UTC	1239279000000	8	4	yes	7.8	86.4	23386	20815	13339	5813	103	37920	833	730	0	3666	2115	787
April 9, 2009 6:11:00 AM UTC	1239279060000	8	4	yes	8.0	86.6	23386	20815	13323	5896	100	37856	831	731	0	3648	2029	845
April 9, 2009 6:12:00 AM UTC	1239279120000	8	4	yes	8.2	86.8	23386	20815	13340	5823	106	37906	866	760	0	3635	2084	807
April 9, 2009 6:13:00 AM UTC	1239279180000	8	4	yes	8.4	86.9	23386	20815	13324	5893	101	37857	861	760	0	3620	2080	844
April 9, 2009 6:14:00 AM UTC	1239279240000	8	4	yes	8.6	87.1	23386	20815	13325	5889	100	37861	878	775	3	3604	2027	849
April 9, 2009 6:15:00 AM UTC	1239279300000	8	4	yes	8.8	87.2	23386	20815	13338	5875	107	37855	904	796	1	3590	2076	885
April 9, 2009 6:16:00 AM UTC	1239279360000	8	4	yes	9.0	87.4	23386	20815	13322	5946	102	37805	902	800	0	3569	2037	895
April 9, 2009 6:17:00 AM UTC	1239279420000	9	4	yes	9.2	87.6	23386	20815	13336	5877	110	37852	933	823	0	3561	2141	825
April 9, 2009 6:18:00 AM UTC	1239279480000	9	4	yes	9.4	87.7	23386	20815	13321	5947	104	37803	934	830	0	3540	2107	794
April 9, 2009 6:19:00 AM UTC	1239279540000	8	4	yes	9.5	87.9	23386	20815	13321	5947	106	37801	944	838	0	3531	1889	850
April 9, 2009 6:20:00 AM UTC	1239279600000	8	4	yes	9.7	88.0	23386	20815	13335	5877	110	37853	985	875	0	3511	1947	842
April 9, 2009 6:21:00 AM UTC	1239279660000	8	4	yes	9.9	88.2	23386	20815	13321	5947	108	37799	976	868	0	3497	1842	888
April 9, 2009 6:22:00 AM UTC	1239279720000	8	4	yes	10.1	88.4	23386	20815	13339	5878	112	37846	1010	898	0	3484	1862	873
April 9, 2009 6:23:00 AM UTC	1239279780000	8	4	yes	10.3	88.5	23386	20815	13321	5947	112	37795	1004	892	0	3471	1885	813
April 9, 2009 6:24:00 AM UTC	1239279840000	8	4	yes	10.5	88.7	23386	20815	13321	5947	114	37793	1019	904	1	3456	1796	918
April 9, 2009 6:25:00 AM UTC	1239279900000	8	4	yes	10.7	88.8	23386	20815	13339	5877	123	37836	1051	927	1	3437	1798	829
April 9, 2009 6:26:00 AM UTC	1239279960000	8	5	yes	10.9	89.0	23386	20815	13321	5947	118	37789	1051	933	0	3424	1763	936
April 9, 2009 6:27:00 AM UTC	1239280020000	8	4	yes	11.1	89.2	23386	20815	13340	5877	127	37831	1089	961	1	3409	1840	881
April 9, 2009 6:28:00 AM UTC	1239280080000	8	4	yes	11.3	89.3	23386	20815	13322	5862	120	37871	1083	963	0	3393	1806	841
April 9, 2009 6:29:00 AM UTC	1239280140000	8	4	yes	11.5	89.5	23386	20815	13322	5862	121	37870	1096	974	1	3379	1802	889
April 9, 2009 6:30:00 AM UTC	1239280200000	8	5	yes	11.7	89.6	23386	20815	13340	5825	128	37882	1143	1015	0	3361	1781	970
April 9, 2009 6:31:00 AM UTC	1239280260000	8	5	no	11.8	89.8	23386	20815	13322	5979	121	37753	1130	1009	0	3345	1787	945
April 9, 2009 6:32:00 AM UTC	1239280320000	9	4	yes	12.0	90.0	23386	20815	13340	5833	131	37871	1172	1041	0	3333	1800	924
April 9, 2009 6:33:00 AM UTC	1239280380000	8	5	yes	12.2	90.1	23386	20815	13340	5833	131	37871	1190	1059	0	3314	1775	938
April 9, 2009 6:34:00 AM UTC	1239280440000	9	5	yes	12.4	90.3	23386	20815	13340	5833	132	37870	1205	1073	0	3299	1788	985
April 9, 2009 6:35:00 AM UTC	1239280500000	9	5	yes	12.6	90.4	23386	20815	13340	5800	136	37899	1222	1086	0	3280	1776	966
April 9, 2009 6:36:00 AM UTC	1239280560000	9	4	yes	12.8	90.6	23386	20815	13322	5870	126	37857	1203	1077	0	3272	1776	919
April 9, 2009 6:37:00 AM UTC	1239280620000	9	4	yes	13.0	90.8	23386	20815	13340	5876	136	37823	1246	1110	0	3256	1727	930
April 9, 2009 6:38:00 AM UTC	1239280680000	8	5	no	13.2	90.9	23386	20815	13321	5947	127	37780	1240	1113	0	3235	1655	979
April 9, 2009 6:39:00 AM UTC	1239280740000	9	5	no	13.4	91.1	23386	20815	13321	5947	126	37781	1257	1126	5	3224	1731	948
April 9, 2009 6:40:00 AM UTC	1239280800000	9	5	yes	13.6	91.3	23386	20815	13339	5877	137	37822	1287	1150	0	3211	1660	1008
April 9, 2009 6:41:00 AM UTC	1239280860000	9	5	no	13.8	91.4	23386	20815	13321	5947	126	37781	1285	1159	0	3200	1670	975
April 9, 2009 6:42:00 AM UTC	1239280920000	9	4	yes	13.9	91.6	23386	20815	13339	5878	128	37830	1326	1198	0	3187	1722	831
April 9, 2009 6:43:00 AM UTC	1239280980000	9	5	yes	14.1	91.7	23386	20815	13321	5947	126	37781	1321	1195	0	3172	1617	925
April 9, 2009 6:44:00 AM UTC	1239281040000	8	4	yes	14.3	91.9	23386	20815	13321	5947	125	37782	1334	1209	0	3159	1605	895
April 9, 2009 6:45:00 AM UTC	1239281100000	9	4	yes	14.5	92.1	23386	20815	13335	5877	130	37833	1372	1242	0	3151	1614	942
April 9, 2009 6:46:00 AM UTC	1239281160000	9	4	yes	14.7	92.2	23386	20815	13321	5947	122	37785	1362	1240	0	3143	1674	837
April 9, 2009 6:47:00 AM UTC	1239281220000	9	4	yes	14.9	92.4	23386	20815	13336	5877	133	37829	1401	1268	0	3131	1565	901
April 9, 2009 6:48:00 AM UTC	1239281280000	9	4	yes	15.1	92.6	23386	20815	13322	5946	122	37785	1395	1271	2	3117	1550	913
April 9, 2009 6:49:00 AM UTC	1239281340000	8	4	yes	15.3	92.7	23386	20815	13338	5875	126	37836	1438	1312	0	3103	1517	904
April 9, 2009 6:50:00 AM UTC	1239281400000	9	4	yes	15.5	92.9	23386	20815	13325	5884	119	37847	1438	1319	0	3093	1531	911
April 9, 2009 6:51:00 AM UTC	1239281460000	9	4	yes	15.7	93.0	23386	20815	13324	5888	118	37845	1452	1334	0	3083	1534	876
April 9, 2009 6:52:00 AM UTC	1239281520000	9	4	yes	15.9	93.2	23386	20815	13340	5819	123	37893	1489	1366	0	3074	1501	881
April 9, 2009 6:53:00 AM UTC	1239281580000	9	4	yes	16.1	93.4	23386	20815	13323	5894	114	37844	1477	1363	0	3062	1503	886
April 9, 2009 6:54:00 AM UTC	1239281640000	9	4	yes	16.2	93.5	23386	20815	13339	5812	118	37906	1519	1401	0	3053	1478	841
April 9, 2009 6:55:00 AM UTC	1239281700000	9	5	yes	16.4	93.7	23386	20815	13323	5881	112	37859	1513	1401	0	3041	1420	956
April 9, 2009 6:56:00 AM UTC	1239281760000	9	4	yes	16.6	93.9	23386	20815	13323	5881	109	37862	1530	1421	0	3031	1438	886
April 9, 2009 6:57:00 AM UTC	1239281820000	9	4	yes	16.8	94.0	23386	20815	13339	5813	113	37910	1570	1457	0	3019	1398	897
April 9, 2009 6:58:00 AM UTC	1239281880000	9	4	yes	17.0	94.2	23386	20815	13326	5883	104	37862	1559	1455	0	3014	1409	903
April 9, 2009 6:59:00 AM UTC	1239281940000	8	5	yes	17.2	94.4	23386	20815	13339	5815	111	37910	1598	1487	0	3007	1352	934
April 9, 2009 7:00:00 AM UTC	1239282000000	8	5	yes	17.4	94.5	23386	20815	13321	5962	98	37794	1579	1481	0	2997	1347	950
April 9, 2009 7:01:00 AM UTC	1239282060000	9	4	yes	17.6	94.7	23386	20815	13337	5892	106	37840	1621	1515	0	2989	1373	917
April 9, 2009 7:02:00 AM UTC	1239282120000	8	4	yes	17.8	94.9	23386	20815	13337	5892	103	37843	1638	1535	0	2982	1317	948
April 9, 2009 7:03:00 AM UTC	1239282180000	9	4	yes	18.0	95.0	23386	20815	13321	5963	95	37796	1628	1533	0	2970	1367	933
April 9, 2009 7:04:00 AM UTC	1239282240000	9	5	yes	18.2	95.2	23386	20815	13338	5894	99	37844	1668	1569	0	2961	1343	961
April 9, 2009 7:05:00 AM UTC	1239282300000	9	5	yes	18.3	95.4	23386	20815	13320	5975	88	37792	1659	1571	0	2950	1353	954
April 9, 2009 7:06:00 AM UTC	1239282360000	9	4	yes	18.5	95.5	23386	20815	13336	5905	94	37840	1695	1601	0	2948	1321	917
April 9, 2009 7:07:00 AM UTC	1239282420000	9	5	yes	18.7	95.7	23386	20815	13336	5905	90	37844	1713	1623	0	2940	1328	870
April 9, 2009 7:08:00 AM UTC	1239282480000	9	4	yes	18.9	95.9	23386	20815	13321	5969	81	37804	1707	1626	0	2929	1297	895
April 9, 2009 7:09:00 AM UTC	1239282540000	9	4	yes	19.1	96.0	23386	20815	13336	5899	83	37857	1744	1661	0	2929	1274	907
April 9, 2009 7:10:00 AM UTC	1239282600000	8	5	yes	19.3	96.2	23386	20815	13323	5889	80	37883	1745	1665	0	2919	1219	943
April 9, 2009 7:11:00 AM UTC	1239282660000	9	5	yes	19.5	96.4	23386	20815	13338	5845	78	37914	1788	1710	0	2914	1200	940
April 9, 2009 7:12:00 AM UTC	1239282720000	9	5	yes	19.7	96.5	23386	20815	13322	5906	74	37873	1775	1701	0	2905	1240	954
April 9, 2009 7:13:00 AM UTC	1239282780000	9	4	yes	19.9	96.7	23386	20815	13338	5837	74	37926	1818	1744	0	2898	1259	877
April 9, 2009 7:14:00 AM UTC	1239282840000	9	4	yes	20.1	96.9	23386	20815	13338	5837	71	37929	1836	1765	0	2890	1229	947
April 9, 2009 7:15:00 AM UTC	1239282900000	9	5	yes	20.3	97.0	23386	20815	13321	5917	60	37877	1819	1756	3	2886	1215	947
April 9, 2009 7:16:00 AM UTC	1239282960000	9	5	yes	20.4	97.2	23386	20815	13336	5847	64	37928	1861	1792	5	2880	1169	915
April 9, 2009 7:17:00 AM UTC	1239283020000	9	5	yes	20.6	97.4	23386	20815	13320	5916	54	37885	1854	1799	1	2870	1166	947
April 9, 2009 7:18:00 AM UTC	1239283080000	9	5	yes	20.8	97.5	23386	20815	13336	5848	57	37934	1893	1834	2	2869	1184	943
April 9, 2009 7:19:00 AM UTC	1239283140000	9	4	yes	21.0	97.7	23386	20815	13336	5848	52	37939	1911	1857	2	2861	1141	942
April 9, 2009 7:20:00 AM UTC	1239283200000	9	5	yes	21.2	97.9	23386	20815	13336	5849	50	37940	1929	1879	0	2851	1125	1088
April 9, 2009 7:21:00 AM UTC	1239283260000	9	5	yes	21.4	98.1	23386	20815	13336	5849	45	37945	1938	1892	1	2857	1250	1003
April 9, 2009 7:22:00 AM UTC	1239283320000	9	5	yes	21.6	98.2	23386	20815	13322	5913	34	37906	1931	1892	5	2840	1344	881
April 9, 2009 7:23:00 AM UTC	1239283380000	10	4	yes	21.8	98.4	23386	20815	13336	5849	35	37955	1970	1932	3	2847	1338	830
April 9, 2009 7:24:00 AM UTC	1239283440000	10	4	yes	22.0	98.6	23386	20815	13318	5931	22	37904	1949	1927	0	2833	1352	804
April 9, 2009 7:25:00 AM UTC	1239283500000	10	5	yes	22.1	98.7	23386	20815	13331	5939	22	37883	1984	1962	0	2833	1325	876
April 9, 2009 7:26:00 AM UTC	1239283560000	10	4	yes	22.3	98.9	23386	20815	13331	5939	16	37889	1998	1982	0	2822	1296	843
April 9, 2009 7:27:00 AM UTC	1239283620000	9	5	yes	22.5	99.1	23386	20815	13332	5939	12	37892	2008	1995	1	2830	1286	871
April 9, 2009 7:28:00 AM UTC	1239283680000	10	5	yes	22.7	99.3	23386	20815	13332	5939	9	37895	2029	2020	0	2819	1246	918
April 9, 2009 7:29:00 AM UTC	1239283740000	9	5	yes	22.9	99.4	23386	20815	13333	5855	11	37976	2058	2047	0	2812	1178	870
April 9, 2009 7:30:00 AM UTC	1239283800000	9	5	yes	23.1	99.6	23386	20815	13333	5855	6	37981	2070	2064	0	2819	1189	886
April 9, 2009 7:31:00 AM UTC	1239283860000	9	5	yes	23.3	99.8	23386	20815	13318	5926	1	37930	2051	2044	6	2806	1160	978
April 9, 2009 7:32:00 AM UTC	1239283920000	9	5	yes	23.5	100.0	23386	20815	13330	5897	1	37947	2091	2085	5	2809	1192	989
April 9, 2009 7:33:00 AM UTC	1239283980000	9	5	yes	23.7	100.1	23386	20815	13330	5897	1	37947	2104	2088	15	2807	1228	918
April 9, 2009 7:34:00 AM UTC	1239284040000	9	5	yes	23.8	100.3	23386	20815	13330	5898	0	37947	2122	2096	26	2802	1185	927
April 9, 2009 7:35:00 AM UTC	1239284100000	9	5	yes	24.0	100.5	23386	20815	13330	5898	0	37947	2138	2126	12	2795	1217	877
April 9, 2009 7:36:00 AM UTC	1239284160000	9	5	yes	24.2	100.7	23386	20815	13330	5899	0	37946	2148	2127	21	2797	1168	936
April 9, 2009 7:37:00 AM UTC	1239284220000	9	5	yes	24.4	100.8	23386	20815	13333	5887	0	37955	2169	2153	16	2795	1157	936
April 9, 2009 7:38:00 AM UTC	1239284280000	9	5	yes	24.6	101.0	23386	20815	13349	5819	0	38007	2214	2194	20	2791	1125	902
April 9, 2009 7:39:00 AM UTC	1239284340000	9	5	yes	24.8	101.2	23386	20815	13330	5900	0	37945	2195	2163	32	2786	1082	827
April 9, 2009 7:40:00 AM UTC	1239284400000	9	6	yes	25.0	101.4	23386	20815	13330	5900	0	37945	2209	2185	23	2788	1052	934
April 9, 2009 7:41:00 AM UTC	1239284460000	9	6	yes	25.2	101.5	23386	20815	13330	5900	0	37945	2223	2196	27	2783	1039	827
April 9, 2009 7:42:00 AM UTC	1239284520000	10	6	yes	25.4	101.7	23386	20815	13330	5900	0	37945	2239	2237	2	2781	988	937
April 9, 2009 7:43:00 AM UTC	1239284580000	10	6	yes	25.5	101.9	23386	20815	13331	5901	0	37943	2244	2241	3	2785	960	947
April 9, 2009 7:44:00 AM UTC	1239284640000	10	6	yes	25.7	102.1	23386	20815	13331	5901	0	37943	2267	2267	0	2775	959	998
April 9, 2009 7:45:00 AM UTC	1239284700000	10	6	yes	25.9	102.3	23386	20815	13331	5898	0	37946	2275	2267	8	2778	990	1032
April 9, 2009 7:46:00 AM UTC	1239284760000	11	6	yes	26.1	102.4	23386	20815	13330	5836	0	38009	2293	2273	20	2780	1305	869
April 9, 2009 7:47:00 AM UTC	1239284820000	11	5	yes	26.3	102.6	23386	20815	13345	5769	0	38061	2346	2270	73	2778	1546	602
April 9, 2009 7:48:00 AM UTC	1239284880000	11	5	yes	26.5	102.8	23386	20815	13329	5845	0	38001	2321	2192	128	2778	1578	533
April 9, 2009 7:49:00 AM UTC	1239284940000	11	4	yes	26.7	103.0	23386	20815	13345	5770	0	38060	2372	2150	221	2776	1335	692
April 9, 2009 7:50:00 AM UTC	1239285000000	11	4	yes	26.8	103.2	23386	20815	13331	5830	0	38014	2352	2181	171	2777	1206	674
April 9, 2009 7:51:00 AM UTC	1239285060000	11	4	yes	27.0	103.4	23386	20815	13328	5915	0	37932	2348	2188	160	2771	1058	749
April 9, 2009 7:52:00 AM UTC	1239285120000	10	4	yes	27.2	103.5	23386	20815	13324	5930	0	37921	2350	2247	103	2775	956	797
April 9, 2009 7:53:00 AM UTC	1239285180000	10	5	yes	27.4	103.7	23386	20815	13324	5930	0	37921	2361	2345	16	2778	979	878
April 9, 2009 7:54:00 AM UTC	1239285240000	10	5	yes	27.6	103.9	23386	20815	13338	5862	0	37975	2412	2407	5	2773	946	947
April 9, 2009 7:55:00 AM UTC	1239285300000	10	4	yes	27.8	104.1	23386	20815	13322	5967	0	37886	2390	2382	5	2772	979	896
April 9, 2009 7:56:00 AM UTC	1239285360000	10	5	yes	28.0	104.3	23386	20815	13338	5900	0	37937	2428	2418	7	2774	949	899
April 9, 2009 7:57:00 AM UTC	1239285420000	10	4	yes	28.2	104.5	23386	20815	13322	5967	0	37886	2413	2405	8	2776	958	874
April 9, 2009 7:58:00 AM UTC	1239285480000	10	6	yes	28.3	104.7	23386	20815	13336	5898	0	37941	2457	2453	4	2775	987	999
April 9, 2009 7:59:00 AM UTC	1239285540000	11	5	yes	28.5	104.8	23386	20815	13322	5971	0	37882	2434	2434	0	2778	1099	992
April 9, 2009 8:00:00 AM UTC	1239285600000	12	6	yes	28.7	105.0	23386	20815	13338	5903	0	37934	2480	2480	0	2778	1341	924
April 9, 2009 8:01:00 AM UTC	1239285660000	13	6	yes	28.9	105.2	23386	20815	13338	5903	0	37934	2494	2494	0	2778	1453	822
April 9, 2009 8:02:00 AM UTC	1239285720000	14	4	yes	29.1	105.4	23386	20815	13341	5828	0	38006	2525	2525	0	2782	1637	595
April 9, 2009 8:03:00 AM UTC	1239285780000	13	5	yes	29.3	105.6	23386	20815	13336	5846	0	37993	2523	2521	2	2785	1582	814
April 9, 2009 8:04:00 AM UTC	1239285840000	13	5	yes	29.4	105.8	23386	20815	13337	5847	0	37991	2536	2503	33	2787	1695	723
April 9, 2009 8:05:00 AM UTC	1239285900000	12	4	yes	29.6	106.0	23386	20815	13337	5847	0	37991	2549	2490	59	2788	1625	671
April 9, 2009 8:06:00 AM UTC	1239285960000	12	4	yes	29.8	106.2	23386	20815	13322	5915	0	37938	2525	2454	71	2789	1498	730
April 9, 2009 8:07:00 AM UTC	1239286020000	11	5	yes	30.0	106.4	23386	20815	13336	5848	0	37991	2573	2534	39	2790	1390	758
April 9, 2009 8:08:00 AM UTC	1239286080000	11	6	yes	30.2	106.5	23386	20815	13317	5932	0	37926	2541	2509	32	2791	1362	808
April 9, 2009 8:09:00 AM UTC	1239286140000	12	5	yes	30.4	106.7	23386	20815	13331	5868	0	37976	2585	2584	1	2796	1381	869
April 9, 2009 8:10:00 AM UTC	1239286200000	13	5	yes	30.5	106.9	23386	20815	13331	5868	0	37976	2596	2567	29	2800	1436	707
April 9, 2009 8:11:00 AM UTC	1239286260000	13	4	yes	30.7	107.1	23386	20815	13335	5849	0	37991	2613	2612	1	2806	1363	750
April 9, 2009 8:12:00 AM UTC	1239286320000	12	4	yes	30.9	107.3	23386	20815	13335	5849	0	37991	2632	2622	10	2801	1234	787
April 9, 2009 8:13:00 AM UTC	1239286380000	11	5	yes	31.1	107.5	23386	20815	13330	5879	0	37966	2625	2619	6	2805	1048	866
April 9, 2009 8:14:00 AM UTC	1239286440000	11	5	yes	31.3	107.7	23386	20815	13330	5879	0	37966	2634	2628	6	2811	1052	882
April 9, 2009 8:15:00 AM UTC	1239286500000	11	5	yes	31.5	107.9	23386	20815	13330	5880	0	37965	2648	2646	2	2811	1024	966
April 9, 2009 8:16:00 AM UTC	1239286560000	11	5	yes	31.6	108.1	23386	20815	13333	5804	0	38038	2671	2664	7	2817	1113	1027
April 9, 2009 8:17:00 AM UTC	1239286620000	11	5	yes	31.8	108.3	23386	20815	13333	5803	0	38039	2685	2665	15	2825	1139	1047
April 9, 2009 8:18:00 AM UTC	1239286680000	11	5	yes	32.0	108.5	23386	20815	13328	5824	0	38023	2684	2639	45	2827	1070	1003
April 9, 2009 8:19:00 AM UTC	1239286740000	10	5	yes	32.2	108.7	23386	20815	13326	5943	0	37906	2668	2615	53	2828	1131	1013
April 9, 2009 8:20:00 AM UTC	1239286800000	10	7	yes	32.4	108.9	23386	20815	13326	5943	0	37906	2674	2581	91	2833	1108	1176
April 9, 2009 8:21:00 AM UTC	1239286860000	11	6	yes	32.6	109.1	23386	20815	13343	5855	0	37977	2729	2614	115	2841	1187	1148
April 9, 2009 8:22:00 AM UTC	1239286920000	12	7	yes	32.7	109.3	23386	20815	13325	5946	0	37904	2691	2524	165	2848	1292	1129
April 9, 2009 8:23:00 AM UTC	1239286980000	12	6	yes	32.9	109.5	23386	20815	13342	5880	0	37953	2733	2535	198	2852	1463	936
April 9, 2009 8:24:00 AM UTC	1239287040000	11	6	yes	33.1	109.7	23386	20815	13325	5946	0	37904	2715	2509	206	2851	1385	1003
April 9, 2009 8:25:00 AM UTC	1239287100000	11	6	yes	33.3	109.9	23386	20815	13338	5880	0	37957	2757	2574	182	2861	1410	1045
April 9, 2009 8:26:00 AM UTC	1239287160000	11	6	yes	33.5	110.1	23386	20815	13319	5976	0	37880	2710	2529	178	2864	1435	912
April 9, 2009 8:27:00 AM UTC	1239287220000	12	5	yes	33.6	110.3	23386	20815	13333	5909	0	37933	2755	2661	92	2871	1472	844
April 9, 2009 8:28:00 AM UTC	1239287280000	12	5	yes	33.8	110.5	23386	20815	13319	5976	0	37880	2722	2661	61	2878	1400	975
April 9, 2009 8:29:00 AM UTC	1239287340000	12	6	yes	34.0	110.7	23386	20815	13339	5889	0	37947	2777	2716	61	2890	1396	1005
April 9, 2009 8:30:00 AM UTC	1239287400000	12	6	yes	34.2	110.9	23386	20815	13320	5908	0	37947	2764	2754	9	2892	1412	953
April 9, 2009 8:31:00 AM UTC	1239287460000	11	7	yes	34.4	111.1	23386	20815	13335	5843	0	37997	2812	2769	37	2894	1287	1077
April 9, 2009 8:32:00 AM UTC	1239287520000	12	5	yes	34.5	111.3	23386	20815	13321	5908	0	37946	2781	2753	24	2904	1437	1051
April 9, 2009 8:33:00 AM UTC	1239287580000	12	6	yes	34.7	111.6	23386	20815	13335	5843	0	37997	2817	2751	61	2912	1492	1058
April 9, 2009 8:34:00 AM UTC	1239287640000	12	6	yes	34.9	111.8	23386	20815	13329	5868	0	37978	2813	2717	90	2920	1479	1099
April 9, 2009 8:35:00 AM UTC	1239287700000	12	6	yes	35.1	112.0	23386	20815	13330	5866	0	37979	2817	2692	121	2927	1565	1011
April 9, 2009 8:36:00 AM UTC	1239287760000	12	5	yes	35.2	112.2	23386	20815	13336	5842	0	37997	2835	2677	154	2942	1603	945
April 9, 2009 8:37:00 AM UTC	1239287820000	11	5	yes	35.4	112.4	23386	20815	13335	5842	0	37998	2848	2638	207	2944	1446	910
April 9, 2009 8:38:00 AM UTC	1239287880000	11	5	yes	35.6	112.6	23386	20815	13328	5880	0	37967	2831	2618	185	2953	1359	855
April 9, 2009 8:39:00 AM UTC	1239287940000	10	5	yes	35.8	112.8	23386	20815	13328	5881	0	37966	2838	2500	264	2962	1220	803
April 9, 2009 8:40:00 AM UTC	1239288000000	10	5	yes	36.0	113.0	23386	20815	13328	5881	0	37966	2838	2491	273	2970	1062	958
April 9, 2009 8:41:00 AM UTC	1239288060000	10	6	yes	36.1	113.3	23386	20815	13322	5904	0	37949	2830	2448	339	2979	955	1087
April 9, 2009 8:42:00 AM UTC	1239288120000	10	6	yes	36.3	113.5	23386	20815	13322	5904	0	37949	2832	2391	430	2995	982	979
April 9, 2009 8:43:00 AM UTC	1239288180000	9	5	yes	36.5	113.7	23386	20815	13330	5810	0	38035	2878	2523	353	3001	842	929
April 9, 2009 8:44:00 AM UTC	1239288240000	10	5	yes	36.7	113.9	23386	20815	13345	5796	0	38034	2912	2613	282	3011	853	998
April 9, 2009 8:45:00 AM UTC	1239288300000	9	5	yes	36.8	114.1	23386	20815	13324	5889	0	37962	2856	2443	330	3021	722	929
April 9, 2009 8:46:00 AM UTC	1239288360000	8	4	yes	37.0	114.3	23386	20815	13337	5825	0	38013	2904	2356	406	3030	650	947
April 9, 2009 8:47:00 AM UTC	1239288420000	8	5	yes	37.2	114.6	23386	20815	13324	5887	0	37964	2869	2278	531	3041	737	1026
April 9, 2009 8:48:00 AM UTC	1239288480000	8	5	yes	37.4	114.8	23386	20815	13331	5852	0	37992	2891	2345	518	3055	692	996
April 9, 2009 8:49:00 AM UTC	1239288540000	9	5	yes	37.5	115.0	23386	20815	13322	5904	0	37949	2862	2432	363	3068	719	955
April 9, 2009 8:50:00 AM UTC	1239288600000	9	5	yes	37.7	115.2	23386	20815	13338	5840	0	37997	2903	2503	359	3079	718	934
April 9, 2009 8:51:00 AM UTC	1239288660000	9	5	yes	37.9	115.5	23386	20815	13314	6015	0	37846	2826	2455	364	3091	747	902
April 9, 2009 8:52:00 AM UTC	1239288720000	8	5	yes	38.0	115.7	23386	20815	13327	5949	0	37899	2860	2338	453	3102	625	1050
April 9, 2009 8:53:00 AM UTC	1239288780000	8	5	yes	38.2	115.9	23386	20815	13327	5949	0	37899	2871	2337	449	3113	727	1148
April 9, 2009 8:54:00 AM UTC	1239288840000	8	5	yes	38.4	116.1	23386	20815	13336	5849	0	37990	2912	2325	455	3124	793	1089
April 9, 2009 8:55:00 AM UTC	1239288900000	8	5	yes	38.6	116.4	23386	20815	13330	5879	0	37966	2890	2296	428	3145	886	1058
April 9, 2009 8:56:00 AM UTC	1239288960000	8	5	yes	38.7	116.6	23386	20815	13330	5879	0	37966	2895	2171	542	3154	921	906
April 9, 2009 8:57:00 AM UTC	1239289020000	8	5	yes	38.9	116.8	23386	20815	13346	5817	0	38012	2921	2126	590	3173	841	871
April 9, 2009 8:58:00 AM UTC	1239289080000	7	4	yes	39.1	117.1	23386	20815	13322	5910	0	37943	2861	2015	602	3189	742	789
April 9, 2009 8:59:00 AM UTC	1239289140000	7	5	yes	39.2	117.3	23386	20815	13346	5786	0	38043	2937	2074	638	3196	639	834
April 9, 2009 9:00:00 AM UTC	1239289200000	7	5	yes	39.4	117.5	23386	20815	13322	5930	0	37923	2860	1901	691	3217	589	823
April 9, 2009 9:01:00 AM UTC	1239289260000	6	5	yes	39.6	117.8	23386	20815	13338	5867	0	37970	2898	1898	752	3230	527	845
April 9, 2009 9:02:00 AM UTC	1239289320000	6	5	yes	39.8	118.0	23386	20815	13322	5930	0	37923	2858	1795	790	3238	501	816
April 9, 2009 9:03:00 AM UTC	1239289380000	6	5	yes	39.9	118.2	23386	20815	13336	5868	0	37971	2888	1784	793	3258	467	882
April 9, 2009 9:04:00 AM UTC	1239289440000	5	5	yes	40.1	118.5	23386	20815	13322	5930	0	37923	2850	1664	874	3276	360	895
April 9, 2009 9:05:00 AM UTC	1239289500000	5	5	yes	40.3	118.7	23386	20815	13338	5806	0	38031	2913	1683	873	3288	360	889
April 9, 2009 9:06:00 AM UTC	1239289560000	5	5	yes	40.4	118.9	23386	20815	13329	5837	0	38009	2887	1650	939	3308	401	907
April 9, 2009 9:07:00 AM UTC	1239289620000	6	5	yes	40.6	119.2	23386	20815	13329	5837	0	38009	2889	1760	897	3321	427	876
April 9, 2009 9:08:00 AM UTC	1239289680000	6	5	yes	40.8	119.4	23386	20815	13337	5805	0	38033	2914	1807	817	3328	398	939
April 9, 2009 9:09:00 AM UTC	1239289740000	6	5	yes	40.9	119.7	23386	20815	13330	5839	0	38006	2899	1760	789	3344	394	998
April 9, 2009 9:10:00 AM UTC	1239289800000	6	5	yes	41.1	119.9	23386	20815	13329	5862	0	37984	2875	1722	802	3358	426	946
April 9, 2009 9:11:00 AM UTC	1239289860000	5	5	yes	41.3	120.2	23386	20815	13322	5889	0	37964	2863	1654	813	3373	417	866
April 9, 2009 9:12:00 AM UTC	1239289920000	5	5	yes	41.4	120.4	23386	20815	13329	5861	0	37985	2873	1573	866	3388	373	958
April 9, 2009 9:13:00 AM UTC	1239289980000	5	5	yes	41.6	120.6	23386	20815	13343	5801	0	38031	2904	1547	959	3408	381	929
April 9, 2009 9:14:00 AM UTC	1239290040000	5	5	yes	41.8	120.9	23386	20815	13321	5949	0	37905	2837	1501	903	3418	337	957
April 9, 2009 9:15:00 AM UTC	1239290100000	4	5	yes	41.9	121.1	23386	20815	13342	5854	0	37979	2892	1402	995	3433	272	869
April 9, 2009 9:16:00 AM UTC	1239290160000	4	5	yes	42.1	121.4	23386	20815	13323	5888	0	37964	2857	1327	1048	3446	271	845
April 9, 2009 9:17:00 AM UTC	1239290220000	4	5	yes	42.2	121.6	23386	20815	13336	5828	0	38011	2893	1430	983	3461	266	890
April 9, 2009 9:18:00 AM UTC	1239290280000	4	5	yes	42.4	121.9	23386	20815	13321	5887	0	37967	2862	1208	972	3470	168	804
April 9, 2009 9:19:00 AM UTC	1239290340000	4	5	yes	42.6	122.1	23386	20815	13336	5829	0	38010	2896	1200	1012	3491	148	800
April 9, 2009 9:20:00 AM UTC	1239290400000	4	5	yes	42.7	122.4	23386	20815	13335	5854	0	37986	2880	1247	974	3504	126	758
April 9, 2009 9:21:00 AM UTC	1239290460000	4	5	yes	42.9	122.7	23386	20815	13326	5891	0	37958	2857	1366	831	3516	96	739
April 9, 2009 9:22:00 AM UTC	1239290520000	4	5	yes	43.1	122.9	23386	20815	13334	5853	0	37988	2865	1454	747	3535	78	651
April 9, 2009 9:23:00 AM UTC	1239290580000	4	5	yes	43.2	123.2	23386	20815	13326	5891	0	37958	2857	1350	804	3540	74	675
April 9, 2009 9:24:00 AM UTC	1239290640000	4	5	yes	43.4	123.4	23386	20815	13326	5891	0	37958	2852	1331	835	3559	52	725
April 9, 2009 9:25:00 AM UTC	1239290700000	4	5	yes	43.5	123.7	23386	20815	13326	5891	0	37958	2854	1381	722	3566	32	607
April 9, 2009 9:26:00 AM UTC	1239290760000	4	6	yes	43.7	124.0	23386	20815	13327	5836	0	38012	2887	1468	756	3578	2	786
April 9, 2009 9:27:00 AM UTC	1239290820000	4	6	yes	43.9	124.2	23386	20815	13341	5775	0	38059	2906	1636	722	3603	0	704
April 9, 2009 9:28:00 AM UTC	1239290880000	5	6	yes	44.0	124.5	23386	20815	13318	5868	0	37989	2862	1714	784	3606	17	772
April 9, 2009 9:29:00 AM UTC	1239290940000	5	8	yes	44.2	124.8	23386	20815	13336	5803	0	38036	2891	1793	919	3620	78	1023
April 9, 2009 9:30:00 AM UTC	1239291000000	5	9	yes	44.3	125.0	23386	20815	13316	5903	0	37956	2839	1793	884	3646	188	1124
April 9, 2009 9:31:00 AM UTC	1239291060000	6	10	yes	44.5	125.3	23386	20815	13331	5844	0	38000	2864	1956	794	3653	274	1233
April 9, 2009 9:32:00 AM UTC	1239291120000	7	12	yes	44.6	125.6	23386	20815	13331	5844	0	38000	2865	2180	601	3665	376	1317
April 9, 2009 9:33:00 AM UTC	1239291180000	8	11	yes	44.8	125.8	23386	20815	13331	5844	0	38000	2863	2427	395	3680	435	1246
April 9, 2009 9:34:00 AM UTC	1239291240000	9	13	yes	45.0	126.1	23386	20815	13321	5885	0	37969	2851	2544	301	3684	466	1316
April 9, 2009 9:35:00 AM UTC	1239291300000	9	16	yes	45.1	126.4	23386	20815	13332	5785	0	38058	2898	2591	301	3697	602	1355
April 9, 2009 9:36:00 AM UTC	1239291360000	10	18	yes	45.3	126.7	23386	20815	13323	5826	0	38026	2874	2690	180	3713	690	1307
April 9, 2009 9:37:00 AM UTC	1239291420000	11	17	yes	45.4	126.9	23386	20815	13334	5800	0	38041	2888	2815	73	3725	814	1257
April 9, 2009 9:38:00 AM UTC	1239291480000	11	15	yes	45.6	127.2	23386	20815	13323	5850	0	38002	2846	2607	216	3736	925	1172
April 9, 2009 9:39:00 AM UTC	1239291540000	11	14	yes	45.7	127.5	23386	20815	13334	5800	0	38041	2880	2322	332	3758	1039	1096
April 9, 2009 9:40:00 AM UTC	1239291600000	10	16	yes	45.9	127.8	23386	20815	13334	5800	0	38041	2880	2076	372	3768	996	1103
April 9, 2009 9:41:00 AM UTC	1239291660000	10	19	yes	46.0	128.0	23386	20815	13334	5800	0	38041	2876	2072	282	3788	1021	1132
April 9, 2009 9:42:00 AM UTC	1239291720000	11	18	yes	46.2	128.3	23386	20815	13322	5912	0	37941	2825	1915	344	3790	1002	1119
April 9, 2009 9:43:00 AM UTC	1239291780000	11	20	yes	46.3	128.6	23386	20815	13333	5865	0	37977	2854	1841	506	3803	1102	989
April 9, 2009 9:44:00 AM UTC	1239291840000	12	19	yes	46.5	128.9	23386	20815	13326	5858	0	37991	2846	2058	496	3815	1181	858
April 9, 2009 9:45:00 AM UTC	1239291900000	12	19	yes	46.6	129.2	23386	20815	13347	5759	0	38069	2907	2310	492	3836	1276	804
April 9, 2009 9:46:00 AM UTC	1239291960000	12	19	yes	46.8	129.5	23386	20815	13324	5893	0	37958	2836	2281	497	3833	1403	727
April 9, 2009 9:47:00 AM UTC	1239292020000	12	20	yes	46.9	129.8	23386	20815	13336	5838	0	38001	2857	2272	367	3851	1469	842
April 9, 2009 9:48:00 AM UTC	1239292080000	12	20	yes	47.1	130.1	23386	20815	13324	5893	0	37958	2836	2105	479	3853	1538	875
April 9, 2009 9:49:00 AM UTC	1239292140000	12	19	yes	47.2	130.4	23386	20815	13325	5882	0	37968	2834	2436	323	3871	1442	1021
April 9, 2009 9:50:00 AM UTC	1239292200000	12	16	yes	47.4	130.7	23386	20815	13337	5829	0	38009	2861	2500	302	3892	1355	1113
April 9, 2009 9:51:00 AM UTC	1239292260000	10	16	yes	47.5	131.0	23386	20815	13327	5872	0	37976	2838	2262	492	3892	1280	1277
April 9, 2009 9:52:00 AM UTC	1239292320000	10	17	yes	47.6	131.2	23386	20815	13338	5787	0	38050	2878	2224	646	3919	1321	1303
April 9, 2009 9:53:00 AM UTC	1239292380000	11	18	yes	47.8	131.5	23386	20815	13341	5779	0	38055	2886	2384	490	3927	1376	1386
April 9, 2009 9:54:00 AM UTC	1239292440000	10	17	yes	47.9	131.9	23386	20815	13327	5874	0	37974	2837	2355	404	3926	1293	1519
April 9, 2009 9:55:00 AM UTC	1239292500000	10	17	yes	48.1	132.2	23386	20815	13339	5820	0	38016	2868	2156	500	3944	1309	1549
April 9, 2009 9:56:00 AM UTC	1239292560000	9	16	yes	48.2	132.5	23386	20815	13316	5918	0	37941	2806	1904	673	3941	1293	1468
April 9, 2009 9:57:00 AM UTC	1239292620000	10	15	yes	48.4	132.8	23386	20815	13339	5821	0	38015	2863	2001	623	3967	1329	1415
April 9, 2009 9:58:00 AM UTC	1239292680000	9	16	yes	48.5	133.1	23386	20815	13329	5866	0	37980	2835	1841	630	3971	1261	1502
April 9, 2009 9:59:00 AM UTC	1239292740000	9	15	yes	48.6	133.4	23386	20815	13328	5862	0	37985	2846	1756	564	3979	1296	1356
April 9, 2009 10:00:00 AM UTC	1239292800000	8	17	yes	48.8	133.7	23386	20815	13329	5819	0	38027	2857	1517	898	3996	1304	1335
April 9, 2009 10:01:00 AM UTC	1239292860000	9	16	yes	48.9	134.0	23386	20815	13340	5817	0	38018	2869	1665	752	4006	1244	1303
April 9, 2009 10:02:00 AM UTC	1239292920000	8	15	yes	49.1	134.3	23386	20815	13329	5870	0	37976	2840	1535	698	4011	1242	1123
April 9, 2009 10:03:00 AM UTC	1239292980000	7	14	yes	49.2	134.6	23386	20815	13338	5821	0	38016	2859	1486	637	4036	1107	1078
April 9, 2009 10:04:00 AM UTC	1239293040000	7	14	yes	49.3	135.0	23386	20815	13316	5917	0	37942	2807	1474	659	4032	1095	1111
April 9, 2009 10:05:00 AM UTC	1239293100000	8	15	yes	49.5	135.3	23386	20815	13341	5819	0	38015	2855	1565	679	4054	1143	989
April 9, 2009 10:06:00 AM UTC	1239293160000	8	15	yes	49.6	135.6	23386	20815	13329	5928	0	37918	2811	1828	559	4055	1032	1026
April 9, 2009 10:07:00 AM UTC	1239293220000	9	13	yes	49.7	135.9	23386	20815	13328	5928	0	37919	2807	1900	549	4063	1010	1038
April 9, 2009 10:08:00 AM UTC	1239293280000	9	13	yes	49.9	136.2	23386	20815	13328	5884	0	37963	2838	1869	626	4074	993	1071
April 9, 2009 10:09:00 AM UTC	1239293340000	8	12	yes	50.0	136.6	23386	20815	13341	5885	0	37949	2838	1812	604	4088	899	1061
April 9, 2009 10:10:00 AM UTC	1239293400000	7	11	yes	50.1	136.9	23386	20815	13328	5935	0	37912	2810	1804	516	4086	736	1156
April 9, 2009 10:11:00 AM UTC	1239293460000	7	11	yes	50.3	137.2	23386	20815	13341	5823	0	38011	2856	1806	615	4106	689	1178
April 9, 2009 10:12:00 AM UTC	1239293520000	7	10	yes	50.4	137.5	23386	20815	13338	5822	0	38015	2859	1834	553	4115	645	1246
April 9, 2009 10:13:00 AM UTC	1239293580000	6	11	yes	50.5	137.9	23386	20815	13328	5872	0	37975	2829	1582	705	4122	582	1351
April 9, 2009 10:14:00 AM UTC	1239293640000	5	10	yes	50.6	138.2	23386	20815	13328	5872	0	37975	2833	1373	796	4127	549	1258
April 9, 2009 10:15:00 AM UTC	1239293700000	5	11	yes	50.8	138.5	23386	20815	13329	5830	0	38016	2857	1380	810	4140	486	1298
April 9, 2009 10:16:00 AM UTC	1239293760000	5	12	yes	50.9	138.9	23386	20815	13326	5886	0	37963	2824	1464	769	4147	507	1530
April 9, 2009 10:17:00 AM UTC	1239293820000	5	13	yes	51.0	139.2	23386	20815	13340	5768	0	38067	2878	1532	754	4168	485	1780
April 9, 2009 10:18:00 AM UTC	1239293880000	4	15	yes	51.1	139.6	23386	20815	13317	5865	0	37993	2816	1204	1065	4159	357	2011
April 9, 2009 10:19:00 AM UTC	1239293940000	4	14	yes	51.3	139.9	23386	20815	13340	5768	0	38067	2873	1130	928	4185	367	2034
April 9, 2009 10:20:00 AM UTC	1239294000000	4	15	yes	51.4	140.3	23386	20815	13330	5819	0	38026	2853	1142	809	4176	359	2228
April 9, 2009 10:21:00 AM UTC	1239294060000	5	15	yes	51.5	140.6	23386	20815	13328	5822	0	38025	2849	1187	857	4190	426	2015
April 9, 2009 10:22:00 AM UTC	1239294120000	4	15	yes	51.6	140.9	23386	20815	13330	5781	0	38064	2877	1212	895	4198	375	2004
April 9, 2009 10:23:00 AM UTC	1239294180000	4	17	yes	51.8	141.3	23386	20815	13337	5794	0	38044	2874	1185	982	4208	298	2174
April 9, 2009 10:24:00 AM UTC	1239294240000	4	18	yes	51.9	141.6	23386	20815	13329	5838	0	38008	2844	1122	1092	4210	177	2326
April 9, 2009 10:25:00 AM UTC	1239294300000	4	20	yes	52.0	142.0	23386	20815	13338	5795	0	38042	2863	1054	1162	4220	108	2422
April 9, 2009 10:26:00 AM UTC	1239294360000	4	21	yes	52.1	142.4	23386	20815	13316	5890	0	37969	2818	1177	1129	4214	73	2498
April 9, 2009 10:27:00 AM UTC	1239294420000	4	23	yes	52.2	142.7	23386	20815	13326	5848	0	38001	2833	1158	1241	4227	149	2425
April 9, 2009 10:28:00 AM UTC	1239294480000	5	25	yes	52.3	143.1	23386	20815	13339	5794	0	38042	2867	1135	1408	4245	270	2223
April 9, 2009 10:29:00 AM UTC	1239294540000	6	28	yes	52.5	143.4	23386	20815	13327	5868	0	37980	2826	1227	1449	4242	412	2044
April 9, 2009 10:30:00 AM UTC	1239294600000	7	30	yes	52.6	143.8	23386	20815	13336	5826	0	38013	2852	1203	1525	4262	801	1621
April 9, 2009 10:31:00 AM UTC	1239294660000	8	32	yes	52.7	144.2	23386	20815	13336	5827	0	38012	2846	1270	1378	4270	783	1554
April 9, 2009 10:32:00 AM UTC	1239294720000	8	35	yes	52.8	144.5	23386	20815	13323	5882	0	37970	2821	1276	1515	4252	855	1495
April 9, 2009 10:33:00 AM UTC	1239294780000	10	40	yes	52.9	144.9	23386	20815	13324	5882	0	37969	2819	1395	1352	4276	1300	1075
April 9, 2009 10:34:00 AM UTC	1239294840000	11	43	yes	53.0	145.3	23386	20815	13336	5827	0	38012	2843	1489	1333	4291	1337	1076
April 9, 2009 10:35:00 AM UTC	1239294900000	12	48	yes	53.1	145.6	23386	20815	13337	5826	0	38012	2843	1619	1221	4284	1267	1215
April 9, 2009 10:36:00 AM UTC	1239294960000	13	56	yes	53.2	146.0	23386	20815	13332	5869	0	37974	2819	1679	1130	4301	1394	1229
April 9, 2009 10:37:00 AM UTC	1239295020000	14	58	yes	53.3	146.4	23386	20815	13333	5869	0	37973	2827	1711	1116	4295	1345	1336
April 9, 2009 10:38:00 AM UTC	1239295080000	16	62	yes	53.5	146.7	23386	20815	13333	5869	0	37973	2832	1831	1001	4302	1405	1495
April 9, 2009 10:39:00 AM UTC	1239295140000	18	63	yes	53.6	147.1	23386	20815	13342	5812	0	38021	2861	1874	987	4317	1694	1285
April 9, 2009 10:40:00 AM UTC	1239295200000	20	66	yes	53.7	147.5	23386	20815	13323	5908	0	37944	2814	2099	715	4304	2119	935
April 9, 2009 10:41:00 AM UTC	1239295260000	22	67	yes	53.8	147.9	23386	20815	13328	5888	0	37959	2821	2412	409	4316	2171	1053
April 9, 2009 10:42:00 AM UTC	1239295320000	24	67	yes	53.9	148.3	23386	20815	13319	5957	0	37899	2794	2410	384	4312	2267	980
April 9, 2009 10:43:00 AM UTC	1239295380000	25	69	yes	54.0	148.7	23386	20815	13340	5863	0	37972	2838	2542	296	4339	2354	1121
April 9, 2009 10:44:00 AM UTC	1239295440000	26	68	yes	54.1	149.0	23386	20815	13349	5825	0	38001	2849	2724	125	4355	2401	1272
April 9, 2009 10:45:00 AM UTC	1239295500000	28	68	yes	54.2	149.4	23386	20815	13327	5920	0	37928	2807	2791	16	4338	2467	1221
April 9, 2009 10:46:00 AM UTC	1239295560000	31	66	yes	54.3	149.8	23386	20815	13336	5886	0	37953	2814	2802	12	4350	2566	1417
April 9, 2009 10:47:00 AM UTC	1239295620000	33	65	yes	54.4	150.2	23386	20815	13330	5871	0	37974	2823	2820	3	4351	2701	1347
April 9, 2009 10:48:00 AM UTC	1239295680000	36	63	yes	54.4	150.6	23386	20815	13333	5898	0	37944	2807	2795	12	4358	2787	1419
April 9, 2009 10:49:00 AM UTC	1239295740000	38	61	yes	54.5	151.0	23386	20815	13344	5832	0	37999	2846	2841	5	4382	2842	1383
April 9, 2009 10:50:00 AM UTC	1239295800000	42	58	yes	54.6	151.4	23386	20815	13323	5926	0	37926	2798	2798	0	4362	2910	1391
April 9, 2009 10:51:00 AM UTC	1239295860000	43	56	yes	54.7	151.8	23386	20815	13330	5902	0	37943	2812	2812	0	4375	2976	1396
April 9, 2009 10:52:00 AM UTC	1239295920000	49	51	yes	54.8	152.2	23386	20815	13330	5902	0	37943	2806	2806	0	4376	3087	1254
April 9, 2009 10:53:00 AM UTC	1239295980000	51	49	yes	54.9	152.6	23386	20815	13330	5902	0	37943	2817	2817	0	4383	3181	1202
April 9, 2009 10:54:00 AM UTC	1239296040000	55	45	yes	55.0	153.0	23386	20815	13330	5902	0	37943	2809	2809	0	4389	3272	1116
April 9, 2009 10:55:00 AM UTC	1239296100000	57	43	yes	55.1	153.4	23386	20815	13328	5941	0	37906	2794	2794	0	4388	3472	916
April 9, 2009 10:56:00 AM UTC	1239296160000	57	43	yes	55.2	153.8	23386	20815	13338	5832	0	38005	2844	2844	0	4402	3442	960
April 9, 2009 10:57:00 AM UTC	1239296220000	62	38	yes	55.2	154.2	23386	20815	13338	5832	0	38005	2852	2852	0	4402	3456	946
April 9, 2009 10:58:00 AM UTC	1239296280000	65	35	yes	55.3	154.6	23386	20815	13338	5832	0	38005	2840	2840	0	4408	3784	624
April 9, 2009 10:59:00 AM UTC	1239296340000	69	31	yes	55.4	155.0	23386	20815	13323	5894	0	37958	2811	2811	0	4398	3929	469
April 9, 2009 11:00:00 AM UTC	1239296400000	72	28	yes	55.5	155.5	23386	20815	13333	5862	0	37980	2831	2831	0	4406	4130	276
April 9, 2009 11:01:00 AM UTC	1239296460000	75	25	yes	55.6	155.9	23386	20815	13331	5908	0	37936	2807	2807	0	4406	4118	288
April 9, 2009 11:02:00 AM UTC	1239296520000	76	24	yes	55.7	156.3	23386	20815	13331	5908	0	37936	2813	2813	0	4411	4325	86
April 9, 2009 11:03:00 AM UTC	1239296580000	79	21	yes	55.7	156.7	23386	20815	13331	5908	0	37936	2808	2808	0	4412	4402	10
April 9, 2009 11:04:00 AM UTC	1239296640000	79	21	yes	55.8	157.1	23386	20815	13338	5839	0	37998	2844	2844	0	4424	4406	18
April 9, 2009 11:05:00 AM UTC	1239296700000	79	21	yes	55.9	157.5	23386	20815	13332	5867	0	37976	2823	2823	0	4424	4424	0
April 9, 2009 11:06:00 AM UTC	1239296760000	81	19	yes	55.9	158.0	23386	20815	13338	5839	0	37998	2836	2836	0	4429	4415	14
April 9, 2009 11:07:00 AM UTC	1239296820000	85	15	yes	56.0	158.4	23386	20815	13329	5928	0	37918	2799	2799	0	4421	4421	0
April 9, 2009 11:08:00 AM UTC	1239296880000	85	15	yes	56.1	158.8	23386	20815	13322	5969	0	37884	2777	2777	0	4414	4414	0
April 9, 2009 11:09:00 AM UTC	1239296940000	86	14	yes	56.2	159.2	23386	20815	13329	5929	0	37917	2799	2799	0	4426	4426	0
April 9, 2009 11:10:00 AM UTC	1239297000000	87	13	yes	56.2	159.7	23386	20815	13329	5929	0	37917	2795	2795	0	4428	4428	0
April 9, 2009 11:11:00 AM UTC	1239297060000	86	14	yes	56.3	160.1	23386	20815	13335	5906	0	37934	2810	2810	0	4436	4436	0
April 9, 2009 11:12:00 AM UTC	1239297120000	84	16	yes	56.4	160.5	23386	20815	13328	5929	0	37918	2798	2798	0	4433	4433	0
April 9, 2009 11:13:00 AM UTC	1239297180000	82	18	yes	56.4	161.0	23386	20815	13329	5920	0	37926	2794	2794	0	4436	4436	0
April 9, 2009 11:14:00 AM UTC	1239297240000	82	18	yes	56.5	161.4	23386	20815	13335	5883	0	37957	2824	2824	0	4447	4447	0
April 9, 2009 11:15:00 AM UTC	1239297300000	83	17	yes	56.5	161.8	23386	20815	13336	5882	0	37957	2815	2815	0	4448	4448	0
April 9, 2009 11:16:00 AM UTC	1239297360000	83	17	yes	56.6	162.3	23386	20815	13330	5905	0	37940	2812	2812	0	4445	4445	0
April 9, 2009 11:17:00 AM UTC	1239297420000	82	18	yes	56.7	162.7	23386	20815	13319	5910	0	37946	2802	2802	0	4437	4437	0
April 9, 2009 11:18:00 AM UTC	1239297480000	83	17	yes	56.7	163.1	23386	20815	13326	5891	0	37958	2813	2813	0	4446	4446	0
April 9, 2009 11:19:00 AM UTC	1239297540000	83	17	yes	56.8	163.6	23386	20815	13323	5965	0	37887	2772	2772	0	4446	4446	0
April 9, 2009 11:20:00 AM UTC	1239297600000	86	14	yes	56.8	164.0	23386	20815	13328	5934	0	37913	2793	2793	0	4452	4452	0
April 9, 2009 11:21:00 AM UTC	1239297660000	89	11	yes	56.9	164.5	23386	20815	13345	5860	0	37970	2826	2826	0	4469	4469	0
April 9, 2009 11:22:00 AM UTC	1239297720000	91	9	yes	56.9	164.9	23386	20815	13344	5870	0	37961	2818	2818	0	4470	4470	0
April 9, 2009 11:23:00 AM UTC	1239297780000	93	7	yes	57.0	165.4	23386	20815	13329	5935	0	37911	2795	2795	0	4455	4455	0
April 9, 2009 11:24:00 AM UTC	1239297840000	93	7	yes	57.0	165.8	23386	20815	13329	5935	0	37911	2797	2797	0	4454	4454	0
April 9, 2009 11:25:00 AM UTC	1239297900000	94	6	yes	57.1	166.3	23386	20815	13333	5894	0	37948	2814	2814	0	4463	4463	0
April 9, 2009 11:26:00 AM UTC	1239297960000	93	7	yes	57.1	166.7	23386	20815	13333	5904	0	37938	2812	2812	0	4466	4466	0
April 9, 2009 11:27:00 AM UTC	1239298020000	91	9	yes	57.2	167.2	23386	20815	13337	5862	0	37976	2825	2825	0	4471	4471	0
April 9, 2009 11:28:00 AM UTC	1239298080000	90	10	yes	57.2	167.6	23386	20815	13337	5862	0	37976	2826	2826	0	4471	4471	0
April 9, 2009 11:29:00 AM UTC	1239298140000	89	11	yes	57.2	168.1	23386	20815	13322	5929	0	37924	2793	2793	0	4452	4452	0
April 9, 2009 11:30:00 AM UTC	1239298200000	89	11	yes	57.3	168.5	23386	20815	13337	5861	0	37977	2825	2825	0	4481	4481	0
April 9, 2009 11:31:00 AM UTC	1239298260000	90	10	yes	57.3	169.0	23386	20815	13337	5860	0	37978	2827	2827	0	4481	4481	0
April 9, 2009 11:32:00 AM UTC	1239298320000	88	12	yes	57.4	169.4	23386	20815	13336	5933	0	37906	2795	2795	0	4475	4475	0
April 9, 2009 11:33:00 AM UTC	1239298380000	89	11	yes	57.4	169.9	23386	20815	13337	5922	0	37916	2798	2798	0	4475	4475	0
April 9, 2009 11:34:00 AM UTC	1239298440000	90	10	yes	57.4	170.3	23386	20815	13321	5988	0	37866	2765	2765	0	4460	4460	0
April 9, 2009 11:35:00 AM UTC	1239298500000	92	8	yes	57.5	170.8	23386	20815	13323	5908	0	37944	2808	2808	0	4471	4471	0
April 9, 2009 11:36:00 AM UTC	1239298560000	95	5	yes	57.5	171.2	23386	20815	13324	5870	0	37981	2818	2818	0	4472	4472	0
April 9, 2009 11:37:00 AM UTC	1239298620000	96	4	yes	57.5	171.7	23386	20815	13341	5804	0	38030	2848	2848	0	4491	4491	0
April 9, 2009 11:38:00 AM UTC	1239298680000	94	6	yes	57.5	172.2	23386	20815	13338	5879	0	37958	2815	2815	0	4486	4486	0
April 9, 2009 11:39:00 AM UTC	1239298740000	95	5	yes	57.6	172.6	23386	20815	13326	5941	0	37908	2786	2786	0	4468	4468	0
April 9, 2009 11:40:00 AM UTC	1239298800000	96	4	yes	57.6	173.1	23386	20815	13325	5942	0	37908	2797	2797	0	4469	4468	1
April 9, 2009 11:41:00 AM UTC	1239298860000	95	5	yes	57.6	173.5	23386	20815	13325	5942	0	37908	2783	2783	0	4469	4469	0
April 9, 2009 11:42:00 AM UTC	1239298920000	96	4	yes	57.6	174.0	23386	20815	13324	5942	0	37909	2796	2796	0	4470	4470	0
April 9, 2009 11:43:00 AM UTC	1239298980000	95	5	yes	57.7	174.5	23386	20815	13340	5861	0	37974	2823	2823	0	4494	4494	0
April 9, 2009 11:44:00 AM UTC	1239299040000	95	5	yes	57.7	174.9	23386	20815	13325	5833	0	38017	2838	2838	0	4485	4485	0
April 9, 2009 11:45:00 AM UTC	1239299100000	96	4	yes	57.7	175.4	23386	20815	13324	5918	0	37933	2802	2802	0	4475	4475	0
April 9, 2009 11:46:00 AM UTC	1239299160000	95	5	yes	57.7	175.8	23386	20815	13323	5919	0	37933	2795	2795	0	4479	4479	0
April 9, 2009 11:47:00 AM UTC	1239299220000	94	6	yes	57.7	176.3	23386	20815	13324	5914	0	37937	2806	2806	0	4479	4473	6
April 9, 2009 11:48:00 AM UTC	1239299280000	93	7	yes	57.7	176.8	23386	20815	13324	5914	0	37937	2799	2799	0	4480	4478	2
April 9, 2009 11:49:00 AM UTC	1239299340000	93	7	yes	57.7	177.2	23386	20815	13325	5913	0	37937	2803	2803	0	4479	4470	9
April 9, 2009 11:50:00 AM UTC	1239299400000	91	9	yes	57.7	177.7	23386	20815	13326	5912	0	37937	2802	2802	0	4478	4471	7
April 9, 2009 11:51:00 AM UTC	1239299460000	89	11	yes	57.8	178.2	23386	20815	13327	5909	0	37939	2801	2801	0	4479	4435	44
April 9, 2009 11:52:00 AM UTC	1239299520000	86	14	yes	57.8	178.6	23386	20815	13327	5887	0	37961	2810	2810	0	4479	4344	135
April 9, 2009 11:53:00 AM UTC	1239299580000	85	15	yes	57.8	179.1	23386	20815	13327	5889	0	37959	2808	2808	0	4479	4293	186
April 9, 2009 11:54:00 AM UTC	1239299640000	83	17	yes	57.8	179.6	23386	20815	13327	5889	0	37959	2807	2807	0	4484	4288	196
April 9, 2009 11:55:00 AM UTC	1239299700000	80	20	yes	57.8	180.0	23386	20815	13327	5889	0	37959	2805	2805	0	4481	4244	237
April 9, 2009 11:56:00 AM UTC	1239299760000	80	20	yes	57.8	180.5	23386	20815	13327	5889	0	37959	2808	2808	0	4482	4248	234
April 9, 2009 11:57:00 AM UTC	1239299820000	78	22	yes	57.8	180.9	23386	20815	13327	5889	0	37959	2804	2804	0	4480	4360	120
April 9, 2009 11:58:00 AM UTC	1239299880000	77	23	yes	57.8	181.4	23386	20815	13327	5887	0	37961	2809	2809	0	4478	4416	62
April 9, 2009 11:59:00 AM UTC	1239299940000	77	23	yes	57.8	181.9	23386	20815	13327	5906	0	37942	2802	2802	0	4481	4470	11
April 9, 2009 12:00:00 PM UTC	1239300000000	75	25	yes	57.8	182.3	23386	20815	13326	5910	0	37939	2804	2804	0	4477	4474	3
April 9, 2009 12:01:00 PM UTC	1239300060000	76	24	yes	57.7	182.8	23386	20815	13325	5911	0	37939	2805	2805	0	4480	4480	0
April 9, 2009 12:02:00 PM UTC	1239300120000	74	26	yes	57.7	183.3	23386	20815	13324	5912	0	37939	2798	2798	0	4481	4481	0
April 9, 2009 12:03:00 PM UTC	1239300180000	71	29	yes	57.7	183.7	23386	20815	13324	5912	0	37939	2805	2805	0	4479	4479	0
April 9, 2009 12:04:00 PM UTC	1239300240000	70	30	yes	57.7	184.2	23386	20815	13323	5916	0	37936	2793	2793	0	4477	4477	0
April 9, 2009 12:05:00 PM UTC	1239300300000	69	31	yes	57.7	184.7	23386	20815	13324	5916	0	37935	2801	2801	0	4478	4478	0
April 9, 2009 12:06:00 PM UTC	1239300360000	69	31	yes	57.7	185.1	23386	20815	13325	5834	0	38016	2834	2834	0	4483	4483	0
April 9, 2009 12:07:00 PM UTC	1239300420000	69	31	yes	57.7	185.6	23386	20815	13338	5871	0	37966	2819	2819	0	4491	4491	0
April 9, 2009 12:08:00 PM UTC	1239300480000	67	33	yes	57.6	186.0	23386	20815	13324	5938	0	37913	2797	2797	0	4471	4471	0
April 9, 2009 12:09:00 PM UTC	1239300540000	66	34	yes	57.6	186.5	23386	20815	13325	5938	0	37912	2784	2784	0	4469	4469	0
April 9, 2009 12:10:00 PM UTC	1239300600000	64	36	yes	57.6	187.0	23386	20815	13325	5938	0	37912	2798	2798	0	4468	4468	0
April 9, 2009 12:11:00 PM UTC	1239300660000	64	36	yes	57.6	187.4	23386	20815	13340	5871	0	37964	2811	2811	0	4485	4485	0
April 9, 2009 12:12:00 PM UTC	1239300720000	63	37	yes	57.5	187.9	23386	20815	13338	5877	0	37960	2814	2814	0	4484	4484	0
April 9, 2009 12:13:00 PM UTC	1239300780000	63	37	yes	57.5	188.3	23386	20815	13327	5865	0	37983	2817	2817	0	4472	4472	0
April 9, 2009 12:14:00 PM UTC	1239300840000	63	37	yes	57.5	188.8	23386	20815	13324	5866	0	37985	2819	2819	0	4471	4471	0
April 9, 2009 12:15:00 PM UTC	1239300900000	62	38	yes	57.5	189.3	23386	20815	13323	5904	0	37948	2806	2806	0	4471	4471	0
April 9, 2009 12:16:00 PM UTC	1239300960000	60	40	yes	57.4	189.7	23386	20815	13336	5915	0	37924	2795	2795	0	4479	4479	0
April 9, 2009 12:17:00 PM UTC	1239301020000	60	40	yes	57.4	190.2	23386	20815	13337	5915	0	37923	2800	2800	0	4478	4478	0
April 9, 2009 12:18:00 PM UTC	1239301080000	59	40	yes	57.4	190.6	23386	20815	13336	5927	0	37912	2795	2795	0	4476	4476	0
April 9, 2009 12:19:00 PM UTC	1239301140000	61	39	yes	57.3	191.1	23386	20815	13337	5853	0	37985	2828	2828	0	4484	4484	0
April 9, 2009 12:20:00 PM UTC	1239301200000	59	41	yes	57.3	191.5	23386	20815	13323	5920	0	37932	2793	2793	0	4458	4458	0
April 9, 2009 12:21:00 PM UTC	1239301260000	58	42	yes	57.3	192.0	23386	20815	13322	5921	0	37932	2797	2797	0	4452	4452	0
April 9, 2009 12:22:00 PM UTC	1239301320000	55	44	yes	57.2	192.4	23386	20815	13337	5855	0	37983	2826	2826	0	4475	4475	0
April 9, 2009 12:23:00 PM UTC	1239301380000	57	43	yes	57.2	192.9	23386	20815	13337	5855	0	37983	2823	2823	0	4470	4470	0
April 9, 2009 12:24:00 PM UTC	1239301440000	58	41	yes	57.1	193.3	23386	20815	13333	5901	0	37941	2814	2814	0	4466	4466	0
April 9, 2009 12:25:00 PM UTC	1239301500000	57	42	yes	57.1	193.8	23386	20815	13329	5923	0	37923	2793	2793	0	4458	4458	0
April 9, 2009 12:26:00 PM UTC	1239301560000	58	41	yes	57.0	194.2	23386	20815	13329	5931	0	37915	2797	2797	0	4454	4454	0
April 9, 2009 12:27:00 PM UTC	1239301620000	58	41	yes	57.0	194.7	23386	20815	13344	5865	0	37966	2823	2823	0	4474	4473	1
April 9, 2009 12:28:00 PM UTC	1239301680000	58	42	yes	56.9	195.1	23386	20815	13340	5884	0	37951	2812	2812	0	4467	4467	0
April 9, 2009 12:29:00 PM UTC	1239301740000	59	41	yes	56.9	195.6	23386	20815	13329	5930	0	37916	2792	2792	0	4453	4453	0
April 9, 2009 12:30:00 PM UTC	1239301800000	60	40	yes	56.8	196.0	23386	20815	13328	5930	0	37917	2791	2791	0	4449	4449	0
April 9, 2009 12:31:00 PM UTC	1239301860000	61	39	yes	56.8	196.5	23386	20815	13323	5958	0	37894	2769	2769	0	4446	4446	0
April 9, 2009 12:32:00 PM UTC	1239301920000	63	37	yes	56.7	196.9	23386	20815	13326	5885	0	37964	2814	2814	0	4447	4447	0
April 9, 2009 12:33:00 PM UTC	1239301980000	66	34	yes	56.7	197.3	23386	20815	13319	5907	0	37949	2802	2802	0	4439	4439	0
April 9, 2009 12:34:00 PM UTC	1239302040000	69	31	yes	56.6	197.8	23386	20815	13337	5874	0	37964	2821	2821	0	4452	4452	0
April 9, 2009 12:35:00 PM UTC	1239302100000	71	29	yes	56.6	198.2	23386	20815	13336	5877	0	37962	2816	2816	0	4446	4446	0
April 9, 2009 12:36:00 PM UTC	1239302160000	75	25	yes	56.5	198.6	23386	20815	13335	5878	0	37962	2824	2824	0	4448	4448	0
April 9, 2009 12:37:00 PM UTC	1239302220000	78	22	yes	56.4	199.1	23386	20815	13329	5915	0	37931	2785	2785	0	4440	4440	0
April 9, 2009 12:38:00 PM UTC	1239302280000	82	18	yes	56.4	199.5	23386	20815	13328	5924	0	37923	2795	2795	0	4433	4433	0
April 9, 2009 12:39:00 PM UTC	1239302340000	86	14	yes	56.3	199.9	23386	20815	13329	5924	0	37922	2799	2799	0	4431	4431	0
April 9, 2009 12:40:00 PM UTC	1239302400000	91	9	yes	56.2	200.4	23386	20815	13329	5924	0	37922	2801	2801	0	4427	4427	0
April 9, 2009 12:41:00 PM UTC	1239302460000	93	7	yes	56.2	200.8	23386	20815	13322	5949	0	37904	2790	2790	0	4422	4422	0
April 9, 2009 12:42:00 PM UTC	1239302520000	96	4	yes	56.1	201.2	23386	20815	13329	5924	0	37922	2798	2798	0	4424	4424	0
April 9, 2009 12:43:00 PM UTC	1239302580000	98	2	yes	56.0	201.7	23386	20815	13336	5904	0	37935	2802	2802	0	4429	4429	0
April 9, 2009 12:44:00 PM UTC	1239302640000	99	1	yes	56.0	202.1	23386	20815	13338	5834	0	38003	2839	2839	0	4429	4429	0
April 9, 2009 12:45:00 PM UTC	1239302700000	99	1	yes	55.9	202.5	23386	20815	13332	5859	0	37984	2828	2828	0	4420	4420	0
April 9, 2009 12:46:00 PM UTC	1239302760000	100	0	yes	55.8	202.9	23386	20815	13338	5834	0	38003	2840	2840	0	4424	4424	0
April 9, 2009 12:47:00 PM UTC	1239302820000	100	0	yes	55.7	203.3	23386	20815	13331	5903	0	37941	2806	2806	0	4410	4410	0
April 9, 2009 12:48:00 PM UTC	1239302880000	100	0	yes	55.7	203.8	23386	20815	13331	5903	0	37941	2809	2809	0	4412	4412	0
April 9, 2009 12:49:00 PM UTC	1239302940000	100	0	yes	55.6	204.2	23386	20815	13331	5903	0	37941	2805	2805	0	4406	4406	0
April 9, 2009 12:50:00 PM UTC	1239303000000	100	0	yes	55.5	204.6	23386	20815	13333	5857	0	37985	2831	2831	0	4406	4406	0
April 9, 2009 12:51:00 PM UTC	1239303060000	100	0	yes	55.4	205.0	23386	20815	13323	5884	0	37968	2810	2810	0	4404	4404	0
April 9, 2009 12:52:00 PM UTC	1239303120000	100	0	yes	55.4	205.4	23386	20815	13331	5856	0	37988	2829	2829	0	4399	4399	0
April 9, 2009 12:53:00 PM UTC	1239303180000	100	0	yes	55.3	205.8	23386	20815	13338	5826	0	38011	2852	2852	0	4405	4405	0
April 9, 2009 12:54:00 PM UTC	1239303240000	100	0	yes	55.2	206.2	23386	20815	13338	5903	0	37934	2808	2808	0	4400	4400	0
April 9, 2009 12:55:00 PM UTC	1239303300000	100	0	yes	55.1	206.6	23386	20815	13335	5902	0	37938	2811	2811	0	4400	4400	0
April 9, 2009 12:56:00 PM UTC	1239303360000	100	0	yes	55.0	207.1	23386	20815	13330	5886	0	37959	2806	2806	0	4388	4388	0
April 9, 2009 12:57:00 PM UTC	1239303420000	100	0	yes	54.9	207.5	23386	20815	13330	5886	0	37959	2814	2814	0	4384	4384	0
April 9, 2009 12:58:00 PM UTC	1239303480000	100	0	yes	54.8	207.9	23386	20815	13330	5886	0	37959	2807	2807	0	4377	4377	0
April 9, 2009 12:59:00 PM UTC	1239303540000	100	0	yes	54.7	208.3	23386	20815	13330	5886	0	37959	2811	2811	0	4373	4373	0
April 9, 2009 1:00:00 PM UTC	1239303600000	100	0	yes	54.7	208.7	23386	20815	13321	5928	0	37926	2790	2790	0	4359	4359	0
April 9, 2009 1:01:00 PM UTC	1239303660000	100	0	yes	54.6	209.1	23386	20815	13336	5859	0	37980	2825	2825	0	4371	4371	0
April 9, 2009 1:02:00 PM UTC	1239303720000	100	0	yes	54.5	209.5	23386	20815	13336	5827	0	38012	2840	2840	0	4366	4366	0
April 9, 2009 1:03:00 PM UTC	1239303780000	100	0	no	54.4	209.8	23386	20815	13330	5864	0	37981	2821	2821	0	4351	4351	0
April 9, 2009 1:04:00 PM UTC	1239303840000	100	0	yes	54.3	210.2	23386	20815	13337	5874	0	37964	2817	2817	0	4350	4350	0
April 9, 2009 1:05:00 PM UTC	1239303900000	100	0	yes	54.2	210.6	23386	20815	13327	5913	0	37935	2809	2809	0	4338	4338	0
April 9, 2009 1:06:00 PM UTC	1239303960000	100	0	no	54.1	211.0	23386	20815	13327	5913	0	37935	2807	2807	0	4336	4336	0
April 9, 2009 1:07:00 PM UTC	1239304020000	100	0	no	54.0	211.4	23386	20815	13340	5856	0	37979	2836	2836	0	4340	4340	0
April 9, 2009 1:08:00 PM UTC	1239304080000	100	0	no	53.9	211.8	23386	20815	13331	5919	0	37925	2802	2802	0	4323	4323	0
April 9, 2009 1:09:00 PM UTC	1239304140000	100	0	no	53.8	212.2	23386	20815	13342	5824	0	38009	2849	2849	0	4327	4327	0
April 9, 2009 1:10:00 PM UTC	1239304200000	100	0	no	53.7	212.6	23386	20815	13318	5939	0	37918	2796	2796	0	4301	4301	0
April 9, 2009 1:11:00 PM UTC	1239304260000	100	0	no	53.6	212.9	23386	20815	13318	5918	0	37939	2805	2805	0	4298	4298	0
April 9, 2009 1:12:00 PM UTC	1239304320000	100	0	no	53.5	213.3	23386	20815	13333	5862	0	37980	2830	2830	0	4303	4303	0
April 9, 2009 1:13:00 PM UTC	1239304380000	100	0	no	53.4	213.7	23386	20815	13333	5862	0	37980	2831	2831	0	4294	4294	0
April 9, 2009 1:14:00 PM UTC	1239304440000	100	0	no	53.3	214.1	23386	20815	13332	5862	0	37981	2818	2818	0	4305	4305	0
April 9, 2009 1:15:00 PM UTC	1239304500000	100	0	no	53.2	214.4	23386	20815	13324	5875	0	37976	2821	2821	0	4283	4283	0
April 9, 2009 1:16:00 PM UTC	1239304560000	100	0	no	53.1	214.8	23386	20815	13336	5820	0	38019	2842	2842	0	4288	4288	0
April 9, 2009 1:17:00 PM UTC	1239304620000	100	0	no	52.9	215.2	23386	20815	13336	5820	0	38019	2845	2845	0	4288	4288	0
April 9, 2009 1:18:00 PM UTC	1239304680000	100	0	no	52.8	215.5	23386	20815	13323	5874	0	37978	2821	2821	0	4259	4259	0
April 9, 2009 1:19:00 PM UTC	1239304740000	100	0	no	52.7	215.9	23386	20815	13329	5863	0	37983	2823	2823	0	4261	4261	0
April 9, 2009 1:20:00 PM UTC	1239304800000	100	0	no	52.6	216.3	23386	20815	13336	5819	0	38020	2850	2850	0	4266	4266	0
April 9, 2009 1:21:00 PM UTC	1239304860000	100	0	no	52.5	216.6	23386	20815	13327	5859	0	37989	2832	2832	0	4244	4244	0
April 9, 2009 1:22:00 PM UTC	1239304920000	100	0	no	52.4	217.0	23386	20815	13347	5743	0	38085	2888	2888	0	4258	4258	0
April 9, 2009 1:23:00 PM UTC	1239304980000	100	0	no	52.3	217.4	23386	20815	13338	5784	0	38053	2865	2865	0	4242	4242	0
April 9, 2009 1:24:00 PM UTC	1239305040000	100	0	no	52.1	217.7	23386	20815	13315	5884	0	37976	2816	2816	0	4219	4219	0
April 9, 2009 1:25:00 PM UTC	1239305100000	100	0	no	52.0	218.1	23386	20815	13326	5834	0	38015	2844	2844	0	4212	4212	0
April 9, 2009 1:26:00 PM UTC	1239305160000	100	0	no	51.9	218.4	23386	20815	13329	5827	0	38019	2849	2849	0	4211	4211	0
April 9, 2009 1:27:00 PM UTC	1239305220000	100	0	no	51.8	218.8	23386	20815	13328	5829	0	38018	2843	2843	0	4205	4205	0
April 9, 2009 1:28:00 PM UTC	1239305280000	100	0	no	51.7	219.1	23386	20815	13339	5761	0	38075	2878	2878	0	4206	4206	0
April 9, 2009 1:29:00 PM UTC	1239305340000	100	0	no	51.6	219.5	23386	20815	13328	5813	0	38034	2845	2845	0	4192	4192	0
April 9, 2009 1:29:58 PM UTC	1239305398000	100	0	no	51.4	219.8	23386	20815	13330	5812	0	38033	2848	2848	0	4182	4182	0
April 9, 2009 1:31:00 PM UTC	1239305460000	100	0	no	51.3	220.2	23386	20815	13340	5761	0	38074	2870	2870	0	4188	4188	0
April 9, 2009 1:32:00 PM UTC	1239305520000	100	0	no	51.2	220.5	23386	20815	13329	5807	0	38039	2849	2849	0	4167	4167	0
April 9, 2009 1:33:00 PM UTC	1239305580000	100	0	no	51.1	220.8	23386	20815	13329	5812	0	38034	2853	2853	0	4160	4160	0
April 9, 2009 1:34:00 PM UTC	1239305640000	100	0	no	50.9	221.2	23386	20815	13328	5871	0	37976	2826	2826	0	4154	4154	0
April 9, 2009 1:35:00 PM UTC	1239305700000	100	0	no	50.8	221.5	23386	20815	13329	5824	0	38022	2862	2862	0	4137	4137	0
April 9, 2009 1:36:00 PM UTC	1239305760000	100	0	no	50.7	221.9	23386	20815	13339	5814	0	38022	2858	2858	0	4137	4137	0
April 9, 2009 1:37:00 PM UTC	1239305820000	100	0	no	50.6	222.2	23386	20815	13328	5867	0	37980	2831	2831	0	4122	4122	0
April 9, 2009 1:38:00 PM UTC	1239305880000	100	0	no	50.4	222.5	23386	20815	13328	5865	0	37982	2836	2836	0	4108	4108	0
April 9, 2009 1:39:00 PM UTC	1239305940000	100	0	no	50.3	222.9	23386	20815	13341	5878	0	37956	2831	2831	0	4104	4104	0
April 9, 2009 1:40:00 PM UTC	1239306000000	100	0	no	50.2	223.2	23386	20815	13316	5976	0	37883	2786	2786	0	4080	4080	0
April 9, 2009 1:41:00 PM UTC	1239306060000	100	0	no	50.0	223.5	23386	20815	13341	5880	0	37954	2836	2836	0	4093	4093	0
April 9, 2009 1:42:00 PM UTC	1239306120000	100	0	no	49.9	223.8	23386	20815	13328	5878	0	37969	2836	2836	0	4076	4076	0
April 9, 2009 1:43:00 PM UTC	1239306180000	100	0	no	49.8	224.2	23386	20815	13328	5923	0	37924	2810	2810	0	4066	4066	0
April 9, 2009 1:44:00 PM UTC	1239306240000	100	0	no	49.6	224.5	23386	20815	13329	5922	0	37924	2809	2809	0	4058	4058	0
April 9, 2009 1:45:00 PM UTC	1239306300000	100	0	no	49.5	224.8	23386	20815	13341	5799	0	38035	2855	2855	0	4056	4056	0
April 9, 2009 1:46:00 PM UTC	1239306360000	100	0	no	49.4	225.1	23386	20815	13316	5895	0	37964	2806	2806	0	4032	4032	0
April 9, 2009 1:47:00 PM UTC	1239306420000	100	0	no	49.2	225.4	23386	20815	13338	5798	0	38039	2860	2860	0	4038	4038	0
April 9, 2009 1:48:00 PM UTC	1239306480000	100	0	no	49.1	225.8	23386	20815	13329	5848	0	37998	2840	2840	0	4011	4011	0
April 9, 2009 1:49:00 PM UTC	1239306540000	100	0	no	49.0	226.1	23386	20815	13329	5848	0	37998	2843	2843	0	4004	4004	0
April 9, 2009 1:50:00 PM UTC	1239306600000	100	0	no	48.8	226.4	23386	20815	13329	5814	0	38032	2862	2862	0	4000	4000	0
April 9, 2009 1:51:00 PM UTC	1239306660000	100	0	no	48.7	226.7	23386	20815	13337	5822	0	38016	2868	2868	0	3989	3989	0
April 9, 2009 1:52:00 PM UTC	1239306720000	100	0	no	48.5	227.0	23386	20815	13329	5863	0	37983	2838	2838	0	3975	3975	0
April 9, 2009 1:53:00 PM UTC	1239306780000	100	0	no	48.4	227.3	23386	20815	13339	5816	0	38020	2863	2863	0	3970	3970	0
April 9, 2009 1:54:00 PM UTC	1239306840000	100	0	no	48.3	227.6	23386	20815	13316	5915	0	37944	2811	2811	0	3944	3944	0
April 9, 2009 1:55:00 PM UTC	1239306900000	100	0	no	48.1	227.9	23386	20815	13339	5818	0	38018	2868	2868	0	3950	3950	0
April 9, 2009 1:56:00 PM UTC	1239306960000	100	0	no	48.0	228.2	23386	20815	13327	5870	0	37978	2836	2836	0	3929	3929	0
April 9, 2009 1:57:00 PM UTC	1239307020000	100	0	no	47.8	228.5	23386	20815	13328	5832	0	38015	2860	2860	0	3921	3921	0
April 9, 2009 1:58:00 PM UTC	1239307080000	100	0	no	47.7	228.8	23386	20815	13328	5833	0	38014	2853	2853	0	3919	3919	0
April 9, 2009 1:59:00 PM UTC	1239307140000	100	0	no	47.5	229.1	23386	20815	13325	5892	0	37958	2829	2829	0	3893	3893	0
April 9, 2009 2:00:00 PM UTC	1239307200000	100	0	no	47.4	229.4	23386	20815	13335	5848	0	37992	2853	2853	0	3891	3891	0
April 9, 2009 2:01:00 PM UTC	1239307260000	100	0	no	47.3	229.7	23386	20815	13335	5840	0	38000	2857	2857	0	3879	3879	0
April 9, 2009 2:02:00 PM UTC	1239307320000	100	0	no	47.1	230.0	23386	20815	13324	5894	0	37957	2838	2838	0	3856	3856	0
April 9, 2009 2:03:00 PM UTC	1239307380000	100	0	no	47.0	230.3	23386	20815	13336	5838	0	38001	2857	2857	0	3854	3854	0
April 9, 2009 2:04:00 PM UTC	1239307440000	100	0	no	46.8	230.6	23386	20815	13324	5893	0	37958	2835	2835	0	3836	3836	0
April 9, 2009 2:05:00 PM UTC	1239307500000	100	0	no	46.7	230.9	23386	20815	13326	5860	0	37989	2851	2851	0	3827	3827	0
April 9, 2009 2:06:00 PM UTC	1239307560000	100	0	no	46.5	231.2	23386	20815	13326	5860	0	37989	2849	2849	0	3818	3818	0
April 9, 2009 2:07:00 PM UTC	1239307620000	100	0	no	46.4	231.5	23386	20815	13332	5875	0	37968	2849	2849	0	3808	3808	0
April 9, 2009 2:08:00 PM UTC	1239307680000	100	0	no	46.2	231.7	23386	20815	13324	5844	0	38007	2853	2853	0	3793	3793	0
April 9, 2009 2:09:00 PM UTC	1239307740000	100	0	no	46.1	232.0	23386	20815	13334	5802	0	38039	2877	2877	0	3786	3786	0
April 9, 2009 2:10:00 PM UTC	1239307800000	100	0	no	45.9	232.3	23386	20815	13321	5857	0	37997	2847	2847	0	3764	3764	0
April 9, 2009 2:11:00 PM UTC	1239307860000	100	0	no	45.8	232.6	23386	20815	13334	5802	0	38039	2876	2876	0	3760	3760	0
April 9, 2009 2:12:00 PM UTC	1239307920000	100	0	no	45.6	232.9	23386	20815	13330	5823	0	38022	2865	2865	0	3744	3744	0
April 9, 2009 2:13:00 PM UTC	1239307980000	100	0	no	45.5	233.2	23386	20815	13323	5827	0	38025	2873	2873	0	3728	3728	0
April 9, 2009 2:14:00 PM UTC	1239308040000	100	0	no	45.3	233.4	23386	20815	13333	5786	0	38056	2895	2895	0	3721	3721	0
April 9, 2009 2:15:00 PM UTC	1239308100000	100	0	no	45.2	233.7	23386	20815	13332	5787	0	38056	2897	2897	0	3704	3704	0
April 9, 2009 2:16:00 PM UTC	1239308160000	100	0	no	45.0	234.0	23386	20815	13331	5841	0	38003	2872	2872	0	3689	3689	0
April 9, 2009 2:17:00 PM UTC	1239308220000	100	0	no	44.8	234.3	23386	20815	13331	5841	0	38003	2859	2859	0	3685	3685	0
April 9, 2009 2:18:00 PM UTC	1239308280000	100	0	no	44.7	234.5	23386	20815	13327	5859	0	37989	2861	2861	0	3657	3657	0
April 9, 2009 2:19:00 PM UTC	1239308340000	100	0	no	44.5	234.8	23386	20815	13331	5841	0	38003	2866	2866	0	3658	3658	0
April 9, 2009 2:20:00 PM UTC	1239308400000	100	0	no	44.4	235.1	23386	20815	13316	5897	0	37962	2838	2838	0	3627	3627	0
April 9, 2009 2:21:00 PM UTC	1239308460000	100	0	no	44.2	235.3	23386	20815	13336	5800	0	38039	2888	2888	0	3631	3631	0
April 9, 2009 2:22:00 PM UTC	1239308520000	100	0	no	44.1	235.6	23386	20815	13317	5873	0	37985	2861	2861	0	3598	3598	0
April 9, 2009 2:23:00 PM UTC	1239308580000	100	0	no	43.9	235.9	23386	20815	13328	5831	0	38016	2880	2880	0	3604	3604	0
April 9, 2009 2:24:00 PM UTC	1239308640000	100	0	no	43.7	236.1	23386	20815	13328	5831	0	38016	2888	2888	0	3581	3581	0
April 9, 2009 2:25:00 PM UTC	1239308700000	100	0	no	43.6	236.4	23386	20815	13326	5894	0	37955	2859	2859	0	3571	3571	0
April 9, 2009 2:26:00 PM UTC	1239308760000	100	0	no	43.4	236.7	23386	20815	13326	5894	0	37955	2849	2849	0	3563	3563	0
April 9, 2009 2:27:00 PM UTC	1239308820000	100	0	no	43.3	236.9	23386	20815	13334	5856	0	37985	2879	2879	0	3548	3548	0
April 9, 2009 2:28:00 PM UTC	1239308880000	100	0	no	43.1	237.2	23386	20815	13326	5893	0	37956	2845	2845	0	3537	3537	0
April 9, 2009 2:29:00 PM UTC	1239308940000	100	0	no	42.9	237.4	23386	20815	13335	5857	0	37983	2885	2885	0	3519	3519	0
April 9, 2009 2:30:00 PM UTC	1239309000000	100	0	no	42.8	237.7	23386	20815	13322	5917	0	37936	2848	2848	0	3498	3498	0
April 9, 2009 2:31:00 PM UTC	1239309060000	100	0	no	42.6	237.9	23386	20815	13336	5832	0	38007	2898	2898	0	3494	3494	0
April 9, 2009 2:32:00 PM UTC	1239309120000	100	0	no	42.5	238.2	23386	20815	13321	5891	0	37963	2860	2860	0	3474	3474	0
April 9, 2009 2:33:00 PM UTC	1239309180000	100	0	no	42.3	238.4	23386	20815	13336	5831	0	38008	2900	2900	0	3461	3461	0
April 9, 2009 2:34:00 PM UTC	1239309240000	100	0	no	42.1	238.7	23386	20815	13330	5855	0	37990	2886	2886	0	3451	3451	0
April 9, 2009 2:35:00 PM UTC	1239309300000	100	0	no	42.0	239.0	23386	20815	13321	5952	0	37902	2837	2837	0	3435	3435	0
April 9, 2009 2:36:00 PM UTC	1239309360000	100	0	no	41.8	239.2	23386	20815	13321	5952	0	37902	2841	2841	0	3421	3421	0
April 9, 2009 2:37:00 PM UTC	1239309420000	100	0	no	41.6	239.4	23386	20815	13329	5859	0	37987	2867	2867	0	3410	3410	0
April 9, 2009 2:38:00 PM UTC	1239309480000	100	0	no	41.5	239.7	23386	20815	13329	5859	0	37987	2878	2878	0	3390	3390	0
April 9, 2009 2:39:00 PM UTC	1239309540000	100	0	no	41.3	239.9	23386	20815	13329	5858	0	37988	2879	2879	0	3377	3377	0
April 9, 2009 2:40:00 PM UTC	1239309600000	100	0	no	41.1	240.2	23386	20815	13329	5858	0	37988	2879	2879	0	3362	3362	0
April 9, 2009 2:41:00 PM UTC	1239309660000	100	0	no	41.0	240.4	23386	20815	13330	5841	0	38004	2899	2899	0	3348	3348	0
April 9, 2009 2:42:00 PM UTC	1239309720000	100	0	no	40.8	240.7	23386	20815	13324	5868	0	37983	2873	2873	0	3333	3333	0
April 9, 2009 2:43:00 PM UTC	1239309780000	100	0	no	40.6	240.9	23386	20815	13329	5840	0	38006	2888	2888	0	3325	3325	0
April 9, 2009 2:44:00 PM UTC	1239309840000	100	0	no	40.5	241.2	23386	20815	13315	5901	0	37959	2856	2856	0	3308	3308	0
April 9, 2009 2:45:00 PM UTC	1239309900000	100	0	no	40.3	241.4	23386	20815	13335	5871	0	37969	2893	2893	0	3291	3291	0
April 9, 2009 2:46:00 PM UTC	1239309960000	100	0	no	40.1	241.6	23386	20815	13322	5933	0	37920	2851	2851	0	3278	3278	0
April 9, 2009 2:47:00 PM UTC	1239310020000	100	0	no	40.0	241.9	23386	20815	13338	5871	0	37966	2891	2891	0	3255	3255	0
April 9, 2009 2:48:00 PM UTC	1239310080000	100	0	no	39.8	242.1	23386	20815	13322	5933	0	37920	2860	2860	0	3245	3245	0
April 9, 2009 2:49:00 PM UTC	1239310140000	100	0	no	39.6	242.3	23386	20815	13338	5872	0	37965	2900	2900	0	3230	3230	0
April 9, 2009 2:50:00 PM UTC	1239310200000	100	0	no	39.5	242.6	23386	20815	13330	5866	0	37979	2891	2891	0	3218	3218	0
April 9, 2009 2:51:00 PM UTC	1239310260000	100	0	no	39.3	242.8	23386	20815	13330	5881	0	37964	2883	2883	0	3208	3208	0
April 9, 2009 2:52:00 PM UTC	1239310320000	100	0	no	39.1	243.0	23386	20815	13322	5912	0	37941	2872	2872	0	3191	3191	0
April 9, 2009 2:53:00 PM UTC	1239310380000	100	0	no	39.0	243.3	23386	20815	13330	5881	0	37964	2895	2895	0	3172	3172	0
April 9, 2009 2:54:00 PM UTC	1239310440000	100	0	no	38.8	243.5	23386	20815	13330	5881	0	37964	2889	2889	0	3158	3158	0
April 9, 2009 2:55:00 PM UTC	1239310500000	100	0	no	38.6	243.7	23386	20815	13330	5881	0	37964	2893	2893	0	3147	3147	0
April 9, 2009 2:56:00 PM UTC	1239310560000	100	0	no	38.4	244.0	23386	20815	13335	5906	0	37934	2882	2882	0	3131	3131	0
April 9, 2009 2:57:00 PM UTC	1239310620000	100	0	no	38.3	244.2	23386	20815	13326	5944	0	37905	2866	2866	0	3122	3122	0
April 9, 2009 2:58:00 PM UTC	1239310680000	100	0	no	38.1	244.4	23386	20815	13326	5944	0	37905	2861	2861	0	3106	3106	0
April 9, 2009 2:59:00 PM UTC	1239310740000	100	0	no	37.9	244.6	23386	20815	13338	5843	0	37994	2900	2900	0	3099	3099	0
April 9, 2009 3:00:00 PM UTC	1239310800000	100	0	no	37.8	244.9	23386	20815	13322	5906	0	37947	2860	2860	0	3088	3088	0
April 9, 2009 3:01:00 PM UTC	1239310860000	100	0	no	37.6	245.1	23386	20815	13338	5827	0	38010	2911	2911	0	3069	3069	0
April 9, 2009 3:02:00 PM UTC	1239310920000	100	0	no	37.4	245.3	23386	20815	13324	5891	0	37960	2874	2874	0	3058	3058	0
April 9, 2009 3:03:00 PM UTC	1239310980000	100	0	no	37.2	245.5	23386	20815	13337	5827	0	38011	2907	2907	0	3045	3045	0
April 9, 2009 3:04:00 PM UTC	1239311040000	100	0	no	37.1	245.8	23386	20815	13324	5890	0	37961	2872	2872	0	3031	3031	0
April 9, 2009 3:05:00 PM UTC	1239311100000	100	0	no	36.9	246.0	23386	20815	13338	5825	0	38012	2898	2898	0	3020	3020	0
April 9, 2009 3:06:00 PM UTC	1239311160000	100	0	no	36.7	246.2	23386	20815	13329	5819	0	38027	2882	2882	0	3017	3017	0
April 9, 2009 3:07:00 PM UTC	1239311220000	100	0	no	36.5	246.4	23386	20815	13345	5751	0	38079	2916	2916	0	3004	3004	0
April 9, 2009 3:08:00 PM UTC	1239311280000	100	0	no	36.4	246.6	23386	20815	13321	5913	0	37941	2831	2831	0	2996	2996	0
April 9, 2009 3:09:00 PM UTC	1239311340000	100	0	no	36.2	246.8	23386	20815	13328	5882	0	37965	2850	2850	0	2982	2982	0
April 9, 2009 3:10:00 PM UTC	1239311400000	100	0	no	36.0	247.1	23386	20815	13328	5882	0	37965	2842	2842	0	2976	2976	0
April 9, 2009 3:11:00 PM UTC	1239311460000	100	0	no	35.8	247.3	23386	20815	13328	5882	0	37965	2841	2841	0	2963	2963	0
April 9, 2009 3:12:00 PM UTC	1239311520000	100	0	no	35.7	247.5	23386	20815	13328	5880	0	37967	2830	2830	0	2955	2955	0
April 9, 2009 3:13:00 PM UTC	1239311580000	100	0	no	35.5	247.7	23386	20815	13335	5844	0	37996	2846	2846	0	2949	2949	0
April 9, 2009 3:14:00 PM UTC	1239311640000	100	0	no	35.3	247.9	23386	20815	13330	5871	0	37974	2830	2830	0	2941	2941	0
April 9, 2009 3:15:00 PM UTC	1239311700000	100	0	no	35.1	248.1	23386	20815	13330	5871	0	37974	2821	2821	0	2932	2932	0
April 9, 2009 3:16:00 PM UTC	1239311760000	100	0	no	34.9	248.3	23386	20815	13335	5844	0	37996	2828	2828	0	2923	2923	0
April 9, 2009 3:17:00 PM UTC	1239311820000	100	0	no	34.8	248.5	23386	20815	13335	5844	0	37996	2819	2819	0	2916	2916	0
April 9, 2009 3:18:00 PM UTC	1239311880000	100	0	no	34.6	248.8	23386	20815	13335	5844	0	37996	2820	2820	0	2906	2906	0
April 9, 2009 3:19:00 PM UTC	1239311940000	100	0	no	34.4	249.0	23386	20815	13335	5844	0	37996	2809	2809	0	2903	2903	0
April 9, 2009 3:20:00 PM UTC	1239312000000	100	0	no	34.2	249.2	23386	20815	13341	5819	0	38015	2812	2812	0	2897	2897	0
April 9, 2009 3:21:00 PM UTC	1239312060000	100	0	no	34.1	249.4	23386	20815	13333	5913	0	37929	2773	2773	0	2890	2890	0
April 9, 2009 3:22:00 PM UTC	1239312120000	100	0	no	33.9	249.6	23386	20815	13333	5914	0	37928	2762	2762	0	2883	2883	0
April 9, 2009 3:23:00 PM UTC	1239312180000	100	0	no	33.7	249.8	23386	20815	13319	5978	0	37878	2722	2722	0	2873	2873	0
April 9, 2009 3:24:00 PM UTC	1239312240000	100	0	no	33.5	250.0	23386	20815	13325	5955	0	37895	2726	2726	0	2867	2867	0
April 9, 2009 3:25:00 PM UTC	1239312300000	100	0	no	33.3	250.2	23386	20815	13325	5945	0	37905	2723	2723	0	2859	2859	0
April 9, 2009 3:26:00 PM UTC	1239312360000	100	0	no	33.2	250.4	23386	20815	13325	5945	0	37905	2712	2712	0	2861	2861	0
April 9, 2009 3:27:00 PM UTC	1239312420000	100	0	no	33.0	250.6	23386	20815	13325	5945	0	37905	2705	2705	0	2854	2854	0
April 9, 2009 3:28:00 PM UTC	1239312480000	100	0	no	32.8	250.8	23386	20815	13331	5923	0	37921	2714	2714	0	2849	2849	0
April 9, 2009 3:29:00 PM UTC	1239312540000	100	0	no	32.6	251.0	23386	20815	13331	5920	0	37924	2705	2705	0	2839	2839	0
April 9, 2009 3:30:00 PM UTC	1239312600000	100	0	no	32.4	251.2	23386	20815	13326	5942	0	37907	2679	2679	0	2835	2835	0
April 9, 2009 3:31:00 PM UTC	1239312660000	100	0	no	32.3	251.4	23386	20815	13325	5942	0	37908	2673	2673	0	2829	2829	0
April 9, 2009 3:32:00 PM UTC	1239312720000	100	0	no	32.1	251.6	23386	20815	13328	5826	0	38021	2676	2676	0	2836	2836	0
April 9, 2009 3:33:00 PM UTC	1239312780000	100	0	no	31.9	251.8	23386	20815	13348	5738	0	38089	2722	2722	0	2826	2826	0
April 9, 2009 3:34:00 PM UTC	1239312840000	100	0	no	31.7	252.0	23386	20815	13330	5872	0	37973	2660	2660	0	2816	2816	0
April 9, 2009 3:35:00 PM UTC	1239312900000	100	0	no	31.5	252.2	23386	20815	13344	5805	0	38026	2684	2684	0	2816	2816	0
April 9, 2009 3:36:00 PM UTC	1239312960000	100	0	no	31.3	252.4	23386	20815	13330	5871	0	37974	2642	2642	0	2811	2811	0
April 9, 2009 3:37:00 PM UTC	1239313020000	100	0	no	31.2	252.6	23386	20815	13336	5850	0	37989	2640	2640	0	2806	2806	0
April 9, 2009 3:38:00 PM UTC	1239313080000	100	0	no	31.0	252.8	23386	20815	13335	5850	0	37990	2636	2636	0	2803	2803	0
April 9, 2009 3:39:00 PM UTC	1239313140000	100	0	no	30.8	253.0	23386	20815	13335	5850	0	37990	2614	2614	0	2806	2806	0
April 9, 2009 3:40:00 PM UTC	1239313200000	100	0	no	30.6	253.2	23386	20815	13331	5870	0	37974	2602	2602	0	2798	2798	0
April 9, 2009 3:41:00 PM UTC	1239313260000	100	0	no	30.4	253.4	23386	20815	13331	5870	0	37974	2590	2590	0	2795	2795	0
April 9, 2009 3:42:00 PM UTC	1239313320000	100	0	no	30.2	253.6	23386	20815	13336	5849	0	37990	2588	2588	0	2792	2792	0
April 9, 2009 3:43:00 PM UTC	1239313380000	100	0	no	30.1	253.8	23386	20815	13336	5849	0	37990	2574	2574	0	2792	2792	0
April 9, 2009 3:44:00 PM UTC	1239313440000	100	0	no	29.9	254.0	23386	20815	13337	5848	0	37990	2558	2557	0	2793	2793	0
April 9, 2009 3:45:00 PM UTC	1239313500000	100	0	no	29.7	254.1	23386	20815	13337	5848	0	37990	2555	2555	0	2787	2787	0
April 9, 2009 3:46:00 PM UTC	1239313560000	100	0	no	29.5	254.3	23386	20815	13321	5914	0	37940	2506	2506	0	2785	2785	0
April 9, 2009 3:47:00 PM UTC	1239313620000	100	0	no	29.3	254.5	23386	20815	13341	5829	0	38005	2541	2537	0	2782	2782	0
April 9, 2009 3:48:00 PM UTC	1239313680000	100	0	no	29.1	254.7	23386	20815	13326	5896	0	37953	2496	2495	0	2780	2780	0
April 9, 2009 3:49:00 PM UTC	1239313740000	100	0	no	29.0	254.9	23386	20815	13338	5904	0	37933	2498	2496	0	2776	2776	0
April 9, 2009 3:50:00 PM UTC	1239313800000	100	0	no	28.8	255.1	23386	20815	13322	5971	0	37882	2446	2446	0	2785	2785	0
April 9, 2009 3:51:00 PM UTC	1239313860000	100	0	no	28.6	255.3	23386	20815	13336	5899	0	37940	2475	2475	0	2780	2780	0
April 9, 2009 3:52:00 PM UTC	1239313920000	100	0	no	28.4	255.5	23386	20815	13322	5968	0	37885	2434	2434	0	2774	2774	0
April 9, 2009 3:53:00 PM UTC	1239313980000	100	0	no	28.2	255.7	23386	20815	13338	5900	0	37937	2449	2449	0	2777	2777	0
April 9, 2009 3:54:00 PM UTC	1239314040000	100	0	no	28.0	255.8	23386	20815	13322	5968	0	37885	2409	2409	0	2771	2771	0
April 9, 2009 3:55:00 PM UTC	1239314100000	100	0	no	27.8	256.0	23386	20815	13323	5932	0	37920	2395	2395	0	2777	2777	0
April 9, 2009 3:56:00 PM UTC	1239314160000	100	0	no	27.7	256.2	23386	20815	13338	5864	0	37973	2414	2414	0	2780	2780	0
April 9, 2009 3:57:00 PM UTC	1239314220000	100	0	no	27.5	256.4	23386	20815	13324	5931	0	37920	2370	2370	0	2775	2775	0
April 9, 2009 3:58:00 PM UTC	1239314280000	100	0	no	27.3	256.6	23386	20815	13338	5863	0	37974	2396	2396	0	2771	2771	0
April 9, 2009 3:59:00 PM UTC	1239314340000	100	0	no	27.1	256.8	23386	20815	13328	5914	0	37933	2355	2355	0	2771	2771	0
April 9, 2009 4:00:00 PM UTC	1239314400000	100	0	no	26.9	256.9	23386	20815	13345	5769	0	38061	2388	2388	0	2776	2776	0
April 9, 2009 4:01:00 PM UTC	1239314460000	100	0	no	26.7	257.1	23386	20815	13331	5830	0	38014	2347	2346	0	2776	2776	0
April 9, 2009 4:02:00 PM UTC	1239314520000	100	0	no	26.5	257.3	23386	20815	13331	5830	0	38014	2329	2329	0	2780	2780	0
April 9, 2009 4:03:00 PM UTC	1239314580000	100	0	no	26.4	257.5	23386	20815	13330	5837	0	38008	2310	2310	0	2780	2780	0
April 9, 2009 4:04:00 PM UTC	1239314640000	100	0	no	26.2	257.7	23386	20815	13330	5837	0	38008	2303	2303	0	2773	2773	0
April 9, 2009 4:05:00 PM UTC	1239314700000	100	0	no	26.0	257.9	23386	20815	13331	5900	0	37944	2274	2274	0	2778	2778	0
April 9, 2009 4:06:00 PM UTC	1239314760000	100	0	no	25.8	258.0	23386	20815	13331	5902	0	37942	2263	2263	0	2783	2783	0
April 9, 2009 4:07:00 PM UTC	1239314820000	100	0	no	25.6	258.2	23386	20815	13330	5901	0	37944	2253	2253	0	2780	2780	0
April 9, 2009 4:08:00 PM UTC	1239314880000	100	0	no	25.4	258.4	23386	20815	13330	5901	0	37944	2237	2237	0	2784	2784	0
April 9, 2009 4:09:00 PM UTC	1239314940000	100	0	no	25.2	258.6	23386	20815	13346	5832	0	37997	2256	2256	0	2783	2783	0
April 9, 2009 4:10:00 PM UTC	1239315000000	100	0	no	25.0	258.8	23386	20815	13330	5901	0	37944	2210	2210	0	2786	2786	0
April 9, 2009 4:11:00 PM UTC	1239315060000	100	0	no	24.9	258.9	23386	20815	13333	5888	0	37954	2201	2201	0	2786	2786	0
April 9, 2009 4:12:00 PM UTC	1239315120000	100	0	no	24.7	259.1	23386	20815	13333	5887	0	37955	2186	2186	0	2790	2790	0
April 9, 2009 4:13:00 PM UTC	1239315180000	100	0	no	24.5	259.3	23386	20815	13333	5887	0	37955	2172	2172	0	2792	2792	0
April 9, 2009 4:14:00 PM UTC	1239315240000	100	0	no	24.3	259.5	23386	20815	13330	5899	0	37946	2154	2154	0	2793	2793	0
April 9, 2009 4:15:00 PM UTC	1239315300000	100	0	no	24.1	259.6	23386	20815	13330	5899	0	37946	2137	2135	0	2798	2798	0
April 9, 2009 4:16:00 PM UTC	1239315360000	100	0	no	23.9	259.8	23386	20815	13330	5897	0	37948	2123	2123	0	2799	2799	0
April 9, 2009 4:17:00 PM UTC	1239315420000	100	0	no	23.7	260.0	23386	20815	13330	5897	0	37948	2109	2108	0	2801	2801	0
April 9, 2009 4:18:00 PM UTC	1239315480000	100	0	no	23.5	260.2	23386	20815	13330	5867	0	37978	2102	2102	0	2802	2802	0
April 9, 2009 4:19:00 PM UTC	1239315540000	100	0	no	23.4	260.3	23386	20815	13333	5853	0	37989	2089	2089	0	2812	2812	0
April 9, 2009 4:20:00 PM UTC	1239315600000	100	0	no	23.2	260.5	23386	20815	13333	5853	0	37989	2074	2074	0	2812	2812	0
April 9, 2009 4:21:00 PM UTC	1239315660000	100	0	no	23.0	260.7	23386	20815	13334	5858	0	37983	2064	2064	0	2805	2805	0
April 9, 2009 4:22:00 PM UTC	1239315720000	100	0	no	22.8	260.9	23386	20815	13332	5935	0	37908	2034	2034	0	2827	2827	0
April 9, 2009 4:23:00 PM UTC	1239315780000	100	0	no	22.6	261.0	23386	20815	13315	6006	0	37854	1992	1984	0	2815	2815	0
April 9, 2009 4:24:00 PM UTC	1239315840000	100	0	no	22.4	261.2	23386	20815	13331	5936	0	37908	2007	2001	0	2827	2827	0
April 9, 2009 4:25:00 PM UTC	1239315900000	100	0	no	22.2	261.4	23386	20815	13315	6004	0	37856	1957	1947	0	2830	2830	0
April 9, 2009 4:26:00 PM UTC	1239315960000	100	0	no	22.0	261.6	23386	20815	13333	5859	0	37983	1992	1991	0	2840	2840	0
April 9, 2009 4:27:00 PM UTC	1239316020000	100	0	no	21.8	261.7	23386	20815	13336	5849	0	37990	1980	1977	0	2838	2838	0
April 9, 2009 4:28:00 PM UTC	1239316080000	100	0	no	21.7	261.9	23386	20815	13336	5848	0	37991	1962	1960	0	2844	2844	0
April 9, 2009 4:29:00 PM UTC	1239316140000	100	0	no	21.5	262.1	23386	20815	13336	5848	0	37991	1950	1948	0	2847	2847	0
April 9, 2009 4:30:00 PM UTC	1239316200000	100	0	no	21.3	262.2	23386	20815	13322	5913	0	37940	1904	1904	0	2855	2855	0
April 9, 2009 4:31:00 PM UTC	1239316260000	100	0	no	21.1	262.4	23386	20815	13336	5848	0	37991	1913	1913	0	2861	2861	0
April 9, 2009 4:32:00 PM UTC	1239316320000	100	0	no	20.9	262.6	23386	20815	13320	5918	0	37937	1873	1873	0	2865	2865	0
April 9, 2009 4:33:00 PM UTC	1239316380000	100	0	no	20.7	262.8	23386	20815	13336	5847	0	37992	1884	1884	0	2870	2870	0
April 9, 2009 4:34:00 PM UTC	1239316440000	100	0	no	20.5	262.9	23386	20815	13336	5847	0	37992	1868	1868	0	2880	2880	0
April 9, 2009 4:35:00 PM UTC	1239316500000	100	0	no	20.3	263.1	23386	20815	13338	5837	0	38000	1857	1857	0	2884	2884	0
April 9, 2009 4:36:00 PM UTC	1239316560000	100	0	no	20.1	263.3	23386	20815	13338	5837	0	38000	1842	1842	0	2888	2888	0
April 9, 2009 4:37:00 PM UTC	1239316620000	100	0	no	19.9	263.4	23386	20815	13322	5907	0	37946	1800	1800	0	2896	2896	0
April 9, 2009 4:38:00 PM UTC	1239316680000	100	0	no	19.8	263.6	23386	20815	13338	5844	0	37993	1813	1813	0	2900	2900	0
April 9, 2009 4:39:00 PM UTC	1239316740000	100	0	no	19.6	263.8	23386	20815	13323	5886	0	37966	1770	1770	0	2910	2910	0
April 9, 2009 4:40:00 PM UTC	1239316800000	100	0	no	19.4	263.9	23386	20815	13336	5898	0	37941	1769	1765	0	2915	2915	0
April 9, 2009 4:41:00 PM UTC	1239316860000	100	0	no	19.2	264.1	23386	20815	13336	5898	0	37941	1759	1759	0	2919	2919	0
April 9, 2009 4:42:00 PM UTC	1239316920000	100	0	no	19.0	264.3	23386	20815	13321	5969	0	37885	1711	1702	0	2930	2930	0
April 9, 2009 4:43:00 PM UTC	1239316980000	100	0	no	18.8	264.4	23386	20815	13337	5893	0	37945	1721	1713	0	2937	2937	0
April 9, 2009 4:44:00 PM UTC	1239317040000	100	0	no	18.6	264.6	23386	20815	13321	5963	0	37891	1683	1677	0	2943	2943	0
April 9, 2009 4:45:00 PM UTC	1239317100000	100	0	no	18.4	264.8	23386	20815	13338	5893	0	37944	1690	1682	0	2954	2954	0
April 9, 2009 4:46:00 PM UTC	1239317160000	100	0	no	18.2	264.9	23386	20815	13321	5963	0	37891	1650	1638	0	2959	2959	0
April 9, 2009 4:47:00 PM UTC	1239317220000	100	0	no	18.0	265.1	23386	20815	13321	5963	0	37891	1633	1632	0	2967	2967	0
April 9, 2009 4:48:00 PM UTC	1239317280000	100	0	no	17.9	265.3	23386	20815	13337	5893	0	37945	1648	1648	0	2972	2972	0
April 9, 2009 4:49:00 PM UTC	1239317340000	100	0	no	17.7	265.4	23386	20815	13321	5962	0	37892	1603	1603	0	2983	2983	0
April 9, 2009 4:50:00 PM UTC	1239317400000	100	0	no	17.5	265.6	23386	20815	13339	5815	0	38021	1627	1627	0	2988	2988	0
April 9, 2009 4:51:00 PM UTC	1239317460000	100	0	no	17.3	265.8	23386	20815	13326	5882	0	37967	1581	1581	0	3001	3001	0
April 9, 2009 4:52:00 PM UTC	1239317520000	100	0	no	17.1	265.9	23386	20815	13339	5813	0	38023	1590	1590	0	3011	3011	0
April 9, 2009 4:53:00 PM UTC	1239317580000	100	0	no	16.9	266.1	23386	20815	13323	5882	0	37970	1551	1551	0	3021	3021	0
April 9, 2009 4:54:00 PM UTC	1239317640000	100	0	no	16.7	266.3	23386	20815	13323	5882	0	37970	1534	1531	0	3028	3028	0
April 9, 2009 4:55:00 PM UTC	1239317700000	100	0	no	16.5	266.4	23386	20815	13339	5812	0	38024	1544	1541	0	3036	3036	0
April 9, 2009 4:56:00 PM UTC	1239317760000	100	0	no	16.3	266.6	23386	20815	13323	5892	0	37960	1505	1500	0	3046	3046	0
April 9, 2009 4:57:00 PM UTC	1239317820000	100	0	no	16.1	266.8	23386	20815	13340	5818	0	38017	1513	1499	0	3059	3059	0
April 9, 2009 4:58:00 PM UTC	1239317880000	100	0	no	15.9	266.9	23386	20815	13324	5886	0	37965	1478	1474	0	3064	3064	0
April 9, 2009 4:59:00 PM UTC	1239317940000	100	0	no	15.8	267.1	23386	20815	13325	5883	0	37967	1458	1448	0	3079	3079	0
April 9, 2009 5:00:00 PM UTC	1239318000000	100	0	no	15.6	267.3	23386	20815	13338	5875	0	37962	1459	1442	0	3088	3088	0
April 9, 2009 5:01:00 PM UTC	1239318060000	100	0	no	15.4	267.4	23386	20815	13322	5945	1	37907	1415	1370	0	3099	3099	0
April 9, 2009 5:02:00 PM UTC	1239318120000	100	0	no	15.2	267.6	23386	20815	13336	5875	0	37964	1426	1408	0	3110	3110	0
April 9, 2009 5:03:00 PM UTC	1239318180000	100	0	no	15.0	267.8	23386	20815	13321	5946	0	37908	1389	1374	0	3120	3120	0
April 9, 2009 5:04:00 PM UTC	1239318240000	100	0	no	14.8	267.9	23386	20815	13321	5946	0	37908	1371	1325	0	3136	3136	0
April 9, 2009 5:05:00 PM UTC	1239318300000	100	0	no	14.6	268.1	23386	20815	13335	5877	0	37963	1378	1303	0	3145	3145	0
April 9, 2009 5:06:00 PM UTC	1239318360000	100	0	no	14.4	268.2	23386	20815	13321	5946	4	37904	1337	1316	0	3158	3158	0
April 9, 2009 5:07:00 PM UTC	1239318420000	100	0	no	14.2	268.4	23386	20815	13339	5876	1	37959	1345	1282	0	3170	3170	0
April 9, 2009 5:08:00 PM UTC	1239318480000	100	0	no	14.0	268.6	23386	20815	13321	5946	12	37896	1311	1171	0	3179	3179	0
April 9, 2009 5:09:00 PM UTC	1239318540000	100	0	no	13.8	268.7	23386	20815	13321	5946	16	37892	1293	1101	0	3194	3194	0
April 9, 2009 5:10:00 PM UTC	1239318600000	100	0	no	13.7	268.9	23386	20815	13321	5946	17	37891	1276	1090	0	3208	3208	0
April 9, 2009 5:11:00 PM UTC	1239318660000	100	0	no	13.5	269.1	23386	20815	13321	5946	14	37894	1259	1063	0	3221	3221	0
April 9, 2009 5:12:00 PM UTC	1239318720000	100	0	no	13.3	269.2	23386	20815	13340	5875	6	37954	1267	1130	0	3238	3238	0
April 9, 2009 5:13:00 PM UTC	1239318780000	100	0	no	13.1	269.4	23386	20815	13322	5869	7	37977	1230	1098	0	3247	3247	0
April 9, 2009 5:14:00 PM UTC	1239318840000	100	0	no	12.9	269.5	23386	20815	13340	5799	4	38032	1245	1139	0	3261	3261	0
April 9, 2009 5:15:00 PM UTC	1239318900000	100	0	no	12.7	269.7	23386	20815	13340	5799	0	38036	1229	1163	0	3274	3274	0
April 9, 2009 5:16:00 PM UTC	1239318960000	100	0	no	12.5	269.9	23386	20815	13340	5799	0	38036	1212	1131	0	3291	3291	0
April 9, 2009 5:17:00 PM UTC	1239319020000	100	0	no	12.3	270.0	23386	20815	13340	5799	2	38034	1197	1129	0	3306	3306	0
April 9, 2009 5:18:00 PM UTC	1239319080000	100	0	no	12.1	270.2	23386	20815	13322	5944	0	37909	1154	1069	0	3322	3322	0
April 9, 2009 5:19:00 PM UTC	1239319140000	100	0	no	11.9	270.3	23386	20815	13340	5791	12	38032	1167	1014	0	3337	3337	0
April 9, 2009 5:20:00 PM UTC	1239319200000	100	0	no	11.7	270.5	23386	20815	13322	5861	8	37984	1121	989	0	3352	3352	0
April 9, 2009 5:21:00 PM UTC	1239319260000	100	0	no	11.6	270.7	23386	20815	13322	5861	16	37976	1105	964	0	3372	3372	0
April 9, 2009 5:22:00 PM UTC	1239319320000	100	0	no	11.4	270.8	23386	20815	13340	5875	28	37932	1115	948	0	3382	3382	0
April 9, 2009 5:23:00 PM UTC	1239319380000	99	0	no	11.2	271.0	23386	20815	13321	5946	20	37888	1075	787	0	3401	3401	0
April 9, 2009 5:24:00 PM UTC	1239319440000	99	0	no	11.0	271.1	23386	20815	13339	5877	29	37930	1072	731	0	3416	3416	0
April 9, 2009 5:25:00 PM UTC	1239319500000	99	0	no	10.8	271.3	23386	20815	13321	5946	30	37878	1046	752	0	3427	3427	0
April 9, 2009 5:26:00 PM UTC	1239319560000	99	0	no	10.6	271.5	23386	20815	13321	5946	42	37866	1033	671	0	3441	3441	0
April 9, 2009 5:27:00 PM UTC	1239319620000	99	0	no	10.4	271.6	23386	20815	13339	5876	28	37932	1030	699	0	3464	3449	0
April 9, 2009 5:28:00 PM UTC	1239319680000	99	0	no	10.2	271.8	23386	20815	13321	5946	38	37870	998	580	0	3477	3471	0
April 9, 2009 5:29:00 PM UTC	1239319740000	99	0	no	10.0	271.9	23386	20815	13335	5877	20	37943	1004	589	0	3492	3476	0
April 9, 2009 5:30:00 PM UTC	1239319800000	99	0	no	9.8	272.1	23386	20815	13321	5946	29	37879	970	564	0	3505	3490	0
April 9, 2009 5:31:00 PM UTC	1239319860000	99	0	no	9.6	272.3	23386	20815	13321	5946	32	37876	956	501	0	3518	3484	0
April 9, 2009 5:32:00 PM UTC	1239319920000	99	0	no	9.4	272.4	23386	20815	13336	5875	22	37942	953	546	0	3541	3518	0
April 9, 2009 5:33:00 PM UTC	1239319980000	98	0	no	9.3	272.6	23386	20815	13322	5945	32	37876	925	364	0	3546	3449	0
April 9, 2009 5:34:00 PM UTC	1239320040000	98	0	no	9.1	272.7	23386	20815	13338	5875	12	37950	925	404	0	3569	3450	1
April 9, 2009 5:35:00 PM UTC	1239320100000	98	1	no	8.9	272.9	23386	20815	13325	5887	20	37943	900	347	0	3581	3432	12
April 9, 2009 5:36:00 PM UTC	1239320160000	97	1	no	8.7	273.1	23386	20815	13324	5890	21	37940	883	347	0	3598	3328	18
April 9, 2009 5:37:00 PM UTC	1239320220000	97	1	no	8.5	273.2	23386	20815	13340	5820	19	37996	886	297	0	3616	3357	46
April 9, 2009 5:38:00 PM UTC	1239320280000	94	3	no	8.3	273.4	23386	20815	13323	5892	16	37944	860	317	0	3619	3188	68
April 9, 2009 5:39:00 PM UTC	1239320340000	92	5	no	8.1	273.5	23386	20815	13339	5811	45	37980	856	232	0	3644	3092	92
April 9, 2009 5:40:00 PM UTC	1239320400000	88	9	no	7.9	273.7	23386	20815	13323	5880	30	37942	826	221	0	3651	2861	158
April 9, 2009 5:41:00 PM UTC	1239320460000	80	16	no	7.7	273.9	23386	20815	13323	5880	44	37928	811	184	0	3665	2658	188
April 9, 2009 5:42:00 PM UTC	1239320520000	73	22	no	7.5	274.0	23386	20815	13339	5810	50	37976	809	142	0	3690	2443	214
April 9, 2009 5:43:00 PM UTC	1239320580000	65	30	no	7.3	274.2	23386	20815	13326	5878	68	37903	777	120	0	3702	2091	224
April 9, 2009 5:44:00 PM UTC	1239320640000	49	44	no	7.2	274.3	23386	20815	13339	5809	48	37979	782	138	0	3717	1886	269
April 9, 2009 5:45:00 PM UTC	1239320700000	37	53	no	7.0	274.5	23386	20815	13321	5963	71	37820	747	64	0	3723	1103	394
April 9, 2009 5:46:00 PM UTC	1239320760000	36	56	no	6.8	274.7	23386	20815	13321	5963	71	37820	734	82	0	3737	1516	376
April 9, 2009 5:47:00 PM UTC	1239320820000	27	62	no	6.6	274.8	23386	20815	13337	5893	91	37854	731	18	0	3762	981	354
April 9, 2009 5:48:00 PM UTC	1239320880000	22	66	no	6.4	275.0	23386	20815	13321	5963	87	37804	705	6	0	3766	922	374
April 9, 2009 5:49:00 PM UTC	1239320940000	21	66	no	6.2	275.1	23386	20815	13338	5893	91	37853	706	39	0	3785	691	335
April 9, 2009 5:50:00 PM UTC	1239321000000	21	65	no	6.0	275.3	23386	20815	13321	5964	85	37805	677	47	0	3794	837	294
April 9, 2009 5:51:00 PM UTC	1239321060000	17	64	no	5.8	275.5	23386	20815	13321	5964	88	37802	664	27	0	3806	528	230
April 9, 2009 5:52:00 PM UTC	1239321120000	15	62	no	5.6	275.6	23386	20815	13337	5894	85	37859	662	69	0	3828	253	112
April 9, 2009 5:53:00 PM UTC	1239321180000	13	57	no	5.4	275.8	23386	20815	13321	5967	84	37803	634	43	0	3834	282	43
April 9, 2009 5:54:00 PM UTC	1239321240000	10	50	no	5.3	275.9	23386	20815	13336	5896	95	37848	637	26	0	3853	166	12
April 9, 2009 5:55:00 PM UTC	1239321300000	8	42	no	5.1	276.1	23386	20815	13336	5896	106	37837	625	27	0	3866	96	35
April 9, 2009 5:56:00 PM UTC	1239321360000	6	30	no	4.9	276.3	23386	20815	13323	5915	83	37854	600	39	0	3876	87	7
April 9, 2009 5:57:00 PM UTC	1239321420000	4	21	no	4.7	276.4	23386	20815	13338	5846	107	37884	596	23	0	3899	40	0
April 9, 2009 5:58:00 PM UTC	1239321480000	2	14	no	4.5	276.6	23386	20815	13322	5909	114	37830	569	4	0	3906	26	0
April 9, 2009 5:59:00 PM UTC	1239321540000	2	7	no	4.3	276.7	23386	20815	13338	5838	121	37878	571	38	0	3926	56	0
April 9, 2009 6:00:00 PM UTC	1239321600000	1	5	no	4.1	276.9	23386	20815	13338	5838	130	37869	560	17	0	3934	15	0
April 9, 2009 6:01:00 PM UTC	1239321660000	1	3	no	3.9	277.0	23386	20815	13321	5913	131	37810	533	10	0	3941	33	0
April 9, 2009 6:02:00 PM UTC	1239321720000	0	2	no	3.7	277.2	23386	20815	13336	5846	151	37842	530	0	0	3962	5	0
April 9, 2009 6:03:00 PM UTC	1239321780000	0	1	no	3.5	277.4	23386	20815	13320	5916	163	37776	503	0	0	3969	1	0
April 9, 2009 6:04:00 PM UTC	1239321840000	0	0	no	3.4	277.5	23386	20815	13336	5845	184	37810	503	2	0	3990	2	0
April 9, 2009 6:05:00 PM UTC	1239321900000	0	0	no	3.2	277.7	23386	20815	13336	5845	196	37798	492	3	0	4000	9	0
