March 21, 2008 6:15:00 AM UTC	1206101700000	9	6	no	3.1	91.9	23392	20809	13335	5877	212	37751	488	268	0	4008	2161	585
March 21, 2008 6:16:00 AM UTC	1206101760000	11	7	no	3.3	92.1	23392	20809	13321	5947	190	37717	488	278	0	3987	2398	847
March 21, 2008 6:17:00 AM UTC	1206101820000	12	9	no	3.5	92.3	23392	20809	13321	5947	170	37737	500	295	0	3974	2768	756
March 21, 2008 6:18:00 AM UTC	1206101880000	15	11	no	3.7	92.4	23392	20809	13336	5877	159	37803	528	365	0	3966	3263	581
March 21, 2008 6:19:00 AM UTC	1206101940000	16	14	no	3.9	92.6	23392	20809	13322	5946	139	37768	526	387	0	3945	3413	446
March 21, 2008 6:20:00 AM UTC	1206102000000	19	15	no	4.0	92.8	23392	20809	13338	5875	140	37822	551	411	0	3943	3545	398
March 21, 2008 6:21:00 AM UTC	1206102060000	21	13	no	4.2	92.9	23392	20809	13325	5884	125	37841	554	429	0	3928	3740	188
March 21, 2008 6:22:00 AM UTC	1206102120000	21	12	no	4.4	93.1	23392	20809	13324	5888	121	37842	566	445	0	3915	3629	285
March 21, 2008 6:23:00 AM UTC	1206102180000	22	12	no	4.6	93.2	23392	20809	13340	5819	118	37898	596	477	1	3905	3805	100
March 21, 2008 6:24:00 AM UTC	1206102240000	22	11	no	4.8	93.4	23392	20809	13323	5894	111	37847	594	483	0	3886	3793	93
March 21, 2008 6:25:00 AM UTC	1206102300000	22	11	no	5.0	93.6	23392	20809	13339	5812	109	37915	620	511	0	3878	3777	101
March 21, 2008 6:26:00 AM UTC	1206102360000	21	14	no	5.2	93.7	23392	20809	13323	5881	101	37870	623	522	0	3852	3646	206
March 21, 2008 6:27:00 AM UTC	1206102420000	22	17	no	5.4	93.9	23392	20809	13323	5881	94	37877	636	542	0	3842	3715	127
March 21, 2008 6:28:00 AM UTC	1206102480000	23	19	no	5.6	94.0	23392	20809	13339	5813	95	37928	663	568	0	3834	3738	96
March 21, 2008 6:29:00 AM UTC	1206102540000	26	21	no	5.8	94.2	23392	20809	13326	5883	88	37878	664	576	0	3815	3813	2
March 21, 2008 6:30:00 AM UTC	1206102600000	29	21	no	6.0	94.4	23392	20809	13339	5815	91	37930	693	602	0	3807	3788	19
March 21, 2008 6:31:00 AM UTC	1206102660000	31	17	no	6.1	94.5	23392	20809	13321	5962	85	37807	684	599	0	3788	3779	9
March 21, 2008 6:32:00 AM UTC	1206102720000	31	19	yes	6.3	94.7	23392	20809	13337	5892	89	37857	714	625	0	3778	3772	6
March 21, 2008 6:33:00 AM UTC	1206102780000	31	19	no	6.5	94.9	23392	20809	13337	5892	94	37852	728	634	0	3766	3744	22
March 21, 2008 6:34:00 AM UTC	1206102840000	32	18	no	6.7	95.0	23392	20809	13321	5963	92	37799	729	637	0	3741	3695	46
March 21, 2008 6:35:00 AM UTC	1206102900000	33	19	no	6.9	95.2	23392	20809	13338	5894	97	37846	760	663	0	3730	3697	33
March 21, 2008 6:36:00 AM UTC	1206102960000	34	21	no	7.1	95.3	23392	20809	13320	5975	93	37787	751	658	0	3717	3684	33
March 21, 2008 6:37:00 AM UTC	1206103020000	36	22	no	7.3	95.5	23392	20809	13336	5905	96	37838	784	688	0	3703	3668	35
March 21, 2008 6:38:00 AM UTC	1206103080000	38	28	no	7.5	95.7	23392	20809	13336	5905	94	37840	800	706	0	3688	3631	57
March 21, 2008 6:39:00 AM UTC	1206103140000	39	34	no	7.7	95.8	23392	20809	13321	5969	91	37794	799	708	0	3668	3577	91
March 21, 2008 6:40:00 AM UTC	1206103200000	44	37	no	7.9	96.0	23392	20809	13336	5899	96	37844	833	737	0	3657	3575	82
March 21, 2008 6:41:00 AM UTC	1206103260000	48	45	no	8.1	96.2	23392	20809	13323	5889	93	37870	833	740	0	3645	3598	47
March 21, 2008 6:42:00 AM UTC	1206103320000	56	43	no	8.2	96.3	23392	20809	13338	5845	106	37886	863	757	0	3633	3622	11
March 21, 2008 6:43:00 AM UTC	1206103380000	64	36	no	8.4	96.5	23392	20809	13338	5836	105	37896	879	774	0	3615	3580	35
March 21, 2008 6:44:00 AM UTC	1206103440000	76	24	no	8.6	96.7	23392	20809	13322	5906	100	37847	877	777	0	3599	3592	7
March 21, 2008 6:45:00 AM UTC	1206103500000	90	10	no	8.8	96.8	23392	20809	13338	5837	102	37898	907	805	0	3587	3587	0
March 21, 2008 6:46:00 AM UTC	1206103560000	97	3	no	9.0	97.0	23392	20809	13321	5917	97	37840	903	806	0	3570	3570	0
March 21, 2008 6:47:00 AM UTC	1206103620000	100	0	no	9.2	97.1	23392	20809	13336	5847	103	37889	934	831	0	3557	3557	0
March 21, 2008 6:48:00 AM UTC	1206103680000	100	0	no	9.4	97.3	23392	20809	13336	5847	106	37886	952	846	0	3540	3540	0
March 21, 2008 6:49:00 AM UTC	1206103740000	100	0	no	9.6	97.5	23392	20809	13336	5848	114	37877	968	854	0	3524	3524	0
March 21, 2008 6:50:00 AM UTC	1206103800000	100	0	yes	9.8	97.6	23392	20809	13336	5848	114	37877	982	868	0	3511	3511	0
March 21, 2008 6:51:00 AM UTC	1206103860000	100	0	yes	10.0	97.8	23392	20809	13320	5921	110	37824	980	870	0	3490	3490	0
March 21, 2008 6:52:00 AM UTC	1206103920000	100	0	yes	10.1	98.0	23392	20809	13336	5849	115	37875	1010	895	0	3486	3486	0
March 21, 2008 6:53:00 AM UTC	1206103980000	100	0	yes	10.3	98.1	23392	20809	13322	5913	108	37832	1005	897	0	3465	3465	0
March 21, 2008 6:54:00 AM UTC	1206104040000	100	0	yes	10.5	98.3	23392	20809	13336	5849	114	37876	1044	930	0	3449	3449	0
March 21, 2008 6:55:00 AM UTC	1206104100000	100	0	yes	10.7	98.5	23392	20809	13333	5859	121	37862	1058	937	0	3434	3434	0
March 21, 2008 6:56:00 AM UTC	1206104160000	100	0	yes	10.9	98.6	23392	20809	13331	5939	120	37785	1061	941	0	3419	3419	0
March 21, 2008 6:57:00 AM UTC	1206104220000	100	0	yes	11.1	98.8	23392	20809	13331	5939	121	37784	1079	958	0	3408	3408	0
March 21, 2008 6:58:00 AM UTC	1206104280000	100	0	yes	11.3	99.0	23392	20809	13315	6006	115	37739	1076	961	0	3381	3381	0
March 21, 2008 6:59:00 AM UTC	1206104340000	100	0	yes	11.5	99.1	23392	20809	13332	5939	120	37784	1107	987	0	3381	3381	0
March 21, 2008 7:00:00 AM UTC	1206104400000	100	0	yes	11.7	99.3	23392	20809	13334	5860	123	37858	1132	1009	0	3350	3350	0
March 21, 2008 7:01:00 AM UTC	1206104460000	100	0	yes	11.8	99.5	23392	20809	13333	5855	121	37866	1143	1022	0	3344	3344	0
March 21, 2008 7:02:00 AM UTC	1206104520000	100	0	no	12.0	99.6	23392	20809	13333	5855	122	37865	1164	1042	0	3328	3328	0
March 21, 2008 7:03:00 AM UTC	1206104580000	100	0	no	12.2	99.8	23392	20809	13318	5926	120	37811	1157	1037	0	3308	3308	0
March 21, 2008 7:04:00 AM UTC	1206104640000	100	0	no	12.4	100.0	23392	20809	13330	5897	129	37819	1185	1056	0	3299	3299	0
March 21, 2008 7:05:00 AM UTC	1206104700000	100	0	no	12.6	100.1	23392	20809	13330	5897	128	37820	1206	1078	0	3279	3279	0
March 21, 2008 7:06:00 AM UTC	1206104760000	100	0	no	12.8	100.3	23392	20809	13330	5898	128	37819	1216	1088	0	3271	3271	0
March 21, 2008 7:07:00 AM UTC	1206104820000	100	0	no	13.0	100.5	23392	20809	13330	5898	127	37820	1235	1108	0	3254	3254	0
March 21, 2008 7:08:00 AM UTC	1206104880000	100	0	no	13.2	100.6	23392	20809	13330	5899	127	37819	1247	1120	0	3241	3241	0
March 21, 2008 7:09:00 AM UTC	1206104940000	100	0	no	13.4	100.8	23392	20809	13333	5887	134	37821	1263	1126	0	3230	3230	0
March 21, 2008 7:10:00 AM UTC	1206105000000	100	0	no	13.5	101.0	23392	20809	13333	5887	135	37820	1288	1153	0	3212	3212	0
March 21, 2008 7:11:00 AM UTC	1206105060000	100	0	no	13.7	101.2	23392	20809	13330	5900	131	37814	1293	1162	0	3203	3203	0
March 21, 2008 7:12:00 AM UTC	1206105120000	100	0	no	13.9	101.3	23392	20809	13330	5900	130	37815	1310	1111	0	3189	3189	0
March 21, 2008 7:13:00 AM UTC	1206105180000	100	0	no	14.1	101.5	23392	20809	13330	5900	127	37818	1326	1099	0	3177	3177	0
March 21, 2008 7:14:00 AM UTC	1206105240000	100	0	no	14.3	101.7	23392	20809	13330	5900	90	37855	1342	1184	0	3165	3165	0
March 21, 2008 7:15:00 AM UTC	1206105300000	100	0	no	14.5	101.8	23392	20809	13344	5831	70	37930	1384	1240	0	3152	3152	0
March 21, 2008 7:16:00 AM UTC	1206105360000	100	0	no	14.7	102.0	23392	20809	13331	5901	54	37889	1371	1247	0	3142	3142	0
March 21, 2008 7:17:00 AM UTC	1206105420000	100	0	no	14.9	102.2	23392	20809	13331	5898	58	37888	1387	1255	0	3130	3130	0
March 21, 2008 7:18:00 AM UTC	1206105480000	100	0	no	15.0	102.3	23392	20809	13330	5836	34	37975	1407	1323	0	3123	3123	0
March 21, 2008 7:19:00 AM UTC	1206105540000	100	0	no	15.2	102.5	23392	20809	13330	5836	48	37961	1420	1316	0	3108	3108	0
March 21, 2008 7:20:00 AM UTC	1206105600000	100	0	no	15.4	102.7	23392	20809	13329	5845	80	37921	1438	1304	0	3101	3101	0
March 21, 2008 7:21:00 AM UTC	1206105660000	100	0	no	15.6	102.9	23392	20809	13329	5845	104	37897	1449	1309	0	3092	3092	0
March 21, 2008 7:22:00 AM UTC	1206105720000	100	0	no	15.8	103.0	23392	20809	13345	5770	109	37951	1489	1356	0	3078	3078	0
March 21, 2008 7:23:00 AM UTC	1206105780000	100	0	no	16.0	103.2	23392	20809	13328	5915	84	37848	1475	1390	0	3070	3070	0
March 21, 2008 7:24:00 AM UTC	1206105840000	100	0	no	16.2	103.4	23392	20809	13328	5915	74	37858	1487	1413	0	3062	3062	0
March 21, 2008 7:25:00 AM UTC	1206105900000	100	0	no	16.4	103.6	23392	20809	13324	5930	92	37829	1498	1406	0	3047	3047	0
March 21, 2008 7:26:00 AM UTC	1206105960000	100	0	no	16.5	103.7	23392	20809	13324	5930	100	37821	1515	1415	0	3042	3042	0
March 21, 2008 7:27:00 AM UTC	1206106020000	100	0	no	16.7	103.9	23392	20809	13338	5862	88	37887	1554	1466	0	3030	3030	0
March 21, 2008 7:28:00 AM UTC	1206106080000	100	0	no	16.9	104.1	23392	20809	13322	5967	93	37793	1541	1448	0	3029	3029	0
March 21, 2008 7:29:00 AM UTC	1206106140000	100	0	no	17.1	104.3	23392	20809	13338	5900	80	37857	1585	1505	0	3009	3009	0
March 21, 2008 7:30:00 AM UTC	1206106200000	100	0	no	17.3	104.4	23392	20809	13322	5967	72	37814	1571	1499	0	3005	3005	0
March 21, 2008 7:31:00 AM UTC	1206106260000	100	0	no	17.5	104.6	23392	20809	13336	5898	80	37861	1614	1534	0	2998	2998	0
March 21, 2008 7:32:00 AM UTC	1206106320000	100	0	no	17.7	104.8	23392	20809	13336	5900	102	37837	1626	1513	0	2985	2985	0
March 21, 2008 7:33:00 AM UTC	1206106380000	100	0	no	17.8	105.0	23392	20809	13322	5971	84	37798	1614	1530	0	2984	2984	0
March 21, 2008 7:34:00 AM UTC	1206106440000	100	0	no	18.0	105.1	23392	20809	13338	5903	57	37877	1657	1600	0	2973	2973	0
March 21, 2008 7:35:00 AM UTC	1206106500000	100	0	no	18.2	105.3	23392	20809	13326	5895	56	37898	1656	1600	0	2964	2964	0
March 21, 2008 7:36:00 AM UTC	1206106560000	100	0	no	18.4	105.5	23392	20809	13341	5828	71	37935	1698	1627	0	2960	2960	0
March 21, 2008 7:37:00 AM UTC	1206106620000	100	0	no	18.6	105.7	23392	20809	13321	5916	76	37862	1683	1607	0	2945	2945	0
March 21, 2008 7:38:00 AM UTC	1206106680000	100	0	no	18.8	105.8	23392	20809	13337	5847	75	37916	1723	1648	0	2942	2942	0
March 21, 2008 7:39:00 AM UTC	1206106740000	100	0	no	18.9	106.0	23392	20809	13337	5847	69	37922	1737	1668	0	2937	2937	0
March 21, 2008 7:40:00 AM UTC	1206106800000	100	0	no	19.1	106.2	23392	20809	13336	5848	68	37923	1747	1679	0	2929	2929	0
March 21, 2008 7:41:00 AM UTC	1206106860000	100	0	no	19.3	106.4	23392	20809	13336	5848	64	37927	1773	1709	0	2918	2918	0
March 21, 2008 7:42:00 AM UTC	1206106920000	100	0	no	19.5	106.6	23392	20809	13317	5932	51	37875	1745	1694	0	2917	2917	0
March 21, 2008 7:43:00 AM UTC	1206106980000	100	0	no	19.7	106.7	23392	20809	13331	5868	32	37944	1794	1748	0	2908	2908	0
March 21, 2008 7:44:00 AM UTC	1206107040000	100	0	no	19.9	106.9	23392	20809	13331	5868	23	37953	1808	1735	0	2903	2903	0
March 21, 2008 7:45:00 AM UTC	1206107100000	100	0	no	20.0	107.1	23392	20809	13335	5849	0	37991	1823	1816	0	2899	2899	0
March 21, 2008 7:46:00 AM UTC	1206107160000	100	0	no	20.2	107.3	23392	20809	13335	5849	0	37991	1845	1845	0	2892	2892	0
March 21, 2008 7:47:00 AM UTC	1206107220000	100	0	no	20.4	107.5	23392	20809	13330	5879	0	37966	1844	1844	0	2886	2886	0
March 21, 2008 7:48:00 AM UTC	1206107280000	100	0	no	20.6	107.6	23392	20809	13330	5879	2	37964	1865	1858	0	2879	2879	0
March 21, 2008 7:49:00 AM UTC	1206107340000	100	0	no	20.8	107.8	23392	20809	13330	5880	4	37961	1876	1872	0	2872	2872	0
March 21, 2008 7:50:00 AM UTC	1206107400000	100	0	no	21.0	108.0	23392	20809	13330	5880	19	37946	1890	1871	0	2869	2869	0
March 21, 2008 7:51:00 AM UTC	1206107460000	100	0	no	21.1	108.2	23392	20809	13348	5737	28	38062	1946	1918	0	2864	2864	0
March 21, 2008 7:52:00 AM UTC	1206107520000	100	0	no	21.3	108.4	23392	20809	13328	5824	22	38001	1920	1896	0	2859	2859	0
March 21, 2008 7:53:00 AM UTC	1206107580000	100	0	yes	21.5	108.6	23392	20809	13325	5943	22	37885	1922	1899	0	2855	2855	0
March 21, 2008 7:54:00 AM UTC	1206107640000	100	0	yes	21.7	108.8	23392	20809	13326	5943	16	37890	1931	1915	0	2850	2850	0
March 21, 2008 7:55:00 AM UTC	1206107700000	100	0	yes	21.9	108.9	23392	20809	13331	5922	16	37906	1960	1944	0	2848	2848	0
March 21, 2008 7:56:00 AM UTC	1206107760000	100	0	yes	22.1	109.1	23392	20809	13331	5924	12	37908	1980	1968	0	2839	2839	0
March 21, 2008 7:57:00 AM UTC	1206107820000	100	0	yes	22.2	109.3	23392	20809	13325	5946	10	37894	1974	1964	0	2837	2837	0
March 21, 2008 7:58:00 AM UTC	1206107880000	100	0	no	22.4	109.5	23392	20809	13342	5880	10	37943	2019	2009	0	2834	2834	0
March 21, 2008 7:59:00 AM UTC	1206107940000	100	0	no	22.6	109.7	23392	20809	13325	5946	6	37898	2008	2002	0	2826	2826	0
March 21, 2008 8:00:00 AM UTC	1206108000000	100	0	no	22.8	109.9	23392	20809	13338	5880	6	37951	2055	2049	0	2825	2825	0
March 21, 2008 8:01:00 AM UTC	1206108060000	100	0	no	23.0	110.1	23392	20809	13325	5953	0	37897	2031	2031	0	2827	2827	0
March 21, 2008 8:02:00 AM UTC	1206108120000	100	0	no	23.1	110.2	23392	20809	13333	5909	0	37933	2062	2062	0	2822	2822	0
March 21, 2008 8:03:00 AM UTC	1206108180000	100	0	no	23.3	110.4	23392	20809	13319	5976	0	37880	2051	2051	0	2813	2813	0
March 21, 2008 8:04:00 AM UTC	1206108240000	100	0	no	23.5	110.6	23392	20809	13333	5912	0	37930	2087	2087	0	2813	2813	0
March 21, 2008 8:05:00 AM UTC	1206108300000	100	0	no	23.7	110.8	23392	20809	13341	5820	0	38014	2126	2126	0	2814	2814	0
March 21, 2008 8:06:00 AM UTC	1206108360000	100	0	no	23.9	111.0	23392	20809	13320	5908	0	37947	2101	2101	0	2808	2808	0
March 21, 2008 8:07:00 AM UTC	1206108420000	100	0	no	24.0	111.2	23392	20809	13335	5843	0	37997	2147	2147	0	2802	2802	0
March 21, 2008 8:08:00 AM UTC	1206108480000	100	0	no	24.2	111.4	23392	20809	13321	5908	0	37946	2128	2128	0	2806	2806	0
March 21, 2008 8:09:00 AM UTC	1206108540000	100	0	no	24.4	111.6	23392	20809	13335	5843	0	37997	2168	2168	0	2797	2797	0
March 21, 2008 8:10:00 AM UTC	1206108600000	100	0	no	24.6	111.8	23392	20809	13329	5868	0	37978	2182	2182	0	2794	2794	0
March 21, 2008 8:11:00 AM UTC	1206108660000	100	0	no	24.7	112.0	23392	20809	13330	5866	0	37979	2186	2186	0	2800	2800	0
March 21, 2008 8:12:00 AM UTC	1206108720000	100	0	no	24.9	112.2	23392	20809	13336	5842	0	37997	2217	2217	0	2793	2793	0
March 21, 2008 8:13:00 AM UTC	1206108780000	99	1	no	25.1	112.4	23392	20809	13335	5842	0	37998	2226	2226	0	2793	2793	0
March 21, 2008 8:14:00 AM UTC	1206108840000	97	2	no	25.3	112.6	23392	20809	13328	5880	0	37967	2226	2226	0	2788	2788	0
March 21, 2008 8:15:00 AM UTC	1206108900000	94	4	no	25.5	112.7	23392	20809	13328	5881	0	37966	2236	2236	0	2789	2789	0
March 21, 2008 8:16:00 AM UTC	1206108960000	89	7	yes	25.6	112.9	23392	20809	13328	5881	0	37966	2246	2246	0	2786	2786	0
March 21, 2008 8:17:00 AM UTC	1206109020000	83	10	yes	25.8	113.1	23392	20809	13328	5881	0	37966	2264	2264	0	2782	2782	0
March 21, 2008 8:18:00 AM UTC	1206109080000	75	14	yes	26.0	113.3	23392	20809	13322	5904	0	37949	2256	2256	0	2787	2787	0
March 21, 2008 8:19:00 AM UTC	1206109140000	65	19	yes	26.2	113.5	23392	20809	13345	5749	0	38081	2334	2334	0	2786	2786	0
March 21, 2008 8:20:00 AM UTC	1206109200000	56	21	yes	26.3	113.7	23392	20809	13330	5810	0	38035	2317	2317	0	2783	2783	0
March 21, 2008 8:21:00 AM UTC	1206109260000	48	22	yes	26.5	113.9	23392	20809	13345	5796	0	38034	2358	2358	0	2781	2781	0
March 21, 2008 8:22:00 AM UTC	1206109320000	42	22	yes	26.7	114.1	23392	20809	13324	5889	0	37962	2324	2324	0	2782	2782	0
March 21, 2008 8:23:00 AM UTC	1206109380000	37	22	yes	26.9	114.3	23392	20809	13337	5825	0	38013	2363	2363	0	2779	2779	0
March 21, 2008 8:24:00 AM UTC	1206109440000	32	20	yes	27.0	114.5	23392	20809	13324	5887	0	37964	2350	2350	0	2777	2741	36
March 21, 2008 8:25:00 AM UTC	1206109500000	29	19	yes	27.2	114.7	23392	20809	13331	5852	0	37992	2369	2369	0	2781	2775	6
March 21, 2008 8:26:00 AM UTC	1206109560000	27	17	yes	27.4	114.9	23392	20809	13336	5839	0	38000	2397	2397	0	2779	2769	10
March 21, 2008 8:27:00 AM UTC	1206109620000	24	16	yes	27.6	115.1	23392	20809	13338	5840	0	37997	2408	2408	0	2780	2752	28
March 21, 2008 8:28:00 AM UTC	1206109680000	23	18	no	27.7	115.3	23392	20809	13338	5840	0	37997	2427	2427	0	2777	2728	49
March 21, 2008 8:29:00 AM UTC	1206109740000	20	16	yes	27.9	115.6	23392	20809	13314	6015	0	37846	2369	2369	0	2780	2567	213
March 21, 2008 8:30:00 AM UTC	1206109800000	19	17	yes	28.1	115.8	23392	20809	13327	5949	0	37899	2414	2414	0	2778	2447	331
March 21, 2008 8:31:00 AM UTC	1206109860000	18	19	yes	28.2	116.0	23392	20809	13314	6015	0	37846	2396	2396	0	2777	2357	358
March 21, 2008 8:32:00 AM UTC	1206109920000	16	13	yes	28.4	116.2	23392	20809	13330	5879	0	37966	2448	2448	0	2781	2197	486
March 21, 2008 8:33:00 AM UTC	1206109980000	17	18	no	28.6	116.4	23392	20809	13330	5879	0	37966	2467	2467	0	2787	2199	553
March 21, 2008 8:34:00 AM UTC	1206110040000	16	21	no	28.8	116.6	23392	20809	13330	5879	0	37966	2475	2475	0	2782	2042	713
March 21, 2008 8:35:00 AM UTC	1206110100000	16	21	no	28.9	116.8	23392	20809	13330	5879	0	37966	2494	2494	0	2779	2000	779
March 21, 2008 8:36:00 AM UTC	1206110160000	16	20	no	29.1	117.0	23392	20809	13322	5910	0	37943	2487	2487	0	2783	2007	776
March 21, 2008 8:37:00 AM UTC	1206110220000	16	20	no	29.3	117.2	23392	20809	13330	5879	0	37966	2507	2507	0	2790	2010	775
March 21, 2008 8:38:00 AM UTC	1206110280000	16	20	no	29.4	117.4	23392	20809	13322	5928	0	37925	2497	2497	0	2789	1949	814
March 21, 2008 8:39:00 AM UTC	1206110340000	15	18	no	29.6	117.6	23392	20809	13322	5930	0	37923	2503	2503	0	2791	1843	817
March 21, 2008 8:40:00 AM UTC	1206110400000	16	18	no	29.8	117.8	23392	20809	13322	5930	0	37923	2519	2519	0	2792	1942	760
March 21, 2008 8:41:00 AM UTC	1206110460000	16	18	no	30.0	118.1	23392	20809	13322	5930	0	37923	2522	2522	0	2797	1838	831
March 21, 2008 8:42:00 AM UTC	1206110520000	15	16	no	30.1	118.3	23392	20809	13336	5868	0	37971	2576	2576	0	2793	1680	951
March 21, 2008 8:43:00 AM UTC	1206110580000	14	18	no	30.3	118.5	23392	20809	13322	5930	0	37923	2552	2552	0	2795	1608	1030
March 21, 2008 8:44:00 AM UTC	1206110640000	14	19	no	30.5	118.7	23392	20809	13335	5869	0	37971	2597	2597	0	2794	1529	1082
March 21, 2008 8:45:00 AM UTC	1206110700000	14	19	no	30.6	118.9	23392	20809	13315	5899	0	37961	2571	2571	0	2805	1552	1101
March 21, 2008 8:46:00 AM UTC	1206110760000	15	19	no	30.8	119.1	23392	20809	13329	5837	0	38009	2612	2612	0	2806	1503	1151
March 21, 2008 8:47:00 AM UTC	1206110820000	14	20	no	31.0	119.3	23392	20809	13324	5866	0	37985	2611	2611	0	2807	1449	1230
March 21, 2008 8:48:00 AM UTC	1206110880000	14	18	no	31.1	119.6	23392	20809	13330	5839	0	38006	2625	2625	0	2817	1460	1158
March 21, 2008 8:49:00 AM UTC	1206110940000	14	18	no	31.3	119.8	23392	20809	13315	5907	0	37953	2615	2615	0	2811	1373	1248
March 21, 2008 8:50:00 AM UTC	1206111000000	13	18	yes	31.5	120.0	23392	20809	13329	5862	0	37984	2641	2641	0	2816	1361	1240
March 21, 2008 8:51:00 AM UTC	1206111060000	14	18	no	31.6	120.2	23392	20809	13341	5802	0	38032	2689	2689	0	2821	1458	1185
March 21, 2008 8:52:00 AM UTC	1206111120000	14	18	yes	31.8	120.4	23392	20809	13329	5861	0	37985	2659	2659	0	2827	1368	1250
March 21, 2008 8:53:00 AM UTC	1206111180000	13	16	yes	32.0	120.7	23392	20809	13343	5801	0	38031	2701	2701	0	2829	1212	1349
March 21, 2008 8:54:00 AM UTC	1206111240000	13	16	yes	32.1	120.9	23392	20809	13321	5949	0	37905	2645	2645	0	2836	1295	1358
March 21, 2008 8:55:00 AM UTC	1206111300000	12	12	yes	32.3	121.1	23392	20809	13335	5889	0	37951	2687	2641	46	2840	1235	1311
March 21, 2008 8:56:00 AM UTC	1206111360000	13	17	yes	32.4	121.3	23392	20809	13330	5853	0	37992	2708	2708	0	2840	1224	1366
March 21, 2008 8:57:00 AM UTC	1206111420000	13	17	no	32.6	121.5	23392	20809	13336	5828	0	38011	2720	2720	0	2847	1277	1420
March 21, 2008 8:58:00 AM UTC	1206111480000	10	9	yes	32.8	121.8	23392	20809	13321	5887	0	37967	2706	2500	206	2846	1051	1393
March 21, 2008 8:59:00 AM UTC	1206111540000	10	8	yes	32.9	122.0	23392	20809	13329	5866	0	37980	2724	2505	218	2855	1028	1267
March 21, 2008 9:00:00 AM UTC	1206111600000	10	8	yes	33.1	122.2	23392	20809	13336	5852	0	37987	2739	2487	249	2862	1009	1273
March 21, 2008 9:01:00 AM UTC	1206111660000	10	8	yes	33.3	122.5	23392	20809	13335	5854	0	37986	2741	2507	233	2863	1016	1299
March 21, 2008 9:02:00 AM UTC	1206111720000	10	8	yes	33.4	122.7	23392	20809	13326	5891	0	37958	2733	2498	234	2875	1046	1280
March 21, 2008 9:03:00 AM UTC	1206111780000	10	8	yes	33.6	122.9	23392	20809	13326	5891	0	37958	2738	2498	238	2880	1079	1328
March 21, 2008 9:04:00 AM UTC	1206111840000	10	8	yes	33.7	123.1	23392	20809	13334	5853	0	37988	2763	2575	188	2882	1124	1309
March 21, 2008 9:05:00 AM UTC	1206111900000	10	8	yes	33.9	123.4	23392	20809	13326	5891	0	37958	2751	2558	192	2887	1098	1304
March 21, 2008 9:06:00 AM UTC	1206111960000	10	8	yes	34.1	123.6	23392	20809	13326	5891	0	37958	2763	2542	220	2889	1110	1366
March 21, 2008 9:07:00 AM UTC	1206112020000	10	8	yes	34.2	123.8	23392	20809	13327	5836	0	38012	2790	2547	242	2894	1128	1310
March 21, 2008 9:08:00 AM UTC	1206112080000	10	8	yes	34.4	124.1	23392	20809	13327	5836	0	38012	2797	2535	262	2905	1163	1300
March 21, 2008 9:09:00 AM UTC	1206112140000	11	8	yes	34.5	124.3	23392	20809	13341	5775	0	38059	2839	2564	273	2901	1158	1253
March 21, 2008 9:10:00 AM UTC	1206112200000	10	8	yes	34.7	124.5	23392	20809	13318	5868	0	37989	2783	2556	227	2927	1131	1384
March 21, 2008 9:11:00 AM UTC	1206112260000	10	8	yes	34.9	124.8	23392	20809	13336	5803	0	38036	2830	2547	282	2921	1162	1279
March 21, 2008 9:12:00 AM UTC	1206112320000	10	8	yes	35.0	125.0	23392	20809	13316	5903	0	37956	2781	2507	274	2946	1121	1320
March 21, 2008 9:13:00 AM UTC	1206112380000	10	8	yes	35.2	125.3	23392	20809	13331	5844	0	38000	2825	2490	325	2937	1038	1357
March 21, 2008 9:14:00 AM UTC	1206112440000	10	8	yes	35.3	125.5	23392	20809	13331	5844	0	38000	2827	2545	278	2939	1121	1315
March 21, 2008 9:15:00 AM UTC	1206112500000	10	9	yes	35.5	125.7	23392	20809	13331	5844	0	38000	2832	2600	231	2951	1091	1394
March 21, 2008 9:16:00 AM UTC	1206112560000	10	8	yes	35.6	126.0	23392	20809	13331	5844	0	38000	2844	2548	291	2953	1068	1428
March 21, 2008 9:17:00 AM UTC	1206112620000	10	9	yes	35.8	126.2	23392	20809	13330	5844	0	38001	2845	2490	345	2971	1047	1436
March 21, 2008 9:18:00 AM UTC	1206112680000	10	8	yes	35.9	126.5	23392	20809	13345	5729	0	38101	2910	2527	368	2965	1009	1394
March 21, 2008 9:19:00 AM UTC	1206112740000	10	9	yes	36.1	126.7	23392	20809	13323	5826	0	38026	2850	2497	350	2979	1086	1439
March 21, 2008 9:20:00 AM UTC	1206112800000	10	8	yes	36.3	126.9	23392	20809	13334	5800	0	38041	2877	2529	337	2988	1065	1365
March 21, 2008 9:21:00 AM UTC	1206112860000	10	9	yes	36.4	127.2	23392	20809	13323	5850	0	38002	2847	2460	386	3001	1018	1404
March 21, 2008 9:22:00 AM UTC	1206112920000	10	8	yes	36.6	127.4	23392	20809	13334	5800	0	38041	2890	2459	418	3002	988	1426
March 21, 2008 9:23:00 AM UTC	1206112980000	10	8	yes	36.7	127.7	23392	20809	13321	5856	0	37998	2852	2405	425	3016	1011	1342
March 21, 2008 9:24:00 AM UTC	1206113040000	9	9	yes	36.9	127.9	23392	20809	13334	5800	0	38041	2892	2345	508	3018	743	1588
March 21, 2008 9:25:00 AM UTC	1206113100000	9	9	yes	37.0	128.2	23392	20809	13323	5857	0	37995	2867	2321	523	3034	831	1442
March 21, 2008 9:26:00 AM UTC	1206113160000	9	9	yes	37.2	128.4	23392	20809	13322	5912	0	37941	2846	2301	498	3045	793	1499
March 21, 2008 9:27:00 AM UTC	1206113220000	10	9	yes	37.3	128.7	23392	20809	13321	5924	0	37930	2851	2332	495	3053	833	1491
March 21, 2008 9:28:00 AM UTC	1206113280000	10	10	yes	37.5	128.9	23392	20809	13326	5858	0	37991	2878	2338	519	3064	851	1457
March 21, 2008 9:29:00 AM UTC	1206113340000	10	10	yes	37.6	129.2	23392	20809	13347	5759	0	38069	2936	2297	600	3074	744	1651
March 21, 2008 9:30:00 AM UTC	1206113400000	9	10	yes	37.8	129.4	23392	20809	13324	5893	0	37958	2863	2224	586	3082	711	1527
March 21, 2008 9:31:00 AM UTC	1206113460000	10	11	yes	37.9	129.7	23392	20809	13336	5838	0	38001	2891	2281	576	3100	798	1536
March 21, 2008 9:32:00 AM UTC	1206113520000	11	11	yes	38.1	130.0	23392	20809	13324	5893	0	37958	2870	2244	592	3105	841	1436
March 21, 2008 9:33:00 AM UTC	1206113580000	11	12	yes	38.2	130.2	23392	20809	13335	5839	0	38001	2901	2223	632	3115	781	1547
March 21, 2008 9:34:00 AM UTC	1206113640000	11	14	yes	38.4	130.5	23392	20809	13314	5936	0	37925	2841	2236	591	3125	775	1642
March 21, 2008 9:35:00 AM UTC	1206113700000	10	16	yes	38.5	130.7	23392	20809	13337	5829	0	38009	2911	2211	660	3134	710	1664
March 21, 2008 9:36:00 AM UTC	1206113760000	10	18	yes	38.6	131.0	23392	20809	13315	5928	0	37932	2855	2180	645	3147	761	1563
March 21, 2008 9:37:00 AM UTC	1206113820000	11	19	yes	38.8	131.3	23392	20809	13338	5787	0	38050	2920	2266	609	3162	703	1660
March 21, 2008 9:38:00 AM UTC	1206113880000	12	20	yes	38.9	131.5	23392	20809	13328	5832	0	38015	2902	2133	717	3170	618	1777
March 21, 2008 9:39:00 AM UTC	1206113940000	16	18	yes	39.1	131.8	23392	20809	13327	5874	0	37974	2871	2015	779	3186	534	1833
March 21, 2008 9:40:00 AM UTC	1206114000000	19	15	yes	39.2	132.0	23392	20809	13339	5820	0	38016	2902	1897	905	3206	381	1808
March 21, 2008 9:41:00 AM UTC	1206114060000	20	15	yes	39.4	132.3	23392	20809	13327	5873	0	37975	2872	1811	980	3216	202	2045
March 21, 2008 9:42:00 AM UTC	1206114120000	22	16	yes	39.5	132.6	23392	20809	13339	5821	0	38015	2903	1702	1140	3233	65	2040
March 21, 2008 9:43:00 AM UTC	1206114180000	23	16	yes	39.6	132.8	23392	20809	13327	5872	0	37976	2879	1675	1192	3237	85	2075
March 21, 2008 9:44:00 AM UTC	1206114240000	24	15	yes	39.8	133.1	23392	20809	13329	5866	0	37980	2884	2024	858	3247	90	2154
March 21, 2008 9:45:00 AM UTC	1206114300000	23	14	yes	39.9	133.4	23392	20809	13328	5862	0	37985	2876	2278	598	3260	120	2164
March 21, 2008 9:46:00 AM UTC	1206114360000	23	14	yes	40.1	133.7	23392	20809	13329	5819	0	38027	2903	2724	179	3267	295	2315
March 21, 2008 9:47:00 AM UTC	1206114420000	22	13	yes	40.2	133.9	23392	20809	13329	5870	0	37976	2885	2875	10	3280	517	2427
March 21, 2008 9:48:00 AM UTC	1206114480000	21	12	yes	40.3	134.2	23392	20809	13329	5870	0	37976	2879	2879	0	3291	795	2192
March 21, 2008 9:49:00 AM UTC	1206114540000	19	11	yes	40.5	134.5	23392	20809	13338	5821	0	38016	2911	2661	208	3306	665	1957
March 21, 2008 9:50:00 AM UTC	1206114600000	18	7	yes	40.6	134.8	23392	20809	13328	5870	0	37977	2869	2492	288	3321	1241	1276
March 21, 2008 9:51:00 AM UTC	1206114660000	17	10	yes	40.7	135.0	23392	20809	13329	5867	0	37979	2878	2479	373	3333	857	1820
March 21, 2008 9:52:00 AM UTC	1206114720000	15	10	yes	40.9	135.3	23392	20809	13328	5869	0	37978	2870	2248	598	3347	923	1759
March 21, 2008 9:53:00 AM UTC	1206114780000	14	10	yes	41.0	135.6	23392	20809	13329	5928	0	37918	2850	2204	601	3362	1026	1619
March 21, 2008 9:54:00 AM UTC	1206114840000	13	10	yes	41.1	135.9	23392	20809	13328	5928	0	37919	2857	2126	661	3368	1060	1594
March 21, 2008 9:55:00 AM UTC	1206114900000	12	10	yes	41.3	136.1	23392	20809	13328	5884	0	37963	2880	2043	713	3374	989	1539
March 21, 2008 9:56:00 AM UTC	1206114960000	9	12	yes	41.4	136.4	23392	20809	13328	5934	0	37913	2853	1825	907	3391	698	2054
March 21, 2008 9:57:00 AM UTC	1206115020000	8	11	yes	41.5	136.7	23392	20809	13329	5933	0	37913	2854	1800	877	3397	564	1984
March 21, 2008 9:58:00 AM UTC	1206115080000	8	10	yes	41.7	137.0	23392	20809	13341	5887	0	37947	2871	1853	874	3415	570	1798
March 21, 2008 9:59:00 AM UTC	1206115140000	7	10	yes	41.8	137.3	23392	20809	13316	5919	0	37940	2844	1777	893	3420	530	1735
March 21, 2008 10:00:00 AM UTC	1206115200000	7	11	yes	41.9	137.6	23392	20809	13338	5822	0	38015	2902	1801	912	3437	521	1804
March 21, 2008 10:01:00 AM UTC	1206115260000	6	10	yes	42.1	137.9	23392	20809	13328	5872	0	37975	2866	1705	937	3448	481	1817
March 21, 2008 10:02:00 AM UTC	1206115320000	6	10	yes	42.2	138.1	23392	20809	13338	5825	0	38012	2896	1716	958	3463	492	1741
March 21, 2008 10:03:00 AM UTC	1206115380000	6	11	yes	42.3	138.4	23392	20809	13328	5872	0	37975	2860	1663	1007	3472	517	1858
March 21, 2008 10:04:00 AM UTC	1206115440000	6	10	yes	42.4	138.7	23392	20809	13326	5886	0	37963	2861	1584	1005	3482	483	1730
March 21, 2008 10:05:00 AM UTC	1206115500000	6	10	yes	42.6	139.0	23392	20809	13326	5886	0	37963	2859	1535	1039	3491	566	1742
March 21, 2008 10:06:00 AM UTC	1206115560000	7	11	yes	42.7	139.3	23392	20809	13340	5768	0	38067	2911	1703	975	3506	556	1830
March 21, 2008 10:07:00 AM UTC	1206115620000	6	11	yes	42.8	139.6	23392	20809	13317	5865	0	37993	2862	1643	1023	3504	530	1700
March 21, 2008 10:08:00 AM UTC	1206115680000	6	11	yes	42.9	139.9	23392	20809	13340	5768	0	38067	2914	1585	1023	3524	401	1973
March 21, 2008 10:09:00 AM UTC	1206115740000	6	11	yes	43.1	140.2	23392	20809	13330	5819	0	38026	2882	1644	951	3530	473	1679
March 21, 2008 10:10:00 AM UTC	1206115800000	5	12	yes	43.2	140.5	23392	20809	13328	5822	0	38025	2885	1404	1080	3538	339	1724
March 21, 2008 10:11:00 AM UTC	1206115860000	6	12	yes	43.3	140.8	23392	20809	13327	5819	0	38029	2881	1457	1073	3554	418	1827
March 21, 2008 10:12:00 AM UTC	1206115920000	7	12	yes	43.4	141.1	23392	20809	13328	5837	0	38010	2880	1482	1047	3563	410	1838
March 21, 2008 10:13:00 AM UTC	1206115980000	7	13	yes	43.6	141.4	23392	20809	13337	5795	0	38043	2909	1389	1190	3570	373	1837
March 21, 2008 10:14:00 AM UTC	1206116040000	8	13	yes	43.7	141.7	23392	20809	13329	5838	0	38008	2873	1452	1065	3587	384	1776
March 21, 2008 10:15:00 AM UTC	1206116100000	9	15	yes	43.8	142.0	23392	20809	13338	5795	0	38042	2906	1427	1066	3592	327	1799
March 21, 2008 10:16:00 AM UTC	1206116160000	10	16	yes	43.9	142.3	23392	20809	13316	5890	0	37969	2833	1262	1154	3607	306	1875
March 21, 2008 10:17:00 AM UTC	1206116220000	11	17	yes	44.0	142.6	23392	20809	13338	5795	0	38042	2898	1401	1139	3617	234	2114
March 21, 2008 10:18:00 AM UTC	1206116280000	14	16	yes	44.1	142.9	23392	20809	13326	5848	0	38001	2867	1290	1207	3623	276	2012
March 21, 2008 10:19:00 AM UTC	1206116340000	16	17	yes	44.3	143.2	23392	20809	13326	5847	0	38002	2866	1307	1269	3635	248	2036
March 21, 2008 10:20:00 AM UTC	1206116400000	19	19	yes	44.4	143.6	23392	20809	13336	5826	0	38013	2882	1302	1302	3640	216	2173
March 21, 2008 10:21:00 AM UTC	1206116460000	22	21	yes	44.5	143.9	23392	20809	13325	5868	0	37982	2863	1150	1343	3649	123	2353
March 21, 2008 10:22:00 AM UTC	1206116520000	28	25	yes	44.6	144.2	23392	20809	13336	5827	0	38012	2884	1163	1403	3661	94	2683
March 21, 2008 10:23:00 AM UTC	1206116580000	35	28	yes	44.7	144.5	23392	20809	13323	5882	0	37970	2854	1227	1326	3651	55	2545
March 21, 2008 10:24:00 AM UTC	1206116640000	49	19	yes	44.8	144.8	23392	20809	13336	5827	0	38012	2880	1487	900	3683	41	2364
March 21, 2008 10:25:00 AM UTC	1206116700000	57	18	yes	44.9	145.1	23392	20809	13336	5827	0	38012	2889	1664	902	3678	208	2002
March 21, 2008 10:26:00 AM UTC	1206116760000	67	16	yes	45.0	145.5	23392	20809	13332	5842	0	38001	2873	2047	735	3705	276	1903
March 21, 2008 10:27:00 AM UTC	1206116820000	75	13	yes	45.2	145.8	23392	20809	13322	5944	0	37909	2826	2030	719	3693	603	1449
March 21, 2008 10:28:00 AM UTC	1206116880000	82	12	yes	45.3	146.1	23392	20809	13345	5813	0	38017	2898	2297	573	3719	931	1771
March 21, 2008 10:29:00 AM UTC	1206116940000	83	13	yes	45.4	146.4	23392	20809	13324	5908	0	37943	2839	2106	603	3719	1026	1937
March 21, 2008 10:30:00 AM UTC	1206117000000	81	16	yes	45.5	146.7	23392	20809	13333	5869	0	37973	2870	2260	534	3726	1358	1584
March 21, 2008 10:31:00 AM UTC	1206117060000	87	12	yes	45.6	147.1	23392	20809	13318	5926	0	37931	2823	2670	153	3737	1684	1564
March 21, 2008 10:32:00 AM UTC	1206117120000	88	11	yes	45.7	147.4	23392	20809	13332	5869	0	37974	2861	2755	106	3747	1820	1716
March 21, 2008 10:33:00 AM UTC	1206117180000	89	11	yes	45.8	147.7	23392	20809	13333	5868	0	37974	2858	2739	119	3753	1869	1840
March 21, 2008 10:34:00 AM UTC	1206117240000	87	13	yes	45.9	148.0	23392	20809	13328	5888	0	37959	2852	2452	400	3763	1877	1834
March 21, 2008 10:35:00 AM UTC	1206117300000	89	11	yes	46.0	148.4	23392	20809	13327	5920	0	37928	2838	2820	18	3772	1936	1835
March 21, 2008 10:36:00 AM UTC	1206117360000	91	9	yes	46.1	148.7	23392	20809	13327	5920	0	37928	2841	2801	40	3779	2131	1642
March 21, 2008 10:37:00 AM UTC	1206117420000	92	8	yes	46.2	149.0	23392	20809	13335	5882	0	37958	2861	2750	111	3790	2084	1706
March 21, 2008 10:38:00 AM UTC	1206117480000	92	8	yes	46.3	149.4	23392	20809	13327	5920	0	37928	2842	2815	27	3794	2075	1719
March 21, 2008 10:39:00 AM UTC	1206117540000	95	5	no	46.4	149.7	23392	20809	13336	5886	0	37953	2861	2861	0	3804	2671	1133
March 21, 2008 10:40:00 AM UTC	1206117600000	97	3	no	46.5	150.0	23392	20809	13333	5882	0	37960	2855	2855	0	3813	3094	719
March 21, 2008 10:41:00 AM UTC	1206117660000	98	2	no	46.6	150.4	23392	20809	13322	5892	0	37961	2838	2838	0	3816	3361	455
March 21, 2008 10:42:00 AM UTC	1206117720000	99	1	no	46.7	150.7	23392	20809	13333	5898	0	37944	2844	2844	0	3828	3649	179
March 21, 2008 10:43:00 AM UTC	1206117780000	99	1	no	46.8	151.0	23392	20809	13344	5832	0	37999	2889	2889	0	3841	3733	108
March 21, 2008 10:44:00 AM UTC	1206117840000	100	0	no	46.9	151.4	23392	20809	13323	5926	0	37926	2834	2834	0	3837	3803	34
March 21, 2008 10:45:00 AM UTC	1206117900000	100	0	no	46.9	151.7	23392	20809	13330	5902	0	37943	2853	2853	0	3846	3846	0
March 21, 2008 10:46:00 AM UTC	1206117960000	100	0	no	47.0	152.1	23392	20809	13330	5902	0	37943	2847	2847	0	3857	3857	0
March 21, 2008 10:47:00 AM UTC	1206118020000	100	0	no	47.1	152.4	23392	20809	13330	5902	0	37943	2851	2851	0	3862	3862	0
March 21, 2008 10:48:00 AM UTC	1206118080000	100	0	no	47.2	152.7	23392	20809	13330	5902	0	37943	2849	2849	0	3871	3871	0
March 21, 2008 10:49:00 AM UTC	1206118140000	100	0	no	47.3	153.1	23392	20809	13335	5932	0	37908	2829	2829	0	3882	3882	0
March 21, 2008 10:50:00 AM UTC	1206118200000	100	0	no	47.4	153.4	23392	20809	13328	5941	0	37906	2834	2834	0	3885	3885	0
March 21, 2008 10:51:00 AM UTC	1206118260000	100	0	no	47.5	153.8	23392	20809	13338	5832	0	38005	2869	2869	0	3901	3901	0
March 21, 2008 10:52:00 AM UTC	1206118320000	100	0	no	47.6	154.1	23392	20809	13322	5928	0	37925	2826	2826	0	3891	3891	0
March 21, 2008 10:53:00 AM UTC	1206118380000	100	0	no	47.6	154.5	23392	20809	13331	5862	0	37982	2850	2850	0	3909	3909	0
March 21, 2008 10:54:00 AM UTC	1206118440000	100	0	no	47.7	154.8	23392	20809	13323	5894	0	37958	2841	2841	0	3908	3908	0
March 21, 2008 10:55:00 AM UTC	1206118500000	100	0	no	47.8	155.2	23392	20809	13339	5831	0	38005	2870	2870	0	3925	3925	0
March 21, 2008 10:56:00 AM UTC	1206118560000	100	0	no	47.9	155.5	23392	20809	13346	5801	0	38028	2886	2886	0	3939	3939	0
March 21, 2008 10:57:00 AM UTC	1206118620000	100	0	no	48.0	155.9	23392	20809	13324	5936	0	37915	2831	2831	0	3922	3922	0
March 21, 2008 10:58:00 AM UTC	1206118680000	100	0	no	48.0	156.3	23392	20809	13331	5908	0	37936	2841	2841	0	3934	3934	0
March 21, 2008 10:59:00 AM UTC	1206118740000	100	0	no	48.1	156.6	23392	20809	13331	5908	0	37936	2843	2843	0	3940	3940	0
March 21, 2008 11:00:00 AM UTC	1206118800000	100	0	no	48.2	157.0	23392	20809	13338	5839	0	37998	2874	2874	0	3945	3945	0
March 21, 2008 11:01:00 AM UTC	1206118860000	100	0	no	48.3	157.3	23392	20809	13332	5867	0	37976	2860	2860	0	3946	3946	0
March 21, 2008 11:02:00 AM UTC	1206118920000	100	0	no	48.3	157.7	23392	20809	13325	5900	0	37950	2840	2840	0	3953	3953	0
March 21, 2008 11:03:00 AM UTC	1206118980000	100	0	no	48.4	158.0	23392	20809	13323	5902	0	37950	2833	2833	0	3957	3957	0
March 21, 2008 11:04:00 AM UTC	1206119040000	100	0	no	48.5	158.4	23392	20809	13329	5928	0	37918	2835	2835	0	3962	3962	0
March 21, 2008 11:05:00 AM UTC	1206119100000	100	0	no	48.6	158.8	23392	20809	13329	5929	0	37917	2825	2825	0	3971	3971	0
March 21, 2008 11:06:00 AM UTC	1206119160000	100	0	no	48.6	159.1	23392	20809	13335	5904	0	37936	2847	2847	0	3976	3976	0
March 21, 2008 11:07:00 AM UTC	1206119220000	100	0	no	48.7	159.5	23392	20809	13342	5866	0	37967	2863	2863	0	3989	3989	0
March 21, 2008 11:08:00 AM UTC	1206119280000	100	0	no	48.8	159.9	23392	20809	13343	5865	0	37967	2865	2865	0	3992	3992	0
March 21, 2008 11:09:00 AM UTC	1206119340000	100	0	no	48.8	160.2	23392	20809	13335	5906	0	37934	2844	2844	0	3991	3991	0
March 21, 2008 11:10:00 AM UTC	1206119400000	100	0	no	48.9	160.6	23392	20809	13328	5929	0	37918	2827	2827	0	3998	3998	0
March 21, 2008 11:11:00 AM UTC	1206119460000	100	0	no	49.0	161.0	23392	20809	13329	5920	0	37926	2831	2831	0	4000	4000	0
March 21, 2008 11:12:00 AM UTC	1206119520000	100	0	no	49.0	161.3	23392	20809	13335	5883	0	37957	2848	2848	0	4007	4007	0
March 21, 2008 11:13:00 AM UTC	1206119580000	100	0	no	49.1	161.7	23392	20809	13336	5882	0	37957	2856	2856	0	4012	4012	0
March 21, 2008 11:14:00 AM UTC	1206119640000	100	0	no	49.1	162.1	23392	20809	13341	5837	0	37997	2869	2869	0	4023	4023	0
March 21, 2008 11:15:00 AM UTC	1206119700000	100	0	no	49.2	162.4	23392	20809	13335	5846	0	37994	2868	2868	0	4018	4018	0
March 21, 2008 11:16:00 AM UTC	1206119760000	100	0	no	49.2	162.8	23392	20809	13335	5847	0	37993	2864	2864	0	4030	4030	0
March 21, 2008 11:17:00 AM UTC	1206119820000	100	0	no	49.3	163.2	23392	20809	13326	5891	0	37958	2836	2836	0	4021	4021	0
March 21, 2008 11:18:00 AM UTC	1206119880000	100	0	no	49.4	163.6	23392	20809	13323	5965	0	37887	2811	2811	0	4026	4026	0
March 21, 2008 11:19:00 AM UTC	1206119940000	100	0	no	49.4	163.9	23392	20809	13328	5934	0	37913	2821	2821	0	4036	4036	0
March 21, 2008 11:20:00 AM UTC	1206120000000	100	0	no	49.5	164.3	23392	20809	13329	5934	0	37912	2829	2829	0	4035	4035	0
March 21, 2008 11:21:00 AM UTC	1206120060000	100	0	no	49.5	164.7	23392	20809	13329	5935	0	37911	2825	2825	0	4042	4042	0
March 21, 2008 11:22:00 AM UTC	1206120120000	100	0	no	49.6	165.1	23392	20809	13329	5935	0	37911	2823	2823	0	4047	4047	0
March 21, 2008 11:23:00 AM UTC	1206120180000	100	0	no	49.6	165.4	23392	20809	13329	5935	0	37911	2822	2822	0	4053	4053	0
March 21, 2008 11:24:00 AM UTC	1206120240000	100	0	no	49.7	165.8	23392	20809	13329	5935	0	37911	2825	2825	0	4048	4048	0
March 21, 2008 11:25:00 AM UTC	1206120300000	100	0	no	49.7	166.2	23392	20809	13333	5894	0	37948	2839	2839	0	4062	4062	0
March 21, 2008 11:26:00 AM UTC	1206120360000	100	0	no	49.8	166.6	23392	20809	13333	5904	0	37938	2841	2841	0	4060	4060	0
March 21, 2008 11:27:00 AM UTC	1206120420000	100	0	no	49.8	167.0	23392	20809	13334	5877	0	37964	2847	2847	0	4068	4068	0
March 21, 2008 11:28:00 AM UTC	1206120480000	100	0	no	49.8	167.3	23392	20809	13337	5862	0	37976	2854	2854	0	4075	4075	0
March 21, 2008 11:29:00 AM UTC	1206120540000	100	0	no	49.9	167.7	23392	20809	13337	5862	0	37976	2859	2859	0	4074	4074	0
March 21, 2008 11:30:00 AM UTC	1206120600000	100	0	no	49.9	168.1	23392	20809	13337	5862	0	37976	2851	2851	0	4083	4083	0
March 21, 2008 11:31:00 AM UTC	1206120660000	100	0	no	50.0	168.5	23392	20809	13323	5927	0	37925	2826	2826	0	4071	4071	0
March 21, 2008 11:32:00 AM UTC	1206120720000	100	0	no	50.0	168.9	23392	20809	13322	5926	0	37927	2819	2819	0	4084	4084	0
March 21, 2008 11:33:00 AM UTC	1206120780000	100	0	no	50.0	169.3	23392	20809	13320	6000	0	37855	2790	2790	0	4074	4074	0
March 21, 2008 11:34:00 AM UTC	1206120840000	100	0	no	50.1	169.7	23392	20809	13322	5987	0	37866	2802	2802	0	4081	4081	0
March 21, 2008 11:35:00 AM UTC	1206120900000	100	0	no	50.1	170.0	23392	20809	13321	5988	0	37866	2799	2799	0	4082	4082	0
March 21, 2008 11:36:00 AM UTC	1206120960000	100	0	no	50.1	170.4	23392	20809	13321	5988	0	37866	2801	2801	0	4087	4087	0
March 21, 2008 11:37:00 AM UTC	1206121020000	100	0	no	50.2	170.8	23392	20809	13323	5908	0	37944	2835	2835	0	4093	4093	0
March 21, 2008 11:38:00 AM UTC	1206121080000	100	0	no	50.2	171.2	23392	20809	13324	5870	0	37981	2849	2849	0	4093	4093	0
March 21, 2008 11:39:00 AM UTC	1206121140000	100	0	no	50.2	171.6	23392	20809	13327	5871	0	37977	2847	2847	0	4094	4094	0
March 21, 2008 11:40:00 AM UTC	1206121200000	100	0	no	50.3	172.0	23392	20809	13324	5947	0	37904	2813	2813	0	4091	4091	0
March 21, 2008 11:41:00 AM UTC	1206121260000	100	0	no	50.3	172.4	23392	20809	13324	5949	0	37902	2811	2811	0	4099	4099	0
March 21, 2008 11:42:00 AM UTC	1206121320000	100	0	no	50.3	172.8	23392	20809	13326	5941	0	37908	2815	2815	0	4097	4097	0
March 21, 2008 11:43:00 AM UTC	1206121380000	100	0	no	50.3	173.1	23392	20809	13325	5942	0	37908	2822	2822	0	4098	4098	0
March 21, 2008 11:44:00 AM UTC	1206121440000	100	0	no	50.4	173.5	23392	20809	13325	5942	0	37908	2818	2818	0	4101	4101	0
March 21, 2008 11:45:00 AM UTC	1206121500000	100	0	no	50.4	173.9	23392	20809	13324	5942	0	37909	2819	2819	0	4100	4100	0
March 21, 2008 11:46:00 AM UTC	1206121560000	100	0	no	50.4	174.3	23392	20809	13325	5935	0	37915	2826	2826	0	4108	4108	0
March 21, 2008 11:47:00 AM UTC	1206121620000	100	0	no	50.4	174.7	23392	20809	13327	5848	0	38000	2859	2859	0	4115	4115	0
March 21, 2008 11:48:00 AM UTC	1206121680000	100	0	no	50.4	175.1	23392	20809	13324	5912	0	37939	2829	2829	0	4107	4107	0
March 21, 2008 11:49:00 AM UTC	1206121740000	100	0	no	50.5	175.5	23392	20809	13324	5918	0	37933	2831	2831	0	4111	4111	0
March 21, 2008 11:50:00 AM UTC	1206121800000	100	0	no	50.5	175.9	23392	20809	13323	5919	0	37933	2829	2829	0	4111	4111	0
March 21, 2008 11:51:00 AM UTC	1206121860000	100	0	no	50.5	176.3	23392	20809	13324	5914	0	37937	2829	2829	0	4117	4117	0
March 21, 2008 11:52:00 AM UTC	1206121920000	100	0	no	50.5	176.7	23392	20809	13324	5914	0	37937	2824	2824	0	4118	4118	0
March 21, 2008 11:53:00 AM UTC	1206121980000	100	0	no	50.5	177.1	23392	20809	13324	5914	0	37937	2834	2834	0	4118	4118	0
March 21, 2008 11:54:00 AM UTC	1206122040000	100	0	no	50.5	177.5	23392	20809	13325	5913	0	37937	2827	2827	0	4120	4120	0
March 21, 2008 11:55:00 AM UTC	1206122100000	100	0	no	50.5	177.8	23392	20809	13326	5912	0	37937	2838	2838	0	4115	4115	0
March 21, 2008 11:56:00 AM UTC	1206122160000	100	0	no	50.5	178.2	23392	20809	13327	5909	0	37939	2829	2829	0	4118	4118	0
March 21, 2008 11:57:00 AM UTC	1206122220000	100	0	no	50.5	178.6	23392	20809	13327	5887	0	37961	2836	2836	0	4118	4118	0
March 21, 2008 11:58:00 AM UTC	1206122280000	100	0	no	50.5	179.0	23392	20809	13327	5888	0	37960	2835	2835	0	4116	4116	0
March 21, 2008 11:59:00 AM UTC	1206122340000	100	0	no	50.5	179.4	23392	20809	13327	5889	0	37959	2832	2832	0	4122	4122	0
March 21, 2008 12:00:00 PM UTC	1206122400000	100	0	no	50.5	179.8	23392	20809	13327	5889	0	37959	2837	2837	0	4119	4119	0
March 21, 2008 12:01:00 PM UTC	1206122460000	100	0	no	50.5	180.2	23392	20809	13327	5889	0	37959	2836	2836	0	4118	4118	0
March 21, 2008 12:02:00 PM UTC	1206122520000	100	0	no	50.5	180.6	23392	20809	13327	5889	0	37959	2833	2833	0	4121	4121	0
March 21, 2008 12:03:00 PM UTC	1206122580000	100	0	no	50.5	181.0	23392	20809	13327	5888	0	37960	2834	2834	0	4118	4118	0
March 21, 2008 12:04:00 PM UTC	1206122640000	100	0	no	50.5	181.4	23392	20809	13327	5887	0	37961	2836	2836	0	4118	4118	0
March 21, 2008 12:05:00 PM UTC	1206122700000	100	0	no	50.5	181.8	23392	20809	13327	5906	0	37942	2831	2831	0	4118	4118	0
March 21, 2008 12:06:00 PM UTC	1206122760000	100	0	no	50.5	182.2	23392	20809	13326	5910	0	37939	2834	2834	0	4116	4116	0
March 21, 2008 12:07:00 PM UTC	1206122820000	100	0	no	50.5	182.6	23392	20809	13325	5911	0	37939	2830	2830	0	4119	4119	0
March 21, 2008 12:08:00 PM UTC	1206122880000	100	0	no	50.5	183.0	23392	20809	13324	5912	0	37939	2836	2836	0	4115	4115	0
March 21, 2008 12:09:00 PM UTC	1206122940000	100	0	no	50.5	183.4	23392	20809	13324	5912	0	37939	2824	2824	0	4119	4119	0
March 21, 2008 12:10:00 PM UTC	1206123000000	100	0	no	50.5	183.7	23392	20809	13324	5912	0	37939	2830	2830	0	4116	4116	0
March 21, 2008 12:11:00 PM UTC	1206123060000	100	0	no	50.5	184.1	23392	20809	13323	5916	0	37936	2824	2824	0	4114	4114	0
March 21, 2008 12:12:00 PM UTC	1206123120000	100	0	no	50.5	184.5	23392	20809	13324	5916	0	37935	2830	2830	0	4110	4110	0
March 21, 2008 12:13:00 PM UTC	1206123180000	100	0	no	50.4	184.9	23392	20809	13324	5909	0	37942	2827	2827	0	4107	4107	0
March 21, 2008 12:14:00 PM UTC	1206123240000	100	0	no	50.4	185.3	23392	20809	13325	5858	0	37992	2855	2855	0	4117	4117	0
March 21, 2008 12:15:00 PM UTC	1206123300000	100	0	no	50.4	185.7	23392	20809	13325	5931	0	37919	2826	2826	0	4108	4108	0
March 21, 2008 12:16:00 PM UTC	1206123360000	100	0	no	50.4	186.1	23392	20809	13324	5938	0	37913	2820	2820	0	4102	4102	0
March 21, 2008 12:17:00 PM UTC	1206123420000	100	0	no	50.4	186.5	23392	20809	13325	5938	0	37912	2815	2815	0	4103	4103	0
March 21, 2008 12:18:00 PM UTC	1206123480000	100	0	no	50.3	186.9	23392	20809	13325	5938	0	37912	2820	2820	0	4099	4099	0
March 21, 2008 12:19:00 PM UTC	1206123540000	100	0	no	50.3	187.3	23392	20809	13326	5937	0	37912	2814	2814	0	4098	4098	0
March 21, 2008 12:20:00 PM UTC	1206123600000	100	0	no	50.3	187.7	23392	20809	13324	5946	0	37905	2810	2810	0	4098	4098	0
March 21, 2008 12:21:00 PM UTC	1206123660000	100	0	no	50.3	188.0	23392	20809	13326	5866	0	37983	2846	2846	0	4098	4098	0
March 21, 2008 12:22:00 PM UTC	1206123720000	100	0	no	50.2	188.4	23392	20809	13327	5865	0	37983	2848	2848	0	4095	4095	0
March 21, 2008 12:23:00 PM UTC	1206123780000	100	0	no	50.2	188.8	23392	20809	13324	5866	0	37985	2846	2846	0	4095	4095	0
March 21, 2008 12:24:00 PM UTC	1206123840000	100	0	no	50.2	189.2	23392	20809	13323	5904	0	37948	2837	2837	0	4093	4093	0
March 21, 2008 12:25:00 PM UTC	1206123900000	100	0	no	50.2	189.6	23392	20809	13321	5982	0	37872	2801	2801	0	4086	4086	0
March 21, 2008 12:26:00 PM UTC	1206123960000	100	0	no	50.1	190.0	23392	20809	13321	5982	0	37872	2799	2799	0	4086	4086	0
March 21, 2008 12:27:00 PM UTC	1206124020000	100	0	no	50.1	190.4	23392	20809	13322	5981	0	37872	2801	2801	0	4081	4081	0
March 21, 2008 12:28:00 PM UTC	1206124080000	100	0	no	50.1	190.8	23392	20809	13320	5997	0	37858	2789	2789	0	4071	4071	0
March 21, 2008 12:29:00 PM UTC	1206124140000	100	0	no	50.0	191.1	23392	20809	13322	5919	0	37934	2818	2818	0	4070	4070	0
March 21, 2008 12:30:00 PM UTC	1206124200000	100	0	no	50.0	191.5	23392	20809	13323	5920	0	37932	2826	2826	0	4068	4068	0
March 21, 2008 12:31:00 PM UTC	1206124260000	100	0	no	49.9	191.9	23392	20809	13322	5921	0	37932	2817	2817	0	4072	4072	0
March 21, 2008 12:32:00 PM UTC	1206124320000	100	0	no	49.9	192.3	23392	20809	13337	5855	0	37983	2857	2857	0	4072	4072	0
March 21, 2008 12:33:00 PM UTC	1206124380000	100	0	no	49.9	192.7	23392	20809	13337	5855	0	37983	2854	2854	0	4076	4076	0
March 21, 2008 12:34:00 PM UTC	1206124440000	100	0	no	49.8	193.1	23392	20809	13334	5870	0	37971	2848	2848	0	4068	4068	0
March 21, 2008 12:35:00 PM UTC	1206124500000	100	0	no	49.8	193.4	23392	20809	13333	5901	0	37941	2838	2838	0	4063	4063	0
March 21, 2008 12:36:00 PM UTC	1206124560000	100	0	no	49.7	193.8	23392	20809	13329	5923	0	37923	2821	2821	0	4057	4057	0
March 21, 2008 12:37:00 PM UTC	1206124620000	100	0	no	49.7	194.2	23392	20809	13329	5931	0	37915	2826	2826	0	4052	4052	0
March 21, 2008 12:38:00 PM UTC	1206124680000	100	0	no	49.6	194.6	23392	20809	13329	5931	0	37915	2821	2821	0	4053	4053	0
March 21, 2008 12:39:00 PM UTC	1206124740000	100	0	no	49.6	195.0	23392	20809	13329	5931	0	37915	2824	2824	0	4049	4049	0
March 21, 2008 12:40:00 PM UTC	1206124800000	100	0	no	49.5	195.3	23392	20809	13329	5931	0	37915	2822	2822	0	4043	4043	0
March 21, 2008 12:41:00 PM UTC	1206124860000	100	0	no	49.5	195.7	23392	20809	13329	5930	0	37916	2826	2826	0	4041	4041	0
March 21, 2008 12:42:00 PM UTC	1206124920000	100	0	no	49.4	196.1	23392	20809	13328	5930	0	37917	2819	2819	0	4040	4040	0
March 21, 2008 12:43:00 PM UTC	1206124980000	100	0	no	49.4	196.5	23392	20809	13323	5958	0	37894	2810	2810	0	4027	4027	0
March 21, 2008 12:44:00 PM UTC	1206125040000	100	0	no	49.3	196.8	23392	20809	13326	5885	0	37964	2835	2835	0	4024	4024	0
March 21, 2008 12:45:00 PM UTC	1206125100000	100	0	no	49.3	197.2	23392	20809	13319	5907	0	37949	2828	2828	0	4022	4022	0
March 21, 2008 12:46:00 PM UTC	1206125160000	100	0	no	49.2	197.6	23392	20809	13341	5821	0	38013	2877	2877	0	4026	4026	0
March 21, 2008 12:47:00 PM UTC	1206125220000	100	0	no	49.2	198.0	23392	20809	13337	5874	0	37964	2851	2851	0	4022	4022	0
March 21, 2008 12:48:00 PM UTC	1206125280000	100	0	no	49.1	198.3	23392	20809	13336	5877	0	37962	2853	2853	0	4015	4015	0
March 21, 2008 12:49:00 PM UTC	1206125340000	100	0	no	49.0	198.7	23392	20809	13335	5878	0	37962	2849	2849	0	4009	4009	0
March 21, 2008 12:50:00 PM UTC	1206125400000	100	0	no	49.0	199.1	23392	20809	13329	5915	0	37931	2830	2830	0	4003	4003	0
March 21, 2008 12:51:00 PM UTC	1206125460000	100	0	no	48.9	199.4	23392	20809	13328	5924	0	37923	2828	2828	0	3999	3999	0
March 21, 2008 12:52:00 PM UTC	1206125520000	100	0	no	48.8	199.8	23392	20809	13335	5899	0	37941	2849	2849	0	3992	3992	0
March 21, 2008 12:53:00 PM UTC	1206125580000	100	0	no	48.8	200.2	23392	20809	13329	5924	0	37922	2825	2825	0	3988	3988	0
March 21, 2008 12:54:00 PM UTC	1206125640000	100	0	no	48.7	200.5	23392	20809	13342	5862	0	37971	2864	2864	0	3988	3988	0
March 21, 2008 12:55:00 PM UTC	1206125700000	100	0	no	48.6	200.9	23392	20809	13338	5872	0	37965	2856	2856	0	3983	3983	0
March 21, 2008 12:56:00 PM UTC	1206125760000	100	0	no	48.6	201.3	23392	20809	13343	5861	0	37971	2859	2859	0	3983	3983	0
March 21, 2008 12:57:00 PM UTC	1206125820000	100	0	no	48.5	201.6	23392	20809	13322	5967	0	37886	2806	2806	0	3958	3958	0
March 21, 2008 12:58:00 PM UTC	1206125880000	100	0	no	48.4	202.0	23392	20809	13323	5896	0	37956	2837	2837	0	3961	3961	0
March 21, 2008 12:59:00 PM UTC	1206125940000	100	0	no	48.4	202.3	23392	20809	13325	5898	0	37952	2835	2835	0	3948	3948	0
March 21, 2008 1:00:00 PM UTC	1206126000000	100	0	no	48.3	202.7	23392	20809	13332	5859	0	37984	2861	2861	0	3950	3950	0
March 21, 2008 1:01:00 PM UTC	1206126060000	100	0	no	48.2	203.1	23392	20809	13337	5876	0	37962	2859	2859	0	3947	3947	0
March 21, 2008 1:02:00 PM UTC	1206126120000	100	0	no	48.1	203.4	23392	20809	13331	5903	0	37941	2846	2846	0	3940	3940	0
March 21, 2008 1:03:00 PM UTC	1206126180000	100	0	no	48.1	203.8	23392	20809	13331	5903	0	37941	2841	2841	0	3938	3938	0
March 21, 2008 1:04:00 PM UTC	1206126240000	100	0	no	48.0	204.1	23392	20809	13331	5903	0	37941	2840	2840	0	3931	3931	0
March 21, 2008 1:05:00 PM UTC	1206126300000	100	0	no	47.9	204.5	23392	20809	13346	5795	0	38034	2885	2885	0	3939	3939	0
March 21, 2008 1:06:00 PM UTC	1206126360000	100	0	no	47.8	204.8	23392	20809	13339	5825	0	38011	2873	2873	0	3924	3924	0
March 21, 2008 1:07:00 PM UTC	1206126420000	99	1	no	47.8	205.2	23392	20809	13323	5884	0	37968	2846	2846	0	3913	3913	0
March 21, 2008 1:08:00 PM UTC	1206126480000	99	1	no	47.7	205.5	23392	20809	13323	5922	0	37930	2814	2814	0	3905	3905	0
March 21, 2008 1:09:00 PM UTC	1206126540000	99	1	no	47.6	205.9	23392	20809	13330	5856	0	37989	2854	2854	0	3897	3897	0
March 21, 2008 1:10:00 PM UTC	1206126600000	99	1	no	47.5	206.2	23392	20809	13330	5934	0	37911	2824	2824	0	3894	3894	0
March 21, 2008 1:11:00 PM UTC	1206126660000	100	0	no	47.4	206.6	23392	20809	13328	5933	0	37914	2837	2837	0	3884	3884	0
March 21, 2008 1:12:00 PM UTC	1206126720000	100	0	no	47.3	206.9	23392	20809	13335	5925	0	37915	2832	2832	0	3883	3883	0
March 21, 2008 1:13:00 PM UTC	1206126780000	100	0	no	47.2	207.3	23392	20809	13330	5886	0	37959	2844	2844	0	3874	3874	0
March 21, 2008 1:13:56 PM UTC	1206126836000	100	0	no	47.2	207.6	23392	20809	13330	5886	0	37959	2853	2853	0	3866	3866	0
March 21, 2008 1:15:00 PM UTC	1206126900000	100	0	no	47.1	208.0	23392	20809	13330	5886	0	37959	2850	2850	0	3857	3857	0
March 21, 2008 1:16:00 PM UTC	1206126960000	100	0	no	47.0	208.3	23392	20809	13330	5886	0	37959	2854	2854	0	3848	3848	0
March 21, 2008 1:17:00 PM UTC	1206127020000	100	0	no	46.9	208.7	23392	20809	13321	5928	0	37926	2825	2825	0	3836	3836	0
March 21, 2008 1:18:00 PM UTC	1206127080000	100	0	no	46.8	209.0	23392	20809	13342	5834	0	37999	2881	2881	0	3843	3843	0
March 21, 2008 1:19:00 PM UTC	1206127140000	100	0	no	46.7	209.3	23392	20809	13333	5892	0	37950	2842	2842	0	3822	3822	0
March 21, 2008 1:20:00 PM UTC	1206127200000	100	0	no	46.6	209.7	23392	20809	13336	5827	0	38012	2877	2877	0	3827	3827	0
March 21, 2008 1:21:00 PM UTC	1206127260000	100	0	no	46.5	210.0	23392	20809	13333	5875	0	37967	2858	2858	0	3815	3815	0
March 21, 2008 1:22:00 PM UTC	1206127320000	100	0	no	46.4	210.3	23392	20809	13337	5874	0	37964	2860	2860	0	3806	3806	0
March 21, 2008 1:23:00 PM UTC	1206127380000	100	0	no	46.3	210.7	23392	20809	13327	5913	0	37935	2844	2844	0	3796	3796	0
March 21, 2008 1:24:00 PM UTC	1206127440000	100	0	no	46.2	211.0	23392	20809	13327	5913	0	37935	2835	2835	0	3794	3794	0
March 21, 2008 1:25:00 PM UTC	1206127500000	100	0	no	46.1	211.3	23392	20809	13340	5856	0	37979	2868	2868	0	3789	3789	0
March 21, 2008 1:26:00 PM UTC	1206127560000	100	0	no	46.0	211.7	23392	20809	13319	5950	0	37906	2815	2815	0	3769	3769	0
March 21, 2008 1:27:00 PM UTC	1206127620000	100	0	no	45.9	212.0	23392	20809	13328	5881	0	37966	2848	2848	0	3769	3769	0
March 21, 2008 1:28:00 PM UTC	1206127680000	100	0	no	45.8	212.3	23392	20809	13333	5861	0	37981	2857	2857	0	3754	3754	0
March 21, 2008 1:29:00 PM UTC	1206127740000	100	0	no	45.7	212.7	23392	20809	13332	5862	0	37981	2868	2868	0	3750	3750	0
March 21, 2008 1:30:00 PM UTC	1206127800000	100	0	no	45.6	213.0	23392	20809	13318	5918	0	37939	2830	2830	0	3739	3739	0
March 21, 2008 1:31:00 PM UTC	1206127860000	100	0	no	45.5	213.3	23392	20809	13333	5862	0	37980	2870	2870	0	3729	3729	0
March 21, 2008 1:32:00 PM UTC	1206127920000	100	0	no	45.4	213.6	23392	20809	13333	5862	0	37980	2865	2865	0	3720	3720	0
March 21, 2008 1:33:00 PM UTC	1206127980000	100	0	yes	45.3	214.0	23392	20809	13332	5862	0	37981	2871	2871	0	3719	3719	0
March 21, 2008 1:34:00 PM UTC	1206128040000	100	0	no	45.2	214.3	23392	20809	13322	5932	0	37921	2822	2822	0	3697	3661	36
March 21, 2008 1:35:00 PM UTC	1206128100000	100	0	yes	45.1	214.6	23392	20809	13332	5835	0	38008	2872	2872	0	3706	3672	34
March 21, 2008 1:36:00 PM UTC	1206128160000	100	0	yes	45.0	214.9	23392	20809	13336	5820	0	38019	2884	2884	0	3680	3668	12
March 21, 2008 1:37:00 PM UTC	1206128220000	99	1	no	44.9	215.2	23392	20809	13336	5820	0	38019	2880	2880	0	3687	3611	76
March 21, 2008 1:38:00 PM UTC	1206128280000	97	3	no	44.8	215.5	23392	20809	13323	5874	0	37978	2855	2855	0	3664	3453	211
March 21, 2008 1:39:00 PM UTC	1206128340000	94	6	yes	44.6	215.9	23392	20809	13336	5820	0	38019	2887	2866	21	3663	3398	265
March 21, 2008 1:40:00 PM UTC	1206128400000	91	9	yes	44.5	216.2	23392	20809	13336	5819	0	38020	2883	2789	94	3661	3299	362
March 21, 2008 1:41:00 PM UTC	1206128460000	81	16	no	44.4	216.5	23392	20809	13327	5859	0	37989	2859	2627	232	3642	2944	698
March 21, 2008 1:42:00 PM UTC	1206128520000	77	22	yes	44.3	216.8	23392	20809	13326	5839	0	38010	2865	2817	48	3638	3086	552
March 21, 2008 1:43:00 PM UTC	1206128580000	66	22	no	44.2	217.1	23392	20809	13326	5837	0	38012	2865	2446	377	3625	2785	798
March 21, 2008 1:44:00 PM UTC	1206128640000	67	26	yes	44.1	217.4	23392	20809	13338	5784	0	38053	2894	2432	444	3617	3159	458
March 21, 2008 1:45:00 PM UTC	1206128700000	62	29	yes	44.0	217.7	23392	20809	13324	5840	0	38011	2862	2638	224	3611	3196	415
March 21, 2008 1:46:00 PM UTC	1206128760000	57	32	yes	43.8	218.0	23392	20809	13338	5784	0	38053	2902	2564	338	3595	2847	748
March 21, 2008 1:47:00 PM UTC	1206128820000	56	35	yes	43.7	218.3	23392	20809	13329	5827	0	38019	2870	2453	397	3590	2651	939
March 21, 2008 1:48:00 PM UTC	1206128880000	53	38	yes	43.6	218.6	23392	20809	13324	5836	0	38015	2878	2469	349	3570	2727	843
March 21, 2008 1:49:00 PM UTC	1206128940000	48	35	yes	43.5	218.9	23392	20809	13328	5829	0	38018	2875	2583	292	3566	2718	811
March 21, 2008 1:50:00 PM UTC	1206129000000	50	34	yes	43.4	219.2	23392	20809	13338	5768	0	38069	2903	2417	441	3559	2577	982
March 21, 2008 1:51:00 PM UTC	1206129060000	45	29	no	43.2	219.5	23392	20809	13328	5813	0	38034	2878	2231	378	3546	2154	1153
March 21, 2008 1:52:00 PM UTC	1206129120000	44	28	no	43.1	219.8	23392	20809	13319	5858	0	37998	2859	1932	568	3532	1887	1297
March 21, 2008 1:53:00 PM UTC	1206129180000	49	32	yes	43.0	220.1	23392	20809	13340	5761	0	38074	2910	2174	504	3531	2167	1338
March 21, 2008 1:54:00 PM UTC	1206129240000	39	31	no	42.9	220.4	23392	20809	13317	5858	0	38000	2858	1943	792	3512	1814	1641
March 21, 2008 1:55:00 PM UTC	1206129300000	37	30	no	42.7	220.7	23392	20809	13340	5761	0	38074	2913	2011	731	3512	1422	1928
March 21, 2008 1:56:00 PM UTC	1206129360000	36	26	no	42.6	221.0	23392	20809	13328	5871	0	37976	2864	2023	670	3494	1052	1980
March 21, 2008 1:57:00 PM UTC	1206129420000	39	37	yes	42.5	221.3	23392	20809	13328	5871	0	37976	2866	2075	786	3486	653	2804
March 21, 2008 1:58:00 PM UTC	1206129480000	37	38	yes	42.4	221.6	23392	20809	13328	5867	0	37980	2864	1602	1242	3472	472	2947
March 21, 2008 1:59:00 PM UTC	1206129540000	31	41	yes	42.2	221.9	23392	20809	13339	5814	0	38022	2900	1354	1415	3466	426	2934
March 21, 2008 2:00:00 PM UTC	1206129600000	24	38	yes	42.1	222.2	23392	20809	13328	5867	0	37980	2865	1763	984	3451	747	2600
March 21, 2008 2:01:00 PM UTC	1206129660000	20	34	yes	42.0	222.5	23392	20809	13328	5865	0	37982	2871	1942	865	3440	1048	2368
March 21, 2008 2:02:00 PM UTC	1206129720000	17	35	yes	41.9	222.8	23392	20809	13329	5866	0	37980	2872	2062	768	3426	1248	2177
March 21, 2008 2:03:00 PM UTC	1206129780000	15	37	yes	41.7	223.1	23392	20809	13328	5926	0	37921	2845	2074	718	3417	1282	2134
March 21, 2008 2:04:00 PM UTC	1206129840000	14	39	yes	41.6	223.3	23392	20809	13329	5928	0	37918	2854	2258	566	3400	1328	2072
March 21, 2008 2:05:00 PM UTC	1206129900000	14	38	yes	41.5	223.6	23392	20809	13328	5928	0	37919	2855	2416	431	3397	1432	1959
March 21, 2008 2:06:00 PM UTC	1206129960000	15	37	yes	41.3	223.9	23392	20809	13328	5878	0	37969	2875	2430	431	3383	1560	1823
March 21, 2008 2:07:00 PM UTC	1206130020000	16	38	yes	41.2	224.2	23392	20809	13328	5923	0	37924	2856	2415	440	3378	1353	2023
March 21, 2008 2:08:00 PM UTC	1206130080000	16	40	yes	41.1	224.5	23392	20809	13329	5922	0	37924	2854	2647	207	3364	1091	2272
March 21, 2008 2:09:00 PM UTC	1206130140000	15	43	yes	40.9	224.8	23392	20809	13341	5799	0	38035	2895	2574	321	3351	984	2367
March 21, 2008 2:10:00 PM UTC	1206130200000	15	45	yes	40.8	225.0	23392	20809	13329	5846	0	38000	2874	2549	325	3336	830	2495
March 21, 2008 2:11:00 PM UTC	1206130260000	18	47	yes	40.7	225.3	23392	20809	13328	5848	0	37999	2868	2714	154	3327	918	2409
March 21, 2008 2:12:00 PM UTC	1206130320000	21	45	yes	40.5	225.6	23392	20809	13318	5898	0	37959	2851	2696	155	3307	852	2439
March 21, 2008 2:13:00 PM UTC	1206130380000	19	50	yes	40.4	225.9	23392	20809	13329	5848	0	37998	2877	2491	386	3297	802	2480
March 21, 2008 2:14:00 PM UTC	1206130440000	18	54	yes	40.3	226.1	23392	20809	13341	5768	0	38066	2926	2377	545	3289	794	2492
March 21, 2008 2:15:00 PM UTC	1206130500000	14	53	yes	40.1	226.4	23392	20809	13328	5858	0	37989	2882	2197	683	3272	754	2495
March 21, 2008 2:16:00 PM UTC	1206130560000	13	48	yes	40.0	226.7	23392	20809	13337	5822	0	38016	2903	2347	545	3266	847	2404
March 21, 2008 2:17:00 PM UTC	1206130620000	12	39	yes	39.8	227.0	23392	20809	13329	5863	0	37983	2883	2354	527	3250	861	2355
March 21, 2008 2:18:00 PM UTC	1206130680000	12	35	yes	39.7	227.2	23392	20809	13327	5868	0	37980	2873	2485	387	3245	942	2284
March 21, 2008 2:19:00 PM UTC	1206130740000	12	29	yes	39.6	227.5	23392	20809	13328	5863	0	37984	2876	2573	301	3238	1116	2033
March 21, 2008 2:20:00 PM UTC	1206130800000	11	26	yes	39.4	227.8	23392	20809	13327	5869	0	37979	2873	2674	199	3218	1156	2012
March 21, 2008 2:21:00 PM UTC	1206130860000	11	26	yes	39.3	228.0	23392	20809	13327	5870	0	37978	2879	2620	259	3203	1053	2098
March 21, 2008 2:22:00 PM UTC	1206130920000	11	21	yes	39.1	228.3	23392	20809	13327	5870	0	37978	2873	2581	290	3191	1140	1961
March 21, 2008 2:23:00 PM UTC	1206130980000	11	21	yes	39.0	228.6	23392	20809	13328	5832	0	38015	2900	2739	161	3179	1167	1955
March 21, 2008 2:24:00 PM UTC	1206131040000	11	16	yes	38.8	228.8	23392	20809	13328	5833	0	38014	2890	2726	164	3171	1128	1932
March 21, 2008 2:25:00 PM UTC	1206131100000	10	16	yes	38.7	229.1	23392	20809	13325	5892	0	37958	2877	2653	224	3153	1058	1873
March 21, 2008 2:26:00 PM UTC	1206131160000	12	19	yes	38.6	229.3	23392	20809	13335	5848	0	37992	2896	2779	117	3146	1467	1606
March 21, 2008 2:27:00 PM UTC	1206131220000	11	13	yes	38.4	229.6	23392	20809	13314	5936	0	37925	2844	2681	163	3135	1304	1735
March 21, 2008 2:28:00 PM UTC	1206131280000	13	14	yes	38.3	229.9	23392	20809	13335	5840	0	38000	2908	2814	94	3118	1580	1459
March 21, 2008 2:29:00 PM UTC	1206131340000	13	14	yes	38.1	230.1	23392	20809	13324	5894	0	37957	2872	2785	87	3108	1660	1411
March 21, 2008 2:30:00 PM UTC	1206131400000	13	15	yes	38.0	230.4	23392	20809	13336	5838	0	38001	2899	2793	106	3103	1634	1394
March 21, 2008 2:31:00 PM UTC	1206131460000	13	16	yes	37.8	230.6	23392	20809	13324	5893	0	37958	2863	2763	100	3086	1693	1366
March 21, 2008 2:32:00 PM UTC	1206131520000	14	19	yes	37.7	230.9	23392	20809	13326	5860	0	37989	2881	2822	59	3078	1721	1353
March 21, 2008 2:33:00 PM UTC	1206131580000	15	19	yes	37.5	231.1	23392	20809	13326	5860	0	37989	2879	2871	8	3067	1833	1234
March 21, 2008 2:34:00 PM UTC	1206131640000	15	22	yes	37.4	231.4	23392	20809	13332	5875	0	37968	2883	2882	1	3052	1762	1290
March 21, 2008 2:35:00 PM UTC	1206131700000	14	26	yes	37.2	231.6	23392	20809	13322	5913	0	37940	2850	2850	0	3043	1774	1269
March 21, 2008 2:36:00 PM UTC	1206131760000	14	28	yes	37.1	231.9	23392	20809	13334	5802	0	38039	2898	2898	0	3036	1603	1433
March 21, 2008 2:37:00 PM UTC	1206131820000	15	29	yes	36.9	232.1	23392	20809	13334	5802	0	38039	2897	2897	0	3021	1552	1469
March 21, 2008 2:38:00 PM UTC	1206131880000	16	36	yes	36.8	232.4	23392	20809	13321	5857	0	37997	2857	2857	0	3024	1794	1230
March 21, 2008 2:39:00 PM UTC	1206131940000	17	37	yes	36.6	232.6	23392	20809	13334	5802	0	38039	2890	2890	0	3005	1783	1222
March 21, 2008 2:40:00 PM UTC	1206132000000	17	40	yes	36.5	232.9	23392	20809	13330	5823	0	38022	2868	2868	0	3000	1760	1240
March 21, 2008 2:41:00 PM UTC	1206132060000	16	39	yes	36.3	233.1	23392	20809	13335	5772	0	38068	2889	2779	110	2997	1640	1357
March 21, 2008 2:42:00 PM UTC	1206132120000	17	41	yes	36.2	233.4	23392	20809	13323	5827	0	38025	2859	2765	94	2981	1571	1410
March 21, 2008 2:43:00 PM UTC	1206132180000	18	42	yes	36.0	233.6	23392	20809	13332	5787	0	38056	2879	2842	37	2976	1675	1301
March 21, 2008 2:44:00 PM UTC	1206132240000	20	39	yes	35.9	233.9	23392	20809	13321	5881	0	37973	2831	2820	11	2965	1602	1363
March 21, 2008 2:45:00 PM UTC	1206132300000	20	35	yes	35.7	234.1	23392	20809	13331	5841	0	38003	2849	2844	5	2951	1461	1490
March 21, 2008 2:46:00 PM UTC	1206132360000	20	31	yes	35.5	234.3	23392	20809	13331	5841	0	38003	2833	2760	73	2963	1254	1709
March 21, 2008 2:47:00 PM UTC	1206132420000	21	28	yes	35.4	234.6	23392	20809	13327	5859	0	37989	2821	2810	11	2943	1042	1900
March 21, 2008 2:48:00 PM UTC	1206132480000	24	25	yes	35.2	234.8	23392	20809	13331	5841	0	38003	2830	2830	0	2946	939	2005
March 21, 2008 2:49:00 PM UTC	1206132540000	23	31	yes	35.1	235.1	23392	20809	13316	5897	0	37962	2788	2788	0	2923	1041	1882
March 21, 2008 2:50:00 PM UTC	1206132600000	25	31	yes	34.9	235.3	23392	20809	13336	5800	0	38039	2832	2832	0	2928	1133	1795
March 21, 2008 2:51:00 PM UTC	1206132660000	24	34	yes	34.8	235.5	23392	20809	13317	5873	0	37985	2787	2787	0	2918	1114	1803
March 21, 2008 2:52:00 PM UTC	1206132720000	27	34	no	34.6	235.8	23392	20809	13341	5775	0	38059	2842	2842	0	2911	1264	1642
March 21, 2008 2:53:00 PM UTC	1206132780000	31	37	yes	34.5	236.0	23392	20809	13328	5831	0	38016	2801	2801	0	2905	1655	1250
March 21, 2008 2:54:00 PM UTC	1206132840000	33	37	yes	34.3	236.2	23392	20809	13339	5835	0	38001	2803	2803	0	2899	2114	785
March 21, 2008 2:55:00 PM UTC	1206132900000	36	40	yes	34.1	236.5	23392	20809	13326	5894	0	37955	2763	2763	0	2894	2455	439
March 21, 2008 2:56:00 PM UTC	1206132960000	35	39	yes	34.0	236.7	23392	20809	13326	5894	0	37955	2759	2723	36	2890	2521	369
March 21, 2008 2:57:00 PM UTC	1206133020000	36	36	yes	33.8	236.9	23392	20809	13334	5856	0	37985	2771	2771	0	2888	2386	502
March 21, 2008 2:58:00 PM UTC	1206133080000	40	31	yes	33.7	237.2	23392	20809	13326	5893	0	37956	2742	2742	0	2882	2147	735
March 21, 2008 2:59:00 PM UTC	1206133140000	38	29	yes	33.5	237.4	23392	20809	13326	5893	0	37956	2736	2586	150	2876	2074	802
March 21, 2008 3:00:00 PM UTC	1206133200000	40	31	yes	33.3	237.6	23392	20809	13322	5917	0	37936	2717	2629	88	2866	2054	812
March 21, 2008 3:01:00 PM UTC	1206133260000	41	28	yes	33.2	237.9	23392	20809	13336	5832	0	38007	2762	2688	74	2860	2213	647
March 21, 2008 3:02:00 PM UTC	1206133320000	42	23	yes	33.0	238.1	23392	20809	13321	5891	0	37963	2713	2708	5	2854	2300	554
March 21, 2008 3:03:00 PM UTC	1206133380000	43	22	yes	32.8	238.3	23392	20809	13336	5831	0	38008	2739	2739	0	2855	2435	420
March 21, 2008 3:04:00 PM UTC	1206133440000	43	19	yes	32.7	238.5	23392	20809	13323	5890	0	37962	2689	2669	20	2852	2409	443
March 21, 2008 3:05:00 PM UTC	1206133500000	43	18	yes	32.5	238.8	23392	20809	13342	5857	0	37976	2722	2721	1	2844	2355	489
March 21, 2008 3:06:00 PM UTC	1206133560000	41	20	yes	32.4	239.0	23392	20809	13321	5952	0	37902	2659	2659	0	2840	2206	634
March 21, 2008 3:07:00 PM UTC	1206133620000	39	21	yes	32.2	239.2	23392	20809	13321	5952	0	37902	2654	2654	0	2835	1855	980
March 21, 2008 3:08:00 PM UTC	1206133680000	37	22	yes	32.0	239.4	23392	20809	13329	5859	0	37987	2671	2669	2	2832	1784	1048
March 21, 2008 3:09:00 PM UTC	1206133740000	35	23	yes	31.9	239.7	23392	20809	13329	5859	0	37987	2666	2602	64	2826	1862	958
March 21, 2008 3:10:00 PM UTC	1206133800000	35	22	yes	31.7	239.9	23392	20809	13329	5858	0	37988	2662	2570	92	2819	1898	921
March 21, 2008 3:11:00 PM UTC	1206133860000	31	25	yes	31.5	240.1	23392	20809	13329	5858	0	37988	2642	2588	54	2819	1957	862
March 21, 2008 3:12:00 PM UTC	1206133920000	28	24	yes	31.4	240.3	23392	20809	13330	5841	0	38004	2647	2628	19	2820	2054	739
March 21, 2008 3:13:00 PM UTC	1206133980000	25	27	yes	31.2	240.5	23392	20809	13337	5807	0	38031	2651	2642	9	2815	2015	800
March 21, 2008 3:14:00 PM UTC	1206134040000	22	28	yes	31.0	240.8	23392	20809	13337	5807	0	38031	2649	2647	2	2807	1762	1045
March 21, 2008 3:15:00 PM UTC	1206134100000	21	29	yes	30.9	241.0	23392	20809	13329	5840	0	38006	2618	2615	3	2805	1774	1031
March 21, 2008 3:16:00 PM UTC	1206134160000	19	28	yes	30.7	241.2	23392	20809	13323	5868	0	37984	2594	2592	2	2807	1858	949
March 21, 2008 3:17:00 PM UTC	1206134220000	19	29	yes	30.5	241.4	23392	20809	13335	5871	0	37969	2603	2602	1	2798	1848	933
March 21, 2008 3:18:00 PM UTC	1206134280000	18	28	yes	30.4	241.6	23392	20809	13322	5933	0	37920	2555	2555	0	2799	1780	1019
March 21, 2008 3:19:00 PM UTC	1206134340000	19	32	yes	30.2	241.8	23392	20809	13338	5871	0	37966	2577	2576	1	2796	1878	918
March 21, 2008 3:20:00 PM UTC	1206134400000	20	35	yes	30.0	242.0	23392	20809	13322	5933	0	37920	2526	2526	0	2800	1884	916
March 21, 2008 3:21:00 PM UTC	1206134460000	20	41	yes	29.9	242.3	23392	20809	13338	5872	0	37965	2560	2559	1	2798	2093	705
March 21, 2008 3:22:00 PM UTC	1206134520000	21	46	yes	29.7	242.5	23392	20809	13322	5933	0	37920	2510	2509	1	2784	2151	633
March 21, 2008 3:23:00 PM UTC	1206134580000	26	39	yes	29.5	242.7	23392	20809	13338	5850	0	37987	2550	2550	0	2786	1943	843
March 21, 2008 3:24:00 PM UTC	1206134640000	42	39	yes	29.3	242.9	23392	20809	13322	5912	0	37941	2504	2504	0	2785	1946	839
March 21, 2008 3:25:00 PM UTC	1206134700000	58	33	yes	29.2	243.1	23392	20809	13322	5912	0	37941	2492	2492	0	2782	1970	812
March 21, 2008 3:26:00 PM UTC	1206134760000	65	29	yes	29.0	243.3	23392	20809	13330	5881	0	37964	2497	2497	0	2781	1950	831
March 21, 2008 3:27:00 PM UTC	1206134820000	66	30	yes	28.8	243.5	23392	20809	13330	5881	0	37964	2476	2428	48	2787	1766	1021
March 21, 2008 3:28:00 PM UTC	1206134880000	61	32	yes	28.7	243.7	23392	20809	13330	5881	0	37964	2472	2471	1	2781	1866	915
March 21, 2008 3:29:00 PM UTC	1206134940000	62	31	yes	28.5	243.9	23392	20809	13335	5906	0	37934	2458	2431	27	2780	1905	875
March 21, 2008 3:30:00 PM UTC	1206135000000	57	35	yes	28.3	244.1	23392	20809	13326	5944	0	37905	2433	2392	41	2780	1878	902
March 21, 2008 3:31:00 PM UTC	1206135060000	55	35	yes	28.1	244.3	23392	20809	13326	5944	0	37905	2416	2364	52	2780	1958	822
March 21, 2008 3:32:00 PM UTC	1206135120000	47	38	yes	28.0	244.5	23392	20809	13314	6003	0	37858	2375	2324	51	2780	1971	807
March 21, 2008 3:33:00 PM UTC	1206135180000	40	40	yes	27.8	244.8	23392	20809	13338	5843	0	37994	2426	2417	9	2778	1821	957
March 21, 2008 3:34:00 PM UTC	1206135240000	34	36	yes	27.6	245.0	23392	20809	13322	5906	0	37947	2381	2381	0	2780	2032	748
March 21, 2008 3:35:00 PM UTC	1206135300000	33	33	yes	27.5	245.2	23392	20809	13338	5827	0	38010	2408	2408	0	2779	2118	661
March 21, 2008 3:36:00 PM UTC	1206135360000	30	34	yes	27.3	245.4	23392	20809	13324	5891	0	37960	2366	2366	0	2778	1766	1012
March 21, 2008 3:37:00 PM UTC	1206135420000	28	31	yes	27.1	245.6	23392	20809	13337	5827	0	38011	2386	2386	0	2777	1890	887
March 21, 2008 3:38:00 PM UTC	1206135480000	24	30	yes	26.9	245.8	23392	20809	13324	5890	0	37961	2337	2337	0	2779	1962	817
March 21, 2008 3:39:00 PM UTC	1206135540000	22	28	yes	26.8	246.0	23392	20809	13338	5825	0	38012	2358	2358	0	2782	1960	822
March 21, 2008 3:40:00 PM UTC	1206135600000	20	28	yes	26.6	246.2	23392	20809	13329	5819	0	38027	2334	2334	0	2781	2094	687
March 21, 2008 3:41:00 PM UTC	1206135660000	19	26	yes	26.4	246.4	23392	20809	13329	5819	0	38027	2319	2319	0	2782	2161	621
March 21, 2008 3:42:00 PM UTC	1206135720000	20	24	yes	26.2	246.6	23392	20809	13321	5913	0	37941	2283	2283	0	2783	2388	395
March 21, 2008 3:43:00 PM UTC	1206135780000	20	22	yes	26.1	246.8	23392	20809	13328	5882	0	37965	2282	2282	0	2782	2447	335
March 21, 2008 3:44:00 PM UTC	1206135840000	22	20	yes	25.9	247.0	23392	20809	13328	5882	0	37965	2271	2271	0	2780	2397	383
March 21, 2008 3:45:00 PM UTC	1206135900000	21	24	yes	25.7	247.2	23392	20809	13328	5882	0	37965	2249	2249	0	2789	2401	388
March 21, 2008 3:46:00 PM UTC	1206135960000	18	25	yes	25.5	247.4	23392	20809	13328	5880	0	37967	2238	2238	0	2788	2038	750
March 21, 2008 3:47:00 PM UTC	1206136020000	16	24	yes	25.4	247.6	23392	20809	13335	5844	0	37996	2248	2248	0	2788	1924	864
March 21, 2008 3:48:00 PM UTC	1206136080000	15	22	yes	25.2	247.7	23392	20809	13335	5844	0	37996	2233	2233	0	2791	1932	859
March 21, 2008 3:49:00 PM UTC	1206136140000	15	20	yes	25.0	247.9	23392	20809	13330	5871	0	37974	2210	2210	0	2791	1990	801
March 21, 2008 3:50:00 PM UTC	1206136200000	15	19	yes	24.8	248.1	23392	20809	13330	5871	0	37974	2194	2194	0	2791	2016	775
March 21, 2008 3:51:00 PM UTC	1206136260000	15	19	yes	24.6	248.3	23392	20809	13335	5844	0	37996	2197	2197	0	2795	2188	607
March 21, 2008 3:52:00 PM UTC	1206136320000	15	17	yes	24.5	248.5	23392	20809	13335	5844	0	37996	2176	2176	0	2798	2217	581
March 21, 2008 3:53:00 PM UTC	1206136380000	18	15	yes	24.3	248.7	23392	20809	13335	5844	0	37996	2169	2169	0	2800	2213	587
March 21, 2008 3:54:00 PM UTC	1206136440000	15	20	yes	24.1	248.9	23392	20809	13335	5844	0	37996	2155	2155	0	2802	2094	708
March 21, 2008 3:55:00 PM UTC	1206136500000	14	18	yes	23.9	249.1	23392	20809	13320	5909	0	37946	2105	2105	0	2807	2038	769
March 21, 2008 3:56:00 PM UTC	1206136560000	15	19	yes	23.8	249.3	23392	20809	13339	5888	0	37948	2122	2122	0	2808	2052	756
March 21, 2008 3:57:00 PM UTC	1206136620000	15	18	yes	23.6	249.5	23392	20809	13319	5978	0	37878	2065	2065	0	2811	2136	675
March 21, 2008 3:58:00 PM UTC	1206136680000	15	18	yes	23.4	249.7	23392	20809	13333	5914	2	37926	2082	2080	0	2815	2174	641
March 21, 2008 3:59:00 PM UTC	1206136740000	15	18	yes	23.2	249.9	23392	20809	13319	5978	3	37875	2038	2035	0	2816	2133	683
March 21, 2008 4:00:00 PM UTC	1206136800000	15	18	yes	23.0	250.1	23392	20809	13338	5879	8	37950	2072	2064	0	2820	2199	621
March 21, 2008 4:01:00 PM UTC	1206136860000	15	19	yes	22.9	250.2	23392	20809	13325	5945	8	37897	2031	2023	0	2821	2158	663
March 21, 2008 4:02:00 PM UTC	1206136920000	15	19	yes	22.7	250.4	23392	20809	13325	5945	10	37895	2008	1998	0	2832	2100	732
March 21, 2008 4:03:00 PM UTC	1206136980000	16	18	yes	22.5	250.6	23392	20809	13325	5945	12	37893	2006	1994	0	2829	2294	535
March 21, 2008 4:04:00 PM UTC	1206137040000	17	21	yes	22.3	250.8	23392	20809	13331	5923	18	37903	1995	1977	0	2835	2407	428
March 21, 2008 4:05:00 PM UTC	1206137100000	18	19	yes	22.1	251.0	23392	20809	13343	5852	27	37953	2014	1987	0	2840	2438	402
March 21, 2008 4:06:00 PM UTC	1206137160000	20	20	yes	22.0	251.2	23392	20809	13326	5942	26	37881	1958	1932	0	2844	2246	598
March 21, 2008 4:07:00 PM UTC	1206137220000	20	23	yes	21.8	251.4	23392	20809	13343	5876	36	37920	1967	1931	0	2849	2336	513
March 21, 2008 4:08:00 PM UTC	1206137280000	19	22	yes	21.6	251.5	23392	20809	13328	5826	38	37983	1949	1911	0	2851	2247	604
March 21, 2008 4:09:00 PM UTC	1206137340000	19	20	yes	21.4	251.7	23392	20809	13333	5805	42	37995	1934	1892	0	2859	2267	592
March 21, 2008 4:10:00 PM UTC	1206137400000	18	21	yes	21.2	251.9	23392	20809	13333	5804	49	37989	1929	1880	0	2860	2142	718
March 21, 2008 4:11:00 PM UTC	1206137460000	18	19	yes	21.0	252.1	23392	20809	13330	5872	50	37923	1899	1849	0	2866	2179	687
March 21, 2008 4:12:00 PM UTC	1206137520000	19	18	yes	20.9	252.3	23392	20809	13330	5871	54	37920	1877	1823	0	2876	2210	666
March 21, 2008 4:13:00 PM UTC	1206137580000	17	13	yes	20.7	252.5	23392	20809	13330	5871	59	37915	1872	1813	0	2873	2287	586
March 21, 2008 4:14:00 PM UTC	1206137640000	18	11	no	20.5	252.6	23392	20809	13335	5850	64	37926	1858	1794	0	2883	2464	417
March 21, 2008 4:15:00 PM UTC	1206137700000	18	14	yes	20.3	252.8	23392	20809	13335	5850	67	37923	1846	1779	0	2890	2416	474
March 21, 2008 4:16:00 PM UTC	1206137760000	22	15	yes	20.1	253.0	23392	20809	13335	5850	71	37919	1834	1763	0	2891	2550	337
March 21, 2008 4:17:00 PM UTC	1206137820000	22	16	yes	20.0	253.2	23392	20809	13331	5870	71	37903	1811	1740	0	2900	2515	385
March 21, 2008 4:18:00 PM UTC	1206137880000	24	19	yes	19.8	253.4	23392	20809	13331	5870	74	37900	1799	1725	0	2906	2444	462
March 21, 2008 4:19:00 PM UTC	1206137940000	28	24	yes	19.6	253.6	23392	20809	13336	5849	80	37910	1787	1707	0	2909	2215	694
March 21, 2008 4:20:00 PM UTC	1206138000000	32	27	yes	19.4	253.7	23392	20809	13336	5849	81	37909	1773	1692	0	2920	2312	608
March 21, 2008 4:21:00 PM UTC	1206138060000	42	22	yes	19.2	253.9	23392	20809	13322	5915	79	37859	1727	1648	0	2929	2378	551
March 21, 2008 4:22:00 PM UTC	1206138120000	50	23	yes	19.0	254.1	23392	20809	13337	5848	88	37902	1744	1656	0	2930	2087	843
March 21, 2008 4:23:00 PM UTC	1206138180000	49	21	no	18.9	254.3	23392	20809	13321	5914	80	37860	1707	1627	0	2938	1894	1044
March 21, 2008 4:24:00 PM UTC	1206138240000	52	20	no	18.7	254.5	23392	20809	13336	5847	87	37905	1707	1620	0	2952	1631	1321
March 21, 2008 4:25:00 PM UTC	1206138300000	46	26	no	18.5	254.6	23392	20809	13326	5896	88	37865	1682	1594	0	2953	1653	1282
March 21, 2008 4:26:00 PM UTC	1206138360000	40	23	no	18.3	254.8	23392	20809	13338	5904	93	37840	1673	1579	0	2962	2067	876
March 21, 2008 4:27:00 PM UTC	1206138420000	38	17	no	18.1	255.0	23392	20809	13338	5904	88	37845	1660	1568	0	2970	2298	660
March 21, 2008 4:28:00 PM UTC	1206138480000	39	17	yes	17.9	255.2	23392	20809	13322	5971	98	37784	1624	1526	0	2978	2525	453
March 21, 2008 4:29:00 PM UTC	1206138540000	37	16	no	17.7	255.3	23392	20809	13336	5899	97	37843	1632	1533	2	2985	2696	289
March 21, 2008 4:30:00 PM UTC	1206138600000	36	25	yes	17.6	255.5	23392	20809	13322	5968	101	37784	1595	1494	0	2995	2551	444
March 21, 2008 4:31:00 PM UTC	1206138660000	41	25	yes	17.4	255.7	23392	20809	13338	5900	108	37829	1603	1495	0	3001	2607	394
March 21, 2008 4:32:00 PM UTC	1206138720000	41	23	yes	17.2	255.9	23392	20809	13322	5968	102	37783	1565	1463	0	3010	2614	396
March 21, 2008 4:33:00 PM UTC	1206138780000	37	23	yes	17.0	256.0	23392	20809	13323	5932	105	37815	1552	1447	0	3017	2487	530
March 21, 2008 4:34:00 PM UTC	1206138840000	31	26	yes	16.8	256.2	23392	20809	13324	5931	107	37813	1538	1431	0	3026	2397	629
March 21, 2008 4:35:00 PM UTC	1206138900000	28	21	yes	16.6	256.4	23392	20809	13324	5931	110	37810	1526	1416	0	3035	2580	455
March 21, 2008 4:36:00 PM UTC	1206138960000	28	23	yes	16.4	256.6	23392	20809	13338	5863	117	37857	1531	1414	0	3046	2577	469
March 21, 2008 4:37:00 PM UTC	1206139020000	21	27	yes	16.3	256.7	23392	20809	13328	5914	112	37821	1499	1387	0	3053	2504	549
March 21, 2008 4:38:00 PM UTC	1206139080000	20	23	yes	16.1	256.9	23392	20809	13345	5769	125	37936	1515	1390	0	3066	2643	423
March 21, 2008 4:39:00 PM UTC	1206139140000	19	21	yes	15.9	257.1	23392	20809	13331	5830	120	37894	1476	1356	0	3074	2750	324
March 21, 2008 4:40:00 PM UTC	1206139200000	19	19	yes	15.7	257.3	23392	20809	13331	5830	122	37892	1465	1343	0	3084	2820	264
March 21, 2008 4:41:00 PM UTC	1206139260000	19	17	yes	15.5	257.4	23392	20809	13330	5837	124	37884	1442	1318	0	3097	2786	311
March 21, 2008 4:42:00 PM UTC	1206139320000	18	15	yes	15.3	257.6	23392	20809	13330	5837	121	37887	1428	1307	0	3105	2837	268
March 21, 2008 4:43:00 PM UTC	1206139380000	18	12	no	15.1	257.8	23392	20809	13347	5831	128	37869	1430	1302	0	3120	2949	168
March 21, 2008 4:44:00 PM UTC	1206139440000	17	12	no	15.0	258.0	23392	20809	13331	5902	116	37826	1392	1273	0	3126	2865	253
March 21, 2008 4:45:00 PM UTC	1206139500000	17	13	yes	14.8	258.1	23392	20809	13331	5902	115	37827	1380	1265	0	3139	2702	437
March 21, 2008 4:46:00 PM UTC	1206139560000	18	11	no	14.6	258.3	23392	20809	13330	5901	122	37822	1364	1198	1	3153	2586	415
March 21, 2008 4:47:00 PM UTC	1206139620000	21	8	no	14.4	258.5	23392	20809	13330	5901	127	37817	1346	1198	0	3160	2607	251
March 21, 2008 4:48:00 PM UTC	1206139680000	25	9	no	14.2	258.6	23392	20809	13330	5901	122	37822	1331	1145	1	3177	2830	91
March 21, 2008 4:49:00 PM UTC	1206139740000	29	13	no	14.0	258.8	23392	20809	13330	5901	121	37823	1316	1103	24	3185	3125	60
March 21, 2008 4:50:00 PM UTC	1206139800000	31	17	no	13.8	259.0	23392	20809	13333	5888	122	37832	1305	1131	19	3196	2903	293
March 21, 2008 4:51:00 PM UTC	1206139860000	37	16	no	13.6	259.1	23392	20809	13333	5887	126	37829	1293	1096	0	3207	2755	356
March 21, 2008 4:52:00 PM UTC	1206139920000	45	13	no	13.5	259.3	23392	20809	13330	5900	114	37831	1271	910	0	3218	3151	49
March 21, 2008 4:53:00 PM UTC	1206139980000	54	16	no	13.3	259.5	23392	20809	13330	5899	68	37878	1255	826	0	3235	3153	79
March 21, 2008 4:54:00 PM UTC	1206140040000	60	17	no	13.1	259.7	23392	20809	13330	5899	11	37935	1242	1026	0	3248	3198	44
March 21, 2008 4:55:00 PM UTC	1206140100000	64	18	no	12.9	259.8	23392	20809	13330	5897	19	37929	1224	1069	0	3261	3257	4
March 21, 2008 4:56:00 PM UTC	1206140160000	67	18	no	12.7	260.0	23392	20809	13330	5897	54	37894	1211	957	0	3273	3267	6
March 21, 2008 4:57:00 PM UTC	1206140220000	67	21	no	12.5	260.2	23392	20809	13330	5867	62	37916	1193	1039	0	3293	3172	74
March 21, 2008 4:58:00 PM UTC	1206140280000	63	27	no	12.3	260.3	23392	20809	13333	5853	49	37940	1181	1029	0	3308	2902	232
March 21, 2008 4:59:00 PM UTC	1206140340000	65	23	no	12.1	260.5	23392	20809	13333	5853	62	37927	1170	875	0	3317	3263	48
March 21, 2008 5:00:00 PM UTC	1206140400000	70	20	no	11.9	260.7	23392	20809	13334	5858	38	37945	1153	777	0	3336	3310	0
March 21, 2008 5:01:00 PM UTC	1206140460000	75	19	no	11.8	260.8	23392	20809	13332	5935	12	37896	1134	871	0	3354	3328	4
March 21, 2008 5:02:00 PM UTC	1206140520000	75	20	no	11.6	261.0	23392	20809	13315	6006	28	37826	1096	957	0	3360	3318	23
March 21, 2008 5:03:00 PM UTC	1206140580000	75	19	no	11.4	261.2	23392	20809	13331	5936	38	37870	1098	912	0	3392	3355	34
March 21, 2008 5:04:00 PM UTC	1206140640000	72	23	no	11.2	261.3	23392	20809	13331	5936	58	37850	1088	876	0	3395	3345	0
March 21, 2008 5:05:00 PM UTC	1206140700000	70	24	no	11.0	261.5	23392	20809	13333	5859	66	37917	1076	894	0	3412	3402	0
March 21, 2008 5:06:00 PM UTC	1206140760000	70	25	no	10.8	261.7	23392	20809	13336	5849	55	37935	1065	702	0	3429	3371	10
March 21, 2008 5:07:00 PM UTC	1206140820000	72	22	no	10.6	261.8	23392	20809	13320	5922	91	37842	1030	430	0	3437	3290	0
March 21, 2008 5:08:00 PM UTC	1206140880000	69	25	no	10.4	262.0	23392	20809	13336	5848	99	37892	1032	326	0	3464	3279	3
March 21, 2008 5:09:00 PM UTC	1206140940000	73	22	no	10.2	262.2	23392	20809	13322	5913	99	37841	1003	435	0	3466	3308	1
March 21, 2008 5:10:00 PM UTC	1206141000000	78	17	no	10.1	262.3	23392	20809	13336	5848	107	37884	1007	263	1	3485	3292	8
March 21, 2008 5:11:00 PM UTC	1206141060000	82	14	no	9.9	262.5	23392	20809	13336	5848	93	37898	988	235	0	3504	3252	11
March 21, 2008 5:12:00 PM UTC	1206141120000	87	10	no	9.7	262.7	23392	20809	13320	5918	81	37856	955	390	0	3517	3350	6
March 21, 2008 5:13:00 PM UTC	1206141180000	90	9	no	9.5	262.8	23392	20809	13336	5847	80	37912	956	439	0	3536	3353	49
March 21, 2008 5:14:00 PM UTC	1206141240000	90	8	no	9.3	263.0	23392	20809	13321	5913	87	37854	926	454	0	3549	3417	47
March 21, 2008 5:15:00 PM UTC	1206141300000	95	5	no	9.1	263.2	23392	20809	13338	5837	74	37926	934	642	0	3561	3554	2
March 21, 2008 5:16:00 PM UTC	1206141360000	92	7	no	8.9	263.3	23392	20809	13338	5837	96	37904	917	605	0	3580	3503	50
March 21, 2008 5:17:00 PM UTC	1206141420000	92	7	no	8.7	263.5	23392	20809	13322	5907	96	37850	885	566	0	3588	3532	47
March 21, 2008 5:18:00 PM UTC	1206141480000	90	10	no	8.5	263.7	23392	20809	13338	5844	103	37890	887	681	0	3609	3582	5
March 21, 2008 5:19:00 PM UTC	1206141540000	86	13	no	8.3	263.8	23392	20809	13323	5886	102	37864	858	750	0	3621	3604	7
March 21, 2008 5:20:00 PM UTC	1206141600000	86	13	no	8.2	264.0	23392	20809	13336	5898	91	37850	853	761	0	3638	3627	7
March 21, 2008 5:21:00 PM UTC	1206141660000	87	12	no	8.0	264.1	23392	20809	13321	5969	92	37793	820	728	0	3649	3598	34
March 21, 2008 5:22:00 PM UTC	1206141720000	86	11	no	7.8	264.3	23392	20809	13337	5893	95	37850	819	719	0	3672	3597	21
March 21, 2008 5:23:00 PM UTC	1206141780000	79	15	no	7.6	264.5	23392	20809	13337	5893	92	37853	809	701	0	3680	3674	6
March 21, 2008 5:24:00 PM UTC	1206141840000	70	18	no	7.4	264.6	23392	20809	13321	5963	87	37804	779	624	0	3692	3676	16
March 21, 2008 5:25:00 PM UTC	1206141900000	67	17	no	7.2	264.8	23392	20809	13338	5893	90	37854	782	572	0	3709	3483	218
March 21, 2008 5:26:00 PM UTC	1206141960000	65	18	no	7.0	265.0	23392	20809	13321	5963	86	37805	751	464	16	3720	3505	166
March 21, 2008 5:27:00 PM UTC	1206142020000	59	21	no	6.8	265.1	23392	20809	13337	5893	82	37863	751	467	0	3742	3153	383
March 21, 2008 5:28:00 PM UTC	1206142080000	55	23	no	6.6	265.3	23392	20809	13337	5893	67	37878	737	523	0	3755	3000	307
March 21, 2008 5:29:00 PM UTC	1206142140000	48	22	no	6.4	265.5	23392	20809	13321	5962	55	37837	710	532	0	3763	2619	247
March 21, 2008 5:30:00 PM UTC	1206142200000	42	23	no	6.3	265.6	23392	20809	13339	5815	48	37973	715	511	1	3783	2289	274
March 21, 2008 5:31:00 PM UTC	1206142260000	35	23	no	6.1	265.8	23392	20809	13326	5882	36	37931	687	454	0	3792	2153	149
March 21, 2008 5:32:00 PM UTC	1206142320000	30	21	no	5.9	265.9	23392	20809	13339	5813	72	37951	687	482	0	3812	1981	54
March 21, 2008 5:33:00 PM UTC	1206142380000	27	19	no	5.7	266.1	23392	20809	13339	5813	51	37972	673	527	0	3828	2074	36
March 21, 2008 5:34:00 PM UTC	1206142440000	24	16	no	5.5	266.3	23392	20809	13323	5882	47	37923	646	479	0	3831	2125	0
March 21, 2008 5:35:00 PM UTC	1206142500000	24	17	no	5.3	266.4	23392	20809	13339	5812	52	37972	645	483	0	3852	2315	0
March 21, 2008 5:36:00 PM UTC	1206142560000	25	20	no	5.1	266.6	23392	20809	13323	5892	57	37903	616	425	0	3863	2118	1
March 21, 2008 5:37:00 PM UTC	1206142620000	28	20	no	4.9	266.8	23392	20809	13339	5822	68	37946	617	340	0	3883	1940	6
March 21, 2008 5:38:00 PM UTC	1206142680000	28	23	no	4.7	266.9	23392	20809	13324	5886	62	37903	591	344	0	3890	2021	4
March 21, 2008 5:39:00 PM UTC	1206142740000	28	23	no	4.5	267.1	23392	20809	13325	5883	55	37912	579	355	4	3902	1874	168
March 21, 2008 5:40:00 PM UTC	1206142800000	22	23	no	4.3	267.2	23392	20809	13338	5875	94	37868	571	376	0	3923	1122	784
March 21, 2008 5:41:00 PM UTC	1206142860000	17	14	no	4.2	267.4	23392	20809	13322	5945	66	37842	551	349	0	3920	750	436
March 21, 2008 5:42:00 PM UTC	1206142920000	12	12	no	4.0	267.6	23392	20809	13336	5875	97	37867	550	275	0	3944	1033	454
March 21, 2008 5:43:00 PM UTC	1206142980000	10	9	no	3.8	267.7	23392	20809	13321	5946	132	37776	522	129	0	3952	1154	486
March 21, 2008 5:44:00 PM UTC	1206143040000	8	7	no	3.6	267.9	23392	20809	13321	5946	149	37759	509	156	1	3966	827	434
March 21, 2008 5:45:00 PM UTC	1206143100000	6	5	no	3.4	268.0	23392	20809	13335	5877	174	37789	510	90	1	3986	693	292
March 21, 2008 5:46:00 PM UTC	1206143160000	5	5	no	3.2	268.2	23392	20809	13321	5946	196	37712	484	54	2	3989	698	328
March 21, 2008 5:47:00 PM UTC	1206143220000	3	4	no	3.0	268.4	23392	20809	13339	5876	215	37745	479	75	0	4015	413	347
