March 18, 2009 6:20:00 AM UTC	1237378800000	13	4	no	3.0	93.6	23386	20815	13339	5812	216	37808	485	273	0	4012	3388	395
March 18, 2009 6:21:00 AM UTC	1237378860000	13	4	no	3.2	93.7	23386	20815	13323	5881	195	37776	486	291	1	3991	3312	407
March 18, 2009 6:22:00 AM UTC	1237378920000	13	4	no	3.4	93.9	23386	20815	13339	5813	179	37844	510	327	4	3991	3281	491
March 18, 2009 6:23:00 AM UTC	1237378980000	14	4	no	3.6	94.1	23386	20815	13339	5813	165	37858	523	356	2	3977	3435	381
March 18, 2009 6:24:00 AM UTC	1237379040000	15	5	no	3.8	94.2	23386	20815	13326	5883	142	37824	524	378	4	3955	3533	331
March 18, 2009 6:25:00 AM UTC	1237379100000	15	5	no	4.0	94.4	23386	20815	13339	5815	140	37881	550	410	0	3948	3624	288
March 18, 2009 6:26:00 AM UTC	1237379160000	15	6	no	4.2	94.5	23386	20815	13321	5962	126	37766	546	420	0	3927	3605	286
March 18, 2009 6:27:00 AM UTC	1237379220000	16	6	no	4.4	94.7	23386	20815	13337	5892	122	37824	575	453	0	3917	3638	261
March 18, 2009 6:28:00 AM UTC	1237379280000	16	7	no	4.6	94.9	23386	20815	13337	5892	117	37829	585	468	0	3908	3647	246
March 18, 2009 6:29:00 AM UTC	1237379340000	17	8	no	4.8	95.0	23386	20815	13321	5963	107	37784	587	480	0	3884	3657	218
March 18, 2009 6:30:00 AM UTC	1237379400000	17	9	no	4.9	95.2	23386	20815	13338	5894	108	37835	614	506	0	3877	3693	184
March 18, 2009 6:31:00 AM UTC	1237379460000	18	9	no	5.1	95.4	23386	20815	13320	5975	98	37782	612	514	0	3856	3701	154
March 18, 2009 6:32:00 AM UTC	1237379520000	19	10	no	5.3	95.5	23386	20815	13336	5905	97	37837	638	541	0	3850	3748	102
March 18, 2009 6:33:00 AM UTC	1237379580000	20	12	no	5.5	95.7	23386	20815	13336	5905	91	37843	653	562	0	3836	3751	85
March 18, 2009 6:34:00 AM UTC	1237379640000	21	13	no	5.7	95.8	23386	20815	13321	5969	87	37798	652	564	1	3816	3766	50
March 18, 2009 6:35:00 AM UTC	1237379700000	22	15	no	5.9	96.0	23386	20815	13336	5899	89	37851	683	594	0	3807	3781	26
March 18, 2009 6:36:00 AM UTC	1237379760000	24	15	no	6.1	96.2	23386	20815	13323	5889	82	37881	687	605	0	3791	3770	21
March 18, 2009 6:37:00 AM UTC	1237379820000	26	16	no	6.3	96.3	23386	20815	13338	5845	86	37906	715	629	0	3780	3770	10
March 18, 2009 6:38:00 AM UTC	1237379880000	28	16	no	6.5	96.5	23386	20815	13338	5836	91	37910	732	641	0	3762	3757	5
March 18, 2009 6:39:00 AM UTC	1237379940000	29	18	no	6.7	96.7	23386	20815	13338	5837	98	37902	743	645	0	3755	3749	6
March 18, 2009 6:40:00 AM UTC	1237380000000	31	18	no	6.8	96.8	23386	20815	13338	5837	99	37901	758	659	0	3735	3722	13
March 18, 2009 6:41:00 AM UTC	1237380060000	33	16	no	7.0	97.0	23386	20815	13321	5917	92	37845	754	662	0	3718	3716	2
March 18, 2009 6:42:00 AM UTC	1237380120000	32	18	no	7.2	97.1	23386	20815	13336	5847	96	37896	781	685	0	3710	3710	0
March 18, 2009 6:43:00 AM UTC	1237380180000	31	19	no	7.4	97.3	23386	20815	13336	5847	96	37896	800	704	0	3691	3691	0
March 18, 2009 6:44:00 AM UTC	1237380240000	31	18	no	7.6	97.5	23386	20815	13336	5848	97	37894	812	715	0	3680	3680	0
March 18, 2009 6:45:00 AM UTC	1237380300000	31	16	no	7.8	97.6	23386	20815	13336	5848	97	37894	826	729	0	3667	3665	2
March 18, 2009 6:46:00 AM UTC	1237380360000	31	16	no	8.0	97.8	23386	20815	13320	5921	98	37836	827	729	0	3643	3643	0
March 18, 2009 6:47:00 AM UTC	1237380420000	30	18	no	8.2	98.0	23386	20815	13336	5849	103	37887	856	753	0	3640	3627	13
March 18, 2009 6:48:00 AM UTC	1237380480000	31	17	no	8.4	98.1	23386	20815	13322	5913	101	37839	855	754	0	3615	3612	3
March 18, 2009 6:49:00 AM UTC	1237380540000	31	17	yes	8.6	98.3	23386	20815	13336	5849	103	37887	888	785	0	3605	3604	1
March 18, 2009 6:50:00 AM UTC	1237380600000	31	17	yes	8.7	98.5	23386	20815	13333	5859	102	37881	899	797	0	3594	3594	0
March 18, 2009 6:51:00 AM UTC	1237380660000	30	18	no	8.9	98.6	23386	20815	13315	6009	96	37755	890	794	0	3570	3568	2
March 18, 2009 6:52:00 AM UTC	1237380720000	29	18	no	9.1	98.8	23386	20815	13331	5939	106	37799	923	817	0	3564	3564	0
March 18, 2009 6:53:00 AM UTC	1237380780000	29	19	no	9.3	99.0	23386	20815	13315	6006	103	37751	919	816	0	3538	3534	4
March 18, 2009 6:54:00 AM UTC	1237380840000	29	18	yes	9.5	99.1	23386	20815	13332	5939	109	37795	957	848	0	3531	3522	9
March 18, 2009 6:55:00 AM UTC	1237380900000	27	20	yes	9.7	99.3	23386	20815	13334	5860	108	37873	974	866	0	3509	3476	33
March 18, 2009 6:56:00 AM UTC	1237380960000	28	21	yes	9.9	99.5	23386	20815	13333	5855	106	37881	986	880	0	3501	3461	40
March 18, 2009 6:57:00 AM UTC	1237381020000	28	20	yes	10.1	99.6	23386	20815	13333	5855	109	37878	1007	898	0	3486	3436	50
March 18, 2009 6:58:00 AM UTC	1237381080000	28	20	yes	10.3	99.8	23386	20815	13318	5926	108	37823	995	887	0	3468	3453	15
March 18, 2009 6:59:00 AM UTC	1237381140000	29	21	yes	10.4	100.0	23386	20815	13330	5897	119	37829	1029	910	0	3455	3435	20
March 18, 2009 7:00:00 AM UTC	1237381200000	30	22	yes	10.6	100.1	23386	20815	13330	5897	116	37832	1041	925	0	3443	3424	19
March 18, 2009 7:01:00 AM UTC	1237381260000	31	21	yes	10.8	100.3	23386	20815	13330	5898	118	37829	1057	939	0	3428	3427	1
March 18, 2009 7:02:00 AM UTC	1237381320000	32	22	yes	11.0	100.5	23386	20815	13330	5898	116	37831	1078	962	0	3407	3407	0
March 18, 2009 7:03:00 AM UTC	1237381380000	32	22	yes	11.2	100.6	23386	20815	13330	5899	117	37829	1088	971	0	3396	3372	24
March 18, 2009 7:04:00 AM UTC	1237381440000	32	23	yes	11.4	100.8	23386	20815	13333	5887	123	37832	1106	983	0	3382	3355	27
March 18, 2009 7:05:00 AM UTC	1237381500000	32	24	yes	11.6	101.0	23386	20815	13333	5887	127	37828	1123	996	0	3368	3352	16
March 18, 2009 7:06:00 AM UTC	1237381560000	33	25	yes	11.8	101.1	23386	20815	13330	5900	125	37820	1133	1008	0	3350	3350	0
March 18, 2009 7:07:00 AM UTC	1237381620000	33	23	yes	12.0	101.3	23386	20815	13330	5900	126	37819	1149	1023	0	3337	3337	0
March 18, 2009 7:08:00 AM UTC	1237381680000	33	23	yes	12.1	101.5	23386	20815	13330	5900	126	37819	1163	1037	0	3321	3320	1
March 18, 2009 7:09:00 AM UTC	1237381740000	33	23	yes	12.3	101.6	23386	20815	13330	5900	124	37821	1178	1054	0	3308	3308	0
March 18, 2009 7:10:00 AM UTC	1237381800000	34	23	yes	12.5	101.8	23386	20815	13344	5831	139	37861	1220	1081	0	3290	3290	0
March 18, 2009 7:11:00 AM UTC	1237381860000	33	24	yes	12.7	102.0	23386	20815	13331	5901	131	37812	1209	1078	0	3278	3278	0
March 18, 2009 7:12:00 AM UTC	1237381920000	33	24	yes	12.9	102.1	23386	20815	13331	5898	129	37817	1227	1098	0	3261	3261	0
March 18, 2009 7:13:00 AM UTC	1237381980000	33	25	yes	13.1	102.3	23386	20815	13330	5836	131	37878	1244	1113	0	3250	3236	14
March 18, 2009 7:14:00 AM UTC	1237382040000	33	26	yes	13.3	102.5	23386	20815	13330	5836	128	37881	1260	1132	0	3233	3227	6
March 18, 2009 7:15:00 AM UTC	1237382100000	33	26	yes	13.5	102.7	23386	20815	13345	5769	135	37926	1295	1160	0	3225	3221	4
March 18, 2009 7:16:00 AM UTC	1237382160000	33	25	yes	13.6	102.8	23386	20815	13329	5845	127	37874	1291	1164	0	3209	3184	25
March 18, 2009 7:17:00 AM UTC	1237382220000	34	25	yes	13.8	103.0	23386	20815	13345	5770	135	37925	1323	1188	0	3198	3179	19
March 18, 2009 7:18:00 AM UTC	1237382280000	33	24	yes	14.0	103.2	23386	20815	13331	5830	130	37884	1321	1188	3	3187	3169	18
March 18, 2009 7:19:00 AM UTC	1237382340000	33	24	yes	14.2	103.3	23386	20815	13328	5915	126	37806	1328	1202	0	3174	3148	26
March 18, 2009 7:20:00 AM UTC	1237382400000	32	24	yes	14.4	103.5	23386	20815	13338	5863	134	37840	1360	1226	0	3165	3124	41
March 18, 2009 7:21:00 AM UTC	1237382460000	31	24	yes	14.6	103.7	23386	20815	13324	5930	125	37796	1354	1229	0	3149	3106	43
March 18, 2009 7:22:00 AM UTC	1237382520000	31	23	yes	14.8	103.9	23386	20815	13338	5862	128	37847	1387	1259	0	3140	3075	65
March 18, 2009 7:23:00 AM UTC	1237382580000	32	23	yes	14.9	104.0	23386	20815	13322	5967	119	37767	1385	1266	0	3124	3053	71
March 18, 2009 7:24:00 AM UTC	1237382640000	31	22	yes	15.1	104.2	23386	20815	13338	5900	126	37811	1419	1293	0	3114	3070	44
March 18, 2009 7:25:00 AM UTC	1237382700000	30	22	yes	15.3	104.4	23386	20815	13322	5967	116	37770	1412	1296	0	3108	3058	50
March 18, 2009 7:26:00 AM UTC	1237382760000	28	22	yes	15.5	104.6	23386	20815	13322	5967	117	37769	1429	1312	0	3093	3030	63
March 18, 2009 7:27:00 AM UTC	1237382820000	28	22	yes	15.7	104.7	23386	20815	13336	5898	125	37816	1463	1338	0	3083	3028	55
March 18, 2009 7:28:00 AM UTC	1237382880000	27	21	yes	15.9	104.9	23386	20815	13322	5971	117	37765	1459	1342	0	3074	3012	62
March 18, 2009 7:29:00 AM UTC	1237382940000	26	22	yes	16.1	105.1	23386	20815	13338	5903	122	37812	1492	1370	0	3063	2976	87
March 18, 2009 7:30:00 AM UTC	1237383000000	25	22	yes	16.2	105.3	23386	20815	13326	5895	114	37840	1496	1382	0	3055	2971	84
March 18, 2009 7:31:00 AM UTC	1237383060000	25	22	yes	16.4	105.4	23386	20815	13341	5828	118	37888	1537	1419	0	3046	2963	83
March 18, 2009 7:32:00 AM UTC	1237383120000	25	23	yes	16.6	105.6	23386	20815	13336	5846	116	37877	1537	1421	0	3039	2972	67
March 18, 2009 7:33:00 AM UTC	1237383180000	25	23	yes	16.8	105.8	23386	20815	13337	5847	114	37877	1563	1449	0	3027	2963	64
March 18, 2009 7:34:00 AM UTC	1237383240000	26	22	yes	17.0	106.0	23386	20815	13337	5847	109	37882	1571	1462	0	3019	2950	69
March 18, 2009 7:35:00 AM UTC	1237383300000	25	22	yes	17.2	106.1	23386	20815	13322	5915	103	37835	1566	1463	0	3008	2932	76
March 18, 2009 7:36:00 AM UTC	1237383360000	26	22	yes	17.4	106.3	23386	20815	13336	5848	107	37884	1611	1504	0	2996	2936	60
March 18, 2009 7:37:00 AM UTC	1237383420000	26	23	yes	17.5	106.5	23386	20815	13331	5866	104	37874	1606	1502	0	2997	2923	74
March 18, 2009 7:38:00 AM UTC	1237383480000	25	23	yes	17.7	106.7	23386	20815	13331	5868	101	37875	1632	1531	0	2982	2909	73
March 18, 2009 7:39:00 AM UTC	1237383540000	26	23	yes	17.9	106.8	23386	20815	13331	5868	101	37875	1642	1541	0	2974	2911	63
March 18, 2009 7:40:00 AM UTC	1237383600000	25	24	yes	18.1	107.0	23386	20815	13335	5849	100	37891	1665	1565	0	2969	2877	92
March 18, 2009 7:41:00 AM UTC	1237383660000	25	24	yes	18.3	107.2	23386	20815	13335	5849	98	37893	1683	1585	0	2959	2897	62
March 18, 2009 7:42:00 AM UTC	1237383720000	25	25	yes	18.5	107.4	23386	20815	13321	5917	88	37849	1664	1576	0	2951	2852	99
March 18, 2009 7:43:00 AM UTC	1237383780000	24	26	yes	18.6	107.6	23386	20815	13330	5879	89	37877	1702	1613	0	2949	2881	68
March 18, 2009 7:44:00 AM UTC	1237383840000	24	25	yes	18.8	107.7	23386	20815	13330	5879	86	37880	1711	1625	0	2943	2853	90
March 18, 2009 7:45:00 AM UTC	1237383900000	23	24	yes	19.0	107.9	23386	20815	13330	5880	86	37879	1733	1647	0	2933	2838	95
March 18, 2009 7:46:00 AM UTC	1237383960000	23	23	yes	19.2	108.1	23386	20815	13333	5804	85	37953	1756	1671	0	2928	2839	89
March 18, 2009 7:47:00 AM UTC	1237384020000	23	24	yes	19.4	108.3	23386	20815	13333	5803	81	37958	1770	1689	0	2920	2785	135
March 18, 2009 7:48:00 AM UTC	1237384080000	23	24	yes	19.5	108.5	23386	20815	13328	5824	78	37945	1782	1704	0	2910	2771	139
March 18, 2009 7:49:00 AM UTC	1237384140000	22	21	yes	19.7	108.6	23386	20815	13343	5876	76	37880	1799	1723	0	2909	2765	144
March 18, 2009 7:50:00 AM UTC	1237384200000	21	22	yes	19.9	108.8	23386	20815	13326	5943	68	37838	1792	1724	0	2903	2703	200
March 18, 2009 7:51:00 AM UTC	1237384260000	21	24	yes	20.1	109.0	23386	20815	13343	5855	71	37906	1844	1773	0	2896	2757	139
March 18, 2009 7:52:00 AM UTC	1237384320000	21	24	yes	20.3	109.2	23386	20815	13331	5924	62	37858	1832	1770	0	2889	2726	163
March 18, 2009 7:53:00 AM UTC	1237384380000	21	26	yes	20.5	109.4	23386	20815	13325	5946	60	37844	1834	1774	0	2886	2702	184
March 18, 2009 7:54:00 AM UTC	1237384440000	21	25	yes	20.6	109.6	23386	20815	13325	5946	56	37848	1845	1789	0	2878	2728	150
March 18, 2009 7:55:00 AM UTC	1237384500000	21	23	yes	20.8	109.8	23386	20815	13325	5946	54	37850	1867	1813	0	2870	2714	156
March 18, 2009 7:56:00 AM UTC	1237384560000	21	22	yes	21.0	109.9	23386	20815	13338	5880	57	37900	1901	1844	0	2871	2693	178
March 18, 2009 7:57:00 AM UTC	1237384620000	21	21	yes	21.2	110.1	23386	20815	13319	5976	43	37837	1879	1836	0	2860	2772	88
March 18, 2009 7:58:00 AM UTC	1237384680000	22	19	yes	21.4	110.3	23386	20815	13333	5909	44	37889	1923	1879	0	2859	2802	57
March 18, 2009 7:59:00 AM UTC	1237384740000	21	20	yes	21.5	110.5	23386	20815	13319	5976	34	37846	1903	1867	2	2857	2774	83
March 18, 2009 8:00:00 AM UTC	1237384800000	22	21	yes	21.7	110.7	23386	20815	13339	5889	38	37909	1961	1923	0	2852	2781	71
March 18, 2009 8:01:00 AM UTC	1237384860000	22	21	yes	21.9	110.9	23386	20815	13341	5820	34	37980	1984	1947	3	2846	2758	88
March 18, 2009 8:02:00 AM UTC	1237384920000	22	21	yes	22.1	111.1	23386	20815	13335	5843	29	37968	1992	1963	0	2846	2760	86
March 18, 2009 8:03:00 AM UTC	1237384980000	21	21	yes	22.2	111.3	23386	20815	13335	5843	23	37974	2004	1979	2	2842	2679	163
March 18, 2009 8:04:00 AM UTC	1237385040000	22	22	yes	22.4	111.4	23386	20815	13335	5843	17	37980	2023	2006	0	2832	2721	111
March 18, 2009 8:05:00 AM UTC	1237385100000	22	20	yes	22.6	111.6	23386	20815	13335	5843	15	37982	2034	2018	1	2832	2667	165
March 18, 2009 8:06:00 AM UTC	1237385160000	22	21	yes	22.8	111.8	23386	20815	13316	5933	8	37918	2001	1993	0	2829	2720	109
March 18, 2009 8:07:00 AM UTC	1237385220000	22	21	yes	23.0	112.0	23386	20815	13330	5866	8	37971	2053	2045	0	2823	2704	119
March 18, 2009 8:08:00 AM UTC	1237385280000	22	20	yes	23.1	112.2	23386	20815	13336	5842	7	37990	2073	2066	0	2818	2675	143
March 18, 2009 8:09:00 AM UTC	1237385340000	22	20	yes	23.3	112.4	23386	20815	13335	5842	3	37995	2087	2083	1	2817	2669	148
March 18, 2009 8:10:00 AM UTC	1237385400000	23	20	yes	23.5	112.6	23386	20815	13328	5880	2	37965	2084	2082	0	2817	2658	159
March 18, 2009 8:11:00 AM UTC	1237385460000	22	22	yes	23.7	112.8	23386	20815	13328	5881	1	37965	2103	2102	0	2810	2673	137
March 18, 2009 8:12:00 AM UTC	1237385520000	22	22	yes	23.8	113.0	23386	20815	13328	5881	0	37966	2114	2114	0	2810	2592	218
March 18, 2009 8:13:00 AM UTC	1237385580000	22	24	yes	24.0	113.2	23386	20815	13328	5881	0	37966	2123	2123	0	2807	2631	176
March 18, 2009 8:14:00 AM UTC	1237385640000	22	24	yes	24.2	113.4	23386	20815	13322	5904	0	37949	2133	2133	0	2803	2603	200
March 18, 2009 8:15:00 AM UTC	1237385700000	22	24	yes	24.4	113.6	23386	20815	13345	5749	0	38081	2195	2195	0	2801	2629	172
March 18, 2009 8:16:00 AM UTC	1237385760000	22	24	yes	24.5	113.8	23386	20815	13330	5810	0	38035	2182	2182	0	2799	2573	226
March 18, 2009 8:17:00 AM UTC	1237385820000	22	23	yes	24.7	113.9	23386	20815	13345	5796	0	38034	2217	2217	0	2797	2582	215
March 18, 2009 8:18:00 AM UTC	1237385880000	22	23	yes	24.9	114.1	23386	20815	13324	5889	0	37962	2191	2191	0	2792	2562	230
March 18, 2009 8:19:00 AM UTC	1237385940000	23	24	yes	25.1	114.3	23386	20815	13337	5825	0	38013	2231	2231	0	2794	2556	238
March 18, 2009 8:20:00 AM UTC	1237386000000	24	24	yes	25.2	114.5	23386	20815	13324	5887	0	37964	2213	2213	0	2790	2571	219
March 18, 2009 8:21:00 AM UTC	1237386060000	23	24	yes	25.4	114.7	23386	20815	13331	5852	0	37992	2251	2251	0	2786	2537	249
March 18, 2009 8:22:00 AM UTC	1237386120000	24	23	yes	25.6	114.9	23386	20815	13336	5839	0	38000	2264	2264	0	2786	2506	280
March 18, 2009 8:23:00 AM UTC	1237386180000	24	23	yes	25.8	115.1	23386	20815	13338	5840	0	37997	2279	2279	0	2786	2536	250
March 18, 2009 8:24:00 AM UTC	1237386240000	24	22	yes	25.9	115.3	23386	20815	13338	5840	0	37997	2287	2287	0	2785	2583	202
March 18, 2009 8:25:00 AM UTC	1237386300000	23	23	yes	26.1	115.5	23386	20815	13314	6015	0	37846	2249	2249	0	2780	2570	210
March 18, 2009 8:26:00 AM UTC	1237386360000	24	21	yes	26.3	115.7	23386	20815	13327	5949	0	37899	2289	2289	0	2784	2604	180
March 18, 2009 8:27:00 AM UTC	1237386420000	24	22	yes	26.5	115.9	23386	20815	13314	6015	0	37846	2272	2272	0	2782	2604	178
March 18, 2009 8:28:00 AM UTC	1237386480000	23	21	yes	26.6	116.1	23386	20815	13336	5849	0	37990	2347	2347	0	2779	2615	164
March 18, 2009 8:29:00 AM UTC	1237386540000	24	22	yes	26.8	116.3	23386	20815	13330	5879	0	37966	2341	2341	0	2779	2639	140
March 18, 2009 8:30:00 AM UTC	1237386600000	24	23	yes	27.0	116.6	23386	20815	13330	5879	0	37966	2352	2352	0	2783	2676	107
March 18, 2009 8:31:00 AM UTC	1237386660000	24	22	yes	27.1	116.8	23386	20815	13330	5879	0	37966	2361	2361	0	2780	2656	124
March 18, 2009 8:32:00 AM UTC	1237386720000	23	24	yes	27.3	117.0	23386	20815	13322	5910	0	37943	2370	2370	0	2776	2622	154
March 18, 2009 8:33:00 AM UTC	1237386780000	24	23	yes	27.5	117.2	23386	20815	13330	5879	0	37966	2389	2389	0	2779	2585	194
March 18, 2009 8:34:00 AM UTC	1237386840000	24	24	yes	27.7	117.4	23386	20815	13330	5881	0	37964	2403	2403	0	2777	2579	198
March 18, 2009 8:35:00 AM UTC	1237386900000	24	24	yes	27.8	117.6	23386	20815	13322	5930	0	37923	2394	2394	0	2773	2576	197
March 18, 2009 8:36:00 AM UTC	1237386960000	24	24	yes	28.0	117.8	23386	20815	13338	5867	0	37970	2436	2436	0	2775	2527	248
March 18, 2009 8:37:00 AM UTC	1237387020000	24	25	yes	28.2	118.0	23386	20815	13322	5930	0	37923	2413	2413	0	2780	2570	210
March 18, 2009 8:38:00 AM UTC	1237387080000	24	25	yes	28.3	118.2	23386	20815	13336	5868	0	37971	2448	2448	0	2786	2554	232
March 18, 2009 8:39:00 AM UTC	1237387140000	24	26	yes	28.5	118.4	23386	20815	13322	5930	0	37923	2442	2442	0	2779	2536	243
March 18, 2009 8:40:00 AM UTC	1237387200000	25	25	yes	28.7	118.6	23386	20815	13335	5869	0	37971	2475	2475	0	2784	2522	262
March 18, 2009 8:41:00 AM UTC	1237387260000	26	25	yes	28.8	118.8	23386	20815	13323	5867	0	37985	2476	2476	0	2785	2536	249
March 18, 2009 8:42:00 AM UTC	1237387320000	26	25	yes	29.0	119.0	23386	20815	13329	5837	0	38009	2499	2499	0	2790	2507	283
March 18, 2009 8:43:00 AM UTC	1237387380000	27	27	yes	29.2	119.3	23386	20815	13337	5805	0	38033	2528	2528	0	2786	2560	226
March 18, 2009 8:44:00 AM UTC	1237387440000	27	26	yes	29.3	119.5	23386	20815	13337	5805	0	38033	2545	2545	0	2784	2568	216
March 18, 2009 8:45:00 AM UTC	1237387500000	27	27	yes	29.5	119.7	23386	20815	13330	5839	0	38006	2528	2528	0	2795	2539	256
March 18, 2009 8:46:00 AM UTC	1237387560000	27	26	yes	29.7	119.9	23386	20815	13329	5862	0	37984	2534	2534	0	2789	2519	270
March 18, 2009 8:47:00 AM UTC	1237387620000	27	27	yes	29.8	120.1	23386	20815	13329	5862	0	37984	2545	2545	0	2793	2520	273
March 18, 2009 8:48:00 AM UTC	1237387680000	27	29	yes	30.0	120.3	23386	20815	13329	5861	0	37985	2558	2557	1	2793	2532	261
March 18, 2009 8:49:00 AM UTC	1237387740000	27	28	yes	30.2	120.6	23386	20815	13329	5861	0	37985	2557	2557	0	2803	2539	264
March 18, 2009 8:50:00 AM UTC	1237387800000	27	29	yes	30.3	120.8	23386	20815	13321	5949	0	37905	2550	2550	0	2801	2544	257
March 18, 2009 8:51:00 AM UTC	1237387860000	26	30	yes	30.5	121.0	23386	20815	13321	5949	0	37905	2559	2559	0	2798	2585	213
March 18, 2009 8:52:00 AM UTC	1237387920000	26	31	yes	30.7	121.2	23386	20815	13342	5854	0	37979	2619	2619	0	2803	2529	274
March 18, 2009 8:53:00 AM UTC	1237387980000	28	31	yes	30.8	121.4	23386	20815	13323	5888	0	37964	2596	2596	0	2806	2543	263
March 18, 2009 8:54:00 AM UTC	1237388040000	27	34	yes	31.0	121.6	23386	20815	13336	5828	0	38011	2633	2633	0	2810	2601	209
March 18, 2009 8:55:00 AM UTC	1237388100000	27	33	yes	31.2	121.9	23386	20815	13321	5887	0	37967	2618	2618	0	2808	2569	239
March 18, 2009 8:56:00 AM UTC	1237388160000	27	36	yes	31.3	122.1	23386	20815	13336	5829	0	38010	2656	2656	0	2818	2582	236
March 18, 2009 8:57:00 AM UTC	1237388220000	28	36	yes	31.5	122.3	23386	20815	13322	5911	0	37942	2620	2620	0	2824	2563	261
March 18, 2009 8:58:00 AM UTC	1237388280000	28	39	yes	31.6	122.5	23386	20815	13335	5854	0	37986	2662	2661	0	2819	2571	248
March 18, 2009 8:59:00 AM UTC	1237388340000	28	42	yes	31.8	122.8	23386	20815	13326	5891	0	37958	2656	2656	0	2823	2599	224
March 18, 2009 9:00:00 AM UTC	1237388400000	29	43	yes	32.0	123.0	23386	20815	13334	5853	0	37988	2683	2683	0	2827	2628	199
March 18, 2009 9:01:00 AM UTC	1237388460000	29	44	yes	32.1	123.2	23386	20815	13326	5891	0	37958	2674	2674	0	2830	2648	182
March 18, 2009 9:02:00 AM UTC	1237388520000	30	44	yes	32.3	123.4	23386	20815	13326	5891	0	37958	2674	2673	1	2841	2711	130
March 18, 2009 9:03:00 AM UTC	1237388580000	31	46	yes	32.4	123.7	23386	20815	13326	5891	0	37958	2680	2680	0	2841	2655	186
March 18, 2009 9:04:00 AM UTC	1237388640000	33	44	yes	32.6	123.9	23386	20815	13327	5836	0	38012	2712	2712	0	2847	2690	157
March 18, 2009 9:05:00 AM UTC	1237388700000	32	48	yes	32.8	124.1	23386	20815	13327	5836	0	38012	2714	2714	0	2853	2705	148
March 18, 2009 9:06:00 AM UTC	1237388760000	36	49	yes	32.9	124.4	23386	20815	13318	5868	0	37989	2705	2705	0	2846	2675	171
March 18, 2009 9:07:00 AM UTC	1237388820000	38	51	yes	33.1	124.6	23386	20815	13316	5899	0	37960	2703	2701	2	2863	2728	135
March 18, 2009 9:08:00 AM UTC	1237388880000	39	55	yes	33.2	124.8	23386	20815	13336	5803	0	38036	2763	2759	3	2856	2774	82
March 18, 2009 9:09:00 AM UTC	1237388940000	42	56	yes	33.4	125.1	23386	20815	13331	5844	0	38000	2752	2750	2	2878	2676	202
March 18, 2009 9:10:00 AM UTC	1237389000000	45	55	yes	33.6	125.3	23386	20815	13331	5844	0	38000	2759	2759	0	2871	2631	240
March 18, 2009 9:11:00 AM UTC	1237389060000	46	53	yes	33.7	125.5	23386	20815	13331	5844	0	38000	2762	2762	0	2877	2604	273
March 18, 2009 9:12:00 AM UTC	1237389120000	56	43	yes	33.9	125.8	23386	20815	13331	5844	0	38000	2773	2773	0	2886	2689	197
March 18, 2009 9:13:00 AM UTC	1237389180000	63	37	yes	34.0	126.0	23386	20815	13331	5844	0	38000	2777	2777	0	2890	2749	141
March 18, 2009 9:14:00 AM UTC	1237389240000	69	31	yes	34.2	126.2	23386	20815	13330	5844	0	38001	2778	2778	0	2906	2876	30
March 18, 2009 9:15:00 AM UTC	1237389300000	77	23	yes	34.3	126.5	23386	20815	13333	5786	0	38056	2809	2809	0	2898	2896	2
March 18, 2009 9:16:00 AM UTC	1237389360000	78	22	yes	34.5	126.7	23386	20815	13323	5826	0	38026	2796	2796	0	2905	2897	8
March 18, 2009 9:17:00 AM UTC	1237389420000	79	21	yes	34.6	126.9	23386	20815	13334	5800	0	38041	2827	2827	0	2908	2906	2
March 18, 2009 9:18:00 AM UTC	1237389480000	78	22	yes	34.8	127.2	23386	20815	13323	5850	0	38002	2800	2800	0	2916	2916	0
March 18, 2009 9:19:00 AM UTC	1237389540000	71	29	yes	34.9	127.4	23386	20815	13334	5800	0	38041	2837	2837	0	2923	2919	4
March 18, 2009 9:20:00 AM UTC	1237389600000	63	37	yes	35.1	127.7	23386	20815	13321	5856	0	37998	2808	2808	0	2931	2900	31
March 18, 2009 9:21:00 AM UTC	1237389660000	59	39	no	35.2	127.9	23386	20815	13334	5800	0	38041	2848	2848	0	2936	2936	0
March 18, 2009 9:22:00 AM UTC	1237389720000	57	42	no	35.4	128.2	23386	20815	13323	5857	0	37995	2818	2818	0	2950	2950	0
March 18, 2009 9:23:00 AM UTC	1237389780000	56	43	yes	35.5	128.4	23386	20815	13322	5912	0	37941	2813	2813	0	2952	2952	0
March 18, 2009 9:24:00 AM UTC	1237389840000	54	45	yes	35.7	128.7	23386	20815	13333	5865	0	37977	2842	2841	1	2961	2961	0
March 18, 2009 9:25:00 AM UTC	1237389900000	51	47	yes	35.8	128.9	23386	20815	13326	5858	0	37991	2837	2836	1	2966	2966	0
March 18, 2009 9:26:00 AM UTC	1237389960000	48	46	yes	36.0	129.1	23386	20815	13326	5858	0	37991	2849	2849	0	2974	2952	22
March 18, 2009 9:27:00 AM UTC	1237390020000	49	42	yes	36.1	129.4	23386	20815	13324	5893	0	37958	2836	2836	0	2981	2979	2
March 18, 2009 9:28:00 AM UTC	1237390080000	49	40	yes	36.3	129.6	23386	20815	13336	5838	0	38001	2868	2868	0	2996	2996	0
March 18, 2009 9:29:00 AM UTC	1237390140000	48	43	yes	36.4	129.9	23386	20815	13324	5893	0	37958	2843	2843	0	2995	2995	0
March 18, 2009 9:30:00 AM UTC	1237390200000	49	41	yes	36.6	130.1	23386	20815	13335	5839	0	38001	2874	2874	0	3011	3011	0
March 18, 2009 9:31:00 AM UTC	1237390260000	46	42	yes	36.7	130.4	23386	20815	13314	5936	0	37925	2821	2821	0	3018	3018	0
March 18, 2009 9:32:00 AM UTC	1237390320000	44	45	yes	36.9	130.7	23386	20815	13337	5829	0	38009	2888	2888	0	3029	3029	0
March 18, 2009 9:33:00 AM UTC	1237390380000	41	48	yes	37.0	130.9	23386	20815	13327	5872	0	37976	2859	2859	0	3039	3020	19
March 18, 2009 9:34:00 AM UTC	1237390440000	39	50	yes	37.2	131.2	23386	20815	13328	5831	0	38016	2883	2883	0	3044	3011	33
March 18, 2009 9:35:00 AM UTC	1237390500000	40	50	yes	37.3	131.4	23386	20815	13328	5832	0	38015	2886	2886	0	3050	3006	44
March 18, 2009 9:36:00 AM UTC	1237390560000	40	48	yes	37.5	131.7	23386	20815	13327	5874	0	37974	2872	2872	0	3057	2945	112
March 18, 2009 9:37:00 AM UTC	1237390620000	40	45	yes	37.6	131.9	23386	20815	13327	5874	0	37974	2878	2878	0	3069	2918	151
March 18, 2009 9:38:00 AM UTC	1237390680000	41	41	yes	37.7	132.2	23386	20815	13327	5873	0	37975	2879	2879	0	3076	3008	68
March 18, 2009 9:39:00 AM UTC	1237390740000	41	42	yes	37.9	132.5	23386	20815	13316	5918	0	37941	2849	2849	0	3092	3030	62
March 18, 2009 9:40:00 AM UTC	1237390800000	41	41	yes	38.0	132.7	23386	20815	13339	5821	0	38015	2904	2904	0	3101	3037	64
March 18, 2009 9:41:00 AM UTC	1237390860000	39	41	yes	38.2	133.0	23386	20815	13329	5866	0	37980	2883	2883	0	3112	3046	66
March 18, 2009 9:42:00 AM UTC	1237390920000	32	37	yes	38.3	133.2	23386	20815	13339	5816	0	38020	2911	2907	3	3128	3053	75
March 18, 2009 9:43:00 AM UTC	1237390980000	32	43	yes	38.4	133.5	23386	20815	13327	5871	0	37977	2882	2865	17	3134	3069	65
March 18, 2009 9:44:00 AM UTC	1237391040000	30	41	yes	38.6	133.8	23386	20815	13329	5819	0	38027	2899	2876	22	3149	3076	73
March 18, 2009 9:45:00 AM UTC	1237391100000	34	41	yes	38.7	134.0	23386	20815	13329	5870	0	37976	2883	2881	2	3154	3121	33
March 18, 2009 9:46:00 AM UTC	1237391160000	35	41	yes	38.9	134.3	23386	20815	13329	5870	0	37976	2887	2884	3	3163	3152	11
March 18, 2009 9:47:00 AM UTC	1237391220000	36	37	yes	39.0	134.6	23386	20815	13338	5821	0	38016	2908	2905	3	3181	3161	20
March 18, 2009 9:48:00 AM UTC	1237391280000	37	34	yes	39.1	134.9	23386	20815	13316	5917	0	37942	2862	2859	3	3186	3186	0
March 18, 2009 9:49:00 AM UTC	1237391340000	38	33	yes	39.3	135.1	23386	20815	13341	5819	0	38015	2906	2906	0	3206	3185	21
March 18, 2009 9:50:00 AM UTC	1237391400000	38	31	yes	39.4	135.4	23386	20815	13316	5976	0	37883	2841	2839	2	3212	3142	70
March 18, 2009 9:51:00 AM UTC	1237391460000	38	29	yes	39.5	135.7	23386	20815	13329	5928	0	37918	2860	2857	3	3226	3094	132
March 18, 2009 9:52:00 AM UTC	1237391520000	37	30	yes	39.7	135.9	23386	20815	13315	5976	0	37884	2832	2828	4	3242	3052	190
March 18, 2009 9:53:00 AM UTC	1237391580000	37	29	yes	39.8	136.2	23386	20815	13328	5884	0	37963	2883	2881	2	3251	3093	158
March 18, 2009 9:54:00 AM UTC	1237391640000	36	30	yes	39.9	136.5	23386	20815	13341	5885	0	37949	2902	2902	0	3261	3070	191
March 18, 2009 9:55:00 AM UTC	1237391700000	35	31	yes	40.1	136.8	23386	20815	13316	5983	0	37876	2824	2824	0	3278	3255	23
March 18, 2009 9:56:00 AM UTC	1237391760000	34	32	yes	40.2	137.0	23386	20815	13341	5887	0	37947	2883	2883	0	3286	3275	11
March 18, 2009 9:57:00 AM UTC	1237391820000	32	34	yes	40.3	137.3	23386	20815	13316	5919	0	37940	2845	2844	1	3296	3238	58
March 18, 2009 9:58:00 AM UTC	1237391880000	32	35	yes	40.5	137.6	23386	20815	13338	5822	0	38015	2911	2907	4	3304	3244	60
March 18, 2009 9:59:00 AM UTC	1237391940000	32	39	yes	40.6	137.9	23386	20815	13328	5872	0	37975	2879	2875	4	3317	3257	60
March 18, 2009 10:00:00 AM UTC	1237392000000	31	41	yes	40.7	138.2	23386	20815	13328	5872	0	37975	2872	2872	0	3333	3230	103
March 18, 2009 10:01:00 AM UTC	1237392060000	30	46	yes	40.8	138.5	23386	20815	13328	5872	0	37975	2876	2876	0	3343	3179	164
March 18, 2009 10:02:00 AM UTC	1237392120000	31	49	yes	41.0	138.7	23386	20815	13326	5886	0	37963	2875	2874	1	3347	3200	147
March 18, 2009 10:03:00 AM UTC	1237392180000	31	52	yes	41.1	139.0	23386	20815	13326	5886	0	37963	2865	2860	5	3364	3241	123
March 18, 2009 10:04:00 AM UTC	1237392240000	31	53	yes	41.2	139.3	23386	20815	13340	5768	0	38067	2919	2918	1	3371	3216	155
March 18, 2009 10:05:00 AM UTC	1237392300000	30	53	yes	41.3	139.6	23386	20815	13317	5865	0	37993	2854	2853	1	3389	3196	193
March 18, 2009 10:06:00 AM UTC	1237392360000	32	54	yes	41.5	139.9	23386	20815	13340	5768	0	38067	2916	2915	1	3398	3283	115
March 18, 2009 10:07:00 AM UTC	1237392420000	33	54	yes	41.6	140.2	23386	20815	13330	5819	0	38026	2889	2889	0	3404	3278	126
March 18, 2009 10:08:00 AM UTC	1237392480000	34	47	yes	41.7	140.5	23386	20815	13328	5822	0	38025	2880	2878	1	3420	3276	144
March 18, 2009 10:09:00 AM UTC	1237392540000	33	47	yes	41.8	140.8	23386	20815	13338	5776	0	38061	2910	2909	1	3433	3355	78
March 18, 2009 10:10:00 AM UTC	1237392600000	33	44	yes	42.0	141.1	23386	20815	13328	5837	0	38010	2880	2878	1	3439	3315	124
March 18, 2009 10:11:00 AM UTC	1237392660000	33	44	yes	42.1	141.4	23386	20815	13324	5847	0	38004	2876	2872	3	3446	3363	83
March 18, 2009 10:12:00 AM UTC	1237392720000	33	42	yes	42.2	141.7	23386	20815	13329	5838	0	38008	2885	2885	0	3455	3325	130
March 18, 2009 10:13:00 AM UTC	1237392780000	34	41	yes	42.3	142.0	23386	20815	13338	5795	0	38042	2906	2903	2	3468	3318	150
March 18, 2009 10:14:00 AM UTC	1237392840000	34	39	yes	42.4	142.3	23386	20815	13325	5846	0	38004	2884	2884	0	3473	3351	122
March 18, 2009 10:15:00 AM UTC	1237392900000	35	38	yes	42.6	142.6	23386	20815	13338	5795	0	38042	2904	2904	0	3484	3431	53
March 18, 2009 10:16:00 AM UTC	1237392960000	36	40	yes	42.7	142.9	23386	20815	13326	5848	0	38001	2880	2877	3	3496	3425	71
March 18, 2009 10:17:00 AM UTC	1237393020000	36	39	yes	42.8	143.2	23386	20815	13326	5847	0	38002	2869	2869	0	3509	3454	55
March 18, 2009 10:18:00 AM UTC	1237393080000	38	38	yes	42.9	143.5	23386	20815	13327	5868	0	37980	2868	2868	0	3516	3466	50
March 18, 2009 10:18:59 AM UTC	1237393139000	37	37	yes	43.0	143.8	23386	20815	13336	5826	0	38013	2888	2888	0	3533	3471	62
March 18, 2009 10:20:00 AM UTC	1237393200000	38	38	yes	43.1	144.1	23386	20815	13329	5870	0	37976	2872	2871	1	3527	3449	78
March 18, 2009 10:21:00 AM UTC	1237393260000	37	39	yes	43.2	144.4	23386	20815	13336	5827	0	38012	2889	2889	0	3558	3492	66
March 18, 2009 10:22:00 AM UTC	1237393320000	37	40	yes	43.3	144.7	23386	20815	13327	5867	0	37981	2866	2866	0	3550	3501	49
March 18, 2009 10:23:00 AM UTC	1237393380000	38	39	yes	43.5	145.0	23386	20815	13324	5882	0	37969	2848	2848	0	3582	3509	73
March 18, 2009 10:24:00 AM UTC	1237393440000	37	40	yes	43.6	145.3	23386	20815	13332	5842	0	38001	2877	2877	0	3576	3503	73
March 18, 2009 10:25:00 AM UTC	1237393500000	37	41	yes	43.7	145.6	23386	20815	13337	5826	0	38012	2889	2889	0	3575	3510	65
March 18, 2009 10:26:00 AM UTC	1237393560000	37	42	yes	43.8	145.9	23386	20815	13332	5869	0	37974	2871	2871	0	3591	3538	53
March 18, 2009 10:27:00 AM UTC	1237393620000	38	42	yes	43.9	146.2	23386	20815	13333	5869	0	37973	2874	2874	0	3591	3546	45
March 18, 2009 10:28:00 AM UTC	1237393680000	40	42	yes	44.0	146.5	23386	20815	13333	5869	0	37973	2869	2869	0	3611	3604	7
March 18, 2009 10:29:00 AM UTC	1237393740000	40	41	yes	44.1	146.9	23386	20815	13333	5869	0	37973	2872	2872	0	3611	3602	9
March 18, 2009 10:30:00 AM UTC	1237393800000	41	40	yes	44.2	147.2	23386	20815	13342	5812	0	38021	2899	2899	0	3623	3606	17
March 18, 2009 10:31:00 AM UTC	1237393860000	43	42	yes	44.3	147.5	23386	20815	13323	5908	0	37944	2847	2847	0	3627	3593	34
March 18, 2009 10:32:00 AM UTC	1237393920000	46	41	yes	44.4	147.8	23386	20815	13342	5831	0	38002	2883	2883	0	3643	3603	40
March 18, 2009 10:33:00 AM UTC	1237393980000	48	45	yes	44.5	148.1	23386	20815	13338	5893	0	37944	2861	2861	0	3647	3629	18
March 18, 2009 10:34:00 AM UTC	1237394040000	49	43	yes	44.6	148.5	23386	20815	13327	5920	0	37928	2849	2846	3	3655	3624	31
March 18, 2009 10:35:00 AM UTC	1237394100000	52	40	yes	44.7	148.8	23386	20815	13327	5920	0	37928	2851	2848	3	3664	3656	8
March 18, 2009 10:36:00 AM UTC	1237394160000	58	39	yes	44.8	149.1	23386	20815	13336	5884	0	37955	2866	2866	0	3676	3667	9
March 18, 2009 10:37:00 AM UTC	1237394220000	64	34	yes	44.9	149.4	23386	20815	13327	5920	0	37928	2846	2845	1	3682	3682	0
March 18, 2009 10:38:00 AM UTC	1237394280000	70	29	yes	45.0	149.8	23386	20815	13336	5886	0	37953	2863	2863	0	3694	3660	34
March 18, 2009 10:39:00 AM UTC	1237394340000	76	23	yes	45.1	150.1	23386	20815	13333	5882	0	37960	2866	2837	29	3699	3687	12
March 18, 2009 10:40:00 AM UTC	1237394400000	79	21	yes	45.2	150.4	23386	20815	13322	5892	0	37961	2840	2840	0	3709	3709	0
March 18, 2009 10:41:00 AM UTC	1237394460000	84	16	yes	45.3	150.7	23386	20815	13321	5956	0	37898	2815	2815	0	3716	3711	5
March 18, 2009 10:42:00 AM UTC	1237394520000	88	12	yes	45.4	151.1	23386	20815	13344	5832	0	37999	2890	2890	0	3732	3725	7
March 18, 2009 10:43:00 AM UTC	1237394580000	89	11	yes	45.5	151.4	23386	20815	13335	5876	0	37964	2869	2869	0	3732	3732	0
March 18, 2009 10:44:00 AM UTC	1237394640000	89	11	yes	45.6	151.7	23386	20815	13330	5902	0	37943	2858	2858	0	3735	3735	0
March 18, 2009 10:45:00 AM UTC	1237394700000	94	6	no	45.7	152.1	23386	20815	13330	5902	0	37943	2850	2850	0	3750	3750	0
March 18, 2009 10:46:00 AM UTC	1237394760000	96	4	yes	45.8	152.4	23386	20815	13330	5902	0	37943	2856	2856	0	3753	3753	0
March 18, 2009 10:47:00 AM UTC	1237394820000	95	5	yes	45.8	152.7	23386	20815	13330	5902	0	37943	2853	2853	0	3758	3758	0
March 18, 2009 10:48:00 AM UTC	1237394880000	98	2	yes	45.9	153.1	23386	20815	13335	5932	0	37908	2843	2843	0	3772	3772	0
March 18, 2009 10:49:00 AM UTC	1237394940000	99	1	yes	46.0	153.4	23386	20815	13328	5941	0	37906	2844	2844	0	3768	3768	0
March 18, 2009 10:50:00 AM UTC	1237395000000	98	2	yes	46.1	153.7	23386	20815	13330	5941	0	37904	2835	2835	0	3782	3782	0
March 18, 2009 10:51:00 AM UTC	1237395060000	97	3	yes	46.2	154.1	23386	20815	13322	5928	0	37925	2834	2834	0	3781	3781	0
March 18, 2009 10:52:00 AM UTC	1237395120000	96	4	yes	46.3	154.4	23386	20815	13331	5862	0	37982	2864	2864	0	3793	3793	0
March 18, 2009 10:53:00 AM UTC	1237395180000	93	6	yes	46.3	154.8	23386	20815	13338	5832	0	38005	2883	2883	0	3799	3799	0
March 18, 2009 10:54:00 AM UTC	1237395240000	90	8	yes	46.4	155.1	23386	20815	13339	5831	0	38005	2883	2883	0	3812	3812	0
March 18, 2009 10:55:00 AM UTC	1237395300000	86	11	yes	46.5	155.5	23386	20815	13333	5862	0	37980	2863	2863	0	3815	3815	0
March 18, 2009 10:56:00 AM UTC	1237395360000	81	12	yes	46.6	155.8	23386	20815	13330	5930	0	37915	2837	2837	0	3818	3818	0
March 18, 2009 10:57:00 AM UTC	1237395420000	74	13	no	46.7	156.1	23386	20815	13331	5908	0	37936	2845	2845	0	3832	3832	0
March 18, 2009 10:58:00 AM UTC	1237395480000	70	15	yes	46.7	156.5	23386	20815	13331	5908	0	37936	2845	2845	0	3832	3832	0
March 18, 2009 10:59:00 AM UTC	1237395540000	67	16	yes	46.8	156.8	23386	20815	13337	5881	0	37957	2865	2865	0	3846	3846	0
March 18, 2009 11:00:00 AM UTC	1237395600000	59	17	yes	46.9	157.2	23386	20815	13324	5901	0	37950	2840	2840	0	3840	3840	0
March 18, 2009 11:01:00 AM UTC	1237395660000	54	20	yes	47.0	157.5	23386	20815	13332	5867	0	37976	2862	2862	0	3853	3853	0
March 18, 2009 11:02:00 AM UTC	1237395720000	48	22	no	47.0	157.9	23386	20815	13338	5839	0	37998	2866	2866	0	3863	3863	0
March 18, 2009 11:03:00 AM UTC	1237395780000	44	24	no	47.1	158.2	23386	20815	13336	5910	0	37929	2838	2838	0	3867	3867	0
March 18, 2009 11:04:00 AM UTC	1237395840000	40	29	yes	47.2	158.6	23386	20815	13343	5866	0	37966	2865	2865	0	3874	3874	0
March 18, 2009 11:05:00 AM UTC	1237395900000	36	32	no	47.3	158.9	23386	20815	13322	5969	0	37884	2816	2816	0	3865	3865	0
March 18, 2009 11:06:00 AM UTC	1237395960000	33	33	no	47.3	159.3	23386	20815	13329	5929	0	37917	2835	2835	0	3874	3874	0
March 18, 2009 11:07:00 AM UTC	1237396020000	33	39	yes	47.4	159.7	23386	20815	13329	5929	0	37917	2836	2836	0	3879	3879	0
March 18, 2009 11:08:00 AM UTC	1237396080000	33	43	yes	47.5	160.0	23386	20815	13329	5929	0	37917	2836	2818	18	3886	3882	4
March 18, 2009 11:09:00 AM UTC	1237396140000	32	46	yes	47.5	160.4	23386	20815	13334	5906	0	37935	2844	2831	13	3893	3887	6
March 18, 2009 11:10:00 AM UTC	1237396200000	31	45	yes	47.6	160.7	23386	20815	13329	5920	0	37926	2840	2818	21	3893	3807	86
March 18, 2009 11:11:00 AM UTC	1237396260000	30	47	yes	47.6	161.1	23386	20815	13335	5883	0	37957	2851	2832	19	3905	3748	157
March 18, 2009 11:12:00 AM UTC	1237396320000	28	45	yes	47.7	161.4	23386	20815	13335	5883	0	37957	2861	2802	59	3909	3773	136
March 18, 2009 11:13:00 AM UTC	1237396380000	28	46	yes	47.8	161.8	23386	20815	13336	5882	0	37957	2856	2761	95	3913	3747	166
March 18, 2009 11:14:00 AM UTC	1237396440000	27	45	yes	47.8	162.2	23386	20815	13341	5837	0	37997	2876	2805	70	3924	3680	244
March 18, 2009 11:15:00 AM UTC	1237396500000	26	44	yes	47.9	162.5	23386	20815	13335	5846	0	37994	2863	2819	44	3923	3683	240
March 18, 2009 11:16:00 AM UTC	1237396560000	26	42	yes	47.9	162.9	23386	20815	13340	5826	0	38009	2880	2801	79	3931	3504	427
March 18, 2009 11:17:00 AM UTC	1237396620000	25	42	yes	48.0	163.3	23386	20815	13339	5826	0	38010	2879	2789	90	3938	3538	400
March 18, 2009 11:18:00 AM UTC	1237396680000	26	40	yes	48.1	163.6	23386	20815	13338	5901	0	37936	2846	2775	71	3938	3462	476
March 18, 2009 11:19:00 AM UTC	1237396740000	25	40	yes	48.1	164.0	23386	20815	13328	5934	0	37913	2833	2707	126	3934	3405	529
March 18, 2009 11:20:00 AM UTC	1237396800000	24	39	yes	48.2	164.4	23386	20815	13329	5934	0	37912	2831	2701	130	3937	3358	579
March 18, 2009 11:21:00 AM UTC	1237396860000	24	39	yes	48.2	164.7	23386	20815	13329	5935	0	37911	2835	2691	144	3943	3344	599
March 18, 2009 11:22:00 AM UTC	1237396920000	24	39	yes	48.3	165.1	23386	20815	13329	5935	0	37911	2829	2700	129	3949	3339	610
March 18, 2009 11:23:00 AM UTC	1237396980000	23	37	yes	48.3	165.5	23386	20815	13329	5935	0	37911	2827	2714	113	3953	3290	663
March 18, 2009 11:24:00 AM UTC	1237397040000	24	38	yes	48.4	165.8	23386	20815	13329	5935	0	37911	2833	2756	77	3954	3279	675
March 18, 2009 11:25:00 AM UTC	1237397100000	23	40	yes	48.4	166.2	23386	20815	13333	5894	0	37948	2847	2764	83	3962	3363	599
March 18, 2009 11:26:00 AM UTC	1237397160000	23	41	yes	48.5	166.6	23386	20815	13333	5904	0	37938	2847	2803	44	3963	3261	702
March 18, 2009 11:27:00 AM UTC	1237397220000	25	41	yes	48.5	166.9	23386	20815	13334	5877	0	37964	2860	2833	27	3968	3439	529
March 18, 2009 11:28:00 AM UTC	1237397280000	25	43	yes	48.5	167.3	23386	20815	13337	5862	0	37976	2858	2839	19	3977	3470	507
March 18, 2009 11:29:00 AM UTC	1237397340000	25	44	yes	48.6	167.7	23386	20815	13323	5922	0	37930	2831	2812	19	3971	3529	442
March 18, 2009 11:30:00 AM UTC	1237397400000	25	42	yes	48.6	168.1	23386	20815	13322	5929	0	37924	2826	2790	36	3970	3539	431
March 18, 2009 11:31:00 AM UTC	1237397460000	25	45	yes	48.7	168.4	23386	20815	13323	5927	0	37925	2825	2810	15	3973	3519	454
March 18, 2009 11:32:00 AM UTC	1237397520000	25	45	yes	48.7	168.8	23386	20815	13322	5926	0	37927	2828	2803	25	3972	3564	408
March 18, 2009 11:33:00 AM UTC	1237397580000	25	45	yes	48.7	169.2	23386	20815	13320	6000	0	37855	2791	2785	6	3973	3745	228
March 18, 2009 11:34:00 AM UTC	1237397640000	25	46	yes	48.8	169.6	23386	20815	13320	6000	0	37855	2801	2797	4	3978	3597	381
March 18, 2009 11:35:00 AM UTC	1237397700000	25	48	yes	48.8	169.9	23386	20815	13321	5988	0	37866	2805	2797	8	3986	3656	330
March 18, 2009 11:36:00 AM UTC	1237397760000	26	46	yes	48.8	170.3	23386	20815	13321	5988	0	37866	2808	2807	1	3991	3688	303
March 18, 2009 11:37:00 AM UTC	1237397820000	26	50	yes	48.9	170.7	23386	20815	13323	5908	0	37944	2830	2830	0	3999	3663	336
March 18, 2009 11:38:00 AM UTC	1237397880000	27	49	yes	48.9	171.1	23386	20815	13324	5870	0	37981	2857	2857	0	4000	3782	218
March 18, 2009 11:39:00 AM UTC	1237397940000	28	50	yes	48.9	171.4	23386	20815	13327	5871	0	37977	2845	2845	0	4002	3866	136
March 18, 2009 11:40:00 AM UTC	1237398000000	29	48	yes	49.0	171.8	23386	20815	13326	5870	0	37979	2852	2851	1	4002	3812	190
March 18, 2009 11:41:00 AM UTC	1237398060000	29	47	yes	49.0	172.2	23386	20815	13324	5949	0	37902	2820	2818	2	4003	3897	106
March 18, 2009 11:42:00 AM UTC	1237398120000	28	48	yes	49.0	172.6	23386	20815	13326	5941	0	37908	2826	2825	1	4003	3824	179
March 18, 2009 11:43:00 AM UTC	1237398180000	30	50	yes	49.0	173.0	23386	20815	13325	5942	0	37908	2826	2826	0	4008	3927	81
March 18, 2009 11:44:00 AM UTC	1237398240000	30	51	yes	49.1	173.3	23386	20815	13325	5942	0	37908	2826	2826	0	4004	3903	101
March 18, 2009 11:45:00 AM UTC	1237398300000	31	54	yes	49.1	173.7	23386	20815	13324	5942	0	37909	2827	2827	0	4009	3963	46
March 18, 2009 11:46:00 AM UTC	1237398360000	33	53	yes	49.1	174.1	23386	20815	13323	5942	0	37910	2823	2823	0	4014	3992	22
March 18, 2009 11:47:00 AM UTC	1237398420000	34	52	yes	49.1	174.5	23386	20815	13324	5928	0	37923	2827	2827	0	4017	3958	59
March 18, 2009 11:48:00 AM UTC	1237398480000	36	48	yes	49.1	174.9	23386	20815	13325	5833	0	38017	2866	2866	0	4023	3996	27
March 18, 2009 11:49:00 AM UTC	1237398540000	37	46	yes	49.2	175.2	23386	20815	13324	5918	0	37933	2834	2834	0	4018	4015	3
March 18, 2009 11:50:00 AM UTC	1237398600000	40	38	yes	49.2	175.6	23386	20815	13323	5919	0	37933	2831	2831	0	4021	4021	0
March 18, 2009 11:51:00 AM UTC	1237398660000	39	36	yes	49.2	176.0	23386	20815	13323	5919	0	37933	2834	2834	0	4021	4021	0
March 18, 2009 11:52:00 AM UTC	1237398720000	38	37	yes	49.2	176.4	23386	20815	13324	5914	0	37937	2840	2840	0	4023	4023	0
March 18, 2009 11:53:00 AM UTC	1237398780000	36	35	yes	49.2	176.8	23386	20815	13324	5914	0	37937	2834	2826	8	4026	4026	0
March 18, 2009 11:54:00 AM UTC	1237398840000	33	36	yes	49.2	177.2	23386	20815	13325	5913	0	37937	2841	2807	34	4021	4021	0
March 18, 2009 11:55:00 AM UTC	1237398900000	34	37	yes	49.2	177.5	23386	20815	13326	5912	0	37937	2830	2806	24	4028	4022	6
March 18, 2009 11:56:00 AM UTC	1237398960000	33	37	yes	49.2	177.9	23386	20815	13326	5911	0	37938	2843	2843	0	4024	4009	15
March 18, 2009 11:57:00 AM UTC	1237399020000	33	37	yes	49.2	178.3	23386	20815	13327	5826	0	38022	2872	2872	0	4030	4030	0
March 18, 2009 11:58:00 AM UTC	1237399080000	33	36	yes	49.3	178.7	23386	20815	13327	5888	0	37960	2840	2840	0	4027	4026	1
March 18, 2009 11:59:00 AM UTC	1237399140000	33	39	yes	49.3	179.1	23386	20815	13327	5889	0	37959	2835	2835	0	4026	4026	0
March 18, 2009 12:00:00 PM UTC	1237399200000	34	37	yes	49.3	179.4	23386	20815	13327	5889	0	37959	2839	2821	18	4030	4030	0
March 18, 2009 12:01:00 PM UTC	1237399260000	35	39	yes	49.3	179.8	23386	20815	13327	5889	0	37959	2840	2835	5	4027	4027	0
March 18, 2009 12:02:00 PM UTC	1237399320000	38	36	yes	49.3	180.2	23386	20815	13327	5889	0	37959	2842	2842	0	4026	4026	0
March 18, 2009 12:03:00 PM UTC	1237399380000	44	33	yes	49.3	180.6	23386	20815	13327	5889	0	37959	2842	2842	0	4029	4029	0
March 18, 2009 12:04:00 PM UTC	1237399440000	48	29	yes	49.3	181.0	23386	20815	13327	5888	0	37960	2841	2841	0	4024	4024	0
March 18, 2009 12:05:00 PM UTC	1237399500000	51	23	no	49.3	181.4	23386	20815	13327	5887	0	37961	2842	2842	0	4030	4030	0
March 18, 2009 12:06:00 PM UTC	1237399560000	51	24	no	49.2	181.7	23386	20815	13330	5827	0	38018	2870	2870	0	4024	4024	0
March 18, 2009 12:07:00 PM UTC	1237399620000	54	25	yes	49.2	182.1	23386	20815	13326	5910	0	37939	2844	2830	14	4026	4026	0
March 18, 2009 12:08:00 PM UTC	1237399680000	51	29	yes	49.2	182.5	23386	20815	13325	5911	0	37939	2830	2830	0	4029	4029	0
March 18, 2009 12:09:00 PM UTC	1237399740000	51	32	yes	49.2	182.9	23386	20815	13324	5912	0	37939	2844	2844	0	4024	4024	0
March 18, 2009 12:10:00 PM UTC	1237399800000	53	33	yes	49.2	183.3	23386	20815	13324	5912	0	37939	2833	2833	0	4027	4027	0
March 18, 2009 12:11:00 PM UTC	1237399860000	51	29	no	49.2	183.7	23386	20815	13324	5912	0	37939	2840	2840	0	4023	4023	0
March 18, 2009 12:12:00 PM UTC	1237399920000	56	29	yes	49.2	184.0	23386	20815	13323	5916	0	37936	2834	2834	0	4021	4021	0
March 18, 2009 12:13:00 PM UTC	1237399980000	60	27	yes	49.2	184.4	23386	20815	13324	5916	0	37935	2837	2837	0	4022	4022	0
March 18, 2009 12:14:00 PM UTC	1237400040000	62	23	yes	49.2	184.8	23386	20815	13340	5841	0	37994	2871	2871	0	4027	4027	0
March 18, 2009 12:15:00 PM UTC	1237400100000	63	22	yes	49.1	185.2	23386	20815	13342	5765	0	38068	2901	2901	0	4031	4031	0
March 18, 2009 12:16:00 PM UTC	1237400160000	65	20	no	49.1	185.6	23386	20815	13338	5871	0	37966	2858	2858	0	4027	4027	0
March 18, 2009 12:17:00 PM UTC	1237400220000	68	18	no	49.1	186.0	23386	20815	13338	5869	0	37968	2858	2858	0	4022	4022	0
March 18, 2009 12:18:00 PM UTC	1237400280000	69	18	no	49.1	186.3	23386	20815	13340	5872	0	37963	2856	2856	0	4020	4020	0
March 18, 2009 12:19:00 PM UTC	1237400340000	69	20	no	49.1	186.7	23386	20815	13340	5870	0	37965	2861	2839	22	4017	4017	0
March 18, 2009 12:20:00 PM UTC	1237400400000	64	22	no	49.0	187.1	23386	20815	13342	5870	0	37963	2868	2868	0	4019	4019	0
March 18, 2009 12:21:00 PM UTC	1237400460000	62	24	no	49.0	187.5	23386	20815	13340	5871	0	37964	2859	2859	0	4014	4013	1
March 18, 2009 12:22:00 PM UTC	1237400520000	58	24	no	49.0	187.9	23386	20815	13338	5877	0	37960	2849	2802	47	4014	4005	9
March 18, 2009 12:23:00 PM UTC	1237400580000	56	24	yes	49.0	188.2	23386	20815	13341	5799	0	38035	2887	2852	35	4012	4012	0
March 18, 2009 12:24:00 PM UTC	1237400640000	52	24	no	48.9	188.6	23386	20815	13341	5799	0	38035	2882	2832	50	4011	4011	0
March 18, 2009 12:25:00 PM UTC	1237400700000	51	25	yes	48.9	189.0	23386	20815	13340	5825	0	38010	2885	2862	23	4010	4010	0
March 18, 2009 12:26:00 PM UTC	1237400760000	51	28	yes	48.9	189.4	23386	20815	13338	5836	0	38001	2869	2852	17	4010	4010	0
March 18, 2009 12:27:00 PM UTC	1237400820000	49	23	no	48.8	189.7	23386	20815	13336	5915	0	37924	2843	2840	3	4003	4003	0
March 18, 2009 12:28:00 PM UTC	1237400880000	52	28	yes	48.8	190.1	23386	20815	13337	5915	0	37923	2840	2840	0	3995	3995	0
March 18, 2009 12:29:00 PM UTC	1237400940000	54	24	yes	48.8	190.5	23386	20815	13336	5927	0	37912	2839	2839	0	3990	3990	0
March 18, 2009 12:30:00 PM UTC	1237401000000	53	23	no	48.7	190.9	23386	20815	13334	5929	0	37912	2826	2826	0	3987	3987	0
March 18, 2009 12:31:00 PM UTC	1237401060000	55	24	no	48.7	191.2	23386	20815	13337	5854	0	37984	2858	2858	0	3987	3987	0
March 18, 2009 12:32:00 PM UTC	1237401120000	57	28	yes	48.7	191.6	23386	20815	13337	5855	0	37983	2863	2863	0	3982	3982	0
March 18, 2009 12:33:00 PM UTC	1237401180000	57	27	no	48.6	192.0	23386	20815	13337	5855	0	37983	2860	2856	4	3978	3978	0
March 18, 2009 12:34:00 PM UTC	1237401240000	57	30	no	48.6	192.4	23386	20815	13321	5926	0	37928	2827	2778	49	3972	3972	0
March 18, 2009 12:35:00 PM UTC	1237401300000	60	32	yes	48.6	192.7	23386	20815	13323	5915	0	37937	2831	2778	53	3966	3958	8
March 18, 2009 12:36:00 PM UTC	1237401360000	58	40	yes	48.5	193.1	23386	20815	13333	5901	0	37941	2851	2805	46	3972	3956	16
March 18, 2009 12:37:00 PM UTC	1237401420000	48	48	yes	48.5	193.5	23386	20815	13333	5901	0	37941	2844	2810	34	3968	3921	47
March 18, 2009 12:38:00 PM UTC	1237401480000	42	54	yes	48.4	193.9	23386	20815	13333	5834	0	38008	2875	2866	9	3963	3922	41
March 18, 2009 12:39:00 PM UTC	1237401540000	37	55	yes	48.4	194.2	23386	20815	13329	5931	0	37915	2827	2743	84	3954	3921	33
March 18, 2009 12:40:00 PM UTC	1237401600000	35	53	yes	48.3	194.6	23386	20815	13329	5931	0	37915	2828	2774	54	3956	3819	137
March 18, 2009 12:41:00 PM UTC	1237401660000	33	46	yes	48.3	195.0	23386	20815	13329	5931	0	37915	2824	2661	163	3952	3750	202
March 18, 2009 12:42:00 PM UTC	1237401720000	33	43	yes	48.2	195.3	23386	20815	13329	5931	0	37915	2830	2773	57	3946	3754	192
March 18, 2009 12:43:00 PM UTC	1237401780000	30	43	yes	48.2	195.7	23386	20815	13329	5930	0	37916	2829	2663	166	3941	3675	266
March 18, 2009 12:44:00 PM UTC	1237401840000	30	45	yes	48.1	196.1	23386	20815	13328	5930	0	37917	2836	2711	125	3936	3639	297
March 18, 2009 12:45:00 PM UTC	1237401900000	29	43	yes	48.1	196.4	23386	20815	13323	5958	0	37894	2813	2541	271	3930	3797	133
March 18, 2009 12:46:00 PM UTC	1237401960000	29	42	yes	48.0	196.8	23386	20815	13326	5885	0	37964	2848	2780	68	3929	3929	0
March 18, 2009 12:47:00 PM UTC	1237402020000	30	37	yes	48.0	197.2	23386	20815	13335	5843	0	37997	2867	2771	96	3928	3928	0
March 18, 2009 12:48:00 PM UTC	1237402080000	31	38	yes	47.9	197.5	23386	20815	13335	5843	0	37997	2866	2853	13	3924	3920	4
March 18, 2009 12:49:00 PM UTC	1237402140000	32	37	yes	47.8	197.9	23386	20815	13337	5874	0	37964	2861	2861	0	3921	3796	125
March 18, 2009 12:50:00 PM UTC	1237402200000	32	39	yes	47.8	198.2	23386	20815	13336	5877	0	37962	2855	2853	2	3915	3663	252
March 18, 2009 12:51:00 PM UTC	1237402260000	32	39	yes	47.7	198.6	23386	20815	13335	5878	0	37962	2857	2848	9	3911	3482	429
March 18, 2009 12:52:00 PM UTC	1237402320000	32	40	yes	47.7	199.0	23386	20815	13335	5878	0	37962	2852	2851	1	3908	3547	361
March 18, 2009 12:53:00 PM UTC	1237402380000	32	40	yes	47.6	199.3	23386	20815	13330	5844	0	38001	2870	2861	9	3896	3475	421
March 18, 2009 12:54:00 PM UTC	1237402440000	30	41	yes	47.5	199.7	23386	20815	13334	5900	0	37941	2843	2806	37	3894	3479	415
March 18, 2009 12:55:00 PM UTC	1237402500000	30	39	yes	47.5	200.0	23386	20815	13329	5924	0	37922	2834	2769	65	3887	3539	348
March 18, 2009 12:56:00 PM UTC	1237402560000	28	40	yes	47.4	200.4	23386	20815	13329	5924	0	37922	2836	2796	40	3878	3582	296
March 18, 2009 12:57:00 PM UTC	1237402620000	28	41	yes	47.3	200.8	23386	20815	13329	5924	0	37922	2832	2750	82	3877	3646	231
March 18, 2009 12:58:00 PM UTC	1237402680000	29	41	yes	47.3	201.1	23386	20815	13325	5937	0	37913	2826	2759	67	3869	3743	126
March 18, 2009 12:59:00 PM UTC	1237402740000	30	44	yes	47.2	201.5	23386	20815	13329	5923	0	37923	2830	2788	42	3869	3828	41
March 18, 2009 1:00:00 PM UTC	1237402800000	33	44	yes	47.1	201.8	23386	20815	13336	5904	0	37935	2841	2839	2	3868	3866	2
March 18, 2009 1:01:00 PM UTC	1237402860000	37	46	yes	47.1	202.2	23386	20815	13338	5834	0	38003	2868	2868	0	3869	3860	9
March 18, 2009 1:02:00 PM UTC	1237402920000	43	46	yes	47.0	202.5	23386	20815	13332	5859	0	37984	2865	2865	0	3850	3849	1
March 18, 2009 1:03:00 PM UTC	1237402980000	44	46	no	46.9	202.9	23386	20815	13338	5834	0	38003	2871	2869	2	3850	3663	187
March 18, 2009 1:04:00 PM UTC	1237403040000	49	43	yes	46.8	203.2	23386	20815	13324	5939	0	37912	2829	2829	0	3835	3743	92
March 18, 2009 1:05:00 PM UTC	1237403100000	53	41	yes	46.8	203.6	23386	20815	13331	5903	0	37941	2847	2843	4	3832	3783	49
March 18, 2009 1:06:00 PM UTC	1237403160000	54	42	yes	46.7	203.9	23386	20815	13331	5903	0	37941	2845	2843	2	3832	3785	47
March 18, 2009 1:07:00 PM UTC	1237403220000	56	42	yes	46.6	204.3	23386	20815	13330	5924	0	37921	2833	2829	4	3819	3819	0
March 18, 2009 1:08:00 PM UTC	1237403280000	59	41	yes	46.5	204.6	23386	20815	13333	5857	0	37985	2858	2818	40	3818	3818	0
March 18, 2009 1:09:00 PM UTC	1237403340000	63	37	yes	46.5	204.9	23386	20815	13339	5825	0	38011	2884	2847	37	3811	3811	0
March 18, 2009 1:10:00 PM UTC	1237403400000	62	38	yes	46.4	205.3	23386	20815	13338	5826	0	38011	2878	2862	16	3808	3792	16
March 18, 2009 1:11:00 PM UTC	1237403460000	66	33	no	46.3	205.6	23386	20815	13338	5826	0	38011	2882	2880	2	3796	3796	0
March 18, 2009 1:12:00 PM UTC	1237403520000	70	30	no	46.2	206.0	23386	20815	13330	5856	0	37989	2864	2864	0	3788	3788	0
March 18, 2009 1:13:00 PM UTC	1237403580000	72	27	no	46.1	206.3	23386	20815	13314	5994	0	37867	2806	2806	0	3777	3777	0
March 18, 2009 1:14:00 PM UTC	1237403640000	73	23	no	46.0	206.7	23386	20815	13335	5902	0	37938	2859	2859	0	3776	3776	0
March 18, 2009 1:15:00 PM UTC	1237403700000	72	21	no	46.0	207.0	23386	20815	13330	5886	0	37959	2856	2846	10	3770	3770	0
March 18, 2009 1:16:00 PM UTC	1237403760000	71	19	no	45.9	207.3	23386	20815	13330	5886	0	37959	2859	2859	0	3757	3757	0
March 18, 2009 1:17:00 PM UTC	1237403820000	69	21	no	45.8	207.7	23386	20815	13345	5825	0	38005	2889	2889	0	3761	3761	0
March 18, 2009 1:18:00 PM UTC	1237403880000	67	23	no	45.7	208.0	23386	20815	13330	5886	0	37959	2852	2852	0	3751	3751	0
March 18, 2009 1:19:00 PM UTC	1237403940000	67	26	no	45.6	208.3	23386	20815	13330	5886	0	37959	2856	2856	0	3738	3738	0
March 18, 2009 1:20:00 PM UTC	1237404000000	71	25	no	45.5	208.7	23386	20815	13321	5928	0	37926	2827	2827	0	3730	3730	0
March 18, 2009 1:21:00 PM UTC	1237404060000	77	22	no	45.4	209.0	23386	20815	13342	5834	0	37999	2876	2876	0	3737	3737	0
March 18, 2009 1:22:00 PM UTC	1237404120000	82	18	no	45.3	209.3	23386	20815	13333	5892	0	37950	2850	2850	0	3717	3717	0
March 18, 2009 1:23:00 PM UTC	1237404180000	93	7	yes	45.2	209.7	23386	20815	13322	5885	0	37968	2847	2847	0	3710	3710	0
March 18, 2009 1:24:00 PM UTC	1237404240000	94	6	no	45.1	210.0	23386	20815	13333	5875	0	37967	2867	2867	0	3703	3703	0
March 18, 2009 1:25:00 PM UTC	1237404300000	95	4	yes	45.0	210.3	23386	20815	13337	5874	0	37964	2865	2865	0	3698	3698	0
March 18, 2009 1:26:00 PM UTC	1237404360000	96	4	yes	44.9	210.6	23386	20815	13327	5913	0	37935	2850	2840	10	3683	3683	0
March 18, 2009 1:27:00 PM UTC	1237404420000	95	5	yes	44.8	211.0	23386	20815	13349	5818	0	38008	2895	2879	16	3686	3686	0
March 18, 2009 1:28:00 PM UTC	1237404480000	94	6	yes	44.7	211.3	23386	20815	13327	5913	0	37935	2844	2705	139	3670	3670	0
March 18, 2009 1:29:00 PM UTC	1237404540000	92	8	no	44.6	211.6	23386	20815	13327	5913	0	37935	2849	2830	19	3656	3656	0
March 18, 2009 1:30:00 PM UTC	1237404600000	91	9	no	44.5	211.9	23386	20815	13340	5827	0	38008	2887	2860	27	3656	3656	0
March 18, 2009 1:31:00 PM UTC	1237404660000	92	8	no	44.4	212.3	23386	20815	13342	5824	0	38009	2888	2888	0	3643	3643	0
March 18, 2009 1:32:00 PM UTC	1237404720000	91	9	no	44.3	212.6	23386	20815	13318	5939	0	37918	2830	2830	0	3631	3631	0
March 18, 2009 1:33:00 PM UTC	1237404780000	93	7	no	44.2	212.9	23386	20815	13337	5842	0	37996	2889	2889	0	3621	3621	0
March 18, 2009 1:34:00 PM UTC	1237404840000	94	6	no	44.1	213.2	23386	20815	13333	5862	0	37980	2877	2877	0	3615	3615	0
March 18, 2009 1:35:00 PM UTC	1237404900000	97	3	no	44.0	213.5	23386	20815	13324	5900	0	37951	2843	2843	0	3610	3610	0
March 18, 2009 1:36:00 PM UTC	1237404960000	99	1	no	43.9	213.8	23386	20815	13333	5862	0	37980	2869	2869	0	3601	3601	0
March 18, 2009 1:37:00 PM UTC	1237405020000	99	1	no	43.8	214.1	23386	20815	13323	5903	0	37949	2843	2843	0	3592	3592	0
March 18, 2009 1:38:00 PM UTC	1237405080000	98	2	no	43.7	214.5	23386	20815	13324	5875	0	37976	2848	2845	3	3591	3591	0
March 18, 2009 1:39:00 PM UTC	1237405140000	96	4	no	43.6	214.8	23386	20815	13336	5820	0	38019	2885	2852	33	3578	3578	0
March 18, 2009 1:40:00 PM UTC	1237405200000	93	7	no	43.5	215.1	23386	20815	13324	5875	0	37976	2853	2853	0	3580	3580	0
March 18, 2009 1:41:00 PM UTC	1237405260000	90	10	no	43.4	215.4	23386	20815	13336	5820	0	38019	2889	2889	0	3554	3554	0
March 18, 2009 1:42:00 PM UTC	1237405320000	87	13	no	43.3	215.7	23386	20815	13336	5820	0	38019	2890	2890	0	3556	3556	0
March 18, 2009 1:43:00 PM UTC	1237405380000	83	15	no	43.2	216.0	23386	20815	13315	5917	0	37943	2836	2836	0	3526	3526	0
March 18, 2009 1:44:00 PM UTC	1237405440000	84	14	yes	43.0	216.3	23386	20815	13336	5819	0	38020	2884	2884	0	3535	3535	0
March 18, 2009 1:45:00 PM UTC	1237405500000	84	14	yes	42.9	216.6	23386	20815	13327	5859	0	37989	2867	2867	0	3518	3518	0
March 18, 2009 1:46:00 PM UTC	1237405560000	84	16	yes	42.8	216.9	23386	20815	13339	5783	0	38053	2902	2871	31	3511	3511	0
March 18, 2009 1:47:00 PM UTC	1237405620000	84	16	yes	42.7	217.2	23386	20815	13326	5837	0	38012	2881	2871	10	3500	3500	0
March 18, 2009 1:48:00 PM UTC	1237405680000	82	18	no	42.6	217.5	23386	20815	13338	5784	0	38053	2908	2881	27	3489	3489	0
March 18, 2009 1:49:00 PM UTC	1237405740000	84	16	no	42.5	217.8	23386	20815	13338	5784	0	38053	2911	2911	0	3481	3481	0
March 18, 2009 1:50:00 PM UTC	1237405800000	88	12	yes	42.4	218.1	23386	20815	13326	5834	0	38015	2876	2840	36	3471	3471	0
March 18, 2009 1:51:00 PM UTC	1237405860000	90	10	yes	42.2	218.4	23386	20815	13329	5827	0	38019	2884	2884	0	3456	3456	0
March 18, 2009 1:52:00 PM UTC	1237405920000	93	7	no	42.1	218.7	23386	20815	13337	5783	0	38055	2904	2904	0	3454	3454	0
March 18, 2009 1:53:00 PM UTC	1237405980000	95	5	no	42.0	219.0	23386	20815	13328	5829	0	38018	2876	2876	0	3444	3444	0
March 18, 2009 1:54:00 PM UTC	1237406040000	96	4	no	41.9	219.3	23386	20815	13328	5813	0	38034	2893	2893	0	3429	3429	0
March 18, 2009 1:55:00 PM UTC	1237406100000	97	3	no	41.8	219.6	23386	20815	13340	5761	0	38074	2916	2916	0	3425	3425	0
March 18, 2009 1:56:00 PM UTC	1237406160000	99	1	no	41.6	219.9	23386	20815	13319	5858	0	37998	2863	2863	0	3405	3405	0
March 18, 2009 1:57:00 PM UTC	1237406220000	99	1	no	41.5	220.2	23386	20815	13340	5761	0	38074	2919	2919	0	3399	3399	0
March 18, 2009 1:58:00 PM UTC	1237406280000	99	1	no	41.4	220.5	23386	20815	13329	5807	0	38039	2889	2889	0	3388	3388	0
March 18, 2009 1:59:00 PM UTC	1237406340000	100	0	no	41.3	220.8	23386	20815	13340	5761	0	38074	2916	2916	0	3375	3375	0
March 18, 2009 2:00:00 PM UTC	1237406400000	100	0	yes	41.1	221.1	23386	20815	13328	5871	0	37976	2870	2870	0	3369	3369	0
March 18, 2009 2:01:00 PM UTC	1237406460000	100	0	no	41.0	221.3	23386	20815	13328	5871	0	37976	2880	2880	0	3350	3350	0
March 18, 2009 2:02:00 PM UTC	1237406520000	100	0	no	40.9	221.6	23386	20815	13328	5867	0	37980	2880	2880	0	3342	3342	0
March 18, 2009 2:03:00 PM UTC	1237406580000	99	1	no	40.8	221.9	23386	20815	13339	5814	0	38022	2904	2904	0	3335	3335	0
March 18, 2009 2:04:00 PM UTC	1237406640000	97	3	yes	40.6	222.2	23386	20815	13328	5867	0	37980	2876	2876	0	3321	3321	0
March 18, 2009 2:05:00 PM UTC	1237406700000	96	4	no	40.5	222.5	23386	20815	13338	5818	0	38019	2902	2902	0	3310	3310	0
March 18, 2009 2:06:00 PM UTC	1237406760000	97	3	no	40.4	222.8	23386	20815	13329	5866	0	37980	2875	2875	0	3303	3303	0
March 18, 2009 2:07:00 PM UTC	1237406820000	98	2	no	40.2	223.0	23386	20815	13328	5926	0	37921	2857	2857	0	3290	3290	0
March 18, 2009 2:08:00 PM UTC	1237406880000	99	1	no	40.1	223.3	23386	20815	13329	5928	0	37918	2855	2855	0	3281	3281	0
March 18, 2009 2:09:00 PM UTC	1237406940000	100	0	no	40.0	223.6	23386	20815	13328	5928	0	37919	2869	2869	0	3261	3261	0
March 18, 2009 2:10:00 PM UTC	1237407000000	100	0	no	39.8	223.9	23386	20815	13328	5878	0	37969	2878	2878	0	3256	3256	0
March 18, 2009 2:11:00 PM UTC	1237407060000	100	0	no	39.7	224.1	23386	20815	13328	5923	0	37924	2865	2865	0	3244	3244	0
March 18, 2009 2:12:00 PM UTC	1237407120000	100	0	no	39.6	224.4	23386	20815	13329	5922	0	37924	2861	2861	0	3231	3231	0
March 18, 2009 2:13:00 PM UTC	1237407180000	100	0	no	39.4	224.7	23386	20815	13328	5847	0	38000	2889	2889	0	3217	3217	0
March 18, 2009 2:14:00 PM UTC	1237407240000	100	0	no	39.3	225.0	23386	20815	13329	5846	0	38000	2885	2885	0	3207	3207	0
March 18, 2009 2:15:00 PM UTC	1237407300000	100	0	no	39.2	225.2	23386	20815	13328	5848	0	37999	2888	2888	0	3190	3190	0
March 18, 2009 2:16:00 PM UTC	1237407360000	100	0	no	39.0	225.5	23386	20815	13338	5798	0	38039	2909	2909	0	3182	3182	0
March 18, 2009 2:17:00 PM UTC	1237407420000	100	0	no	38.9	225.8	23386	20815	13329	5848	0	37998	2883	2883	0	3170	3170	0
March 18, 2009 2:18:00 PM UTC	1237407480000	100	0	no	38.8	226.0	23386	20815	13329	5848	0	37998	2885	2885	0	3160	3160	0
March 18, 2009 2:19:00 PM UTC	1237407540000	100	0	no	38.6	226.3	23386	20815	13329	5814	0	38032	2900	2900	0	3154	3154	0
March 18, 2009 2:20:00 PM UTC	1237407600000	100	0	no	38.5	226.6	23386	20815	13316	5914	0	37945	2858	2858	0	3137	3137	0
March 18, 2009 2:21:00 PM UTC	1237407660000	100	0	no	38.3	226.8	23386	20815	13329	5863	0	37983	2879	2879	0	3128	3128	0
March 18, 2009 2:22:00 PM UTC	1237407720000	100	0	no	38.2	227.1	23386	20815	13318	5914	0	37943	2852	2852	0	3115	3115	0
March 18, 2009 2:23:00 PM UTC	1237407780000	100	0	no	38.1	227.4	23386	20815	13339	5816	0	38020	2909	2909	0	3105	3105	0
March 18, 2009 2:24:00 PM UTC	1237407840000	100	0	no	37.9	227.6	23386	20815	13327	5869	0	37979	2879	2879	0	3095	3095	0
March 18, 2009 2:25:00 PM UTC	1237407900000	100	0	no	37.8	227.9	23386	20815	13339	5818	0	38018	2904	2904	0	3083	3083	0
March 18, 2009 2:26:00 PM UTC	1237407960000	100	0	no	37.6	228.2	23386	20815	13327	5870	0	37978	2875	2875	0	3072	3072	0
March 18, 2009 2:27:00 PM UTC	1237408020000	99	1	no	37.5	228.4	23386	20815	13327	5870	0	37978	2861	2861	0	3067	3067	0
March 18, 2009 2:28:00 PM UTC	1237408080000	99	1	no	37.4	228.7	23386	20815	13338	5788	0	38049	2912	2912	0	3054	3054	0
March 18, 2009 2:29:00 PM UTC	1237408140000	99	1	no	37.2	228.9	23386	20815	13326	5882	0	37967	2859	2859	0	3050	3050	0
March 18, 2009 2:30:00 PM UTC	1237408200000	100	0	no	37.1	229.2	23386	20815	13335	5848	0	37992	2884	2884	0	3039	3039	0
March 18, 2009 2:31:00 PM UTC	1237408260000	100	0	no	36.9	229.4	23386	20815	13324	5893	0	37958	2854	2854	0	3031	3031	0
March 18, 2009 2:32:00 PM UTC	1237408320000	99	1	no	36.8	229.7	23386	20815	13335	5840	0	38000	2882	2882	0	3013	3013	0
March 18, 2009 2:33:00 PM UTC	1237408380000	99	1	no	36.6	229.9	23386	20815	13324	5894	0	37957	2844	2844	0	3012	3012	0
March 18, 2009 2:34:00 PM UTC	1237408440000	98	2	yes	36.5	230.2	23386	20815	13336	5838	0	38001	2882	2882	0	2994	2994	0
March 18, 2009 2:35:00 PM UTC	1237408500000	96	4	yes	36.3	230.4	23386	20815	13324	5893	0	37958	2841	2841	0	2994	2994	0
March 18, 2009 2:36:00 PM UTC	1237408560000	95	5	no	36.2	230.7	23386	20815	13324	5893	0	37958	2837	2837	0	2982	2982	0
March 18, 2009 2:37:00 PM UTC	1237408620000	92	8	no	36.0	230.9	23386	20815	13326	5860	0	37989	2851	2851	0	2976	2976	0
March 18, 2009 2:38:00 PM UTC	1237408680000	89	10	no	35.9	231.2	23386	20815	13326	5860	0	37989	2830	2830	0	2976	2976	0
March 18, 2009 2:39:00 PM UTC	1237408740000	83	16	no	35.7	231.4	23386	20815	13332	5875	0	37968	2842	2760	82	2963	2963	0
March 18, 2009 2:40:00 PM UTC	1237408800000	82	17	no	35.6	231.7	23386	20815	13324	5844	0	38007	2832	2824	8	2955	2955	0
March 18, 2009 2:41:00 PM UTC	1237408860000	87	13	no	35.4	231.9	23386	20815	13334	5802	0	38039	2850	2850	0	2952	2952	0
March 18, 2009 2:42:00 PM UTC	1237408920000	94	6	no	35.3	232.2	23386	20815	13334	5802	0	38039	2846	2846	0	2937	2937	0
March 18, 2009 2:43:00 PM UTC	1237408980000	99	1	no	35.1	232.4	23386	20815	13321	5857	0	37997	2813	2813	0	2933	2933	0
March 18, 2009 2:44:00 PM UTC	1237409040000	100	0	no	35.0	232.7	23386	20815	13334	5802	0	38039	2842	2842	0	2925	2925	0
March 18, 2009 2:45:00 PM UTC	1237409100000	100	0	no	34.8	232.9	23386	20815	13330	5823	0	38022	2820	2819	0	2918	2918	0
March 18, 2009 2:46:00 PM UTC	1237409160000	100	0	no	34.7	233.2	23386	20815	13335	5772	0	38068	2843	2843	0	2912	2912	0
March 18, 2009 2:47:00 PM UTC	1237409220000	100	0	no	34.5	233.4	23386	20815	13323	5827	0	38025	2795	2795	0	2909	2909	0
March 18, 2009 2:48:00 PM UTC	1237409280000	100	0	no	34.4	233.6	23386	20815	13332	5787	0	38056	2816	2814	0	2906	2906	0
March 18, 2009 2:49:00 PM UTC	1237409340000	100	0	no	34.2	233.9	23386	20815	13321	5881	0	37973	2771	2771	0	2895	2895	0
March 18, 2009 2:50:00 PM UTC	1237409400000	100	0	no	34.1	234.1	23386	20815	13331	5841	0	38003	2784	2784	0	2886	2886	0
March 18, 2009 2:51:00 PM UTC	1237409460000	100	0	no	33.9	234.3	23386	20815	13331	5841	0	38003	2773	2773	0	2896	2896	0
March 18, 2009 2:52:00 PM UTC	1237409520000	100	0	no	33.8	234.6	23386	20815	13327	5859	0	37989	2755	2754	0	2872	2872	0
March 18, 2009 2:53:00 PM UTC	1237409580000	100	0	no	33.6	234.8	23386	20815	13331	5841	0	38003	2766	2766	0	2878	2878	0
March 18, 2009 2:54:00 PM UTC	1237409640000	100	0	no	33.5	235.0	23386	20815	13316	5897	0	37962	2725	2725	0	2855	2855	0
March 18, 2009 2:55:00 PM UTC	1237409700000	100	0	no	33.3	235.3	23386	20815	13336	5800	0	38039	2764	2764	0	2865	2865	0
March 18, 2009 2:56:00 PM UTC	1237409760000	100	0	no	33.1	235.5	23386	20815	13317	5873	0	37985	2712	2712	0	2867	2867	0
March 18, 2009 2:57:00 PM UTC	1237409820000	100	0	no	33.0	235.7	23386	20815	13341	5775	0	38059	2763	2763	0	2857	2857	0
March 18, 2009 2:58:00 PM UTC	1237409880000	100	0	no	32.8	236.0	23386	20815	13328	5831	0	38016	2724	2724	0	2859	2859	0
March 18, 2009 2:59:00 PM UTC	1237409940000	100	0	no	32.7	236.2	23386	20815	13341	5775	0	38059	2748	2748	0	2843	2843	0
March 18, 2009 3:00:00 PM UTC	1237410000000	100	0	no	32.5	236.4	23386	20815	13326	5894	0	37955	2687	2687	0	2844	2844	0
March 18, 2009 3:01:00 PM UTC	1237410060000	100	0	no	32.3	236.7	23386	20815	13326	5894	0	37955	2682	2682	0	2837	2837	0
March 18, 2009 3:02:00 PM UTC	1237410120000	100	0	no	32.2	236.9	23386	20815	13334	5856	0	37985	2697	2697	0	2831	2831	0
March 18, 2009 3:03:00 PM UTC	1237410180000	100	0	no	32.0	237.1	23386	20815	13326	5893	0	37956	2665	2650	0	2830	2830	0
March 18, 2009 3:04:00 PM UTC	1237410240000	100	0	no	31.9	237.3	23386	20815	13326	5893	0	37956	2653	2647	0	2831	2831	0
March 18, 2009 3:05:00 PM UTC	1237410300000	100	0	no	31.7	237.6	23386	20815	13335	5857	0	37983	2657	2657	0	2824	2824	0
March 18, 2009 3:06:00 PM UTC	1237410360000	100	0	no	31.5	237.8	23386	20815	13336	5858	0	37981	2658	2651	0	2821	2821	0
March 18, 2009 3:07:00 PM UTC	1237410420000	100	0	no	31.4	238.0	23386	20815	13329	5869	0	37977	2641	2626	0	2815	2815	0
March 18, 2009 3:08:00 PM UTC	1237410480000	100	0	no	31.2	238.2	23386	20815	13321	5891	0	37963	2619	2610	0	2812	2812	0
March 18, 2009 3:09:00 PM UTC	1237410540000	100	0	no	31.1	238.5	23386	20815	13336	5831	0	38008	2633	2623	0	2813	2813	0
March 18, 2009 3:10:00 PM UTC	1237410600000	100	0	no	30.9	238.7	23386	20815	13330	5855	0	37990	2622	2622	0	2804	2804	0
March 18, 2009 3:11:00 PM UTC	1237410660000	100	0	no	30.7	238.9	23386	20815	13335	5892	0	37948	2603	2603	0	2803	2803	0
March 18, 2009 3:12:00 PM UTC	1237410720000	100	0	no	30.6	239.1	23386	20815	13321	5952	0	37902	2559	2557	0	2805	2805	0
March 18, 2009 3:13:00 PM UTC	1237410780000	100	0	no	30.4	239.3	23386	20815	13343	5799	0	38033	2610	2609	0	2804	2804	0
March 18, 2009 3:14:00 PM UTC	1237410840000	100	0	no	30.2	239.6	23386	20815	13329	5859	0	37987	2569	2567	0	2798	2798	0
March 18, 2009 3:15:00 PM UTC	1237410900000	100	0	no	30.1	239.8	23386	20815	13341	5799	0	38035	2594	2589	0	2797	2797	0
March 18, 2009 3:16:00 PM UTC	1237410960000	100	0	no	29.9	240.0	23386	20815	13329	5858	0	37988	2547	2540	0	2794	2794	0
March 18, 2009 3:17:00 PM UTC	1237411020000	100	0	no	29.7	240.2	23386	20815	13329	5858	0	37988	2540	2537	0	2792	2792	0
March 18, 2009 3:18:00 PM UTC	1237411080000	100	0	no	29.6	240.4	23386	20815	13330	5841	0	38004	2538	2538	0	2788	2788	0
March 18, 2009 3:19:00 PM UTC	1237411140000	100	0	no	29.4	240.6	23386	20815	13337	5807	0	38031	2546	2546	0	2788	2788	0
March 18, 2009 3:20:00 PM UTC	1237411200000	100	0	no	29.2	240.8	23386	20815	13329	5840	0	38006	2515	2513	0	2785	2785	0
March 18, 2009 3:21:00 PM UTC	1237411260000	100	0	no	29.1	241.1	23386	20815	13329	5840	0	38006	2499	2496	0	2790	2790	0
March 18, 2009 3:22:00 PM UTC	1237411320000	100	0	no	28.9	241.3	23386	20815	13338	5808	0	38029	2512	2502	0	2780	2780	0
March 18, 2009 3:23:00 PM UTC	1237411380000	100	0	no	28.7	241.5	23386	20815	13335	5871	0	37969	2482	2468	0	2783	2783	0
March 18, 2009 3:24:00 PM UTC	1237411440000	100	0	no	28.6	241.7	23386	20815	13322	5933	0	37920	2443	2426	0	2784	2784	0
March 18, 2009 3:25:00 PM UTC	1237411500000	100	0	no	28.4	241.9	23386	20815	13338	5871	0	37966	2457	2445	0	2780	2780	0
March 18, 2009 3:26:00 PM UTC	1237411560000	100	0	no	28.2	242.1	23386	20815	13322	5933	0	37920	2418	2410	0	2779	2779	0
March 18, 2009 3:27:00 PM UTC	1237411620000	100	0	no	28.1	242.3	23386	20815	13338	5872	0	37965	2438	2426	0	2778	2778	0
March 18, 2009 3:28:00 PM UTC	1237411680000	100	0	no	27.9	242.5	23386	20815	13330	5866	0	37979	2416	2415	0	2785	2785	0
March 18, 2009 3:29:00 PM UTC	1237411740000	100	0	no	27.7	242.7	23386	20815	13338	5850	0	37987	2429	2429	0	2780	2780	0
March 18, 2009 3:30:00 PM UTC	1237411800000	100	0	no	27.6	242.9	23386	20815	13322	5912	0	37941	2385	2385	0	2774	2774	0
March 18, 2009 3:31:00 PM UTC	1237411860000	100	0	no	27.4	243.2	23386	20815	13338	5848	0	37989	2402	2402	0	2773	2773	0
March 18, 2009 3:32:00 PM UTC	1237411920000	100	0	no	27.2	243.4	23386	20815	13330	5881	0	37964	2369	2369	0	2777	2777	0
March 18, 2009 3:33:00 PM UTC	1237411980000	100	0	no	27.0	243.6	23386	20815	13330	5881	0	37964	2359	2359	0	2777	2777	0
March 18, 2009 3:34:00 PM UTC	1237412040000	100	0	no	26.9	243.8	23386	20815	13330	5881	0	37964	2344	2344	0	2777	2777	0
March 18, 2009 3:35:00 PM UTC	1237412100000	100	0	no	26.7	244.0	23386	20815	13335	5906	0	37934	2331	2331	0	2783	2783	0
March 18, 2009 3:36:00 PM UTC	1237412160000	100	0	no	26.5	244.2	23386	20815	13326	5944	0	37905	2298	2298	0	2785	2785	0
March 18, 2009 3:37:00 PM UTC	1237412220000	100	0	no	26.4	244.4	23386	20815	13326	5944	0	37905	2295	2295	0	2781	2781	0
March 18, 2009 3:38:00 PM UTC	1237412280000	100	0	no	26.2	244.6	23386	20815	13336	5911	0	37928	2297	2297	0	2780	2780	0
March 18, 2009 3:39:00 PM UTC	1237412340000	100	0	no	26.0	244.8	23386	20815	13338	5843	0	37994	2293	2293	0	2783	2783	0
March 18, 2009 3:40:00 PM UTC	1237412400000	100	0	no	25.8	245.0	23386	20815	13322	5906	0	37947	2255	2250	5	2785	2785	0
March 18, 2009 3:41:00 PM UTC	1237412460000	96	4	no	25.7	245.2	23386	20815	13338	5827	0	38010	2276	2034	222	2785	2785	0
March 18, 2009 3:42:00 PM UTC	1237412520000	85	12	no	25.5	245.4	23386	20815	13324	5891	0	37960	2235	2066	165	2788	2761	27
March 18, 2009 3:43:00 PM UTC	1237412580000	77	16	no	25.3	245.6	23386	20815	13337	5827	0	38011	2250	2242	8	2788	2709	79
March 18, 2009 3:44:00 PM UTC	1237412640000	75	17	yes	25.1	245.8	23386	20815	13324	5890	0	37961	2212	2212	0	2792	2728	64
March 18, 2009 3:45:00 PM UTC	1237412700000	76	19	no	25.0	246.0	23386	20815	13338	5825	0	38012	2230	2230	0	2790	2750	40
March 18, 2009 3:46:00 PM UTC	1237412760000	80	18	no	24.8	246.2	23386	20815	13329	5819	0	38027	2197	2197	0	2796	2796	0
March 18, 2009 3:47:00 PM UTC	1237412820000	87	12	yes	24.6	246.4	23386	20815	13329	5819	0	38027	2184	2184	0	2795	2795	0
March 18, 2009 3:48:00 PM UTC	1237412880000	94	6	yes	24.4	246.6	23386	20815	13321	5913	0	37941	2147	2147	0	2798	2798	0
March 18, 2009 3:49:00 PM UTC	1237412940000	97	3	yes	24.3	246.8	23386	20815	13328	5882	0	37965	2148	2148	0	2801	2801	0
March 18, 2009 3:50:00 PM UTC	1237413000000	98	2	yes	24.1	247.0	23386	20815	13328	5882	0	37965	2130	2130	0	2802	2802	0
March 18, 2009 3:51:00 PM UTC	1237413060000	97	3	yes	23.9	247.1	23386	20815	13328	5882	0	37965	2118	2118	0	2809	2809	0
March 18, 2009 3:52:00 PM UTC	1237413120000	95	5	yes	23.7	247.3	23386	20815	13328	5880	0	37967	2108	2108	0	2808	2808	0
March 18, 2009 3:53:00 PM UTC	1237413180000	93	7	yes	23.6	247.5	23386	20815	13335	5854	2	37984	2104	2102	0	2815	2815	0
March 18, 2009 3:54:00 PM UTC	1237413240000	90	10	yes	23.4	247.7	23386	20815	13335	5844	3	37993	2100	2097	0	2813	2813	0
March 18, 2009 3:55:00 PM UTC	1237413300000	85	15	yes	23.2	247.9	23386	20815	13330	5871	4	37970	2067	2063	0	2819	2819	0
March 18, 2009 3:56:00 PM UTC	1237413360000	78	21	yes	23.0	248.1	23386	20815	13330	5871	7	37967	2053	2046	0	2824	2824	0
March 18, 2009 3:57:00 PM UTC	1237413420000	71	25	no	22.9	248.3	23386	20815	13329	5869	8	37969	2037	2022	0	2824	2824	0
March 18, 2009 3:58:00 PM UTC	1237413480000	66	27	no	22.7	248.5	23386	20815	13335	5844	10	37986	2038	1979	0	2831	2831	0
March 18, 2009 3:59:00 PM UTC	1237413540000	64	26	no	22.5	248.7	23386	20815	13335	5844	4	37992	2026	1879	0	2829	2829	0
March 18, 2009 4:00:00 PM UTC	1237413600000	64	24	no	22.3	248.9	23386	20815	13335	5844	1	37995	2009	1864	0	2838	2838	0
March 18, 2009 4:01:00 PM UTC	1237413660000	66	25	no	22.1	249.1	23386	20815	13320	5909	3	37943	1969	1834	0	2841	2841	0
March 18, 2009 4:02:00 PM UTC	1237413720000	69	24	no	22.0	249.3	23386	20815	13339	5888	17	37931	1978	1878	0	2843	2843	0
March 18, 2009 4:03:00 PM UTC	1237413780000	74	22	no	21.8	249.4	23386	20815	13319	5978	13	37865	1927	1895	0	2853	2853	0
March 18, 2009 4:04:00 PM UTC	1237413840000	82	17	no	21.6	249.6	23386	20815	13333	5914	18	37910	1940	1901	0	2851	2851	0
March 18, 2009 4:05:00 PM UTC	1237413900000	90	10	no	21.4	249.8	23386	20815	13319	5978	26	37852	1900	1843	0	2858	2858	0
March 18, 2009 4:06:00 PM UTC	1237413960000	95	5	no	21.2	250.0	23386	20815	13325	5955	44	37851	1896	1840	0	2862	2862	0
March 18, 2009 4:07:00 PM UTC	1237414020000	98	2	no	21.1	250.2	23386	20815	13338	5879	47	37911	1912	1814	0	2866	2866	0
March 18, 2009 4:08:00 PM UTC	1237414080000	100	0	no	20.9	250.4	23386	20815	13325	5945	20	37885	1875	1849	0	2870	2870	0
March 18, 2009 4:09:00 PM UTC	1237414140000	100	0	no	20.7	250.6	23386	20815	13342	5879	29	37925	1876	1847	0	2877	2877	0
March 18, 2009 4:10:00 PM UTC	1237414200000	99	1	no	20.5	250.7	23386	20815	13325	5945	20	37885	1841	1819	0	2883	2883	0
March 18, 2009 4:11:00 PM UTC	1237414260000	97	3	no	20.3	250.9	23386	20815	13343	5852	7	37973	1866	1851	0	2885	2885	0
March 18, 2009 4:12:00 PM UTC	1237414320000	95	5	no	20.2	251.1	23386	20815	13326	5942	0	37907	1809	1793	0	2893	2893	0
March 18, 2009 4:13:00 PM UTC	1237414380000	93	7	no	20.0	251.3	23386	20815	13326	5942	8	37899	1792	1766	0	2904	2904	0
March 18, 2009 4:14:00 PM UTC	1237414440000	92	8	no	19.8	251.5	23386	20815	13328	5826	25	37996	1797	1762	0	2905	2905	0
March 18, 2009 4:15:00 PM UTC	1237414500000	93	7	no	19.6	251.7	23386	20815	13328	5826	21	38000	1783	1752	0	2912	2912	0
March 18, 2009 4:16:00 PM UTC	1237414560000	96	4	no	19.4	251.8	23386	20815	13333	5804	8	38030	1767	1746	0	2922	2922	0
March 18, 2009 4:17:00 PM UTC	1237414620000	99	1	no	19.3	252.0	23386	20815	13330	5872	1	37972	1751	1732	0	2925	2925	0
March 18, 2009 4:18:00 PM UTC	1237414680000	99	1	no	19.1	252.2	23386	20815	13344	5805	6	38020	1767	1711	0	2929	2929	0
March 18, 2009 4:19:00 PM UTC	1237414740000	99	1	no	18.9	252.4	23386	20815	13330	5871	7	37967	1714	1630	0	2945	2945	0
March 18, 2009 4:20:00 PM UTC	1237414800000	100	0	no	18.7	252.6	23386	20815	13330	5871	20	37954	1709	1582	0	2946	2946	0
March 18, 2009 4:21:00 PM UTC	1237414860000	100	0	no	18.5	252.8	23386	20815	13335	5850	15	37975	1698	1571	0	2956	2956	0
March 18, 2009 4:22:00 PM UTC	1237414920000	100	0	no	18.3	252.9	23386	20815	13335	5850	2	37988	1681	1533	0	2965	2965	0
March 18, 2009 4:23:00 PM UTC	1237414980000	100	0	no	18.2	253.1	23386	20815	13331	5870	3	37971	1666	1561	0	2966	2966	0
March 18, 2009 4:24:00 PM UTC	1237415040000	100	0	no	18.0	253.3	23386	20815	13331	5870	6	37968	1647	1603	0	2975	2975	0
March 18, 2009 4:25:00 PM UTC	1237415100000	100	0	no	17.8	253.5	23386	20815	13317	5938	3	37917	1605	1589	0	2987	2987	0
March 18, 2009 4:26:00 PM UTC	1237415160000	100	0	no	17.6	253.6	23386	20815	13336	5849	1	37989	1623	1597	0	2988	2988	0
March 18, 2009 4:27:00 PM UTC	1237415220000	100	0	no	17.4	253.8	23386	20815	13322	5915	0	37938	1585	1585	0	3001	3001	0
March 18, 2009 4:28:00 PM UTC	1237415280000	100	0	no	17.2	254.0	23386	20815	13337	5848	3	37987	1593	1570	0	3009	3009	0
March 18, 2009 4:29:00 PM UTC	1237415340000	100	0	no	17.1	254.2	23386	20815	13337	5848	0	37990	1577	1557	0	3016	3016	0
March 18, 2009 4:30:00 PM UTC	1237415400000	100	0	no	16.9	254.4	23386	20815	13336	5847	0	37992	1565	1536	0	3026	3026	0
March 18, 2009 4:31:00 PM UTC	1237415460000	100	0	no	16.7	254.5	23386	20815	13341	5829	0	38005	1552	1551	0	3036	3036	0
March 18, 2009 4:32:00 PM UTC	1237415520000	100	0	no	16.5	254.7	23386	20815	13326	5896	0	37953	1518	1505	0	3042	3042	0
March 18, 2009 4:33:00 PM UTC	1237415580000	100	0	no	16.3	254.9	23386	20815	13338	5904	0	37933	1516	1511	0	3053	3053	0
March 18, 2009 4:34:00 PM UTC	1237415640000	100	0	no	16.1	255.1	23386	20815	13322	5971	0	37882	1472	1472	0	3064	3064	0
March 18, 2009 4:35:00 PM UTC	1237415700000	100	0	no	16.0	255.2	23386	20815	13336	5899	0	37940	1485	1485	0	3074	3074	0
March 18, 2009 4:36:00 PM UTC	1237415760000	100	0	no	15.8	255.4	23386	20815	13336	5899	0	37940	1466	1466	0	3082	3082	0
March 18, 2009 4:37:00 PM UTC	1237415820000	100	0	no	15.6	255.6	23386	20815	13322	5968	0	37885	1431	1431	0	3095	3095	0
March 18, 2009 4:38:00 PM UTC	1237415880000	100	0	no	15.4	255.8	23386	20815	13338	5900	0	37937	1441	1426	0	3101	3101	0
March 18, 2009 4:39:00 PM UTC	1237415940000	100	0	no	15.2	255.9	23386	20815	13322	5968	15	37870	1401	1200	0	3113	3113	0
March 18, 2009 4:40:00 PM UTC	1237416000000	99	1	no	15.0	256.1	23386	20815	13338	5864	59	37914	1416	1051	0	3121	3121	0
March 18, 2009 4:41:00 PM UTC	1237416060000	97	1	no	14.8	256.3	23386	20815	13324	5931	67	37853	1373	655	0	3132	3102	20
March 18, 2009 4:42:00 PM UTC	1237416120000	98	1	no	14.7	256.5	23386	20815	13324	5931	43	37877	1359	753	0	3146	3118	8
March 18, 2009 4:43:00 PM UTC	1237416180000	98	1	no	14.5	256.6	23386	20815	13328	5914	5	37928	1354	910	0	3155	3150	4
March 18, 2009 4:44:00 PM UTC	1237416240000	99	1	no	14.3	256.8	23386	20815	13328	5914	1	37932	1331	1114	0	3168	3165	2
March 18, 2009 4:45:00 PM UTC	1237416300000	99	1	no	14.1	257.0	23386	20815	13345	5769	0	38061	1353	1221	0	3178	3161	3
March 18, 2009 4:46:00 PM UTC	1237416360000	99	1	no	13.9	257.1	23386	20815	13331	5830	0	38014	1310	1194	0	3195	3192	3
March 18, 2009 4:47:00 PM UTC	1237416420000	99	0	no	13.7	257.3	23386	20815	13331	5830	0	38014	1299	1183	0	3206	3203	0
March 18, 2009 4:48:00 PM UTC	1237416480000	100	0	no	13.5	257.5	23386	20815	13330	5837	0	38008	1282	1173	0	3216	3212	0
March 18, 2009 4:49:00 PM UTC	1237416540000	100	0	no	13.3	257.7	23386	20815	13330	5837	0	38008	1261	1256	0	3234	3232	0
March 18, 2009 4:50:00 PM UTC	1237416600000	100	0	no	13.2	257.8	23386	20815	13331	5900	0	37944	1242	1238	0	3247	3247	0
March 18, 2009 4:51:00 PM UTC	1237416660000	100	0	no	13.0	258.0	23386	20815	13331	5902	0	37942	1231	1212	0	3260	3256	0
March 18, 2009 4:52:00 PM UTC	1237416720000	99	0	no	12.8	258.2	23386	20815	13344	5832	0	37999	1239	1154	0	3272	3237	0
March 18, 2009 4:53:00 PM UTC	1237416780000	99	0	no	12.6	258.3	23386	20815	13330	5901	10	37934	1202	900	0	3285	3259	3
March 18, 2009 4:54:00 PM UTC	1237416840000	99	0	no	12.4	258.5	23386	20815	13330	5901	48	37896	1184	797	0	3301	3238	1
March 18, 2009 4:55:00 PM UTC	1237416900000	99	0	no	12.2	258.7	23386	20815	13330	5901	62	37882	1172	786	0	3315	3260	3
March 18, 2009 4:56:00 PM UTC	1237416960000	98	1	no	12.0	258.8	23386	20815	13330	5901	64	37880	1158	754	0	3326	3271	20
March 18, 2009 4:57:00 PM UTC	1237417020000	98	1	no	11.9	259.0	23386	20815	13333	5887	62	37893	1144	768	0	3346	3264	42
March 18, 2009 4:58:00 PM UTC	1237417080000	98	1	no	11.7	259.2	23386	20815	13333	5887	65	37890	1131	670	0	3357	3328	6
March 18, 2009 4:59:00 PM UTC	1237417140000	99	0	no	11.5	259.4	23386	20815	13330	5900	68	37877	1110	732	0	3373	3351	1
March 18, 2009 5:00:00 PM UTC	1237417200000	99	0	no	11.3	259.5	23386	20815	13330	5899	60	37886	1095	714	0	3390	3353	0
March 18, 2009 5:01:00 PM UTC	1237417260000	99	0	no	11.1	259.7	23386	20815	13330	5899	67	37879	1077	671	0	3408	3368	0
March 18, 2009 5:02:00 PM UTC	1237417320000	99	0	no	10.9	259.9	23386	20815	13330	5897	44	37904	1061	740	0	3423	3389	0
March 18, 2009 5:03:00 PM UTC	1237417380000	99	0	no	10.7	260.0	23386	20815	13330	5897	5	37943	1053	827	0	3430	3405	3
March 18, 2009 5:04:00 PM UTC	1237417440000	100	0	no	10.5	260.2	23386	20815	13318	5922	0	37935	1022	940	0	3444	3444	0
March 18, 2009 5:05:00 PM UTC	1237417500000	100	0	no	10.3	260.4	23386	20815	13333	5853	0	37989	1022	967	0	3469	3468	0
March 18, 2009 5:06:00 PM UTC	1237417560000	100	0	no	10.2	260.5	23386	20815	13333	5853	0	37989	1009	988	0	3478	3466	0
March 18, 2009 5:07:00 PM UTC	1237417620000	100	0	no	10.0	260.7	23386	20815	13334	5858	0	37983	993	911	0	3487	3481	0
March 18, 2009 5:08:00 PM UTC	1237417680000	99	0	no	9.8	260.9	23386	20815	13332	5935	1	37907	972	795	0	3516	3488	0
March 18, 2009 5:09:00 PM UTC	1237417740000	99	0	no	9.6	261.0	23386	20815	13315	6006	7	37847	941	701	0	3515	3496	0
March 18, 2009 5:10:00 PM UTC	1237417800000	99	0	no	9.4	261.2	23386	20815	13331	5936	32	37876	940	636	0	3548	3548	0
March 18, 2009 5:11:00 PM UTC	1237417860000	99	0	no	9.2	261.4	23386	20815	13331	5936	42	37866	928	582	0	3553	3468	2
March 18, 2009 5:12:00 PM UTC	1237417920000	99	0	no	9.0	261.5	23386	20815	13333	5859	35	37948	923	563	0	3567	3462	0
March 18, 2009 5:13:00 PM UTC	1237417980000	99	0	no	8.8	261.7	23386	20815	13336	5849	28	37962	906	511	0	3587	3503	0
March 18, 2009 5:14:00 PM UTC	1237418040000	98	1	no	8.6	261.9	23386	20815	13320	5922	17	37916	874	514	0	3594	3376	7
March 18, 2009 5:15:00 PM UTC	1237418100000	97	1	no	8.5	262.0	23386	20815	13336	5848	13	37978	875	457	0	3621	3218	21
March 18, 2009 5:16:00 PM UTC	1237418160000	95	3	no	8.3	262.2	23386	20815	13322	5913	0	37940	845	459	0	3624	3121	50
March 18, 2009 5:17:00 PM UTC	1237418220000	89	8	no	8.1	262.3	23386	20815	13336	5848	0	37991	848	499	0	3644	2798	154
March 18, 2009 5:18:00 PM UTC	1237418280000	83	13	no	7.9	262.5	23386	20815	13336	5848	2	37989	834	389	0	3657	2511	210
March 18, 2009 5:19:00 PM UTC	1237418340000	73	22	no	7.7	262.7	23386	20815	13320	5918	26	37911	801	247	0	3670	2659	160
March 18, 2009 5:20:00 PM UTC	1237418400000	62	33	no	7.5	262.8	23386	20815	13336	5847	63	37929	803	111	0	3689	2520	309
March 18, 2009 5:21:00 PM UTC	1237418460000	59	38	no	7.3	263.0	23386	20815	13321	5913	89	37852	772	71	0	3702	2741	405
March 18, 2009 5:22:00 PM UTC	1237418520000	61	36	no	7.1	263.2	23386	20815	13338	5837	96	37904	779	77	0	3715	2941	248
March 18, 2009 5:23:00 PM UTC	1237418580000	69	29	no	6.9	263.3	23386	20815	13338	5837	99	37901	764	75	0	3733	3050	327
March 18, 2009 5:24:00 PM UTC	1237418640000	79	19	no	6.7	263.5	23386	20815	13322	5907	77	37869	732	147	0	3741	3320	107
March 18, 2009 5:25:00 PM UTC	1237418700000	86	11	no	6.6	263.7	23386	20815	13338	5844	56	37937	733	134	0	3762	3312	89
March 18, 2009 5:26:00 PM UTC	1237418760000	90	7	no	6.4	263.8	23386	20815	13323	5886	48	37918	707	108	0	3772	3078	186
March 18, 2009 5:27:00 PM UTC	1237418820000	87	9	no	6.2	264.0	23386	20815	13336	5898	55	37886	702	106	0	3788	2383	442
March 18, 2009 5:28:00 PM UTC	1237418880000	80	13	no	6.0	264.2	23386	20815	13321	5969	75	37810	674	44	0	3794	1478	561
March 18, 2009 5:29:00 PM UTC	1237418940000	67	23	no	5.8	264.3	23386	20815	13337	5893	70	37875	677	89	0	3815	1156	311
March 18, 2009 5:30:00 PM UTC	1237419000000	50	34	no	5.6	264.5	23386	20815	13337	5893	82	37863	663	65	0	3826	1019	123
March 18, 2009 5:31:00 PM UTC	1237419060000	32	50	no	5.4	264.6	23386	20815	13321	5963	88	37803	635	73	0	3836	1217	432
March 18, 2009 5:32:00 PM UTC	1237419120000	29	52	no	5.2	264.8	23386	20815	13338	5893	89	37855	634	61	0	3857	1940	412
March 18, 2009 5:33:00 PM UTC	1237419180000	38	46	no	5.0	265.0	23386	20815	13321	5963	101	37790	608	61	0	3863	2449	311
March 18, 2009 5:34:00 PM UTC	1237419240000	55	32	no	4.8	265.1	23386	20815	13337	5893	104	37841	608	173	0	3885	3009	91
March 18, 2009 5:35:00 PM UTC	1237419300000	70	18	no	4.7	265.3	23386	20815	13337	5893	72	37873	594	179	0	3898	2817	54
March 18, 2009 5:36:00 PM UTC	1237419360000	82	8	no	4.5	265.5	23386	20815	13321	5962	53	37839	566	160	0	3907	2715	122
March 18, 2009 5:37:00 PM UTC	1237419420000	83	6	no	4.3	265.6	23386	20815	13339	5815	26	37995	573	265	0	3925	1710	226
March 18, 2009 5:38:00 PM UTC	1237419480000	69	14	no	4.1	265.8	23386	20815	13326	5882	29	37938	546	316	0	3933	871	173
March 18, 2009 5:39:00 PM UTC	1237419540000	48	23	no	3.9	265.9	23386	20815	13339	5813	24	37999	543	335	0	3956	359	71
March 18, 2009 5:40:00 PM UTC	1237419600000	24	32	no	3.7	266.1	23386	20815	13339	5813	70	37953	531	256	0	3970	260	40
March 18, 2009 5:41:00 PM UTC	1237419660000	8	23	no	3.5	266.3	23386	20815	13323	5882	76	37894	507	183	0	3970	148	0
March 18, 2009 5:42:00 PM UTC	1237419720000	4	9	no	3.3	266.4	23386	20815	13339	5812	96	37928	504	158	0	3993	121	0
March 18, 2009 5:43:00 PM UTC	1237419780000	2	1	no	3.1	266.6	23386	20815	13323	5892	102	37858	480	180	0	4000	139	3
