August 27, 2007 5:37:00 AM UTC	1188214620000	6	3	yes	3.1	79.4	23392	20809	13330	5900	208	37737	483	272	6	4002	1939	919
August 27, 2007 5:38:00 AM UTC	1188214680000	6	3	yes	3.3	79.5	23392	20809	13330	5901	190	37754	491	302	0	3994	1885	937
August 27, 2007 5:39:00 AM UTC	1188214740000	7	2	yes	3.4	79.7	23392	20809	13330	5901	175	37769	503	328	0	3982	1968	798
August 27, 2007 5:40:00 AM UTC	1188214800000	7	3	yes	3.6	79.8	23392	20809	13330	5902	156	37787	515	357	2	3968	1945	756
August 27, 2007 5:41:00 AM UTC	1188214860000	7	3	yes	3.8	80.0	23392	20809	13330	5902	145	37798	526	381	0	3958	1998	737
August 27, 2007 5:42:00 AM UTC	1188214920000	7	2	yes	4.0	80.2	23392	20809	13330	5871	143	37831	547	404	0	3939	2025	709
August 27, 2007 5:43:00 AM UTC	1188214980000	7	3	yes	4.2	80.3	23392	20809	13333	5862	133	37847	560	427	0	3928	2025	767
August 27, 2007 5:44:00 AM UTC	1188215040000	7	3	yes	4.4	80.5	23392	20809	13333	5862	123	37857	575	452	0	3912	1907	804
August 27, 2007 5:45:00 AM UTC	1188215100000	7	3	yes	4.6	80.6	23392	20809	13333	5862	121	37859	587	466	0	3900	1995	765
August 27, 2007 5:46:00 AM UTC	1188215160000	7	3	yes	4.8	80.8	23392	20809	13332	5939	111	37793	598	487	0	3890	2050	753
August 27, 2007 5:47:00 AM UTC	1188215220000	7	3	yes	5.0	81.0	23392	20809	13332	5939	107	37797	608	501	0	3868	2050	772
August 27, 2007 5:48:00 AM UTC	1188215280000	7	3	yes	5.1	81.1	23392	20809	13331	5941	101	37802	618	517	0	3858	1900	850
August 27, 2007 5:49:00 AM UTC	1188215340000	7	3	yes	5.3	81.3	23392	20809	13331	5941	97	37806	636	539	0	3848	1929	835
August 27, 2007 5:50:00 AM UTC	1188215400000	7	3	yes	5.5	81.4	23392	20809	13318	5926	89	37842	642	553	0	3821	1901	927
August 27, 2007 5:51:00 AM UTC	1188215460000	7	3	yes	5.7	81.6	23392	20809	13336	5845	94	37900	671	577	0	3827	1928	866
August 27, 2007 5:52:00 AM UTC	1188215520000	7	3	yes	5.9	81.7	23392	20809	13336	5845	91	37903	686	595	0	3805	1895	882
August 27, 2007 5:53:00 AM UTC	1188215580000	7	3	yes	6.1	81.9	23392	20809	13336	5846	90	37903	696	606	0	3796	1855	899
August 27, 2007 5:54:00 AM UTC	1188215640000	7	4	yes	6.3	82.1	23392	20809	13336	5846	90	37903	714	624	0	3779	1970	892
August 27, 2007 5:55:00 AM UTC	1188215700000	7	4	no	6.5	82.2	23392	20809	13320	5919	86	37850	713	627	0	3757	1888	906
August 27, 2007 5:56:00 AM UTC	1188215760000	7	3	yes	6.7	82.4	23392	20809	13336	5847	93	37899	741	648	0	3752	1837	896
August 27, 2007 5:57:00 AM UTC	1188215820000	8	4	yes	6.8	82.5	23392	20809	13336	5847	94	37898	753	659	0	3739	1958	901
August 27, 2007 5:58:00 AM UTC	1188215880000	7	4	yes	7.0	82.7	23392	20809	13336	5848	93	37898	765	672	0	3727	1845	938
August 27, 2007 5:59:00 AM UTC	1188215940000	7	4	yes	7.2	82.9	23392	20809	13336	5848	96	37895	781	668	17	3710	1727	982
August 27, 2007 6:00:00 AM UTC	1188216000000	7	4	no	7.4	83.0	23392	20809	13321	5919	92	37843	783	691	0	3689	1845	987
August 27, 2007 6:01:00 AM UTC	1188216060000	7	4	yes	7.6	83.2	23392	20809	13338	5840	101	37896	815	714	0	3678	1761	1006
August 27, 2007 6:02:00 AM UTC	1188216120000	8	4	no	7.8	83.3	23392	20809	13338	5840	102	37895	830	728	0	3667	1903	995
August 27, 2007 6:03:00 AM UTC	1188216180000	7	4	no	8.0	83.5	23392	20809	13322	5909	101	37843	824	723	0	3650	1838	1002
August 27, 2007 6:04:00 AM UTC	1188216240000	7	4	yes	8.2	83.6	23392	20809	13338	5849	106	37882	858	752	0	3639	1801	979
August 27, 2007 6:05:00 AM UTC	1188216300000	8	4	no	8.4	83.8	23392	20809	13323	5894	103	37855	859	756	0	3618	1847	990
August 27, 2007 6:06:00 AM UTC	1188216360000	7	4	no	8.6	84.0	23392	20809	13336	5898	100	37841	883	772	11	3608	1794	1004
August 27, 2007 6:07:00 AM UTC	1188216420000	8	5	no	8.7	84.1	23392	20809	13336	5898	101	37840	898	769	25	3592	1863	1001
August 27, 2007 6:08:00 AM UTC	1188216480000	8	4	no	8.9	84.3	23392	20809	13321	5968	99	37787	890	756	28	3580	1876	961
August 27, 2007 6:09:00 AM UTC	1188216540000	7	4	no	9.1	84.4	23392	20809	13336	5906	103	37830	923	798	20	3565	1729	1027
August 27, 2007 6:10:00 AM UTC	1188216600000	8	5	no	9.3	84.6	23392	20809	13320	5977	102	37776	923	809	12	3544	1793	998
August 27, 2007 6:11:00 AM UTC	1188216660000	7	5	no	9.5	84.8	23392	20809	13337	5900	108	37830	958	824	20	3532	1643	1083
August 27, 2007 6:12:00 AM UTC	1188216720000	8	4	no	9.7	84.9	23392	20809	13338	5895	112	37830	974	839	16	3514	1774	985
August 27, 2007 6:13:00 AM UTC	1188216780000	7	4	no	9.9	85.1	23392	20809	13321	5964	110	37780	969	856	3	3504	1609	993
August 27, 2007 6:14:00 AM UTC	1188216840000	7	4	yes	10.1	85.2	23392	20809	13337	5893	114	37831	1003	886	3	3491	1592	1040
August 27, 2007 6:15:00 AM UTC	1188216900000	7	4	no	10.3	85.4	23392	20809	13321	5964	111	37779	1001	867	23	3470	1547	1037
August 27, 2007 6:16:00 AM UTC	1188216960000	7	4	yes	10.5	85.5	23392	20809	13339	5810	120	37906	1043	895	24	3456	1575	1009
August 27, 2007 6:17:00 AM UTC	1188217020000	7	4	yes	10.6	85.7	23392	20809	13339	5810	121	37905	1058	921	16	3442	1559	935
August 27, 2007 6:18:00 AM UTC	1188217080000	7	4	no	10.8	85.9	23392	20809	13326	5880	114	37855	1053	905	34	3426	1540	985
August 27, 2007 6:19:00 AM UTC	1188217140000	7	4	yes	11.0	86.0	23392	20809	13339	5812	123	37901	1090	960	7	3408	1522	979
August 27, 2007 6:20:00 AM UTC	1188217200000	7	4	no	11.2	86.2	23392	20809	13323	5881	118	37853	1083	965	0	3394	1460	1078
August 27, 2007 6:21:00 AM UTC	1188217260000	7	4	yes	11.4	86.3	23392	20809	13339	5813	126	37897	1116	990	0	3381	1471	1000
August 27, 2007 6:22:00 AM UTC	1188217320000	7	4	yes	11.6	86.5	23392	20809	13339	5826	125	37885	1137	1011	1	3363	1434	1029
August 27, 2007 6:23:00 AM UTC	1188217380000	7	4	yes	11.8	86.7	23392	20809	13323	5896	121	37835	1131	1010	0	3348	1477	970
August 27, 2007 6:24:00 AM UTC	1188217440000	8	4	yes	12.0	86.8	23392	20809	13340	5823	131	37881	1166	1032	3	3336	1566	915
August 27, 2007 6:25:00 AM UTC	1188217500000	7	4	no	12.2	87.0	23392	20809	13324	5893	127	37831	1165	1038	0	3316	1437	989
August 27, 2007 6:26:00 AM UTC	1188217560000	7	4	yes	12.4	87.1	23392	20809	13341	5821	134	37879	1199	1065	0	3303	1472	985
August 27, 2007 6:27:00 AM UTC	1188217620000	7	4	yes	12.6	87.3	23392	20809	13338	5875	135	37827	1211	1076	0	3286	1449	962
August 27, 2007 6:28:00 AM UTC	1188217680000	7	4	no	12.7	87.4	23392	20809	13322	5946	127	37780	1204	1067	10	3273	1463	934
August 27, 2007 6:29:00 AM UTC	1188217740000	7	4	yes	12.9	87.6	23392	20809	13336	5877	135	37827	1241	1106	0	3259	1369	958
August 27, 2007 6:30:00 AM UTC	1188217800000	7	4	no	13.1	87.8	23392	20809	13321	5947	126	37781	1235	1109	0	3245	1431	905
August 27, 2007 6:31:00 AM UTC	1188217860000	7	4	no	13.3	87.9	23392	20809	13321	5947	127	37780	1252	1115	10	3231	1338	1006
August 27, 2007 6:32:00 AM UTC	1188217920000	7	4	yes	13.5	88.1	23392	20809	13335	5877	133	37830	1288	1145	10	3216	1391	925
August 27, 2007 6:33:00 AM UTC	1188217980000	7	4	yes	13.7	88.2	23392	20809	13321	5947	125	37782	1282	1157	0	3202	1327	946
August 27, 2007 6:34:00 AM UTC	1188218040000	7	4	yes	13.9	88.4	23392	20809	13339	5878	127	37831	1320	1180	12	3190	1331	940
August 27, 2007 6:35:00 AM UTC	1188218100000	7	4	yes	14.1	88.6	23392	20809	13321	5947	124	37783	1317	1183	10	3173	1317	982
August 27, 2007 6:36:00 AM UTC	1188218160000	7	4	yes	14.3	88.7	23392	20809	13321	5947	123	37784	1330	1206	1	3163	1277	961
August 27, 2007 6:37:00 AM UTC	1188218220000	7	4	yes	14.5	88.9	23392	20809	13321	5947	127	37780	1342	1215	0	3154	1234	987
August 27, 2007 6:38:00 AM UTC	1188218280000	7	4	yes	14.7	89.0	23392	20809	13321	5947	123	37784	1358	1229	6	3142	1171	980
August 27, 2007 6:39:00 AM UTC	1188218340000	7	4	yes	14.9	89.2	23392	20809	13340	5877	132	37826	1399	1262	5	3132	1210	890
August 27, 2007 6:40:00 AM UTC	1188218400000	7	4	yes	15.0	89.4	23392	20809	13322	5862	120	37871	1394	1250	23	3116	1163	994
August 27, 2007 6:41:00 AM UTC	1188218460000	7	4	yes	15.2	89.5	23392	20809	13340	5792	130	37913	1440	1309	1	3107	1166	967
August 27, 2007 6:42:00 AM UTC	1188218520000	7	4	yes	15.4	89.7	23392	20809	13322	5979	119	37755	1423	1285	18	3096	1134	952
August 27, 2007 6:43:00 AM UTC	1188218580000	7	4	yes	15.6	89.8	23392	20809	13322	5979	119	37755	1438	1280	28	3088	1109	998
August 27, 2007 6:44:00 AM UTC	1188218640000	7	4	yes	15.8	90.0	23392	20809	13340	5833	127	37875	1488	1359	2	3074	1106	956
August 27, 2007 6:45:00 AM UTC	1188218700000	7	4	yes	16.0	90.2	23392	20809	13340	5833	123	37879	1505	1375	7	3063	1111	910
August 27, 2007 6:46:00 AM UTC	1188218760000	7	4	yes	16.2	90.3	23392	20809	13340	5833	119	37883	1521	1375	24	3055	1060	971
August 27, 2007 6:47:00 AM UTC	1188218820000	7	4	yes	16.4	90.5	23392	20809	13322	5870	110	37873	1502	1370	19	3042	1106	933
August 27, 2007 6:48:00 AM UTC	1188218880000	7	4	yes	16.6	90.7	23392	20809	13322	5870	110	37873	1516	1377	25	3038	1065	972
August 27, 2007 6:49:00 AM UTC	1188218940000	7	4	yes	16.8	90.8	23392	20809	13340	5877	118	37840	1555	1415	22	3026	977	1030
August 27, 2007 6:50:00 AM UTC	1188219000000	7	4	yes	17.0	91.0	23392	20809	13321	5947	105	37802	1549	1403	35	3017	1056	898
August 27, 2007 6:51:00 AM UTC	1188219060000	7	4	yes	17.1	91.1	23392	20809	13339	5877	113	37846	1585	1444	28	3006	1004	944
August 27, 2007 6:52:00 AM UTC	1188219120000	7	4	yes	17.3	91.3	23392	20809	13321	5947	103	37804	1581	1443	35	2996	948	937
August 27, 2007 6:53:00 AM UTC	1188219180000	7	4	yes	17.5	91.5	23392	20809	13321	5947	100	37807	1599	1426	73	2988	949	926
August 27, 2007 6:54:00 AM UTC	1188219240000	7	4	yes	17.7	91.6	23392	20809	13339	5878	100	37858	1636	1475	61	2983	906	991
August 27, 2007 6:55:00 AM UTC	1188219300000	7	4	yes	17.9	91.8	23392	20809	13321	5947	99	37808	1627	1471	57	2971	871	1029
August 27, 2007 6:56:00 AM UTC	1188219360000	7	4	yes	18.1	92.0	23392	20809	13335	5877	103	37860	1667	1512	52	2964	938	930
August 27, 2007 6:57:00 AM UTC	1188219420000	7	4	yes	18.3	92.1	23392	20809	13321	5947	92	37815	1661	1526	43	2956	875	976
August 27, 2007 6:58:00 AM UTC	1188219480000	7	4	yes	18.5	92.3	23392	20809	13321	5947	90	37817	1678	1492	96	2945	874	946
August 27, 2007 6:59:00 AM UTC	1188219540000	7	4	yes	18.7	92.4	23392	20809	13336	5877	94	37868	1723	1542	74	2939	906	934
August 27, 2007 7:00:00 AM UTC	1188219600000	7	4	yes	18.9	92.6	23392	20809	13322	5946	85	37822	1706	1537	84	2931	845	1013
August 27, 2007 7:01:00 AM UTC	1188219660000	7	4	yes	19.1	92.8	23392	20809	13338	5875	88	37874	1742	1583	71	2928	873	987
August 27, 2007 7:02:00 AM UTC	1188219720000	7	4	yes	19.2	92.9	23392	20809	13325	5884	80	37886	1745	1559	106	2922	866	957
August 27, 2007 7:03:00 AM UTC	1188219780000	7	4	yes	19.4	93.1	23392	20809	13340	5819	84	37932	1790	1582	124	2914	803	961
August 27, 2007 7:04:00 AM UTC	1188219840000	7	4	yes	19.6	93.3	23392	20809	13339	5823	83	37930	1805	1619	103	2906	812	987
August 27, 2007 7:05:00 AM UTC	1188219900000	7	4	yes	19.8	93.4	23392	20809	13323	5894	71	37887	1795	1601	123	2899	783	1041
August 27, 2007 7:06:00 AM UTC	1188219960000	7	4	yes	20.0	93.6	23392	20809	13339	5812	76	37948	1833	1605	152	2894	799	991
August 27, 2007 7:07:00 AM UTC	1188220020000	7	4	yes	20.2	93.8	23392	20809	13323	5881	64	37907	1822	1588	170	2889	755	985
August 27, 2007 7:08:00 AM UTC	1188220080000	7	4	yes	20.4	93.9	23392	20809	13339	5813	66	37957	1867	1653	148	2881	728	1065
August 27, 2007 7:09:00 AM UTC	1188220140000	7	4	yes	20.6	94.1	23392	20809	13326	5883	55	37911	1855	1645	155	2874	743	1000
August 27, 2007 7:10:00 AM UTC	1188220200000	7	4	yes	20.8	94.3	23392	20809	13326	5883	52	37914	1866	1639	169	2872	714	1042
August 27, 2007 7:11:00 AM UTC	1188220260000	7	4	yes	21.0	94.4	23392	20809	13339	5815	57	37964	1911	1655	198	2869	698	1032
August 27, 2007 7:12:00 AM UTC	1188220320000	7	4	yes	21.2	94.6	23392	20809	13321	5962	44	37848	1888	1655	183	2860	713	973
August 27, 2007 7:13:00 AM UTC	1188220380000	6	4	yes	21.3	94.8	23392	20809	13337	5892	46	37900	1925	1650	229	2861	689	1028
August 27, 2007 7:14:00 AM UTC	1188220440000	6	4	yes	21.5	94.9	23392	20809	13321	5963	37	37854	1919	1661	218	2849	674	1015
August 27, 2007 7:15:00 AM UTC	1188220500000	7	4	yes	21.7	95.1	23392	20809	13338	5894	36	37907	1966	1730	193	2837	688	1043
August 27, 2007 7:16:00 AM UTC	1188220560000	7	4	yes	21.9	95.3	23392	20809	13337	5899	31	37908	1972	1702	236	2842	670	991
August 27, 2007 7:17:00 AM UTC	1188220620000	7	4	yes	22.1	95.4	23392	20809	13320	5975	20	37860	1960	1696	237	2833	658	987
August 27, 2007 7:18:00 AM UTC	1188220680000	7	4	yes	22.3	95.6	23392	20809	13336	5905	20	37914	2003	1694	286	2831	658	1005
August 27, 2007 7:19:00 AM UTC	1188220740000	7	4	yes	22.5	95.8	23392	20809	13321	5969	12	37873	1989	1712	259	2825	637	972
August 27, 2007 7:20:00 AM UTC	1188220800000	7	4	yes	22.7	95.9	23392	20809	13336	5899	14	37926	2038	1729	282	2820	599	1038
August 27, 2007 7:21:00 AM UTC	1188220860000	7	4	yes	22.9	96.1	23392	20809	13320	5969	7	37879	2022	1746	259	2818	602	1033
August 27, 2007 7:22:00 AM UTC	1188220920000	7	4	yes	23.1	96.3	23392	20809	13338	5845	7	37985	2073	1720	335	2820	607	957
August 27, 2007 7:23:00 AM UTC	1188220980000	7	4	yes	23.2	96.5	23392	20809	13338	5845	4	37988	2092	1733	343	2810	614	993
August 27, 2007 7:24:00 AM UTC	1188221040000	7	4	yes	23.4	96.6	23392	20809	13322	5906	1	37946	2081	1749	324	2806	626	1016
August 27, 2007 7:25:00 AM UTC	1188221100000	7	4	yes	23.6	96.8	23392	20809	13338	5837	0	38000	2117	1751	349	2805	626	1040
August 27, 2007 7:26:00 AM UTC	1188221160000	7	4	yes	23.8	97.0	23392	20809	13321	5917	0	37937	2100	1735	347	2803	609	925
August 27, 2007 7:27:00 AM UTC	1188221220000	6	4	yes	24.0	97.1	23392	20809	13336	5847	0	37992	2147	1732	394	2798	580	984
August 27, 2007 7:28:00 AM UTC	1188221280000	6	5	yes	24.2	97.3	23392	20809	13336	5847	0	37992	2164	1721	435	2793	567	995
August 27, 2007 7:29:00 AM UTC	1188221340000	7	4	yes	24.4	97.5	23392	20809	13336	5848	0	37991	2181	1778	382	2788	595	967
August 27, 2007 7:30:00 AM UTC	1188221400000	7	4	yes	24.6	97.7	23392	20809	13336	5848	0	37991	2194	1772	402	2788	604	937
August 27, 2007 7:31:00 AM UTC	1188221460000	6	4	yes	24.8	97.8	23392	20809	13320	5921	0	37934	2176	1692	454	2784	595	919
August 27, 2007 7:32:00 AM UTC	1188221520000	6	4	yes	25.0	98.0	23392	20809	13336	5849	0	37990	2218	1706	492	2792	560	968
August 27, 2007 7:33:00 AM UTC	1188221580000	6	4	yes	25.1	98.2	23392	20809	13322	5913	0	37940	2207	1711	464	2776	518	1002
August 27, 2007 7:34:00 AM UTC	1188221640000	7	4	yes	25.3	98.3	23392	20809	13336	5849	0	37990	2257	1754	469	2780	569	881
August 27, 2007 7:35:00 AM UTC	1188221700000	6	4	yes	25.5	98.5	23392	20809	13333	5859	0	37983	2256	1782	438	2776	496	986
August 27, 2007 7:36:00 AM UTC	1188221760000	7	4	yes	25.7	98.7	23392	20809	13331	5939	0	37905	2260	1752	468	2780	568	906
August 27, 2007 7:37:00 AM UTC	1188221820000	6	4	yes	25.9	98.9	23392	20809	13331	5939	0	37905	2272	1740	483	2788	547	971
August 27, 2007 7:38:00 AM UTC	1188221880000	7	4	yes	26.1	99.0	23392	20809	13332	5939	0	37904	2284	1775	486	2771	563	974
August 27, 2007 7:39:00 AM UTC	1188221940000	7	4	yes	26.3	99.2	23392	20809	13332	5939	0	37904	2302	1798	477	2777	619	916
August 27, 2007 7:40:00 AM UTC	1188222000000	7	4	yes	26.5	99.4	23392	20809	13317	5923	0	37935	2297	1765	513	2770	573	937
August 27, 2007 7:41:00 AM UTC	1188222060000	7	4	yes	26.7	99.6	23392	20809	13333	5855	0	37987	2338	1840	465	2780	602	954
August 27, 2007 7:42:00 AM UTC	1188222120000	7	5	yes	26.8	99.8	23392	20809	13333	5855	0	37987	2354	1862	473	2767	602	972
August 27, 2007 7:43:00 AM UTC	1188222180000	7	5	yes	27.0	99.9	23392	20809	13330	5865	0	37980	2364	1851	481	2773	598	967
August 27, 2007 7:44:00 AM UTC	1188222240000	7	4	yes	27.2	100.1	23392	20809	13330	5897	0	37948	2371	1856	462	2774	599	960
August 27, 2007 7:45:00 AM UTC	1188222300000	7	4	yes	27.4	100.3	23392	20809	13330	5898	0	37947	2385	1837	493	2775	564	963
August 27, 2007 7:46:00 AM UTC	1188222360000	7	5	yes	27.6	100.5	23392	20809	13330	5898	0	37947	2401	1791	544	2771	574	976
August 27, 2007 7:47:00 AM UTC	1188222420000	7	5	yes	27.8	100.6	23392	20809	13330	5899	0	37946	2410	1792	557	2773	542	1008
August 27, 2007 7:48:00 AM UTC	1188222480000	7	4	yes	28.0	100.8	23392	20809	13333	5887	0	37955	2432	1865	502	2772	616	955
August 27, 2007 7:49:00 AM UTC	1188222540000	7	5	yes	28.2	101.0	23392	20809	13349	5819	0	38007	2478	1845	547	2772	631	980
August 27, 2007 7:50:00 AM UTC	1188222600000	7	4	yes	28.4	101.2	23392	20809	13330	5900	0	37945	2450	1900	474	2773	636	951
August 27, 2007 7:51:00 AM UTC	1188222660000	7	5	yes	28.5	101.4	23392	20809	13330	5900	0	37945	2458	1807	574	2781	579	984
August 27, 2007 7:52:00 AM UTC	1188222720000	7	4	yes	28.7	101.5	23392	20809	13330	5900	0	37945	2471	1833	538	2781	657	890
August 27, 2007 7:53:00 AM UTC	1188222780000	7	5	yes	28.9	101.7	23392	20809	13330	5900	0	37945	2486	1792	588	2778	558	1020
August 27, 2007 7:54:00 AM UTC	1188222840000	7	4	yes	29.1	101.9	23392	20809	13331	5901	0	37943	2499	1779	596	2781	592	913
August 27, 2007 7:55:00 AM UTC	1188222900000	7	5	yes	29.3	102.1	23392	20809	13331	5898	0	37946	2506	1779	604	2782	530	971
August 27, 2007 7:56:00 AM UTC	1188222960000	7	4	yes	29.5	102.3	23392	20809	13331	5898	0	37946	2522	1773	622	2782	565	923
August 27, 2007 7:57:00 AM UTC	1188223020000	7	4	yes	29.7	102.5	23392	20809	13330	5836	0	38009	2543	1784	603	2786	547	897
August 27, 2007 7:58:00 AM UTC	1188223080000	6	5	yes	29.8	102.7	23392	20809	13345	5769	0	38061	2589	1709	722	2788	511	914
August 27, 2007 7:59:00 AM UTC	1188223140000	6	4	yes	30.0	102.8	23392	20809	13329	5845	0	38001	2565	1764	649	2790	526	944
August 27, 2007 8:00:00 AM UTC	1188223200000	6	5	yes	30.2	103.0	23392	20809	13345	5770	0	38060	2614	1720	709	2791	515	961
August 27, 2007 8:01:00 AM UTC	1188223260000	6	5	yes	30.4	103.2	23392	20809	13328	5915	0	37932	2565	1677	696	2800	489	991
August 27, 2007 8:02:00 AM UTC	1188223320000	6	4	yes	30.6	103.4	23392	20809	13343	5847	0	37985	2615	1722	691	2799	507	932
August 27, 2007 8:03:00 AM UTC	1188223380000	6	5	yes	30.8	103.6	23392	20809	13324	5930	0	37921	2583	1650	714	2804	479	954
August 27, 2007 8:04:00 AM UTC	1188223440000	6	4	yes	31.0	103.8	23392	20809	13324	5930	0	37921	2601	1734	616	2802	463	956
August 27, 2007 8:05:00 AM UTC	1188223500000	6	4	yes	31.2	104.0	23392	20809	13323	5930	0	37922	2607	1699	685	2805	499	920
August 27, 2007 8:06:00 AM UTC	1188223560000	6	4	yes	31.3	104.2	23392	20809	13322	5967	0	37886	2615	1653	733	2809	456	923
August 27, 2007 8:07:00 AM UTC	1188223620000	6	5	yes	31.5	104.3	23392	20809	13338	5900	0	37937	2663	1676	723	2813	445	943
August 27, 2007 8:08:00 AM UTC	1188223680000	6	5	yes	31.7	104.5	23392	20809	13322	5967	0	37886	2632	1685	726	2822	452	976
August 27, 2007 8:09:00 AM UTC	1188223740000	6	4	yes	31.9	104.7	23392	20809	13336	5898	0	37941	2678	1696	713	2824	476	894
August 27, 2007 8:10:00 AM UTC	1188223800000	6	5	yes	32.1	104.9	23392	20809	13322	5971	0	37882	2657	1645	744	2822	439	937
August 27, 2007 8:11:00 AM UTC	1188223860000	6	5	yes	32.3	105.1	23392	20809	13338	5903	0	37934	2695	1719	725	2829	470	1017
August 27, 2007 8:12:00 AM UTC	1188223920000	6	5	yes	32.4	105.3	23392	20809	13326	5895	0	37954	2688	1665	742	2840	410	989
August 27, 2007 8:13:00 AM UTC	1188223980000	6	5	yes	32.6	105.5	23392	20809	13341	5828	0	38006	2730	1674	794	2843	454	962
August 27, 2007 8:14:00 AM UTC	1188224040000	6	5	yes	32.8	105.7	23392	20809	13321	5916	0	37938	2697	1704	713	2848	435	1019
August 27, 2007 8:15:00 AM UTC	1188224100000	6	5	yes	33.0	105.9	23392	20809	13337	5847	0	37991	2742	1693	726	2851	478	970
August 27, 2007 8:16:00 AM UTC	1188224160000	6	5	yes	33.2	106.1	23392	20809	13322	5915	0	37938	2710	1647	739	2860	509	981
August 27, 2007 8:17:00 AM UTC	1188224220000	6	5	yes	33.4	106.3	23392	20809	13336	5848	0	37991	2765	1653	782	2859	505	980
August 27, 2007 8:18:00 AM UTC	1188224280000	6	5	yes	33.5	106.5	23392	20809	13336	5848	0	37991	2769	1716	760	2869	500	958
August 27, 2007 8:19:00 AM UTC	1188224340000	6	5	yes	33.7	106.7	23392	20809	13331	5868	0	37976	2770	1653	785	2877	470	957
August 27, 2007 8:20:00 AM UTC	1188224400000	6	5	yes	33.9	106.9	23392	20809	13331	5868	0	37976	2774	1653	750	2883	493	945
August 27, 2007 8:21:00 AM UTC	1188224460000	6	5	yes	34.1	107.1	23392	20809	13335	5849	0	37991	2796	1629	751	2889	444	939
August 27, 2007 8:22:00 AM UTC	1188224520000	6	5	yes	34.3	107.3	23392	20809	13335	5849	0	37991	2801	1576	790	2898	391	960
August 27, 2007 8:23:00 AM UTC	1188224580000	6	5	yes	34.5	107.5	23392	20809	13330	5879	0	37966	2787	1552	811	2906	399	951
August 27, 2007 8:24:00 AM UTC	1188224640000	6	5	yes	34.6	107.7	23392	20809	13330	5879	0	37966	2799	1564	811	2910	444	880
August 27, 2007 8:25:00 AM UTC	1188224700000	6	5	yes	34.8	107.9	23392	20809	13330	5880	0	37965	2807	1539	849	2915	423	898
August 27, 2007 8:26:00 AM UTC	1188224760000	5	5	yes	35.0	108.1	23392	20809	13333	5804	0	38038	2839	1535	886	2924	401	918
August 27, 2007 8:27:00 AM UTC	1188224820000	5	5	yes	35.2	108.3	23392	20809	13333	5803	0	38039	2842	1492	864	2937	396	925
August 27, 2007 8:28:00 AM UTC	1188224880000	6	5	yes	35.4	108.5	23392	20809	13328	5824	0	38023	2840	1485	934	2938	442	914
August 27, 2007 8:29:00 AM UTC	1188224940000	5	5	yes	35.6	108.7	23392	20809	13326	5943	0	37906	2812	1481	818	2951	377	993
August 27, 2007 8:30:00 AM UTC	1188225000000	5	5	yes	35.7	108.9	23392	20809	13326	5943	0	37906	2818	1497	856	2958	405	944
August 27, 2007 8:31:00 AM UTC	1188225060000	6	5	yes	35.9	109.1	23392	20809	13343	5855	0	37977	2874	1529	885	2970	456	920
August 27, 2007 8:32:00 AM UTC	1188225120000	6	5	yes	36.1	109.3	23392	20809	13325	5946	0	37904	2829	1505	872	2978	483	916
August 27, 2007 8:33:00 AM UTC	1188225180000	5	5	yes	36.3	109.5	23392	20809	13342	5880	0	37953	2863	1473	878	2991	406	948
August 27, 2007 8:34:00 AM UTC	1188225240000	4	4	yes	36.5	109.7	23392	20809	13325	5946	0	37904	2839	955	920	2997	331	739
August 27, 2007 8:35:00 AM UTC	1188225300000	4	4	yes	36.6	109.9	23392	20809	13338	5880	0	37957	2882	1000	839	3007	291	814
August 27, 2007 8:36:00 AM UTC	1188225360000	4	4	yes	36.8	110.1	23392	20809	13319	5976	0	37880	2826	922	901	3015	352	746
August 27, 2007 8:37:00 AM UTC	1188225420000	4	4	yes	37.0	110.3	23392	20809	13333	5909	0	37933	2871	956	880	3028	325	791
August 27, 2007 8:38:00 AM UTC	1188225480000	4	5	yes	37.2	110.6	23392	20809	13319	5976	0	37880	2823	903	1000	3044	325	852
August 27, 2007 8:39:00 AM UTC	1188225540000	4	5	yes	37.4	110.8	23392	20809	13339	5889	0	37947	2881	946	951	3053	334	782
August 27, 2007 8:40:00 AM UTC	1188225600000	4	5	yes	37.5	111.0	23392	20809	13320	5908	0	37947	2857	936	977	3067	329	877
August 27, 2007 8:41:00 AM UTC	1188225660000	4	5	yes	37.7	111.2	23392	20809	13335	5843	0	37997	2908	965	918	3076	340	815
August 27, 2007 8:42:00 AM UTC	1188225720000	4	4	yes	37.9	111.4	23392	20809	13321	5908	0	37946	2870	907	866	3090	355	801
August 27, 2007 8:43:00 AM UTC	1188225780000	4	5	yes	38.1	111.6	23392	20809	13335	5843	0	37997	2903	895	926	3101	355	797
August 27, 2007 8:44:00 AM UTC	1188225840000	3	5	yes	38.2	111.8	23392	20809	13330	5866	0	37979	2892	815	1036	3114	334	862
August 27, 2007 8:45:00 AM UTC	1188225900000	4	5	yes	38.4	112.1	23392	20809	13330	5866	0	37979	2887	840	936	3132	388	805
August 27, 2007 8:46:00 AM UTC	1188225960000	4	5	yes	38.6	112.3	23392	20809	13335	5842	0	37998	2913	839	943	3140	358	869
August 27, 2007 8:47:00 AM UTC	1188226020000	3	5	yes	38.8	112.5	23392	20809	13328	5880	0	37967	2875	793	967	3163	326	847
August 27, 2007 8:48:00 AM UTC	1188226080000	3	4	yes	39.0	112.7	23392	20809	13328	5881	0	37966	2878	755	901	3179	391	765
August 27, 2007 8:49:00 AM UTC	1188226140000	3	5	yes	39.1	112.9	23392	20809	13328	5881	0	37966	2882	731	980	3194	323	762
August 27, 2007 8:50:00 AM UTC	1188226200000	3	5	yes	39.3	113.2	23392	20809	13328	5881	0	37966	2878	629	989	3203	323	782
August 27, 2007 8:51:00 AM UTC	1188226260000	3	5	yes	39.5	113.4	23392	20809	13322	5904	0	37949	2866	632	968	3219	352	771
August 27, 2007 8:52:00 AM UTC	1188226320000	3	5	yes	39.7	113.6	23392	20809	13330	5810	0	38035	2901	533	1092	3236	314	744
August 27, 2007 8:53:00 AM UTC	1188226380000	3	5	yes	39.8	113.8	23392	20809	13330	5810	0	38035	2905	552	986	3254	327	810
August 27, 2007 8:54:00 AM UTC	1188226440000	2	5	yes	40.0	114.1	23392	20809	13324	5889	0	37962	2874	429	1005	3268	269	768
August 27, 2007 8:55:00 AM UTC	1188226500000	3	4	yes	40.2	114.3	23392	20809	13324	5889	0	37962	2875	483	963	3280	319	715
August 27, 2007 8:56:00 AM UTC	1188226560000	2	5	yes	40.4	114.5	23392	20809	13324	5887	0	37964	2873	432	990	3292	318	781
August 27, 2007 8:57:00 AM UTC	1188226620000	2	5	yes	40.5	114.7	23392	20809	13331	5852	0	37992	2889	403	1020	3310	304	804
August 27, 2007 8:58:00 AM UTC	1188226680000	2	4	yes	40.7	115.0	23392	20809	13336	5839	0	38000	2895	396	952	3332	305	705
August 27, 2007 8:59:00 AM UTC	1188226740000	2	5	yes	40.9	115.2	23392	20809	13338	5840	0	37997	2899	341	987	3342	286	720
August 27, 2007 9:00:00 AM UTC	1188226800000	2	4	yes	41.0	115.4	23392	20809	13336	5921	0	37918	2868	262	1002	3358	283	693
August 27, 2007 9:01:00 AM UTC	1188226860000	2	5	yes	41.2	115.7	23392	20809	13327	5949	0	37899	2850	253	1020	3374	257	841
August 27, 2007 9:02:00 AM UTC	1188226920000	2	5	yes	41.4	115.9	23392	20809	13327	5949	0	37899	2849	230	1048	3389	296	768
August 27, 2007 9:03:00 AM UTC	1188226980000	1	5	yes	41.6	116.1	23392	20809	13336	5849	0	37990	2896	155	1040	3401	243	735
August 27, 2007 9:04:00 AM UTC	1188227040000	2	5	yes	41.7	116.4	23392	20809	13330	5879	0	37966	2872	161	1022	3419	293	738
August 27, 2007 9:05:00 AM UTC	1188227100000	1	5	yes	41.9	116.6	23392	20809	13330	5879	0	37966	2876	83	996	3425	202	738
August 27, 2007 9:06:00 AM UTC	1188227160000	1	4	yes	42.1	116.9	23392	20809	13338	5849	0	37988	2893	79	905	3441	173	647
August 27, 2007 9:07:00 AM UTC	1188227220000	1	4	yes	42.2	117.1	23392	20809	13322	5910	0	37943	2851	40	929	3455	166	740
August 27, 2007 9:08:00 AM UTC	1188227280000	1	4	yes	42.4	117.3	23392	20809	13330	5881	0	37964	2876	49	888	3472	114	711
August 27, 2007 9:09:00 AM UTC	1188227340000	1	4	yes	42.6	117.6	23392	20809	13322	5930	0	37923	2835	46	743	3482	136	608
August 27, 2007 9:10:00 AM UTC	1188227400000	1	4	yes	42.8	117.8	23392	20809	13322	5930	0	37923	2837	18	775	3500	132	691
August 27, 2007 9:11:00 AM UTC	1188227460000	1	4	yes	42.9	118.1	23392	20809	13322	5930	0	37923	2838	33	733	3510	100	689
August 27, 2007 9:12:00 AM UTC	1188227520000	1	4	yes	43.1	118.3	23392	20809	13322	5930	0	37923	2844	11	726	3524	79	770
August 27, 2007 9:13:00 AM UTC	1188227580000	1	4	yes	43.3	118.6	23392	20809	13335	5869	0	37971	2871	17	709	3547	65	727
August 27, 2007 9:14:00 AM UTC	1188227640000	1	4	yes	43.4	118.8	23392	20809	13323	5867	0	37985	2871	25	612	3556	43	762
August 27, 2007 9:15:00 AM UTC	1188227700000	1	4	yes	43.6	119.1	23392	20809	13329	5837	0	38009	2881	22	652	3573	32	679
August 27, 2007 9:16:00 AM UTC	1188227760000	1	3	yes	43.8	119.3	23392	20809	13324	5866	0	37985	2860	20	605	3589	29	646
August 27, 2007 9:17:00 AM UTC	1188227820000	1	3	yes	43.9	119.6	23392	20809	13330	5839	0	38006	2879	20	422	3606	19	665
August 27, 2007 9:18:00 AM UTC	1188227880000	1	3	yes	44.1	119.8	23392	20809	13329	5862	0	37984	2862	32	381	3616	13	655
August 27, 2007 9:19:00 AM UTC	1188227940000	0	2	yes	44.3	120.1	23392	20809	13329	5862	0	37984	2863	13	294	3634	11	614
August 27, 2007 9:20:00 AM UTC	1188228000000	0	2	yes	44.4	120.3	23392	20809	13329	5861	0	37985	2857	22	320	3641	7	595
August 27, 2007 9:21:00 AM UTC	1188228060000	0	3	yes	44.6	120.6	23392	20809	13329	5861	0	37985	2868	17	419	3651	6	607
August 27, 2007 9:22:00 AM UTC	1188228120000	0	2	yes	44.8	120.8	23392	20809	13321	5949	0	37905	2825	14	257	3667	3	624
August 27, 2007 9:23:00 AM UTC	1188228180000	0	2	yes	44.9	121.1	23392	20809	13335	5889	0	37951	2857	19	267	3685	0	583
August 27, 2007 9:24:00 AM UTC	1188228240000	0	2	yes	45.1	121.4	23392	20809	13330	5853	0	37992	2873	22	160	3697	5	475
August 27, 2007 9:25:00 AM UTC	1188228300000	0	2	yes	45.2	121.6	23392	20809	13336	5828	0	38011	2874	16	206	3719	0	529
August 27, 2007 9:26:00 AM UTC	1188228360000	0	2	yes	45.4	121.9	23392	20809	13321	5887	0	37967	2845	8	146	3723	0	455
August 27, 2007 9:27:00 AM UTC	1188228420000	0	2	yes	45.6	122.1	23392	20809	13336	5829	0	38010	2884	16	134	3742	0	447
August 27, 2007 9:28:00 AM UTC	1188228480000	0	1	yes	45.7	122.4	23392	20809	13335	5854	0	37986	2861	5	89	3758	0	318
August 27, 2007 9:29:00 AM UTC	1188228540000	0	1	yes	45.9	122.7	23392	20809	13326	5891	0	37958	2850	0	100	3762	0	338
August 27, 2007 9:30:00 AM UTC	1188228600000	0	1	yes	46.1	122.9	23392	20809	13334	5853	0	37988	2860	1	72	3780	0	262
August 27, 2007 9:31:00 AM UTC	1188228660000	0	1	yes	46.2	123.2	23392	20809	13326	5891	0	37958	2840	1	82	3788	0	229
August 27, 2007 9:32:00 AM UTC	1188228720000	0	1	yes	46.4	123.5	23392	20809	13326	5891	0	37958	2842	1	55	3802	0	239
August 27, 2007 9:33:00 AM UTC	1188228780000	0	0	yes	46.5	123.8	23392	20809	13341	5776	0	38058	2900	1	43	3821	0	140
August 27, 2007 9:34:00 AM UTC	1188228840000	0	0	yes	46.7	124.0	23392	20809	13327	5836	0	38012	2869	2	35	3837	0	147
August 27, 2007 9:35:00 AM UTC	1188228900000	0	0	yes	46.9	124.3	23392	20809	13341	5775	0	38059	2900	0	41	3844	0	117
August 27, 2007 9:36:00 AM UTC	1188228960000	0	0	yes	47.0	124.6	23392	20809	13316	5899	0	37960	2820	0	20	3862	0	122
August 27, 2007 9:37:00 AM UTC	1188229020000	0	0	yes	47.2	124.9	23392	20809	13326	5863	0	37986	2845	0	9	3858	0	85
August 27, 2007 9:38:00 AM UTC	1188229080000	0	0	yes	47.3	125.1	23392	20809	13331	5844	0	38000	2863	0	27	3885	0	88
August 27, 2007 9:39:00 AM UTC	1188229140000	0	0	yes	47.5	125.4	23392	20809	13327	5862	0	37986	2839	0	22	3885	0	44
August 27, 2007 9:40:00 AM UTC	1188229200000	1	0	yes	47.6	125.7	23392	20809	13331	5844	0	38000	2859	0	31	3910	0	14
August 27, 2007 9:41:00 AM UTC	1188229260000	0	0	yes	47.8	126.0	23392	20809	13331	5844	0	38000	2857	0	34	3911	0	17
August 27, 2007 9:42:00 AM UTC	1188229320000	0	0	yes	47.9	126.3	23392	20809	13332	5785	0	38058	2882	0	15	3936	0	5
August 27, 2007 9:43:00 AM UTC	1188229380000	0	0	yes	48.1	126.6	23392	20809	13333	5786	0	38056	2881	0	26	3942	0	2
August 27, 2007 9:44:00 AM UTC	1188229440000	0	0	yes	48.3	126.9	23392	20809	13335	5769	0	38071	2892	0	27	3958	0	9
August 27, 2007 9:45:00 AM UTC	1188229500000	0	0	yes	48.4	127.1	23392	20809	13332	5810	0	38033	2862	0	6	3972	0	5
August 27, 2007 9:46:00 AM UTC	1188229560000	0	0	yes	48.6	127.4	23392	20809	13334	5800	0	38041	2862	0	17	3984	0	0
August 27, 2007 9:47:00 AM UTC	1188229620000	0	0	yes	48.7	127.7	23392	20809	13320	5855	0	38000	2834	0	29	3987	0	4
August 27, 2007 9:48:00 AM UTC	1188229680000	0	0	yes	48.9	128.0	23392	20809	13334	5800	0	38041	2863	0	10	4003	0	2
August 27, 2007 9:49:00 AM UTC	1188229740000	0	0	yes	49.0	128.3	23392	20809	13324	5842	0	38009	2851	0	17	4001	0	0
August 27, 2007 9:50:00 AM UTC	1188229800000	0	0	yes	49.2	128.6	23392	20809	13333	5865	0	37977	2839	0	4	4024	0	3
August 27, 2007 9:51:00 AM UTC	1188229860000	0	0	yes	49.3	128.9	23392	20809	13326	5858	0	37991	2849	0	6	4026	0	2
August 27, 2007 9:52:00 AM UTC	1188229920000	0	0	yes	49.5	129.2	23392	20809	13347	5759	0	38069	2900	0	10	4055	0	3
August 27, 2007 9:53:00 AM UTC	1188229980000	0	0	yes	49.6	129.5	23392	20809	13324	5893	0	37958	2815	0	8	4054	0	2
August 27, 2007 9:54:00 AM UTC	1188230040000	0	0	yes	49.8	129.8	23392	20809	13314	5936	0	37925	2797	0	3	4052	0	0
August 27, 2007 9:55:00 AM UTC	1188230100000	0	0	yes	49.9	130.1	23392	20809	13335	5839	0	38001	2841	0	7	4082	0	0
August 27, 2007 9:56:00 AM UTC	1188230160000	0	0	yes	50.0	130.4	23392	20809	13314	5936	0	37925	2796	0	16	4078	0	0
August 27, 2007 9:57:00 AM UTC	1188230220000	0	0	yes	50.2	130.8	23392	20809	13337	5829	0	38009	2845	0	18	4104	0	0
August 27, 2007 9:58:00 AM UTC	1188230280000	0	0	yes	50.3	131.1	23392	20809	13326	5884	0	37965	2821	0	17	4108	0	0
August 27, 2007 9:59:00 AM UTC	1188230340000	0	0	yes	50.5	131.4	23392	20809	13328	5832	0	38015	2849	0	1	4115	0	0
August 27, 2007 10:00:00 AM UTC	1188230400000	0	0	yes	50.6	131.7	23392	20809	13327	5874	0	37974	2829	0	4	4119	0	0
August 27, 2007 10:01:00 AM UTC	1188230460000	0	0	yes	50.8	132.0	23392	20809	13339	5820	0	38016	2847	0	21	4146	0	0
August 27, 2007 10:02:00 AM UTC	1188230520000	0	0	yes	50.9	132.3	23392	20809	13327	5873	0	37975	2823	0	0	4141	0	0
August 27, 2007 10:03:00 AM UTC	1188230580000	0	0	yes	51.0	132.7	23392	20809	13339	5821	0	38015	2851	0	3	4161	0	0
August 27, 2007 10:04:00 AM UTC	1188230640000	0	0	yes	51.2	133.0	23392	20809	13318	5918	0	37939	2797	0	0	4157	0	0
August 27, 2007 10:05:00 AM UTC	1188230700000	0	0	yes	51.3	133.3	23392	20809	13339	5816	0	38020	2855	0	1	4182	0	0
August 27, 2007 10:06:00 AM UTC	1188230760000	1	0	yes	51.5	133.6	23392	20809	13329	5819	0	38027	2851	0	1	4187	0	0
August 27, 2007 10:07:00 AM UTC	1188230820000	0	0	yes	51.6	134.0	23392	20809	13329	5870	0	37976	2824	0	0	4193	0	0
August 27, 2007 10:08:00 AM UTC	1188230880000	0	0	yes	51.7	134.3	23392	20809	13329	5870	0	37976	2821	0	0	4199	0	0
August 27, 2007 10:09:00 AM UTC	1188230940000	0	0	yes	51.9	134.6	23392	20809	13338	5821	0	38016	2844	0	4	4225	0	0
August 27, 2007 10:10:00 AM UTC	1188231000000	1	0	yes	52.0	134.9	23392	20809	13316	5917	0	37942	2804	0	2	4211	0	0
August 27, 2007 10:11:00 AM UTC	1188231060000	0	0	yes	52.1	135.3	23392	20809	13328	5869	0	37978	2823	0	1	4226	0	0
August 27, 2007 10:12:00 AM UTC	1188231120000	0	0	yes	52.3	135.6	23392	20809	13329	5928	0	37918	2800	0	1	4235	0	0
August 27, 2007 10:13:00 AM UTC	1188231180000	0	0	yes	52.4	136.0	23392	20809	13315	5976	0	37884	2778	0	0	4228	0	0
August 27, 2007 10:14:00 AM UTC	1188231240000	1	0	yes	52.5	136.3	23392	20809	13328	5934	0	37913	2797	0	1	4255	0	0
August 27, 2007 10:15:00 AM UTC	1188231300000	0	0	yes	52.7	136.6	23392	20809	13329	5933	0	37913	2796	0	0	4258	0	0
August 27, 2007 10:16:00 AM UTC	1188231360000	0	0	yes	52.8	137.0	23392	20809	13328	5935	0	37912	2797	0	1	4260	0	0
August 27, 2007 10:17:00 AM UTC	1188231420000	0	0	yes	52.9	137.3	23392	20809	13316	5919	0	37940	2797	0	2	4270	0	0
August 27, 2007 10:18:00 AM UTC	1188231480000	0	0	yes	53.1	137.7	23392	20809	13338	5822	0	38015	2844	0	3	4295	0	0
August 27, 2007 10:19:00 AM UTC	1188231540000	0	0	yes	53.2	138.0	23392	20809	13318	5921	0	37936	2795	0	2	4279	0	0
August 27, 2007 10:20:00 AM UTC	1188231600000	0	0	yes	53.3	138.4	23392	20809	13328	5872	0	37975	2816	0	6	4300	0	0
August 27, 2007 10:21:00 AM UTC	1188231660000	0	0	yes	53.4	138.7	23392	20809	13326	5886	0	37963	2815	0	0	4304	0	0
August 27, 2007 10:22:00 AM UTC	1188231720000	0	0	yes	53.6	139.1	23392	20809	13326	5889	0	37960	2804	0	3	4317	0	0
August 27, 2007 10:23:00 AM UTC	1188231780000	0	0	yes	53.7	139.5	23392	20809	13329	5815	0	38031	2838	0	1	4326	0	0
August 27, 2007 10:24:00 AM UTC	1188231840000	0	0	yes	53.8	139.8	23392	20809	13340	5768	0	38067	2866	0	0	4340	0	0
August 27, 2007 10:25:00 AM UTC	1188231900000	0	0	yes	53.9	140.2	23392	20809	13330	5819	0	38026	2837	0	1	4335	0	0
August 27, 2007 10:26:00 AM UTC	1188231960000	0	0	yes	54.1	140.5	23392	20809	13328	5822	0	38025	2846	0	1	4337	0	0
August 27, 2007 10:27:00 AM UTC	1188232020000	0	0	yes	54.2	140.9	23392	20809	13330	5781	0	38064	2860	0	3	4353	0	0
August 27, 2007 10:28:00 AM UTC	1188232080000	0	0	yes	54.3	141.3	23392	20809	13337	5794	0	38044	2860	0	0	4364	0	0
August 27, 2007 10:29:00 AM UTC	1188232140000	0	0	yes	54.4	141.6	23392	20809	13329	5838	0	38008	2835	0	0	4358	0	0
August 27, 2007 10:30:00 AM UTC	1188232200000	0	0	yes	54.5	142.0	23392	20809	13338	5795	0	38042	2860	0	0	4371	0	0
August 27, 2007 10:31:00 AM UTC	1188232260000	0	0	yes	54.7	142.4	23392	20809	13326	5850	0	37999	2827	0	0	4366	0	0
August 27, 2007 10:32:00 AM UTC	1188232320000	0	0	yes	54.8	142.8	23392	20809	13326	5848	0	38001	2821	0	0	4368	0	0
August 27, 2007 10:33:00 AM UTC	1188232380000	0	0	yes	54.9	143.1	23392	20809	13326	5847	0	38002	2823	0	2	4381	0	0
August 27, 2007 10:34:00 AM UTC	1188232440000	0	0	yes	55.0	143.5	23392	20809	13336	5826	0	38013	2835	0	2	4390	0	0
August 27, 2007 10:35:00 AM UTC	1188232500000	0	0	yes	55.1	143.9	23392	20809	13325	5868	0	37982	2816	0	0	4387	0	0
August 27, 2007 10:36:00 AM UTC	1188232560000	0	0	yes	55.2	144.3	23392	20809	13336	5827	0	38012	2832	0	3	4410	0	0
August 27, 2007 10:37:00 AM UTC	1188232620000	0	0	yes	55.3	144.7	23392	20809	13336	5827	0	38012	2838	0	1	4407	0	0
August 27, 2007 10:38:00 AM UTC	1188232680000	0	0	yes	55.5	145.1	23392	20809	13324	5882	0	37969	2811	0	0	4390	0	0
August 27, 2007 10:39:00 AM UTC	1188232740000	0	0	yes	55.6	145.5	23392	20809	13332	5842	0	38001	2829	0	1	4425	0	0
August 27, 2007 10:40:00 AM UTC	1188232800000	0	0	yes	55.7	145.8	23392	20809	13323	5908	0	37944	2802	0	1	4406	0	0
August 27, 2007 10:41:00 AM UTC	1188232860000	0	0	yes	55.8	146.2	23392	20809	13333	5869	0	37973	2826	1	1	4415	0	0
August 27, 2007 10:42:00 AM UTC	1188232920000	0	0	yes	55.9	146.6	23392	20809	13333	5869	0	37973	2817	1	3	4422	0	0
August 27, 2007 10:43:00 AM UTC	1188232980000	0	0	yes	56.0	147.0	23392	20809	13318	5926	0	37931	2790	0	0	4412	0	0
August 27, 2007 10:44:00 AM UTC	1188233040000	0	0	yes	56.1	147.4	23392	20809	13323	5908	0	37944	2802	1	2	4417	0	0
August 27, 2007 10:45:00 AM UTC	1188233100000	0	0	yes	56.2	147.8	23392	20809	13328	5888	0	37959	2806	0	0	4426	0	0
August 27, 2007 10:46:00 AM UTC	1188233160000	0	0	yes	56.3	148.2	23392	20809	13330	5933	0	37912	2788	0	0	4429	0	0
August 27, 2007 10:47:00 AM UTC	1188233220000	0	0	yes	56.4	148.6	23392	20809	13340	5863	0	37972	2820	0	0	4447	0	0
August 27, 2007 10:48:00 AM UTC	1188233280000	0	0	yes	56.5	149.1	23392	20809	13349	5825	0	38001	2844	0	0	4464	0	0
August 27, 2007 10:49:00 AM UTC	1188233340000	0	0	yes	56.6	149.5	23392	20809	13327	5920	0	37928	2799	0	0	4443	0	0
August 27, 2007 10:50:00 AM UTC	1188233400000	0	0	yes	56.7	149.9	23392	20809	13336	5886	0	37953	2812	0	0	4453	0	0
August 27, 2007 10:51:00 AM UTC	1188233460000	0	0	yes	56.8	150.3	23392	20809	13330	5871	0	37974	2820	0	1	4456	0	0
August 27, 2007 10:52:00 AM UTC	1188233520000	0	0	yes	56.9	150.7	23392	20809	13333	5898	0	37944	2796	0	0	4464	0	0
August 27, 2007 10:53:00 AM UTC	1188233580000	0	0	yes	57.0	151.1	23392	20809	13344	5832	0	37999	2835	0	1	4476	0	0
August 27, 2007 10:54:00 AM UTC	1188233640000	0	0	yes	57.1	151.5	23392	20809	13335	5876	0	37964	2808	0	0	4470	0	0
August 27, 2007 10:55:00 AM UTC	1188233700000	0	0	yes	57.2	152.0	23392	20809	13343	5841	0	37991	2828	0	1	4482	0	0
August 27, 2007 10:56:00 AM UTC	1188233760000	0	0	yes	57.2	152.4	23392	20809	13330	5902	0	37943	2797	0	3	4468	0	0
August 27, 2007 10:57:00 AM UTC	1188233820000	0	0	yes	57.3	152.8	23392	20809	13330	5902	0	37943	2799	1	8	4470	0	0
August 27, 2007 10:58:00 AM UTC	1188233880000	0	0	yes	57.4	153.2	23392	20809	13334	5931	0	37910	2769	0	1	4477	0	0
August 27, 2007 10:59:00 AM UTC	1188233940000	0	0	yes	57.5	153.7	23392	20809	13314	6001	0	37860	2758	0	0	4457	0	0
August 27, 2007 11:00:00 AM UTC	1188234000000	0	0	yes	57.6	154.1	23392	20809	13322	5928	0	37925	2791	0	1	4465	0	0
August 27, 2007 11:01:00 AM UTC	1188234060000	0	0	yes	57.7	154.5	23392	20809	13331	5862	0	37982	2830	0	0	4476	0	0
August 27, 2007 11:02:00 AM UTC	1188234120000	0	0	yes	57.7	155.0	23392	20809	13323	5894	0	37958	2806	1	0	4473	0	0
August 27, 2007 11:03:00 AM UTC	1188234180000	0	0	yes	57.8	155.4	23392	20809	13333	5862	0	37980	2823	0	3	4480	0	0
August 27, 2007 11:04:00 AM UTC	1188234240000	0	0	yes	57.9	155.8	23392	20809	13331	5908	0	37936	2804	0	2	4478	0	0
August 27, 2007 11:05:00 AM UTC	1188234300000	0	0	yes	58.0	156.3	23392	20809	13331	5908	0	37936	2799	0	0	4478	0	0
August 27, 2007 11:06:00 AM UTC	1188234360000	0	0	yes	58.1	156.7	23392	20809	13331	5908	0	37936	2806	0	0	4483	0	0
August 27, 2007 11:07:00 AM UTC	1188234420000	0	0	yes	58.1	157.2	23392	20809	13338	5839	0	37998	2830	0	2	4491	0	0
August 27, 2007 11:08:00 AM UTC	1188234480000	0	0	yes	58.2	157.6	23392	20809	13325	5900	0	37950	2804	0	0	4473	0	0
August 27, 2007 11:09:00 AM UTC	1188234540000	0	0	yes	58.3	158.1	23392	20809	13323	5902	0	37950	2795	0	0	4480	0	0
August 27, 2007 11:10:00 AM UTC	1188234600000	0	0	yes	58.4	158.5	23392	20809	13329	5928	0	37918	2786	0	0	4481	0	0
August 27, 2007 11:11:00 AM UTC	1188234660000	0	0	yes	58.4	159.0	23392	20809	13322	5969	0	37884	2774	0	0	4470	0	0
August 27, 2007 11:12:00 AM UTC	1188234720000	0	0	yes	58.5	159.4	23392	20809	13342	5866	0	37967	2810	0	1	4502	0	0
August 27, 2007 11:13:00 AM UTC	1188234780000	0	0	yes	58.6	159.9	23392	20809	13343	5865	0	37967	2817	0	0	4499	0	0
August 27, 2007 11:14:00 AM UTC	1188234840000	0	0	yes	58.6	160.3	23392	20809	13334	5906	0	37935	2796	1	6	4489	0	0
August 27, 2007 11:15:00 AM UTC	1188234900000	0	0	yes	58.7	160.8	23392	20809	13329	5920	0	37926	2791	0	0	4481	0	0
August 27, 2007 11:16:00 AM UTC	1188234960000	0	0	yes	58.7	161.2	23392	20809	13335	5883	0	37957	2813	0	1	4493	0	0
August 27, 2007 11:17:00 AM UTC	1188235020000	0	0	yes	58.8	161.7	23392	20809	13336	5882	0	37957	2816	0	2	4494	0	0
August 27, 2007 11:18:00 AM UTC	1188235080000	0	0	yes	58.9	162.2	23392	20809	13341	5837	0	37997	2834	0	1	4500	0	0
August 27, 2007 11:19:00 AM UTC	1188235140000	0	0	yes	58.9	162.6	23392	20809	13335	5846	0	37994	2823	1	3	4493	0	0
August 27, 2007 11:20:00 AM UTC	1188235200000	0	0	yes	59.0	163.1	23392	20809	13326	5891	0	37958	2809	1	2	4484	0	0
August 27, 2007 11:21:00 AM UTC	1188235260000	0	0	yes	59.0	163.6	23392	20809	13323	5965	0	37887	2763	1	1	4477	0	0
August 27, 2007 11:22:00 AM UTC	1188235320000	0	0	yes	59.1	164.0	23392	20809	13328	5934	0	37913	2786	0	1	4485	0	0
August 27, 2007 11:23:00 AM UTC	1188235380000	0	0	yes	59.1	164.5	23392	20809	13345	5860	0	37970	2817	0	1	4503	0	0
August 27, 2007 11:24:00 AM UTC	1188235440000	0	0	yes	59.2	165.0	23392	20809	13329	5935	0	37911	2785	2	4	4482	0	0
August 27, 2007 11:25:00 AM UTC	1188235500000	0	0	yes	59.2	165.4	23392	20809	13329	5935	0	37911	2781	1	2	4483	0	0
August 27, 2007 11:26:00 AM UTC	1188235560000	0	0	yes	59.3	165.9	23392	20809	13329	5935	0	37911	2780	7	3	4482	0	0
August 27, 2007 11:27:00 AM UTC	1188235620000	0	0	yes	59.3	166.4	23392	20809	13333	5894	0	37948	2803	0	0	4488	0	0
August 27, 2007 11:28:00 AM UTC	1188235680000	0	0	yes	59.4	166.9	23392	20809	13333	5904	0	37938	2804	0	0	4490	0	0
August 27, 2007 11:29:00 AM UTC	1188235740000	0	0	yes	59.4	167.3	23392	20809	13337	5862	0	37976	2816	1	6	4496	0	0
August 27, 2007 11:30:00 AM UTC	1188235800000	0	0	yes	59.5	167.8	23392	20809	13337	5862	0	37976	2820	1	2	4497	0	0
August 27, 2007 11:31:00 AM UTC	1188235860000	0	0	yes	59.5	168.3	23392	20809	13334	5876	0	37965	2815	1	2	4491	0	0
August 27, 2007 11:32:00 AM UTC	1188235920000	0	0	yes	59.5	168.8	23392	20809	13337	5861	0	37977	2815	2	5	4494	0	0
August 27, 2007 11:33:00 AM UTC	1188235980000	0	0	yes	59.6	169.3	23392	20809	13320	6000	0	37855	2749	0	3	4470	0	0
August 27, 2007 11:34:00 AM UTC	1188236040000	0	0	yes	59.6	169.7	23392	20809	13337	5922	0	37916	2791	0	0	4501	0	0
August 27, 2007 11:35:00 AM UTC	1188236100000	0	0	yes	59.6	170.2	23392	20809	13336	5920	0	37919	2785	1	2	4500	0	0
August 27, 2007 11:36:00 AM UTC	1188236160000	0	0	yes	59.7	170.7	23392	20809	13323	5908	0	37944	2804	0	0	4487	0	0
August 27, 2007 11:37:00 AM UTC	1188236220000	0	0	yes	59.7	171.2	23392	20809	13324	5870	0	37981	2815	2	2	4490	0	0
August 27, 2007 11:38:00 AM UTC	1188236280000	0	0	yes	59.7	171.7	23392	20809	13327	5871	0	37977	2812	1	3	4488	0	0
August 27, 2007 11:39:00 AM UTC	1188236340000	0	0	yes	59.8	172.2	23392	20809	13338	5879	0	37958	2803	0	2	4503	0	0
August 27, 2007 11:40:00 AM UTC	1188236400000	0	0	yes	59.8	172.6	23392	20809	13326	5941	0	37908	2784	2	3	4484	0	0
August 27, 2007 11:41:00 AM UTC	1188236460000	0	0	yes	59.8	173.1	23392	20809	13325	5942	0	37908	2786	0	3	4485	0	0
August 27, 2007 11:42:00 AM UTC	1188236520000	0	0	yes	59.8	173.6	23392	20809	13325	5942	0	37908	2780	3	8	4482	0	0
August 27, 2007 11:43:00 AM UTC	1188236580000	0	0	yes	59.8	174.1	23392	20809	13323	5942	0	37910	2780	1	5	4485	0	0
August 27, 2007 11:44:00 AM UTC	1188236640000	0	0	yes	59.9	174.6	23392	20809	13327	5848	0	38000	2831	8	7	4493	0	0
August 27, 2007 11:45:00 AM UTC	1188236700000	0	0	yes	59.9	175.1	23392	20809	13324	5912	0	37939	2784	0	2	4487	0	0
August 27, 2007 11:46:00 AM UTC	1188236760000	0	0	yes	59.9	175.6	23392	20809	13324	5918	0	37933	2791	0	1	4489	0	0
August 27, 2007 11:47:00 AM UTC	1188236820000	0	0	yes	59.9	176.1	23392	20809	13323	5919	0	37933	2790	1	3	4489	0	0
August 27, 2007 11:48:00 AM UTC	1188236880000	0	0	yes	59.9	176.6	23392	20809	13324	5914	0	37937	2797	8	11	4491	0	0
August 27, 2007 11:49:00 AM UTC	1188236940000	0	1	yes	59.9	177.0	23392	20809	13324	5914	0	37937	2795	12	5	4496	0	0
August 27, 2007 11:50:00 AM UTC	1188237000000	0	1	yes	59.9	177.5	23392	20809	13326	5912	0	37937	2790	0	0	4492	0	0
August 27, 2007 11:51:00 AM UTC	1188237060000	0	1	yes	59.9	178.0	23392	20809	13326	5911	0	37938	2793	0	0	4489	0	0
August 27, 2007 11:52:00 AM UTC	1188237120000	0	1	yes	60.0	178.5	23392	20809	13327	5887	0	37961	2800	0	0	4491	0	0
August 27, 2007 11:53:00 AM UTC	1188237180000	0	1	yes	60.0	179.0	23392	20809	13327	5888	0	37960	2799	0	0	4493	0	0
August 27, 2007 11:54:00 AM UTC	1188237240000	0	1	yes	60.0	179.5	23392	20809	13327	5889	0	37959	2802	0	4	4492	0	0
August 27, 2007 11:55:00 AM UTC	1188237300000	0	1	yes	60.0	180.0	23392	20809	13327	5889	0	37959	2795	0	0	4495	0	0
August 27, 2007 11:56:00 AM UTC	1188237360000	0	1	yes	60.0	180.5	23392	20809	13327	5889	0	37959	2802	0	0	4492	0	0
August 27, 2007 11:57:00 AM UTC	1188237420000	0	1	yes	60.0	181.0	23392	20809	13327	5888	0	37960	2799	0	5	4492	0	0
August 27, 2007 11:58:00 AM UTC	1188237480000	0	1	yes	60.0	181.5	23392	20809	13327	5887	0	37961	2799	4	7	4492	0	0
August 27, 2007 11:59:00 AM UTC	1188237540000	0	1	yes	59.9	182.0	23392	20809	13326	5909	0	37940	2793	8	6	4490	0	0
August 27, 2007 12:00:00 PM UTC	1188237600000	0	1	yes	59.9	182.5	23392	20809	13326	5910	0	37939	2790	0	0	4491	0	0
August 27, 2007 12:01:00 PM UTC	1188237660000	0	1	yes	59.9	182.9	23392	20809	13324	5912	0	37939	2795	0	0	4495	0	0
August 27, 2007 12:02:00 PM UTC	1188237720000	0	1	yes	59.9	183.4	23392	20809	13324	5912	0	37939	2797	0	0	4492	0	0
August 27, 2007 12:03:00 PM UTC	1188237780000	0	1	yes	59.9	183.9	23392	20809	13323	5917	0	37935	2790	0	7	4489	0	0
August 27, 2007 12:04:00 PM UTC	1188237840000	0	1	yes	59.9	184.4	23392	20809	13338	5850	0	37987	2819	7	11	4508	0	0
August 27, 2007 12:05:00 PM UTC	1188237900000	0	1	yes	59.9	184.9	23392	20809	13324	5909	0	37942	2784	0	2	4487	0	0
August 27, 2007 12:06:00 PM UTC	1188237960000	0	1	yes	59.9	185.4	23392	20809	13325	5858	0	37992	2824	0	0	4492	0	0
August 27, 2007 12:07:00 PM UTC	1188238020000	0	1	yes	59.8	185.9	23392	20809	13323	5938	0	37914	2780	0	0	4484	0	0
August 27, 2007 12:08:00 PM UTC	1188238080000	0	1	yes	59.8	186.4	23392	20809	13325	5938	0	37912	2781	1	8	4482	0	0
August 27, 2007 12:09:00 PM UTC	1188238140000	0	1	yes	59.8	186.9	23392	20809	13325	5938	0	37912	2786	0	0	4485	0	0
August 27, 2007 12:10:00 PM UTC	1188238200000	0	1	yes	59.8	187.3	23392	20809	13326	5937	0	37912	2784	0	1	4485	0	0
August 27, 2007 12:11:00 PM UTC	1188238260000	0	1	yes	59.7	187.8	23392	20809	13338	5877	0	37960	2803	3	1	4504	0	0
August 27, 2007 12:12:00 PM UTC	1188238320000	0	1	yes	59.7	188.3	23392	20809	13341	5799	0	38035	2843	0	2	4508	0	0
August 27, 2007 12:13:00 PM UTC	1188238380000	0	1	yes	59.7	188.8	23392	20809	13324	5866	0	37985	2813	2	3	4490	0	0
August 27, 2007 12:14:00 PM UTC	1188238440000	0	1	yes	59.7	189.3	23392	20809	13323	5904	0	37948	2803	0	0	4488	0	0
August 27, 2007 12:15:00 PM UTC	1188238500000	0	1	yes	59.6	189.8	23392	20809	13336	5915	0	37924	2783	0	0	4500	0	0
August 27, 2007 12:16:00 PM UTC	1188238560000	0	1	yes	59.6	190.3	23392	20809	13337	5915	0	37923	2790	0	0	4501	0	0
August 27, 2007 12:17:00 PM UTC	1188238620000	0	1	yes	59.6	190.7	23392	20809	13320	5997	0	37858	2747	0	0	4471	0	0
August 27, 2007 12:18:00 PM UTC	1188238680000	0	1	yes	59.5	191.2	23392	20809	13322	5919	0	37934	2785	0	0	4475	0	0
August 27, 2007 12:19:00 PM UTC	1188238740000	0	1	yes	59.5	191.7	23392	20809	13337	5855	0	37983	2821	0	0	4495	0	0
August 27, 2007 12:20:00 PM UTC	1188238800000	0	1	yes	59.4	192.2	23392	20809	13337	5855	0	37983	2819	0	0	4498	0	0
August 27, 2007 12:21:00 PM UTC	1188238860000	0	1	yes	59.4	192.7	23392	20809	13337	5855	0	37983	2817	0	0	4496	0	0
August 27, 2007 12:22:00 PM UTC	1188238920000	0	1	yes	59.4	193.1	23392	20809	13319	5967	0	37889	2775	1	0	4470	0	0
August 27, 2007 12:23:00 PM UTC	1188238980000	0	1	yes	59.3	193.6	23392	20809	13329	5923	0	37923	2786	0	0	4483	0	0
August 27, 2007 12:24:00 PM UTC	1188239040000	0	1	yes	59.3	194.1	23392	20809	13329	5931	0	37915	2781	0	0	4483	0	0
August 27, 2007 12:25:00 PM UTC	1188239100000	0	1	yes	59.2	194.5	23392	20809	13329	5931	0	37915	2782	1	0	4482	0	0
August 27, 2007 12:26:00 PM UTC	1188239160000	0	1	yes	59.2	195.0	23392	20809	13329	5931	0	37915	2787	0	0	4482	0	0
August 27, 2007 12:27:00 PM UTC	1188239220000	0	1	yes	59.1	195.5	23392	20809	13342	5875	0	37958	2808	0	0	4499	0	0
August 27, 2007 12:28:00 PM UTC	1188239280000	0	1	yes	59.1	196.0	23392	20809	13343	5865	0	37967	2816	0	2	4505	0	0
August 27, 2007 12:29:00 PM UTC	1188239340000	0	1	yes	59.0	196.4	23392	20809	13323	5958	0	37894	2761	0	1	4477	0	0
August 27, 2007 12:30:00 PM UTC	1188239400000	0	1	yes	59.0	196.9	23392	20809	13326	5885	0	37964	2810	2	3	4484	0	0
August 27, 2007 12:31:00 PM UTC	1188239460000	0	1	yes	58.9	197.4	23392	20809	13319	5907	0	37949	2792	0	0	4476	0	0
August 27, 2007 12:32:00 PM UTC	1188239520000	1	1	yes	58.8	197.8	23392	20809	13337	5874	0	37964	2813	0	9	4492	0	0
August 27, 2007 12:33:00 PM UTC	1188239580000	0	1	yes	58.8	198.3	23392	20809	13336	5877	0	37962	2815	3	15	4493	0	0
August 27, 2007 12:34:00 PM UTC	1188239640000	1	1	yes	58.7	198.7	23392	20809	13335	5878	0	37962	2810	2	6	4493	0	0
August 27, 2007 12:35:00 PM UTC	1188239700000	1	1	yes	58.7	199.2	23392	20809	13329	5915	0	37931	2792	0	0	4485	0	0
August 27, 2007 12:36:00 PM UTC	1188239760000	1	1	yes	58.6	199.7	23392	20809	13334	5900	0	37941	2795	0	0	4488	0	0
August 27, 2007 12:37:00 PM UTC	1188239820000	1	1	yes	58.5	200.1	23392	20809	13343	5861	0	37971	2819	0	0	4498	0	0
August 27, 2007 12:38:00 PM UTC	1188239880000	1	1	yes	58.5	200.6	23392	20809	13342	5862	0	37971	2808	0	2	4501	0	0
August 27, 2007 12:39:00 PM UTC	1188239940000	1	1	yes	58.4	201.0	23392	20809	13325	5937	0	37913	2786	0	2	4474	0	0
August 27, 2007 12:40:00 PM UTC	1188240000000	1	1	yes	58.3	201.5	23392	20809	13329	5923	0	37923	2788	0	0	4483	0	0
August 27, 2007 12:41:00 PM UTC	1188240060000	1	1	yes	58.3	201.9	23392	20809	13323	5896	0	37956	2799	0	1	4477	0	0
August 27, 2007 12:42:00 PM UTC	1188240120000	1	1	yes	58.2	202.4	23392	20809	13325	5898	0	37952	2806	0	0	4471	0	0
August 27, 2007 12:43:00 PM UTC	1188240180000	1	1	yes	58.1	202.8	23392	20809	13324	5896	0	37955	2801	0	0	4474	0	0
August 27, 2007 12:44:00 PM UTC	1188240240000	1	1	yes	58.0	203.3	23392	20809	13331	5903	0	37941	2806	0	1	4482	0	0
August 27, 2007 12:45:00 PM UTC	1188240300000	1	1	yes	58.0	203.7	23392	20809	13331	5903	0	37941	2800	0	0	4478	0	0
August 27, 2007 12:46:00 PM UTC	1188240360000	1	1	yes	57.9	204.1	23392	20809	13331	5903	0	37941	2807	0	6	4476	0	0
August 27, 2007 12:47:00 PM UTC	1188240420000	1	2	yes	57.8	204.6	23392	20809	13333	5857	0	37985	2820	0	0	4481	0	0
August 27, 2007 12:48:00 PM UTC	1188240480000	1	2	yes	57.7	205.0	23392	20809	13323	5884	0	37968	2809	0	1	4477	0	0
August 27, 2007 12:49:00 PM UTC	1188240540000	2	2	yes	57.6	205.4	23392	20809	13331	5856	0	37988	2830	0	0	4475	0	0
August 27, 2007 12:50:00 PM UTC	1188240600000	2	2	yes	57.6	205.9	23392	20809	13330	5856	0	37989	2826	0	0	4474	0	0
August 27, 2007 12:51:00 PM UTC	1188240660000	2	2	yes	57.5	206.3	23392	20809	13314	5994	0	37867	2759	0	0	4456	0	0
August 27, 2007 12:52:00 PM UTC	1188240720000	2	2	yes	57.4	206.7	23392	20809	13335	5902	0	37938	2790	0	0	4481	0	0
August 27, 2007 12:53:00 PM UTC	1188240780000	2	3	yes	57.3	207.2	23392	20809	13330	5886	0	37959	2799	0	0	4469	0	0
August 27, 2007 12:54:00 PM UTC	1188240840000	3	3	yes	57.2	207.6	23392	20809	13330	5886	0	37959	2797	0	0	4467	0	0
August 27, 2007 12:55:00 PM UTC	1188240900000	3	3	yes	57.1	208.0	23392	20809	13330	5886	0	37959	2800	0	0	4466	0	0
August 27, 2007 12:56:00 PM UTC	1188240960000	3	3	yes	57.0	208.4	23392	20809	13322	5919	0	37934	2779	0	0	4456	0	0
August 27, 2007 12:57:00 PM UTC	1188241020000	3	3	yes	56.9	208.8	23392	20809	13329	5885	0	37961	2803	0	0	4460	0	0
August 27, 2007 12:58:00 PM UTC	1188241080000	3	4	yes	56.8	209.3	23392	20809	13333	5892	0	37950	2798	0	0	4462	0	0
August 27, 2007 12:59:00 PM UTC	1188241140000	4	4	yes	56.8	209.7	23392	20809	13336	5827	0	38012	2833	0	0	4461	0	0
August 27, 2007 1:00:00 PM UTC	1188241200000	4	5	yes	56.7	210.1	23392	20809	13337	5874	0	37964	2816	0	0	4454	0	0
August 27, 2007 1:01:00 PM UTC	1188241260000	4	4	yes	56.6	210.5	23392	20809	13327	5913	0	37935	2799	0	0	4440	0	0
August 27, 2007 1:02:00 PM UTC	1188241320000	5	5	yes	56.5	210.9	23392	20809	13349	5818	0	38008	2845	0	1	4462	0	0
August 27, 2007 1:03:00 PM UTC	1188241380000	5	5	yes	56.4	211.3	23392	20809	13327	5913	0	37935	2798	0	0	4433	0	0
August 27, 2007 1:04:00 PM UTC	1188241440000	5	6	yes	56.3	211.7	23392	20809	13319	5950	0	37906	2784	0	0	4418	0	0
August 27, 2007 1:05:00 PM UTC	1188241500000	6	6	yes	56.2	212.1	23392	20809	13328	5881	0	37966	2810	0	0	4426	0	0
August 27, 2007 1:06:00 PM UTC	1188241560000	6	6	yes	56.1	212.5	23392	20809	13318	5939	0	37918	2784	0	0	4410	0	0
August 27, 2007 1:07:00 PM UTC	1188241620000	6	6	yes	56.0	212.9	23392	20809	13318	5918	0	37939	2793	0	2	4412	0	0
August 27, 2007 1:08:00 PM UTC	1188241680000	6	6	yes	55.9	213.3	23392	20809	13333	5862	0	37980	2816	0	16	4420	0	0
August 27, 2007 1:09:00 PM UTC	1188241740000	6	7	yes	55.7	213.7	23392	20809	13333	5862	0	37980	2827	4	57	4413	0	0
August 27, 2007 1:10:00 PM UTC	1188241800000	7	7	yes	55.6	214.1	23392	20809	13332	5862	0	37981	2817	38	89	4415	0	0
August 27, 2007 1:11:00 PM UTC	1188241860000	8	7	yes	55.5	214.5	23392	20809	13332	5835	0	38008	2838	123	115	4423	0	0
August 27, 2007 1:12:00 PM UTC	1188241920000	8	7	yes	55.4	214.9	23392	20809	13336	5820	0	38019	2834	204	161	4405	0	0
August 27, 2007 1:13:00 PM UTC	1188241980000	9	7	yes	55.3	215.3	23392	20809	13336	5820	0	38019	2838	241	293	4410	0	0
August 27, 2007 1:13:57 PM UTC	1188242037000	9	8	yes	55.2	215.7	23392	20809	13336	5820	0	38019	2837	285	387	4413	0	0
August 27, 2007 1:15:00 PM UTC	1188242100000	10	9	yes	55.1	216.1	23392	20809	13325	5860	0	37990	2815	374	331	4385	0	0
August 27, 2007 1:16:00 PM UTC	1188242160000	11	9	yes	55.0	216.4	23392	20809	13336	5819	0	38020	2840	448	278	4392	0	0
August 27, 2007 1:17:00 PM UTC	1188242220000	11	10	yes	54.9	216.8	23392	20809	13326	5839	0	38010	2824	498	304	4378	0	0
August 27, 2007 1:18:00 PM UTC	1188242280000	12	10	yes	54.7	217.2	23392	20809	13326	5837	0	38012	2817	596	258	4375	0	0
August 27, 2007 1:19:00 PM UTC	1188242340000	12	11	yes	54.6	217.6	23392	20809	13326	5839	0	38010	2824	656	214	4366	0	0
August 27, 2007 1:20:00 PM UTC	1188242400000	13	11	yes	54.5	217.9	23392	20809	13338	5784	0	38053	2858	725	225	4370	0	0
August 27, 2007 1:21:00 PM UTC	1188242460000	13	10	yes	54.4	218.3	23392	20809	13329	5827	0	38019	2837	787	152	4357	0	0
August 27, 2007 1:22:00 PM UTC	1188242520000	13	10	yes	54.3	218.7	23392	20809	13337	5783	0	38055	2862	856	137	4361	0	0
August 27, 2007 1:23:00 PM UTC	1188242580000	13	11	yes	54.2	219.1	23392	20809	13330	5773	0	38072	2861	916	150	4351	0	0
August 27, 2007 1:24:00 PM UTC	1188242640000	13	11	yes	54.0	219.4	23392	20809	13328	5813	0	38034	2849	944	160	4334	0	0
August 27, 2007 1:25:00 PM UTC	1188242700000	13	12	yes	53.9	219.8	23392	20809	13330	5812	0	38033	2839	968	162	4333	0	0
August 27, 2007 1:26:00 PM UTC	1188242760000	13	13	yes	53.8	220.1	23392	20809	13340	5761	0	38074	2868	974	204	4338	0	0
August 27, 2007 1:27:00 PM UTC	1188242820000	13	14	yes	53.7	220.5	23392	20809	13329	5807	0	38039	2840	954	211	4320	0	0
August 27, 2007 1:28:00 PM UTC	1188242880000	13	16	yes	53.5	220.9	23392	20809	13329	5812	0	38034	2835	980	245	4320	0	0
August 27, 2007 1:29:00 PM UTC	1188242940000	13	16	yes	53.4	221.2	23392	20809	13328	5871	0	37976	2816	984	234	4305	0	0
August 27, 2007 1:30:00 PM UTC	1188243000000	13	16	yes	53.3	221.6	23392	20809	13328	5867	0	37980	2812	1013	247	4300	0	0
August 27, 2007 1:31:00 PM UTC	1188243060000	13	17	yes	53.2	221.9	23392	20809	13339	5814	0	38022	2846	1019	297	4300	0	0
August 27, 2007 1:32:00 PM UTC	1188243120000	13	18	yes	53.0	222.3	23392	20809	13328	5867	0	37980	2823	1000	321	4283	0	0
August 27, 2007 1:33:00 PM UTC	1188243180000	13	19	yes	52.9	222.6	23392	20809	13316	5914	0	37945	2797	967	332	4268	0	0
August 27, 2007 1:34:00 PM UTC	1188243240000	12	20	yes	52.8	223.0	23392	20809	13341	5878	0	37956	2824	954	355	4265	0	0
August 27, 2007 1:35:00 PM UTC	1188243300000	12	21	yes	52.6	223.3	23392	20809	13329	5928	0	37918	2794	911	358	4257	0	0
August 27, 2007 1:36:00 PM UTC	1188243360000	11	22	yes	52.5	223.7	23392	20809	13328	5928	0	37919	2795	883	386	4252	0	2
August 27, 2007 1:37:00 PM UTC	1188243420000	12	22	yes	52.4	224.0	23392	20809	13316	5969	0	37890	2775	864	418	4228	2	3
August 27, 2007 1:38:00 PM UTC	1188243480000	11	22	yes	52.2	224.3	23392	20809	13329	5922	0	37924	2803	806	477	4235	2	21
August 27, 2007 1:39:00 PM UTC	1188243540000	11	23	yes	52.1	224.7	23392	20809	13316	5895	0	37964	2803	802	458	4210	23	32
August 27, 2007 1:40:00 PM UTC	1188243600000	10	24	yes	52.0	225.0	23392	20809	13329	5846	0	38000	2829	765	509	4211	44	70
August 27, 2007 1:41:00 PM UTC	1188243660000	11	25	yes	51.8	225.3	23392	20809	13328	5848	0	37999	2824	736	449	4207	73	81
August 27, 2007 1:42:00 PM UTC	1188243720000	10	25	yes	51.7	225.7	23392	20809	13329	5848	0	37998	2819	696	448	4199	127	97
August 27, 2007 1:43:00 PM UTC	1188243780000	10	25	yes	51.6	226.0	23392	20809	13339	5801	0	38035	2849	624	423	4194	182	69
August 27, 2007 1:44:00 PM UTC	1188243840000	10	25	yes	51.4	226.3	23392	20809	13329	5814	0	38032	2852	571	464	4185	211	97
August 27, 2007 1:45:00 PM UTC	1188243900000	10	26	yes	51.3	226.6	23392	20809	13337	5822	0	38016	2847	516	439	4180	273	96
August 27, 2007 1:46:00 PM UTC	1188243960000	10	27	yes	51.1	227.0	23392	20809	13329	5863	0	37983	2824	483	386	4164	309	119
August 27, 2007 1:47:00 PM UTC	1188244020000	9	27	yes	51.0	227.3	23392	20809	13339	5816	0	38020	2854	431	412	4159	361	137
August 27, 2007 1:48:00 PM UTC	1188244080000	9	29	yes	50.9	227.6	23392	20809	13316	5915	0	37944	2798	398	373	4133	414	140
August 27, 2007 1:49:00 PM UTC	1188244140000	9	30	yes	50.7	227.9	23392	20809	13339	5818	0	38018	2846	365	401	4141	493	134
August 27, 2007 1:50:00 PM UTC	1188244200000	9	29	yes	50.6	228.2	23392	20809	13327	5870	0	37978	2830	304	449	4115	527	129
August 27, 2007 1:51:00 PM UTC	1188244260000	8	30	yes	50.4	228.6	23392	20809	13328	5832	0	38015	2849	317	367	4112	577	144
August 27, 2007 1:52:00 PM UTC	1188244320000	8	31	yes	50.3	228.9	23392	20809	13326	5882	0	37967	2824	204	442	4104	595	174
August 27, 2007 1:53:00 PM UTC	1188244380000	8	32	yes	50.1	229.2	23392	20809	13335	5848	0	37992	2839	168	490	4096	591	215
August 27, 2007 1:54:00 PM UTC	1188244440000	7	33	yes	50.0	229.5	23392	20809	13314	5936	0	37925	2793	106	468	4080	618	227
August 27, 2007 1:55:00 PM UTC	1188244500000	6	34	yes	49.9	229.8	23392	20809	13335	5840	0	38000	2836	64	480	4080	619	253
August 27, 2007 1:56:00 PM UTC	1188244560000	6	34	yes	49.7	230.1	23392	20809	13324	5894	0	37957	2816	34	425	4060	571	331
August 27, 2007 1:57:00 PM UTC	1188244620000	6	33	yes	49.6	230.4	23392	20809	13324	5893	0	37958	2811	18	366	4052	580	367
August 27, 2007 1:58:00 PM UTC	1188244680000	6	34	yes	49.4	230.7	23392	20809	13334	5850	0	37991	2851	17	275	4041	578	408
August 27, 2007 1:59:00 PM UTC	1188244740000	6	34	yes	49.3	231.0	23392	20809	13326	5860	0	37989	2846	46	244	4023	560	428
August 27, 2007 2:00:00 PM UTC	1188244800000	6	35	yes	49.1	231.3	23392	20809	13321	5925	0	37929	2806	67	169	4013	522	451
August 27, 2007 2:01:00 PM UTC	1188244860000	6	34	yes	49.0	231.6	23392	20809	13322	5913	0	37940	2822	82	125	3996	491	497
August 27, 2007 2:02:00 PM UTC	1188244920000	5	35	yes	48.8	231.9	23392	20809	13334	5802	0	38039	2865	95	135	4001	446	543
August 27, 2007 2:03:00 PM UTC	1188244980000	5	35	yes	48.7	232.2	23392	20809	13334	5802	0	38039	2863	96	136	3990	432	574
August 27, 2007 2:04:00 PM UTC	1188245040000	5	34	yes	48.5	232.5	23392	20809	13334	5802	0	38039	2867	79	148	3976	405	603
August 27, 2007 2:05:00 PM UTC	1188245100000	3	31	yes	48.4	232.8	23392	20809	13321	5863	0	37991	2835	58	145	3962	375	541
August 27, 2007 2:06:00 PM UTC	1188245160000	3	30	yes	48.2	233.1	23392	20809	13334	5802	0	38039	2868	64	112	3954	367	548
August 27, 2007 2:07:00 PM UTC	1188245220000	3	31	yes	48.1	233.4	23392	20809	13323	5827	0	38025	2863	87	139	3935	349	561
August 27, 2007 2:08:00 PM UTC	1188245280000	3	28	yes	47.9	233.7	23392	20809	13332	5787	0	38056	2877	91	205	3933	337	533
August 27, 2007 2:09:00 PM UTC	1188245340000	3	27	yes	47.7	233.9	23392	20809	13321	5881	0	37973	2832	134	232	3908	343	498
August 27, 2007 2:10:00 PM UTC	1188245400000	3	25	yes	47.6	234.2	23392	20809	13331	5841	0	38003	2860	211	263	3901	301	494
August 27, 2007 2:11:00 PM UTC	1188245460000	3	24	yes	47.4	234.5	23392	20809	13331	5841	0	38003	2854	241	373	3884	329	494
August 27, 2007 2:12:00 PM UTC	1188245520000	4	22	yes	47.3	234.8	23392	20809	13331	5841	0	38003	2864	323	398	3878	327	437
August 27, 2007 2:13:00 PM UTC	1188245580000	4	21	yes	47.1	235.1	23392	20809	13316	5897	0	37962	2826	437	430	3844	332	499
August 27, 2007 2:14:00 PM UTC	1188245640000	4	20	yes	47.0	235.3	23392	20809	13336	5800	0	38039	2875	566	439	3863	312	487
August 27, 2007 2:15:00 PM UTC	1188245700000	4	19	yes	46.8	235.6	23392	20809	13317	5873	0	37985	2838	643	471	3827	305	504
August 27, 2007 2:16:00 PM UTC	1188245760000	5	16	yes	46.6	235.9	23392	20809	13328	5831	0	38016	2871	788	451	3831	311	544
August 27, 2007 2:17:00 PM UTC	1188245820000	5	16	yes	46.5	236.2	23392	20809	13328	5831	0	38016	2870	927	462	3811	305	553
August 27, 2007 2:18:00 PM UTC	1188245880000	5	16	yes	46.3	236.4	23392	20809	13326	5894	0	37955	2842	1028	507	3800	332	622
August 27, 2007 2:19:00 PM UTC	1188245940000	5	15	yes	46.2	236.7	23392	20809	13340	5836	0	37999	2875	1143	559	3790	320	679
August 27, 2007 2:20:00 PM UTC	1188246000000	5	14	yes	46.0	237.0	23392	20809	13334	5856	0	37985	2859	1207	570	3774	325	647
August 27, 2007 2:21:00 PM UTC	1188246060000	6	14	yes	45.8	237.3	23392	20809	13326	5893	0	37956	2845	1302	610	3756	347	752
August 27, 2007 2:22:00 PM UTC	1188246120000	6	15	yes	45.7	237.5	23392	20809	13335	5857	0	37983	2865	1315	816	3750	361	854
August 27, 2007 2:23:00 PM UTC	1188246180000	5	13	yes	45.5	237.8	23392	20809	13336	5858	0	37981	2865	1278	818	3734	346	798
August 27, 2007 2:24:00 PM UTC	1188246240000	6	14	yes	45.4	238.1	23392	20809	13336	5831	0	38008	2885	1317	840	3726	342	923
August 27, 2007 2:25:00 PM UTC	1188246300000	6	15	yes	45.2	238.3	23392	20809	13336	5831	0	38008	2878	1328	989	3715	373	1098
August 27, 2007 2:26:00 PM UTC	1188246360000	6	15	yes	45.0	238.6	23392	20809	13323	5890	0	37962	2853	1314	1231	3691	432	1184
August 27, 2007 2:27:00 PM UTC	1188246420000	6	16	yes	44.9	238.8	23392	20809	13342	5857	0	37976	2877	1297	1225	3684	453	1239
August 27, 2007 2:28:00 PM UTC	1188246480000	6	15	yes	44.7	239.1	23392	20809	13321	5952	0	37902	2824	1231	1029	3663	458	1220
August 27, 2007 2:29:00 PM UTC	1188246540000	6	14	yes	44.5	239.3	23392	20809	13343	5799	0	38033	2898	1249	1046	3654	475	1252
August 27, 2007 2:30:00 PM UTC	1188246600000	6	14	yes	44.4	239.6	23392	20809	13329	5859	0	37987	2858	1184	1001	3640	477	1253
August 27, 2007 2:31:00 PM UTC	1188246660000	6	14	yes	44.2	239.9	23392	20809	13320	5899	0	37956	2839	1148	956	3624	526	1312
August 27, 2007 2:32:00 PM UTC	1188246720000	7	14	yes	44.0	240.1	23392	20809	13329	5858	0	37988	2863	1199	983	3610	601	1369
August 27, 2007 2:33:00 PM UTC	1188246780000	7	13	yes	43.9	240.4	23392	20809	13330	5841	0	38004	2883	1221	977	3601	689	1341
August 27, 2007 2:34:00 PM UTC	1188246840000	8	13	yes	43.7	240.6	23392	20809	13337	5807	0	38031	2892	1230	957	3590	861	1229
August 27, 2007 2:35:00 PM UTC	1188246900000	8	12	yes	43.5	240.9	23392	20809	13329	5840	0	38006	2881	1214	887	3569	991	1042
August 27, 2007 2:36:00 PM UTC	1188246960000	8	12	yes	43.4	241.1	23392	20809	13315	5901	0	37959	2847	1242	857	3550	1160	890
August 27, 2007 2:37:00 PM UTC	1188247020000	8	11	yes	43.2	241.4	23392	20809	13335	5871	0	37969	2873	1276	836	3545	1258	809
August 27, 2007 2:38:00 PM UTC	1188247080000	9	11	yes	43.0	241.6	23392	20809	13322	5933	0	37920	2844	1230	820	3521	1346	730
August 27, 2007 2:39:00 PM UTC	1188247140000	8	11	yes	42.9	241.9	23392	20809	13338	5871	0	37966	2876	1204	844	3506	1421	709
August 27, 2007 2:40:00 PM UTC	1188247200000	9	11	yes	42.7	242.1	23392	20809	13322	5933	0	37920	2840	1245	813	3496	1519	674
August 27, 2007 2:41:00 PM UTC	1188247260000	9	10	yes	42.5	242.3	23392	20809	13338	5872	0	37965	2872	1236	776	3488	1513	720
August 27, 2007 2:42:00 PM UTC	1188247320000	9	10	yes	42.4	242.6	23392	20809	13330	5866	0	37979	2873	1202	754	3474	1491	733
August 27, 2007 2:43:00 PM UTC	1188247380000	9	10	yes	42.2	242.8	23392	20809	13330	5881	0	37964	2868	1144	838	3457	1570	706
August 27, 2007 2:44:00 PM UTC	1188247440000	8	10	yes	42.0	243.1	23392	20809	13322	5912	0	37941	2862	1140	790	3434	1595	679
August 27, 2007 2:45:00 PM UTC	1188247500000	9	10	yes	41.9	243.3	23392	20809	13330	5881	0	37964	2875	1110	809	3425	1626	649
August 27, 2007 2:46:00 PM UTC	1188247560000	8	10	yes	41.7	243.5	23392	20809	13330	5881	0	37964	2871	1094	793	3415	1668	608
August 27, 2007 2:47:00 PM UTC	1188247620000	9	10	yes	41.5	243.8	23392	20809	13330	5881	0	37964	2885	1131	812	3389	1730	567
August 27, 2007 2:48:00 PM UTC	1188247680000	9	10	yes	41.3	244.0	23392	20809	13329	5936	0	37910	2850	1077	850	3380	1698	589
August 27, 2007 2:49:00 PM UTC	1188247740000	8	10	yes	41.2	244.2	23392	20809	13326	5944	0	37905	2849	1060	893	3369	1667	523
August 27, 2007 2:50:00 PM UTC	1188247800000	8	9	yes	41.0	244.5	23392	20809	13314	6003	0	37858	2816	1028	875	3348	1640	498
August 27, 2007 2:51:00 PM UTC	1188247860000	8	10	yes	40.8	244.7	23392	20809	13338	5843	0	37994	2896	1078	869	3338	1594	546
August 27, 2007 2:52:00 PM UTC	1188247920000	8	9	yes	40.6	244.9	23392	20809	13322	5906	0	37947	2860	1049	881	3327	1580	467
August 27, 2007 2:53:00 PM UTC	1188247980000	8	9	yes	40.5	245.2	23392	20809	13338	5827	0	38010	2914	1092	885	3302	1555	474
August 27, 2007 2:54:00 PM UTC	1188248040000	8	9	yes	40.3	245.4	23392	20809	13324	5891	0	37960	2875	1070	867	3289	1517	513
August 27, 2007 2:55:00 PM UTC	1188248100000	8	9	yes	40.1	245.6	23392	20809	13337	5827	0	38011	2907	1054	906	3279	1521	514
August 27, 2007 2:56:00 PM UTC	1188248160000	8	9	yes	39.9	245.9	23392	20809	13324	5890	0	37961	2877	1107	854	3260	1491	577
August 27, 2007 2:57:00 PM UTC	1188248220000	8	9	yes	39.8	246.1	23392	20809	13345	5798	0	38032	2934	1207	832	3248	1474	582
August 27, 2007 2:58:00 PM UTC	1188248280000	8	9	yes	39.6	246.3	23392	20809	13329	5819	0	38027	2896	1278	755	3231	1440	613
August 27, 2007 2:59:00 PM UTC	1188248340000	8	9	yes	39.4	246.5	23392	20809	13321	5913	0	37941	2860	1338	743	3216	1413	641
August 27, 2007 3:00:00 PM UTC	1188248400000	9	8	yes	39.2	246.7	23392	20809	13321	5913	0	37941	2859	1457	609	3201	1359	651
August 27, 2007 3:01:00 PM UTC	1188248460000	9	8	yes	39.1	247.0	23392	20809	13328	5882	0	37965	2882	1540	567	3189	1376	711
August 27, 2007 3:02:00 PM UTC	1188248520000	9	8	yes	38.9	247.2	23392	20809	13328	5882	0	37965	2887	1549	534	3166	1340	703
August 27, 2007 3:03:00 PM UTC	1188248580000	8	8	yes	38.7	247.4	23392	20809	13328	5880	0	37967	2881	1547	527	3153	1322	690
August 27, 2007 3:04:00 PM UTC	1188248640000	9	8	yes	38.5	247.6	23392	20809	13335	5844	0	37996	2907	1662	480	3141	1297	784
August 27, 2007 3:05:00 PM UTC	1188248700000	9	7	yes	38.4	247.8	23392	20809	13336	5844	0	37995	2899	1687	411	3128	1298	777
August 27, 2007 3:06:00 PM UTC	1188248760000	9	7	yes	38.2	248.1	23392	20809	13330	5871	0	37974	2894	1699	410	3111	1249	755
August 27, 2007 3:07:00 PM UTC	1188248820000	9	7	yes	38.0	248.3	23392	20809	13329	5869	0	37977	2887	1707	457	3093	1235	684
August 27, 2007 3:08:00 PM UTC	1188248880000	9	7	yes	37.8	248.5	23392	20809	13335	5844	0	37996	2906	1732	494	3086	1231	646
August 27, 2007 3:09:00 PM UTC	1188248940000	8	7	yes	37.6	248.7	23392	20809	13335	5844	0	37996	2900	1685	582	3073	1183	645
August 27, 2007 3:10:00 PM UTC	1188249000000	8	6	yes	37.5	248.9	23392	20809	13335	5844	0	37996	2898	1702	561	3060	1155	616
August 27, 2007 3:11:00 PM UTC	1188249060000	8	7	yes	37.3	249.1	23392	20809	13341	5819	0	38015	2911	1700	670	3049	1141	610
August 27, 2007 3:12:00 PM UTC	1188249120000	8	7	yes	37.1	249.4	23392	20809	13339	5888	0	37948	2877	1674	697	3039	1096	615
August 27, 2007 3:13:00 PM UTC	1188249180000	8	7	yes	36.9	249.6	23392	20809	13333	5914	0	37928	2867	1657	666	3025	1144	579
August 27, 2007 3:14:00 PM UTC	1188249240000	8	6	yes	36.8	249.8	23392	20809	13333	5914	0	37928	2861	1620	673	3019	1121	560
August 27, 2007 3:15:00 PM UTC	1188249300000	7	6	yes	36.6	250.0	23392	20809	13325	5955	0	37895	2833	1514	683	3002	1085	621
August 27, 2007 3:16:00 PM UTC	1188249360000	8	6	yes	36.4	250.2	23392	20809	13338	5879	0	37958	2872	1559	730	2991	1111	659
August 27, 2007 3:17:00 PM UTC	1188249420000	8	6	yes	36.2	250.4	23392	20809	13325	5945	0	37905	2830	1545	766	2983	1102	746
August 27, 2007 3:18:00 PM UTC	1188249480000	7	6	yes	36.0	250.6	23392	20809	13325	5945	0	37905	2826	1476	721	2977	1083	772
August 27, 2007 3:19:00 PM UTC	1188249540000	7	6	yes	35.9	250.8	23392	20809	13331	5923	0	37921	2838	1492	789	2965	1003	815
August 27, 2007 3:20:00 PM UTC	1188249600000	7	6	yes	35.7	251.0	23392	20809	13331	5920	0	37924	2832	1479	797	2958	975	897
August 27, 2007 3:21:00 PM UTC	1188249660000	7	6	yes	35.5	251.2	23392	20809	13326	5942	0	37907	2815	1467	801	2944	993	846
August 27, 2007 3:22:00 PM UTC	1188249720000	7	6	yes	35.3	251.4	23392	20809	13325	5942	0	37908	2809	1588	688	2936	1010	837
August 27, 2007 3:23:00 PM UTC	1188249780000	7	5	yes	35.1	251.6	23392	20809	13328	5826	0	38021	2824	1607	579	2931	997	854
August 27, 2007 3:24:00 PM UTC	1188249840000	7	5	yes	34.9	251.8	23392	20809	13333	5804	0	38038	2828	1559	627	2925	967	849
August 27, 2007 3:25:00 PM UTC	1188249900000	7	5	yes	34.8	252.0	23392	20809	13330	5872	0	37973	2800	1591	536	2916	966	797
August 27, 2007 3:26:00 PM UTC	1188249960000	7	5	yes	34.6	252.2	23392	20809	13330	5871	0	37974	2804	1556	586	2904	928	746
August 27, 2007 3:27:00 PM UTC	1188250020000	7	5	yes	34.4	252.4	23392	20809	13330	5871	0	37974	2789	1537	673	2899	933	737
August 27, 2007 3:28:00 PM UTC	1188250080000	7	5	yes	34.2	252.6	23392	20809	13335	5850	0	37990	2808	1549	670	2885	907	695
August 27, 2007 3:29:00 PM UTC	1188250140000	7	5	yes	34.0	252.8	23392	20809	13335	5850	0	37990	2795	1536	670	2882	914	775
August 27, 2007 3:30:00 PM UTC	1188250200000	7	5	yes	33.8	253.0	23392	20809	13320	5917	0	37938	2745	1498	691	2881	865	733
August 27, 2007 3:31:00 PM UTC	1188250260000	7	5	yes	33.7	253.2	23392	20809	13331	5870	0	37974	2766	1549	578	2875	851	775
August 27, 2007 3:32:00 PM UTC	1188250320000	6	5	yes	33.5	253.4	23392	20809	13317	5938	0	37920	2714	1543	602	2864	805	753
August 27, 2007 3:33:00 PM UTC	1188250380000	6	4	yes	33.3	253.6	23392	20809	13336	5849	0	37990	2763	1578	594	2856	775	751
August 27, 2007 3:34:00 PM UTC	1188250440000	6	4	yes	33.1	253.8	23392	20809	13322	5915	0	37938	2708	1559	589	2856	774	785
August 27, 2007 3:35:00 PM UTC	1188250500000	6	5	yes	32.9	254.0	23392	20809	13337	5848	0	37990	2740	1599	648	2851	721	766
August 27, 2007 3:36:00 PM UTC	1188250560000	6	5	yes	32.7	254.2	23392	20809	13337	5848	0	37990	2729	1579	666	2848	727	749
August 27, 2007 3:37:00 PM UTC	1188250620000	6	5	yes	32.6	254.4	23392	20809	13336	5847	0	37992	2722	1598	648	2839	667	762
August 27, 2007 3:38:00 PM UTC	1188250680000	6	4	yes	32.4	254.6	23392	20809	13341	5829	0	38005	2723	1594	619	2838	678	745
August 27, 2007 3:39:00 PM UTC	1188250740000	6	4	yes	32.2	254.8	23392	20809	13338	5904	0	37933	2691	1542	687	2828	657	688
August 27, 2007 3:40:00 PM UTC	1188250800000	6	4	yes	32.0	255.0	23392	20809	13338	5904	0	37933	2683	1535	670	2824	641	700
August 27, 2007 3:41:00 PM UTC	1188250860000	6	4	yes	31.8	255.2	23392	20809	13322	5971	0	37882	2638	1497	714	2820	626	705
August 27, 2007 3:42:00 PM UTC	1188250920000	6	5	yes	31.6	255.4	23392	20809	13336	5899	0	37940	2661	1487	757	2821	598	750
August 27, 2007 3:43:00 PM UTC	1188250980000	6	5	yes	31.5	255.6	23392	20809	13322	5968	0	37885	2620	1441	803	2815	602	702
August 27, 2007 3:44:00 PM UTC	1188251040000	6	5	yes	31.3	255.7	23392	20809	13338	5900	0	37937	2640	1496	772	2806	591	811
August 27, 2007 3:45:00 PM UTC	1188251100000	6	5	yes	31.1	255.9	23392	20809	13322	5968	0	37885	2598	1561	655	2806	580	798
August 27, 2007 3:46:00 PM UTC	1188251160000	6	5	yes	30.9	256.1	23392	20809	13338	5864	0	37973	2625	1599	673	2806	586	877
August 27, 2007 3:47:00 PM UTC	1188251220000	6	5	yes	30.7	256.3	23392	20809	13324	5931	0	37920	2582	1536	709	2798	572	825
August 27, 2007 3:48:00 PM UTC	1188251280000	6	5	yes	30.5	256.5	23392	20809	13338	5863	0	37974	2605	1614	698	2797	558	861
August 27, 2007 3:49:00 PM UTC	1188251340000	6	5	yes	30.3	256.7	23392	20809	13328	5914	0	37933	2564	1563	689	2796	528	871
August 27, 2007 3:50:00 PM UTC	1188251400000	6	5	yes	30.1	256.9	23392	20809	13329	5844	0	38002	2576	1529	742	2787	528	845
August 27, 2007 3:51:00 PM UTC	1188251460000	5	5	yes	30.0	257.1	23392	20809	13331	5830	0	38014	2568	1527	769	2788	506	862
August 27, 2007 3:52:00 PM UTC	1188251520000	5	5	yes	29.8	257.2	23392	20809	13331	5830	0	38014	2555	1499	766	2786	495	885
August 27, 2007 3:53:00 PM UTC	1188251580000	5	5	yes	29.6	257.4	23392	20809	13330	5837	0	38008	2534	1456	771	2789	503	895
August 27, 2007 3:54:00 PM UTC	1188251640000	5	5	yes	29.4	257.6	23392	20809	13330	5837	0	38008	2528	1429	793	2783	541	816
August 27, 2007 3:55:00 PM UTC	1188251700000	5	5	yes	29.2	257.8	23392	20809	13347	5831	0	37997	2536	1427	830	2780	530	800
August 27, 2007 3:56:00 PM UTC	1188251760000	5	5	yes	29.0	258.0	23392	20809	13331	5902	0	37942	2496	1430	792	2779	490	811
August 27, 2007 3:57:00 PM UTC	1188251820000	5	5	yes	28.8	258.2	23392	20809	13344	5832	0	37999	2525	1434	831	2774	513	767
August 27, 2007 3:58:00 PM UTC	1188251880000	5	4	yes	28.7	258.3	23392	20809	13330	5901	0	37944	2471	1441	784	2777	497	782
August 27, 2007 3:59:00 PM UTC	1188251940000	5	5	yes	28.5	258.5	23392	20809	13330	5901	0	37944	2453	1476	788	2778	509	803
August 27, 2007 4:00:00 PM UTC	1188252000000	5	4	yes	28.3	258.7	23392	20809	13330	5901	0	37944	2440	1502	698	2781	502	853
August 27, 2007 4:01:00 PM UTC	1188252060000	5	4	yes	28.1	258.9	23392	20809	13330	5901	0	37944	2435	1502	722	2770	498	793
August 27, 2007 4:02:00 PM UTC	1188252120000	5	4	yes	27.9	259.1	23392	20809	13333	5887	0	37955	2426	1496	699	2774	513	818
August 27, 2007 4:03:00 PM UTC	1188252180000	5	4	yes	27.7	259.2	23392	20809	13333	5887	0	37955	2412	1483	666	2772	496	867
August 27, 2007 4:04:00 PM UTC	1188252240000	5	4	yes	27.5	259.4	23392	20809	13330	5899	0	37946	2390	1505	670	2775	508	910
August 27, 2007 4:05:00 PM UTC	1188252300000	5	4	yes	27.3	259.6	23392	20809	13330	5899	0	37946	2377	1529	638	2775	489	918
August 27, 2007 4:06:00 PM UTC	1188252360000	6	4	yes	27.1	259.8	23392	20809	13330	5899	0	37946	2367	1540	661	2771	510	851
August 27, 2007 4:07:00 PM UTC	1188252420000	6	4	yes	27.0	260.0	23392	20809	13330	5897	0	37948	2357	1541	660	2769	501	884
August 27, 2007 4:08:00 PM UTC	1188252480000	6	4	yes	26.8	260.1	23392	20809	13330	5867	0	37978	2348	1562	640	2770	483	863
August 27, 2007 4:09:00 PM UTC	1188252540000	6	4	yes	26.6	260.3	23392	20809	13333	5853	0	37989	2335	1603	619	2773	551	876
August 27, 2007 4:10:00 PM UTC	1188252600000	6	5	yes	26.4	260.5	23392	20809	13333	5853	0	37989	2320	1561	653	2773	503	938
August 27, 2007 4:11:00 PM UTC	1188252660000	6	5	yes	26.2	260.7	23392	20809	13334	5858	0	37983	2314	1614	602	2770	538	954
August 27, 2007 4:12:00 PM UTC	1188252720000	6	5	yes	26.0	260.8	23392	20809	13332	5935	0	37908	2282	1589	612	2782	539	1001
August 27, 2007 4:13:00 PM UTC	1188252780000	6	4	yes	25.8	261.0	23392	20809	13315	6006	0	37854	2232	1580	567	2772	585	953
August 27, 2007 4:14:00 PM UTC	1188252840000	6	4	yes	25.6	261.2	23392	20809	13331	5936	0	37908	2254	1707	473	2783	597	1013
August 27, 2007 4:15:00 PM UTC	1188252900000	6	5	yes	25.4	261.4	23392	20809	13315	6004	0	37856	2207	1618	534	2778	581	1030
August 27, 2007 4:16:00 PM UTC	1188252960000	6	5	yes	25.3	261.5	23392	20809	13333	5859	0	37983	2237	1700	497	2787	614	1050
August 27, 2007 4:17:00 PM UTC	1188253020000	6	4	yes	25.1	261.7	23392	20809	13336	5849	0	37990	2230	1671	516	2785	597	954
August 27, 2007 4:18:00 PM UTC	1188253080000	6	5	yes	24.9	261.9	23392	20809	13336	5848	0	37991	2220	1683	486	2784	632	1011
August 27, 2007 4:19:00 PM UTC	1188253140000	6	4	yes	24.7	262.1	23392	20809	13336	5848	0	37991	2198	1694	467	2792	620	1005
August 27, 2007 4:20:00 PM UTC	1188253200000	6	4	yes	24.5	262.2	23392	20809	13322	5913	0	37940	2158	1693	429	2789	647	992
August 27, 2007 4:21:00 PM UTC	1188253260000	6	5	yes	24.3	262.4	23392	20809	13336	5848	0	37991	2176	1681	464	2791	655	1030
August 27, 2007 4:22:00 PM UTC	1188253320000	6	5	yes	24.1	262.6	23392	20809	13320	5918	0	37937	2123	1669	440	2798	678	1044
August 27, 2007 4:23:00 PM UTC	1188253380000	7	4	yes	23.9	262.8	23392	20809	13336	5847	0	37992	2148	1741	397	2793	709	1044
August 27, 2007 4:24:00 PM UTC	1188253440000	7	5	yes	23.7	262.9	23392	20809	13336	5847	0	37992	2127	1747	364	2806	710	1082
August 27, 2007 4:25:00 PM UTC	1188253500000	7	5	yes	23.5	263.1	23392	20809	13338	5837	1	37999	2115	1691	420	2807	733	1080
August 27, 2007 4:26:00 PM UTC	1188253560000	6	5	yes	23.4	263.3	23392	20809	13338	5837	3	37997	2104	1673	428	2806	690	1069
August 27, 2007 4:27:00 PM UTC	1188253620000	6	5	yes	23.2	263.4	23392	20809	13322	5907	3	37943	2055	1675	377	2814	697	1126
August 27, 2007 4:28:00 PM UTC	1188253680000	7	5	yes	23.0	263.6	23392	20809	13338	5844	9	37984	2075	1734	331	2811	721	1041
August 27, 2007 4:29:00 PM UTC	1188253740000	7	5	yes	22.8	263.8	23392	20809	13323	5886	8	37958	2025	1702	308	2825	717	1059
August 27, 2007 4:30:00 PM UTC	1188253800000	6	5	yes	22.6	263.9	23392	20809	13336	5898	16	37925	2033	1674	343	2821	685	1102
August 27, 2007 4:31:00 PM UTC	1188253860000	6	5	yes	22.4	264.1	23392	20809	13336	5898	19	37922	2013	1690	304	2828	720	1118
August 27, 2007 4:32:00 PM UTC	1188253920000	6	5	yes	22.2	264.3	23392	20809	13321	5969	18	37867	1969	1638	312	2833	707	1137
August 27, 2007 4:33:00 PM UTC	1188253980000	6	5	yes	22.0	264.5	23392	20809	13337	5893	29	37916	1989	1678	281	2833	702	1123
August 27, 2007 4:34:00 PM UTC	1188254040000	7	5	yes	21.8	264.6	23392	20809	13321	5963	31	37860	1938	1670	237	2844	795	1096
August 27, 2007 4:35:00 PM UTC	1188254100000	6	5	yes	21.6	264.8	23392	20809	13338	5893	39	37905	1960	1659	262	2843	739	1178
August 27, 2007 4:36:00 PM UTC	1188254160000	7	5	yes	21.5	265.0	23392	20809	13321	5963	38	37853	1915	1693	184	2849	785	1122
August 27, 2007 4:37:00 PM UTC	1188254220000	7	5	yes	21.3	265.1	23392	20809	13337	5893	47	37898	1927	1705	174	2853	800	1134
August 27, 2007 4:38:00 PM UTC	1188254280000	7	5	yes	21.1	265.3	23392	20809	13337	5893	49	37896	1910	1669	192	2861	795	1156
August 27, 2007 4:39:00 PM UTC	1188254340000	7	5	yes	20.9	265.5	23392	20809	13321	5962	50	37842	1867	1652	165	2867	854	1115
August 27, 2007 4:40:00 PM UTC	1188254400000	7	5	yes	20.7	265.6	23392	20809	13339	5815	63	37958	1892	1734	95	2871	878	1123
August 27, 2007 4:41:00 PM UTC	1188254460000	7	5	yes	20.5	265.8	23392	20809	13326	5882	58	37909	1846	1645	143	2877	856	1094
August 27, 2007 4:42:00 PM UTC	1188254520000	7	5	yes	20.3	266.0	23392	20809	13339	5813	66	37957	1859	1642	148	2882	839	1112
August 27, 2007 4:43:00 PM UTC	1188254580000	7	5	yes	20.1	266.1	23392	20809	13323	5882	66	37904	1814	1628	120	2894	837	1135
August 27, 2007 4:44:00 PM UTC	1188254640000	7	5	yes	19.9	266.3	23392	20809	13323	5882	66	37904	1800	1601	133	2894	871	1114
August 27, 2007 4:45:00 PM UTC	1188254700000	7	5	yes	19.7	266.4	23392	20809	13339	5812	78	37946	1813	1633	102	2901	827	1172
August 27, 2007 4:46:00 PM UTC	1188254760000	7	5	yes	19.5	266.6	23392	20809	13323	5892	74	37886	1769	1605	89	2909	925	1074
August 27, 2007 4:47:00 PM UTC	1188254820000	7	5	yes	19.4	266.8	23392	20809	13340	5818	85	37932	1783	1626	72	2918	881	1145
August 27, 2007 4:48:00 PM UTC	1188254880000	7	5	yes	19.2	266.9	23392	20809	13324	5886	81	37884	1741	1577	81	2922	916	1090
August 27, 2007 4:49:00 PM UTC	1188254940000	7	5	yes	19.0	267.1	23392	20809	13325	5883	85	37882	1724	1580	59	2932	933	1101
August 27, 2007 4:50:00 PM UTC	1188255000000	7	5	yes	18.8	267.3	23392	20809	13338	5875	90	37872	1723	1563	70	2936	988	1070
August 27, 2007 4:51:00 PM UTC	1188255060000	7	5	yes	18.6	267.4	23392	20809	13322	5945	88	37820	1681	1545	48	2950	1002	1091
August 27, 2007 4:52:00 PM UTC	1188255120000	7	5	yes	18.4	267.6	23392	20809	13336	5875	98	37866	1695	1569	28	2954	977	1105
August 27, 2007 4:53:00 PM UTC	1188255180000	7	5	yes	18.2	267.8	23392	20809	13321	5946	94	37814	1653	1526	33	2961	1069	1064
August 27, 2007 4:54:00 PM UTC	1188255240000	7	5	yes	18.0	267.9	23392	20809	13321	5946	96	37812	1640	1518	26	2967	1099	1168
August 27, 2007 4:55:00 PM UTC	1188255300000	7	5	yes	17.8	268.1	23392	20809	13335	5877	105	37858	1645	1510	30	2974	1065	1197
August 27, 2007 4:56:00 PM UTC	1188255360000	7	5	yes	17.6	268.2	23392	20809	13321	5946	100	37808	1604	1493	11	2983	1111	1144
August 27, 2007 4:57:00 PM UTC	1188255420000	7	5	yes	17.4	268.4	23392	20809	13339	5876	103	37857	1618	1504	11	2992	1160	1137
August 27, 2007 4:58:00 PM UTC	1188255480000	7	5	yes	17.2	268.6	23392	20809	13321	5946	103	37805	1572	1459	10	3004	1163	1219
August 27, 2007 4:59:00 PM UTC	1188255540000	7	5	yes	17.1	268.7	23392	20809	13339	5877	113	37846	1576	1462	1	3014	1242	1144
August 27, 2007 5:00:00 PM UTC	1188255600000	7	5	yes	16.9	268.9	23392	20809	13321	5946	108	37800	1545	1437	0	3020	1231	1156
August 27, 2007 5:01:00 PM UTC	1188255660000	8	5	yes	16.7	269.1	23392	20809	13321	5946	106	37802	1525	1419	0	3029	1309	1067
August 27, 2007 5:02:00 PM UTC	1188255720000	8	5	yes	16.5	269.2	23392	20809	13340	5875	119	37841	1535	1416	0	3040	1289	1170
August 27, 2007 5:03:00 PM UTC	1188255780000	8	5	yes	16.3	269.4	23392	20809	13322	5869	111	37873	1494	1383	0	3048	1351	1083
August 27, 2007 5:04:00 PM UTC	1188255840000	8	5	yes	16.1	269.5	23392	20809	13340	5799	123	37913	1509	1384	2	3063	1369	1147
August 27, 2007 5:05:00 PM UTC	1188255900000	8	5	yes	15.9	269.7	23392	20809	13340	5799	124	37912	1498	1374	0	3069	1369	1119
August 27, 2007 5:06:00 PM UTC	1188255960000	8	5	yes	15.7	269.9	23392	20809	13340	5799	127	37909	1479	1352	0	3080	1374	1132
August 27, 2007 5:07:00 PM UTC	1188256020000	8	6	yes	15.5	270.0	23392	20809	13340	5799	128	37908	1466	1338	0	3089	1406	1196
August 27, 2007 5:08:00 PM UTC	1188256080000	8	5	yes	15.3	270.2	23392	20809	13322	5944	120	37789	1414	1294	0	3104	1515	999
August 27, 2007 5:09:00 PM UTC	1188256140000	8	5	yes	15.1	270.3	23392	20809	13340	5791	130	37914	1427	1296	1	3117	1434	1150
August 27, 2007 5:10:00 PM UTC	1188256200000	8	5	yes	14.9	270.5	23392	20809	13322	5861	123	37869	1382	1258	1	3124	1543	1071
August 27, 2007 5:11:00 PM UTC	1188256260000	8	5	yes	14.8	270.7	23392	20809	13322	5861	123	37869	1366	1241	2	3139	1542	1079
August 27, 2007 5:12:00 PM UTC	1188256320000	8	5	yes	14.6	270.8	23392	20809	13340	5875	133	37827	1376	1243	0	3145	1573	1060
August 27, 2007 5:13:00 PM UTC	1188256380000	8	5	yes	14.4	271.0	23392	20809	13321	5946	123	37785	1336	1212	0	3160	1557	1105
August 27, 2007 5:14:00 PM UTC	1188256440000	8	5	yes	14.2	271.1	23392	20809	13339	5877	134	37825	1336	1202	0	3172	1579	1085
August 27, 2007 5:15:00 PM UTC	1188256500000	8	5	yes	14.0	271.3	23392	20809	13321	5946	124	37784	1305	1181	0	3183	1640	1077
August 27, 2007 5:16:00 PM UTC	1188256560000	8	5	yes	13.8	271.5	23392	20809	13321	5946	126	37782	1288	1161	1	3197	1675	1068
August 27, 2007 5:17:00 PM UTC	1188256620000	8	6	yes	13.6	271.6	23392	20809	13339	5876	128	37832	1299	1168	3	3207	1638	1127
August 27, 2007 5:18:00 PM UTC	1188256680000	8	6	yes	13.4	271.8	23392	20809	13321	5946	126	37782	1259	1125	8	3223	1671	1122
August 27, 2007 5:19:00 PM UTC	1188256740000	8	5	yes	13.2	271.9	23392	20809	13335	5877	131	37832	1265	1130	4	3236	1735	1082
August 27, 2007 5:20:00 PM UTC	1188256800000	8	6	yes	13.0	272.1	23392	20809	13321	5946	126	37782	1227	1095	6	3251	1690	1184
August 27, 2007 5:21:00 PM UTC	1188256860000	8	6	yes	12.8	272.3	23392	20809	13321	5946	127	37781	1210	1082	1	3265	1751	1113
August 27, 2007 5:22:00 PM UTC	1188256920000	9	6	yes	12.7	272.4	23392	20809	13336	5875	135	37829	1218	1079	4	3277	1839	1073
August 27, 2007 5:23:00 PM UTC	1188256980000	8	6	yes	12.5	272.6	23392	20809	13322	5945	127	37781	1178	1050	1	3293	1799	1149
August 27, 2007 5:24:00 PM UTC	1188257040000	9	5	yes	12.3	272.7	23392	20809	13338	5875	131	37831	1185	1053	1	3309	1903	1071
August 27, 2007 5:25:00 PM UTC	1188257100000	8	6	yes	12.1	272.9	23392	20809	13325	5887	122	37841	1156	1030	4	3325	1873	1111
August 27, 2007 5:26:00 PM UTC	1188257160000	8	6	yes	11.9	273.1	23392	20809	13324	5890	121	37840	1138	1014	3	3343	1852	1161
August 27, 2007 5:27:00 PM UTC	1188257220000	9	6	yes	11.7	273.2	23392	20809	13340	5820	126	37889	1143	1014	2	3359	1953	1082
August 27, 2007 5:28:00 PM UTC	1188257280000	9	6	yes	11.5	273.4	23392	20809	13323	5892	121	37839	1107	985	1	3371	2014	1030
August 27, 2007 5:29:00 PM UTC	1188257340000	9	6	yes	11.3	273.5	23392	20809	13339	5811	125	37900	1112	987	0	3386	2043	1015
August 27, 2007 5:30:00 PM UTC	1188257400000	9	6	yes	11.1	273.7	23392	20809	13323	5880	116	37856	1077	961	0	3400	2076	1025
August 27, 2007 5:31:00 PM UTC	1188257460000	9	6	yes	10.9	273.8	23392	20809	13323	5880	115	37857	1059	944	0	3418	2088	1060
August 27, 2007 5:32:00 PM UTC	1188257520000	9	6	yes	10.7	274.0	23392	20809	13339	5810	122	37904	1066	943	1	3434	2154	1005
August 27, 2007 5:33:00 PM UTC	1188257580000	9	6	yes	10.5	274.2	23392	20809	13326	5878	112	37859	1028	914	2	3451	2122	1052
August 27, 2007 5:34:00 PM UTC	1188257640000	9	6	yes	10.4	274.3	23392	20809	13339	5809	119	37908	1036	916	1	3464	2181	1040
August 27, 2007 5:35:00 PM UTC	1188257700000	9	6	yes	10.2	274.5	23392	20809	13321	5963	113	37778	993	879	1	3479	2157	992
August 27, 2007 5:36:00 PM UTC	1188257760000	9	6	yes	10.0	274.6	23392	20809	13321	5963	111	37780	979	867	1	3493	2123	1078
August 27, 2007 5:37:00 PM UTC	1188257820000	8	6	yes	9.8	274.8	23392	20809	13337	5893	112	37833	984	871	1	3509	2077	1089
August 27, 2007 5:38:00 PM UTC	1188257880000	9	6	yes	9.6	275.0	23392	20809	13321	5963	107	37784	948	840	1	3525	2150	1063
August 27, 2007 5:39:00 PM UTC	1188257940000	8	6	yes	9.4	275.1	23392	20809	13338	5893	111	37833	951	819	21	3540	2115	1066
August 27, 2007 5:40:00 PM UTC	1188258000000	8	6	yes	9.2	275.3	23392	20809	13337	5899	107	37832	935	804	24	3554	1961	1138
August 27, 2007 5:41:00 PM UTC	1188258060000	8	6	yes	9.0	275.4	23392	20809	13321	5964	102	37788	898	768	28	3571	2088	1109
August 27, 2007 5:42:00 PM UTC	1188258120000	8	5	yes	8.8	275.6	23392	20809	13337	5894	103	37841	903	780	20	3586	2002	1112
August 27, 2007 5:43:00 PM UTC	1188258180000	8	5	yes	8.6	275.7	23392	20809	13321	5967	94	37793	872	758	20	3596	2098	1042
August 27, 2007 5:44:00 PM UTC	1188258240000	8	5	yes	8.4	275.9	23392	20809	13336	5896	99	37844	876	753	24	3615	1982	1133
August 27, 2007 5:45:00 PM UTC	1188258300000	8	5	yes	8.3	276.1	23392	20809	13336	5896	97	37846	861	756	8	3628	2069	1070
August 27, 2007 5:46:00 PM UTC	1188258360000	8	5	yes	8.1	276.2	23392	20809	13323	5890	98	37864	831	708	17	3649	1960	1119
August 27, 2007 5:47:00 PM UTC	1188258420000	8	5	yes	7.9	276.4	23392	20809	13338	5846	105	37886	837	716	16	3659	2017	1075
August 27, 2007 5:48:00 PM UTC	1188258480000	8	5	yes	7.7	276.5	23392	20809	13322	5909	101	37843	805	699	5	3669	2138	993
August 27, 2007 5:49:00 PM UTC	1188258540000	8	5	yes	7.5	276.7	23392	20809	13338	5838	101	37898	807	706	0	3690	1973	1137
August 27, 2007 5:50:00 PM UTC	1188258600000	8	5	yes	7.3	276.8	23392	20809	13338	5838	100	37899	790	686	4	3706	2048	1066
August 27, 2007 5:51:00 PM UTC	1188258660000	8	5	yes	7.1	277.0	23392	20809	13321	5913	93	37848	758	659	6	3717	2099	1046
August 27, 2007 5:52:00 PM UTC	1188258720000	7	5	yes	6.9	277.2	23392	20809	13336	5846	95	37898	757	660	2	3735	1983	1092
August 27, 2007 5:53:00 PM UTC	1188258780000	8	5	yes	6.7	277.3	23392	20809	13320	5916	88	37851	731	643	0	3740	2093	1011
August 27, 2007 5:54:00 PM UTC	1188258840000	8	5	yes	6.5	277.5	23392	20809	13336	5845	92	37902	730	638	0	3762	2154	1000
August 27, 2007 5:55:00 PM UTC	1188258900000	8	5	yes	6.4	277.6	23392	20809	13336	5845	92	37902	719	627	0	3774	2187	1070
August 27, 2007 5:56:00 PM UTC	1188258960000	8	4	yes	6.2	277.8	23392	20809	13322	5909	85	37859	691	606	0	3780	2229	985
August 27, 2007 5:57:00 PM UTC	1188259020000	8	5	yes	6.0	278.0	23392	20809	13336	5844	89	37906	692	603	0	3802	2324	993
August 27, 2007 5:58:00 PM UTC	1188259080000	7	4	yes	5.8	278.1	23392	20809	13336	5844	92	37903	678	585	1	3814	2079	1076
August 27, 2007 5:59:00 PM UTC	1188259140000	8	5	yes	5.6	278.3	23392	20809	13336	5843	94	37902	664	570	0	3828	2315	1005
August 27, 2007 6:00:00 PM UTC	1188259200000	8	4	yes	5.4	278.4	23392	20809	13336	5843	95	37901	650	555	0	3848	2329	883
August 27, 2007 6:01:00 PM UTC	1188259260000	8	4	yes	5.2	278.6	23392	20809	13315	6004	95	37761	613	518	0	3844	2287	838
August 27, 2007 6:02:00 PM UTC	1188259320000	8	4	yes	5.0	278.7	23392	20809	13331	5936	102	37806	611	509	0	3873	2281	892
August 27, 2007 6:03:00 PM UTC	1188259380000	8	4	yes	4.8	278.9	23392	20809	13331	5936	108	37800	599	491	0	3878	2251	818
August 27, 2007 6:04:00 PM UTC	1188259440000	8	4	yes	4.6	279.1	23392	20809	13332	5933	116	37794	589	471	2	3890	2242	909
August 27, 2007 6:05:00 PM UTC	1188259500000	8	4	yes	4.5	279.2	23392	20809	13332	5933	124	37786	578	454	0	3910	2248	866
August 27, 2007 6:06:00 PM UTC	1188259560000	8	3	yes	4.3	279.4	23392	20809	13317	5928	121	37809	554	433	0	3912	2353	782
August 27, 2007 6:07:00 PM UTC	1188259620000	8	3	yes	4.1	279.5	23392	20809	13333	5859	138	37845	548	410	0	3939	2330	795
August 27, 2007 6:08:00 PM UTC	1188259680000	8	3	yes	3.9	279.7	23392	20809	13333	5859	146	37837	536	390	0	3951	2495	675
August 27, 2007 6:09:00 PM UTC	1188259740000	8	3	yes	3.7	279.9	23392	20809	13330	5871	151	37823	524	373	0	3962	2446	676
August 27, 2007 6:10:00 PM UTC	1188259800000	8	3	yes	3.5	280.0	23392	20809	13330	5899	164	37782	511	347	0	3973	2467	664
August 27, 2007 6:11:00 PM UTC	1188259860000	7	3	yes	3.3	280.2	23392	20809	13330	5899	182	37764	500	318	0	3983	2359	707
August 27, 2007 6:12:00 PM UTC	1188259920000	7	3	yes	3.1	280.3	23392	20809	13330	5898	202	37745	485	284	0	4000	2286	729
