November 1, 2007 6:44:00 AM UTC	1193921040000	1	3	yes	3.0	111.7	23392	20809	13329	5868	210	37768	480	167	97	4011	213	1197
November 1, 2007 6:45:00 AM UTC	1193921100000	1	3	yes	3.2	111.9	23392	20809	13330	5866	195	37784	487	134	144	4005	196	1171
November 1, 2007 6:46:00 AM UTC	1193921160000	2	4	no	3.4	112.1	23392	20809	13330	5866	174	37805	501	157	156	3990	300	1196
November 1, 2007 6:47:00 AM UTC	1193921220000	1	4	yes	3.6	112.2	23392	20809	13336	5842	163	37834	517	199	144	3980	160	1286
November 1, 2007 6:48:00 AM UTC	1193921280000	1	4	no	3.8	112.4	23392	20809	13335	5842	151	37847	527	215	147	3970	157	1332
November 1, 2007 6:49:00 AM UTC	1193921340000	2	4	no	3.9	112.6	23392	20809	13328	5880	139	37828	537	291	107	3952	148	1326
November 1, 2007 6:50:00 AM UTC	1193921400000	2	4	no	4.1	112.7	23392	20809	13328	5881	133	37833	547	248	166	3943	197	1349
November 1, 2007 6:51:00 AM UTC	1193921460000	2	4	no	4.3	112.9	23392	20809	13328	5881	129	37837	560	303	119	3930	194	1320
November 1, 2007 6:52:00 AM UTC	1193921520000	2	4	no	4.5	113.1	23392	20809	13328	5881	122	37844	572	336	114	3915	237	1338
November 1, 2007 6:53:00 AM UTC	1193921580000	2	4	no	4.6	113.2	23392	20809	13328	5881	115	37851	583	397	71	3906	251	1347
November 1, 2007 6:54:00 AM UTC	1193921640000	2	4	no	4.8	113.4	23392	20809	13322	5904	110	37839	594	387	97	3887	132	1390
November 1, 2007 6:55:00 AM UTC	1193921700000	3	3	no	5.0	113.6	23392	20809	13345	5749	112	37969	623	403	108	3892	414	1165
November 1, 2007 6:56:00 AM UTC	1193921760000	2	4	yes	5.2	113.7	23392	20809	13330	5810	105	37930	627	360	154	3867	219	1231
November 1, 2007 6:57:00 AM UTC	1193921820000	3	3	no	5.3	113.9	23392	20809	13345	5796	100	37934	650	488	59	3861	443	1200
November 1, 2007 6:58:00 AM UTC	1193921880000	2	4	no	5.5	114.1	23392	20809	13324	5889	92	37870	644	380	169	3841	271	1329
November 1, 2007 6:59:00 AM UTC	1193921940000	2	3	no	5.7	114.2	23392	20809	13324	5889	90	37872	656	367	148	3830	360	1128
November 1, 2007 7:00:00 AM UTC	1193922000000	2	4	no	5.9	114.4	23392	20809	13337	5825	93	37920	679	354	221	3824	210	1257
November 1, 2007 7:01:00 AM UTC	1193922060000	2	4	no	6.0	114.6	23392	20809	13324	5887	88	37876	683	406	181	3801	233	1347
November 1, 2007 7:02:00 AM UTC	1193922120000	2	4	no	6.2	114.7	23392	20809	13331	5852	90	37902	699	377	221	3793	133	1282
November 1, 2007 7:03:00 AM UTC	1193922180000	2	4	no	6.4	114.9	23392	20809	13338	5824	93	37920	722	383	221	3781	300	1236
November 1, 2007 7:04:00 AM UTC	1193922240000	2	4	no	6.6	115.1	23392	20809	13322	5904	89	37860	717	330	260	3763	205	1174
November 1, 2007 7:05:00 AM UTC	1193922300000	2	4	no	6.7	115.3	23392	20809	13338	5840	94	37903	745	366	275	3754	215	1292
November 1, 2007 7:06:00 AM UTC	1193922360000	2	4	no	6.9	115.4	23392	20809	13336	5921	94	37824	753	323	320	3741	119	1241
November 1, 2007 7:07:00 AM UTC	1193922420000	2	4	no	7.1	115.6	23392	20809	13327	5949	96	37803	755	288	357	3731	258	1232
November 1, 2007 7:08:00 AM UTC	1193922480000	2	4	no	7.2	115.8	23392	20809	13327	5949	94	37805	776	336	314	3710	143	1178
November 1, 2007 7:09:00 AM UTC	1193922540000	2	4	no	7.4	115.9	23392	20809	13314	6015	91	37755	768	346	302	3698	122	1276
November 1, 2007 7:10:00 AM UTC	1193922600000	1	4	no	7.6	116.1	23392	20809	13336	5849	99	37891	811	254	429	3690	85	1240
November 1, 2007 7:11:00 AM UTC	1193922660000	2	4	no	7.8	116.3	23392	20809	13330	5879	97	37869	815	347	343	3676	111	1308
November 1, 2007 7:12:00 AM UTC	1193922720000	2	4	no	7.9	116.5	23392	20809	13330	5879	97	37869	829	441	265	3662	213	1294
November 1, 2007 7:13:00 AM UTC	1193922780000	2	4	no	8.1	116.6	23392	20809	13330	5879	96	37870	841	350	369	3651	114	1297
November 1, 2007 7:14:00 AM UTC	1193922840000	2	4	no	8.3	116.8	23392	20809	13330	5879	100	37866	848	431	294	3643	179	1317
November 1, 2007 7:15:00 AM UTC	1193922900000	2	4	no	8.4	117.0	23392	20809	13322	5910	100	37843	859	339	390	3622	126	1267
November 1, 2007 7:16:00 AM UTC	1193922960000	2	5	no	8.6	117.2	23392	20809	13330	5879	97	37869	878	379	385	3612	108	1449
November 1, 2007 7:17:00 AM UTC	1193923020000	2	4	no	8.8	117.3	23392	20809	13346	5786	105	37938	921	317	427	3592	172	1183
November 1, 2007 7:18:00 AM UTC	1193923080000	2	4	no	9.0	117.5	23392	20809	13322	5928	101	37824	898	379	385	3584	138	1260
November 1, 2007 7:19:00 AM UTC	1193923140000	2	5	no	9.1	117.7	23392	20809	13338	5867	108	37862	935	447	322	3568	227	1361
November 1, 2007 7:20:00 AM UTC	1193923200000	2	4	no	9.3	117.9	23392	20809	13322	5930	102	37821	926	382	396	3550	235	1182
November 1, 2007 7:21:00 AM UTC	1193923260000	2	4	no	9.5	118.0	23392	20809	13322	5930	100	37823	935	506	314	3544	147	1297
November 1, 2007 7:22:00 AM UTC	1193923320000	2	4	no	9.6	118.2	23392	20809	13336	5868	105	37866	969	395	449	3528	94	1181
November 1, 2007 7:23:00 AM UTC	1193923380000	2	4	no	9.8	118.4	23392	20809	13322	5930	105	37818	962	466	376	3517	189	1138
November 1, 2007 7:24:00 AM UTC	1193923440000	2	4	no	10.0	118.6	23392	20809	13335	5869	112	37859	995	575	306	3502	130	1321
November 1, 2007 7:25:00 AM UTC	1193923500000	2	4	no	10.1	118.7	23392	20809	13338	5806	114	37917	1007	483	408	3496	91	1046
November 1, 2007 7:26:00 AM UTC	1193923560000	1	5	no	10.3	118.9	23392	20809	13315	5899	107	37854	1000	318	569	3478	46	1108
November 1, 2007 7:27:00 AM UTC	1193923620000	1	4	no	10.5	119.1	23392	20809	13329	5837	114	37895	1030	353	551	3464	49	1020
November 1, 2007 7:28:00 AM UTC	1193923680000	1	4	no	10.6	119.3	23392	20809	13337	5805	119	37914	1053	313	608	3451	47	975
November 1, 2007 7:29:00 AM UTC	1193923740000	1	4	no	10.8	119.4	23392	20809	13337	5805	116	37917	1071	300	642	3431	33	950
November 1, 2007 7:30:00 AM UTC	1193923800000	1	4	no	11.0	119.6	23392	20809	13330	5839	117	37889	1070	342	533	3424	40	922
November 1, 2007 7:31:00 AM UTC	1193923860000	1	4	no	11.1	119.8	23392	20809	13329	5862	119	37865	1085	244	698	3404	38	833
November 1, 2007 7:32:00 AM UTC	1193923920000	1	4	no	11.3	120.0	23392	20809	13329	5862	118	37866	1093	239	707	3396	13	854
November 1, 2007 7:33:00 AM UTC	1193923980000	1	4	no	11.5	120.2	23392	20809	13322	5889	115	37849	1096	351	541	3386	34	855
November 1, 2007 7:34:00 AM UTC	1193924040000	1	4	no	11.6	120.3	23392	20809	13329	5861	121	37864	1118	317	577	3373	11	839
November 1, 2007 7:35:00 AM UTC	1193924100000	1	4	no	11.8	120.5	23392	20809	13329	5861	120	37865	1130	201	763	3360	19	824
November 1, 2007 7:36:00 AM UTC	1193924160000	1	4	no	12.0	120.7	23392	20809	13343	5801	126	37905	1165	209	766	3342	13	796
November 1, 2007 7:37:00 AM UTC	1193924220000	1	4	no	12.1	120.9	23392	20809	13321	5949	118	37787	1143	271	654	3334	5	804
November 1, 2007 7:38:00 AM UTC	1193924280000	1	4	no	12.3	121.1	23392	20809	13321	5949	119	37786	1161	352	520	3315	1	801
November 1, 2007 7:39:00 AM UTC	1193924340000	1	4	no	12.5	121.3	23392	20809	13330	5853	123	37869	1187	302	667	3306	3	798
November 1, 2007 7:40:00 AM UTC	1193924400000	1	4	no	12.6	121.4	23392	20809	13323	5888	123	37841	1193	161	857	3290	6	749
November 1, 2007 7:41:00 AM UTC	1193924460000	1	4	no	12.8	121.6	23392	20809	13336	5828	125	37886	1220	287	779	3284	31	786
November 1, 2007 7:42:00 AM UTC	1193924520000	1	4	no	12.9	121.8	23392	20809	13321	5887	122	37845	1215	286	698	3270	35	812
November 1, 2007 7:43:00 AM UTC	1193924580000	1	5	no	13.1	122.0	23392	20809	13329	5866	127	37853	1242	177	897	3255	7	741
November 1, 2007 7:44:00 AM UTC	1193924640000	1	4	no	13.3	122.2	23392	20809	13336	5852	130	37857	1262	312	705	3244	6	764
November 1, 2007 7:45:00 AM UTC	1193924700000	1	4	no	13.4	122.4	23392	20809	13322	5911	120	37822	1256	230	854	3231	15	714
November 1, 2007 7:46:00 AM UTC	1193924760000	1	4	no	13.6	122.5	23392	20809	13335	5854	126	37860	1282	232	798	3223	3	770
November 1, 2007 7:47:00 AM UTC	1193924820000	2	4	no	13.8	122.7	23392	20809	13326	5891	125	37833	1289	411	664	3208	17	802
November 1, 2007 7:48:00 AM UTC	1193924880000	1	4	no	13.9	122.9	23392	20809	13334	5853	130	37858	1307	163	936	3202	25	650
November 1, 2007 7:49:00 AM UTC	1193924940000	1	4	no	14.1	123.1	23392	20809	13334	5853	126	37862	1329	214	909	3184	10	716
November 1, 2007 7:50:00 AM UTC	1193925000000	1	4	no	14.2	123.3	23392	20809	13326	5891	123	37835	1330	149	956	3174	25	650
November 1, 2007 7:51:00 AM UTC	1193925060000	1	4	no	14.4	123.5	23392	20809	13326	5891	123	37835	1342	165	943	3167	69	622
November 1, 2007 7:52:00 AM UTC	1193925120000	1	4	no	14.6	123.7	23392	20809	13326	5891	123	37835	1353	231	848	3156	20	595
November 1, 2007 7:53:00 AM UTC	1193925180000	1	4	no	14.7	123.9	23392	20809	13327	5836	124	37888	1379	219	893	3140	20	619
November 1, 2007 7:54:00 AM UTC	1193925240000	1	4	no	14.9	124.0	23392	20809	13327	5836	123	37889	1389	263	783	3142	6	618
November 1, 2007 7:55:00 AM UTC	1193925300000	1	5	no	15.0	124.2	23392	20809	13341	5775	130	37929	1418	259	963	3128	5	657
November 1, 2007 7:56:00 AM UTC	1193925360000	1	4	no	15.2	124.4	23392	20809	13318	5868	119	37870	1404	268	904	3112	35	605
November 1, 2007 7:57:00 AM UTC	1193925420000	1	4	no	15.3	124.6	23392	20809	13336	5803	123	37913	1438	154	994	3116	15	534
November 1, 2007 7:58:00 AM UTC	1193925480000	1	4	no	15.5	124.8	23392	20809	13336	5803	122	37914	1454	162	1024	3093	11	500
November 1, 2007 7:59:00 AM UTC	1193925540000	1	4	no	15.7	125.0	23392	20809	13316	5903	110	37846	1431	238	893	3106	7	578
November 1, 2007 8:00:00 AM UTC	1193925600000	1	4	no	15.8	125.2	23392	20809	13331	5844	120	37880	1471	161	1047	3083	13	454
November 1, 2007 8:01:00 AM UTC	1193925660000	1	4	no	16.0	125.4	23392	20809	13331	5844	115	37885	1482	188	1001	3067	12	520
November 1, 2007 8:02:00 AM UTC	1193925720000	1	4	yes	16.1	125.6	23392	20809	13331	5844	114	37886	1499	163	1032	3066	25	429
November 1, 2007 8:03:00 AM UTC	1193925780000	1	4	no	16.3	125.8	23392	20809	13331	5844	114	37886	1509	168	1032	3059	3	447
November 1, 2007 8:04:00 AM UTC	1193925840000	1	4	yes	16.4	126.0	23392	20809	13331	5844	114	37886	1525	166	982	3039	2	461
November 1, 2007 8:05:00 AM UTC	1193925900000	1	4	no	16.6	126.2	23392	20809	13321	5885	108	37861	1520	175	1052	3046	4	498
November 1, 2007 8:06:00 AM UTC	1193925960000	1	4	yes	16.7	126.4	23392	20809	13332	5785	114	37944	1551	186	1068	3041	6	422
November 1, 2007 8:07:00 AM UTC	1193926020000	1	4	yes	16.9	126.6	23392	20809	13333	5786	110	37946	1572	189	1028	3023	25	389
November 1, 2007 8:08:00 AM UTC	1193926080000	1	4	yes	17.1	126.7	23392	20809	13323	5826	107	37919	1569	263	1022	3018	14	477
November 1, 2007 8:09:00 AM UTC	1193926140000	1	3	yes	17.2	126.9	23392	20809	13334	5800	108	37933	1597	237	915	3008	3	329
November 1, 2007 8:10:00 AM UTC	1193926200000	1	4	yes	17.4	127.1	23392	20809	13332	5810	106	37927	1602	159	1023	3005	0	374
November 1, 2007 8:11:00 AM UTC	1193926260000	1	4	yes	17.5	127.3	23392	20809	13334	5800	107	37934	1625	163	1068	2993	0	357
November 1, 2007 8:12:00 AM UTC	1193926320000	1	4	yes	17.7	127.5	23392	20809	13334	5800	106	37935	1633	144	1016	2992	3	308
November 1, 2007 8:13:00 AM UTC	1193926380000	1	4	yes	17.8	127.7	23392	20809	13320	5855	99	37901	1621	192	964	2986	2	346
November 1, 2007 8:14:00 AM UTC	1193926440000	1	4	yes	18.0	127.9	23392	20809	13334	5800	102	37939	1658	200	1042	2976	0	332
November 1, 2007 8:15:00 AM UTC	1193926500000	1	4	yes	18.1	128.1	23392	20809	13323	5857	96	37899	1655	235	973	2971	0	339
November 1, 2007 8:16:00 AM UTC	1193926560000	1	4	yes	18.3	128.3	23392	20809	13322	5912	94	37847	1660	202	1015	2961	0	295
November 1, 2007 8:17:00 AM UTC	1193926620000	1	4	yes	18.4	128.5	23392	20809	13333	5865	97	37880	1681	205	1026	2964	3	321
November 1, 2007 8:18:00 AM UTC	1193926680000	1	4	yes	18.6	128.7	23392	20809	13335	5815	94	37931	1710	182	1041	2949	3	318
November 1, 2007 8:19:00 AM UTC	1193926740000	1	3	yes	18.7	128.9	23392	20809	13326	5858	89	37902	1706	250	1016	2947	42	248
November 1, 2007 8:20:00 AM UTC	1193926800000	1	4	yes	18.9	129.1	23392	20809	13326	5858	85	37906	1722	222	1083	2938	0	278
November 1, 2007 8:21:00 AM UTC	1193926860000	1	3	yes	19.0	129.3	23392	20809	13324	5893	86	37872	1719	288	940	2936	0	243
November 1, 2007 8:22:00 AM UTC	1193926920000	1	3	yes	19.2	129.5	23392	20809	13324	5893	82	37876	1736	254	970	2929	0	258
November 1, 2007 8:23:00 AM UTC	1193926980000	1	3	yes	19.3	129.7	23392	20809	13336	5838	83	37918	1770	314	921	2923	0	299
November 1, 2007 8:24:00 AM UTC	1193927040000	1	4	yes	19.5	130.0	23392	20809	13324	5893	75	37883	1758	268	962	2920	0	320
November 1, 2007 8:25:00 AM UTC	1193927100000	1	3	yes	19.6	130.2	23392	20809	13335	5839	84	37917	1790	317	964	2915	5	282
November 1, 2007 8:26:00 AM UTC	1193927160000	1	4	yes	19.7	130.4	23392	20809	13325	5882	75	37893	1787	346	1015	2908	0	272
November 1, 2007 8:27:00 AM UTC	1193927220000	1	4	yes	19.9	130.6	23392	20809	13324	5892	69	37890	1800	343	1046	2901	2	298
November 1, 2007 8:28:00 AM UTC	1193927280000	1	4	yes	20.0	130.8	23392	20809	13337	5829	70	37939	1827	370	998	2901	1	293
November 1, 2007 8:29:00 AM UTC	1193927340000	1	3	yes	20.2	131.0	23392	20809	13327	5872	65	37911	1822	393	919	2897	0	293
November 1, 2007 8:30:00 AM UTC	1193927400000	1	4	yes	20.3	131.2	23392	20809	13328	5831	67	37949	1843	296	1028	2892	0	276
November 1, 2007 8:31:00 AM UTC	1193927460000	1	3	yes	20.5	131.4	23392	20809	13328	5832	63	37952	1857	354	994	2882	6	257
November 1, 2007 8:32:00 AM UTC	1193927520000	1	3	yes	20.6	131.6	23392	20809	13327	5874	57	37917	1855	332	1015	2881	0	247
November 1, 2007 8:33:00 AM UTC	1193927580000	1	4	yes	20.8	131.8	23392	20809	13327	5874	53	37921	1870	316	1036	2877	1	251
November 1, 2007 8:34:00 AM UTC	1193927640000	1	3	yes	20.9	132.0	23392	20809	13339	5820	59	37957	1906	322	983	2873	2	214
November 1, 2007 8:35:00 AM UTC	1193927700000	1	3	yes	21.0	132.2	23392	20809	13327	5873	50	37925	1898	369	952	2865	0	239
November 1, 2007 8:36:00 AM UTC	1193927760000	1	3	yes	21.2	132.4	23392	20809	13316	5918	49	37892	1884	267	975	2865	1	215
November 1, 2007 8:37:00 AM UTC	1193927820000	1	3	yes	21.3	132.7	23392	20809	13339	5821	47	37968	1936	314	989	2862	0	238
November 1, 2007 8:38:00 AM UTC	1193927880000	1	3	yes	21.5	132.9	23392	20809	13327	5872	42	37934	1929	269	923	2858	3	215
November 1, 2007 8:39:00 AM UTC	1193927940000	1	3	yes	21.6	133.1	23392	20809	13329	5866	37	37943	1944	236	1013	2852	0	230
November 1, 2007 8:40:00 AM UTC	1193928000000	1	3	yes	21.7	133.3	23392	20809	13339	5816	40	37980	1975	199	1011	2848	0	234
November 1, 2007 8:41:00 AM UTC	1193928060000	1	3	yes	21.9	133.5	23392	20809	13327	5871	30	37947	1953	190	993	2850	0	189
November 1, 2007 8:42:00 AM UTC	1193928120000	1	3	yes	22.0	133.7	23392	20809	13329	5819	29	37998	1986	185	952	2840	0	198
November 1, 2007 8:43:00 AM UTC	1193928180000	1	3	yes	22.2	133.9	23392	20809	13329	5870	20	37956	1986	174	1000	2840	0	164
November 1, 2007 8:44:00 AM UTC	1193928240000	1	3	yes	22.3	134.1	23392	20809	13329	5870	19	37957	2002	194	987	2830	0	206
November 1, 2007 8:45:00 AM UTC	1193928300000	1	3	yes	22.4	134.4	23392	20809	13319	5915	10	37931	1985	152	1015	2834	1	168
November 1, 2007 8:46:00 AM UTC	1193928360000	1	3	yes	22.6	134.6	23392	20809	13338	5821	14	38002	2040	227	907	2830	0	172
November 1, 2007 8:47:00 AM UTC	1193928420000	1	3	yes	22.7	134.8	23392	20809	13328	5870	12	37965	2028	162	991	2826	1	170
November 1, 2007 8:48:00 AM UTC	1193928480000	1	3	yes	22.8	135.0	23392	20809	13329	5867	11	37968	2042	230	939	2821	0	145
November 1, 2007 8:49:00 AM UTC	1193928540000	1	3	yes	23.0	135.2	23392	20809	13341	5819	10	38005	2074	198	953	2822	0	155
November 1, 2007 8:50:00 AM UTC	1193928600000	1	3	yes	23.1	135.5	23392	20809	13316	5976	2	37881	2030	178	880	2818	0	148
November 1, 2007 8:51:00 AM UTC	1193928660000	1	3	yes	23.2	135.7	23392	20809	13329	5928	3	37915	2058	232	846	2820	1	138
November 1, 2007 8:52:00 AM UTC	1193928720000	1	3	yes	23.4	135.9	23392	20809	13328	5928	1	37918	2087	219	869	2815	2	167
November 1, 2007 8:53:00 AM UTC	1193928780000	1	3	yes	23.5	136.1	23392	20809	13328	5884	0	37963	2096	187	917	2810	0	172
November 1, 2007 8:54:00 AM UTC	1193928840000	1	3	yes	23.6	136.3	23392	20809	13328	5934	0	37913	2104	199	863	2810	0	165
November 1, 2007 8:55:00 AM UTC	1193928900000	1	3	yes	23.8	136.6	23392	20809	13341	5885	0	37949	2129	225	862	2806	0	145
November 1, 2007 8:56:00 AM UTC	1193928960000	1	3	yes	23.9	136.8	23392	20809	13316	5983	0	37876	2089	162	850	2810	0	128
November 1, 2007 8:57:00 AM UTC	1193929020000	1	3	yes	24.0	137.0	23392	20809	13341	5887	0	37947	2147	196	857	2798	0	101
November 1, 2007 8:58:00 AM UTC	1193929080000	1	3	yes	24.2	137.2	23392	20809	13329	5871	0	37975	2144	167	868	2802	0	93
November 1, 2007 8:59:00 AM UTC	1193929140000	1	3	yes	24.3	137.5	23392	20809	13316	5919	0	37940	2137	94	885	2796	0	99
November 1, 2007 9:00:00 AM UTC	1193929200000	1	3	yes	24.4	137.7	23392	20809	13338	5822	0	38015	2185	147	885	2798	0	92
November 1, 2007 9:01:00 AM UTC	1193929260000	1	3	yes	24.5	137.9	23392	20809	13328	5872	0	37975	2175	119	867	2793	0	87
November 1, 2007 9:02:00 AM UTC	1193929320000	1	3	yes	24.7	138.1	23392	20809	13338	5825	0	38012	2210	114	869	2793	0	75
November 1, 2007 9:03:00 AM UTC	1193929380000	1	2	yes	24.8	138.4	23392	20809	13328	5872	0	37975	2197	130	816	2789	0	81
November 1, 2007 9:04:00 AM UTC	1193929440000	1	3	yes	24.9	138.6	23392	20809	13340	5783	0	38052	2232	113	880	2791	0	90
November 1, 2007 9:05:00 AM UTC	1193929500000	1	3	yes	25.1	138.8	23392	20809	13326	5886	0	37963	2211	159	834	2789	0	76
November 1, 2007 9:06:00 AM UTC	1193929560000	1	3	yes	25.2	139.0	23392	20809	13326	5886	0	37963	2222	190	833	2787	0	88
November 1, 2007 9:07:00 AM UTC	1193929620000	1	3	yes	25.3	139.3	23392	20809	13340	5768	0	38067	2266	197	845	2786	0	87
November 1, 2007 9:08:00 AM UTC	1193929680000	1	3	yes	25.4	139.5	23392	20809	13329	5815	0	38031	2254	144	967	2784	0	101
November 1, 2007 9:09:00 AM UTC	1193929740000	1	3	yes	25.6	139.7	23392	20809	13328	5818	0	38029	2255	216	841	2787	0	91
November 1, 2007 9:10:00 AM UTC	1193929800000	1	3	yes	25.7	140.0	23392	20809	13340	5768	0	38067	2292	126	1044	2781	0	79
November 1, 2007 9:11:00 AM UTC	1193929860000	1	3	yes	25.8	140.2	23392	20809	13330	5819	0	38026	2276	202	862	2786	0	82
November 1, 2007 9:12:00 AM UTC	1193929920000	1	2	yes	25.9	140.4	23392	20809	13340	5768	0	38067	2315	235	786	2779	0	94
November 1, 2007 9:13:00 AM UTC	1193929980000	1	3	yes	26.0	140.7	23392	20809	13328	5822	0	38025	2294	237	867	2784	0	103
November 1, 2007 9:14:00 AM UTC	1193930040000	1	3	yes	26.2	140.9	23392	20809	13339	5768	0	38068	2325	255	934	2781	0	93
November 1, 2007 9:15:00 AM UTC	1193930100000	1	3	yes	26.3	141.1	23392	20809	13328	5837	0	38010	2309	215	837	2780	0	102
November 1, 2007 9:16:00 AM UTC	1193930160000	1	3	yes	26.4	141.4	23392	20809	13324	5847	0	38004	2315	176	872	2777	0	109
November 1, 2007 9:17:00 AM UTC	1193930220000	1	3	yes	26.5	141.6	23392	20809	13329	5838	0	38008	2328	173	859	2780	0	86
November 1, 2007 9:18:00 AM UTC	1193930280000	1	3	yes	26.6	141.8	23392	20809	13325	5850	0	38000	2332	234	845	2778	0	123
November 1, 2007 9:19:00 AM UTC	1193930340000	1	3	yes	26.8	142.1	23392	20809	13338	5795	0	38042	2364	256	866	2778	0	94
November 1, 2007 9:20:00 AM UTC	1193930400000	1	2	yes	26.9	142.3	23392	20809	13316	5890	0	37969	2326	253	811	2780	0	85
November 1, 2007 9:21:00 AM UTC	1193930460000	1	3	yes	27.0	142.5	23392	20809	13338	5795	0	38042	2381	328	810	2776	0	110
November 1, 2007 9:22:00 AM UTC	1193930520000	1	3	yes	27.1	142.8	23392	20809	13326	5848	0	38001	2370	276	869	2777	0	117
November 1, 2007 9:23:00 AM UTC	1193930580000	1	2	yes	27.2	143.0	23392	20809	13347	5751	0	38077	2423	329	816	2776	0	94
November 1, 2007 9:24:00 AM UTC	1193930640000	1	2	yes	27.3	143.3	23392	20809	13326	5847	0	38002	2379	237	795	2778	0	81
November 1, 2007 9:25:00 AM UTC	1193930700000	1	2	yes	27.5	143.5	23392	20809	13327	5868	0	37980	2378	322	746	2774	0	106
November 1, 2007 9:26:00 AM UTC	1193930760000	1	2	yes	27.6	143.7	23392	20809	13336	5826	0	38013	2408	303	797	2785	0	90
November 1, 2007 9:27:00 AM UTC	1193930820000	1	2	yes	27.7	144.0	23392	20809	13315	5924	0	37936	2376	326	722	2769	0	58
November 1, 2007 9:28:00 AM UTC	1193930880000	1	2	yes	27.8	144.2	23392	20809	13336	5827	0	38012	2428	362	845	2782	0	66
November 1, 2007 9:29:00 AM UTC	1193930940000	1	2	yes	27.9	144.5	23392	20809	13323	5882	0	37970	2411	381	818	2772	0	82
November 1, 2007 9:30:00 AM UTC	1193931000000	2	2	yes	28.0	144.7	23392	20809	13336	5827	0	38012	2442	449	704	2780	0	81
November 1, 2007 9:31:00 AM UTC	1193931060000	1	2	yes	28.1	145.0	23392	20809	13324	5882	0	37969	2419	384	767	2791	0	84
November 1, 2007 9:32:00 AM UTC	1193931120000	2	2	yes	28.2	145.2	23392	20809	13336	5827	0	38012	2457	458	751	2776	0	55
November 1, 2007 9:33:00 AM UTC	1193931180000	1	2	yes	28.3	145.4	23392	20809	13332	5842	0	38001	2460	404	660	2788	0	59
November 1, 2007 9:34:00 AM UTC	1193931240000	1	2	yes	28.4	145.7	23392	20809	13337	5826	0	38012	2470	364	740	2775	0	60
November 1, 2007 9:35:00 AM UTC	1193931300000	1	2	yes	28.6	145.9	23392	20809	13332	5869	0	37974	2474	328	834	2783	0	43
November 1, 2007 9:36:00 AM UTC	1193931360000	1	2	yes	28.7	146.2	23392	20809	13333	5869	0	37973	2471	334	722	2784	0	45
November 1, 2007 9:37:00 AM UTC	1193931420000	1	2	yes	28.8	146.4	23392	20809	13324	5908	0	37943	2462	282	708	2778	0	34
November 1, 2007 9:38:00 AM UTC	1193931480000	1	2	yes	28.9	146.7	23392	20809	13333	5869	0	37973	2484	332	752	2783	0	58
November 1, 2007 9:39:00 AM UTC	1193931540000	1	2	yes	29.0	146.9	23392	20809	13333	5869	0	37973	2494	218	729	2782	0	26
November 1, 2007 9:40:00 AM UTC	1193931600000	1	2	yes	29.1	147.2	23392	20809	13342	5812	0	38021	2533	238	728	2781	0	46
November 1, 2007 9:41:00 AM UTC	1193931660000	1	2	yes	29.2	147.4	23392	20809	13323	5908	0	37944	2484	178	770	2787	0	39
November 1, 2007 9:42:00 AM UTC	1193931720000	1	2	yes	29.3	147.7	23392	20809	13333	5868	0	37974	2520	206	677	2782	0	53
November 1, 2007 9:43:00 AM UTC	1193931780000	1	2	yes	29.4	147.9	23392	20809	13328	5888	0	37959	2506	167	717	2790	0	25
November 1, 2007 9:44:00 AM UTC	1193931840000	1	2	yes	29.5	148.2	23392	20809	13338	5893	0	37944	2532	175	780	2783	0	21
November 1, 2007 9:45:00 AM UTC	1193931900000	1	2	yes	29.6	148.4	23392	20809	13327	5920	0	37928	2519	193	724	2787	0	42
November 1, 2007 9:46:00 AM UTC	1193931960000	1	2	yes	29.7	148.7	23392	20809	13327	5920	0	37928	2527	149	626	2789	0	18
November 1, 2007 9:47:00 AM UTC	1193932020000	1	2	yes	29.8	149.0	23392	20809	13327	5920	0	37928	2537	163	627	2788	0	16
November 1, 2007 9:48:00 AM UTC	1193932080000	1	2	yes	29.9	149.2	23392	20809	13327	5920	0	37928	2540	125	617	2791	0	20
November 1, 2007 9:49:00 AM UTC	1193932140000	1	2	yes	30.0	149.5	23392	20809	13327	5920	0	37928	2546	98	577	2792	0	25
November 1, 2007 9:50:00 AM UTC	1193932200000	1	2	yes	30.1	149.7	23392	20809	13336	5886	0	37953	2569	97	638	2789	0	35
November 1, 2007 9:51:00 AM UTC	1193932260000	1	2	yes	30.2	150.0	23392	20809	13321	5942	0	37912	2541	47	647	2799	0	30
November 1, 2007 9:52:00 AM UTC	1193932320000	1	2	yes	30.3	150.2	23392	20809	13330	5871	0	37974	2579	75	727	2795	0	33
November 1, 2007 9:53:00 AM UTC	1193932380000	1	2	yes	30.4	150.5	23392	20809	13336	5834	0	38005	2597	109	697	2804	0	17
November 1, 2007 9:54:00 AM UTC	1193932440000	1	2	yes	30.5	150.8	23392	20809	13322	5934	0	37919	2569	70	667	2799	0	16
November 1, 2007 9:55:00 AM UTC	1193932500000	1	2	yes	30.6	151.0	23392	20809	13344	5832	0	37999	2625	93	659	2802	0	26
November 1, 2007 9:56:00 AM UTC	1193932560000	1	2	yes	30.6	151.3	23392	20809	13323	5926	0	37926	2582	96	634	2804	0	25
November 1, 2007 9:57:00 AM UTC	1193932620000	1	2	yes	30.7	151.5	23392	20809	13335	5876	0	37964	2611	106	642	2803	0	20
November 1, 2007 9:58:00 AM UTC	1193932680000	1	2	yes	30.8	151.8	23392	20809	13330	5902	0	37943	2604	94	698	2806	0	24
November 1, 2007 9:59:00 AM UTC	1193932740000	1	2	yes	30.9	152.1	23392	20809	13330	5902	0	37943	2609	86	692	2808	0	44
November 1, 2007 10:00:00 AM UTC	1193932800000	1	2	yes	31.0	152.3	23392	20809	13323	5934	0	37918	2599	95	629	2807	0	26
November 1, 2007 10:01:00 AM UTC	1193932860000	1	2	yes	31.1	152.6	23392	20809	13330	5902	0	37943	2622	122	644	2812	0	30
November 1, 2007 10:02:00 AM UTC	1193932920000	1	2	yes	31.2	152.8	23392	20809	13330	5902	0	37943	2627	71	665	2809	0	30
November 1, 2007 10:03:00 AM UTC	1193932980000	1	2	yes	31.3	153.1	23392	20809	13335	5932	0	37908	2632	143	651	2814	0	36
November 1, 2007 10:04:00 AM UTC	1193933040000	1	2	yes	31.4	153.4	23392	20809	13335	5908	0	37932	2647	205	621	2811	0	13
November 1, 2007 10:05:00 AM UTC	1193933100000	1	2	yes	31.4	153.6	23392	20809	13314	6001	0	37860	2604	128	664	2812	0	32
November 1, 2007 10:06:00 AM UTC	1193933160000	1	2	yes	31.5	153.9	23392	20809	13338	5832	0	38005	2669	153	734	2815	0	32
November 1, 2007 10:07:00 AM UTC	1193933220000	1	2	yes	31.6	154.2	23392	20809	13338	5832	0	38005	2682	210	645	2814	0	26
November 1, 2007 10:08:00 AM UTC	1193933280000	1	2	yes	31.7	154.4	23392	20809	13331	5862	0	37982	2653	168	676	2827	0	12
November 1, 2007 10:09:00 AM UTC	1193933340000	1	2	yes	31.8	154.7	23392	20809	13338	5832	0	38005	2691	179	683	2820	0	29
November 1, 2007 10:10:00 AM UTC	1193933400000	1	2	yes	31.9	155.0	23392	20809	13323	5894	0	37958	2662	139	699	2823	0	46
November 1, 2007 10:11:00 AM UTC	1193933460000	1	2	yes	31.9	155.2	23392	20809	13333	5862	0	37980	2677	174	671	2825	0	47
November 1, 2007 10:12:00 AM UTC	1193933520000	1	2	yes	32.0	155.5	23392	20809	13346	5801	0	38028	2719	162	706	2826	0	34
November 1, 2007 10:13:00 AM UTC	1193933580000	1	2	yes	32.1	155.8	23392	20809	13330	5930	0	37915	2657	136	674	2832	0	16
November 1, 2007 10:14:00 AM UTC	1193933640000	1	2	yes	32.2	156.1	23392	20809	13331	5908	0	37936	2685	154	663	2826	0	32
November 1, 2007 10:15:00 AM UTC	1193933700000	1	2	yes	32.2	156.3	23392	20809	13331	5908	0	37936	2685	153	695	2832	0	30
November 1, 2007 10:16:00 AM UTC	1193933760000	1	2	yes	32.3	156.6	23392	20809	13331	5908	0	37936	2694	184	709	2832	0	45
November 1, 2007 10:17:00 AM UTC	1193933820000	1	2	yes	32.4	156.9	23392	20809	13337	5881	0	37957	2711	152	731	2833	0	32
November 1, 2007 10:18:00 AM UTC	1193933880000	1	2	yes	32.5	157.1	23392	20809	13338	5839	0	37998	2725	163	741	2836	0	33
November 1, 2007 10:19:00 AM UTC	1193933940000	1	2	yes	32.5	157.4	23392	20809	13332	5867	0	37976	2710	126	787	2840	1	54
November 1, 2007 10:20:00 AM UTC	1193934000000	1	2	yes	32.6	157.7	23392	20809	13338	5839	0	37998	2728	151	809	2845	2	48
November 1, 2007 10:21:00 AM UTC	1193934060000	1	2	yes	32.7	158.0	23392	20809	13323	5902	0	37950	2700	161	733	2843	2	58
November 1, 2007 10:22:00 AM UTC	1193934120000	1	2	yes	32.8	158.2	23392	20809	13336	5910	0	37929	2709	143	727	2845	2	41
November 1, 2007 10:23:00 AM UTC	1193934180000	1	2	yes	32.8	158.5	23392	20809	13329	5928	0	37918	2701	109	727	2850	2	49
November 1, 2007 10:24:00 AM UTC	1193934240000	1	2	yes	32.9	158.8	23392	20809	13322	5969	0	37884	2691	110	694	2847	2	54
November 1, 2007 10:25:00 AM UTC	1193934300000	1	2	yes	33.0	159.1	23392	20809	13335	5904	0	37936	2724	107	739	2858	1	62
November 1, 2007 10:26:00 AM UTC	1193934360000	1	2	yes	33.0	159.3	23392	20809	13329	5929	0	37917	2716	161	763	2850	4	72
November 1, 2007 10:27:00 AM UTC	1193934420000	1	2	yes	33.1	159.6	23392	20809	13329	5929	0	37917	2719	107	716	2858	4	52
November 1, 2007 10:28:00 AM UTC	1193934480000	1	2	yes	33.2	159.9	23392	20809	13343	5865	0	37967	2760	132	742	2857	7	54
November 1, 2007 10:29:00 AM UTC	1193934540000	0	2	yes	33.2	160.2	23392	20809	13335	5906	0	37934	2742	92	751	2855	7	47
November 1, 2007 10:30:00 AM UTC	1193934600000	0	2	yes	33.3	160.5	23392	20809	13334	5906	0	37935	2743	93	726	2863	4	60
November 1, 2007 10:31:00 AM UTC	1193934660000	1	2	yes	33.4	160.7	23392	20809	13329	5920	0	37926	2736	90	696	2862	7	50
November 1, 2007 10:32:00 AM UTC	1193934720000	1	2	yes	33.4	161.0	23392	20809	13335	5883	0	37957	2751	103	696	2870	8	38
November 1, 2007 10:33:00 AM UTC	1193934780000	1	2	yes	33.5	161.3	23392	20809	13335	5883	0	37957	2757	108	684	2868	10	25
November 1, 2007 10:34:00 AM UTC	1193934840000	1	2	yes	33.5	161.6	23392	20809	13336	5882	0	37957	2755	97	714	2872	4	71
November 1, 2007 10:35:00 AM UTC	1193934900000	1	2	yes	33.6	161.9	23392	20809	13336	5882	0	37957	2763	95	732	2873	8	45
November 1, 2007 10:36:00 AM UTC	1193934960000	1	2	yes	33.7	162.1	23392	20809	13341	5837	0	37997	2786	110	687	2871	6	54
November 1, 2007 10:37:00 AM UTC	1193935020000	1	2	yes	33.7	162.4	23392	20809	13335	5846	0	37994	2778	123	733	2879	7	59
November 1, 2007 10:38:00 AM UTC	1193935080000	1	2	yes	33.8	162.7	23392	20809	13319	5910	0	37946	2752	98	665	2874	5	37
November 1, 2007 10:39:00 AM UTC	1193935140000	1	2	yes	33.8	163.0	23392	20809	13340	5826	0	38009	2791	102	691	2881	7	41
November 1, 2007 10:40:00 AM UTC	1193935200000	1	2	yes	33.9	163.3	23392	20809	13339	5826	0	38010	2800	125	660	2885	5	48
November 1, 2007 10:41:00 AM UTC	1193935260000	1	2	yes	33.9	163.6	23392	20809	13323	5965	0	37887	2744	124	615	2880	5	55
November 1, 2007 10:42:00 AM UTC	1193935320000	1	2	yes	34.0	163.8	23392	20809	13328	5934	0	37913	2762	109	640	2888	7	52
November 1, 2007 10:43:00 AM UTC	1193935380000	1	2	yes	34.1	164.1	23392	20809	13343	5870	0	37962	2798	105	681	2883	7	56
November 1, 2007 10:44:00 AM UTC	1193935440000	1	2	yes	34.1	164.4	23392	20809	13329	5934	0	37912	2761	102	659	2893	4	63
November 1, 2007 10:45:00 AM UTC	1193935500000	1	2	yes	34.2	164.7	23392	20809	13329	5935	0	37911	2764	125	639	2888	7	62
November 1, 2007 10:46:00 AM UTC	1193935560000	1	2	yes	34.2	165.0	23392	20809	13329	5935	0	37911	2764	104	649	2897	6	60
November 1, 2007 10:47:00 AM UTC	1193935620000	1	2	yes	34.3	165.3	23392	20809	13344	5869	0	37962	2807	104	625	2892	3	66
November 1, 2007 10:48:00 AM UTC	1193935680000	1	2	yes	34.3	165.6	23392	20809	13329	5935	0	37911	2771	101	623	2895	6	57
November 1, 2007 10:49:00 AM UTC	1193935740000	1	2	yes	34.3	165.9	23392	20809	13329	5935	0	37911	2770	106	643	2902	3	71
November 1, 2007 10:50:00 AM UTC	1193935800000	1	2	yes	34.4	166.1	23392	20809	13333	5835	0	38007	2809	96	662	2901	3	52
November 1, 2007 10:51:00 AM UTC	1193935860000	1	2	yes	34.4	166.4	23392	20809	13333	5894	0	37948	2786	86	604	2910	1	79
November 1, 2007 10:52:00 AM UTC	1193935920000	1	2	yes	34.5	166.7	23392	20809	13333	5904	0	37938	2800	97	569	2900	3	59
November 1, 2007 10:53:00 AM UTC	1193935980000	1	2	yes	34.5	167.0	23392	20809	13334	5877	0	37964	2796	104	557	2910	2	64
November 1, 2007 10:54:00 AM UTC	1193936040000	1	2	yes	34.6	167.3	23392	20809	13337	5862	0	37976	2816	112	569	2905	2	51
November 1, 2007 10:55:00 AM UTC	1193936100000	1	2	yes	34.6	167.6	23392	20809	13337	5862	0	37976	2805	98	503	2919	2	67
November 1, 2007 10:56:00 AM UTC	1193936160000	1	2	yes	34.7	167.9	23392	20809	13337	5862	0	37976	2813	88	521	2915	2	71
November 1, 2007 10:57:00 AM UTC	1193936220000	1	2	yes	34.7	168.2	23392	20809	13337	5862	0	37976	2813	112	561	2919	0	65
November 1, 2007 10:58:00 AM UTC	1193936280000	1	2	yes	34.7	168.5	23392	20809	13323	5927	0	37925	2780	116	546	2915	3	56
November 1, 2007 10:59:00 AM UTC	1193936340000	1	2	yes	34.8	168.7	23392	20809	13337	5861	0	37977	2823	84	504	2914	3	61
November 1, 2007 11:00:00 AM UTC	1193936400000	1	1	yes	34.8	169.0	23392	20809	13334	5932	0	37909	2797	94	495	2922	1	39
November 1, 2007 11:01:00 AM UTC	1193936460000	0	1	yes	34.8	169.3	23392	20809	13336	5933	0	37906	2807	66	419	2925	0	36
November 1, 2007 11:02:00 AM UTC	1193936520000	1	1	yes	34.9	169.6	23392	20809	13322	5987	0	37866	2774	76	408	2924	1	44
November 1, 2007 11:03:00 AM UTC	1193936580000	1	1	yes	34.9	169.9	23392	20809	13337	5922	0	37916	2815	81	400	2920	0	38
November 1, 2007 11:04:00 AM UTC	1193936640000	0	1	yes	34.9	170.2	23392	20809	13336	5920	0	37919	2816	75	456	2930	0	39
November 1, 2007 11:05:00 AM UTC	1193936700000	1	1	yes	35.0	170.5	23392	20809	13338	5839	0	37998	2844	75	418	2925	2	36
November 1, 2007 11:06:00 AM UTC	1193936760000	0	1	yes	35.0	170.8	23392	20809	13323	5908	0	37944	2802	75	372	2932	3	39
November 1, 2007 11:07:00 AM UTC	1193936820000	0	1	yes	35.0	171.1	23392	20809	13324	5870	0	37981	2819	66	381	2926	4	51
November 1, 2007 11:08:00 AM UTC	1193936880000	0	1	yes	35.1	171.4	23392	20809	13341	5804	0	38030	2854	64	392	2929	2	28
November 1, 2007 11:09:00 AM UTC	1193936940000	0	1	yes	35.1	171.7	23392	20809	13341	5804	0	38030	2853	84	383	2929	2	33
November 1, 2007 11:10:00 AM UTC	1193937000000	0	1	yes	35.1	172.0	23392	20809	13326	5870	0	37979	2821	56	332	2930	1	32
November 1, 2007 11:11:00 AM UTC	1193937060000	0	1	yes	35.1	172.3	23392	20809	13324	5949	0	37902	2794	71	286	2931	2	37
November 1, 2007 11:12:00 AM UTC	1193937120000	0	1	yes	35.2	172.6	23392	20809	13340	5873	0	37962	2849	71	335	2929	0	24
November 1, 2007 11:13:00 AM UTC	1193937180000	0	1	yes	35.2	172.9	23392	20809	13342	5876	0	37957	2841	52	289	2935	2	24
November 1, 2007 11:14:00 AM UTC	1193937240000	0	1	yes	35.2	173.1	23392	20809	13325	5942	0	37908	2808	66	243	2936	2	32
November 1, 2007 11:15:00 AM UTC	1193937300000	0	1	yes	35.2	173.4	23392	20809	13325	5942	0	37908	2806	41	285	2939	2	23
November 1, 2007 11:16:00 AM UTC	1193937360000	0	1	yes	35.3	173.7	23392	20809	13324	5942	0	37909	2813	36	256	2932	1	21
November 1, 2007 11:17:00 AM UTC	1193937420000	0	1	yes	35.3	174.0	23392	20809	13338	5875	0	37962	2850	25	303	2940	3	16
November 1, 2007 11:18:00 AM UTC	1193937480000	0	1	yes	35.3	174.3	23392	20809	13325	5935	0	37915	2815	43	227	2939	2	32
November 1, 2007 11:19:00 AM UTC	1193937540000	0	1	yes	35.3	174.6	23392	20809	13327	5848	0	38000	2844	45	190	2937	3	32
November 1, 2007 11:20:00 AM UTC	1193937600000	0	1	yes	35.3	174.9	23392	20809	13325	5833	0	38017	2842	35	261	2943	7	21
November 1, 2007 11:21:00 AM UTC	1193937660000	0	1	yes	35.4	175.2	23392	20809	13340	5850	0	37985	2864	39	258	2938	3	22
November 1, 2007 11:22:00 AM UTC	1193937720000	0	1	yes	35.4	175.5	23392	20809	13324	5918	0	37933	2824	43	214	2939	4	19
November 1, 2007 11:23:00 AM UTC	1193937780000	0	1	yes	35.4	175.8	23392	20809	13323	5919	0	37933	2826	47	246	2944	7	18
November 1, 2007 11:24:00 AM UTC	1193937840000	0	1	yes	35.4	176.1	23392	20809	13323	5919	0	37933	2826	43	240	2939	3	17
November 1, 2007 11:25:00 AM UTC	1193937900000	0	1	yes	35.4	176.4	23392	20809	13324	5914	0	37937	2826	33	241	2946	3	22
November 1, 2007 11:26:00 AM UTC	1193937960000	0	0	yes	35.4	176.7	23392	20809	13324	5914	0	37937	2829	42	168	2943	2	17
November 1, 2007 11:27:00 AM UTC	1193938020000	0	1	yes	35.4	177.0	23392	20809	13324	5914	0	37937	2831	30	191	2942	2	12
November 1, 2007 11:28:00 AM UTC	1193938080000	0	1	yes	35.4	177.3	23392	20809	13325	5913	0	37937	2828	31	187	2946	3	14
November 1, 2007 11:29:00 AM UTC	1193938140000	0	1	yes	35.4	177.6	23392	20809	13326	5912	0	37937	2831	12	195	2941	2	20
November 1, 2007 11:30:00 AM UTC	1193938200000	0	1	yes	35.5	177.9	23392	20809	13326	5912	0	37937	2829	25	211	2945	4	28
November 1, 2007 11:31:00 AM UTC	1193938260000	0	1	yes	35.5	178.2	23392	20809	13327	5909	0	37939	2828	15	231	2948	2	15
November 1, 2007 11:32:00 AM UTC	1193938320000	0	1	yes	35.5	178.5	23392	20809	13327	5890	0	37958	2833	25	199	2946	3	14
November 1, 2007 11:33:00 AM UTC	1193938380000	0	1	yes	35.5	178.8	23392	20809	13327	5888	0	37960	2830	16	199	2949	4	13
November 1, 2007 11:34:00 AM UTC	1193938440000	0	1	yes	35.5	179.1	23392	20809	13327	5889	0	37959	2833	32	191	2945	2	19
November 1, 2007 11:35:00 AM UTC	1193938500000	0	1	yes	35.5	179.4	23392	20809	13327	5889	0	37959	2837	31	192	2945	5	25
November 1, 2007 11:36:00 AM UTC	1193938560000	0	0	yes	35.5	179.7	23392	20809	13327	5889	0	37959	2830	33	161	2952	3	18
November 1, 2007 11:37:00 AM UTC	1193938620000	0	0	yes	35.5	180.0	23392	20809	13327	5889	0	37959	2835	30	160	2947	5	16
November 1, 2007 11:38:00 AM UTC	1193938680000	0	1	yes	35.5	180.3	23392	20809	13327	5889	0	37959	2832	32	209	2947	5	11
November 1, 2007 11:39:00 AM UTC	1193938740000	0	1	yes	35.5	180.6	23392	20809	13327	5889	0	37959	2834	35	196	2947	3	17
November 1, 2007 11:40:00 AM UTC	1193938800000	0	1	yes	35.5	180.9	23392	20809	13327	5889	0	37959	2837	25	203	2946	4	17
November 1, 2007 11:41:00 AM UTC	1193938860000	0	0	yes	35.5	181.2	23392	20809	13327	5888	0	37960	2830	37	174	2951	4	15
November 1, 2007 11:42:00 AM UTC	1193938920000	0	1	yes	35.5	181.5	23392	20809	13327	5887	0	37961	2833	36	220	2946	5	16
November 1, 2007 11:43:00 AM UTC	1193938980000	0	1	yes	35.5	181.8	23392	20809	13330	5827	0	38018	2855	39	228	2945	5	12
November 1, 2007 11:44:00 AM UTC	1193939040000	0	1	yes	35.5	182.0	23392	20809	13326	5909	0	37940	2830	38	240	2947	5	16
November 1, 2007 11:45:00 AM UTC	1193939100000	0	1	yes	35.4	182.3	23392	20809	13326	5910	0	37939	2830	45	233	2943	6	14
November 1, 2007 11:46:00 AM UTC	1193939160000	0	1	yes	35.4	182.6	23392	20809	13325	5911	0	37939	2831	39	266	2942	5	15
November 1, 2007 11:47:00 AM UTC	1193939220000	0	1	yes	35.4	182.9	23392	20809	13324	5912	0	37939	2827	47	264	2945	3	13
November 1, 2007 11:48:00 AM UTC	1193939280000	0	1	yes	35.4	183.2	23392	20809	13324	5912	0	37939	2830	43	248	2942	3	14
November 1, 2007 11:49:00 AM UTC	1193939340000	0	1	yes	35.4	183.5	23392	20809	13324	5912	0	37939	2827	49	269	2945	3	20
November 1, 2007 11:50:00 AM UTC	1193939400000	0	1	yes	35.4	183.8	23392	20809	13324	5912	0	37939	2828	55	266	2939	5	15
November 1, 2007 11:51:00 AM UTC	1193939460000	0	1	yes	35.4	184.1	23392	20809	13323	5916	0	37936	2828	39	217	2940	4	12
November 1, 2007 11:52:00 AM UTC	1193939520000	0	1	yes	35.4	184.4	23392	20809	13338	5850	0	37987	2853	30	244	2945	4	18
November 1, 2007 11:53:00 AM UTC	1193939580000	0	1	yes	35.3	184.7	23392	20809	13324	5916	0	37935	2824	50	210	2941	4	19
November 1, 2007 11:54:00 AM UTC	1193939640000	0	1	yes	35.3	185.0	23392	20809	13325	5834	0	38016	2842	45	189	2941	6	13
November 1, 2007 11:55:00 AM UTC	1193939700000	0	1	yes	35.3	185.3	23392	20809	13325	5858	0	37992	2842	49	227	2938	4	15
November 1, 2007 11:56:00 AM UTC	1193939760000	0	1	yes	35.3	185.6	23392	20809	13325	5931	0	37919	2817	48	237	2936	3	14
November 1, 2007 11:57:00 AM UTC	1193939820000	0	1	yes	35.3	185.9	23392	20809	13323	5938	0	37914	2815	55	225	2939	2	19
November 1, 2007 11:58:00 AM UTC	1193939880000	0	1	yes	35.3	186.2	23392	20809	13324	5938	0	37913	2809	48	278	2935	2	19
November 1, 2007 11:59:00 AM UTC	1193939940000	0	1	yes	35.2	186.5	23392	20809	13325	5938	0	37912	2810	45	264	2936	2	15
November 1, 2007 12:00:00 PM UTC	1193940000000	0	1	yes	35.2	186.8	23392	20809	13325	5938	0	37912	2808	32	360	2934	5	14
November 1, 2007 12:01:00 PM UTC	1193940060000	0	1	yes	35.2	187.1	23392	20809	13342	5870	0	37963	2846	45	307	2938	3	18
November 1, 2007 12:02:00 PM UTC	1193940120000	0	1	yes	35.2	187.4	23392	20809	13326	5937	0	37912	2805	28	288	2934	6	14
November 1, 2007 12:03:00 PM UTC	1193940180000	0	1	yes	35.1	187.7	23392	20809	13324	5946	0	37905	2799	24	300	2929	6	17
November 1, 2007 12:04:00 PM UTC	1193940240000	0	1	yes	35.1	188.0	23392	20809	13324	5944	0	37907	2796	30	297	2928	8	21
November 1, 2007 12:05:00 PM UTC	1193940300000	0	1	yes	35.1	188.3	23392	20809	13341	5799	0	38035	2856	39	363	2926	5	16
November 1, 2007 12:06:00 PM UTC	1193940360000	0	1	yes	35.1	188.6	23392	20809	13327	5865	0	37983	2817	55	317	2931	2	20
November 1, 2007 12:07:00 PM UTC	1193940420000	0	1	yes	35.0	188.8	23392	20809	13324	5866	0	37985	2814	43	328	2927	3	21
November 1, 2007 12:08:00 PM UTC	1193940480000	0	1	yes	35.0	189.1	23392	20809	13323	5904	0	37948	2806	35	292	2928	2	19
November 1, 2007 12:09:00 PM UTC	1193940540000	0	1	yes	35.0	189.4	23392	20809	13338	5836	0	38001	2841	59	341	2924	6	12
November 1, 2007 12:10:00 PM UTC	1193940600000	0	1	yes	34.9	189.7	23392	20809	13336	5915	0	37924	2817	31	343	2923	4	19
November 1, 2007 12:11:00 PM UTC	1193940660000	0	1	yes	34.9	190.0	23392	20809	13321	5982	0	37872	2778	46	313	2922	6	13
November 1, 2007 12:12:00 PM UTC	1193940720000	0	1	yes	34.9	190.3	23392	20809	13322	5981	0	37872	2776	67	305	2926	5	16
November 1, 2007 12:13:00 PM UTC	1193940780000	0	1	yes	34.8	190.6	23392	20809	13336	5927	0	37912	2804	72	337	2924	6	18
November 1, 2007 12:14:00 PM UTC	1193940840000	0	1	yes	34.8	190.9	23392	20809	13334	5929	0	37912	2801	72	364	2914	3	17
November 1, 2007 12:15:00 PM UTC	1193940900000	0	1	yes	34.8	191.2	23392	20809	13322	5919	0	37934	2781	65	339	2912	0	20
November 1, 2007 12:16:00 PM UTC	1193940960000	1	1	yes	34.7	191.5	23392	20809	13337	5854	0	37984	2816	81	375	2922	7	18
November 1, 2007 12:17:00 PM UTC	1193941020000	0	1	yes	34.7	191.8	23392	20809	13334	5870	0	37971	2802	72	406	2919	0	26
November 1, 2007 12:18:00 PM UTC	1193941080000	0	1	yes	34.6	192.1	23392	20809	13337	5855	0	37983	2819	81	394	2906	2	22
November 1, 2007 12:19:00 PM UTC	1193941140000	1	1	yes	34.6	192.3	23392	20809	13321	5926	0	37928	2768	86	349	2914	2	19
November 1, 2007 12:20:00 PM UTC	1193941200000	0	1	yes	34.6	192.6	23392	20809	13337	5855	0	37983	2814	66	377	2907	2	15
November 1, 2007 12:21:00 PM UTC	1193941260000	0	1	yes	34.5	192.9	23392	20809	13334	5870	0	37971	2795	61	336	2910	8	14
November 1, 2007 12:22:00 PM UTC	1193941320000	0	1	yes	34.5	193.2	23392	20809	13333	5901	0	37941	2797	73	358	2905	2	17
November 1, 2007 12:23:00 PM UTC	1193941380000	0	1	yes	34.4	193.5	23392	20809	13333	5901	0	37941	2788	74	348	2905	4	19
November 1, 2007 12:24:00 PM UTC	1193941440000	0	1	yes	34.4	193.8	23392	20809	13329	5923	0	37923	2778	52	268	2899	2	20
November 1, 2007 12:25:00 PM UTC	1193941500000	0	1	yes	34.3	194.1	23392	20809	13329	5931	0	37915	2772	54	338	2897	4	19
November 1, 2007 12:26:00 PM UTC	1193941560000	0	1	yes	34.3	194.4	23392	20809	13329	5931	0	37915	2771	54	325	2898	6	14
November 1, 2007 12:27:00 PM UTC	1193941620000	0	1	yes	34.2	194.7	23392	20809	13329	5931	0	37915	2775	62	287	2888	4	12
November 1, 2007 12:28:00 PM UTC	1193941680000	0	1	yes	34.2	194.9	23392	20809	13329	5931	0	37915	2763	62	304	2897	5	15
November 1, 2007 12:29:00 PM UTC	1193941740000	0	1	yes	34.1	195.2	23392	20809	13329	5931	0	37915	2767	49	276	2888	7	17
November 1, 2007 12:30:00 PM UTC	1193941800000	0	1	yes	34.1	195.5	23392	20809	13342	5875	0	37958	2795	61	334	2888	3	18
November 1, 2007 12:31:00 PM UTC	1193941860000	0	1	yes	34.0	195.8	23392	20809	13329	5930	0	37916	2765	53	356	2886	4	18
November 1, 2007 12:32:00 PM UTC	1193941920000	0	1	yes	34.0	196.1	23392	20809	13328	5930	0	37917	2758	55	372	2889	5	13
November 1, 2007 12:33:00 PM UTC	1193941980000	0	1	yes	33.9	196.4	23392	20809	13338	5894	0	37943	2780	59	421	2885	9	10
November 1, 2007 12:34:00 PM UTC	1193942040000	0	1	yes	33.9	196.7	23392	20809	13339	5822	0	38014	2801	51	399	2879	9	8
November 1, 2007 12:35:00 PM UTC	1193942100000	0	1	yes	33.8	196.9	23392	20809	13326	5885	0	37964	2758	66	365	2882	7	8
November 1, 2007 12:36:00 PM UTC	1193942160000	0	1	yes	33.8	197.2	23392	20809	13319	5907	0	37949	2744	48	337	2881	10	8
November 1, 2007 12:37:00 PM UTC	1193942220000	0	1	yes	33.7	197.5	23392	20809	13335	5843	0	37997	2775	61	381	2877	9	7
November 1, 2007 12:38:00 PM UTC	1193942280000	0	1	yes	33.7	197.8	23392	20809	13337	5874	0	37964	2768	45	345	2874	10	4
November 1, 2007 12:39:00 PM UTC	1193942340000	0	1	yes	33.6	198.1	23392	20809	13324	5920	0	37931	2738	48	345	2873	11	2
November 1, 2007 12:40:00 PM UTC	1193942400000	0	1	yes	33.5	198.3	23392	20809	13336	5877	0	37962	2756	53	312	2874	9	3
November 1, 2007 12:41:00 PM UTC	1193942460000	0	1	yes	33.5	198.6	23392	20809	13335	5878	0	37962	2759	25	456	2865	9	3
November 1, 2007 12:42:00 PM UTC	1193942520000	0	1	yes	33.4	198.9	23392	20809	13321	5942	0	37912	2714	69	302	2866	7	3
November 1, 2007 12:43:00 PM UTC	1193942580000	0	1	yes	33.3	199.2	23392	20809	13329	5915	0	37931	2734	44	354	2864	6	7
November 1, 2007 12:44:00 PM UTC	1193942640000	0	1	yes	33.3	199.5	23392	20809	13328	5924	0	37923	2728	53	347	2863	6	1
November 1, 2007 12:45:00 PM UTC	1193942700000	0	1	yes	33.2	199.7	23392	20809	13335	5899	0	37941	2744	59	353	2857	5	5
November 1, 2007 12:46:00 PM UTC	1193942760000	0	1	yes	33.2	200.0	23392	20809	13329	5924	0	37922	2722	73	356	2858	5	3
November 1, 2007 12:47:00 PM UTC	1193942820000	0	1	yes	33.1	200.3	23392	20809	13329	5924	0	37922	2714	85	359	2863	4	4
November 1, 2007 12:48:00 PM UTC	1193942880000	1	1	yes	33.0	200.6	23392	20809	13342	5862	0	37971	2750	96	394	2853	4	2
November 1, 2007 12:49:00 PM UTC	1193942940000	1	1	yes	33.0	200.9	23392	20809	13322	5949	0	37904	2694	86	325	2860	2	11
November 1, 2007 12:50:00 PM UTC	1193943000000	0	1	yes	32.9	201.1	23392	20809	13325	5937	0	37913	2696	83	332	2849	1	10
November 1, 2007 12:51:00 PM UTC	1193943060000	0	1	yes	32.8	201.4	23392	20809	13343	5861	0	37971	2730	81	390	2854	0	7
November 1, 2007 12:52:00 PM UTC	1193943120000	0	1	yes	32.7	201.7	23392	20809	13336	5904	0	37935	2712	72	374	2845	1	5
November 1, 2007 12:53:00 PM UTC	1193943180000	1	1	yes	32.7	202.0	23392	20809	13323	5896	0	37956	2692	98	377	2846	0	7
November 1, 2007 12:54:00 PM UTC	1193943240000	1	1	yes	32.6	202.2	23392	20809	13338	5834	0	38003	2726	95	379	2842	1	10
November 1, 2007 12:55:00 PM UTC	1193943300000	1	1	yes	32.5	202.5	23392	20809	13332	5859	0	37984	2716	103	345	2832	1	4
November 1, 2007 12:56:00 PM UTC	1193943360000	1	1	yes	32.5	202.8	23392	20809	13324	5896	0	37955	2689	94	298	2839	0	4
November 1, 2007 12:57:00 PM UTC	1193943420000	0	1	yes	32.4	203.1	23392	20809	13338	5834	0	38003	2719	105	326	2834	1	3
November 1, 2007 12:58:00 PM UTC	1193943480000	0	1	yes	32.3	203.3	23392	20809	13331	5903	0	37941	2692	95	369	2832	0	3
November 1, 2007 12:59:00 PM UTC	1193943540000	1	1	yes	32.2	203.6	23392	20809	13331	5903	0	37941	2680	124	347	2834	0	7
November 1, 2007 1:00:00 PM UTC	1193943600000	1	1	yes	32.2	203.9	23392	20809	13331	5903	0	37941	2681	101	338	2829	0	2
November 1, 2007 1:01:00 PM UTC	1193943660000	0	1	yes	32.1	204.1	23392	20809	13331	5903	0	37941	2671	83	335	2830	0	2
November 1, 2007 1:02:00 PM UTC	1193943720000	0	1	yes	32.0	204.4	23392	20809	13330	5924	0	37921	2657	92	352	2828	0	1
November 1, 2007 1:03:00 PM UTC	1193943780000	0	1	yes	31.9	204.7	23392	20809	13333	5857	0	37985	2676	86	357	2825	0	3
November 1, 2007 1:04:00 PM UTC	1193943840000	1	1	yes	31.8	204.9	23392	20809	13339	5825	0	38011	2690	104	353	2823	0	1
November 1, 2007 1:05:00 PM UTC	1193943900000	0	1	yes	31.8	205.2	23392	20809	13338	5826	0	38011	2690	84	337	2818	0	0
November 1, 2007 1:06:00 PM UTC	1193943960000	0	1	yes	31.7	205.5	23392	20809	13331	5856	0	37988	2654	85	367	2823	0	0
November 1, 2007 1:07:00 PM UTC	1193944020000	0	1	yes	31.6	205.8	23392	20809	13338	5826	0	38011	2681	70	331	2815	0	1
November 1, 2007 1:08:00 PM UTC	1193944080000	0	1	yes	31.5	206.0	23392	20809	13338	5826	0	38011	2667	71	318	2819	0	6
November 1, 2007 1:09:00 PM UTC	1193944140000	0	1	yes	31.4	206.3	23392	20809	13330	5934	0	37911	2632	73	341	2812	0	0
November 1, 2007 1:10:00 PM UTC	1193944200000	0	1	yes	31.3	206.5	23392	20809	13328	5933	0	37914	2624	84	364	2811	0	1
November 1, 2007 1:11:00 PM UTC	1193944260000	0	1	yes	31.2	206.8	23392	20809	13322	5985	0	37868	2594	85	371	2818	0	9
November 1, 2007 1:12:00 PM UTC	1193944320000	0	1	yes	31.2	207.1	23392	20809	13330	5886	0	37959	2624	74	366	2811	0	3
November 1, 2007 1:13:00 PM UTC	1193944380000	0	1	yes	31.1	207.3	23392	20809	13330	5886	0	37959	2618	72	360	2814	0	0
November 1, 2007 1:13:56 PM UTC	1193944436000	0	1	yes	31.0	207.6	23392	20809	13330	5886	0	37959	2622	89	390	2804	0	3
November 1, 2007 1:15:00 PM UTC	1193944500000	0	1	yes	30.9	207.9	23392	20809	13330	5886	0	37959	2606	91	425	2811	0	4
November 1, 2007 1:16:00 PM UTC	1193944560000	1	1	yes	30.8	208.1	23392	20809	13343	5827	0	38005	2630	126	430	2809	0	9
November 1, 2007 1:17:00 PM UTC	1193944620000	0	1	yes	30.7	208.4	23392	20809	13322	5919	0	37934	2576	90	396	2805	0	3
November 1, 2007 1:18:00 PM UTC	1193944680000	0	1	yes	30.6	208.6	23392	20809	13321	5928	0	37926	2567	110	380	2804	0	2
November 1, 2007 1:19:00 PM UTC	1193944740000	0	1	yes	30.5	208.9	23392	20809	13342	5834	0	37999	2619	100	409	2795	0	3
November 1, 2007 1:20:00 PM UTC	1193944800000	1	1	yes	30.4	209.2	23392	20809	13322	5918	0	37935	2565	107	381	2799	0	5
November 1, 2007 1:21:00 PM UTC	1193944860000	1	1	yes	30.3	209.4	23392	20809	13333	5892	0	37950	2578	122	354	2799	0	7
November 1, 2007 1:22:00 PM UTC	1193944920000	1	1	yes	30.2	209.7	23392	20809	13336	5827	0	38012	2593	106	392	2793	0	2
November 1, 2007 1:23:00 PM UTC	1193944980000	0	1	yes	30.2	209.9	23392	20809	13333	5875	0	37967	2571	107	389	2798	0	3
November 1, 2007 1:24:00 PM UTC	1193945040000	1	1	yes	30.1	210.2	23392	20809	13337	5874	0	37964	2570	112	383	2792	0	3
November 1, 2007 1:25:00 PM UTC	1193945100000	0	1	yes	30.0	210.5	23392	20809	13328	5912	0	37935	2536	85	422	2792	0	0
November 1, 2007 1:26:00 PM UTC	1193945160000	0	1	yes	29.9	210.7	23392	20809	13327	5913	0	37935	2534	98	415	2791	0	0
November 1, 2007 1:27:00 PM UTC	1193945220000	1	1	yes	29.8	211.0	23392	20809	13349	5818	0	38008	2580	128	433	2789	0	0
November 1, 2007 1:28:00 PM UTC	1193945280000	1	1	yes	29.7	211.2	23392	20809	13327	5913	0	37935	2524	132	405	2790	0	4
November 1, 2007 1:29:00 PM UTC	1193945340000	1	1	yes	29.6	211.5	23392	20809	13327	5913	0	37935	2522	161	387	2788	0	6
November 1, 2007 1:30:00 PM UTC	1193945400000	1	1	yes	29.5	211.7	23392	20809	13319	5950	0	37906	2490	134	355	2788	0	2
November 1, 2007 1:31:00 PM UTC	1193945460000	1	1	yes	29.4	212.0	23392	20809	13328	5881	0	37966	2509	165	407	2784	0	8
November 1, 2007 1:32:00 PM UTC	1193945520000	1	1	yes	29.3	212.2	23392	20809	13342	5824	0	38009	2532	183	455	2784	0	7
November 1, 2007 1:33:00 PM UTC	1193945580000	1	1	yes	29.2	212.5	23392	20809	13318	5939	0	37918	2475	174	410	2782	0	6
November 1, 2007 1:34:00 PM UTC	1193945640000	1	1	yes	29.1	212.7	23392	20809	13337	5842	0	37996	2516	187	476	2786	0	1
November 1, 2007 1:35:00 PM UTC	1193945700000	1	1	yes	29.0	213.0	23392	20809	13318	5918	0	37939	2472	184	458	2783	0	5
November 1, 2007 1:36:00 PM UTC	1193945760000	1	1	yes	28.8	213.2	23392	20809	13333	5862	0	37980	2485	209	465	2783	0	7
November 1, 2007 1:37:00 PM UTC	1193945820000	1	2	yes	28.7	213.5	23392	20809	13333	5862	0	37980	2478	150	608	2785	0	2
November 1, 2007 1:38:00 PM UTC	1193945880000	1	1	yes	28.6	213.7	23392	20809	13333	5862	0	37980	2465	195	485	2780	0	7
November 1, 2007 1:39:00 PM UTC	1193945940000	1	1	yes	28.5	214.0	23392	20809	13332	5862	0	37981	2467	212	482	2784	0	6
November 1, 2007 1:40:00 PM UTC	1193946000000	1	1	yes	28.4	214.2	23392	20809	13322	5932	0	37921	2428	207	469	2778	0	11
November 1, 2007 1:41:00 PM UTC	1193946060000	1	1	yes	28.3	214.5	23392	20809	13324	5875	0	37976	2442	214	420	2783	0	1
November 1, 2007 1:42:00 PM UTC	1193946120000	1	1	yes	28.2	214.7	23392	20809	13332	5835	0	38008	2446	283	382	2783	0	2
November 1, 2007 1:43:00 PM UTC	1193946180000	1	1	yes	28.1	215.0	23392	20809	13324	5875	0	37976	2419	235	393	2766	0	9
November 1, 2007 1:44:00 PM UTC	1193946240000	1	1	yes	28.0	215.2	23392	20809	13336	5820	0	38019	2434	256	415	2785	0	5
November 1, 2007 1:45:00 PM UTC	1193946300000	1	1	yes	27.9	215.4	23392	20809	13323	5874	0	37978	2409	217	456	2770	0	0
November 1, 2007 1:46:00 PM UTC	1193946360000	1	1	yes	27.8	215.7	23392	20809	13336	5820	0	38019	2426	244	420	2782	0	6
November 1, 2007 1:47:00 PM UTC	1193946420000	1	1	yes	27.7	215.9	23392	20809	13329	5863	0	37983	2395	217	485	2776	0	12
November 1, 2007 1:48:00 PM UTC	1193946480000	1	1	yes	27.5	216.2	23392	20809	13336	5819	0	38020	2409	260	502	2779	0	12
November 1, 2007 1:49:00 PM UTC	1193946540000	1	2	yes	27.4	216.4	23392	20809	13336	5819	0	38020	2398	222	600	2779	0	7
November 1, 2007 1:50:00 PM UTC	1193946600000	1	2	yes	27.3	216.7	23392	20809	13327	5859	0	37989	2374	302	593	2774	0	14
November 1, 2007 1:51:00 PM UTC	1193946660000	1	2	yes	27.2	216.9	23392	20809	13339	5783	0	38053	2396	314	594	2780	0	25
November 1, 2007 1:52:00 PM UTC	1193946720000	1	2	yes	27.1	217.1	23392	20809	13326	5837	0	38012	2365	303	631	2775	0	44
November 1, 2007 1:53:00 PM UTC	1193946780000	1	2	yes	27.0	217.4	23392	20809	13338	5784	0	38053	2379	343	644	2781	0	33
November 1, 2007 1:54:00 PM UTC	1193946840000	1	2	yes	26.8	217.6	23392	20809	13326	5839	0	38010	2345	297	642	2775	0	41
November 1, 2007 1:55:00 PM UTC	1193946900000	1	2	yes	26.7	217.8	23392	20809	13338	5784	0	38053	2357	318	645	2780	0	46
November 1, 2007 1:56:00 PM UTC	1193946960000	1	2	yes	26.6	218.1	23392	20809	13326	5834	0	38015	2332	325	684	2775	0	35
November 1, 2007 1:57:00 PM UTC	1193947020000	1	2	yes	26.5	218.3	23392	20809	13329	5827	0	38019	2323	299	704	2784	0	48
November 1, 2007 1:58:00 PM UTC	1193947080000	1	2	yes	26.4	218.6	23392	20809	13337	5784	0	38054	2339	354	690	2777	0	46
November 1, 2007 1:59:00 PM UTC	1193947140000	1	2	yes	26.3	218.8	23392	20809	13328	5829	0	38018	2307	354	651	2782	0	29
November 1, 2007 2:00:00 PM UTC	1193947200000	1	2	yes	26.1	219.0	23392	20809	13328	5829	0	38018	2302	414	536	2776	0	38
November 1, 2007 2:01:00 PM UTC	1193947260000	1	2	yes	26.0	219.3	23392	20809	13338	5768	0	38069	2311	326	570	2783	0	35
November 1, 2007 2:02:00 PM UTC	1193947320000	1	2	yes	25.9	219.5	23392	20809	13328	5813	0	38034	2286	339	563	2782	0	21
November 1, 2007 2:03:00 PM UTC	1193947380000	1	2	yes	25.8	219.7	23392	20809	13330	5812	0	38033	2276	312	595	2784	0	18
November 1, 2007 2:04:00 PM UTC	1193947440000	1	2	yes	25.6	220.0	23392	20809	13319	5858	0	37998	2248	336	580	2779	0	33
November 1, 2007 2:05:00 PM UTC	1193947500000	1	2	yes	25.5	220.2	23392	20809	13340	5761	0	38074	2279	287	695	2784	0	9
November 1, 2007 2:06:00 PM UTC	1193947560000	1	2	yes	25.4	220.4	23392	20809	13317	5858	0	38000	2226	267	637	2785	0	28
November 1, 2007 2:07:00 PM UTC	1193947620000	1	2	yes	25.3	220.6	23392	20809	13329	5807	0	38039	2244	298	675	2785	0	48
November 1, 2007 2:08:00 PM UTC	1193947680000	1	2	yes	25.1	220.9	23392	20809	13329	5812	0	38034	2232	319	603	2789	0	27
November 1, 2007 2:09:00 PM UTC	1193947740000	1	2	yes	25.0	221.1	23392	20809	13328	5871	0	37976	2213	317	712	2787	0	23
November 1, 2007 2:10:00 PM UTC	1193947800000	1	2	yes	24.9	221.3	23392	20809	13328	5871	0	37976	2198	310	634	2797	0	30
November 1, 2007 2:11:00 PM UTC	1193947860000	1	2	yes	24.8	221.6	23392	20809	13328	5867	0	37980	2188	330	727	2794	0	28
November 1, 2007 2:12:00 PM UTC	1193947920000	1	2	yes	24.6	221.8	23392	20809	13328	5867	0	37980	2181	354	748	2795	0	68
November 1, 2007 2:13:00 PM UTC	1193947980000	1	2	yes	24.5	222.0	23392	20809	13319	5911	0	37945	2153	266	836	2793	0	64
November 1, 2007 2:14:00 PM UTC	1193948040000	1	2	yes	24.4	222.2	23392	20809	13328	5867	0	37980	2160	326	823	2799	0	79
November 1, 2007 2:15:00 PM UTC	1193948100000	1	3	yes	24.3	222.5	23392	20809	13338	5818	0	38019	2173	320	878	2799	0	98
November 1, 2007 2:16:00 PM UTC	1193948160000	1	2	yes	24.1	222.7	23392	20809	13316	5914	0	37945	2126	271	809	2799	0	77
November 1, 2007 2:17:00 PM UTC	1193948220000	1	2	yes	24.0	222.9	23392	20809	13341	5878	0	37956	2144	268	854	2801	0	47
November 1, 2007 2:18:00 PM UTC	1193948280000	1	2	yes	23.9	223.1	23392	20809	13316	5976	0	37883	2094	264	797	2803	0	71
November 1, 2007 2:19:00 PM UTC	1193948340000	1	2	yes	23.7	223.4	23392	20809	13329	5928	0	37918	2096	304	743	2807	0	50
November 1, 2007 2:20:00 PM UTC	1193948400000	1	3	yes	23.6	223.6	23392	20809	13328	5928	0	37919	2097	284	845	2812	0	84
November 1, 2007 2:21:00 PM UTC	1193948460000	1	2	yes	23.5	223.8	23392	20809	13328	5878	0	37969	2092	295	686	2812	0	76
November 1, 2007 2:22:00 PM UTC	1193948520000	1	2	yes	23.3	224.0	23392	20809	13316	5969	1	37889	2055	227	798	2809	0	88
November 1, 2007 2:23:00 PM UTC	1193948580000	1	2	yes	23.2	224.2	23392	20809	13341	5874	7	37953	2087	293	733	2818	0	93
November 1, 2007 2:24:00 PM UTC	1193948640000	1	2	yes	23.1	224.5	23392	20809	13329	5922	6	37918	2049	299	762	2817	1	115
November 1, 2007 2:25:00 PM UTC	1193948700000	1	2	yes	22.9	224.7	23392	20809	13316	5895	6	37958	2028	302	677	2829	0	88
November 1, 2007 2:26:00 PM UTC	1193948760000	1	2	yes	22.8	224.9	23392	20809	13341	5799	12	38023	2062	271	803	2820	0	86
November 1, 2007 2:27:00 PM UTC	1193948820000	1	3	yes	22.7	225.1	23392	20809	13316	5895	11	37953	2007	295	807	2828	1	145
November 1, 2007 2:28:00 PM UTC	1193948880000	1	2	yes	22.5	225.3	23392	20809	13328	5848	14	37985	2020	322	773	2828	0	121
November 1, 2007 2:29:00 PM UTC	1193948940000	1	3	yes	22.4	225.5	23392	20809	13338	5798	20	38019	2023	343	825	2839	0	108
November 1, 2007 2:30:00 PM UTC	1193949000000	1	2	yes	22.3	225.8	23392	20809	13329	5848	22	37976	1994	386	752	2834	0	165
November 1, 2007 2:31:00 PM UTC	1193949060000	1	3	yes	22.1	226.0	23392	20809	13329	5848	22	37976	1983	341	799	2840	0	207
November 1, 2007 2:32:00 PM UTC	1193949120000	1	3	yes	22.0	226.2	23392	20809	13329	5814	30	38002	1985	385	856	2840	0	177
November 1, 2007 2:33:00 PM UTC	1193949180000	1	3	yes	21.8	226.4	23392	20809	13329	5814	33	37999	1972	371	911	2846	0	205
November 1, 2007 2:34:00 PM UTC	1193949240000	1	3	yes	21.7	226.6	23392	20809	13326	5868	34	37947	1949	432	753	2849	0	194
November 1, 2007 2:35:00 PM UTC	1193949300000	1	3	yes	21.6	226.8	23392	20809	13329	5863	39	37944	1941	434	793	2853	0	291
November 1, 2007 2:36:00 PM UTC	1193949360000	1	3	yes	21.4	227.0	23392	20809	13318	5914	37	37906	1908	444	788	2856	0	233
November 1, 2007 2:37:00 PM UTC	1193949420000	1	3	yes	21.3	227.2	23392	20809	13339	5816	47	37973	1936	445	815	2864	3	237
November 1, 2007 2:38:00 PM UTC	1193949480000	1	3	yes	21.1	227.5	23392	20809	13328	5863	50	37934	1901	425	873	2872	0	231
November 1, 2007 2:39:00 PM UTC	1193949540000	1	3	yes	21.0	227.7	23392	20809	13327	5869	52	37927	1894	403	817	2866	6	237
November 1, 2007 2:40:00 PM UTC	1193949600000	1	3	yes	20.9	227.9	23392	20809	13339	5818	60	37958	1900	462	852	2875	8	282
November 1, 2007 2:41:00 PM UTC	1193949660000	2	3	yes	20.7	228.1	23392	20809	13327	5870	53	37925	1868	453	797	2877	46	252
November 1, 2007 2:42:00 PM UTC	1193949720000	2	3	yes	20.6	228.3	23392	20809	13327	5870	56	37922	1846	495	799	2888	8	280
November 1, 2007 2:43:00 PM UTC	1193949780000	1	3	yes	20.4	228.5	23392	20809	13328	5832	61	37954	1851	441	781	2886	46	184
November 1, 2007 2:44:00 PM UTC	1193949840000	1	3	yes	20.3	228.7	23392	20809	13338	5788	71	37978	1859	446	848	2890	0	246
November 1, 2007 2:45:00 PM UTC	1193949900000	1	3	yes	20.1	228.9	23392	20809	13326	5882	72	37895	1822	428	840	2893	6	264
November 1, 2007 2:46:00 PM UTC	1193949960000	2	3	yes	20.0	229.1	23392	20809	13325	5892	65	37893	1801	472	794	2902	44	216
November 1, 2007 2:47:00 PM UTC	1193950020000	1	3	yes	19.9	229.3	23392	20809	13335	5848	72	37920	1812	458	768	2907	5	284
November 1, 2007 2:48:00 PM UTC	1193950080000	1	3	yes	19.7	229.5	23392	20809	13314	5936	68	37857	1766	468	850	2905	3	307
November 1, 2007 2:49:00 PM UTC	1193950140000	1	3	yes	19.6	229.7	23392	20809	13335	5840	83	37917	1787	418	863	2917	2	311
November 1, 2007 2:50:00 PM UTC	1193950200000	1	3	yes	19.4	229.9	23392	20809	13324	5894	76	37881	1756	425	874	2922	12	304
November 1, 2007 2:51:00 PM UTC	1193950260000	1	3	yes	19.3	230.2	23392	20809	13314	5937	75	37849	1729	412	788	2924	9	290
November 1, 2007 2:52:00 PM UTC	1193950320000	1	3	yes	19.1	230.4	23392	20809	13336	5838	86	37915	1757	450	724	2928	6	361
November 1, 2007 2:53:00 PM UTC	1193950380000	2	3	yes	19.0	230.6	23392	20809	13324	5893	85	37873	1718	557	788	2936	26	385
November 1, 2007 2:54:00 PM UTC	1193950440000	2	3	yes	18.8	230.8	23392	20809	13347	5763	99	37966	1752	515	767	2943	14	351
November 1, 2007 2:55:00 PM UTC	1193950500000	1	3	yes	18.7	231.0	23392	20809	13326	5860	88	37901	1706	480	794	2946	28	342
November 1, 2007 2:56:00 PM UTC	1193950560000	1	3	yes	18.5	231.2	23392	20809	13326	5860	91	37898	1694	407	903	2949	21	321
November 1, 2007 2:57:00 PM UTC	1193950620000	1	3	yes	18.4	231.4	23392	20809	13332	5875	94	37874	1683	404	905	2959	8	332
November 1, 2007 2:58:00 PM UTC	1193950680000	1	3	yes	18.2	231.6	23392	20809	13332	5875	100	37868	1668	423	874	2968	18	384
November 1, 2007 2:59:00 PM UTC	1193950740000	1	3	yes	18.1	231.8	23392	20809	13324	5844	98	37909	1656	464	804	2969	13	397
November 1, 2007 3:00:00 PM UTC	1193950800000	2	4	yes	17.9	232.0	23392	20809	13334	5802	104	37935	1656	478	939	2979	90	435
November 1, 2007 3:01:00 PM UTC	1193950860000	1	4	yes	17.8	232.2	23392	20809	13334	5802	105	37934	1644	450	884	2981	49	429
November 1, 2007 3:02:00 PM UTC	1193950920000	1	4	yes	17.6	232.4	23392	20809	13321	5857	100	37897	1607	431	914	2996	24	469
November 1, 2007 3:03:00 PM UTC	1193950980000	1	3	yes	17.5	232.6	23392	20809	13334	5802	108	37931	1620	448	821	2996	37	454
November 1, 2007 3:04:00 PM UTC	1193951040000	2	3	yes	17.3	232.8	23392	20809	13321	5863	103	37888	1584	506	785	3005	36	444
November 1, 2007 3:05:00 PM UTC	1193951100000	1	3	yes	17.2	233.0	23392	20809	13330	5823	108	37914	1587	445	824	3010	36	445
November 1, 2007 3:06:00 PM UTC	1193951160000	2	4	yes	17.0	233.1	23392	20809	13335	5772	110	37958	1584	477	853	3021	49	467
November 1, 2007 3:07:00 PM UTC	1193951220000	1	3	yes	16.9	233.3	23392	20809	13323	5827	108	37917	1556	467	786	3025	48	491
November 1, 2007 3:08:00 PM UTC	1193951280000	1	4	yes	16.7	233.5	23392	20809	13345	5730	119	37981	1576	431	882	3029	56	448
November 1, 2007 3:09:00 PM UTC	1193951340000	2	4	yes	16.6	233.7	23392	20809	13332	5787	113	37943	1537	505	786	3049	63	523
November 1, 2007 3:10:00 PM UTC	1193951400000	2	3	yes	16.4	233.9	23392	20809	13321	5881	110	37863	1507	519	702	3048	85	485
November 1, 2007 3:11:00 PM UTC	1193951460000	1	4	yes	16.2	234.1	23392	20809	13331	5841	114	37889	1507	424	782	3061	69	522
November 1, 2007 3:12:00 PM UTC	1193951520000	2	3	yes	16.1	234.3	23392	20809	13331	5841	114	37889	1494	533	683	3076	69	531
November 1, 2007 3:13:00 PM UTC	1193951580000	1	3	yes	15.9	234.5	23392	20809	13331	5841	118	37885	1477	443	744	3072	60	531
November 1, 2007 3:14:00 PM UTC	1193951640000	2	4	yes	15.8	234.7	23392	20809	13331	5841	120	37883	1468	459	743	3080	116	576
November 1, 2007 3:15:00 PM UTC	1193951700000	2	4	yes	15.6	234.9	23392	20809	13331	5841	119	37884	1451	485	724	3103	85	655
November 1, 2007 3:16:00 PM UTC	1193951760000	2	4	yes	15.5	235.1	23392	20809	13316	5897	111	37851	1420	509	694	3091	69	704
November 1, 2007 3:17:00 PM UTC	1193951820000	2	4	yes	15.3	235.3	23392	20809	13336	5800	124	37915	1433	489	728	3114	75	681
November 1, 2007 3:18:00 PM UTC	1193951880000	2	4	yes	15.1	235.5	23392	20809	13317	5873	118	37867	1398	634	546	3129	87	803
November 1, 2007 3:19:00 PM UTC	1193951940000	2	4	yes	15.0	235.7	23392	20809	13317	5873	123	37862	1380	637	495	3124	77	811
November 1, 2007 3:20:00 PM UTC	1193952000000	2	3	yes	14.8	235.8	23392	20809	13341	5775	131	37928	1401	587	509	3144	109	704
November 1, 2007 3:21:00 PM UTC	1193952060000	2	4	yes	14.7	236.0	23392	20809	13328	5831	124	37892	1378	697	447	3146	118	800
November 1, 2007 3:22:00 PM UTC	1193952120000	2	4	yes	14.5	236.2	23392	20809	13341	5775	129	37930	1379	644	515	3153	139	742
November 1, 2007 3:23:00 PM UTC	1193952180000	2	4	yes	14.4	236.4	23392	20809	13326	5894	124	37831	1337	626	492	3171	118	823
November 1, 2007 3:24:00 PM UTC	1193952240000	2	4	yes	14.2	236.6	23392	20809	13326	5894	123	37832	1324	559	559	3180	131	805
November 1, 2007 3:25:00 PM UTC	1193952300000	2	4	yes	14.0	236.8	23392	20809	13326	5894	125	37830	1311	608	451	3187	183	807
November 1, 2007 3:26:00 PM UTC	1193952360000	2	3	yes	13.9	237.0	23392	20809	13334	5856	125	37860	1304	708	350	3205	160	845
November 1, 2007 3:27:00 PM UTC	1193952420000	2	4	yes	13.7	237.2	23392	20809	13326	5893	126	37830	1285	669	385	3212	147	920
November 1, 2007 3:28:00 PM UTC	1193952480000	2	3	yes	13.6	237.3	23392	20809	13326	5893	123	37833	1273	667	353	3223	195	843
November 1, 2007 3:29:00 PM UTC	1193952540000	2	4	yes	13.4	237.5	23392	20809	13335	5857	127	37856	1269	616	471	3234	122	900
November 1, 2007 3:30:00 PM UTC	1193952600000	2	4	yes	13.2	237.7	23392	20809	13322	5917	121	37815	1238	548	513	3249	140	929
November 1, 2007 3:31:00 PM UTC	1193952660000	2	4	yes	13.1	237.9	23392	20809	13336	5832	130	37877	1246	577	479	3262	121	946
November 1, 2007 3:32:00 PM UTC	1193952720000	2	4	yes	12.9	238.1	23392	20809	13321	5891	121	37842	1217	581	446	3268	148	943
November 1, 2007 3:33:00 PM UTC	1193952780000	3	4	yes	12.7	238.3	23392	20809	13336	5831	125	37883	1217	754	273	3286	159	998
November 1, 2007 3:34:00 PM UTC	1193952840000	2	4	yes	12.6	238.4	23392	20809	13336	5831	128	37880	1209	598	415	3293	131	1012
November 1, 2007 3:35:00 PM UTC	1193952900000	2	4	yes	12.4	238.6	23392	20809	13330	5855	124	37866	1182	659	369	3312	143	980
November 1, 2007 3:36:00 PM UTC	1193952960000	2	4	yes	12.3	238.8	23392	20809	13342	5857	125	37851	1186	664	382	3318	163	1088
November 1, 2007 3:37:00 PM UTC	1193953020000	2	4	yes	12.1	239.0	23392	20809	13321	5952	114	37788	1142	596	380	3333	179	1067
November 1, 2007 3:38:00 PM UTC	1193953080000	2	4	yes	11.9	239.2	23392	20809	13321	5952	116	37786	1127	594	397	3350	149	1122
November 1, 2007 3:39:00 PM UTC	1193953140000	3	4	yes	11.8	239.4	23392	20809	13343	5799	123	37910	1145	694	270	3362	197	1050
November 1, 2007 3:40:00 PM UTC	1193953200000	2	4	yes	11.6	239.5	23392	20809	13329	5859	120	37867	1114	549	357	3376	203	1085
November 1, 2007 3:41:00 PM UTC	1193953260000	2	4	yes	11.4	239.7	23392	20809	13329	5859	119	37868	1106	667	311	3385	197	1149
November 1, 2007 3:42:00 PM UTC	1193953320000	3	4	yes	11.3	239.9	23392	20809	13329	5858	118	37870	1088	656	277	3401	291	1089
November 1, 2007 3:43:00 PM UTC	1193953380000	3	4	yes	11.1	240.1	23392	20809	13329	5858	119	37869	1079	690	269	3410	257	1137
November 1, 2007 3:44:00 PM UTC	1193953440000	3	4	yes	10.9	240.3	23392	20809	13330	5841	117	37887	1068	671	274	3428	275	1137
November 1, 2007 3:45:00 PM UTC	1193953500000	3	4	yes	10.8	240.4	23392	20809	13330	5841	116	37888	1055	619	305	3439	265	1125
November 1, 2007 3:46:00 PM UTC	1193953560000	2	4	yes	10.6	240.6	23392	20809	13337	5807	116	37915	1048	614	289	3456	237	1059
November 1, 2007 3:47:00 PM UTC	1193953620000	2	4	yes	10.4	240.8	23392	20809	13329	5840	114	37892	1024	498	342	3470	293	1055
November 1, 2007 3:48:00 PM UTC	1193953680000	2	3	yes	10.3	241.0	23392	20809	13329	5840	115	37891	1016	589	300	3478	253	932
November 1, 2007 3:49:00 PM UTC	1193953740000	2	4	yes	10.1	241.1	23392	20809	13315	5901	106	37853	984	578	253	3495	243	1071
November 1, 2007 3:50:00 PM UTC	1193953800000	3	4	yes	9.9	241.3	23392	20809	13335	5871	111	37858	990	548	297	3507	324	998
November 1, 2007 3:51:00 PM UTC	1193953860000	2	4	yes	9.8	241.5	23392	20809	13322	5933	104	37816	955	504	289	3523	216	1245
November 1, 2007 3:52:00 PM UTC	1193953920000	2	4	yes	9.6	241.7	23392	20809	13322	5933	103	37817	948	504	290	3531	177	1174
November 1, 2007 3:53:00 PM UTC	1193953980000	2	4	yes	9.4	241.9	23392	20809	13338	5871	104	37862	947	467	336	3544	231	1094
November 1, 2007 3:54:00 PM UTC	1193954040000	2	4	yes	9.3	242.0	23392	20809	13322	5933	101	37819	922	431	321	3560	317	1142
November 1, 2007 3:55:00 PM UTC	1193954100000	2	4	yes	9.1	242.2	23392	20809	13338	5872	106	37859	930	399	388	3570	172	1169
November 1, 2007 3:56:00 PM UTC	1193954160000	2	4	yes	8.9	242.4	23392	20809	13322	5933	99	37821	893	448	299	3583	285	1218
November 1, 2007 3:57:00 PM UTC	1193954220000	2	4	yes	8.7	242.6	23392	20809	13330	5866	102	37877	890	349	377	3602	253	1133
November 1, 2007 3:58:00 PM UTC	1193954280000	3	4	yes	8.6	242.7	23392	20809	13338	5850	101	37886	882	520	242	3623	342	1144
November 1, 2007 3:59:00 PM UTC	1193954340000	2	4	yes	8.4	242.9	23392	20809	13322	5912	95	37846	854	365	330	3622	164	1256
November 1, 2007 4:00:00 PM UTC	1193954400000	2	4	yes	8.2	243.1	23392	20809	13322	5912	96	37845	839	498	221	3641	321	1107
November 1, 2007 4:01:00 PM UTC	1193954460000	2	4	yes	8.1	243.2	23392	20809	13330	5881	100	37864	838	418	264	3653	278	1065
November 1, 2007 4:02:00 PM UTC	1193954520000	2	4	yes	7.9	243.4	23392	20809	13330	5881	97	37867	827	387	291	3663	119	997
November 1, 2007 4:03:00 PM UTC	1193954580000	2	4	yes	7.7	243.6	23392	20809	13330	5881	96	37868	811	371	282	3681	293	1156
November 1, 2007 4:04:00 PM UTC	1193954640000	2	4	yes	7.5	243.8	23392	20809	13330	5881	97	37867	803	338	308	3688	258	1025
November 1, 2007 4:05:00 PM UTC	1193954700000	2	4	yes	7.4	243.9	23392	20809	13335	5906	98	37836	787	373	258	3707	300	1118
November 1, 2007 4:06:00 PM UTC	1193954760000	2	4	yes	7.2	244.1	23392	20809	13326	5944	93	37812	770	329	284	3714	194	1022
November 1, 2007 4:07:00 PM UTC	1193954820000	2	3	yes	7.0	244.3	23392	20809	13326	5944	92	37813	756	460	143	3729	351	1047
November 1, 2007 4:08:00 PM UTC	1193954880000	2	3	yes	6.9	244.5	23392	20809	13314	6003	87	37771	728	412	160	3737	220	948
November 1, 2007 4:09:00 PM UTC	1193954940000	1	3	yes	6.7	244.6	23392	20809	13338	5843	93	37901	743	259	337	3757	108	961
November 1, 2007 4:10:00 PM UTC	1193955000000	2	3	yes	6.5	244.8	23392	20809	13338	5843	93	37901	728	338	216	3771	243	982
November 1, 2007 4:11:00 PM UTC	1193955060000	2	3	yes	6.3	245.0	23392	20809	13322	5906	87	37860	703	410	163	3779	79	862
November 1, 2007 4:12:00 PM UTC	1193955120000	2	3	yes	6.2	245.1	23392	20809	13338	5827	93	37917	702	333	227	3799	147	961
November 1, 2007 4:13:00 PM UTC	1193955180000	1	3	yes	6.0	245.3	23392	20809	13324	5891	87	37873	679	345	218	3804	109	843
November 1, 2007 4:14:00 PM UTC	1193955240000	1	3	yes	5.8	245.5	23392	20809	13324	5891	88	37872	664	251	275	3820	132	872
November 1, 2007 4:15:00 PM UTC	1193955300000	1	2	yes	5.6	245.6	23392	20809	13337	5827	94	37917	668	278	241	3835	152	677
November 1, 2007 4:16:00 PM UTC	1193955360000	1	3	yes	5.5	245.8	23392	20809	13324	5890	93	37868	643	188	313	3841	203	626
November 1, 2007 4:17:00 PM UTC	1193955420000	1	2	yes	5.3	246.0	23392	20809	13338	5825	102	37910	640	187	283	3864	247	651
November 1, 2007 4:18:00 PM UTC	1193955480000	1	2	yes	5.1	246.1	23392	20809	13329	5819	105	37922	622	205	269	3872	162	668
November 1, 2007 4:19:00 PM UTC	1193955540000	1	3	yes	4.9	246.3	23392	20809	13329	5819	107	37920	605	154	289	3888	149	707
November 1, 2007 4:20:00 PM UTC	1193955600000	1	3	yes	4.8	246.5	23392	20809	13345	5751	118	37961	610	131	309	3904	86	684
November 1, 2007 4:21:00 PM UTC	1193955660000	1	2	yes	4.6	246.6	23392	20809	13321	5913	116	37825	578	205	173	3900	138	556
November 1, 2007 4:22:00 PM UTC	1193955720000	1	2	yes	4.4	246.8	23392	20809	13328	5882	124	37841	569	139	237	3920	168	462
November 1, 2007 4:23:00 PM UTC	1193955780000	1	2	yes	4.2	247.0	23392	20809	13328	5882	129	37836	559	107	255	3931	115	465
November 1, 2007 4:24:00 PM UTC	1193955840000	1	2	yes	4.1	247.1	23392	20809	13328	5882	135	37830	541	129	191	3948	142	560
November 1, 2007 4:25:00 PM UTC	1193955900000	1	2	yes	3.9	247.3	23392	20809	13328	5882	144	37821	535	125	167	3954	104	590
November 1, 2007 4:26:00 PM UTC	1193955960000	1	2	yes	3.7	247.5	23392	20809	13328	5880	153	37814	519	52	245	3969	108	481
November 1, 2007 4:27:00 PM UTC	1193956020000	1	2	yes	3.5	247.6	23392	20809	13335	5844	168	37828	515	88	202	3983	259	512
November 1, 2007 4:28:00 PM UTC	1193956080000	1	2	yes	3.4	247.8	23392	20809	13336	5844	180	37815	505	132	160	3991	213	649
November 1, 2007 4:29:00 PM UTC	1193956140000	1	2	yes	3.2	248.0	23392	20809	13330	5871	197	37777	485	84	134	4007	261	613
November 1, 2007 4:30:00 PM UTC	1193956200000	1	2	yes	3.0	248.1	23392	20809	13330	5871	223	37751	477	116	108	4012	291	567
