August 4, 2009 5:14:00 AM UTC	1249391640000	12	10	no	3.2	71.0	20506	20827	9252	6467	660	43664	863	238	3	5036	2939	790
August 4, 2009 5:15:00 AM UTC	1249391700000	11	10	no	3.3	71.1	20506	20827	9241	6534	622	43646	855	269	6	5016	2964	864
August 4, 2009 5:16:00 AM UTC	1249391760000	11	12	no	3.5	71.3	20506	20827	9252	6467	588	43736	890	329	13	5010	2902	1009
August 4, 2009 5:17:00 AM UTC	1249391820000	11	15	no	3.7	71.4	20506	20827	9255	6447	562	43779	909	367	10	5000	2789	1371
August 4, 2009 5:18:00 AM UTC	1249391880000	11	17	no	3.9	71.5	20506	20827	9244	6512	535	43752	905	370	14	4979	2747	1465
August 4, 2009 5:19:00 AM UTC	1249391940000	12	19	no	4.1	71.7	20506	20827	9256	6445	518	43824	940	454	6	4972	2978	1332
August 4, 2009 5:20:00 AM UTC	1249392000000	13	21	no	4.3	71.8	20506	20827	9254	6466	505	43818	946	459	30	4957	3082	1234
August 4, 2009 5:21:00 AM UTC	1249392060000	15	19	no	4.5	72.0	20506	20827	9245	6528	483	43787	951	485	20	4928	3346	1119
August 4, 2009 5:22:00 AM UTC	1249392120000	16	19	no	4.7	72.1	20506	20827	9245	6528	476	43794	968	521	11	4911	3570	1043
August 4, 2009 5:23:00 AM UTC	1249392180000	17	17	no	4.9	72.3	20506	20827	9256	6447	502	43838	1007	527	12	4902	3893	708
August 4, 2009 5:24:00 AM UTC	1249392240000	17	18	no	5.1	72.4	20506	20827	9244	6521	483	43795	1003	545	8	4882	3951	719
August 4, 2009 5:25:00 AM UTC	1249392300000	17	20	no	5.3	72.6	20506	20827	9244	6521	476	43802	1017	540	35	4869	3966	551
August 4, 2009 5:26:00 AM UTC	1249392360000	15	22	no	5.4	72.7	20506	20827	9246	6515	460	43822	1034	602	5	4851	3763	656
August 4, 2009 5:27:00 AM UTC	1249392420000	14	24	no	5.6	72.8	20506	20827	9244	6575	453	43771	1046	603	17	4829	3560	808
August 4, 2009 5:28:00 AM UTC	1249392480000	14	24	no	5.8	73.0	20506	20827	9244	6575	440	43784	1058	610	28	4818	3601	695
August 4, 2009 5:29:00 AM UTC	1249392540000	14	25	no	6.0	73.1	20506	20827	9247	6555	423	43818	1083	634	46	4802	3459	771
August 4, 2009 5:30:00 AM UTC	1249392600000	15	25	no	6.2	73.3	20506	20827	9247	6555	425	43816	1097	678	13	4790	3367	845
August 4, 2009 5:31:00 AM UTC	1249392660000	15	26	no	6.4	73.4	20506	20827	9247	6555	424	43817	1110	704	0	4777	3474	913
August 4, 2009 5:32:00 AM UTC	1249392720000	14	27	no	6.6	73.6	20506	20827	9246	6556	439	43802	1120	643	57	4766	3352	1085
August 4, 2009 5:33:00 AM UTC	1249392780000	15	26	no	6.8	73.7	20506	20827	9246	6556	442	43799	1142	714	4	4745	3285	1025
August 4, 2009 5:34:00 AM UTC	1249392840000	16	25	no	7.0	73.8	20506	20827	9246	6556	442	43799	1164	707	28	4723	3204	1140
August 4, 2009 5:35:00 AM UTC	1249392900000	17	25	no	7.2	74.0	20506	20827	9247	6558	433	43805	1176	742	12	4710	3337	1104
August 4, 2009 5:36:00 AM UTC	1249392960000	18	25	no	7.4	74.1	20506	20827	9248	6518	426	43851	1195	758	18	4696	3521	1020
August 4, 2009 5:37:00 AM UTC	1249393020000	19	27	no	7.6	74.3	20506	20827	9248	6518	425	43852	1211	765	30	4681	3722	839
August 4, 2009 5:38:00 AM UTC	1249393080000	19	27	no	7.8	74.4	20506	20827	9248	6518	414	43863	1227	784	32	4663	3828	741
August 4, 2009 5:39:00 AM UTC	1249393140000	19	27	no	7.9	74.6	20506	20827	9248	6518	415	43862	1240	811	19	4649	3901	598
August 4, 2009 5:40:00 AM UTC	1249393200000	20	28	no	8.1	74.7	20506	20827	9238	6587	403	43815	1233	800	32	4631	3896	546
August 4, 2009 5:41:00 AM UTC	1249393260000	19	32	no	8.3	74.8	20506	20827	9248	6520	434	43841	1272	822	17	4614	3831	659
August 4, 2009 5:42:00 AM UTC	1249393320000	18	33	no	8.5	75.0	20506	20827	9248	6520	429	43846	1287	820	38	4602	3824	695
August 4, 2009 5:43:00 AM UTC	1249393380000	17	34	no	8.7	75.1	20506	20827	9239	6571	418	43815	1291	851	18	4577	3538	982
August 4, 2009 5:44:00 AM UTC	1249393440000	17	35	no	8.9	75.3	20506	20827	9250	6503	420	43870	1329	882	20	4565	3323	1115
August 4, 2009 5:45:00 AM UTC	1249393500000	17	37	no	9.1	75.4	20506	20827	9250	6503	417	43873	1344	904	20	4551	3136	1013
August 4, 2009 5:46:00 AM UTC	1249393560000	16	38	no	9.3	75.5	20506	20827	9241	6575	402	43825	1337	905	19	4531	2989	926
August 4, 2009 5:47:00 AM UTC	1249393620000	16	40	no	9.5	75.7	20506	20827	9250	6505	400	43888	1372	914	52	4522	2984	751
August 4, 2009 5:48:00 AM UTC	1249393680000	15	40	yes	9.7	75.8	20506	20827	9250	6505	395	43893	1386	957	29	4508	2837	616
August 4, 2009 5:49:00 AM UTC	1249393740000	14	43	yes	9.9	76.0	20506	20827	9238	6641	384	43780	1377	950	41	4480	2588	766
August 4, 2009 5:50:00 AM UTC	1249393800000	15	43	yes	10.1	76.1	20506	20827	9250	6557	434	43802	1425	967	11	4468	2734	518
August 4, 2009 5:51:00 AM UTC	1249393860000	15	42	yes	10.3	76.2	20506	20827	9250	6557	434	43802	1440	983	15	4451	2735	444
August 4, 2009 5:52:00 AM UTC	1249393920000	15	49	yes	10.5	76.4	20506	20827	9240	6627	413	43763	1431	961	36	4435	2862	346
August 4, 2009 5:53:00 AM UTC	1249393980000	16	49	yes	10.7	76.5	20506	20827	9251	6558	424	43810	1474	941	76	4417	2858	371
August 4, 2009 5:54:00 AM UTC	1249394040000	15	51	yes	10.9	76.7	20506	20827	9240	6627	406	43770	1459	953	52	4409	2803	481
August 4, 2009 5:55:00 AM UTC	1249394100000	15	51	yes	11.1	76.8	20506	20827	9240	6627	402	43774	1484	978	63	4382	2806	603
August 4, 2009 5:56:00 AM UTC	1249394160000	15	53	yes	11.3	76.9	20506	20827	9251	6556	418	43818	1523	1021	34	4372	2903	479
August 4, 2009 5:57:00 AM UTC	1249394220000	16	54	yes	11.4	77.1	20506	20827	9242	6615	418	43768	1519	1046	44	4352	2927	551
August 4, 2009 5:58:00 AM UTC	1249394280000	16	54	yes	11.6	77.2	20506	20827	9242	6615	394	43792	1536	1101	35	4335	2924	561
August 4, 2009 5:59:00 AM UTC	1249394340000	16	53	yes	11.8	77.4	20506	20827	9251	6558	411	43823	1569	1097	58	4324	2950	513
August 4, 2009 6:00:00 AM UTC	1249394400000	15	55	yes	12.0	77.5	20506	20827	9240	6629	398	43776	1560	1044	76	4305	2835	566
August 4, 2009 6:01:00 AM UTC	1249394460000	15	54	yes	12.2	77.7	20506	20827	9240	6595	384	43824	1577	979	122	4289	2881	527
August 4, 2009 6:02:00 AM UTC	1249394520000	15	57	yes	12.4	77.8	20506	20827	9251	6527	399	43866	1622	956	137	4270	2788	557
August 4, 2009 6:03:00 AM UTC	1249394580000	16	57	yes	12.6	77.9	20506	20827	9240	6597	394	43812	1613	973	134	4256	2876	443
August 4, 2009 6:04:00 AM UTC	1249394640000	16	58	yes	12.8	78.1	20506	20827	9240	6597	393	43813	1623	1031	136	4244	2797	418
August 4, 2009 6:05:00 AM UTC	1249394700000	16	60	yes	13.0	78.2	20506	20827	9254	6428	409	43952	1684	1069	109	4225	2663	465
August 4, 2009 6:06:00 AM UTC	1249394760000	16	59	yes	13.2	78.3	20506	20827	9242	6513	390	43898	1672	998	163	4208	2604	465
August 4, 2009 6:07:00 AM UTC	1249394820000	15	62	yes	13.4	78.5	20506	20827	9242	6513	378	43910	1691	977	149	4189	2654	391
August 4, 2009 6:08:00 AM UTC	1249394880000	15	63	yes	13.6	78.6	20506	20827	9253	6430	391	43969	1732	1019	146	4181	2660	379
August 4, 2009 6:09:00 AM UTC	1249394940000	17	65	yes	13.8	78.8	20506	20827	9243	6495	383	43922	1728	1023	129	4162	2655	569
August 4, 2009 6:10:00 AM UTC	1249395000000	19	63	yes	14.0	78.9	20506	20827	9243	6495	379	43926	1741	981	211	4148	2748	772
August 4, 2009 6:11:00 AM UTC	1249395060000	23	63	yes	14.2	79.0	20506	20827	9243	6503	375	43922	1754	1016	195	4140	3101	600
August 4, 2009 6:12:00 AM UTC	1249395120000	27	58	yes	14.4	79.2	20506	20827	9243	6507	378	43915	1770	1073	124	4130	3448	354
August 4, 2009 6:13:00 AM UTC	1249395180000	30	56	yes	14.6	79.3	20506	20827	9243	6507	371	43922	1790	1100	108	4110	3612	281
August 4, 2009 6:14:00 AM UTC	1249395240000	31	56	yes	14.8	79.5	20506	20827	9245	6560	364	43874	1805	1088	124	4093	3643	275
August 4, 2009 6:15:00 AM UTC	1249395300000	32	54	yes	15.0	79.6	20506	20827	9245	6560	344	43894	1814	1178	79	4090	3736	184
August 4, 2009 6:16:00 AM UTC	1249395360000	31	54	yes	15.2	79.7	20506	20827	9245	6560	349	43889	1831	1203	86	4077	3684	236
August 4, 2009 6:17:00 AM UTC	1249395420000	32	53	yes	15.4	79.9	20506	20827	9246	6560	350	43887	1853	1240	76	4060	3743	213
August 4, 2009 6:18:00 AM UTC	1249395480000	31	56	yes	15.6	80.0	20506	20827	9246	6560	336	43901	1865	1225	164	4053	3715	257
August 4, 2009 6:19:00 AM UTC	1249395540000	31	55	yes	15.8	80.2	20506	20827	9246	6560	332	43905	1878	1310	162	4048	3774	235
August 4, 2009 6:20:00 AM UTC	1249395600000	31	54	yes	16.0	80.3	20506	20827	9247	6560	327	43909	1893	1376	145	4029	3793	227
August 4, 2009 6:21:00 AM UTC	1249395660000	30	55	yes	16.2	80.4	20506	20827	9247	6560	325	43911	1912	1420	120	4024	3718	286
August 4, 2009 6:22:00 AM UTC	1249395720000	30	54	yes	16.4	80.6	20506	20827	9247	6560	319	43917	1928	1474	91	4011	3606	310
August 4, 2009 6:23:00 AM UTC	1249395780000	28	54	yes	16.6	80.7	20506	20827	9250	6549	312	43932	1944	1509	116	3998	3536	337
August 4, 2009 6:24:00 AM UTC	1249395840000	28	54	yes	16.8	80.9	20506	20827	9250	6549	311	43933	1966	1519	133	3999	3383	456
August 4, 2009 6:25:00 AM UTC	1249395900000	27	53	yes	17.0	81.0	20506	20827	9250	6520	304	43969	1978	1489	123	3979	3336	344
August 4, 2009 6:26:00 AM UTC	1249395960000	25	53	yes	17.2	81.1	20506	20827	9251	6521	295	43976	1998	1467	118	3981	3252	278
August 4, 2009 6:27:00 AM UTC	1249396020000	20	56	yes	17.4	81.3	20506	20827	9251	6521	289	43982	2012	1465	164	3966	3110	280
August 4, 2009 6:28:00 AM UTC	1249396080000	19	58	yes	17.6	81.4	20506	20827	9252	6520	287	43984	2025	1396	173	3948	3176	240
August 4, 2009 6:29:00 AM UTC	1249396140000	21	57	yes	17.8	81.6	20506	20827	9252	6520	280	43991	2040	1320	203	3953	3255	238
August 4, 2009 6:30:00 AM UTC	1249396200000	21	58	yes	18.0	81.7	20506	20827	9252	6520	275	43996	2056	1188	260	3937	3394	185
August 4, 2009 6:31:00 AM UTC	1249396260000	21	60	yes	18.1	81.8	20506	20827	9253	6527	266	43997	2074	1167	274	3931	3518	156
August 4, 2009 6:32:00 AM UTC	1249396320000	21	60	yes	18.3	82.0	20506	20827	9254	6518	255	44016	2098	1281	197	3922	3572	177
August 4, 2009 6:33:00 AM UTC	1249396380000	22	63	yes	18.5	82.1	20506	20827	9254	6518	233	44038	2113	1318	190	3910	3462	257
August 4, 2009 6:34:00 AM UTC	1249396440000	28	59	yes	18.7	82.3	20506	20827	9255	6519	236	44033	2124	1356	173	3910	3213	460
August 4, 2009 6:35:00 AM UTC	1249396500000	37	51	yes	18.9	82.4	20506	20827	9255	6519	204	44065	2136	1359	212	3904	2852	676
August 4, 2009 6:36:00 AM UTC	1249396560000	41	50	no	19.1	82.5	20506	20827	9255	6519	167	44102	2160	1417	160	3890	2718	821
August 4, 2009 6:37:00 AM UTC	1249396620000	52	41	yes	19.3	82.7	20506	20827	9256	6520	206	44061	2169	1426	107	3886	2898	748
August 4, 2009 6:38:00 AM UTC	1249396680000	59	34	yes	19.5	82.8	20506	20827	9256	6520	198	44069	2188	1425	93	3878	2960	704
August 4, 2009 6:39:00 AM UTC	1249396740000	66	27	yes	19.7	83.0	20506	20827	9256	6520	184	44083	2197	1512	70	3875	3073	557
August 4, 2009 6:40:00 AM UTC	1249396800000	70	22	yes	19.9	83.1	20506	20827	9256	6597	173	44017	2200	1529	88	3871	2954	541
August 4, 2009 6:41:00 AM UTC	1249396860000	74	17	yes	20.1	83.2	20506	20827	9256	6597	164	44026	2218	1592	62	3863	2957	469
August 4, 2009 6:42:00 AM UTC	1249396920000	77	13	yes	20.3	83.4	20506	20827	9245	6661	138	43999	2195	1612	39	3860	2889	399
August 4, 2009 6:43:00 AM UTC	1249396980000	76	13	yes	20.5	83.5	20506	20827	9257	6577	136	44073	2252	1565	64	3852	2844	274
August 4, 2009 6:44:00 AM UTC	1249397040000	74	14	yes	20.7	83.7	20506	20827	9257	6577	128	44081	2270	1443	64	3844	2836	197
August 4, 2009 6:45:00 AM UTC	1249397100000	76	11	yes	20.9	83.8	20506	20827	9246	6655	104	44038	2247	1361	33	3843	2866	245
August 4, 2009 6:46:00 AM UTC	1249397160000	75	10	yes	21.1	83.9	20506	20827	9258	6500	105	44180	2308	1452	36	3840	2877	176
August 4, 2009 6:47:00 AM UTC	1249397220000	74	10	yes	21.3	84.1	20506	20827	9258	6500	104	44181	2318	1488	44	3840	2802	221
August 4, 2009 6:48:00 AM UTC	1249397280000	72	10	yes	21.5	84.2	20506	20827	9247	6544	80	44172	2306	1467	62	3831	2773	159
August 4, 2009 6:49:00 AM UTC	1249397340000	69	12	yes	21.7	84.4	20506	20827	9258	6474	71	44240	2350	1461	63	3831	2713	150
August 4, 2009 6:50:00 AM UTC	1249397400000	68	13	yes	21.9	84.5	20506	20827	9258	6486	61	44238	2371	1375	123	3822	2729	203
August 4, 2009 6:51:00 AM UTC	1249397460000	62	19	yes	22.1	84.7	20506	20827	9248	6557	37	44201	2345	1221	185	3822	2809	285
August 4, 2009 6:52:00 AM UTC	1249397520000	56	25	yes	22.3	84.8	20506	20827	9259	6486	36	44262	2390	1165	236	3824	2862	305
August 4, 2009 6:53:00 AM UTC	1249397580000	49	31	yes	22.5	84.9	20506	20827	9259	6486	24	44274	2411	1295	206	3814	2693	340
August 4, 2009 6:54:00 AM UTC	1249397640000	40	39	yes	22.7	85.1	20506	20827	9248	6557	12	44226	2387	1149	339	3813	2222	720
August 4, 2009 6:55:00 AM UTC	1249397700000	36	41	yes	22.9	85.2	20506	20827	9260	6480	8	44295	2435	1346	208	3818	2135	786
August 4, 2009 6:56:00 AM UTC	1249397760000	33	42	yes	23.1	85.4	20506	20827	9249	6551	0	44243	2413	1297	236	3813	2184	804
August 4, 2009 6:57:00 AM UTC	1249397820000	29	44	yes	23.3	85.5	20506	20827	9260	6481	1	44301	2470	1398	250	3811	2131	903
August 4, 2009 6:58:00 AM UTC	1249397880000	25	45	yes	23.5	85.7	20506	20827	9260	6481	0	44302	2479	1468	242	3808	2118	1008
August 4, 2009 6:59:00 AM UTC	1249397940000	23	43	yes	23.7	85.8	20506	20827	9249	6552	0	44242	2461	1417	333	3805	2060	1177
August 4, 2009 7:00:00 AM UTC	1249398000000	20	45	yes	23.9	85.9	20506	20827	9260	6482	0	44301	2508	1432	413	3807	1991	1277
August 4, 2009 7:01:00 AM UTC	1249398060000	17	47	yes	24.1	86.1	20506	20827	9260	6482	0	44301	2515	1356	461	3808	1859	1420
August 4, 2009 7:02:00 AM UTC	1249398120000	16	49	yes	24.3	86.2	20506	20827	9250	6553	0	44240	2493	1411	461	3805	1667	1487
August 4, 2009 7:03:00 AM UTC	1249398180000	15	49	yes	24.5	86.4	20506	20827	9260	6484	0	44299	2546	1511	506	3804	1815	1333
August 4, 2009 7:04:00 AM UTC	1249398240000	13	51	yes	24.7	86.5	20506	20827	9260	6484	0	44299	2552	1582	529	3808	1764	1325
August 4, 2009 7:05:00 AM UTC	1249398300000	13	50	yes	24.9	86.7	20506	20827	9250	6555	0	44238	2526	1539	573	3810	1720	1387
August 4, 2009 7:06:00 AM UTC	1249398360000	12	50	yes	25.1	86.8	20506	20827	9260	6485	0	44298	2579	1642	553	3805	1607	1337
August 4, 2009 7:07:00 AM UTC	1249398420000	12	51	yes	25.3	86.9	20506	20827	9248	6629	0	44166	2535	1659	590	3809	1692	1170
August 4, 2009 7:08:00 AM UTC	1249398480000	12	50	yes	25.5	87.1	20506	20827	9249	6627	0	44167	2548	1815	510	3810	1711	1189
August 4, 2009 7:09:00 AM UTC	1249398540000	13	50	yes	25.7	87.2	20506	20827	9259	6544	0	44240	2605	1829	540	3809	1655	1243
August 4, 2009 7:10:00 AM UTC	1249398600000	13	52	yes	25.9	87.4	20506	20827	9249	6617	0	44177	2573	1830	554	3814	1637	1296
August 4, 2009 7:11:00 AM UTC	1249398660000	12	54	yes	26.1	87.5	20506	20827	9261	6543	0	44239	2619	1930	481	3816	1546	1447
August 4, 2009 7:12:00 AM UTC	1249398720000	13	56	yes	26.3	87.7	20506	20827	9261	6543	0	44239	2636	2032	406	3812	1527	1333
August 4, 2009 7:13:00 AM UTC	1249398780000	14	56	yes	26.5	87.8	20506	20827	9249	6615	0	44179	2608	2030	357	3818	1565	1223
August 4, 2009 7:14:00 AM UTC	1249398840000	14	56	yes	26.7	88.0	20506	20827	9261	6544	0	44238	2653	2035	312	3828	1325	1260
August 4, 2009 7:15:00 AM UTC	1249398900000	14	54	yes	26.9	88.1	20506	20827	9261	6544	0	44238	2674	2022	399	3824	1193	1229
August 4, 2009 7:16:00 AM UTC	1249398960000	15	53	yes	27.1	88.2	20506	20827	9249	6616	0	44178	2640	2070	433	3825	1202	1225
August 4, 2009 7:17:00 AM UTC	1249399020000	16	55	yes	27.3	88.4	20506	20827	9261	6545	0	44237	2683	2101	501	3834	1121	1249
August 4, 2009 7:18:00 AM UTC	1249399080000	18	54	yes	27.5	88.5	20506	20827	9249	6617	0	44177	2652	2010	547	3837	1127	1322
August 4, 2009 7:19:00 AM UTC	1249399140000	19	54	yes	27.7	88.7	20506	20827	9249	6617	0	44177	2664	1951	643	3844	1145	1354
August 4, 2009 7:20:00 AM UTC	1249399200000	20	53	yes	27.9	88.8	20506	20827	9261	6463	0	44319	2731	2040	620	3847	1169	1298
August 4, 2009 7:21:00 AM UTC	1249399260000	21	50	yes	28.1	89.0	20506	20827	9249	6534	0	44260	2712	2148	488	3852	1196	1284
August 4, 2009 7:22:00 AM UTC	1249399320000	21	49	yes	28.3	89.1	20506	20827	9261	6462	0	44320	2757	2136	412	3855	1176	1378
August 4, 2009 7:23:00 AM UTC	1249399380000	21	48	yes	28.5	89.3	20506	20827	9261	6462	0	44320	2762	2143	285	3861	1116	1500
August 4, 2009 7:24:00 AM UTC	1249399440000	20	47	yes	28.7	89.4	20506	20827	9249	6533	0	44261	2708	1938	477	3873	1108	1678
August 4, 2009 7:25:00 AM UTC	1249399500000	22	45	yes	28.9	89.6	20506	20827	9261	6461	0	44321	2777	2127	490	3876	1148	1781
August 4, 2009 7:26:00 AM UTC	1249399560000	22	45	yes	29.1	89.7	20506	20827	9249	6614	0	44180	2731	2344	294	3877	1228	1748
August 4, 2009 7:27:00 AM UTC	1249399620000	22	44	yes	29.3	89.9	20506	20827	9249	6614	0	44180	2728	2308	392	3893	1399	1640
August 4, 2009 7:28:00 AM UTC	1249399680000	22	45	yes	29.5	90.0	20506	20827	9261	6506	0	44276	2803	2391	393	3896	1557	1409
August 4, 2009 7:29:00 AM UTC	1249399740000	23	45	yes	29.7	90.2	20506	20827	9261	6469	0	44313	2812	2408	306	3902	1519	1386
August 4, 2009 7:30:00 AM UTC	1249399800000	23	43	yes	29.9	90.3	20506	20827	9261	6469	0	44313	2823	2299	340	3906	1509	1314
August 4, 2009 7:31:00 AM UTC	1249399860000	24	44	yes	30.1	90.5	20506	20827	9261	6469	0	44313	2827	2166	469	3919	1446	1282
August 4, 2009 7:32:00 AM UTC	1249399920000	24	43	yes	30.3	90.6	20506	20827	9249	6541	0	44253	2775	2119	356	3921	1295	1372
August 4, 2009 7:33:00 AM UTC	1249399980000	25	48	yes	30.5	90.8	20506	20827	9261	6470	0	44312	2840	2152	397	3935	1251	1401
August 4, 2009 7:34:00 AM UTC	1249400040000	27	50	yes	30.7	90.9	20506	20827	9249	6542	0	44252	2800	2081	355	3949	1382	1321
August 4, 2009 7:35:00 AM UTC	1249400100000	33	45	yes	30.9	91.1	20506	20827	9249	6542	0	44252	2811	2099	309	3955	1405	1254
August 4, 2009 7:36:00 AM UTC	1249400160000	38	43	yes	31.1	91.2	20506	20827	9261	6545	0	44237	2839	1976	374	3962	1245	1438
August 4, 2009 7:37:00 AM UTC	1249400220000	43	41	yes	31.3	91.4	20506	20827	9249	6617	0	44177	2793	1601	586	3972	1750	1182
August 4, 2009 7:38:00 AM UTC	1249400280000	46	39	yes	31.5	91.5	20506	20827	9261	6545	0	44237	2840	1773	356	3984	2157	1177
August 4, 2009 7:39:00 AM UTC	1249400340000	53	34	yes	31.7	91.7	20506	20827	9261	6545	0	44237	2844	1769	425	3999	2789	1084
August 4, 2009 7:40:00 AM UTC	1249400400000	60	28	yes	31.9	91.8	20506	20827	9249	6616	0	44178	2808	2114	338	4007	3120	848
August 4, 2009 7:41:00 AM UTC	1249400460000	61	26	yes	32.1	92.0	20506	20827	9261	6544	0	44238	2852	2332	369	4021	3098	853
August 4, 2009 7:42:00 AM UTC	1249400520000	62	25	yes	32.3	92.1	20506	20827	9249	6615	0	44179	2814	2367	401	4032	2897	948
August 4, 2009 7:43:00 AM UTC	1249400580000	52	35	no	32.5	92.3	20506	20827	9261	6543	0	44239	2859	2425	396	4044	2497	1369
August 4, 2009 7:44:00 AM UTC	1249400640000	49	35	yes	32.8	92.5	20506	20827	9261	6543	0	44239	2853	2455	242	4064	2166	1733
August 4, 2009 7:45:00 AM UTC	1249400700000	48	35	yes	33.0	92.6	20506	20827	9249	6617	0	44177	2812	2420	222	4078	2520	1427
August 4, 2009 7:46:00 AM UTC	1249400760000	47	35	yes	33.2	92.8	20506	20827	9259	6544	0	44240	2855	2501	225	4090	2502	1469
August 4, 2009 7:47:00 AM UTC	1249400820000	46	36	yes	33.4	92.9	20506	20827	9249	6627	0	44167	2816	2440	240	4100	2534	1421
August 4, 2009 7:48:00 AM UTC	1249400880000	46	37	yes	33.6	93.1	20506	20827	9258	6558	0	44227	2854	2545	208	4122	2638	1330
August 4, 2009 7:49:00 AM UTC	1249400940000	45	37	yes	33.8	93.2	20506	20827	9260	6477	0	44306	2875	2511	306	4139	2423	1509
August 4, 2009 7:50:00 AM UTC	1249401000000	45	35	yes	34.0	93.4	20506	20827	9250	6549	0	44244	2832	2504	267	4157	2562	1374
August 4, 2009 7:51:00 AM UTC	1249401060000	44	36	yes	34.2	93.5	20506	20827	9260	6478	0	44305	2877	2696	142	4170	2577	1204
August 4, 2009 7:52:00 AM UTC	1249401120000	43	36	yes	34.4	93.7	20506	20827	9260	6478	0	44305	2872	2777	75	4187	2682	979
August 4, 2009 7:53:00 AM UTC	1249401180000	44	36	yes	34.6	93.9	20506	20827	9260	6479	0	44304	2867	2824	31	4210	2636	1038
August 4, 2009 7:54:00 AM UTC	1249401240000	41	38	yes	34.8	94.0	20506	20827	9260	6479	0	44304	2874	2776	93	4225	2525	1111
August 4, 2009 7:55:00 AM UTC	1249401300000	44	37	yes	35.0	94.2	20506	20827	9249	6550	0	44244	2823	2681	139	4240	2731	866
August 4, 2009 7:56:00 AM UTC	1249401360000	45	34	yes	35.2	94.3	20506	20827	9260	6480	0	44303	2862	2610	240	4260	2834	756
August 4, 2009 7:57:00 AM UTC	1249401420000	46	36	no	35.4	94.5	20506	20827	9260	6480	0	44303	2869	2599	260	4273	2798	835
August 4, 2009 7:58:00 AM UTC	1249401480000	47	36	no	35.6	94.7	20506	20827	9260	6481	0	44302	2871	2682	189	4290	2814	761
August 4, 2009 7:59:00 AM UTC	1249401540000	54	30	yes	35.8	94.8	20506	20827	9260	6481	0	44302	2871	2649	222	4306	2937	622
August 4, 2009 8:00:00 AM UTC	1249401600000	54	30	yes	36.0	95.0	20506	20827	9248	6559	0	44236	2814	2702	112	4327	2789	727
August 4, 2009 8:01:00 AM UTC	1249401660000	53	31	yes	36.2	95.1	20506	20827	9259	6489	0	44295	2860	2735	123	4346	2650	982
August 4, 2009 8:02:00 AM UTC	1249401720000	52	33	yes	36.4	95.3	20506	20827	9259	6489	0	44295	2858	2642	216	4362	2729	987
August 4, 2009 8:03:00 AM UTC	1249401780000	49	36	yes	36.6	95.5	20506	20827	9258	6491	0	44294	2858	2710	147	4377	2723	1017
August 4, 2009 8:04:00 AM UTC	1249401840000	45	38	yes	36.8	95.6	20506	20827	9258	6478	0	44307	2853	2768	84	4394	2557	1191
August 4, 2009 8:05:00 AM UTC	1249401900000	42	41	yes	37.0	95.8	20506	20827	9247	6548	0	44248	2813	2761	48	4408	2132	1651
August 4, 2009 8:06:00 AM UTC	1249401960000	39	46	yes	37.2	96.0	20506	20827	9258	6504	0	44281	2850	2719	130	4430	1983	1748
August 4, 2009 8:07:00 AM UTC	1249402020000	36	48	yes	37.3	96.1	20506	20827	9246	6652	0	44145	2773	2528	239	4444	1885	1883
August 4, 2009 8:08:00 AM UTC	1249402080000	39	48	yes	37.5	96.3	20506	20827	9257	6574	0	44212	2822	2604	214	4466	2277	1498
August 4, 2009 8:09:00 AM UTC	1249402140000	39	49	yes	37.7	96.5	20506	20827	9257	6574	0	44212	2818	2593	225	4481	2511	1315
August 4, 2009 8:10:00 AM UTC	1249402200000	37	51	yes	37.9	96.6	20506	20827	9256	6598	0	44189	2805	2562	243	4495	2567	1241
August 4, 2009 8:11:00 AM UTC	1249402260000	32	55	yes	38.1	96.8	20506	20827	9256	6598	0	44189	2803	2637	166	4512	2753	1231
August 4, 2009 8:12:00 AM UTC	1249402320000	29	56	yes	38.3	97.0	20506	20827	9245	6662	0	44136	2766	2483	283	4525	3012	1028
August 4, 2009 8:13:00 AM UTC	1249402380000	29	56	yes	38.5	97.1	20506	20827	9256	6513	0	44274	2834	2704	130	4556	3257	868
August 4, 2009 8:14:00 AM UTC	1249402440000	25	59	yes	38.7	97.3	20506	20827	9256	6513	0	44274	2835	2650	184	4566	3013	1185
August 4, 2009 8:15:00 AM UTC	1249402500000	23	61	yes	38.9	97.5	20506	20827	9255	6514	0	44274	2835	2624	203	4587	2928	1285
August 4, 2009 8:16:00 AM UTC	1249402560000	24	59	yes	39.1	97.6	20506	20827	9255	6514	0	44274	2833	2523	310	4600	2354	1879
August 4, 2009 8:17:00 AM UTC	1249402620000	23	61	yes	39.3	97.8	20506	20827	9254	6514	0	44275	2830	2489	341	4621	1970	2338
August 4, 2009 8:18:00 AM UTC	1249402680000	25	58	yes	39.5	98.0	20506	20827	9254	6514	0	44275	2829	2393	436	4639	1774	2533
August 4, 2009 8:19:00 AM UTC	1249402740000	27	54	yes	39.7	98.2	20506	20827	9253	6523	0	44267	2822	2533	289	4656	1630	2760
August 4, 2009 8:20:00 AM UTC	1249402800000	30	49	yes	39.9	98.3	20506	20827	9252	6517	0	44274	2815	2471	344	4669	1631	2858
August 4, 2009 8:21:00 AM UTC	1249402860000	32	46	yes	40.1	98.5	20506	20827	9252	6517	0	44274	2812	2514	294	4689	1759	2744
August 4, 2009 8:22:00 AM UTC	1249402920000	31	45	yes	40.3	98.7	20506	20827	9251	6518	0	44274	2816	2450	343	4706	2024	2487
August 4, 2009 8:23:00 AM UTC	1249402980000	33	42	yes	40.5	98.9	20506	20827	9251	6518	0	44274	2815	2521	292	4740	2203	2356
August 4, 2009 8:24:00 AM UTC	1249403040000	33	41	yes	40.7	99.0	20506	20827	9250	6519	0	44274	2813	2621	183	4733	2572	1980
August 4, 2009 8:25:00 AM UTC	1249403100000	35	37	yes	40.9	99.2	20506	20827	9250	6550	0	44243	2805	2648	157	4766	2806	1759
August 4, 2009 8:26:00 AM UTC	1249403160000	35	35	yes	41.1	99.4	20506	20827	9258	6491	0	44294	2842	2685	157	4783	2847	1749
August 4, 2009 8:27:00 AM UTC	1249403220000	34	32	yes	41.3	99.6	20506	20827	9247	6562	0	44234	2795	2628	167	4798	2933	1690
August 4, 2009 8:28:00 AM UTC	1249403280000	33	29	yes	41.5	99.7	20506	20827	9247	6562	0	44234	2793	2744	49	4805	2867	1811
August 4, 2009 8:29:00 AM UTC	1249403340000	32	27	yes	41.7	99.9	20506	20827	9246	6565	0	44232	2790	2746	42	4827	3041	1680
August 4, 2009 8:30:00 AM UTC	1249403400000	31	27	yes	41.9	100.1	20506	20827	9246	6565	0	44232	2795	2742	53	4845	3191	1553
August 4, 2009 8:31:00 AM UTC	1249403460000	31	25	yes	42.1	100.3	20506	20827	9245	6565	0	44233	2791	2733	58	4865	3431	1330
August 4, 2009 8:32:00 AM UTC	1249403520000	30	25	yes	42.3	100.5	20506	20827	9245	6565	0	44233	2789	2770	9	4882	3558	1217
August 4, 2009 8:33:00 AM UTC	1249403580000	32	22	yes	42.5	100.7	20506	20827	9243	6506	0	44294	2803	2793	7	4903	3559	1244
August 4, 2009 8:34:00 AM UTC	1249403640000	33	20	yes	42.7	100.8	20506	20827	9243	6506	0	44294	2810	2807	3	4912	3782	1022
August 4, 2009 8:35:00 AM UTC	1249403700000	32	20	yes	42.9	101.0	20506	20827	9253	6427	0	44363	2851	2851	0	4935	3820	926
August 4, 2009 8:36:00 AM UTC	1249403760000	32	19	yes	43.1	101.2	20506	20827	9243	6493	0	44307	2810	2810	0	4943	3988	761
August 4, 2009 8:37:00 AM UTC	1249403820000	32	18	yes	43.3	101.4	20506	20827	9253	6428	0	44362	2841	2841	0	4973	4049	704
August 4, 2009 8:38:00 AM UTC	1249403880000	30	19	yes	43.5	101.6	20506	20827	9242	6513	0	44288	2791	2782	9	4977	3928	839
August 4, 2009 8:39:00 AM UTC	1249403940000	32	18	yes	43.7	101.8	20506	20827	9254	6430	0	44359	2839	2798	41	5010	3974	769
August 4, 2009 8:40:00 AM UTC	1249404000000	33	17	yes	43.9	102.0	20506	20827	9240	6591	0	44212	2759	2700	56	5005	3915	790
August 4, 2009 8:41:00 AM UTC	1249404060000	34	17	yes	44.1	102.1	20506	20827	9251	6521	0	44271	2801	2693	107	5033	3956	755
August 4, 2009 8:42:00 AM UTC	1249404120000	36	15	yes	44.3	102.3	20506	20827	9240	6590	0	44213	2757	2710	44	5036	4009	669
August 4, 2009 8:43:00 AM UTC	1249404180000	37	14	yes	44.5	102.5	20506	20827	9240	6626	0	44177	2752	2701	51	5053	4030	637
August 4, 2009 8:44:00 AM UTC	1249404240000	38	15	yes	44.7	102.7	20506	20827	9253	6542	0	44248	2799	2693	100	5085	4124	628
August 4, 2009 8:45:00 AM UTC	1249404300000	39	16	yes	44.9	102.9	20506	20827	9240	6626	0	44177	2754	2638	107	5086	4157	590
August 4, 2009 8:46:00 AM UTC	1249404360000	42	18	yes	45.1	103.1	20506	20827	9251	6555	0	44237	2787	2665	119	5115	4152	652
August 4, 2009 8:47:00 AM UTC	1249404420000	43	19	yes	45.3	103.3	20506	20827	9240	6627	0	44176	2743	2673	70	5119	4266	546
August 4, 2009 8:48:00 AM UTC	1249404480000	45	20	yes	45.4	103.5	20506	20827	9251	6556	0	44236	2778	2504	242	5146	4325	517
August 4, 2009 8:49:00 AM UTC	1249404540000	46	21	yes	45.6	103.7	20506	20827	9240	6625	0	44178	2740	2293	378	5151	4355	492
August 4, 2009 8:50:00 AM UTC	1249404600000	51	18	yes	45.8	103.9	20506	20827	9250	6555	0	44238	2780	2366	336	5180	4452	454
August 4, 2009 8:51:00 AM UTC	1249404660000	50	17	yes	46.0	104.1	20506	20827	9238	6566	0	44239	2761	2475	281	5177	4348	577
August 4, 2009 8:52:00 AM UTC	1249404720000	47	18	yes	46.2	104.3	20506	20827	9250	6497	0	44296	2793	2362	334	5210	4232	704
August 4, 2009 8:53:00 AM UTC	1249404780000	41	18	no	46.4	104.5	20506	20827	9241	6569	0	44233	2754	1852	658	5213	3897	768
August 4, 2009 8:54:00 AM UTC	1249404840000	39	17	yes	46.6	104.7	20506	20827	9250	6499	0	44294	2790	1940	526	5244	3681	898
August 4, 2009 8:55:00 AM UTC	1249404900000	37	17	yes	46.8	104.9	20506	20827	9239	6567	0	44237	2757	2042	467	5244	3486	918
August 4, 2009 8:56:00 AM UTC	1249404960000	37	16	yes	47.0	105.1	20506	20827	9248	6516	0	44279	2777	1541	680	5270	3367	1116
August 4, 2009 8:57:00 AM UTC	1249405020000	35	17	yes	47.2	105.3	20506	20827	9238	6585	0	44220	2745	1114	1025	5267	3453	909
August 4, 2009 8:58:00 AM UTC	1249405080000	33	16	yes	47.4	105.5	20506	20827	9248	6516	0	44279	2778	1033	781	5302	3465	890
August 4, 2009 8:59:00 AM UTC	1249405140000	32	15	yes	47.6	105.7	20506	20827	9248	6516	0	44279	2777	890	745	5319	3445	858
August 4, 2009 9:00:00 AM UTC	1249405200000	30	15	yes	47.8	105.9	20506	20827	9250	6498	0	44295	2784	1084	522	5338	3503	771
August 4, 2009 9:01:00 AM UTC	1249405260000	29	14	yes	48.0	106.2	20506	20827	9246	6556	0	44241	2752	1023	433	5345	3263	1016
August 4, 2009 9:02:00 AM UTC	1249405320000	26	14	yes	48.2	106.4	20506	20827	9246	6556	0	44241	2753	905	348	5359	3072	937
August 4, 2009 9:03:00 AM UTC	1249405380000	24	15	yes	48.4	106.6	20506	20827	9247	6557	0	44239	2761	596	514	5373	2984	781
August 4, 2009 9:04:00 AM UTC	1249405440000	21	15	yes	48.5	106.8	20506	20827	9247	6557	0	44239	2750	486	472	5394	2593	1073
August 4, 2009 9:05:00 AM UTC	1249405500000	20	16	yes	48.7	107.0	20506	20827	9244	6578	0	44221	2745	507	449	5398	2239	1183
August 4, 2009 9:06:00 AM UTC	1249405560000	17	16	yes	48.9	107.2	20506	20827	9244	6578	0	44221	2741	545	479	5407	2105	1081
August 4, 2009 9:07:00 AM UTC	1249405620000	15	15	yes	49.1	107.4	20506	20827	9244	6518	0	44281	2775	554	415	5428	2088	974
August 4, 2009 9:08:00 AM UTC	1249405680000	13	15	yes	49.3	107.7	20506	20827	9244	6518	0	44281	2768	562	434	5441	2001	981
August 4, 2009 9:09:00 AM UTC	1249405740000	12	15	yes	49.5	107.9	20506	20827	9245	6527	0	44271	2761	548	534	5458	1872	1023
August 4, 2009 9:10:00 AM UTC	1249405800000	11	16	yes	49.7	108.1	20506	20827	9245	6527	0	44271	2760	619	478	5468	1759	1020
August 4, 2009 9:11:00 AM UTC	1249405860000	12	15	yes	49.9	108.3	20506	20827	9244	6514	0	44285	2769	555	381	5485	1703	995
August 4, 2009 9:12:00 AM UTC	1249405920000	12	14	yes	50.1	108.6	20506	20827	9255	6444	0	44344	2791	439	398	5515	1598	1121
August 4, 2009 9:13:00 AM UTC	1249405980000	11	14	yes	50.3	108.8	20506	20827	9241	6531	0	44271	2748	402	347	5501	1431	1285
August 4, 2009 9:14:00 AM UTC	1249406040000	10	15	yes	50.5	109.0	20506	20827	9252	6464	0	44327	2783	376	468	5538	1316	1511
August 4, 2009 9:15:00 AM UTC	1249406100000	9	15	yes	50.6	109.2	20506	20827	9244	6535	0	44264	2748	382	547	5536	1270	1625
August 4, 2009 9:16:00 AM UTC	1249406160000	10	15	yes	50.8	109.5	20506	20827	9252	6467	0	44324	2785	716	474	5558	1292	1686
August 4, 2009 9:17:00 AM UTC	1249406220000	9	15	yes	51.0	109.7	20506	20827	9237	6556	0	44250	2726	697	690	5551	1277	1821
August 4, 2009 9:18:00 AM UTC	1249406280000	9	15	yes	51.2	109.9	20506	20827	9248	6610	0	44185	2710	695	584	5577	1172	1844
August 4, 2009 9:19:00 AM UTC	1249406340000	8	14	yes	51.4	110.2	20506	20827	9250	6588	0	44205	2723	503	465	5593	1086	1683
August 4, 2009 9:20:00 AM UTC	1249406400000	8	12	yes	51.6	110.4	20506	20827	9248	6542	0	44253	2753	505	451	5605	1102	1567
August 4, 2009 9:21:00 AM UTC	1249406460000	7	12	yes	51.8	110.6	20506	20827	9248	6542	0	44253	2755	459	364	5615	1085	1593
August 4, 2009 9:22:00 AM UTC	1249406520000	8	15	yes	52.0	110.9	20506	20827	9248	6542	0	44253	2756	367	436	5625	985	1747
August 4, 2009 9:23:00 AM UTC	1249406580000	10	16	yes	52.2	111.1	20506	20827	9243	6577	0	44223	2719	503	468	5633	864	1688
August 4, 2009 9:24:00 AM UTC	1249406640000	12	16	yes	52.3	111.4	20506	20827	9253	6518	0	44272	2751	594	609	5662	781	1701
August 4, 2009 9:25:00 AM UTC	1249406700000	15	17	yes	52.5	111.6	20506	20827	9243	6577	0	44223	2716	718	725	5654	722	1733
August 4, 2009 9:26:00 AM UTC	1249406760000	17	18	yes	52.7	111.9	20506	20827	9258	6485	0	44300	2764	730	522	5694	635	1897
August 4, 2009 9:27:00 AM UTC	1249406820000	21	19	yes	52.9	112.1	20506	20827	9245	6576	0	44222	2716	643	575	5674	578	1876
August 4, 2009 9:28:00 AM UTC	1249406880000	22	20	yes	53.1	112.4	20506	20827	9245	6576	0	44222	2720	1013	376	5684	628	1760
August 4, 2009 9:29:00 AM UTC	1249406940000	22	21	yes	53.3	112.6	20506	20827	9253	6510	0	44280	2740	858	326	5718	737	1758
August 4, 2009 9:30:00 AM UTC	1249407000000	21	24	yes	53.5	112.9	20506	20827	9240	6603	0	44200	2702	469	458	5698	684	1734
August 4, 2009 9:31:00 AM UTC	1249407060000	22	27	yes	53.6	113.1	20506	20827	9251	6537	0	44255	2733	764	559	5731	712	1456
August 4, 2009 9:32:00 AM UTC	1249407120000	22	32	yes	53.8	113.4	20506	20827	9246	6518	0	44279	2735	733	536	5735	576	1367
August 4, 2009 9:33:00 AM UTC	1249407180000	24	35	yes	54.0	113.6	20506	20827	9251	6480	0	44312	2753	646	682	5753	406	1064
August 4, 2009 9:34:00 AM UTC	1249407240000	29	36	yes	54.2	113.9	20506	20827	9251	6481	0	44311	2752	1073	596	5763	359	1279
August 4, 2009 9:35:00 AM UTC	1249407300000	30	37	yes	54.4	114.2	20506	20827	9246	6559	0	44238	2721	1328	502	5759	281	1281
August 4, 2009 9:36:00 AM UTC	1249407360000	34	37	yes	54.6	114.4	20506	20827	9246	6559	0	44238	2720	1612	360	5770	520	1258
August 4, 2009 9:37:00 AM UTC	1249407420000	35	36	yes	54.7	114.7	20506	20827	9249	6529	0	44265	2730	1612	277	5788	547	1316
August 4, 2009 9:38:00 AM UTC	1249407480000	38	34	yes	54.9	115.0	20506	20827	9246	6559	0	44238	2713	1487	387	5791	580	1016
August 4, 2009 9:39:00 AM UTC	1249407540000	39	33	yes	55.1	115.2	20506	20827	9246	6559	0	44238	2718	1361	557	5795	560	825
August 4, 2009 9:40:00 AM UTC	1249407600000	38	33	yes	55.3	115.5	20506	20827	9256	6493	0	44294	2754	1288	423	5825	430	882
August 4, 2009 9:41:00 AM UTC	1249407660000	38	33	yes	55.5	115.8	20506	20827	9241	6602	0	44200	2684	1157	313	5800	443	920
August 4, 2009 9:42:00 AM UTC	1249407720000	36	34	yes	55.6	116.1	20506	20827	9245	6573	0	44225	2700	1074	399	5816	358	897
August 4, 2009 9:43:00 AM UTC	1249407780000	34	35	yes	55.8	116.3	20506	20827	9252	6474	0	44317	2751	1014	348	5841	417	877
August 4, 2009 9:44:00 AM UTC	1249407840000	31	35	yes	56.0	116.6	20506	20827	9241	6538	0	44264	2722	903	301	5826	435	922
August 4, 2009 9:45:00 AM UTC	1249407900000	30	37	yes	56.2	116.9	20506	20827	9247	6506	0	44290	2734	843	432	5842	458	981
August 4, 2009 9:46:00 AM UTC	1249407960000	28	36	yes	56.4	117.2	20506	20827	9252	6475	0	44316	2747	599	514	5862	434	1058
August 4, 2009 9:47:00 AM UTC	1249408020000	30	34	yes	56.5	117.5	20506	20827	9247	6542	0	44254	2713	561	335	5855	471	1030
August 4, 2009 9:48:00 AM UTC	1249408080000	29	36	yes	56.7	117.8	20506	20827	9247	6509	0	44287	2735	288	642	5851	494	1034
August 4, 2009 9:49:00 AM UTC	1249408140000	30	37	yes	56.9	118.1	20506	20827	9247	6509	0	44287	2724	407	1281	5866	570	871
August 4, 2009 9:50:00 AM UTC	1249408200000	29	39	yes	57.1	118.4	20506	20827	9247	6528	0	44268	2709	315	1261	5864	574	907
August 4, 2009 9:51:00 AM UTC	1249408260000	27	40	yes	57.2	118.7	20506	20827	9247	6528	0	44268	2713	467	1161	5866	616	965
August 4, 2009 9:52:00 AM UTC	1249408320000	27	43	yes	57.4	119.0	20506	20827	9241	6617	0	44185	2678	776	1482	5857	546	1000
August 4, 2009 9:53:00 AM UTC	1249408380000	25	49	yes	57.6	119.3	20506	20827	9256	6464	0	44323	2754	560	2186	5899	627	1117
August 4, 2009 9:54:00 AM UTC	1249408440000	25	52	yes	57.8	119.6	20506	20827	9242	6556	0	44245	2713	586	2073	5870	655	1030
August 4, 2009 9:55:00 AM UTC	1249408500000	24	52	yes	57.9	119.9	20506	20827	9252	6493	0	44298	2738	1408	1298	5895	724	941
August 4, 2009 9:56:00 AM UTC	1249408560000	24	52	yes	58.1	120.2	20506	20827	9247	6527	0	44269	2723	1412	1308	5884	877	926
August 4, 2009 9:57:00 AM UTC	1249408620000	24	53	yes	58.3	120.5	20506	20827	9252	6493	0	44298	2734	1558	1094	5900	1019	1070
August 4, 2009 9:58:00 AM UTC	1249408680000	23	52	yes	58.5	120.8	20506	20827	9247	6555	0	44241	2694	1707	930	5882	1029	1288
August 4, 2009 9:59:00 AM UTC	1249408740000	23	53	yes	58.6	121.1	20506	20827	9247	6555	0	44241	2699	1969	730	5881	1063	1402
August 4, 2009 10:00:00 AM UTC	1249408800000	23	53	yes	58.8	121.5	20506	20827	9247	6555	0	44241	2692	1938	744	5882	1037	1526
August 4, 2009 10:01:00 AM UTC	1249408860000	24	53	yes	59.0	121.8	20506	20827	9247	6555	0	44241	2701	1914	787	5881	1064	1497
August 4, 2009 10:02:00 AM UTC	1249408920000	25	52	yes	59.1	122.1	20506	20827	9246	6498	0	44299	2734	1904	830	5885	1031	1708
August 4, 2009 10:03:00 AM UTC	1249408980000	26	52	yes	59.3	122.4	20506	20827	9256	6435	0	44352	2760	2381	379	5909	1164	1775
August 4, 2009 10:04:00 AM UTC	1249409040000	28	50	yes	59.5	122.8	20506	20827	9249	6472	0	44322	2744	2691	53	5898	1342	1594
August 4, 2009 10:05:00 AM UTC	1249409100000	27	48	yes	59.7	123.1	20506	20827	9254	6466	0	44323	2728	2266	462	5905	1285	1577
August 4, 2009 10:06:00 AM UTC	1249409160000	29	42	yes	59.8	123.4	20506	20827	9248	6504	0	44291	2718	2165	553	5894	1171	1610
August 4, 2009 10:07:00 AM UTC	1249409220000	31	37	yes	60.0	123.8	20506	20827	9243	6543	0	44257	2704	2375	329	5874	1166	1624
August 4, 2009 10:08:00 AM UTC	1249409280000	30	34	yes	60.2	124.1	20506	20827	9248	6504	0	44291	2716	2180	525	5902	1406	1218
August 4, 2009 10:09:00 AM UTC	1249409340000	27	33	yes	60.3	124.5	20506	20827	9252	6426	0	44365	2767	1934	760	5903	1349	1126
August 4, 2009 10:10:00 AM UTC	1249409400000	23	33	yes	60.5	124.8	20506	20827	9248	6526	0	44269	2712	1442	1234	5890	955	1604
August 4, 2009 10:11:00 AM UTC	1249409460000	21	34	yes	60.7	125.2	20506	20827	9242	6546	0	44255	2709	1373	1267	5887	801	1820
August 4, 2009 10:12:00 AM UTC	1249409520000	20	32	yes	60.8	125.5	20506	20827	9245	6564	0	44234	2683	935	1394	5887	877	1581
August 4, 2009 10:13:00 AM UTC	1249409580000	17	31	yes	61.0	125.9	20506	20827	9251	6523	0	44269	2703	447	1426	5886	862	1609
August 4, 2009 10:14:00 AM UTC	1249409640000	17	28	yes	61.1	126.3	20506	20827	9246	6565	0	44232	2683	415	1026	5884	839	1659
August 4, 2009 10:15:00 AM UTC	1249409700000	17	27	yes	61.3	126.6	20506	20827	9246	6565	0	44232	2690	394	976	5882	798	2105
August 4, 2009 10:16:00 AM UTC	1249409760000	16	26	yes	61.5	127.0	20506	20827	9245	6565	0	44233	2686	395	815	5886	780	1907
August 4, 2009 10:17:00 AM UTC	1249409820000	16	24	yes	61.6	127.4	20506	20827	9247	6509	0	44287	2731	304	161	5893	670	1661
August 4, 2009 10:18:00 AM UTC	1249409880000	19	26	yes	61.8	127.7	20506	20827	9247	6538	0	44258	2706	275	275	5889	678	1467
August 4, 2009 10:19:00 AM UTC	1249409940000	23	25	yes	61.9	128.1	20506	20827	9248	6538	0	44257	2699	339	175	5890	641	1380
August 4, 2009 10:20:00 AM UTC	1249410000000	25	25	yes	62.1	128.5	20506	20827	9247	6539	0	44257	2708	390	740	5889	882	992
August 4, 2009 10:21:00 AM UTC	1249410060000	27	23	yes	62.3	128.9	20506	20827	9247	6539	0	44257	2693	618	550	5889	795	888
August 4, 2009 10:22:00 AM UTC	1249410120000	27	22	yes	62.4	129.3	20506	20827	9240	6586	0	44217	2681	909	535	5873	721	761
August 4, 2009 10:23:00 AM UTC	1249410180000	27	21	yes	62.6	129.7	20506	20827	9246	6539	0	44258	2699	832	1141	5889	588	798
August 4, 2009 10:24:00 AM UTC	1249410240000	27	22	yes	62.7	130.1	20506	20827	9255	6474	0	44314	2725	850	1348	5910	630	743
August 4, 2009 10:25:00 AM UTC	1249410300000	29	23	yes	62.9	130.5	20506	20827	9249	6519	0	44275	2710	916	1144	5892	685	886
August 4, 2009 10:26:00 AM UTC	1249410360000	29	23	yes	63.0	130.9	20506	20827	9249	6519	0	44275	2700	576	1675	5894	572	812
August 4, 2009 10:27:00 AM UTC	1249410420000	28	22	yes	63.2	131.3	20506	20827	9251	6510	0	44282	2710	691	1081	5897	448	771
August 4, 2009 10:28:00 AM UTC	1249410480000	26	21	yes	63.3	131.7	20506	20827	9250	6518	0	44275	2704	558	812	5895	408	796
August 4, 2009 10:29:00 AM UTC	1249410540000	24	22	yes	63.5	132.1	20506	20827	9243	6563	0	44237	2690	481	1067	5877	452	794
August 4, 2009 10:30:00 AM UTC	1249410600000	24	22	yes	63.6	132.5	20506	20827	9243	6562	0	44238	2694	777	1004	5878	517	721
August 4, 2009 10:31:00 AM UTC	1249410660000	22	22	yes	63.8	133.0	20506	20827	9251	6581	0	44211	2683	581	975	5894	557	729
August 4, 2009 10:32:00 AM UTC	1249410720000	26	21	yes	63.9	133.4	20506	20827	9244	6628	0	44171	2661	740	578	5874	644	709
August 4, 2009 10:33:00 AM UTC	1249410780000	32	16	yes	64.1	133.8	20506	20827	9244	6628	0	44171	2662	1132	328	5873	818	548
August 4, 2009 10:34:00 AM UTC	1249410840000	37	12	yes	64.2	134.3	20506	20827	9251	6577	0	44215	2679	1455	116	5894	953	602
August 4, 2009 10:35:00 AM UTC	1249410900000	39	10	yes	64.3	134.7	20506	20827	9243	6625	0	44175	2663	1626	145	5877	1124	487
August 4, 2009 10:36:00 AM UTC	1249410960000	41	10	yes	64.5	135.1	20506	20827	9244	6620	0	44179	2665	1743	275	5878	1447	438
August 4, 2009 10:37:00 AM UTC	1249411020000	41	10	yes	64.6	135.6	20506	20827	9245	6620	0	44178	2665	1956	194	5876	1770	471
August 4, 2009 10:38:00 AM UTC	1249411080000	39	15	no	64.8	136.1	20506	20827	9254	6517	0	44272	2715	2087	222	5899	1790	704
August 4, 2009 10:39:00 AM UTC	1249411140000	41	14	yes	64.9	136.5	20506	20827	9245	6620	0	44178	2664	2037	119	5874	1906	484
August 4, 2009 10:40:00 AM UTC	1249411200000	43	13	yes	65.0	137.0	20506	20827	9253	6571	0	44219	2677	1999	163	5898	2021	413
August 4, 2009 10:41:00 AM UTC	1249411260000	43	14	yes	65.2	137.4	20506	20827	9253	6579	0	44211	2683	1863	189	5894	1938	427
August 4, 2009 10:42:00 AM UTC	1249411320000	44	13	yes	65.3	137.9	20506	20827	9251	6580	0	44212	2677	1881	143	5895	1988	401
August 4, 2009 10:43:00 AM UTC	1249411380000	44	11	yes	65.4	138.4	20506	20827	9260	6467	0	44316	2732	1815	88	5919	1819	523
August 4, 2009 10:44:00 AM UTC	1249411440000	43	12	yes	65.6	138.9	20506	20827	9245	6573	0	44225	2680	1885	109	5878	1521	546
August 4, 2009 10:45:00 AM UTC	1249411500000	44	12	yes	65.7	139.3	20506	20827	9244	6574	0	44225	2685	1920	116	5878	1560	483
August 4, 2009 10:46:00 AM UTC	1249411560000	42	13	yes	65.8	139.8	20506	20827	9253	6540	0	44250	2700	2004	186	5895	1208	621
August 4, 2009 10:47:00 AM UTC	1249411620000	40	14	yes	66.0	140.3	20506	20827	9253	6541	0	44249	2689	1899	339	5892	999	598
August 4, 2009 10:48:00 AM UTC	1249411680000	38	15	yes	66.1	140.8	20506	20827	9247	6586	0	44210	2683	1811	383	5875	775	433
August 4, 2009 10:49:00 AM UTC	1249411740000	36	14	yes	66.2	141.3	20506	20827	9254	6541	0	44248	2689	1516	260	5894	829	514
August 4, 2009 10:50:00 AM UTC	1249411800000	34	13	yes	66.3	141.8	20506	20827	9253	6541	0	44249	2700	1167	221	5895	795	576
August 4, 2009 10:51:00 AM UTC	1249411860000	30	13	yes	66.5	142.4	20506	20827	9251	6570	0	44222	2688	852	168	5893	762	473
August 4, 2009 10:52:00 AM UTC	1249411920000	27	13	yes	66.6	142.9	20506	20827	9250	6571	0	44222	2686	867	172	5891	746	478
August 4, 2009 10:53:00 AM UTC	1249411980000	25	11	yes	66.7	143.4	20506	20827	9249	6571	0	44223	2688	665	171	5892	708	560
August 4, 2009 10:54:00 AM UTC	1249412040000	23	12	yes	66.8	143.9	20506	20827	9250	6570	0	44223	2679	425	275	5891	701	583
August 4, 2009 10:55:00 AM UTC	1249412100000	22	11	yes	66.9	144.4	20506	20827	9256	6528	0	44259	2698	190	574	5911	790	495
August 4, 2009 10:56:00 AM UTC	1249412160000	21	11	yes	67.1	145.0	20506	20827	9255	6553	0	44235	2691	212	494	5920	820	464
August 4, 2009 10:57:00 AM UTC	1249412220000	20	11	yes	67.2	145.5	20506	20827	9247	6610	0	44186	2669	197	622	5884	671	575
August 4, 2009 10:58:00 AM UTC	1249412280000	19	14	yes	67.3	146.1	20506	20827	9254	6575	0	44214	2677	194	1112	5894	652	803
August 4, 2009 10:59:00 AM UTC	1249412340000	17	16	yes	67.4	146.6	20506	20827	9255	6512	0	44276	2708	257	1699	5898	531	654
August 4, 2009 11:00:00 AM UTC	1249412400000	16	15	yes	67.5	147.2	20506	20827	9252	6531	0	44260	2708	315	1500	5889	476	529
August 4, 2009 11:01:00 AM UTC	1249412460000	16	16	yes	67.6	147.7	20506	20827	9245	6598	0	44200	2671	218	1448	5877	413	514
August 4, 2009 11:02:00 AM UTC	1249412520000	16	17	yes	67.7	148.3	20506	20827	9247	6599	0	44197	2673	179	1495	5874	215	507
August 4, 2009 11:03:00 AM UTC	1249412580000	16	15	yes	67.8	148.9	20506	20827	9242	6620	0	44181	2666	201	1265	5867	166	436
August 4, 2009 11:04:00 AM UTC	1249412640000	16	15	yes	67.9	149.4	20506	20827	9252	6560	0	44231	2688	229	1178	5888	197	370
August 4, 2009 11:05:00 AM UTC	1249412700000	18	13	yes	68.0	150.0	20506	20827	9256	6557	0	44230	2679	124	1087	5899	121	272
August 4, 2009 11:06:00 AM UTC	1249412760000	18	12	yes	68.1	150.6	20506	20827	9247	6618	0	44178	2668	188	707	5876	144	292
August 4, 2009 11:07:00 AM UTC	1249412820000	20	10	yes	68.2	151.2	20506	20827	9253	6583	0	44207	2672	296	495	5893	345	343
August 4, 2009 11:08:00 AM UTC	1249412880000	21	9	yes	68.3	151.8	20506	20827	9251	6583	0	44209	2675	383	372	5893	398	371
August 4, 2009 11:09:00 AM UTC	1249412940000	22	8	yes	68.4	152.4	20506	20827	9259	6475	0	44309	2731	522	260	5910	421	404
August 4, 2009 11:10:00 AM UTC	1249413000000	21	7	yes	68.5	153.0	20506	20827	9249	6603	0	44191	2666	415	405	5879	295	279
August 4, 2009 11:11:00 AM UTC	1249413060000	19	6	yes	68.6	153.6	20506	20827	9243	6636	0	44164	2656	232	86	5867	201	196
August 4, 2009 11:12:00 AM UTC	1249413120000	16	7	yes	68.7	154.2	20506	20827	9248	6604	0	44191	2667	116	73	5879	96	153
August 4, 2009 11:13:00 AM UTC	1249413180000	15	7	yes	68.8	154.8	20506	20827	9252	6552	0	44239	2702	233	347	5895	147	216
August 4, 2009 11:14:00 AM UTC	1249413240000	14	7	yes	68.9	155.4	20506	20827	9250	6618	0	44175	2648	145	54	5888	191	313
August 4, 2009 11:15:00 AM UTC	1249413300000	14	6	yes	68.9	156.0	20506	20827	9254	6587	0	44202	2661	111	60	5898	131	288
August 4, 2009 11:16:00 AM UTC	1249413360000	15	7	yes	69.0	156.7	20506	20827	9245	6650	0	44148	2644	136	84	5873	271	519
August 4, 2009 11:17:00 AM UTC	1249413420000	15	6	yes	69.1	157.3	20506	20827	9246	6587	0	44210	2682	112	98	5881	276	511
August 4, 2009 11:18:00 AM UTC	1249413480000	15	6	yes	69.2	157.9	20506	20827	9244	6592	0	44207	2684	141	113	5880	379	481
August 4, 2009 11:19:00 AM UTC	1249413540000	16	6	yes	69.3	158.6	20506	20827	9249	6633	0	44161	2637	273	164	5883	482	386
August 4, 2009 11:20:00 AM UTC	1249413600000	17	7	yes	69.3	159.2	20506	20827	9242	6593	0	44208	2679	568	206	5878	456	273
August 4, 2009 11:21:00 AM UTC	1249413660000	18	7	yes	69.4	159.9	20506	20827	9253	6514	0	44276	2714	656	314	5904	648	232
August 4, 2009 11:22:00 AM UTC	1249413720000	16	8	yes	69.5	160.5	20506	20827	9243	6579	0	44221	2695	424	318	5883	586	301
August 4, 2009 11:23:00 AM UTC	1249413780000	16	8	yes	69.5	161.2	20506	20827	9242	6649	0	44152	2652	333	66	5874	563	344
August 4, 2009 11:24:00 AM UTC	1249413840000	16	7	yes	69.6	161.8	20506	20827	9246	6589	0	44208	2672	353	86	5886	586	283
August 4, 2009 11:25:00 AM UTC	1249413900000	17	8	yes	69.7	162.5	20506	20827	9250	6556	0	44237	2697	356	202	5895	600	310
August 4, 2009 11:26:00 AM UTC	1249413960000	17	10	yes	69.7	163.2	20506	20827	9250	6556	0	44237	2691	420	433	5896	551	309
August 4, 2009 11:27:00 AM UTC	1249414020000	17	12	yes	69.8	163.8	20506	20827	9241	6622	0	44180	2669	465	677	5868	658	338
August 4, 2009 11:28:00 AM UTC	1249414080000	18	12	yes	69.8	164.5	20506	20827	9252	6608	0	44183	2648	515	984	5892	693	279
August 4, 2009 11:29:00 AM UTC	1249414140000	19	13	yes	69.9	165.2	20506	20827	9243	6636	0	44164	2653	544	1467	5873	794	242
August 4, 2009 11:30:00 AM UTC	1249414200000	19	16	yes	69.9	165.9	20506	20827	9245	6618	0	44180	2665	353	2030	5881	878	309
August 4, 2009 11:31:00 AM UTC	1249414260000	21	16	yes	70.0	166.6	20506	20827	9246	6617	0	44180	2658	391	2015	5881	979	337
August 4, 2009 11:32:00 AM UTC	1249414320000	21	17	yes	70.0	167.2	20506	20827	9246	6611	0	44186	2659	249	1780	5883	918	306
August 4, 2009 11:33:00 AM UTC	1249414380000	19	16	yes	70.1	167.9	20506	20827	9247	6591	0	44205	2682	234	1304	5890	835	246
August 4, 2009 11:34:00 AM UTC	1249414440000	18	14	yes	70.1	168.6	20506	20827	9246	6591	0	44206	2683	147	1104	5894	743	288
August 4, 2009 11:35:00 AM UTC	1249414500000	19	14	yes	70.1	169.3	20506	20827	9249	6550	0	44244	2692	286	1456	5904	895	249
August 4, 2009 11:36:00 AM UTC	1249414560000	19	14	yes	70.2	170.0	20506	20827	9239	6624	0	44180	2665	396	1601	5869	910	285
August 4, 2009 11:37:00 AM UTC	1249414620000	19	15	yes	70.2	170.7	20506	20827	9241	6680	0	44122	2635	308	1646	5869	798	307
August 4, 2009 11:38:00 AM UTC	1249414680000	19	14	yes	70.2	171.4	20506	20827	9253	6598	0	44192	2654	211	1722	5900	776	365
August 4, 2009 11:39:00 AM UTC	1249414740000	19	15	yes	70.3	172.1	20506	20827	9254	6599	0	44190	2658	223	1752	5896	643	269
August 4, 2009 11:40:00 AM UTC	1249414800000	20	17	yes	70.3	172.8	20506	20827	9245	6646	0	44152	2643	231	1416	5873	701	276
August 4, 2009 11:41:00 AM UTC	1249414860000	20	19	yes	70.3	173.5	20506	20827	9248	6564	0	44231	2704	416	1541	5882	658	208
August 4, 2009 11:42:00 AM UTC	1249414920000	24	17	yes	70.3	174.2	20506	20827	9247	6639	0	44157	2656	576	1394	5875	682	156
August 4, 2009 11:43:00 AM UTC	1249414980000	28	16	yes	70.4	174.9	20506	20827	9247	6633	0	44163	2650	845	1346	5878	634	204
August 4, 2009 11:44:00 AM UTC	1249415040000	28	16	yes	70.4	175.7	20506	20827	9248	6613	0	44182	2673	1027	1191	5880	605	259
August 4, 2009 11:45:00 AM UTC	1249415100000	31	16	yes	70.4	176.4	20506	20827	9257	6550	0	44236	2682	1086	1120	5906	688	198
August 4, 2009 11:46:00 AM UTC	1249415160000	31	19	yes	70.4	177.1	20506	20827	9246	6616	0	44181	2668	805	1333	5883	652	204
August 4, 2009 11:47:00 AM UTC	1249415220000	31	20	yes	70.4	177.8	20506	20827	9248	6614	0	44181	2669	601	1585	5883	627	213
August 4, 2009 11:48:00 AM UTC	1249415280000	30	22	yes	70.4	178.5	20506	20827	9250	6594	0	44199	2661	762	1677	5880	710	195
August 4, 2009 11:49:00 AM UTC	1249415340000	18	35	yes	70.4	179.2	20506	20827	9249	6592	0	44202	2675	950	1564	5884	563	339
August 4, 2009 11:50:00 AM UTC	1249415400000	18	34	yes	70.4	179.9	20506	20827	9249	6592	0	44202	2657	1145	1400	5883	782	359
August 4, 2009 11:51:00 AM UTC	1249415460000	37	17	yes	70.4	180.6	20506	20827	9249	6592	0	44202	2675	1303	1184	5883	1318	170
August 4, 2009 11:52:00 AM UTC	1249415520000	23	28	yes	70.4	181.4	20506	20827	9250	6590	0	44203	2668	1120	958	5884	1317	357
August 4, 2009 11:53:00 AM UTC	1249415580000	41	12	yes	70.4	182.1	20506	20827	9249	6532	1	44261	2719	460	1217	5888	1678	154
August 4, 2009 11:54:00 AM UTC	1249415640000	40	10	yes	70.4	182.8	20506	20827	9247	6613	0	44183	2671	236	782	5882	1871	193
August 4, 2009 11:55:00 AM UTC	1249415700000	35	15	yes	70.4	183.5	20506	20827	9247	6613	0	44183	2657	195	586	5882	2011	396
August 4, 2009 11:56:00 AM UTC	1249415760000	37	13	yes	70.4	184.2	20506	20827	9247	6622	0	44174	2667	391	447	5876	2111	207
August 4, 2009 11:57:00 AM UTC	1249415820000	38	11	yes	70.4	184.9	20506	20827	9247	6628	0	44168	2650	673	305	5879	1938	194
August 4, 2009 11:58:00 AM UTC	1249415880000	41	9	yes	70.3	185.6	20506	20827	9247	6635	0	44161	2652	841	358	5873	1988	118
August 4, 2009 11:59:00 AM UTC	1249415940000	43	8	yes	70.3	186.3	20506	20827	9259	6491	1	44292	2728	1304	477	5908	2322	96
August 4, 2009 12:00:00 PM UTC	1249416000000	41	10	yes	70.3	187.0	20506	20827	9246	6638	0	44159	2653	1116	773	5875	2385	103
August 4, 2009 12:01:00 PM UTC	1249416060000	34	15	yes	70.3	187.7	20506	20827	9244	6641	0	44158	2646	995	540	5870	2138	232
August 4, 2009 12:02:00 PM UTC	1249416120000	32	18	yes	70.2	188.4	20506	20827	9242	6672	0	44129	2632	1199	233	5872	1948	355
August 4, 2009 12:03:00 PM UTC	1249416180000	30	22	yes	70.2	189.1	20506	20827	9241	6677	0	44125	2630	875	333	5867	1434	582
August 4, 2009 12:04:00 PM UTC	1249416240000	47	7	yes	70.2	189.8	20506	20827	9251	6533	1	44258	2711	339	267	5901	1707	74
August 4, 2009 12:05:00 PM UTC	1249416300000	47	7	yes	70.1	190.5	20506	20827	9249	6546	0	44248	2694	585	402	5895	1590	59
August 4, 2009 12:06:00 PM UTC	1249416360000	45	8	yes	70.1	191.2	20506	20827	9246	6559	0	44238	2692	728	881	5887	1502	71
August 4, 2009 12:07:00 PM UTC	1249416420000	44	8	yes	70.1	191.9	20506	20827	9236	6651	0	44156	2656	1135	830	5863	1378	66
August 4, 2009 12:08:00 PM UTC	1249416480000	41	10	yes	70.0	192.6	20506	20827	9245	6606	0	44192	2664	1075	1224	5882	1416	79
August 4, 2009 12:09:00 PM UTC	1249416540000	39	11	yes	70.0	193.3	20506	20827	9246	6612	0	44185	2659	974	1277	5880	1298	163
August 4, 2009 12:10:00 PM UTC	1249416600000	39	13	yes	69.9	194.0	20506	20827	9245	6613	0	44185	2666	906	1336	5882	1172	156
August 4, 2009 12:11:00 PM UTC	1249416660000	38	14	yes	69.9	194.7	20506	20827	9252	6564	0	44227	2679	507	2075	5899	1027	117
August 4, 2009 12:12:00 PM UTC	1249416720000	37	13	yes	69.8	195.3	20506	20827	9242	6670	0	44131	2630	350	1823	5870	975	114
August 4, 2009 12:13:00 PM UTC	1249416780000	32	16	yes	69.8	196.0	20506	20827	9241	6617	0	44185	2672	418	1821	5865	891	226
August 4, 2009 12:14:00 PM UTC	1249416840000	24	23	yes	69.7	196.7	20506	20827	9250	6551	0	44242	2692	333	1844	5896	860	377
August 4, 2009 12:15:00 PM UTC	1249416900000	13	32	yes	69.7	197.4	20506	20827	9250	6551	0	44242	2701	530	1346	5894	471	846
August 4, 2009 12:16:00 PM UTC	1249416960000	18	27	yes	69.6	198.0	20506	20827	9246	6584	0	44213	2668	237	860	5884	733	665
August 4, 2009 12:17:00 PM UTC	1249417020000	17	27	yes	69.5	198.7	20506	20827	9243	6608	0	44192	2666	8	239	5874	917	780
August 4, 2009 12:18:00 PM UTC	1249417080000	17	26	yes	69.5	199.3	20506	20827	9256	6484	0	44303	2731	28	50	5914	1119	858
August 4, 2009 12:19:00 PM UTC	1249417140000	17	24	yes	69.4	200.0	20506	20827	9243	6576	0	44224	2692	29	258	5881	1185	963
August 4, 2009 12:20:00 PM UTC	1249417200000	17	25	yes	69.3	200.6	20506	20827	9249	6549	0	44245	2695	147	559	5892	1395	1004
August 4, 2009 12:21:00 PM UTC	1249417260000	19	24	yes	69.3	201.3	20506	20827	9249	6627	0	44167	2635	433	661	5882	1554	1003
August 4, 2009 12:22:00 PM UTC	1249417320000	21	23	yes	69.2	201.9	20506	20827	9243	6656	0	44144	2631	750	646	5873	1525	1011
August 4, 2009 12:23:00 PM UTC	1249417380000	19	25	yes	69.1	202.6	20506	20827	9250	6558	0	44235	2687	788	859	5890	1453	1109
August 4, 2009 12:24:00 PM UTC	1249417440000	21	25	yes	69.0	203.2	20506	20827	9255	6582	0	44206	2656	914	1046	5899	1491	1128
August 4, 2009 12:25:00 PM UTC	1249417500000	12	30	yes	68.9	203.8	20506	20827	9240	6675	0	44128	2629	1414	802	5864	413	1414
August 4, 2009 12:26:00 PM UTC	1249417560000	14	30	yes	68.9	204.4	20506	20827	9250	6612	0	44181	2652	1908	691	5887	401	1393
August 4, 2009 12:27:00 PM UTC	1249417620000	13	32	yes	68.8	205.1	20506	20827	9237	6638	0	44168	2664	2031	632	5856	419	1212
August 4, 2009 12:28:00 PM UTC	1249417680000	13	32	yes	68.7	205.7	20506	20827	9248	6598	0	44197	2663	1843	613	5879	457	1117
August 4, 2009 12:29:00 PM UTC	1249417740000	14	35	yes	68.6	206.3	20506	20827	9248	6598	0	44197	2666	1708	467	5878	374	1180
August 4, 2009 12:30:00 PM UTC	1249417800000	14	36	yes	68.5	206.9	20506	20827	9249	6597	0	44197	2670	1323	541	5881	437	1001
August 4, 2009 12:31:00 PM UTC	1249417860000	14	36	yes	68.4	207.5	20506	20827	9244	6627	0	44172	2655	1402	446	5866	412	782
August 4, 2009 12:32:00 PM UTC	1249417920000	16	35	yes	68.3	208.1	20506	20827	9251	6576	0	44216	2677	1691	622	5891	550	620
August 4, 2009 12:33:00 PM UTC	1249417980000	16	36	yes	68.2	208.7	20506	20827	9247	6610	0	44186	2661	1762	661	5877	499	458
August 4, 2009 12:34:00 PM UTC	1249418040000	15	38	yes	68.1	209.3	20506	20827	9247	6611	0	44185	2665	1536	1064	5880	481	411
August 4, 2009 12:35:00 PM UTC	1249418100000	16	37	yes	68.0	209.8	20506	20827	9248	6610	0	44185	2661	1631	1025	5874	509	562
August 4, 2009 12:36:00 PM UTC	1249418160000	16	34	yes	67.9	210.4	20506	20827	9252	6552	0	44239	2688	1512	987	5889	446	601
August 4, 2009 12:37:00 PM UTC	1249418220000	15	32	yes	67.8	211.0	20506	20827	9257	6515	0	44271	2700	1007	993	5904	582	660
August 4, 2009 12:38:00 PM UTC	1249418280000	12	34	yes	67.7	211.6	20506	20827	9252	6553	0	44238	2690	150	1459	5889	647	645
August 4, 2009 12:39:00 PM UTC	1249418340000	11	31	yes	67.6	212.1	20506	20827	9251	6553	0	44239	2692	94	922	5888	626	857
August 4, 2009 12:40:00 PM UTC	1249418400000	12	27	yes	67.5	212.7	20506	20827	9245	6611	0	44187	2668	135	653	5871	649	1015
August 4, 2009 12:41:00 PM UTC	1249418460000	12	24	yes	67.4	213.2	20506	20827	9246	6560	0	44237	2691	150	521	5877	709	1026
August 4, 2009 12:42:00 PM UTC	1249418520000	12	23	yes	67.3	213.8	20506	20827	9255	6549	0	44239	2680	25	561	5891	815	1183
August 4, 2009 12:43:00 PM UTC	1249418580000	12	23	yes	67.2	214.3	20506	20827	9247	6596	0	44200	2670	26	787	5872	812	1242
August 4, 2009 12:44:00 PM UTC	1249418640000	13	22	yes	67.1	214.9	20506	20827	9247	6596	0	44200	2665	12	914	5872	852	1166
August 4, 2009 12:45:00 PM UTC	1249418700000	13	21	yes	67.0	215.4	20506	20827	9246	6575	0	44222	2682	64	975	5875	836	945
August 4, 2009 12:46:00 PM UTC	1249418760000	14	21	yes	66.8	216.0	20506	20827	9250	6561	0	44232	2682	137	808	5884	809	851
August 4, 2009 12:47:00 PM UTC	1249418820000	14	21	yes	66.7	216.5	20506	20827	9249	6562	0	44232	2692	97	548	5891	683	996
August 4, 2009 12:48:00 PM UTC	1249418880000	15	22	yes	66.6	217.0	20506	20827	9244	6599	0	44200	2677	284	257	5880	597	1091
August 4, 2009 12:49:00 PM UTC	1249418940000	15	21	yes	66.5	217.5	20506	20827	9250	6562	0	44231	2689	210	505	5896	605	1024
August 4, 2009 12:50:00 PM UTC	1249419000000	15	20	yes	66.4	218.0	20506	20827	9259	6488	0	44296	2714	83	600	5913	540	953
August 4, 2009 12:51:00 PM UTC	1249419060000	16	20	yes	66.2	218.5	20506	20827	9253	6532	0	44258	2696	237	478	5895	592	828
August 4, 2009 12:52:00 PM UTC	1249419120000	18	20	yes	66.1	219.0	20506	20827	9254	6532	0	44257	2697	479	665	5894	610	720
August 4, 2009 12:53:00 PM UTC	1249419180000	18	20	yes	66.0	219.5	20506	20827	9253	6532	0	44258	2696	658	1012	5895	653	935
August 4, 2009 12:54:00 PM UTC	1249419240000	19	19	yes	65.8	220.0	20506	20827	9245	6584	0	44214	2673	444	1237	5875	743	1097
August 4, 2009 12:55:00 PM UTC	1249419300000	18	19	yes	65.7	220.5	20506	20827	9244	6562	0	44237	2688	228	1103	5878	839	1047
August 4, 2009 12:56:00 PM UTC	1249419360000	17	19	yes	65.6	221.0	20506	20827	9253	6510	0	44280	2700	30	1084	5898	1010	1103
August 4, 2009 12:57:00 PM UTC	1249419420000	16	18	yes	65.5	221.5	20506	20827	9246	6561	0	44236	2690	36	970	5875	1208	1045
August 4, 2009 12:58:00 PM UTC	1249419480000	16	19	yes	65.3	222.0	20506	20827	9244	6619	0	44180	2648	47	1024	5875	1210	1584
August 4, 2009 12:59:00 PM UTC	1249419540000	15	19	yes	65.2	222.4	20506	20827	9245	6618	0	44180	2661	48	1192	5874	1398	1787
August 4, 2009 1:00:00 PM UTC	1249419600000	14	18	yes	65.1	222.9	20506	20827	9237	6658	0	44148	2643	9	684	5858	1495	1849
August 4, 2009 1:01:00 PM UTC	1249419660000	15	18	yes	64.9	223.4	20506	20827	9245	6609	0	44189	2663	49	671	5872	1833	1829
August 4, 2009 1:02:00 PM UTC	1249419720000	15	17	yes	64.8	223.8	20506	20827	9253	6507	0	44283	2716	260	605	5898	2104	1523
August 4, 2009 1:03:00 PM UTC	1249419780000	17	15	yes	64.6	224.3	20506	20827	9245	6609	0	44189	2666	605	385	5875	2252	1325
August 4, 2009 1:04:00 PM UTC	1249419840000	18	16	yes	64.5	224.7	20506	20827	9244	6609	0	44190	2660	977	907	5875	2104	1461
August 4, 2009 1:05:00 PM UTC	1249419900000	19	19	yes	64.4	225.2	20506	20827	9252	6560	0	44231	2684	1046	1292	5897	2168	1254
August 4, 2009 1:06:00 PM UTC	1249419960000	19	22	yes	64.2	225.6	20506	20827	9251	6549	0	44243	2679	721	1508	5894	2336	1071
August 4, 2009 1:07:00 PM UTC	1249420020000	19	25	yes	64.1	226.0	20506	20827	9244	6600	0	44199	2665	563	1442	5875	2428	1037
August 4, 2009 1:08:00 PM UTC	1249420080000	18	26	yes	63.9	226.5	20506	20827	9251	6553	0	44239	2682	378	1577	5895	2409	1218
August 4, 2009 1:09:00 PM UTC	1249420140000	18	27	yes	63.8	226.9	20506	20827	9251	6553	0	44239	2676	243	1564	5893	2667	1233
August 4, 2009 1:10:00 PM UTC	1249420200000	19	26	yes	63.6	227.3	20506	20827	9243	6552	0	44248	2691	201	990	5879	2629	1301
August 4, 2009 1:11:00 PM UTC	1249420260000	20	25	yes	63.5	227.8	20506	20827	9251	6450	0	44342	2746	30	475	5906	2785	1297
August 4, 2009 1:12:00 PM UTC	1249420320000	22	22	yes	63.3	228.2	20506	20827	9251	6499	0	44293	2707	0	172	5899	2887	1166
August 4, 2009 1:13:00 PM UTC	1249420380000	24	21	yes	63.2	228.6	20506	20827	9243	6552	0	44248	2694	23	47	5878	2754	1074
August 4, 2009 1:14:00 PM UTC	1249420440000	25	19	yes	63.0	229.0	20506	20827	9249	6508	0	44286	2705	130	60	5896	2668	1073
August 4, 2009 1:15:00 PM UTC	1249420500000	25	19	yes	62.9	229.4	20506	20827	9249	6508	0	44286	2711	134	118	5893	2526	1094
August 4, 2009 1:16:00 PM UTC	1249420560000	24	18	yes	62.7	229.8	20506	20827	9240	6562	0	44241	2691	14	81	5872	2273	1243
August 4, 2009 1:17:00 PM UTC	1249420620000	23	17	yes	62.6	230.2	20506	20827	9241	6521	0	44281	2720	3	79	5880	2292	1258
August 4, 2009 1:18:00 PM UTC	1249420680000	22	17	yes	62.4	230.6	20506	20827	9256	6466	0	44321	2725	10	159	5911	2389	1275
August 4, 2009 1:19:00 PM UTC	1249420740000	22	16	yes	62.3	231.0	20506	20827	9247	6525	0	44271	2691	79	138	5888	2492	1428
August 4, 2009 1:20:00 PM UTC	1249420800000	23	15	yes	62.1	231.4	20506	20827	9253	6482	0	44308	2723	129	152	5904	2387	1307
August 4, 2009 1:21:00 PM UTC	1249420860000	23	14	yes	61.9	231.8	20506	20827	9248	6524	0	44271	2701	83	216	5891	2571	1141
August 4, 2009 1:22:00 PM UTC	1249420920000	24	15	yes	61.8	232.1	20506	20827	9240	6583	0	44220	2676	192	329	5869	2689	1120
August 4, 2009 1:23:00 PM UTC	1249420980000	25	16	yes	61.6	232.5	20506	20827	9247	6500	0	44296	2732	103	389	5893	2964	1264
August 4, 2009 1:24:00 PM UTC	1249421040000	26	17	yes	61.5	232.9	20506	20827	9255	6442	0	44346	2749	89	449	5911	3151	1308
August 4, 2009 1:25:00 PM UTC	1249421100000	24	18	yes	61.3	233.3	20506	20827	9245	6556	0	44242	2695	304	303	5883	2586	1736
August 4, 2009 1:26:00 PM UTC	1249421160000	25	18	yes	61.1	233.6	20506	20827	9252	6514	0	44277	2709	639	353	5897	2396	1824
August 4, 2009 1:27:00 PM UTC	1249421220000	27	18	yes	61.0	234.0	20506	20827	9245	6556	0	44242	2685	768	422	5887	2662	1655
August 4, 2009 1:28:00 PM UTC	1249421280000	30	18	yes	60.8	234.3	20506	20827	9243	6573	0	44227	2675	833	410	5886	2885	1468
August 4, 2009 1:29:00 PM UTC	1249421340000	32	18	yes	60.7	234.7	20506	20827	9252	6518	0	44273	2708	587	419	5894	3032	1421
August 4, 2009 1:30:00 PM UTC	1249421400000	33	20	yes	60.5	235.1	20506	20827	9251	6482	0	44310	2732	316	388	5893	2909	1470
August 4, 2009 1:31:00 PM UTC	1249421460000	32	22	yes	60.3	235.4	20506	20827	9246	6480	0	44317	2743	426	176	5894	3055	1265
August 4, 2009 1:32:00 PM UTC	1249421520000	34	19	yes	60.2	235.8	20506	20827	9248	6496	0	44299	2715	517	14	5893	3349	1073
August 4, 2009 1:33:00 PM UTC	1249421580000	34	19	yes	60.0	236.1	20506	20827	9248	6496	0	44299	2716	585	18	5892	3263	1028
August 4, 2009 1:34:00 PM UTC	1249421640000	35	18	yes	59.8	236.4	20506	20827	9248	6496	0	44299	2719	600	63	5895	3153	899
August 4, 2009 1:35:00 PM UTC	1249421700000	34	17	yes	59.7	236.8	20506	20827	9248	6496	0	44299	2713	598	69	5893	2962	1001
August 4, 2009 1:36:00 PM UTC	1249421760000	32	15	yes	59.5	237.1	20506	20827	9249	6495	0	44299	2721	628	63	5893	2907	1027
August 4, 2009 1:37:00 PM UTC	1249421820000	31	15	yes	59.3	237.4	20506	20827	9241	6531	0	44271	2720	474	109	5869	2629	1348
August 4, 2009 1:38:00 PM UTC	1249421880000	30	16	yes	59.2	237.8	20506	20827	9256	6431	0	44356	2756	302	210	5912	2570	1578
August 4, 2009 1:39:00 PM UTC	1249421940000	28	18	yes	59.0	238.1	20506	20827	9257	6429	0	44357	2765	210	446	5912	2371	1651
August 4, 2009 1:40:00 PM UTC	1249422000000	27	17	yes	58.8	238.4	20506	20827	9247	6548	0	44248	2691	197	491	5881	2248	1521
August 4, 2009 1:41:00 PM UTC	1249422060000	26	18	yes	58.6	238.7	20506	20827	9252	6513	0	44278	2716	160	783	5894	2323	1472
August 4, 2009 1:42:00 PM UTC	1249422120000	26	17	yes	58.5	239.1	20506	20827	9247	6548	0	44248	2693	146	1160	5881	2356	1286
August 4, 2009 1:43:00 PM UTC	1249422180000	26	18	yes	58.3	239.4	20506	20827	9251	6522	0	44270	2706	192	1454	5891	2424	1242
August 4, 2009 1:44:00 PM UTC	1249422240000	25	18	yes	58.1	239.7	20506	20827	9252	6492	0	44299	2731	88	1186	5897	2501	1302
August 4, 2009 1:45:00 PM UTC	1249422300000	25	17	yes	58.0	240.0	20506	20827	9243	6555	0	44245	2704	115	1196	5873	2645	1233
August 4, 2009 1:46:00 PM UTC	1249422360000	27	16	yes	57.8	240.3	20506	20827	9252	6492	0	44299	2735	273	1247	5896	2629	1250
August 4, 2009 1:47:00 PM UTC	1249422420000	29	15	yes	57.6	240.6	20506	20827	9257	6454	0	44332	2764	562	750	5902	2618	1311
August 4, 2009 1:48:00 PM UTC	1249422480000	31	15	yes	57.4	240.9	20506	20827	9243	6550	0	44250	2719	962	816	5866	2706	1200
August 4, 2009 1:49:00 PM UTC	1249422540000	32	15	yes	57.3	241.2	20506	20827	9247	6527	0	44269	2715	1332	710	5869	2862	1180
August 4, 2009 1:50:00 PM UTC	1249422600000	33	15	yes	57.1	241.5	20506	20827	9247	6527	0	44269	2711	1492	448	5863	2937	1032
August 4, 2009 1:51:00 PM UTC	1249422660000	33	16	yes	56.9	241.8	20506	20827	9253	6494	0	44296	2731	1546	316	5872	2571	1140
August 4, 2009 1:52:00 PM UTC	1249422720000	33	15	yes	56.7	242.1	20506	20827	9247	6510	0	44286	2727	1624	159	5855	2191	1174
August 4, 2009 1:53:00 PM UTC	1249422780000	33	14	yes	56.5	242.4	20506	20827	9247	6510	0	44286	2738	1852	126	5846	1729	1084
August 4, 2009 1:54:00 PM UTC	1249422840000	32	14	no	56.4	242.7	20506	20827	9252	6476	0	44315	2746	2108	117	5855	1467	885
August 4, 2009 1:55:00 PM UTC	1249422900000	31	14	no	56.2	243.0	20506	20827	9241	6540	0	44262	2730	1927	156	5822	1504	859
August 4, 2009 1:56:00 PM UTC	1249422960000	32	14	no	56.0	243.3	20506	20827	9252	6476	0	44315	2752	2182	121	5846	1630	836
August 4, 2009 1:57:00 PM UTC	1249423020000	33	14	no	55.8	243.5	20506	20827	9252	6475	0	44316	2751	2095	251	5843	1648	922
August 4, 2009 1:58:00 PM UTC	1249423080000	35	14	no	55.6	243.8	20506	20827	9245	6573	0	44225	2702	1808	226	5815	1871	1008
August 4, 2009 1:59:00 PM UTC	1249423140000	37	13	yes	55.5	244.1	20506	20827	9255	6510	0	44278	2725	1849	226	5832	2161	1025
August 4, 2009 2:00:00 PM UTC	1249423200000	39	14	yes	55.3	244.4	20506	20827	9242	6592	0	44209	2706	1367	264	5794	2022	1245
August 4, 2009 2:01:00 PM UTC	1249423260000	37	14	yes	55.1	244.6	20506	20827	9246	6561	0	44236	2718	1179	325	5797	1988	1358
August 4, 2009 2:02:00 PM UTC	1249423320000	39	15	yes	54.9	244.9	20506	20827	9257	6495	0	44291	2753	1141	537	5810	2168	1564
August 4, 2009 2:03:00 PM UTC	1249423380000	38	16	yes	54.7	245.2	20506	20827	9249	6532	0	44262	2736	1142	472	5788	2360	1537
August 4, 2009 2:04:00 PM UTC	1249423440000	36	17	yes	54.6	245.5	20506	20827	9246	6561	0	44236	2717	1162	308	5769	2402	1583
August 4, 2009 2:05:00 PM UTC	1249423500000	34	18	yes	54.4	245.7	20506	20827	9246	6561	0	44236	2721	896	395	5760	2432	1501
August 4, 2009 2:06:00 PM UTC	1249423560000	33	19	yes	54.2	246.0	20506	20827	9251	6483	0	44309	2755	1103	248	5762	2281	1622
August 4, 2009 2:07:00 PM UTC	1249423620000	33	18	yes	54.0	246.2	20506	20827	9241	6548	0	44254	2725	768	341	5733	2409	1405
August 4, 2009 2:08:00 PM UTC	1249423680000	35	17	yes	53.8	246.5	20506	20827	9251	6482	0	44310	2756	796	378	5745	2537	1488
August 4, 2009 2:09:00 PM UTC	1249423740000	37	17	yes	53.6	246.8	20506	20827	9255	6509	0	44279	2752	1378	317	5738	2788	1612
August 4, 2009 2:10:00 PM UTC	1249423800000	41	16	yes	53.5	247.0	20506	20827	9251	6536	0	44256	2739	1819	143	5718	2995	1712
August 4, 2009 2:11:00 PM UTC	1249423860000	41	18	yes	53.3	247.3	20506	20827	9251	6523	0	44269	2738	2017	191	5712	3015	1898
August 4, 2009 2:12:00 PM UTC	1249423920000	42	17	no	53.1	247.5	20506	20827	9245	6575	0	44223	2718	2006	292	5686	3118	1753
August 4, 2009 2:13:00 PM UTC	1249423980000	45	16	no	52.9	247.8	20506	20827	9256	6509	0	44278	2748	1898	230	5696	3671	1371
August 4, 2009 2:14:00 PM UTC	1249424040000	47	17	yes	52.7	248.0	20506	20827	9245	6575	0	44223	2715	1839	205	5667	3796	1288
August 4, 2009 2:15:00 PM UTC	1249424100000	50	17	yes	52.5	248.3	20506	20827	9243	6576	0	44224	2717	1662	376	5655	3940	1157
August 4, 2009 2:16:00 PM UTC	1249424160000	51	18	yes	52.3	248.5	20506	20827	9243	6576	0	44224	2726	1189	501	5646	4094	1137
August 4, 2009 2:17:00 PM UTC	1249424220000	51	18	yes	52.2	248.8	20506	20827	9243	6575	0	44225	2719	969	452	5633	4225	1057
August 4, 2009 2:18:00 PM UTC	1249424280000	50	22	yes	52.0	249.0	20506	20827	9246	6557	0	44240	2733	1123	528	5625	4128	1182
August 4, 2009 2:19:00 PM UTC	1249424340000	55	20	yes	51.8	249.2	20506	20827	9248	6542	0	44253	2750	1642	362	5613	4351	907
August 4, 2009 2:20:00 PM UTC	1249424400000	57	20	yes	51.6	249.5	20506	20827	9238	6609	0	44196	2719	1799	278	5589	4461	814
August 4, 2009 2:21:00 PM UTC	1249424460000	59	18	yes	51.4	249.7	20506	20827	9250	6588	0	44205	2728	1953	187	5590	4639	684
August 4, 2009 2:22:00 PM UTC	1249424520000	60	17	yes	51.2	249.9	20506	20827	9248	6612	0	44183	2715	1817	149	5575	4616	676
August 4, 2009 2:23:00 PM UTC	1249424580000	59	19	yes	51.0	250.2	20506	20827	9249	6535	0	44259	2746	2028	254	5566	4220	880
August 4, 2009 2:24:00 PM UTC	1249424640000	61	18	yes	50.8	250.4	20506	20827	9248	6492	0	44303	2767	2206	255	5555	3999	886
August 4, 2009 2:25:00 PM UTC	1249424700000	62	17	yes	50.6	250.6	20506	20827	9252	6469	0	44322	2777	2063	289	5551	3917	829
August 4, 2009 2:26:00 PM UTC	1249424760000	62	18	yes	50.5	250.9	20506	20827	9252	6466	0	44325	2784	1886	272	5538	3763	1063
August 4, 2009 2:27:00 PM UTC	1249424820000	59	18	yes	50.3	251.1	20506	20827	9241	6534	0	44268	2744	1709	171	5501	3622	1044
August 4, 2009 2:28:00 PM UTC	1249424880000	54	20	yes	50.1	251.3	20506	20827	9252	6466	0	44325	2787	1734	243	5508	3402	1123
August 4, 2009 2:29:00 PM UTC	1249424940000	48	20	yes	49.9	251.6	20506	20827	9244	6513	0	44286	2755	1573	456	5487	2936	1525
August 4, 2009 2:30:00 PM UTC	1249425000000	47	20	yes	49.7	251.8	20506	20827	9254	6456	0	44333	2802	1550	566	5483	2992	1443
August 4, 2009 2:31:00 PM UTC	1249425060000	46	19	yes	49.5	252.0	20506	20827	9244	6529	0	44270	2755	1463	776	5451	3253	1186
August 4, 2009 2:32:00 PM UTC	1249425120000	46	19	yes	49.3	252.2	20506	20827	9253	6461	0	44329	2800	1688	568	5451	3384	1114
August 4, 2009 2:33:00 PM UTC	1249425180000	47	18	yes	49.1	252.4	20506	20827	9245	6498	0	44300	2779	1837	347	5430	3723	794
August 4, 2009 2:34:00 PM UTC	1249425240000	47	17	yes	48.9	252.7	20506	20827	9256	6435	0	44352	2810	1622	388	5431	3642	772
August 4, 2009 2:35:00 PM UTC	1249425300000	47	17	yes	48.7	252.9	20506	20827	9244	6580	0	44219	2745	1474	297	5400	3618	727
August 4, 2009 2:36:00 PM UTC	1249425360000	48	17	yes	48.5	253.1	20506	20827	9243	6580	0	44220	2741	1440	217	5385	3571	774
August 4, 2009 2:37:00 PM UTC	1249425420000	47	18	yes	48.4	253.3	20506	20827	9247	6561	0	44235	2761	1188	393	5370	3604	762
August 4, 2009 2:38:00 PM UTC	1249425480000	44	20	yes	48.2	253.5	20506	20827	9246	6561	0	44236	2753	968	628	5358	3253	1202
August 4, 2009 2:39:00 PM UTC	1249425540000	43	20	yes	48.0	253.7	20506	20827	9246	6561	0	44236	2752	841	920	5344	2907	1550
August 4, 2009 2:40:00 PM UTC	1249425600000	40	23	yes	47.8	253.9	20506	20827	9247	6559	0	44237	2752	988	926	5333	2574	1943
August 4, 2009 2:41:00 PM UTC	1249425660000	38	24	yes	47.6	254.1	20506	20827	9248	6517	0	44278	2782	768	1176	5314	2362	2003
August 4, 2009 2:42:00 PM UTC	1249425720000	36	26	yes	47.4	254.4	20506	20827	9248	6518	0	44277	2781	643	1559	5302	2188	2187
August 4, 2009 2:43:00 PM UTC	1249425780000	36	27	yes	47.2	254.6	20506	20827	9248	6518	0	44277	2786	611	1703	5282	1985	2376
August 4, 2009 2:44:00 PM UTC	1249425840000	37	28	yes	47.0	254.8	20506	20827	9248	6517	0	44278	2781	362	1849	5272	1805	2575
August 4, 2009 2:45:00 PM UTC	1249425900000	39	26	yes	46.8	255.0	20506	20827	9248	6517	0	44278	2784	374	1611	5255	1921	2391
August 4, 2009 2:46:00 PM UTC	1249425960000	39	26	yes	46.6	255.2	20506	20827	9250	6500	0	44293	2792	459	1284	5244	2002	2390
August 4, 2009 2:47:00 PM UTC	1249426020000	40	27	yes	46.4	255.4	20506	20827	9250	6500	0	44293	2796	739	1126	5225	2245	2175
August 4, 2009 2:48:00 PM UTC	1249426080000	39	26	yes	46.2	255.6	20506	20827	9250	6498	0	44295	2793	1052	975	5214	2306	2306
August 4, 2009 2:49:00 PM UTC	1249426140000	38	27	yes	46.0	255.8	20506	20827	9250	6498	0	44295	2796	1273	1014	5195	2217	2407
August 4, 2009 2:50:00 PM UTC	1249426200000	37	28	yes	45.8	256.0	20506	20827	9238	6641	0	44164	2721	1422	969	5168	2416	2216
August 4, 2009 2:51:00 PM UTC	1249426260000	35	24	yes	45.6	256.2	20506	20827	9250	6556	0	44237	2774	1783	483	5162	2344	2065
August 4, 2009 2:52:00 PM UTC	1249426320000	34	26	yes	45.4	256.4	20506	20827	9240	6625	0	44178	2739	1826	439	5133	2484	1892
August 4, 2009 2:53:00 PM UTC	1249426380000	35	25	yes	45.3	256.6	20506	20827	9251	6557	0	44235	2786	2306	219	5130	2566	1615
August 4, 2009 2:54:00 PM UTC	1249426440000	35	25	yes	45.1	256.8	20506	20827	9240	6627	0	44176	2747	2220	382	5102	2653	1445
August 4, 2009 2:55:00 PM UTC	1249426500000	34	24	no	44.9	257.0	20506	20827	9251	6557	0	44235	2784	1985	589	5100	2891	1124
August 4, 2009 2:56:00 PM UTC	1249426560000	34	26	no	44.7	257.2	20506	20827	9242	6609	0	44192	2760	1811	636	5074	2890	1020
August 4, 2009 2:57:00 PM UTC	1249426620000	35	25	yes	44.5	257.3	20506	20827	9251	6558	0	44234	2791	1597	849	5063	2817	1207
August 4, 2009 2:58:00 PM UTC	1249426680000	36	26	yes	44.3	257.5	20506	20827	9240	6626	0	44177	2756	1412	830	5035	2855	1218
August 4, 2009 2:59:00 PM UTC	1249426740000	36	26	yes	44.1	257.7	20506	20827	9251	6519	0	44273	2799	1293	620	5030	2837	1231
August 4, 2009 3:00:00 PM UTC	1249426800000	36	25	yes	43.9	257.9	20506	20827	9240	6588	0	44215	2763	1335	367	5007	2707	1569
August 4, 2009 3:01:00 PM UTC	1249426860000	36	26	yes	43.7	258.1	20506	20827	9252	6458	0	44333	2827	1382	247	5005	2804	1574
August 4, 2009 3:02:00 PM UTC	1249426920000	35	26	yes	43.5	258.3	20506	20827	9244	6485	0	44314	2806	1209	577	4983	2824	1649
August 4, 2009 3:03:00 PM UTC	1249426980000	34	30	yes	43.3	258.5	20506	20827	9244	6485	0	44314	2806	1041	1092	4960	2892	1678
August 4, 2009 3:04:00 PM UTC	1249427040000	33	33	yes	43.1	258.7	20506	20827	9242	6503	0	44298	2797	842	1472	4946	2998	1673
August 4, 2009 3:05:00 PM UTC	1249427100000	32	33	yes	42.9	258.9	20506	20827	9242	6503	0	44298	2803	1214	1386	4930	3035	1585
August 4, 2009 3:06:00 PM UTC	1249427160000	33	34	yes	42.7	259.0	20506	20827	9244	6492	0	44307	2812	1174	1184	4912	2835	1802
August 4, 2009 3:07:00 PM UTC	1249427220000	32	35	yes	42.5	259.2	20506	20827	9244	6497	0	44302	2819	1181	946	4896	2742	1876
August 4, 2009 3:08:00 PM UTC	1249427280000	33	33	yes	42.3	259.4	20506	20827	9255	6492	0	44296	2834	1283	987	4885	2847	1799
August 4, 2009 3:09:00 PM UTC	1249427340000	36	31	yes	42.1	259.6	20506	20827	9245	6565	0	44233	2796	1228	976	4863	3188	1485
August 4, 2009 3:10:00 PM UTC	1249427400000	36	32	yes	41.9	259.8	20506	20827	9257	6498	0	44288	2838	1053	1204	4851	3207	1507
August 4, 2009 3:11:00 PM UTC	1249427460000	37	33	yes	41.7	260.0	20506	20827	9246	6565	0	44232	2795	1073	1215	4826	3171	1508
August 4, 2009 3:12:00 PM UTC	1249427520000	37	32	yes	41.5	260.1	20506	20827	9246	6565	0	44232	2791	1146	1003	4814	3166	1500
August 4, 2009 3:13:00 PM UTC	1249427580000	37	32	yes	41.3	260.3	20506	20827	9247	6563	0	44233	2799	1121	1019	4787	3080	1525
August 4, 2009 3:14:00 PM UTC	1249427640000	37	30	yes	41.1	260.5	20506	20827	9247	6563	0	44233	2805	1368	1026	4771	3283	1247
August 4, 2009 3:15:00 PM UTC	1249427700000	39	28	yes	40.9	260.7	20506	20827	9250	6551	0	44242	2805	1716	844	4759	3499	1085
August 4, 2009 3:16:00 PM UTC	1249427760000	39	29	yes	40.7	260.8	20506	20827	9250	6551	0	44242	2807	1868	693	4753	3625	1014
August 4, 2009 3:17:00 PM UTC	1249427820000	39	30	yes	40.5	261.0	20506	20827	9251	6518	0	44274	2808	2058	601	4720	3457	1195
August 4, 2009 3:18:00 PM UTC	1249427880000	38	31	yes	40.3	261.2	20506	20827	9251	6518	0	44274	2816	2196	587	4710	3422	1278
August 4, 2009 3:19:00 PM UTC	1249427940000	37	32	yes	40.1	261.4	20506	20827	9251	6518	0	44274	2821	2121	650	4679	3360	1274
August 4, 2009 3:20:00 PM UTC	1249428000000	37	30	yes	39.9	261.5	20506	20827	9252	6515	0	44276	2820	2106	660	4674	3430	1191
August 4, 2009 3:21:00 PM UTC	1249428060000	37	30	yes	39.7	261.7	20506	20827	9252	6515	0	44276	2811	2070	724	4654	3356	1262
August 4, 2009 3:22:00 PM UTC	1249428120000	37	28	no	39.5	261.9	20506	20827	9253	6525	0	44265	2825	2183	629	4639	3319	1225
August 4, 2009 3:23:00 PM UTC	1249428180000	37	30	no	39.3	262.1	20506	20827	9254	6515	0	44274	2833	2352	471	4618	3261	1247
August 4, 2009 3:24:00 PM UTC	1249428240000	38	31	no	39.1	262.2	20506	20827	9244	6585	0	44214	2789	2508	281	4596	3231	1345
August 4, 2009 3:25:00 PM UTC	1249428300000	40	32	yes	38.9	262.4	20506	20827	9255	6514	0	44274	2826	2648	178	4589	3260	1308
August 4, 2009 3:26:00 PM UTC	1249428360000	41	34	yes	38.7	262.6	20506	20827	9255	6514	0	44274	2835	2482	353	4564	3173	1352
August 4, 2009 3:27:00 PM UTC	1249428420000	41	35	yes	38.5	262.7	20506	20827	9256	6513	0	44274	2838	2406	432	4546	3226	1314
August 4, 2009 3:28:00 PM UTC	1249428480000	41	35	yes	38.3	262.9	20506	20827	9256	6513	0	44274	2830	2230	597	4536	3182	1351
August 4, 2009 3:29:00 PM UTC	1249428540000	38	34	yes	38.1	263.1	20506	20827	9257	6583	0	44203	2808	1743	921	4518	3251	1267
August 4, 2009 3:30:00 PM UTC	1249428600000	36	32	no	37.9	263.2	20506	20827	9257	6583	0	44203	2815	1402	1176	4499	3213	1280
August 4, 2009 3:31:00 PM UTC	1249428660000	36	34	yes	37.7	263.4	20506	20827	9245	6660	0	44138	2769	1432	1235	4475	3146	1329
August 4, 2009 3:32:00 PM UTC	1249428720000	35	36	yes	37.5	263.6	20506	20827	9256	6588	0	44199	2814	1721	1061	4464	3045	1419
August 4, 2009 3:33:00 PM UTC	1249428780000	34	37	yes	37.3	263.7	20506	20827	9256	6588	0	44199	2815	1803	1005	4446	3097	1331
August 4, 2009 3:34:00 PM UTC	1249428840000	34	39	yes	37.1	263.9	20506	20827	9257	6580	0	44206	2824	1641	1155	4431	3038	1378
August 4, 2009 3:35:00 PM UTC	1249428900000	32	40	yes	36.9	264.1	20506	20827	9258	6505	0	44280	2849	1385	1388	4413	3145	1264
August 4, 2009 3:36:00 PM UTC	1249428960000	30	41	yes	36.7	264.2	20506	20827	9247	6548	0	44248	2815	1183	1514	4393	3081	1312
August 4, 2009 3:37:00 PM UTC	1249429020000	28	39	yes	36.5	264.4	20506	20827	9258	6489	0	44296	2854	1406	1327	4383	3049	1317
August 4, 2009 3:38:00 PM UTC	1249429080000	26	38	yes	36.3	264.6	20506	20827	9248	6559	0	44236	2816	1577	1082	4356	3130	1215
August 4, 2009 3:39:00 PM UTC	1249429140000	27	32	yes	36.1	264.7	20506	20827	9259	6488	0	44296	2856	1823	921	4344	3436	878
August 4, 2009 3:40:00 PM UTC	1249429200000	27	35	yes	35.9	264.9	20506	20827	9259	6488	0	44296	2854	1479	1023	4331	3191	1116
August 4, 2009 3:41:00 PM UTC	1249429260000	26	39	yes	35.7	265.1	20506	20827	9248	6558	0	44237	2810	1372	907	4316	3235	1062
August 4, 2009 3:42:00 PM UTC	1249429320000	27	38	yes	35.5	265.2	20506	20827	9260	6481	0	44302	2866	1320	997	4291	3365	905
August 4, 2009 3:43:00 PM UTC	1249429380000	28	38	yes	35.3	265.4	20506	20827	9249	6551	0	44243	2827	1169	1248	4271	3540	730
August 4, 2009 3:44:00 PM UTC	1249429440000	27	38	yes	35.1	265.5	20506	20827	9260	6480	0	44303	2872	1182	1219	4256	3486	770
August 4, 2009 3:45:00 PM UTC	1249429500000	27	40	yes	34.9	265.7	20506	20827	9260	6480	0	44303	2868	1254	1165	4245	3414	827
August 4, 2009 3:46:00 PM UTC	1249429560000	27	41	yes	34.7	265.9	20506	20827	9249	6550	0	44244	2821	1322	1270	4226	3466	760
August 4, 2009 3:47:00 PM UTC	1249429620000	27	42	yes	34.5	266.0	20506	20827	9260	6479	0	44304	2871	1403	1366	4208	3503	705
August 4, 2009 3:48:00 PM UTC	1249429680000	27	43	yes	34.3	266.2	20506	20827	9250	6548	0	44245	2831	1539	1156	4187	3522	659
August 4, 2009 3:49:00 PM UTC	1249429740000	27	45	yes	34.1	266.3	20506	20827	9260	6477	0	44306	2874	1789	884	4170	3443	713
August 4, 2009 3:50:00 PM UTC	1249429800000	26	45	yes	33.9	266.5	20506	20827	9260	6477	0	44306	2875	1845	738	4155	3546	609
August 4, 2009 3:51:00 PM UTC	1249429860000	25	47	yes	33.7	266.6	20506	20827	9250	6548	0	44245	2827	1848	554	4141	3443	698
August 4, 2009 3:52:00 PM UTC	1249429920000	25	47	yes	33.5	266.8	20506	20827	9260	6476	0	44307	2876	1959	431	4123	3246	875
August 4, 2009 3:53:00 PM UTC	1249429980000	25	48	yes	33.3	267.0	20506	20827	9248	6626	0	44169	2811	2046	271	4105	3170	922
August 4, 2009 3:54:00 PM UTC	1249430040000	25	50	yes	33.1	267.1	20506	20827	9259	6551	0	44233	2857	2134	300	4088	3167	899
August 4, 2009 3:55:00 PM UTC	1249430100000	25	52	yes	32.9	267.3	20506	20827	9259	6546	0	44238	2861	2189	317	4075	2990	1075
August 4, 2009 3:56:00 PM UTC	1249430160000	25	52	yes	32.7	267.4	20506	20827	9249	6616	0	44178	2812	2165	324	4057	2954	1093
August 4, 2009 3:57:00 PM UTC	1249430220000	25	53	yes	32.5	267.6	20506	20827	9261	6542	0	44240	2855	2199	331	4049	2948	1090
August 4, 2009 3:58:00 PM UTC	1249430280000	25	55	yes	32.3	267.7	20506	20827	9249	6614	0	44180	2813	2050	526	4033	2895	1138
August 4, 2009 3:59:00 PM UTC	1249430340000	24	56	yes	32.1	267.9	20506	20827	9249	6614	0	44180	2809	2068	640	4021	2814	1206
August 4, 2009 4:00:00 PM UTC	1249430400000	25	55	yes	31.9	268.0	20506	20827	9261	6543	0	44239	2854	2016	786	4007	2844	1106
August 4, 2009 4:01:00 PM UTC	1249430460000	25	57	yes	31.7	268.2	20506	20827	9249	6615	0	44179	2802	1823	979	3997	2976	1005
August 4, 2009 4:02:00 PM UTC	1249430520000	25	58	yes	31.5	268.3	20506	20827	9261	6544	0	44238	2836	1771	1063	3987	3027	941
August 4, 2009 4:03:00 PM UTC	1249430580000	24	59	yes	31.3	268.5	20506	20827	9261	6544	0	44238	2829	1831	998	3979	3077	896
August 4, 2009 4:04:00 PM UTC	1249430640000	23	60	yes	31.1	268.6	20506	20827	9249	6616	0	44178	2788	2027	761	3966	2940	1012
August 4, 2009 4:05:00 PM UTC	1249430700000	22	60	yes	30.9	268.8	20506	20827	9261	6470	0	44312	2847	2078	769	3954	2883	1028
August 4, 2009 4:06:00 PM UTC	1249430760000	22	59	yes	30.7	269.0	20506	20827	9249	6541	0	44253	2810	2117	693	3942	2820	1030
August 4, 2009 4:07:00 PM UTC	1249430820000	22	56	yes	30.5	269.1	20506	20827	9261	6469	0	44313	2831	2209	622	3940	2886	1029
August 4, 2009 4:08:00 PM UTC	1249430880000	23	54	yes	30.3	269.3	20506	20827	9261	6469	0	44313	2832	2194	638	3924	3015	892
August 4, 2009 4:09:00 PM UTC	1249430940000	23	54	yes	30.1	269.4	20506	20827	9249	6539	0	44255	2769	2238	506	3918	3148	752
August 4, 2009 4:10:00 PM UTC	1249431000000	25	51	yes	29.9	269.6	20506	20827	9261	6468	0	44314	2815	2462	332	3908	3288	613
August 4, 2009 4:11:00 PM UTC	1249431060000	26	53	yes	29.7	269.7	20506	20827	9261	6468	0	44314	2811	2512	274	3902	3159	704
August 4, 2009 4:12:00 PM UTC	1249431120000	27	54	yes	29.5	269.9	20506	20827	9261	6468	0	44314	2800	2620	180	3897	3194	696
August 4, 2009 4:13:00 PM UTC	1249431180000	27	53	yes	29.3	270.0	20506	20827	9261	6468	0	44314	2793	2744	49	3892	3088	804
August 4, 2009 4:14:00 PM UTC	1249431240000	27	52	yes	29.1	270.2	20506	20827	9249	6612	0	44182	2726	2681	45	3883	3188	695
August 4, 2009 4:15:00 PM UTC	1249431300000	28	52	yes	28.9	270.3	20506	20827	9261	6460	0	44322	2783	2727	56	3872	3307	565
August 4, 2009 4:16:00 PM UTC	1249431360000	27	52	yes	28.7	270.4	20506	20827	9261	6460	0	44322	2780	2595	185	3863	3366	497
August 4, 2009 4:17:00 PM UTC	1249431420000	27	52	yes	28.5	270.6	20506	20827	9249	6531	0	44263	2698	2518	180	3867	3411	456
August 4, 2009 4:18:00 PM UTC	1249431480000	27	52	yes	28.3	270.7	20506	20827	9261	6461	0	44321	2757	2634	123	3854	3464	386
August 4, 2009 4:19:00 PM UTC	1249431540000	26	55	yes	28.1	270.9	20506	20827	9261	6461	0	44321	2745	2614	131	3852	3493	359
August 4, 2009 4:20:00 PM UTC	1249431600000	26	56	yes	27.9	271.0	20506	20827	9249	6533	0	44261	2703	2603	100	3846	3530	316
August 4, 2009 4:21:00 PM UTC	1249431660000	27	56	yes	27.7	271.2	20506	20827	9261	6462	0	44320	2728	2635	93	3838	3521	317
August 4, 2009 4:22:00 PM UTC	1249431720000	29	56	yes	27.5	271.3	20506	20827	9249	6616	0	44178	2653	2432	218	3841	3610	231
August 4, 2009 4:23:00 PM UTC	1249431780000	30	54	yes	27.3	271.5	20506	20827	9249	6616	0	44178	2643	2175	453	3835	3610	225
August 4, 2009 4:24:00 PM UTC	1249431840000	31	54	yes	27.1	271.6	20506	20827	9261	6544	0	44238	2669	2163	493	3830	3619	211
August 4, 2009 4:25:00 PM UTC	1249431900000	34	51	yes	26.9	271.8	20506	20827	9249	6615	0	44179	2630	2181	448	3823	3693	130
August 4, 2009 4:26:00 PM UTC	1249431960000	35	53	yes	26.7	271.9	20506	20827	9261	6543	0	44239	2659	2272	387	3820	3611	194
August 4, 2009 4:27:00 PM UTC	1249432020000	36	50	yes	26.5	272.1	20506	20827	9261	6543	0	44239	2640	2245	395	3827	3647	145
August 4, 2009 4:28:00 PM UTC	1249432080000	37	49	yes	26.3	272.2	20506	20827	9249	6614	0	44180	2593	2212	375	3819	3546	217
August 4, 2009 4:29:00 PM UTC	1249432140000	37	48	yes	26.1	272.4	20506	20827	9261	6542	0	44240	2618	2359	259	3818	3449	268
August 4, 2009 4:30:00 PM UTC	1249432200000	37	47	yes	25.9	272.5	20506	20827	9261	6542	0	44240	2607	2353	254	3814	3431	287
August 4, 2009 4:31:00 PM UTC	1249432260000	40	46	yes	25.7	272.6	20506	20827	9249	6616	0	44178	2561	2347	214	3813	3397	377
August 4, 2009 4:32:00 PM UTC	1249432320000	39	45	yes	25.5	272.8	20506	20827	9259	6546	0	44238	2591	2423	168	3809	3368	432
August 4, 2009 4:33:00 PM UTC	1249432380000	38	46	yes	25.3	272.9	20506	20827	9249	6621	0	44173	2539	2423	116	3808	3448	360
August 4, 2009 4:34:00 PM UTC	1249432440000	36	47	yes	25.1	273.1	20506	20827	9258	6555	0	44230	2566	2517	49	3805	3280	525
August 4, 2009 4:35:00 PM UTC	1249432500000	35	49	yes	24.9	273.2	20506	20827	9260	6483	0	44300	2571	2563	8	3803	3055	748
August 4, 2009 4:36:00 PM UTC	1249432560000	33	47	yes	24.7	273.4	20506	20827	9250	6553	0	44240	2514	2496	18	3807	3045	762
August 4, 2009 4:37:00 PM UTC	1249432620000	33	47	yes	24.5	273.5	20506	20827	9260	6482	0	44301	2541	2511	30	3807	2885	922
August 4, 2009 4:38:00 PM UTC	1249432680000	31	48	yes	24.3	273.6	20506	20827	9260	6482	0	44301	2530	2483	47	3803	2918	885
August 4, 2009 4:39:00 PM UTC	1249432740000	29	49	yes	24.1	273.8	20506	20827	9250	6551	0	44242	2479	2388	91	3804	2994	810
August 4, 2009 4:40:00 PM UTC	1249432800000	26	52	yes	23.9	273.9	20506	20827	9260	6480	0	44303	2502	2438	64	3809	2841	968
August 4, 2009 4:41:00 PM UTC	1249432860000	24	52	yes	23.7	274.1	20506	20827	9260	6480	0	44303	2491	2415	76	3807	2931	876
August 4, 2009 4:42:00 PM UTC	1249432920000	23	52	yes	23.5	274.2	20506	20827	9249	6550	0	44244	2443	2436	7	3810	2845	953
August 4, 2009 4:43:00 PM UTC	1249432980000	22	51	yes	23.3	274.4	20506	20827	9260	6479	0	44304	2463	2385	77	3811	2841	969
August 4, 2009 4:44:00 PM UTC	1249433040000	22	50	yes	23.1	274.5	20506	20827	9260	6479	2	44302	2455	2369	83	3808	2930	869
August 4, 2009 4:45:00 PM UTC	1249433100000	21	51	yes	22.9	274.6	20506	20827	9249	6549	6	44239	2398	2290	102	3816	3033	783
August 4, 2009 4:46:00 PM UTC	1249433160000	21	50	yes	22.7	274.8	20506	20827	9260	6478	18	44287	2422	2322	82	3818	3099	719
August 4, 2009 4:47:00 PM UTC	1249433220000	20	49	yes	22.5	274.9	20506	20827	9248	6554	25	44216	2375	2314	36	3820	3090	730
August 4, 2009 4:48:00 PM UTC	1249433280000	20	44	yes	22.3	275.1	20506	20827	9259	6483	43	44258	2392	2323	26	3821	3140	679
August 4, 2009 4:49:00 PM UTC	1249433340000	20	42	yes	22.1	275.2	20506	20827	9259	6483	55	44246	2376	2306	15	3827	3168	652
August 4, 2009 4:50:00 PM UTC	1249433400000	20	39	yes	21.9	275.4	20506	20827	9248	6554	59	44182	2331	2262	10	3825	3167	653
August 4, 2009 4:51:00 PM UTC	1249433460000	20	36	yes	21.7	275.5	20506	20827	9258	6483	80	44222	2354	2249	25	3826	3222	596
August 4, 2009 4:52:00 PM UTC	1249433520000	21	35	yes	21.5	275.6	20506	20827	9258	6472	95	44218	2336	2235	6	3833	3352	451
August 4, 2009 4:53:00 PM UTC	1249433580000	21	35	yes	21.3	275.8	20506	20827	9247	6543	97	44156	2288	2180	11	3835	3295	529
August 4, 2009 4:54:00 PM UTC	1249433640000	21	36	yes	21.1	275.9	20506	20827	9258	6500	115	44170	2308	2191	2	3838	3176	662
August 4, 2009 4:55:00 PM UTC	1249433700000	21	37	yes	20.9	276.1	20506	20827	9258	6500	120	44165	2289	2169	0	3847	3215	632
August 4, 2009 4:56:00 PM UTC	1249433760000	20	39	yes	20.7	276.2	20506	20827	9246	6653	118	44026	2231	2106	7	3846	3205	637
August 4, 2009 4:57:00 PM UTC	1249433820000	21	40	yes	20.5	276.3	20506	20827	9256	6590	140	44057	2248	2096	12	3850	3390	421
August 4, 2009 4:58:00 PM UTC	1249433880000	23	38	yes	20.3	276.5	20506	20827	9256	6590	150	44047	2227	2074	3	3862	3537	308
August 4, 2009 4:59:00 PM UTC	1249433940000	24	38	yes	20.1	276.6	20506	20827	9257	6581	149	44056	2220	2065	6	3862	3619	243
August 4, 2009 5:00:00 PM UTC	1249434000000	24	41	yes	19.9	276.8	20506	20827	9257	6581	151	44054	2203	2040	12	3872	3651	221
August 4, 2009 5:01:00 PM UTC	1249434060000	24	42	yes	19.7	276.9	20506	20827	9257	6581	161	44044	2189	2026	1	3878	3673	205
August 4, 2009 5:02:00 PM UTC	1249434120000	25	41	yes	19.5	277.0	20506	20827	9256	6518	163	44106	2179	2013	3	3885	3777	108
August 4, 2009 5:03:00 PM UTC	1249434180000	24	41	yes	19.3	277.2	20506	20827	9256	6518	172	44097	2172	2000	0	3885	3752	133
August 4, 2009 5:04:00 PM UTC	1249434240000	24	40	yes	19.1	277.3	20506	20827	9256	6518	182	44087	2155	1973	0	3894	3704	190
August 4, 2009 5:05:00 PM UTC	1249434300000	23	40	yes	18.9	277.5	20506	20827	9255	6517	203	44068	2142	1936	2	3897	3561	336
August 4, 2009 5:06:00 PM UTC	1249434360000	22	41	yes	18.7	277.6	20506	20827	9255	6517	221	44050	2122	1901	0	3908	3481	427
August 4, 2009 5:07:00 PM UTC	1249434420000	22	43	yes	18.5	277.7	20506	20827	9255	6517	223	44048	2104	1876	5	3918	3419	499
August 4, 2009 5:08:00 PM UTC	1249434480000	22	43	yes	18.3	277.9	20506	20827	9254	6516	234	44039	2093	1841	13	3921	3421	500
August 4, 2009 5:09:00 PM UTC	1249434540000	21	46	yes	18.1	278.0	20506	20827	9254	6516	249	44024	2078	1806	23	3932	3484	436
August 4, 2009 5:10:00 PM UTC	1249434600000	21	43	yes	17.9	278.2	20506	20827	9253	6526	267	43997	2056	1789	0	3938	3443	471
August 4, 2009 5:11:00 PM UTC	1249434660000	21	43	yes	17.7	278.3	20506	20827	9252	6518	276	43997	2043	1756	11	3942	3378	559
August 4, 2009 5:12:00 PM UTC	1249434720000	21	43	yes	17.5	278.4	20506	20827	9252	6518	281	43992	2025	1744	0	3962	3283	663
August 4, 2009 5:13:00 PM UTC	1249434780000	20	44	yes	17.3	278.6	20506	20827	9240	6598	273	43932	1975	1698	4	3959	3310	649
August 4, 2009 5:14:00 PM UTC	1249434840000	21	43	yes	17.1	278.7	20506	20827	9251	6518	293	43981	1993	1700	0	3978	3392	586
August 4, 2009 5:15:00 PM UTC	1249434900000	21	43	yes	16.9	278.9	20506	20827	9251	6518	301	43973	1982	1681	0	3990	3208	782
August 4, 2009 5:16:00 PM UTC	1249434960000	19	45	yes	16.7	279.0	20506	20827	9250	6516	308	43969	1965	1657	0	3985	3149	836
August 4, 2009 5:17:00 PM UTC	1249435020000	19	44	yes	16.5	279.1	20506	20827	9250	6547	317	43929	1948	1630	1	4010	3045	965
August 4, 2009 5:18:00 PM UTC	1249435080000	19	43	yes	16.3	279.3	20506	20827	9250	6547	317	43929	1928	1607	4	4006	3038	968
August 4, 2009 5:19:00 PM UTC	1249435140000	19	43	yes	16.1	279.4	20506	20827	9247	6558	325	43913	1909	1520	63	4022	3132	890
August 4, 2009 5:20:00 PM UTC	1249435200000	19	41	yes	15.9	279.6	20506	20827	9247	6558	330	43908	1894	1558	6	4034	3146	886
August 4, 2009 5:21:00 PM UTC	1249435260000	19	44	yes	15.7	279.7	20506	20827	9247	6558	333	43905	1877	1543	1	4041	3121	920
August 4, 2009 5:22:00 PM UTC	1249435320000	19	44	yes	15.5	279.8	20506	20827	9246	6558	342	43897	1860	1516	2	4062	3141	901
August 4, 2009 5:23:00 PM UTC	1249435380000	19	43	yes	15.3	280.0	20506	20827	9246	6558	350	43889	1847	1496	1	4067	3246	736
August 4, 2009 5:24:00 PM UTC	1249435440000	18	43	yes	15.1	280.1	20506	20827	9246	6558	354	43885	1828	1473	1	4079	3234	821
August 4, 2009 5:25:00 PM UTC	1249435500000	18	43	yes	15.0	280.3	20506	20827	9245	6558	360	43880	1815	1430	25	4087	3319	711
August 4, 2009 5:26:00 PM UTC	1249435560000	19	43	yes	14.8	280.4	20506	20827	9245	6558	366	43874	1794	1428	0	4107	3376	700
August 4, 2009 5:27:00 PM UTC	1249435620000	19	43	yes	14.6	280.5	20506	20827	9245	6558	373	43867	1784	1388	23	4112	3464	629
August 4, 2009 5:28:00 PM UTC	1249435680000	20	41	yes	14.4	280.7	20506	20827	9244	6497	377	43925	1772	1395	0	4125	3430	695
August 4, 2009 5:29:00 PM UTC	1249435740000	20	40	yes	14.2	280.8	20506	20827	9244	6497	383	43919	1750	1345	22	4144	3452	690
August 4, 2009 5:30:00 PM UTC	1249435800000	21	41	yes	14.0	281.0	20506	20827	9244	6493	387	43919	1739	1330	22	4152	3486	654
August 4, 2009 5:31:00 PM UTC	1249435860000	21	41	yes	13.8	281.1	20506	20827	9242	6501	386	43914	1721	1327	8	4166	3396	751
August 4, 2009 5:32:00 PM UTC	1249435920000	21	41	yes	13.6	281.2	20506	20827	9242	6501	387	43913	1709	1321	1	4177	3382	759
August 4, 2009 5:33:00 PM UTC	1249435980000	19	42	yes	13.4	281.4	20506	20827	9253	6427	403	43960	1717	1300	14	4195	3362	831
August 4, 2009 5:34:00 PM UTC	1249436040000	18	43	yes	13.2	281.5	20506	20827	9244	6483	404	43912	1669	1258	7	4215	3272	936
August 4, 2009 5:35:00 PM UTC	1249436100000	19	42	yes	13.0	281.7	20506	20827	9244	6483	409	43907	1659	1237	13	4226	3305	920
August 4, 2009 5:36:00 PM UTC	1249436160000	17	43	yes	12.8	281.8	20506	20827	9254	6427	418	43944	1662	1236	7	4246	3325	889
August 4, 2009 5:37:00 PM UTC	1249436220000	17	44	yes	12.6	281.9	20506	20827	9240	6591	401	43811	1606	1202	3	4262	3300	933
August 4, 2009 5:38:00 PM UTC	1249436280000	17	44	yes	12.4	282.1	20506	20827	9240	6591	405	43807	1596	1169	22	4274	3320	843
August 4, 2009 5:39:00 PM UTC	1249436340000	17	44	yes	12.2	282.2	20506	20827	9251	6522	419	43851	1604	1174	10	4289	3330	883
August 4, 2009 5:40:00 PM UTC	1249436400000	17	43	yes	12.0	282.4	20506	20827	9240	6592	409	43802	1555	1132	14	4311	3394	910
August 4, 2009 5:41:00 PM UTC	1249436460000	16	43	yes	11.8	282.5	20506	20827	9240	6626	418	43759	1539	1117	4	4326	3299	1027
August 4, 2009 5:42:00 PM UTC	1249436520000	16	43	yes	11.6	282.6	20506	20827	9251	6558	432	43802	1554	1110	12	4338	3189	1149
August 4, 2009 5:43:00 PM UTC	1249436580000	17	43	yes	11.4	282.8	20506	20827	9242	6609	427	43765	1516	1087	2	4356	3198	1158
August 4, 2009 5:44:00 PM UTC	1249436640000	17	42	yes	11.2	282.9	20506	20827	9242	6609	428	43764	1500	1065	7	4372	3329	1022
August 4, 2009 5:45:00 PM UTC	1249436700000	17	42	yes	11.0	283.1	20506	20827	9251	6556	438	43798	1502	1057	7	4392	3436	942
August 4, 2009 5:46:00 PM UTC	1249436760000	18	40	yes	10.8	283.2	20506	20827	9240	6625	428	43750	1462	1030	4	4404	3593	810
August 4, 2009 5:47:00 PM UTC	1249436820000	17	41	yes	10.6	283.3	20506	20827	9240	6625	429	43749	1446	1014	3	4422	3467	955
August 4, 2009 5:48:00 PM UTC	1249436880000	16	42	yes	10.4	283.5	20506	20827	9251	6553	435	43804	1451	1011	5	4441	3413	1026
August 4, 2009 5:49:00 PM UTC	1249436940000	15	41	yes	10.2	283.6	20506	20827	9240	6623	431	43749	1413	976	6	4453	3326	1091
August 4, 2009 5:50:00 PM UTC	1249437000000	16	38	yes	10.0	283.8	20506	20827	9250	6554	440	43799	1420	969	11	4471	3405	1003
August 4, 2009 5:51:00 PM UTC	1249437060000	17	35	yes	9.8	283.9	20506	20827	9250	6554	444	43795	1398	949	5	4495	3521	829
August 4, 2009 5:52:00 PM UTC	1249437120000	18	34	yes	9.7	284.0	20506	20827	9238	6637	434	43734	1356	919	1	4501	3600	739
August 4, 2009 5:53:00 PM UTC	1249437180000	18	32	yes	9.5	284.2	20506	20827	9250	6502	447	43844	1368	920	1	4526	3748	710
August 4, 2009 5:54:00 PM UTC	1249437240000	18	34	yes	9.3	284.3	20506	20827	9250	6502	449	43842	1358	909	1	4536	3809	642
August 4, 2009 5:55:00 PM UTC	1249437300000	17	35	yes	9.1	284.5	20506	20827	9241	6571	444	43787	1319	875	0	4549	3704	771
August 4, 2009 5:56:00 PM UTC	1249437360000	17	35	yes	8.9	284.6	20506	20827	9250	6500	457	43836	1325	869	1	4570	3671	868
August 4, 2009 5:57:00 PM UTC	1249437420000	18	34	yes	8.7	284.7	20506	20827	9250	6500	457	43836	1307	850	2	4587	3731	806
August 4, 2009 5:58:00 PM UTC	1249437480000	16	36	yes	8.5	284.9	20506	20827	9239	6569	449	43786	1264	818	0	4604	3493	1077
August 4, 2009 5:59:00 PM UTC	1249437540000	16	34	yes	8.3	285.0	20506	20827	9248	6517	461	43817	1269	811	2	4620	3369	1242
August 4, 2009 6:00:00 PM UTC	1249437600000	15	33	yes	8.1	285.2	20506	20827	9248	6517	460	43818	1251	794	3	4635	3308	1321
August 4, 2009 6:01:00 PM UTC	1249437660000	15	33	yes	7.9	285.3	20506	20827	9238	6584	454	43767	1218	772	0	4646	3414	1224
August 4, 2009 6:02:00 PM UTC	1249437720000	15	32	yes	7.7	285.4	20506	20827	9248	6516	469	43810	1222	762	2	4666	3462	1178
August 4, 2009 6:03:00 PM UTC	1249437780000	15	32	yes	7.5	285.6	20506	20827	9248	6516	465	43814	1206	752	0	4684	3494	1151
August 4, 2009 6:04:00 PM UTC	1249437840000	15	32	yes	7.3	285.7	20506	20827	9248	6514	467	43814	1191	734	3	4701	3536	1010
August 4, 2009 6:05:00 PM UTC	1249437900000	15	32	yes	7.1	285.9	20506	20827	9248	6514	465	43816	1174	722	3	4717	3632	1027
August 4, 2009 6:06:00 PM UTC	1249437960000	15	31	yes	6.9	286.0	20506	20827	9247	6555	465	43776	1152	704	0	4733	3601	1086
August 4, 2009 6:07:00 PM UTC	1249438020000	15	28	yes	6.7	286.2	20506	20827	9246	6556	466	43775	1135	681	5	4751	3583	1140
August 4, 2009 6:08:00 PM UTC	1249438080000	15	27	yes	6.6	286.3	20506	20827	9246	6556	466	43775	1123	663	13	4763	3673	1056
August 4, 2009 6:09:00 PM UTC	1249438140000	15	26	yes	6.4	286.4	20506	20827	9246	6556	466	43775	1107	660	0	4778	3689	1069
August 4, 2009 6:10:00 PM UTC	1249438200000	15	26	yes	6.2	286.6	20506	20827	9247	6554	467	43775	1093	648	0	4794	3660	1112
August 4, 2009 6:11:00 PM UTC	1249438260000	15	24	yes	6.0	286.7	20506	20827	9247	6554	472	43770	1079	631	0	4808	3728	1056
August 4, 2009 6:12:00 PM UTC	1249438320000	15	24	no	5.8	286.9	20506	20827	9247	6554	480	43762	1063	604	5	4821	3700	1095
August 4, 2009 6:13:00 PM UTC	1249438380000	15	23	no	5.6	287.0	20506	20827	9244	6572	484	43743	1042	589	0	4834	3579	1217
August 4, 2009 6:14:00 PM UTC	1249438440000	14	22	no	5.4	287.2	20506	20827	9244	6572	497	43730	1027	565	0	4849	3397	1403
August 4, 2009 6:15:00 PM UTC	1249438500000	13	21	yes	5.2	287.3	20506	20827	9246	6502	507	43788	1015	544	0	4870	3462	1331
August 4, 2009 6:16:00 PM UTC	1249438560000	13	21	yes	5.0	287.4	20506	20827	9245	6495	514	43789	1000	523	0	4889	3589	1220
August 4, 2009 6:17:00 PM UTC	1249438620000	13	20	yes	4.8	287.6	20506	20827	9245	6495	518	43785	976	474	22	4912	3584	1226
August 4, 2009 6:18:00 PM UTC	1249438680000	13	18	yes	4.6	287.7	20506	20827	9256	6432	539	43816	982	483	3	4927	3498	1225
August 4, 2009 6:19:00 PM UTC	1249438740000	12	17	yes	4.4	287.9	20506	20827	9244	6524	534	43741	942	424	28	4934	3444	1222
August 4, 2009 6:20:00 PM UTC	1249438800000	12	19	yes	4.3	288.0	20506	20827	9244	6524	546	43729	927	397	34	4949	3097	1480
August 4, 2009 6:21:00 PM UTC	1249438860000	11	20	yes	4.1	288.2	20506	20827	9254	6451	568	43770	935	391	28	4968	2825	1605
August 4, 2009 6:22:00 PM UTC	1249438920000	11	21	yes	3.9	288.3	20506	20827	9256	6430	591	43766	924	370	22	4988	2682	1577
August 4, 2009 6:23:00 PM UTC	1249438980000	10	20	yes	3.7	288.5	20506	20827	9244	6510	602	43687	891	319	39	4992	2585	1543
August 4, 2009 6:24:00 PM UTC	1249439040000	9	17	yes	3.5	288.6	20506	20827	9255	6440	640	43708	892	321	12	5018	2559	1344
August 4, 2009 6:25:00 PM UTC	1249439100000	9	15	yes	3.3	288.7	20506	20827	9252	6463	673	43655	873	302	1	5027	2581	1225
August 4, 2009 6:26:00 PM UTC	1249439160000	9	14	yes	3.1	288.9	20506	20827	9241	6531	692	43579	838	219	45	5033	2669	1125
