February 15, 2008 6:53:00 AM UTC	1203087180000	0	0	yes	3.1	108.4	20506	20827	9244	6514	693	43592	842	30	11	5043	17	6
February 15, 2008 6:54:00 AM UTC	1203087240000	1	0	yes	3.3	108.5	20506	20827	9255	6444	655	43689	875	51	12	5033	26	7
February 15, 2008 6:55:00 AM UTC	1203087300000	1	0	yes	3.5	108.7	20506	20827	9252	6464	617	43710	882	48	12	5017	28	11
February 15, 2008 6:56:00 AM UTC	1203087360000	1	0	yes	3.6	108.8	20506	20827	9241	6531	575	43696	878	54	11	4993	25	6
February 15, 2008 6:57:00 AM UTC	1203087420000	1	0	yes	3.8	109.0	20506	20827	9252	6464	554	43773	917	72	18	4981	34	7
February 15, 2008 6:58:00 AM UTC	1203087480000	1	0	yes	4.0	109.1	20506	20827	9252	6464	538	43789	927	74	24	4973	35	11
February 15, 2008 6:59:00 AM UTC	1203087540000	0	0	yes	4.2	109.3	20506	20827	9244	6535	545	43719	934	24	14	4944	11	11
February 15, 2008 7:00:00 AM UTC	1203087600000	1	0	yes	4.4	109.5	20506	20827	9252	6467	534	43790	961	41	18	4939	21	12
February 15, 2008 7:01:00 AM UTC	1203087660000	1	0	yes	4.6	109.6	20506	20827	9248	6489	516	43790	970	39	21	4919	15	12
February 15, 2008 7:02:00 AM UTC	1203087720000	1	0	yes	4.8	109.8	20506	20827	9249	6489	504	43801	987	57	17	4903	23	7
February 15, 2008 7:03:00 AM UTC	1203087780000	0	0	yes	5.0	109.9	20506	20827	9248	6610	494	43691	992	54	18	4889	18	9
February 15, 2008 7:04:00 AM UTC	1203087840000	0	0	yes	5.2	110.1	20506	20827	9248	6610	487	43698	1012	50	26	4869	17	9
February 15, 2008 7:05:00 AM UTC	1203087900000	1	0	yes	5.3	110.2	20506	20827	9250	6588	474	43731	1031	71	27	4860	25	8
February 15, 2008 7:06:00 AM UTC	1203087960000	1	0	yes	5.5	110.4	20506	20827	9248	6542	465	43788	1046	79	24	4843	27	10
February 15, 2008 7:07:00 AM UTC	1203088020000	0	0	yes	5.7	110.5	20506	20827	9248	6542	468	43785	1061	44	31	4827	17	11
February 15, 2008 7:08:00 AM UTC	1203088080000	0	0	yes	5.9	110.7	20506	20827	9248	6542	462	43791	1077	52	41	4811	13	12
February 15, 2008 7:09:00 AM UTC	1203088140000	0	0	yes	6.1	110.9	20506	20827	9248	6542	458	43795	1093	52	46	4794	12	18
February 15, 2008 7:10:00 AM UTC	1203088200000	0	0	yes	6.3	111.0	20506	20827	9247	6544	453	43799	1105	56	31	4783	21	9
February 15, 2008 7:11:00 AM UTC	1203088260000	0	0	yes	6.5	111.2	20506	20827	9243	6577	449	43774	1116	58	61	4760	19	11
February 15, 2008 7:12:00 AM UTC	1203088320000	0	0	yes	6.7	111.3	20506	20827	9243	6577	452	43771	1129	58	38	4744	18	12
February 15, 2008 7:13:00 AM UTC	1203088380000	1	0	yes	6.9	111.5	20506	20827	9243	6577	444	43779	1144	75	46	4728	17	14
February 15, 2008 7:14:00 AM UTC	1203088440000	0	0	yes	7.0	111.6	20506	20827	9243	6577	462	43761	1159	26	52	4720	3	18
February 15, 2008 7:15:00 AM UTC	1203088500000	0	0	yes	7.2	111.8	20506	20827	9258	6485	464	43836	1198	51	38	4714	12	14
February 15, 2008 7:16:00 AM UTC	1203088560000	0	0	yes	7.4	112.0	20506	20827	9245	6576	451	43771	1187	49	44	4690	10	9
February 15, 2008 7:17:00 AM UTC	1203088620000	0	0	yes	7.6	112.1	20506	20827	9245	6576	455	43767	1198	54	68	4678	9	46
February 15, 2008 7:18:00 AM UTC	1203088680000	0	0	yes	7.8	112.3	20506	20827	9256	6510	461	43816	1240	54	44	4659	12	11
February 15, 2008 7:19:00 AM UTC	1203088740000	1	0	yes	8.0	112.4	20506	20827	9245	6576	453	43769	1233	57	59	4643	12	27
February 15, 2008 7:20:00 AM UTC	1203088800000	1	0	yes	8.2	112.6	20506	20827	9253	6510	457	43823	1271	75	43	4631	15	13
February 15, 2008 7:21:00 AM UTC	1203088860000	0	0	yes	8.3	112.8	20506	20827	9248	6549	459	43787	1274	42	57	4615	6	55
February 15, 2008 7:22:00 AM UTC	1203088920000	0	0	yes	8.5	112.9	20506	20827	9240	6603	449	43751	1270	37	39	4598	4	9
February 15, 2008 7:23:00 AM UTC	1203088980000	0	0	yes	8.7	113.1	20506	20827	9251	6537	450	43805	1307	44	25	4584	8	8
February 15, 2008 7:24:00 AM UTC	1203089040000	0	0	yes	8.9	113.2	20506	20827	9251	6537	451	43804	1320	47	41	4570	8	14
February 15, 2008 7:25:00 AM UTC	1203089100000	1	0	yes	9.1	113.4	20506	20827	9255	6453	456	43879	1353	65	33	4553	11	6
February 15, 2008 7:26:00 AM UTC	1203089160000	1	0	yes	9.3	113.6	20506	20827	9251	6480	447	43865	1352	61	35	4544	11	35
February 15, 2008 7:27:00 AM UTC	1203089220000	1	0	yes	9.4	113.7	20506	20827	9241	6546	436	43820	1353	67	39	4519	11	15
February 15, 2008 7:28:00 AM UTC	1203089280000	0	0	yes	9.6	113.9	20506	20827	9251	6481	442	43869	1386	37	59	4508	7	49
February 15, 2008 7:29:00 AM UTC	1203089340000	0	0	yes	9.8	114.0	20506	20827	9251	6481	441	43870	1396	38	57	4500	9	14
February 15, 2008 7:30:00 AM UTC	1203089400000	0	0	yes	10.0	114.2	20506	20827	9246	6559	434	43804	1406	48	53	4475	9	30
February 15, 2008 7:31:00 AM UTC	1203089460000	0	0	yes	10.2	114.4	20506	20827	9246	6559	430	43808	1419	46	47	4462	8	13
February 15, 2008 7:32:00 AM UTC	1203089520000	0	0	yes	10.4	114.5	20506	20827	9246	6559	429	43809	1435	47	51	4444	8	22
February 15, 2008 7:33:00 AM UTC	1203089580000	1	0	yes	10.5	114.7	20506	20827	9249	6529	432	43833	1462	63	42	4432	9	5
February 15, 2008 7:34:00 AM UTC	1203089640000	1	0	yes	10.7	114.9	20506	20827	9246	6559	425	43813	1471	62	39	4411	10	6
February 15, 2008 7:35:00 AM UTC	1203089700000	0	0	yes	10.9	115.0	20506	20827	9257	6494	437	43855	1503	32	114	4402	4	12
February 15, 2008 7:36:00 AM UTC	1203089760000	0	0	yes	11.1	115.2	20506	20827	9246	6559	425	43813	1498	37	122	4386	4	8
February 15, 2008 7:37:00 AM UTC	1203089820000	0	0	yes	11.3	115.4	20506	20827	9246	6559	423	43815	1513	37	95	4369	4	14
February 15, 2008 7:38:00 AM UTC	1203089880000	0	0	yes	11.5	115.5	20506	20827	9256	6493	429	43865	1545	46	113	4363	6	22
February 15, 2008 7:39:00 AM UTC	1203089940000	0	0	yes	11.6	115.7	20506	20827	9242	6587	414	43800	1530	52	35	4342	5	14
February 15, 2008 7:40:00 AM UTC	1203090000000	0	0	yes	11.8	115.9	20506	20827	9255	6508	424	43856	1575	68	56	4327	4	19
February 15, 2008 7:41:00 AM UTC	1203090060000	1	1	yes	12.0	116.0	20506	20827	9255	6508	420	43860	1589	66	200	4314	3	20
February 15, 2008 7:42:00 AM UTC	1203090120000	0	0	yes	12.2	116.2	20506	20827	9245	6573	412	43813	1581	34	49	4297	0	10
February 15, 2008 7:43:00 AM UTC	1203090180000	0	0	yes	12.4	116.4	20506	20827	9252	6474	416	43901	1619	45	64	4280	0	4
February 15, 2008 7:44:00 AM UTC	1203090240000	0	0	yes	12.5	116.5	20506	20827	9241	6538	403	43861	1610	41	66	4264	1	17
February 15, 2008 7:45:00 AM UTC	1203090300000	0	0	yes	12.7	116.7	20506	20827	9252	6475	408	43908	1642	57	84	4256	0	20
February 15, 2008 7:46:00 AM UTC	1203090360000	0	1	yes	12.9	116.9	20506	20827	9252	6475	407	43909	1662	66	174	4237	1	28
February 15, 2008 7:47:00 AM UTC	1203090420000	0	0	yes	13.1	117.0	20506	20827	9241	6539	392	43871	1640	59	78	4229	1	12
February 15, 2008 7:48:00 AM UTC	1203090480000	1	0	yes	13.3	117.2	20506	20827	9252	6475	402	43914	1688	77	175	4215	1	25
February 15, 2008 7:49:00 AM UTC	1203090540000	0	0	yes	13.4	117.4	20506	20827	9252	6475	399	43917	1697	28	101	4204	2	22
February 15, 2008 7:50:00 AM UTC	1203090600000	0	1	yes	13.6	117.6	20506	20827	9253	6477	397	43916	1722	30	248	4175	1	54
February 15, 2008 7:51:00 AM UTC	1203090660000	0	0	yes	13.8	117.7	20506	20827	9247	6509	382	43905	1714	30	81	4181	0	19
February 15, 2008 7:52:00 AM UTC	1203090720000	0	0	yes	14.0	117.9	20506	20827	9247	6509	380	43907	1733	34	92	4163	0	15
February 15, 2008 7:53:00 AM UTC	1203090780000	0	0	yes	14.1	118.1	20506	20827	9247	6509	381	43906	1755	52	103	4144	0	22
February 15, 2008 7:54:00 AM UTC	1203090840000	0	0	yes	14.3	118.2	20506	20827	9247	6528	373	43895	1760	60	93	4136	0	44
February 15, 2008 7:55:00 AM UTC	1203090900000	0	0	yes	14.5	118.4	20506	20827	9258	6465	378	43942	1800	27	103	4123	0	65
February 15, 2008 7:56:00 AM UTC	1203090960000	0	0	yes	14.7	118.6	20506	20827	9247	6528	366	43902	1783	35	83	4119	0	37
February 15, 2008 7:57:00 AM UTC	1203091020000	0	1	yes	14.8	118.8	20506	20827	9247	6528	357	43911	1808	32	160	4103	0	71
February 15, 2008 7:58:00 AM UTC	1203091080000	0	1	yes	15.0	118.9	20506	20827	9241	6617	350	43835	1797	54	222	4096	0	111
February 15, 2008 7:59:00 AM UTC	1203091140000	0	1	yes	15.2	119.1	20506	20827	9242	6560	347	43894	1826	46	188	4077	0	85
February 15, 2008 8:00:00 AM UTC	1203091200000	0	1	yes	15.4	119.3	20506	20827	9256	6464	353	43970	1876	77	186	4071	0	105
February 15, 2008 8:01:00 AM UTC	1203091260000	0	1	yes	15.6	119.5	20506	20827	9247	6527	337	43932	1866	73	228	4058	0	61
February 15, 2008 8:02:00 AM UTC	1203091320000	0	1	yes	15.7	119.6	20506	20827	9252	6493	340	43958	1886	44	169	4057	0	152
February 15, 2008 8:03:00 AM UTC	1203091380000	0	1	yes	15.9	119.8	20506	20827	9252	6493	335	43963	1906	44	206	4043	0	53
February 15, 2008 8:04:00 AM UTC	1203091440000	0	1	yes	16.1	120.0	20506	20827	9243	6555	323	43922	1897	46	270	4032	0	119
February 15, 2008 8:05:00 AM UTC	1203091500000	0	1	yes	16.2	120.2	20506	20827	9247	6527	315	43954	1915	64	269	4029	0	116
February 15, 2008 8:06:00 AM UTC	1203091560000	0	1	yes	16.4	120.4	20506	20827	9252	6493	320	43978	1949	59	266	4014	0	75
February 15, 2008 8:07:00 AM UTC	1203091620000	1	1	yes	16.6	120.5	20506	20827	9252	6511	311	43969	1956	91	265	4008	0	91
February 15, 2008 8:08:00 AM UTC	1203091680000	0	1	yes	16.8	120.7	20506	20827	9252	6511	311	43969	1974	32	291	3993	0	89
February 15, 2008 8:09:00 AM UTC	1203091740000	0	1	yes	16.9	120.9	20506	20827	9247	6555	294	43947	1967	54	453	3992	0	151
February 15, 2008 8:10:00 AM UTC	1203091800000	0	1	yes	17.1	121.1	20506	20827	9247	6555	291	43950	1986	56	418	3980	0	164
February 15, 2008 8:11:00 AM UTC	1203091860000	0	1	yes	17.3	121.3	20506	20827	9252	6520	295	43976	2015	90	442	3968	0	114
February 15, 2008 8:12:00 AM UTC	1203091920000	1	1	yes	17.5	121.4	20506	20827	9247	6555	287	43954	2010	99	336	3965	0	147
February 15, 2008 8:13:00 AM UTC	1203091980000	0	1	yes	17.6	121.6	20506	20827	9247	6555	277	43964	2022	40	346	3957	0	93
February 15, 2008 8:14:00 AM UTC	1203092040000	0	1	yes	17.8	121.8	20506	20827	9257	6434	281	44071	2074	56	390	3950	0	122
February 15, 2008 8:15:00 AM UTC	1203092100000	0	1	yes	18.0	122.0	20506	20827	9242	6535	262	44004	2044	105	405	3940	0	116
February 15, 2008 8:16:00 AM UTC	1203092160000	0	1	yes	18.1	122.2	20506	20827	9246	6498	262	44037	2065	84	393	3942	0	137
February 15, 2008 8:17:00 AM UTC	1203092220000	1	1	yes	18.3	122.4	20506	20827	9256	6435	265	44087	2112	151	409	3930	0	122
February 15, 2008 8:18:00 AM UTC	1203092280000	1	1	yes	18.5	122.5	20506	20827	9241	6530	241	44031	2083	137	371	3918	0	131
February 15, 2008 8:19:00 AM UTC	1203092340000	0	2	yes	18.6	122.7	20506	20827	9249	6472	240	44082	2125	83	615	3913	0	167
February 15, 2008 8:20:00 AM UTC	1203092400000	0	1	yes	18.8	122.9	20506	20827	9249	6503	230	44061	2127	123	461	3914	0	159
February 15, 2008 8:21:00 AM UTC	1203092460000	0	1	yes	19.0	123.1	20506	20827	9254	6466	229	44094	2163	114	508	3900	0	120
February 15, 2008 8:22:00 AM UTC	1203092520000	0	1	yes	19.2	123.3	20506	20827	9248	6504	214	44077	2159	105	433	3898	0	169
February 15, 2008 8:23:00 AM UTC	1203092580000	1	1	yes	19.3	123.5	20506	20827	9248	6504	209	44082	2174	118	461	3892	0	159
February 15, 2008 8:24:00 AM UTC	1203092640000	1	2	yes	19.5	123.7	20506	20827	9248	6504	201	44090	2182	115	533	3891	0	148
February 15, 2008 8:25:00 AM UTC	1203092700000	1	1	yes	19.7	123.8	20506	20827	9243	6543	186	44071	2174	120	491	3881	0	143
February 15, 2008 8:26:00 AM UTC	1203092760000	1	2	yes	19.8	124.0	20506	20827	9248	6504	183	44108	2210	149	541	3878	0	138
February 15, 2008 8:27:00 AM UTC	1203092820000	0	2	yes	20.0	124.2	20506	20827	9248	6504	171	44120	2216	104	581	3878	0	207
February 15, 2008 8:28:00 AM UTC	1203092880000	1	2	yes	20.2	124.4	20506	20827	9252	6484	168	44139	2238	135	552	3862	0	166
February 15, 2008 8:29:00 AM UTC	1203092940000	0	2	yes	20.3	124.6	20506	20827	9246	6487	154	44156	2234	114	668	3874	0	153
February 15, 2008 8:30:00 AM UTC	1203093000000	1	2	yes	20.5	124.8	20506	20827	9248	6526	148	44121	2258	143	587	3857	0	163
February 15, 2008 8:31:00 AM UTC	1203093060000	1	2	yes	20.6	125.0	20506	20827	9251	6488	148	44156	2282	155	620	3841	0	169
February 15, 2008 8:32:00 AM UTC	1203093120000	1	2	yes	20.8	125.2	20506	20827	9242	6546	128	44127	2264	171	614	3857	0	191
February 15, 2008 8:33:00 AM UTC	1203093180000	0	2	yes	21.0	125.4	20506	20827	9252	6521	129	44141	2295	97	617	3842	0	168
February 15, 2008 8:34:00 AM UTC	1203093240000	0	2	yes	21.1	125.6	20506	20827	9251	6527	119	44146	2311	84	680	3850	0	162
February 15, 2008 8:35:00 AM UTC	1203093300000	0	2	yes	21.3	125.8	20506	20827	9251	6523	111	44158	2318	114	655	3845	0	184
February 15, 2008 8:36:00 AM UTC	1203093360000	0	2	yes	21.5	126.0	20506	20827	9245	6565	94	44139	2310	123	724	3839	0	98
February 15, 2008 8:37:00 AM UTC	1203093420000	0	2	yes	21.6	126.2	20506	20827	9245	6565	81	44152	2326	119	666	3840	0	166
February 15, 2008 8:38:00 AM UTC	1203093480000	1	2	yes	21.8	126.4	20506	20827	9252	6525	77	44189	2350	172	603	3835	0	152
February 15, 2008 8:39:00 AM UTC	1203093540000	0	2	yes	22.0	126.5	20506	20827	9246	6565	62	44170	2348	97	600	3830	0	127
February 15, 2008 8:40:00 AM UTC	1203093600000	0	2	yes	22.1	126.7	20506	20827	9245	6565	51	44182	2350	120	633	3836	0	85
February 15, 2008 8:41:00 AM UTC	1203093660000	0	2	yes	22.3	126.9	20506	20827	9245	6565	43	44190	2371	121	708	3827	0	120
February 15, 2008 8:42:00 AM UTC	1203093720000	1	2	yes	22.4	127.1	20506	20827	9255	6454	37	44297	2420	161	622	3826	0	109
February 15, 2008 8:43:00 AM UTC	1203093780000	1	2	yes	22.6	127.3	20506	20827	9247	6509	22	44265	2406	179	566	3823	0	121
February 15, 2008 8:44:00 AM UTC	1203093840000	1	2	yes	22.8	127.5	20506	20827	9247	6509	13	44274	2413	159	555	3824	0	135
February 15, 2008 8:45:00 AM UTC	1203093900000	0	2	yes	22.9	127.7	20506	20827	9247	6538	7	44251	2425	86	716	3818	0	112
February 15, 2008 8:46:00 AM UTC	1203093960000	0	2	yes	23.1	127.9	20506	20827	9248	6538	2	44255	2437	112	617	3816	0	135
February 15, 2008 8:47:00 AM UTC	1203094020000	0	2	yes	23.2	128.1	20506	20827	9248	6538	0	44257	2445	125	629	3815	0	102
February 15, 2008 8:48:00 AM UTC	1203094080000	0	2	yes	23.4	128.3	20506	20827	9248	6538	0	44257	2451	114	632	3818	0	131
February 15, 2008 8:49:00 AM UTC	1203094140000	1	2	yes	23.5	128.6	20506	20827	9247	6539	0	44257	2464	179	586	3814	0	112
February 15, 2008 8:50:00 AM UTC	1203094200000	1	2	yes	23.7	128.8	20506	20827	9247	6539	0	44257	2476	160	599	3814	0	117
February 15, 2008 8:51:00 AM UTC	1203094260000	1	2	yes	23.9	129.0	20506	20827	9256	6483	0	44304	2512	149	556	3810	0	103
February 15, 2008 8:52:00 AM UTC	1203094320000	0	2	yes	24.0	129.2	20506	20827	9240	6586	0	44217	2467	128	579	3814	0	110
February 15, 2008 8:53:00 AM UTC	1203094380000	0	2	yes	24.2	129.4	20506	20827	9247	6539	0	44257	2501	90	679	3814	0	123
February 15, 2008 8:54:00 AM UTC	1203094440000	0	2	yes	24.3	129.6	20506	20827	9246	6539	0	44258	2517	102	626	3807	0	117
February 15, 2008 8:55:00 AM UTC	1203094500000	0	2	yes	24.5	129.8	20506	20827	9241	6530	0	44272	2510	112	618	3814	0	111
February 15, 2008 8:56:00 AM UTC	1203094560000	0	2	yes	24.6	130.0	20506	20827	9249	6474	0	44320	2552	111	573	3809	0	105
February 15, 2008 8:57:00 AM UTC	1203094620000	0	2	yes	24.8	130.2	20506	20827	9240	6574	0	44229	2512	44	605	3817	0	98
February 15, 2008 8:58:00 AM UTC	1203094680000	0	2	yes	24.9	130.4	20506	20827	9249	6519	0	44275	2560	44	596	3815	0	107
February 15, 2008 8:59:00 AM UTC	1203094740000	0	2	yes	25.1	130.6	20506	20827	9249	6519	0	44275	2569	35	683	3813	0	99
February 15, 2008 9:00:00 AM UTC	1203094800000	0	2	yes	25.2	130.8	20506	20827	9249	6519	0	44275	2578	74	735	3813	0	103
February 15, 2008 9:01:00 AM UTC	1203094860000	0	2	yes	25.4	131.0	20506	20827	9249	6519	0	44275	2584	88	659	3816	0	98
February 15, 2008 9:02:00 AM UTC	1203094920000	0	2	yes	25.5	131.3	20506	20827	9242	6564	0	44237	2568	88	644	3815	0	108
February 15, 2008 9:03:00 AM UTC	1203094980000	0	2	yes	25.7	131.5	20506	20827	9250	6518	0	44275	2603	45	674	3816	0	79
February 15, 2008 9:04:00 AM UTC	1203095040000	0	1	yes	25.9	131.7	20506	20827	9250	6518	0	44275	2614	50	547	3818	0	67
February 15, 2008 9:05:00 AM UTC	1203095100000	0	2	yes	26.0	131.9	20506	20827	9251	6510	0	44282	2625	61	559	3818	0	83
February 15, 2008 9:06:00 AM UTC	1203095160000	0	1	yes	26.1	132.1	20506	20827	9243	6563	0	44237	2603	54	552	3822	0	70
February 15, 2008 9:07:00 AM UTC	1203095220000	0	2	yes	26.3	132.3	20506	20827	9251	6462	0	44330	2655	115	570	3826	0	83
February 15, 2008 9:08:00 AM UTC	1203095280000	0	1	yes	26.4	132.5	20506	20827	9243	6562	0	44238	2622	91	564	3825	0	67
February 15, 2008 9:09:00 AM UTC	1203095340000	0	2	yes	26.6	132.8	20506	20827	9243	6628	0	44172	2621	25	569	3832	0	80
February 15, 2008 9:10:00 AM UTC	1203095400000	0	1	yes	26.7	133.0	20506	20827	9251	6581	0	44211	2651	31	536	3831	0	86
February 15, 2008 9:11:00 AM UTC	1203095460000	0	2	yes	26.9	133.2	20506	20827	9244	6628	0	44171	2631	62	592	3835	0	70
February 15, 2008 9:12:00 AM UTC	1203095520000	0	1	yes	27.0	133.4	20506	20827	9244	6628	0	44171	2640	61	471	3834	0	70
February 15, 2008 9:13:00 AM UTC	1203095580000	0	2	yes	27.2	133.6	20506	20827	9251	6580	0	44212	2679	72	589	3836	0	72
February 15, 2008 9:14:00 AM UTC	1203095640000	0	1	yes	27.3	133.9	20506	20827	9244	6628	0	44171	2656	104	488	3840	0	76
February 15, 2008 9:15:00 AM UTC	1203095700000	0	1	yes	27.5	134.1	20506	20827	9244	6628	0	44171	2662	11	510	3847	0	75
February 15, 2008 9:16:00 AM UTC	1203095760000	0	1	yes	27.6	134.3	20506	20827	9251	6577	0	44215	2702	50	498	3841	0	81
February 15, 2008 9:17:00 AM UTC	1203095820000	0	1	yes	27.8	134.5	20506	20827	9244	6628	0	44171	2678	51	437	3850	0	73
February 15, 2008 9:18:00 AM UTC	1203095880000	0	1	yes	27.9	134.7	20506	20827	9252	6577	0	44214	2712	105	497	3855	0	86
February 15, 2008 9:19:00 AM UTC	1203095940000	0	1	yes	28.0	135.0	20506	20827	9252	6571	0	44220	2716	81	492	3861	0	106
February 15, 2008 9:20:00 AM UTC	1203096000000	0	1	yes	28.2	135.2	20506	20827	9244	6620	0	44179	2701	26	529	3858	0	86
February 15, 2008 9:21:00 AM UTC	1203096060000	0	1	yes	28.3	135.4	20506	20827	9253	6570	0	44220	2727	31	451	3864	0	81
February 15, 2008 9:22:00 AM UTC	1203096120000	0	1	yes	28.5	135.6	20506	20827	9253	6571	0	44219	2752	50	495	3866	0	80
February 15, 2008 9:23:00 AM UTC	1203096180000	0	1	yes	28.6	135.9	20506	20827	9245	6620	0	44178	2714	56	521	3871	0	84
February 15, 2008 9:24:00 AM UTC	1203096240000	0	1	yes	28.7	136.1	20506	20827	9245	6620	0	44178	2724	88	461	3875	0	108
February 15, 2008 9:25:00 AM UTC	1203096300000	0	1	yes	28.9	136.3	20506	20827	9245	6617	0	44181	2727	95	430	3878	0	48
February 15, 2008 9:26:00 AM UTC	1203096360000	0	1	yes	29.0	136.6	20506	20827	9237	6670	0	44136	2693	8	401	3878	0	69
February 15, 2008 9:27:00 AM UTC	1203096420000	0	1	yes	29.2	136.8	20506	20827	9253	6571	0	44219	2757	38	445	3890	0	65
February 15, 2008 9:28:00 AM UTC	1203096480000	0	1	yes	29.3	137.0	20506	20827	9245	6621	0	44177	2752	33	446	3887	0	56
February 15, 2008 9:29:00 AM UTC	1203096540000	0	1	yes	29.4	137.2	20506	20827	9253	6622	0	44168	2760	82	420	3899	0	62
February 15, 2008 9:30:00 AM UTC	1203096600000	0	1	yes	29.6	137.5	20506	20827	9245	6630	0	44168	2755	79	282	3902	0	57
February 15, 2008 9:31:00 AM UTC	1203096660000	0	1	yes	29.7	137.7	20506	20827	9253	6583	0	44207	2778	27	333	3911	0	55
February 15, 2008 9:32:00 AM UTC	1203096720000	0	1	yes	29.8	137.9	20506	20827	9244	6631	0	44168	2758	33	285	3917	0	27
February 15, 2008 9:33:00 AM UTC	1203096780000	0	1	yes	30.0	138.2	20506	20827	9244	6631	0	44168	2767	35	293	3918	0	42
February 15, 2008 9:34:00 AM UTC	1203096840000	0	1	yes	30.1	138.4	20506	20827	9253	6522	0	44268	2816	86	285	3924	0	32
February 15, 2008 9:35:00 AM UTC	1203096900000	0	1	yes	30.2	138.7	20506	20827	9247	6566	0	44230	2791	82	271	3930	0	41
February 15, 2008 9:36:00 AM UTC	1203096960000	0	1	yes	30.4	138.9	20506	20827	9245	6573	0	44225	2801	18	278	3928	0	24
February 15, 2008 9:37:00 AM UTC	1203097020000	0	1	yes	30.5	139.1	20506	20827	9253	6522	0	44268	2820	38	324	3942	0	43
February 15, 2008 9:38:00 AM UTC	1203097080000	0	1	yes	30.6	139.4	20506	20827	9244	6574	0	44225	2802	47	350	3942	0	49
February 15, 2008 9:39:00 AM UTC	1203097140000	0	1	yes	30.8	139.6	20506	20827	9253	6522	0	44268	2832	71	283	3953	0	30
February 15, 2008 9:40:00 AM UTC	1203097200000	0	1	yes	30.9	139.8	20506	20827	9253	6540	0	44250	2834	79	283	3957	0	17
February 15, 2008 9:41:00 AM UTC	1203097260000	0	1	yes	31.0	140.1	20506	20827	9254	6530	0	44259	2846	17	244	3962	0	23
February 15, 2008 9:42:00 AM UTC	1203097320000	0	1	yes	31.2	140.3	20506	20827	9253	6541	0	44249	2838	19	248	3970	0	14
February 15, 2008 9:43:00 AM UTC	1203097380000	0	1	yes	31.3	140.6	20506	20827	9253	6541	0	44249	2839	21	202	3976	0	11
February 15, 2008 9:44:00 AM UTC	1203097440000	0	0	yes	31.4	140.8	20506	20827	9247	6586	0	44210	2810	35	174	3984	0	16
February 15, 2008 9:45:00 AM UTC	1203097500000	0	1	yes	31.5	141.1	20506	20827	9254	6541	0	44248	2845	58	213	3995	0	20
February 15, 2008 9:46:00 AM UTC	1203097560000	0	0	yes	31.7	141.3	20506	20827	9254	6541	0	44248	2847	93	160	3996	0	16
February 15, 2008 9:47:00 AM UTC	1203097620000	0	0	yes	31.8	141.6	20506	20827	9244	6594	0	44205	2815	19	173	4014	0	18
February 15, 2008 9:48:00 AM UTC	1203097680000	0	0	yes	31.9	141.8	20506	20827	9253	6541	0	44249	2850	37	186	4016	0	10
February 15, 2008 9:49:00 AM UTC	1203097740000	0	0	yes	32.0	142.0	20506	20827	9251	6551	0	44241	2842	53	178	4026	0	22
February 15, 2008 9:50:00 AM UTC	1203097800000	0	0	yes	32.2	142.3	20506	20827	9251	6570	0	44222	2848	65	163	4024	0	14
February 15, 2008 9:51:00 AM UTC	1203097860000	0	0	yes	32.3	142.5	20506	20827	9250	6571	0	44222	2852	92	127	4035	0	16
February 15, 2008 9:52:00 AM UTC	1203097920000	0	0	yes	32.4	142.8	20506	20827	9258	6516	0	44269	2886	18	145	4046	0	17
February 15, 2008 9:53:00 AM UTC	1203097980000	0	0	yes	32.5	143.0	20506	20827	9250	6571	0	44222	2856	33	149	4052	0	22
February 15, 2008 9:54:00 AM UTC	1203098040000	0	0	yes	32.6	143.3	20506	20827	9241	6620	0	44182	2828	30	121	4058	0	19
February 15, 2008 9:55:00 AM UTC	1203098100000	0	0	yes	32.8	143.5	20506	20827	9249	6571	0	44223	2859	59	102	4065	0	12
February 15, 2008 9:56:00 AM UTC	1203098160000	0	0	yes	32.9	143.8	20506	20827	9240	6626	0	44177	2820	82	106	4079	0	10
February 15, 2008 9:57:00 AM UTC	1203098220000	0	0	yes	33.0	144.1	20506	20827	9250	6570	0	44223	2853	18	95	4082	0	0
February 15, 2008 9:58:00 AM UTC	1203098280000	0	0	yes	33.1	144.3	20506	20827	9249	6570	0	44224	2860	22	107	4099	0	7
February 15, 2008 9:59:00 AM UTC	1203098340000	0	0	yes	33.2	144.6	20506	20827	9256	6528	0	44259	2884	43	124	4096	0	9
February 15, 2008 10:00:00 AM UTC	1203098400000	0	0	yes	33.4	144.8	20506	20827	9247	6610	0	44186	2844	47	120	4118	0	11
February 15, 2008 10:01:00 AM UTC	1203098460000	0	0	yes	33.5	145.1	20506	20827	9247	6610	0	44186	2839	82	126	4112	0	7
February 15, 2008 10:02:00 AM UTC	1203098520000	0	0	yes	33.6	145.3	20506	20827	9254	6570	0	44219	2861	6	88	4138	0	2
February 15, 2008 10:03:00 AM UTC	1203098580000	0	0	yes	33.7	145.6	20506	20827	9247	6610	0	44186	2836	17	106	4132	0	5
February 15, 2008 10:04:00 AM UTC	1203098640000	0	0	yes	33.8	145.9	20506	20827	9239	6672	0	44132	2799	11	98	4156	0	4
February 15, 2008 10:05:00 AM UTC	1203098700000	0	0	yes	33.9	146.1	20506	20827	9254	6575	0	44214	2855	50	103	4157	0	7
February 15, 2008 10:06:00 AM UTC	1203098760000	0	0	yes	34.0	146.4	20506	20827	9241	6603	0	44199	2823	70	105	4168	0	6
February 15, 2008 10:07:00 AM UTC	1203098820000	0	0	yes	34.1	146.6	20506	20827	9255	6512	0	44276	2875	23	75	4176	0	3
February 15, 2008 10:08:00 AM UTC	1203098880000	0	0	yes	34.3	146.9	20506	20827	9246	6569	0	44228	2848	21	78	4175	0	4
February 15, 2008 10:09:00 AM UTC	1203098940000	0	0	yes	34.4	147.2	20506	20827	9252	6531	0	44260	2861	44	103	4191	0	2
February 15, 2008 10:10:00 AM UTC	1203099000000	0	0	yes	34.5	147.4	20506	20827	9255	6540	0	44248	2867	57	92	4199	1	3
February 15, 2008 10:11:00 AM UTC	1203099060000	0	0	yes	34.6	147.7	20506	20827	9245	6598	0	44200	2834	57	96	4207	1	4
February 15, 2008 10:12:00 AM UTC	1203099120000	0	0	yes	34.7	148.0	20506	20827	9252	6561	0	44230	2859	14	70	4220	0	4
February 15, 2008 10:13:00 AM UTC	1203099180000	0	0	yes	34.8	148.2	20506	20827	9247	6599	0	44197	2831	12	61	4228	0	5
February 15, 2008 10:14:00 AM UTC	1203099240000	0	0	yes	34.9	148.5	20506	20827	9252	6561	0	44230	2855	41	94	4239	1	6
February 15, 2008 10:15:00 AM UTC	1203099300000	0	0	yes	35.0	148.8	20506	20827	9252	6561	0	44230	2858	35	86	4244	1	4
February 15, 2008 10:16:00 AM UTC	1203099360000	0	0	yes	35.1	149.0	20506	20827	9257	6522	0	44264	2876	92	81	4260	1	4
February 15, 2008 10:17:00 AM UTC	1203099420000	0	0	yes	35.2	149.3	20506	20827	9243	6618	0	44182	2810	6	55	4266	0	2
February 15, 2008 10:18:00 AM UTC	1203099480000	0	0	yes	35.3	149.6	20506	20827	9252	6560	0	44231	2848	24	61	4277	0	5
February 15, 2008 10:19:00 AM UTC	1203099540000	0	0	yes	35.4	149.9	20506	20827	9248	6617	0	44178	2822	23	62	4286	0	3
February 15, 2008 10:20:00 AM UTC	1203099600000	0	0	yes	35.5	150.1	20506	20827	9248	6617	0	44178	2828	37	80	4292	0	4
February 15, 2008 10:21:00 AM UTC	1203099660000	0	0	yes	35.6	150.4	20506	20827	9256	6558	0	44229	2864	8	40	4303	0	1
February 15, 2008 10:22:00 AM UTC	1203099720000	0	0	yes	35.7	150.7	20506	20827	9247	6618	0	44178	2823	5	38	4306	0	3
February 15, 2008 10:23:00 AM UTC	1203099780000	0	0	yes	35.8	150.9	20506	20827	9253	6583	0	44207	2852	31	71	4325	0	6
February 15, 2008 10:24:00 AM UTC	1203099840000	0	0	yes	35.9	151.2	20506	20827	9253	6583	0	44207	2845	37	61	4332	0	5
February 15, 2008 10:25:00 AM UTC	1203099900000	0	0	yes	36.0	151.5	20506	20827	9247	6617	0	44179	2818	57	74	4343	1	4
February 15, 2008 10:26:00 AM UTC	1203099960000	0	0	yes	36.1	151.8	20506	20827	9251	6583	0	44209	2836	15	37	4350	0	4
February 15, 2008 10:27:00 AM UTC	1203100020000	0	0	yes	36.2	152.1	20506	20827	9253	6535	0	44255	2857	17	54	4353	0	3
February 15, 2008 10:28:00 AM UTC	1203100080000	0	0	yes	36.3	152.3	20506	20827	9259	6475	0	44309	2890	48	66	4361	0	7
February 15, 2008 10:29:00 AM UTC	1203100140000	0	0	yes	36.4	152.6	20506	20827	9244	6637	0	44162	2809	34	60	4370	0	6
February 15, 2008 10:30:00 AM UTC	1203100200000	0	0	yes	36.5	152.9	20506	20827	9244	6636	0	44163	2812	55	67	4371	5	7
February 15, 2008 10:31:00 AM UTC	1203100260000	0	0	yes	36.6	153.2	20506	20827	9258	6543	0	44242	2868	20	52	4388	0	3
February 15, 2008 10:32:00 AM UTC	1203100320000	0	0	yes	36.7	153.5	20506	20827	9248	6604	0	44191	2829	21	47	4386	0	6
February 15, 2008 10:33:00 AM UTC	1203100380000	0	0	yes	36.8	153.7	20506	20827	9248	6604	0	44191	2827	48	67	4398	2	6
February 15, 2008 10:34:00 AM UTC	1203100440000	0	0	yes	36.8	154.0	20506	20827	9248	6604	0	44191	2827	44	68	4402	2	7
February 15, 2008 10:35:00 AM UTC	1203100500000	0	0	yes	36.9	154.3	20506	20827	9248	6604	0	44191	2821	5	30	4413	0	3
February 15, 2008 10:36:00 AM UTC	1203100560000	0	0	yes	37.0	154.6	20506	20827	9252	6573	0	44218	2847	30	57	4423	0	7
February 15, 2008 10:37:00 AM UTC	1203100620000	0	0	yes	37.1	154.9	20506	20827	9237	6644	0	44162	2800	36	49	4421	0	6
February 15, 2008 10:38:00 AM UTC	1203100680000	0	0	yes	37.2	155.2	20506	20827	9252	6552	0	44239	2851	59	63	4440	5	10
February 15, 2008 10:39:00 AM UTC	1203100740000	0	0	yes	37.3	155.5	20506	20827	9250	6618	0	44175	2829	5	27	4443	0	1
February 15, 2008 10:40:00 AM UTC	1203100800000	0	0	yes	37.4	155.7	20506	20827	9241	6681	0	44121	2793	11	37	4447	0	5
February 15, 2008 10:41:00 AM UTC	1203100860000	0	0	yes	37.4	156.0	20506	20827	9254	6587	0	44202	2851	32	57	4462	0	7
February 15, 2008 10:42:00 AM UTC	1203100920000	0	0	yes	37.5	156.3	20506	20827	9250	6620	0	44173	2830	53	60	4466	3	5
February 15, 2008 10:43:00 AM UTC	1203100980000	0	0	yes	37.6	156.6	20506	20827	9245	6650	0	44148	2811	3	12	4472	0	0
February 15, 2008 10:44:00 AM UTC	1203101040000	0	0	yes	37.7	156.9	20506	20827	9244	6659	0	44140	2798	15	36	4482	0	5
February 15, 2008 10:45:00 AM UTC	1203101100000	0	0	yes	37.8	157.2	20506	20827	9256	6523	0	44264	2860	36	61	4495	0	4
February 15, 2008 10:46:00 AM UTC	1203101160000	0	0	yes	37.8	157.5	20506	20827	9250	6563	0	44230	2840	52	67	4493	2	7
February 15, 2008 10:47:00 AM UTC	1203101220000	0	0	yes	37.9	157.8	20506	20827	9244	6592	0	44207	2816	3	23	4498	0	1
February 15, 2008 10:48:00 AM UTC	1203101280000	0	0	yes	38.0	158.1	20506	20827	9243	6657	0	44143	2800	14	38	4511	0	3
February 15, 2008 10:49:00 AM UTC	1203101340000	0	0	yes	38.1	158.4	20506	20827	9247	6632	0	44164	2817	23	34	4513	0	7
February 15, 2008 10:50:00 AM UTC	1203101400000	0	0	yes	38.1	158.7	20506	20827	9249	6633	0	44161	2810	40	47	4528	1	7
February 15, 2008 10:51:00 AM UTC	1203101460000	0	0	yes	38.2	159.0	20506	20827	9251	6606	0	44186	2832	86	54	4530	7	8
February 15, 2008 10:52:00 AM UTC	1203101520000	0	0	yes	38.3	159.3	20506	20827	9242	6593	0	44208	2817	9	24	4536	0	4
February 15, 2008 10:53:00 AM UTC	1203101580000	0	0	yes	38.3	159.6	20506	20827	9249	6554	0	44240	2842	14	38	4545	0	8
February 15, 2008 10:54:00 AM UTC	1203101640000	0	0	yes	38.4	159.9	20506	20827	9253	6514	0	44276	2868	45	64	4548	4	8
February 15, 2008 10:55:00 AM UTC	1203101700000	0	0	yes	38.5	160.2	20506	20827	9243	6578	0	44222	2828	46	58	4551	4	7
February 15, 2008 10:56:00 AM UTC	1203101760000	0	0	yes	38.6	160.5	20506	20827	9243	6579	0	44221	2827	10	27	4553	0	2
February 15, 2008 10:57:00 AM UTC	1203101820000	0	0	yes	38.6	160.8	20506	20827	9246	6555	0	44242	2838	29	53	4565	1	6
February 15, 2008 10:58:00 AM UTC	1203101880000	0	0	yes	38.7	161.1	20506	20827	9245	6626	0	44172	2814	33	32	4567	0	7
February 15, 2008 10:59:00 AM UTC	1203101940000	0	0	yes	38.8	161.4	20506	20827	9243	6610	0	44190	2807	9	9	4578	0	0
February 15, 2008 11:00:00 AM UTC	1203102000000	0	0	yes	38.8	161.7	20506	20827	9246	6589	0	44208	2824	18	34	4580	0	6
February 15, 2008 11:01:00 AM UTC	1203102060000	0	0	yes	38.9	162.0	20506	20827	9246	6589	0	44208	2824	44	42	4583	1	8
February 15, 2008 11:02:00 AM UTC	1203102120000	0	0	yes	38.9	162.3	20506	20827	9246	6601	0	44196	2821	45	43	4593	2	7
February 15, 2008 11:03:00 AM UTC	1203102180000	0	0	yes	39.0	162.6	20506	20827	9250	6556	0	44237	2847	10	15	4596	0	0
February 15, 2008 11:04:00 AM UTC	1203102240000	0	0	yes	39.1	162.9	20506	20827	9250	6556	0	44237	2843	16	25	4603	0	5
February 15, 2008 11:05:00 AM UTC	1203102300000	0	0	yes	39.1	163.2	20506	20827	9250	6556	0	44237	2845	44	42	4609	0	7
February 15, 2008 11:06:00 AM UTC	1203102360000	0	0	yes	39.2	163.5	20506	20827	9240	6622	0	44181	2794	34	49	4611	2	8
February 15, 2008 11:07:00 AM UTC	1203102420000	0	0	yes	39.2	163.8	20506	20827	9250	6556	0	44237	2844	7	15	4617	0	0
February 15, 2008 11:08:00 AM UTC	1203102480000	0	0	yes	39.3	164.1	20506	20827	9249	6628	0	44166	2808	11	31	4626	0	5
February 15, 2008 11:09:00 AM UTC	1203102540000	0	0	yes	39.3	164.4	20506	20827	9243	6673	0	44127	2786	19	30	4624	0	6
February 15, 2008 11:10:00 AM UTC	1203102600000	0	0	yes	39.4	164.7	20506	20827	9242	6675	0	44126	2785	35	41	4623	2	5
February 15, 2008 11:11:00 AM UTC	1203102660000	0	0	yes	39.4	165.0	20506	20827	9242	6667	0	44134	2790	6	11	4636	0	0
February 15, 2008 11:12:00 AM UTC	1203102720000	0	0	yes	39.5	165.3	20506	20827	9252	6570	0	44221	2840	15	25	4636	0	4
February 15, 2008 11:13:00 AM UTC	1203102780000	0	0	yes	39.6	165.6	20506	20827	9245	6618	0	44180	2809	18	29	4643	0	6
February 15, 2008 11:14:00 AM UTC	1203102840000	0	0	yes	39.6	165.9	20506	20827	9245	6618	0	44180	2810	38	38	4644	1	7
February 15, 2008 11:15:00 AM UTC	1203102900000	0	0	yes	39.6	166.3	20506	20827	9245	6618	0	44180	2808	5	9	4651	0	0
February 15, 2008 11:16:00 AM UTC	1203102960000	0	0	yes	39.7	166.6	20506	20827	9246	6617	0	44180	2806	13	25	4656	0	3
February 15, 2008 11:17:00 AM UTC	1203103020000	0	0	yes	39.7	166.9	20506	20827	9257	6550	0	44236	2849	46	37	4668	3	6
February 15, 2008 11:18:00 AM UTC	1203103080000	0	0	yes	39.8	167.2	20506	20827	9246	6611	0	44186	2807	34	30	4663	0	6
February 15, 2008 11:19:00 AM UTC	1203103140000	0	0	yes	39.8	167.5	20506	20827	9245	6609	0	44189	2813	2	4	4661	0	0
February 15, 2008 11:20:00 AM UTC	1203103200000	0	0	yes	39.9	167.8	20506	20827	9247	6591	0	44205	2821	9	15	4674	0	4
February 15, 2008 11:21:00 AM UTC	1203103260000	0	0	yes	39.9	168.1	20506	20827	9247	6591	0	44205	2826	32	24	4668	0	7
February 15, 2008 11:22:00 AM UTC	1203103320000	0	0	yes	40.0	168.4	20506	20827	9237	6654	0	44152	2787	37	29	4665	1	6
February 15, 2008 11:23:00 AM UTC	1203103380000	0	0	yes	40.0	168.8	20506	20827	9246	6564	0	44233	2826	3	6	4678	0	0
February 15, 2008 11:24:00 AM UTC	1203103440000	0	0	yes	40.0	169.1	20506	20827	9249	6550	0	44244	2837	10	17	4686	0	2
February 15, 2008 11:25:00 AM UTC	1203103500000	0	0	yes	40.1	169.4	20506	20827	9249	6550	0	44244	2829	27	39	4698	1	5
February 15, 2008 11:26:00 AM UTC	1203103560000	0	0	yes	40.1	169.7	20506	20827	9249	6550	0	44244	2836	60	37	4691	7	8
February 15, 2008 11:27:00 AM UTC	1203103620000	0	0	yes	40.1	170.0	20506	20827	9239	6624	0	44180	2793	4	5	4687	0	0
February 15, 2008 11:28:00 AM UTC	1203103680000	0	0	yes	40.2	170.3	20506	20827	9241	6605	0	44197	2811	6	20	4692	0	3
February 15, 2008 11:29:00 AM UTC	1203103740000	0	0	yes	40.2	170.7	20506	20827	9252	6612	0	44179	2820	14	27	4700	0	7
February 15, 2008 11:30:00 AM UTC	1203103800000	0	0	yes	40.2	171.0	20506	20827	9250	6609	0	44184	2818	35	36	4707	3	7
February 15, 2008 11:31:00 AM UTC	1203103860000	0	0	yes	40.3	171.3	20506	20827	9251	6614	0	44178	2817	6	4	4708	0	0
February 15, 2008 11:32:00 AM UTC	1203103920000	0	0	yes	40.3	171.6	20506	20827	9243	6664	0	44136	2789	4	4	4701	0	0
February 15, 2008 11:33:00 AM UTC	1203103980000	0	0	yes	40.3	171.9	20506	20827	9244	6669	0	44130	2783	19	18	4708	0	7
February 15, 2008 11:34:00 AM UTC	1203104040000	0	0	yes	40.4	172.2	20506	20827	9244	6646	0	44153	2792	1	3	4705	0	0
February 15, 2008 11:35:00 AM UTC	1203104100000	0	0	yes	40.4	172.6	20506	20827	9256	6578	0	44209	2827	10	6	4718	0	0
February 15, 2008 11:36:00 AM UTC	1203104160000	0	0	yes	40.4	172.9	20506	20827	9256	6573	0	44214	2839	21	16	4725	0	7
February 15, 2008 11:37:00 AM UTC	1203104220000	0	0	yes	40.4	173.2	20506	20827	9247	6561	0	44235	2826	20	23	4719	0	5
February 15, 2008 11:38:00 AM UTC	1203104280000	0	0	yes	40.5	173.5	20506	20827	9248	6564	0	44231	2826	2	15	4714	0	0
February 15, 2008 11:39:00 AM UTC	1203104340000	0	0	yes	40.5	173.8	20506	20827	9248	6560	0	44235	2829	11	6	4718	0	0
February 15, 2008 11:40:00 AM UTC	1203104400000	0	0	yes	40.5	174.2	20506	20827	9247	6639	0	44157	2792	15	24	4723	0	1
February 15, 2008 11:41:00 AM UTC	1203104460000	0	0	yes	40.5	174.5	20506	20827	9256	6571	0	44216	2839	34	18	4729	0	6
February 15, 2008 11:42:00 AM UTC	1203104520000	0	0	yes	40.5	174.8	20506	20827	9248	6633	0	44162	2792	0	7	4728	0	0
February 15, 2008 11:43:00 AM UTC	1203104580000	0	0	yes	40.6	175.1	20506	20827	9247	6633	0	44163	2807	4	2	4723	0	0
February 15, 2008 11:44:00 AM UTC	1203104640000	0	0	yes	40.6	175.4	20506	20827	9247	6611	0	44185	2795	14	18	4731	0	7
February 15, 2008 11:45:00 AM UTC	1203104700000	0	0	yes	40.6	175.8	20506	20827	9248	6613	0	44182	2812	37	15	4729	1	9
February 15, 2008 11:46:00 AM UTC	1203104760000	0	0	yes	40.6	176.1	20506	20827	9247	6619	0	44177	2799	4	6	4730	0	0
February 15, 2008 11:47:00 AM UTC	1203104820000	0	0	yes	40.6	176.4	20506	20827	9247	6615	0	44181	2809	12	13	4732	0	0
February 15, 2008 11:48:00 AM UTC	1203104880000	0	0	yes	40.6	176.7	20506	20827	9247	6615	0	44181	2805	12	19	4733	0	3
February 15, 2008 11:49:00 AM UTC	1203104940000	0	0	yes	40.7	177.0	20506	20827	9246	6616	0	44181	2809	0	0	4735	0	0
February 15, 2008 11:50:00 AM UTC	1203105000000	0	0	yes	40.7	177.4	20506	20827	9247	6615	0	44181	2807	1	2	4734	0	0
February 15, 2008 11:51:00 AM UTC	1203105060000	0	0	yes	40.7	177.7	20506	20827	9248	6614	0	44181	2809	5	5	4736	0	0
February 15, 2008 11:52:00 AM UTC	1203105120000	0	0	yes	40.7	178.0	20506	20827	9249	6612	0	44182	2808	0	9	4738	0	0
February 15, 2008 11:53:00 AM UTC	1203105180000	0	0	yes	40.7	178.3	20506	20827	9250	6611	0	44182	2805	0	2	4738	0	0
February 15, 2008 11:54:00 AM UTC	1203105240000	0	0	yes	40.7	178.6	20506	20827	9250	6590	0	44203	2816	0	7	4735	0	0
February 15, 2008 11:55:00 AM UTC	1203105300000	0	0	yes	40.7	179.0	20506	20827	9250	6591	0	44202	2809	5	4	4739	0	0
February 15, 2008 11:56:00 AM UTC	1203105360000	0	0	yes	40.7	179.3	20506	20827	9249	6592	0	44202	2817	0	0	4738	0	0
February 15, 2008 11:57:00 AM UTC	1203105420000	0	0	yes	40.7	179.6	20506	20827	9249	6592	0	44202	2802	0	2	4743	0	0
February 15, 2008 11:58:00 AM UTC	1203105480000	0	0	yes	40.7	179.9	20506	20827	9249	6592	0	44202	2814	2	3	4737	0	0
February 15, 2008 11:59:00 AM UTC	1203105540000	0	0	yes	40.7	180.3	20506	20827	9249	6592	0	44202	2805	4	2	4737	0	0
February 15, 2008 12:00:00 PM UTC	1203105600000	0	0	yes	40.7	180.6	20506	20827	9249	6592	0	44202	2815	5	1	4736	0	0
February 15, 2008 12:01:00 PM UTC	1203105660000	0	0	yes	40.7	180.9	20506	20827	9249	6592	0	44202	2807	10	27	4738	0	9
February 15, 2008 12:02:00 PM UTC	1203105720000	0	0	yes	40.7	181.2	20506	20827	9250	6591	0	44202	2809	23	25	4740	0	9
February 15, 2008 12:03:00 PM UTC	1203105780000	0	0	yes	40.7	181.5	20506	20827	9250	6606	0	44187	2810	60	34	4736	3	9
February 15, 2008 12:04:00 PM UTC	1203105840000	0	0	yes	40.7	181.9	20506	20827	9249	6610	0	44184	2806	6	10	4739	0	9
February 15, 2008 12:05:00 PM UTC	1203105900000	0	0	yes	40.7	182.2	20506	20827	9248	6612	0	44183	2807	13	26	4738	1	9
February 15, 2008 12:06:00 PM UTC	1203105960000	0	0	yes	40.7	182.5	20506	20827	9247	6613	0	44183	2805	26	38	4738	9	10
February 15, 2008 12:07:00 PM UTC	1203106020000	0	0	yes	40.7	182.8	20506	20827	9247	6613	0	44183	2808	0	0	4736	0	0
February 15, 2008 12:08:00 PM UTC	1203106080000	0	0	yes	40.6	183.1	20506	20827	9246	6614	0	44183	2808	0	5	4737	0	2
February 15, 2008 12:09:00 PM UTC	1203106140000	0	0	yes	40.6	183.5	20506	20827	9247	6613	0	44183	2809	15	12	4733	0	9
February 15, 2008 12:10:00 PM UTC	1203106200000	0	0	yes	40.6	183.8	20506	20827	9247	6617	0	44179	2799	1	12	4734	0	0
February 15, 2008 12:11:00 PM UTC	1203106260000	0	0	yes	40.6	184.1	20506	20827	9247	6622	0	44174	2806	8	14	4725	0	0
February 15, 2008 12:12:00 PM UTC	1203106320000	0	0	yes	40.6	184.4	20506	20827	9247	6609	0	44187	2796	28	15	4732	0	4
February 15, 2008 12:13:00 PM UTC	1203106380000	0	0	yes	40.6	184.7	20506	20827	9247	6622	0	44174	2803	30	13	4726	0	3
February 15, 2008 12:14:00 PM UTC	1203106440000	0	0	yes	40.6	185.1	20506	20827	9247	6628	0	44168	2799	0	3	4725	0	0
February 15, 2008 12:15:00 PM UTC	1203106500000	0	0	yes	40.5	185.4	20506	20827	9248	6627	0	44168	2800	4	6	4724	0	0
February 15, 2008 12:16:00 PM UTC	1203106560000	0	0	yes	40.5	185.7	20506	20827	9247	6635	0	44161	2796	11	10	4716	0	8
February 15, 2008 12:17:00 PM UTC	1203106620000	0	0	yes	40.5	186.0	20506	20827	9248	6563	0	44232	2819	0	2	4725	0	0
February 15, 2008 12:18:00 PM UTC	1203106680000	0	0	yes	40.5	186.3	20506	20827	9259	6491	0	44293	2864	1	6	4725	0	0
February 15, 2008 12:19:00 PM UTC	1203106740000	0	0	yes	40.5	186.7	20506	20827	9258	6491	0	44294	2862	7	14	4728	0	3
February 15, 2008 12:20:00 PM UTC	1203106800000	0	0	yes	40.4	187.0	20506	20827	9247	6562	0	44234	2828	4	12	4710	0	3
February 15, 2008 12:21:00 PM UTC	1203106860000	0	0	yes	40.4	187.3	20506	20827	9245	6641	0	44157	2788	0	0	4711	0	0
February 15, 2008 12:22:00 PM UTC	1203106920000	0	0	yes	40.4	187.6	20506	20827	9244	6641	0	44158	2792	0	0	4708	0	0
February 15, 2008 12:23:00 PM UTC	1203106980000	0	0	yes	40.4	187.9	20506	20827	9244	6666	0	44133	2783	3	5	4702	0	0
February 15, 2008 12:24:00 PM UTC	1203107040000	0	0	yes	40.3	188.3	20506	20827	9253	6598	0	44192	2824	11	16	4714	0	6
February 15, 2008 12:25:00 PM UTC	1203107100000	0	0	yes	40.3	188.6	20506	20827	9252	6602	0	44189	2822	0	0	4709	0	0
February 15, 2008 12:26:00 PM UTC	1203107160000	0	0	yes	40.3	188.9	20506	20827	9241	6677	0	44125	2776	0	0	4702	0	0
February 15, 2008 12:27:00 PM UTC	1203107220000	0	0	yes	40.2	189.2	20506	20827	9241	6677	0	44125	2782	1	5	4693	0	0
February 15, 2008 12:28:00 PM UTC	1203107280000	0	0	yes	40.2	189.5	20506	20827	9241	6601	0	44201	2807	1	5	4695	0	1
February 15, 2008 12:29:00 PM UTC	1203107340000	0	0	yes	40.2	189.8	20506	20827	9251	6533	0	44259	2849	0	0	4700	0	0
February 15, 2008 12:30:00 PM UTC	1203107400000	0	0	yes	40.1	190.2	20506	20827	9249	6546	0	44248	2838	0	2	4691	0	0
February 15, 2008 12:31:00 PM UTC	1203107460000	0	0	yes	40.1	190.5	20506	20827	9249	6546	0	44248	2838	1	3	4688	0	0
February 15, 2008 12:32:00 PM UTC	1203107520000	0	0	yes	40.1	190.8	20506	20827	9241	6614	0	44188	2801	0	3	4671	0	0
February 15, 2008 12:33:00 PM UTC	1203107580000	0	0	yes	40.0	191.1	20506	20827	9249	6546	0	44248	2842	0	0	4693	0	0
February 15, 2008 12:34:00 PM UTC	1203107640000	0	0	yes	40.0	191.4	20506	20827	9246	6588	0	44209	2818	0	1	4692	0	0
February 15, 2008 12:35:00 PM UTC	1203107700000	0	0	yes	40.0	191.7	20506	20827	9247	6588	0	44208	2832	2	0	4679	0	0
February 15, 2008 12:36:00 PM UTC	1203107760000	0	0	yes	39.9	192.0	20506	20827	9247	6588	0	44208	2823	6	17	4673	0	3
February 15, 2008 12:37:00 PM UTC	1203107820000	0	0	yes	39.9	192.4	20506	20827	9247	6588	0	44208	2823	0	0	4676	0	0
February 15, 2008 12:38:00 PM UTC	1203107880000	0	0	yes	39.8	192.7	20506	20827	9245	6606	0	44192	2809	0	2	4665	0	1
February 15, 2008 12:39:00 PM UTC	1203107940000	0	0	yes	39.8	193.0	20506	20827	9245	6612	0	44186	2809	0	0	4667	0	2
February 15, 2008 12:40:00 PM UTC	1203108000000	0	0	yes	39.7	193.3	20506	20827	9246	6612	0	44185	2808	1	2	4656	0	3
February 15, 2008 12:41:00 PM UTC	1203108060000	0	0	yes	39.7	193.6	20506	20827	9245	6613	0	44185	2810	0	0	4655	0	0
February 15, 2008 12:42:00 PM UTC	1203108120000	0	0	yes	39.6	193.9	20506	20827	9256	6543	0	44244	2854	0	0	4652	0	0
February 15, 2008 12:43:00 PM UTC	1203108180000	0	0	yes	39.6	194.2	20506	20827	9245	6613	0	44185	2806	0	0	4647	0	0
February 15, 2008 12:44:00 PM UTC	1203108240000	0	0	yes	39.5	194.5	20506	20827	9245	6613	0	44185	2813	2	0	4636	0	2
February 15, 2008 12:45:00 PM UTC	1203108300000	0	0	yes	39.5	194.9	20506	20827	9243	6630	0	44170	2802	0	0	4635	0	1
February 15, 2008 12:46:00 PM UTC	1203108360000	0	0	yes	39.4	195.2	20506	20827	9252	6597	0	44194	2828	0	1	4638	0	1
February 15, 2008 12:47:00 PM UTC	1203108420000	0	0	yes	39.4	195.5	20506	20827	9252	6603	0	44188	2830	0	2	4627	0	0
February 15, 2008 12:48:00 PM UTC	1203108480000	0	0	yes	39.3	195.8	20506	20827	9239	6689	0	44115	2769	0	0	4625	0	0
February 15, 2008 12:49:00 PM UTC	1203108540000	0	0	yes	39.3	196.1	20506	20827	9241	6617	0	44185	2808	0	0	4615	0	0
February 15, 2008 12:50:00 PM UTC	1203108600000	0	0	yes	39.2	196.4	20506	20827	9250	6551	0	44242	2839	0	1	4619	0	0
February 15, 2008 12:51:00 PM UTC	1203108660000	0	0	yes	39.2	196.7	20506	20827	9250	6551	0	44242	2845	0	1	4612	0	0
February 15, 2008 12:52:00 PM UTC	1203108720000	0	0	yes	39.1	197.0	20506	20827	9250	6551	0	44242	2841	0	11	4609	0	3
February 15, 2008 12:53:00 PM UTC	1203108780000	0	0	yes	39.1	197.3	20506	20827	9239	6614	0	44190	2810	0	0	4594	0	0
February 15, 2008 12:54:00 PM UTC	1203108840000	0	0	yes	39.0	197.6	20506	20827	9246	6573	0	44224	2831	0	1	4590	0	0
February 15, 2008 12:55:00 PM UTC	1203108900000	0	0	yes	38.9	197.9	20506	20827	9246	6584	0	44213	2821	0	1	4589	0	0
February 15, 2008 12:56:00 PM UTC	1203108960000	0	0	yes	38.9	198.2	20506	20827	9246	6584	0	44213	2825	0	0	4582	0	0
February 15, 2008 12:57:00 PM UTC	1203109020000	0	0	yes	38.8	198.5	20506	20827	9243	6608	0	44192	2798	0	2	4583	0	0
February 15, 2008 12:58:00 PM UTC	1203109080000	0	0	yes	38.7	198.8	20506	20827	9242	6644	0	44157	2802	0	0	4571	0	0
February 15, 2008 12:59:00 PM UTC	1203109140000	0	0	yes	38.7	199.1	20506	20827	9246	6550	0	44247	2835	0	0	4569	0	0
February 15, 2008 1:00:00 PM UTC	1203109200000	0	0	yes	38.6	199.4	20506	20827	9243	6573	0	44227	2823	0	1	4563	0	0
February 15, 2008 1:01:00 PM UTC	1203109260000	0	0	yes	38.5	199.7	20506	20827	9253	6509	0	44281	2865	0	3	4561	0	1
February 15, 2008 1:02:00 PM UTC	1203109320000	0	0	yes	38.5	200.0	20506	20827	9243	6576	0	44224	2823	0	1	4553	0	0
February 15, 2008 1:03:00 PM UTC	1203109380000	0	0	yes	38.4	200.3	20506	20827	9239	6598	0	44206	2811	0	1	4546	0	0
February 15, 2008 1:04:00 PM UTC	1203109440000	0	0	yes	38.3	200.6	20506	20827	9249	6549	0	44245	2836	0	1	4543	0	0
February 15, 2008 1:05:00 PM UTC	1203109500000	0	0	yes	38.3	200.9	20506	20827	9251	6601	0	44191	2838	0	0	4530	0	0
February 15, 2008 1:06:00 PM UTC	1203109560000	0	0	yes	38.2	201.2	20506	20827	9249	6627	0	44167	2813	0	1	4528	0	0
February 15, 2008 1:07:00 PM UTC	1203109620000	0	0	yes	38.1	201.5	20506	20827	9239	6691	0	44113	2778	0	1	4514	0	0
February 15, 2008 1:08:00 PM UTC	1203109680000	0	0	yes	38.0	201.8	20506	20827	9247	6628	0	44168	2818	0	3	4517	0	0
February 15, 2008 1:09:00 PM UTC	1203109740000	0	0	yes	38.0	202.1	20506	20827	9244	6586	0	44213	2820	0	8	4505	0	2
February 15, 2008 1:10:00 PM UTC	1203109800000	0	0	yes	37.9	202.4	20506	20827	9250	6558	0	44235	2843	0	2	4500	0	0
February 15, 2008 1:11:00 PM UTC	1203109860000	0	0	yes	37.8	202.7	20506	20827	9245	6590	0	44208	2817	0	2	4492	0	0
February 15, 2008 1:12:00 PM UTC	1203109920000	0	0	yes	37.7	203.0	20506	20827	9246	6602	0	44195	2816	0	2	4485	0	0
February 15, 2008 1:13:00 PM UTC	1203109980000	0	0	yes	37.7	203.3	20506	20827	9245	6648	0	44150	2805	0	6	4479	0	0
February 15, 2008 1:14:00 PM UTC	1203110040000	0	0	yes	37.6	203.6	20506	20827	9250	6609	0	44184	2833	0	3	4470	0	0
February 15, 2008 1:15:00 PM UTC	1203110100000	0	0	yes	37.5	203.9	20506	20827	9245	6644	0	44154	2810	0	2	4465	0	0
February 15, 2008 1:16:00 PM UTC	1203110160000	0	0	yes	37.4	204.1	20506	20827	9245	6646	0	44152	2809	0	2	4457	0	0
February 15, 2008 1:17:00 PM UTC	1203110220000	0	0	yes	37.3	204.4	20506	20827	9250	6612	0	44181	2834	0	1	4450	0	2
February 15, 2008 1:18:00 PM UTC	1203110280000	0	0	yes	37.3	204.7	20506	20827	9241	6675	0	44127	2789	0	13	4438	0	0
February 15, 2008 1:19:00 PM UTC	1203110340000	0	0	yes	37.2	205.0	20506	20827	9247	6575	0	44221	2840	0	0	4435	0	0
February 15, 2008 1:20:00 PM UTC	1203110400000	0	0	yes	37.1	205.3	20506	20827	9252	6545	0	44246	2853	0	1	4425	0	0
February 15, 2008 1:21:00 PM UTC	1203110460000	0	0	yes	37.0	205.6	20506	20827	9248	6598	0	44197	2827	0	1	4419	0	0
February 15, 2008 1:22:00 PM UTC	1203110520000	0	0	yes	36.9	205.9	20506	20827	9248	6598	0	44197	2824	0	1	4408	0	0
February 15, 2008 1:23:00 PM UTC	1203110580000	0	0	yes	36.8	206.1	20506	20827	9248	6598	0	44197	2825	0	1	4407	0	0
February 15, 2008 1:24:00 PM UTC	1203110640000	0	0	yes	36.7	206.4	20506	20827	9243	6630	0	44170	2816	0	3	4390	0	0
February 15, 2008 1:25:00 PM UTC	1203110700000	0	0	yes	36.6	206.7	20506	20827	9248	6598	0	44197	2829	0	1	4391	0	0
February 15, 2008 1:26:00 PM UTC	1203110760000	0	0	yes	36.6	207.0	20506	20827	9249	6597	0	44197	2831	0	1	4380	0	0
February 15, 2008 1:27:00 PM UTC	1203110820000	0	0	yes	36.5	207.3	20506	20827	9252	6566	0	44225	2850	0	2	4375	0	0
February 15, 2008 1:28:00 PM UTC	1203110880000	0	0	yes	36.4	207.6	20506	20827	9254	6501	0	44288	2870	0	3	4367	0	0
February 15, 2008 1:29:00 PM UTC	1203110940000	0	0	yes	36.3	207.8	20506	20827	9245	6563	0	44235	2826	0	2	4360	0	0
February 15, 2008 1:30:00 PM UTC	1203111000000	0	0	yes	36.2	208.1	20506	20827	9251	6576	0	44216	2836	0	3	4356	0	0
February 15, 2008 1:31:00 PM UTC	1203111060000	0	0	yes	36.1	208.4	20506	20827	9251	6574	0	44218	2843	0	0	4346	0	0
February 15, 2008 1:32:00 PM UTC	1203111120000	0	0	yes	36.0	208.7	20506	20827	9247	6610	0	44186	2820	0	0	4339	0	0
February 15, 2008 1:33:00 PM UTC	1203111180000	0	0	yes	35.9	209.0	20506	20827	9253	6576	0	44214	2848	0	2	4328	0	0
February 15, 2008 1:34:00 PM UTC	1203111240000	0	0	yes	35.8	209.2	20506	20827	9247	6611	0	44185	2830	0	2	4318	0	0
February 15, 2008 1:35:00 PM UTC	1203111300000	0	0	yes	35.7	209.5	20506	20827	9247	6611	0	44185	2823	0	4	4317	0	0
February 15, 2008 1:36:00 PM UTC	1203111360000	0	0	yes	35.6	209.8	20506	20827	9241	6646	0	44156	2809	0	1	4299	0	0
February 15, 2008 1:37:00 PM UTC	1203111420000	0	0	yes	35.5	210.1	20506	20827	9256	6549	0	44238	2864	0	3	4294	0	0
February 15, 2008 1:38:00 PM UTC	1203111480000	0	0	yes	35.4	210.3	20506	20827	9248	6547	0	44248	2850	0	2	4284	0	0
February 15, 2008 1:39:00 PM UTC	1203111540000	0	0	yes	35.3	210.6	20506	20827	9252	6552	0	44239	2849	0	1	4271	0	0
February 15, 2008 1:40:00 PM UTC	1203111600000	0	0	yes	35.2	210.9	20506	20827	9257	6515	0	44271	2876	0	18	4269	0	3
February 15, 2008 1:41:00 PM UTC	1203111660000	0	0	yes	35.1	211.1	20506	20827	9242	6611	0	44190	2822	0	1	4249	0	0
February 15, 2008 1:42:00 PM UTC	1203111720000	0	0	yes	35.0	211.4	20506	20827	9252	6553	0	44238	2854	0	2	4249	0	0
February 15, 2008 1:43:00 PM UTC	1203111780000	0	0	yes	34.9	211.7	20506	20827	9247	6590	0	44206	2834	0	4	4233	0	0
February 15, 2008 1:44:00 PM UTC	1203111840000	0	0	yes	34.8	211.9	20506	20827	9252	6553	0	44238	2858	0	8	4226	0	2
February 15, 2008 1:45:00 PM UTC	1203111900000	0	0	yes	34.7	212.2	20506	20827	9251	6553	0	44239	2854	0	1	4220	0	0
February 15, 2008 1:46:00 PM UTC	1203111960000	0	0	yes	34.6	212.5	20506	20827	9255	6534	0	44254	2867	0	1	4204	0	0
February 15, 2008 1:47:00 PM UTC	1203112020000	0	0	yes	34.5	212.7	20506	20827	9245	6611	0	44187	2820	0	0	4203	0	0
February 15, 2008 1:48:00 PM UTC	1203112080000	0	0	yes	34.4	213.0	20506	20827	9255	6503	0	44285	2878	0	3	4188	0	0
February 15, 2008 1:49:00 PM UTC	1203112140000	0	0	yes	34.2	213.3	20506	20827	9246	6560	0	44237	2843	0	2	4182	0	0
February 15, 2008 1:50:00 PM UTC	1203112200000	0	0	yes	34.1	213.5	20506	20827	9249	6547	0	44247	2848	0	2	4177	0	0
February 15, 2008 1:51:00 PM UTC	1203112260000	0	0	yes	34.0	213.8	20506	20827	9255	6549	0	44239	2865	0	2	4164	0	0
February 15, 2008 1:52:00 PM UTC	1203112320000	0	0	yes	33.9	214.1	20506	20827	9255	6549	0	44239	2865	0	2	4164	0	1
February 15, 2008 1:53:00 PM UTC	1203112380000	0	0	yes	33.8	214.3	20506	20827	9247	6596	0	44200	2841	0	2	4138	0	0
February 15, 2008 1:54:00 PM UTC	1203112440000	0	0	yes	33.7	214.6	20506	20827	9263	6497	0	44283	2901	2	25	4146	0	1
February 15, 2008 1:55:00 PM UTC	1203112500000	0	0	yes	33.6	214.8	20506	20827	9247	6596	0	44200	2845	0	3	4120	0	0
February 15, 2008 1:56:00 PM UTC	1203112560000	0	0	yes	33.5	215.1	20506	20827	9255	6541	0	44247	2881	0	12	4130	0	0
February 15, 2008 1:57:00 PM UTC	1203112620000	0	0	yes	33.3	215.4	20506	20827	9239	6616	0	44188	2822	0	7	4108	0	0
February 15, 2008 1:58:00 PM UTC	1203112680000	0	0	yes	33.2	215.6	20506	20827	9256	6519	0	44268	2890	0	20	4103	0	0
February 15, 2008 1:59:00 PM UTC	1203112740000	0	0	yes	33.1	215.9	20506	20827	9250	6561	0	44232	2856	0	3	4091	0	0
February 15, 2008 2:00:00 PM UTC	1203112800000	0	0	yes	33.0	216.1	20506	20827	9250	6561	0	44232	2856	0	1	4080	0	0
February 15, 2008 2:01:00 PM UTC	1203112860000	0	0	yes	32.9	216.4	20506	20827	9254	6520	0	44269	2883	0	8	4073	0	0
February 15, 2008 2:02:00 PM UTC	1203112920000	0	0	yes	32.8	216.6	20506	20827	9249	6562	0	44232	2854	0	10	4070	0	1
February 15, 2008 2:03:00 PM UTC	1203112980000	0	0	yes	32.6	216.9	20506	20827	9250	6562	0	44231	2861	0	15	4059	0	1
February 15, 2008 2:04:00 PM UTC	1203113040000	0	0	yes	32.5	217.1	20506	20827	9250	6562	0	44231	2854	0	27	4049	0	0
February 15, 2008 2:05:00 PM UTC	1203113100000	0	0	yes	32.4	217.4	20506	20827	9250	6562	0	44231	2853	0	9	4044	0	0
February 15, 2008 2:06:00 PM UTC	1203113160000	0	0	yes	32.3	217.6	20506	20827	9253	6540	0	44250	2857	0	10	4035	0	0
February 15, 2008 2:07:00 PM UTC	1203113220000	0	0	yes	32.1	217.9	20506	20827	9251	6542	0	44250	2837	0	13	4035	0	0
February 15, 2008 2:08:00 PM UTC	1203113280000	0	0	yes	32.0	218.1	20506	20827	9253	6532	0	44258	2856	0	19	4019	0	0
February 15, 2008 2:09:00 PM UTC	1203113340000	0	0	yes	31.9	218.4	20506	20827	9244	6587	0	44212	2816	0	9	4018	0	0
February 15, 2008 2:10:00 PM UTC	1203113400000	0	0	yes	31.8	218.6	20506	20827	9247	6577	0	44219	2825	0	7	4003	0	0
February 15, 2008 2:11:00 PM UTC	1203113460000	0	0	yes	31.6	218.9	20506	20827	9245	6585	0	44213	2813	1	9	4001	0	0
February 15, 2008 2:12:00 PM UTC	1203113520000	0	0	yes	31.5	219.1	20506	20827	9254	6532	0	44257	2840	0	12	3992	0	0
February 15, 2008 2:13:00 PM UTC	1203113580000	0	0	yes	31.4	219.4	20506	20827	9254	6524	0	44265	2847	0	25	3980	0	0
February 15, 2008 2:14:00 PM UTC	1203113640000	0	0	yes	31.3	219.6	20506	20827	9253	6532	0	44258	2843	0	33	3973	0	0
February 15, 2008 2:15:00 PM UTC	1203113700000	0	0	yes	31.1	219.8	20506	20827	9253	6528	0	44262	2839	0	18	3969	0	0
February 15, 2008 2:16:00 PM UTC	1203113760000	0	0	yes	31.0	220.1	20506	20827	9245	6584	0	44214	2808	0	21	3962	0	0
February 15, 2008 2:17:00 PM UTC	1203113820000	0	0	yes	30.9	220.3	20506	20827	9253	6510	0	44280	2839	0	31	3954	0	0
February 15, 2008 2:18:00 PM UTC	1203113880000	0	0	yes	30.8	220.6	20506	20827	9244	6562	0	44237	2806	0	28	3947	0	0
February 15, 2008 2:19:00 PM UTC	1203113940000	0	0	yes	30.6	220.8	20506	20827	9246	6557	0	44240	2800	0	27	3942	0	0
February 15, 2008 2:20:00 PM UTC	1203114000000	0	0	yes	30.5	221.0	20506	20827	9253	6510	0	44280	2827	0	60	3939	0	0
February 15, 2008 2:21:00 PM UTC	1203114060000	0	0	yes	30.4	221.3	20506	20827	9253	6510	0	44280	2820	0	39	3933	0	0
February 15, 2008 2:22:00 PM UTC	1203114120000	0	0	yes	30.2	221.5	20506	20827	9246	6561	0	44236	2789	0	28	3926	0	0
February 15, 2008 2:23:00 PM UTC	1203114180000	0	0	yes	30.1	221.8	20506	20827	9251	6571	0	44221	2795	0	44	3923	0	0
February 15, 2008 2:24:00 PM UTC	1203114240000	0	0	yes	30.0	222.0	20506	20827	9244	6619	0	44180	2767	0	54	3917	0	0
February 15, 2008 2:25:00 PM UTC	1203114300000	0	0	yes	29.8	222.2	20506	20827	9251	6568	0	44224	2791	0	67	3913	0	3
February 15, 2008 2:26:00 PM UTC	1203114360000	0	0	yes	29.7	222.5	20506	20827	9245	6618	0	44180	2756	0	57	3906	0	2
February 15, 2008 2:27:00 PM UTC	1203114420000	0	0	yes	29.6	222.7	20506	20827	9253	6568	0	44222	2787	0	103	3898	0	3
February 15, 2008 2:28:00 PM UTC	1203114480000	0	0	yes	29.4	222.9	20506	20827	9237	6658	0	44148	2714	0	76	3898	0	3
February 15, 2008 2:29:00 PM UTC	1203114540000	0	0	yes	29.3	223.2	20506	20827	9253	6559	0	44231	2768	4	122	3889	0	0
February 15, 2008 2:30:00 PM UTC	1203114600000	0	0	yes	29.1	223.4	20506	20827	9245	6609	0	44189	2733	4	99	3888	0	1
February 15, 2008 2:31:00 PM UTC	1203114660000	0	0	yes	29.0	223.6	20506	20827	9245	6609	0	44189	2735	0	105	3883	0	1
February 15, 2008 2:32:00 PM UTC	1203114720000	0	0	yes	28.9	223.9	20506	20827	9253	6507	0	44283	2772	0	137	3876	0	3
February 15, 2008 2:33:00 PM UTC	1203114780000	0	0	yes	28.7	224.1	20506	20827	9245	6609	0	44189	2723	0	114	3877	0	3
February 15, 2008 2:34:00 PM UTC	1203114840000	0	0	yes	28.6	224.3	20506	20827	9253	6559	0	44231	2759	2	129	3867	0	0
February 15, 2008 2:35:00 PM UTC	1203114900000	0	0	yes	28.4	224.5	20506	20827	9253	6560	0	44230	2733	0	179	3869	0	0
February 15, 2008 2:36:00 PM UTC	1203114960000	0	0	yes	28.3	224.8	20506	20827	9244	6609	0	44190	2700	0	110	3869	0	0
February 15, 2008 2:37:00 PM UTC	1203115020000	0	0	yes	28.2	225.0	20506	20827	9252	6560	0	44231	2723	2	137	3860	0	1
February 15, 2008 2:38:00 PM UTC	1203115080000	0	0	yes	28.0	225.2	20506	20827	9252	6509	0	44282	2733	1	189	3855	0	14
February 15, 2008 2:39:00 PM UTC	1203115140000	0	0	yes	27.9	225.4	20506	20827	9244	6600	0	44199	2685	4	192	3851	0	9
February 15, 2008 2:40:00 PM UTC	1203115200000	0	0	yes	27.7	225.7	20506	20827	9251	6549	0	44243	2705	2	188	3845	0	1
February 15, 2008 2:41:00 PM UTC	1203115260000	0	1	yes	27.6	225.9	20506	20827	9251	6552	0	44240	2700	3	210	3849	0	3
February 15, 2008 2:42:00 PM UTC	1203115320000	0	0	yes	27.5	226.1	20506	20827	9244	6600	0	44199	2663	0	122	3840	0	1
February 15, 2008 2:43:00 PM UTC	1203115380000	0	0	yes	27.3	226.3	20506	20827	9258	6501	0	44284	2714	0	198	3838	0	5
February 15, 2008 2:44:00 PM UTC	1203115440000	0	1	yes	27.2	226.5	20506	20827	9251	6553	0	44239	2675	2	284	3838	0	5
February 15, 2008 2:45:00 PM UTC	1203115500000	0	1	yes	27.0	226.8	20506	20827	9244	6600	0	44199	2640	2	207	3838	0	6
February 15, 2008 2:46:00 PM UTC	1203115560000	0	1	yes	26.9	227.0	20506	20827	9251	6553	0	44239	2663	11	245	3833	0	2
February 15, 2008 2:47:00 PM UTC	1203115620000	0	1	yes	26.7	227.2	20506	20827	9251	6553	0	44239	2651	0	266	3832	0	7
February 15, 2008 2:48:00 PM UTC	1203115680000	0	1	yes	26.6	227.4	20506	20827	9243	6552	0	44248	2629	0	242	3830	0	11
February 15, 2008 2:49:00 PM UTC	1203115740000	0	1	yes	26.4	227.6	20506	20827	9251	6450	0	44342	2658	0	337	3828	0	3
February 15, 2008 2:50:00 PM UTC	1203115800000	0	1	yes	26.3	227.9	20506	20827	9250	6506	0	44287	2636	1	353	3824	0	8
February 15, 2008 2:51:00 PM UTC	1203115860000	0	1	yes	26.1	228.1	20506	20827	9243	6552	0	44248	2600	0	357	3824	0	4
February 15, 2008 2:52:00 PM UTC	1203115920000	0	1	yes	26.0	228.3	20506	20827	9243	6554	0	44246	2596	8	310	3820	0	4
February 15, 2008 2:53:00 PM UTC	1203115980000	0	1	yes	25.8	228.5	20506	20827	9250	6507	0	44286	2609	0	373	3821	0	11
February 15, 2008 2:54:00 PM UTC	1203116040000	0	1	yes	25.7	228.7	20506	20827	9251	6499	0	44293	2608	0	422	3818	0	3
February 15, 2008 2:55:00 PM UTC	1203116100000	0	1	yes	25.5	228.9	20506	20827	9249	6508	0	44286	2590	2	405	3817	0	7
February 15, 2008 2:56:00 PM UTC	1203116160000	0	1	yes	25.4	229.1	20506	20827	9249	6508	0	44286	2588	1	400	3813	0	27
February 15, 2008 2:57:00 PM UTC	1203116220000	0	1	yes	25.2	229.3	20506	20827	9249	6508	0	44286	2575	1	428	3817	0	7
February 15, 2008 2:58:00 PM UTC	1203116280000	0	1	yes	25.1	229.6	20506	20827	9249	6508	0	44286	2568	3	416	3809	0	15
February 15, 2008 2:59:00 PM UTC	1203116340000	0	1	yes	24.9	229.8	20506	20827	9240	6562	0	44241	2523	5	360	3818	0	6
February 15, 2008 3:00:00 PM UTC	1203116400000	0	1	yes	24.8	230.0	20506	20827	9249	6507	0	44287	2553	1	479	3807	0	25
February 15, 2008 3:01:00 PM UTC	1203116460000	0	1	yes	24.6	230.2	20506	20827	9241	6521	0	44281	2518	1	428	3813	0	18
February 15, 2008 3:02:00 PM UTC	1203116520000	0	1	yes	24.5	230.4	20506	20827	9246	6525	0	44272	2526	0	438	3806	0	6
February 15, 2008 3:03:00 PM UTC	1203116580000	0	1	yes	24.3	230.6	20506	20827	9256	6466	0	44321	2542	6	486	3813	0	15
February 15, 2008 3:04:00 PM UTC	1203116640000	0	1	yes	24.2	230.8	20506	20827	9241	6564	0	44238	2480	5	328	3813	0	4
February 15, 2008 3:05:00 PM UTC	1203116700000	0	1	yes	24.0	231.0	20506	20827	9247	6525	0	44271	2497	2	236	3807	0	9
February 15, 2008 3:06:00 PM UTC	1203116760000	0	1	yes	23.8	231.2	20506	20827	9247	6525	0	44271	2484	0	251	3812	0	6
February 15, 2008 3:07:00 PM UTC	1203116820000	0	1	yes	23.7	231.4	20506	20827	9247	6525	0	44271	2476	3	278	3811	0	0
February 15, 2008 3:08:00 PM UTC	1203116880000	0	1	yes	23.5	231.6	20506	20827	9248	6524	0	44271	2457	23	320	3820	0	4
February 15, 2008 3:09:00 PM UTC	1203116940000	0	0	yes	23.4	231.8	20506	20827	9248	6524	0	44271	2454	50	203	3814	0	5
February 15, 2008 3:10:00 PM UTC	1203117000000	0	1	yes	23.2	232.0	20506	20827	9245	6554	0	44244	2430	17	276	3817	0	3
February 15, 2008 3:11:00 PM UTC	1203117060000	0	1	yes	23.1	232.2	20506	20827	9247	6524	3	44269	2433	33	286	3820	0	10
February 15, 2008 3:12:00 PM UTC	1203117120000	0	0	yes	22.9	232.4	20506	20827	9255	6442	12	44334	2448	78	172	3825	0	3
February 15, 2008 3:13:00 PM UTC	1203117180000	0	1	yes	22.7	232.6	20506	20827	9247	6500	13	44283	2410	67	275	3824	0	5
February 15, 2008 3:14:00 PM UTC	1203117240000	0	1	yes	22.6	232.8	20506	20827	9255	6442	31	44315	2428	54	324	3822	0	2
February 15, 2008 3:15:00 PM UTC	1203117300000	0	1	yes	22.4	233.0	20506	20827	9245	6556	31	44211	2380	42	247	3826	0	4
February 15, 2008 3:16:00 PM UTC	1203117360000	0	1	yes	22.3	233.2	20506	20827	9245	6556	41	44201	2366	39	217	3829	0	5
February 15, 2008 3:17:00 PM UTC	1203117420000	0	1	yes	22.1	233.4	20506	20827	9246	6556	52	44189	2358	25	220	3827	0	1
February 15, 2008 3:18:00 PM UTC	1203117480000	0	1	yes	21.9	233.6	20506	20827	9252	6514	71	44206	2361	14	332	3832	0	3
February 15, 2008 3:19:00 PM UTC	1203117540000	0	1	yes	21.8	233.8	20506	20827	9237	6614	66	44126	2305	9	330	3840	0	19
February 15, 2008 3:20:00 PM UTC	1203117600000	0	1	yes	21.6	234.0	20506	20827	9245	6556	86	44156	2321	15	383	3838	0	9
February 15, 2008 3:21:00 PM UTC	1203117660000	0	1	yes	21.4	234.2	20506	20827	9251	6517	100	44175	2327	1	365	3840	0	5
February 15, 2008 3:22:00 PM UTC	1203117720000	0	1	yes	21.3	234.4	20506	20827	9251	6512	112	44168	2321	13	327	3849	0	14
February 15, 2008 3:23:00 PM UTC	1203117780000	0	1	yes	21.1	234.6	20506	20827	9252	6518	118	44155	2301	3	334	3839	0	20
February 15, 2008 3:24:00 PM UTC	1203117840000	0	1	yes	21.0	234.8	20506	20827	9242	6541	122	44138	2276	10	364	3854	0	11
February 15, 2008 3:25:00 PM UTC	1203117900000	0	1	yes	20.8	235.0	20506	20827	9251	6482	138	44172	2289	2	355	3873	0	14
February 15, 2008 3:26:00 PM UTC	1203117960000	0	1	yes	20.6	235.2	20506	20827	9252	6480	146	44165	2281	13	385	3854	0	18
February 15, 2008 3:27:00 PM UTC	1203118020000	0	1	yes	20.5	235.4	20506	20827	9246	6480	149	44168	2248	5	229	3868	0	30
February 15, 2008 3:28:00 PM UTC	1203118080000	0	1	yes	20.3	235.6	20506	20827	9252	6475	162	44154	2247	7	326	3863	0	25
February 15, 2008 3:29:00 PM UTC	1203118140000	0	1	yes	20.1	235.8	20506	20827	9248	6496	167	44132	2230	10	328	3869	0	14
February 15, 2008 3:30:00 PM UTC	1203118200000	0	1	yes	20.0	236.0	20506	20827	9248	6496	176	44123	2220	7	429	3876	0	23
February 15, 2008 3:31:00 PM UTC	1203118260000	0	1	yes	19.8	236.1	20506	20827	9243	6533	179	44088	2192	13	345	3873	0	26
February 15, 2008 3:32:00 PM UTC	1203118320000	0	1	yes	19.6	236.3	20506	20827	9248	6496	192	44107	2195	0	283	3887	0	20
February 15, 2008 3:33:00 PM UTC	1203118380000	0	0	yes	19.5	236.5	20506	20827	9248	6496	202	44097	2183	14	191	3887	0	23
February 15, 2008 3:34:00 PM UTC	1203118440000	0	1	yes	19.3	236.7	20506	20827	9248	6496	209	44090	2165	0	289	3895	0	22
February 15, 2008 3:35:00 PM UTC	1203118500000	0	1	yes	19.1	236.9	20506	20827	9254	6459	221	44109	2172	3	211	3897	0	29
February 15, 2008 3:36:00 PM UTC	1203118560000	0	1	yes	19.0	237.1	20506	20827	9249	6495	224	44075	2137	24	304	3911	0	26
February 15, 2008 3:37:00 PM UTC	1203118620000	0	1	yes	18.8	237.3	20506	20827	9249	6468	236	44090	2136	2	227	3910	0	10
February 15, 2008 3:38:00 PM UTC	1203118680000	0	1	yes	18.6	237.5	20506	20827	9241	6531	236	44035	2091	2	281	3915	0	10
February 15, 2008 3:39:00 PM UTC	1203118740000	0	1	yes	18.5	237.6	20506	20827	9256	6431	258	44098	2125	2	237	3924	0	17
February 15, 2008 3:40:00 PM UTC	1203118800000	0	1	yes	18.3	237.8	20506	20827	9246	6489	253	44055	2086	18	230	3928	0	10
February 15, 2008 3:41:00 PM UTC	1203118860000	0	1	yes	18.1	238.0	20506	20827	9242	6525	257	44019	2059	11	233	3934	0	12
February 15, 2008 3:42:00 PM UTC	1203118920000	0	1	yes	17.9	238.2	20506	20827	9257	6429	281	44076	2086	10	238	3943	0	11
February 15, 2008 3:43:00 PM UTC	1203118980000	0	0	yes	17.8	238.4	20506	20827	9247	6548	276	43972	2033	19	161	3954	0	26
February 15, 2008 3:44:00 PM UTC	1203119040000	0	0	yes	17.6	238.6	20506	20827	9247	6548	283	43965	2023	5	186	3957	0	9
February 15, 2008 3:45:00 PM UTC	1203119100000	0	0	yes	17.4	238.7	20506	20827	9252	6513	288	43990	2021	3	181	3967	0	13
February 15, 2008 3:46:00 PM UTC	1203119160000	0	0	yes	17.3	238.9	20506	20827	9247	6548	285	43963	1998	6	101	3972	0	13
February 15, 2008 3:47:00 PM UTC	1203119220000	0	0	yes	17.1	239.1	20506	20827	9247	6548	291	43957	1975	1	185	3989	0	5
February 15, 2008 3:48:00 PM UTC	1203119280000	0	0	yes	16.9	239.3	20506	20827	9251	6522	304	43966	1983	2	83	3986	0	10
February 15, 2008 3:49:00 PM UTC	1203119340000	0	0	yes	16.7	239.5	20506	20827	9251	6522	307	43963	1966	2	117	4002	0	12
February 15, 2008 3:50:00 PM UTC	1203119400000	0	0	yes	16.6	239.6	20506	20827	9252	6492	314	43985	1958	1	64	4008	0	8
February 15, 2008 3:51:00 PM UTC	1203119460000	0	0	yes	16.4	239.8	20506	20827	9247	6526	314	43956	1932	0	174	4016	0	9
February 15, 2008 3:52:00 PM UTC	1203119520000	0	0	yes	16.2	240.0	20506	20827	9243	6555	316	43929	1904	0	107	4027	0	10
February 15, 2008 3:53:00 PM UTC	1203119580000	0	0	yes	16.1	240.2	20506	20827	9252	6492	330	43969	1921	0	117	4032	0	4
February 15, 2008 3:54:00 PM UTC	1203119640000	0	0	yes	15.9	240.4	20506	20827	9242	6554	321	43926	1873	0	153	4050	0	3
February 15, 2008 3:55:00 PM UTC	1203119700000	0	0	yes	15.7	240.5	20506	20827	9248	6514	336	43945	1883	0	85	4050	0	3
February 15, 2008 3:56:00 PM UTC	1203119760000	0	0	yes	15.5	240.7	20506	20827	9257	6454	349	43983	1886	0	129	4067	0	11
February 15, 2008 3:57:00 PM UTC	1203119820000	0	0	yes	15.4	240.9	20506	20827	9243	6550	341	43909	1836	0	102	4074	0	6
February 15, 2008 3:58:00 PM UTC	1203119880000	0	0	yes	15.2	241.1	20506	20827	9250	6552	359	43882	1834	0	44	4087	0	11
February 15, 2008 3:59:00 PM UTC	1203119940000	0	0	yes	15.0	241.2	20506	20827	9247	6527	356	43913	1821	0	82	4092	0	6
February 15, 2008 4:00:00 PM UTC	1203120000000	0	0	yes	14.8	241.4	20506	20827	9247	6527	361	43908	1803	0	69	4105	0	1
February 15, 2008 4:01:00 PM UTC	1203120060000	0	0	yes	14.7	241.6	20506	20827	9258	6464	376	43945	1815	0	74	4113	0	0
February 15, 2008 4:02:00 PM UTC	1203120120000	0	0	yes	14.5	241.8	20506	20827	9247	6527	372	43897	1772	0	103	4126	0	0
February 15, 2008 4:03:00 PM UTC	1203120180000	0	0	yes	14.3	241.9	20506	20827	9247	6509	375	43912	1763	0	15	4138	0	0
February 15, 2008 4:04:00 PM UTC	1203120240000	0	0	yes	14.1	242.1	20506	20827	9247	6510	376	43910	1743	0	77	4153	0	0
February 15, 2008 4:05:00 PM UTC	1203120300000	0	0	yes	13.9	242.3	20506	20827	9247	6510	376	43910	1731	0	55	4165	0	1
February 15, 2008 4:06:00 PM UTC	1203120360000	0	0	yes	13.8	242.5	20506	20827	9253	6478	390	43922	1737	0	57	4163	0	0
February 15, 2008 4:07:00 PM UTC	1203120420000	0	0	yes	13.6	242.6	20506	20827	9252	6476	393	43922	1712	0	68	4190	0	1
February 15, 2008 4:08:00 PM UTC	1203120480000	0	0	yes	13.4	242.8	20506	20827	9252	6476	397	43918	1703	0	59	4200	0	0
February 15, 2008 4:09:00 PM UTC	1203120540000	0	0	yes	13.2	243.0	20506	20827	9241	6540	388	43874	1656	0	62	4213	0	0
February 15, 2008 4:10:00 PM UTC	1203120600000	0	0	yes	13.1	243.1	20506	20827	9252	6476	405	43910	1671	0	65	4228	0	1
February 15, 2008 4:11:00 PM UTC	1203120660000	0	0	yes	12.9	243.3	20506	20827	9241	6540	399	43863	1632	0	45	4243	0	0
February 15, 2008 4:12:00 PM UTC	1203120720000	0	0	yes	12.7	243.5	20506	20827	9252	6475	414	43902	1645	0	46	4255	0	1
February 15, 2008 4:13:00 PM UTC	1203120780000	0	0	yes	12.5	243.7	20506	20827	9252	6475	416	43900	1633	0	5	4267	0	1
February 15, 2008 4:14:00 PM UTC	1203120840000	0	0	yes	12.3	243.8	20506	20827	9245	6573	410	43815	1594	0	12	4286	0	0
February 15, 2008 4:15:00 PM UTC	1203120900000	0	0	yes	12.2	244.0	20506	20827	9255	6510	423	43855	1606	0	2	4299	0	0
February 15, 2008 4:16:00 PM UTC	1203120960000	0	0	yes	12.0	244.2	20506	20827	9241	6604	409	43789	1551	0	0	4317	0	0
February 15, 2008 4:17:00 PM UTC	1203121020000	0	0	yes	11.8	244.3	20506	20827	9242	6592	414	43795	1544	0	0	4328	0	0
February 15, 2008 4:18:00 PM UTC	1203121080000	0	0	yes	11.6	244.5	20506	20827	9256	6498	429	43860	1565	0	2	4343	0	0
February 15, 2008 4:19:00 PM UTC	1203121140000	0	0	yes	11.4	244.7	20506	20827	9246	6561	421	43815	1522	0	2	4361	0	0
February 15, 2008 4:20:00 PM UTC	1203121200000	0	0	yes	11.3	244.8	20506	20827	9246	6561	427	43809	1508	0	2	4375	0	0
February 15, 2008 4:21:00 PM UTC	1203121260000	0	0	yes	11.1	245.0	20506	20827	9246	6561	428	43808	1492	0	33	4391	0	0
February 15, 2008 4:22:00 PM UTC	1203121320000	0	0	yes	10.9	245.2	20506	20827	9246	6561	429	43807	1481	0	12	4401	0	54
February 15, 2008 4:23:00 PM UTC	1203121380000	0	0	yes	10.7	245.3	20506	20827	9249	6532	431	43831	1472	0	2	4422	0	0
February 15, 2008 4:24:00 PM UTC	1203121440000	0	0	yes	10.5	245.5	20506	20827	9246	6561	430	43806	1451	0	2	4429	0	0
February 15, 2008 4:25:00 PM UTC	1203121500000	0	0	yes	10.3	245.7	20506	20827	9246	6561	432	43804	1435	0	3	4447	0	0
February 15, 2008 4:26:00 PM UTC	1203121560000	0	0	yes	10.2	245.8	20506	20827	9235	6626	425	43757	1396	0	7	4460	0	0
February 15, 2008 4:27:00 PM UTC	1203121620000	0	0	yes	10.0	246.0	20506	20827	9251	6483	440	43869	1419	0	38	4476	0	0
February 15, 2008 4:28:00 PM UTC	1203121680000	0	0	yes	9.8	246.1	20506	20827	9251	6483	442	43867	1400	0	48	4496	0	0
February 15, 2008 4:29:00 PM UTC	1203121740000	0	0	yes	9.6	246.3	20506	20827	9251	6482	446	43864	1388	0	1	4507	0	0
February 15, 2008 4:30:00 PM UTC	1203121800000	0	0	yes	9.4	246.5	20506	20827	9251	6482	448	43862	1367	0	7	4528	0	0
February 15, 2008 4:31:00 PM UTC	1203121860000	0	0	yes	9.2	246.6	20506	20827	9246	6518	448	43831	1346	0	28	4537	0	2
February 15, 2008 4:32:00 PM UTC	1203121920000	0	0	yes	9.1	246.8	20506	20827	9251	6536	454	43802	1333	0	0	4558	0	0
February 15, 2008 4:33:00 PM UTC	1203121980000	0	0	yes	8.9	247.0	20506	20827	9251	6536	457	43799	1317	0	31	4571	0	5
February 15, 2008 4:34:00 PM UTC	1203122040000	0	0	yes	8.7	247.1	20506	20827	9240	6602	448	43753	1285	0	3	4581	0	0
February 15, 2008 4:35:00 PM UTC	1203122100000	0	0	yes	8.5	247.3	20506	20827	9251	6523	460	43809	1290	0	0	4605	0	0
February 15, 2008 4:36:00 PM UTC	1203122160000	0	0	yes	8.3	247.4	20506	20827	9245	6575	454	43769	1262	0	13	4614	0	0
February 15, 2008 4:37:00 PM UTC	1203122220000	0	0	yes	8.1	247.6	20506	20827	9245	6575	453	43770	1242	0	0	4634	0	0
February 15, 2008 4:38:00 PM UTC	1203122280000	0	0	yes	7.9	247.8	20506	20827	9256	6509	464	43814	1251	0	0	4648	0	0
February 15, 2008 4:39:00 PM UTC	1203122340000	0	0	yes	7.8	247.9	20506	20827	9245	6575	457	43766	1211	0	4	4666	0	0
February 15, 2008 4:40:00 PM UTC	1203122400000	0	0	yes	7.6	248.1	20506	20827	9245	6575	460	43763	1202	0	5	4675	0	16
February 15, 2008 4:41:00 PM UTC	1203122460000	0	0	yes	7.4	248.2	20506	20827	9254	6509	471	43809	1205	0	0	4698	0	0
February 15, 2008 4:42:00 PM UTC	1203122520000	0	0	yes	7.2	248.4	20506	20827	9243	6576	461	43763	1172	1	29	4703	0	0
February 15, 2008 4:43:00 PM UTC	1203122580000	0	0	yes	7.0	248.6	20506	20827	9243	6576	461	43763	1158	0	0	4717	0	0
February 15, 2008 4:44:00 PM UTC	1203122640000	0	0	yes	6.8	248.7	20506	20827	9243	6575	469	43756	1137	1	3	4739	0	0
February 15, 2008 4:45:00 PM UTC	1203122700000	0	0	yes	6.6	248.9	20506	20827	9243	6575	463	43762	1128	2	3	4748	0	0
February 15, 2008 4:46:00 PM UTC	1203122760000	0	0	yes	6.5	249.0	20506	20827	9257	6491	477	43818	1135	2	3	4773	0	0
February 15, 2008 4:47:00 PM UTC	1203122820000	0	0	yes	6.3	249.2	20506	20827	9248	6542	471	43782	1105	0	3	4782	0	0
February 15, 2008 4:48:00 PM UTC	1203122880000	0	0	yes	6.1	249.3	20506	20827	9248	6542	472	43781	1091	0	6	4798	0	0
February 15, 2008 4:49:00 PM UTC	1203122940000	0	0	yes	5.9	249.5	20506	20827	9248	6542	474	43779	1072	0	51	4816	0	0
February 15, 2008 4:50:00 PM UTC	1203123000000	0	0	yes	5.7	249.7	20506	20827	9247	6608	477	43711	1057	0	3	4822	0	0
February 15, 2008 4:51:00 PM UTC	1203123060000	0	0	yes	5.5	249.8	20506	20827	9250	6588	494	43711	1040	0	0	4848	0	0
February 15, 2008 4:52:00 PM UTC	1203123120000	0	0	yes	5.3	250.0	20506	20827	9248	6612	497	43686	1025	0	0	4853	0	0
February 15, 2008 4:53:00 PM UTC	1203123180000	0	0	yes	5.1	250.1	20506	20827	9248	6612	505	43678	1007	0	0	4872	0	0
February 15, 2008 4:54:00 PM UTC	1203123240000	0	0	yes	5.0	250.3	20506	20827	9237	6559	509	43738	981	0	28	4886	0	0
February 15, 2008 4:55:00 PM UTC	1203123300000	0	0	yes	4.8	250.4	20506	20827	9248	6492	522	43781	981	0	0	4909	0	0
February 15, 2008 4:56:00 PM UTC	1203123360000	0	0	yes	4.6	250.6	20506	20827	9252	6469	534	43788	970	0	2	4929	0	0
February 15, 2008 4:57:00 PM UTC	1203123420000	0	0	yes	4.4	250.7	20506	20827	9244	6536	537	43726	945	0	10	4932	0	0
February 15, 2008 4:58:00 PM UTC	1203123480000	0	0	yes	4.2	250.9	20506	20827	9252	6466	557	43768	938	0	0	4961	0	0
February 15, 2008 4:59:00 PM UTC	1203123540000	0	0	yes	4.0	251.1	20506	20827	9252	6466	571	43754	926	0	1	4971	0	1
February 15, 2008 5:00:00 PM UTC	1203123600000	0	0	yes	3.8	251.2	20506	20827	9241	6534	579	43689	891	0	1	4980	0	0
February 15, 2008 5:01:00 PM UTC	1203123660000	0	0	yes	3.6	251.4	20506	20827	9255	6443	618	43727	901	0	3	5007	0	0
February 15, 2008 5:02:00 PM UTC	1203123720000	0	0	yes	3.4	251.5	20506	20827	9244	6513	638	43648	874	0	0	5009	0	0
February 15, 2008 5:03:00 PM UTC	1203123780000	0	0	yes	3.2	251.7	20506	20827	9244	6501	676	43622	855	0	0	5030	0	0
February 15, 2008 5:04:00 PM UTC	1203123840000	0	0	yes	3.1	251.8	20506	20827	9254	6456	718	43615	856	0	0	5047	0	0
