January 21, 2010 7:15:00 AM UTC	1264086900000	1	0	no	3.1	117.6	20506	20827	9247	6509	635	43652	852	95	0	5029	60	0
January 21, 2010 7:16:00 AM UTC	1264086960000	0	1	no	3.3	117.8	20506	20827	9247	6509	636	43651	862	49	0	5017	25	2
January 21, 2010 7:17:00 AM UTC	1264087020000	1	1	no	3.5	117.9	20506	20827	9257	6446	602	43738	890	68	0	5026	35	1
January 21, 2010 7:18:00 AM UTC	1264087080000	1	1	no	3.7	118.1	20506	20827	9247	6509	562	43725	892	69	0	4996	38	0
January 21, 2010 7:19:00 AM UTC	1264087140000	1	2	no	3.8	118.3	20506	20827	9247	6528	501	43767	898	110	0	4983	42	0
January 21, 2010 7:20:00 AM UTC	1264087200000	2	6	no	4.0	118.4	20506	20827	9258	6465	453	43867	936	160	0	4968	74	9
January 21, 2010 7:21:00 AM UTC	1264087260000	2	16	no	4.2	118.6	20506	20827	9247	6528	398	43870	932	205	0	4951	79	45
January 21, 2010 7:22:00 AM UTC	1264087320000	4	30	no	4.4	118.7	20506	20827	9247	6528	325	43943	950	274	0	4933	172	307
January 21, 2010 7:23:00 AM UTC	1264087380000	6	42	no	4.5	118.9	20506	20827	9250	6499	283	44011	970	316	0	4924	335	735
January 21, 2010 7:24:00 AM UTC	1264087440000	10	54	no	4.7	119.0	20506	20827	9241	6617	243	43942	959	308	0	4908	914	797
January 21, 2010 7:25:00 AM UTC	1264087500000	13	59	no	4.9	119.2	20506	20827	9247	6526	242	44028	991	362	0	4895	1161	644
January 21, 2010 7:26:00 AM UTC	1264087560000	21	61	no	5.1	119.4	20506	20827	9256	6464	161	44162	1019	488	0	4892	2298	395
January 21, 2010 7:27:00 AM UTC	1264087620000	23	62	no	5.2	119.5	20506	20827	9242	6556	110	44135	1007	485	0	4868	2388	534
January 21, 2010 7:28:00 AM UTC	1264087680000	27	63	no	5.4	119.7	20506	20827	9252	6493	145	44153	1039	549	0	4860	2740	641
January 21, 2010 7:29:00 AM UTC	1264087740000	28	65	no	5.6	119.8	20506	20827	9252	6493	161	44137	1051	616	0	4847	2842	706
January 21, 2010 7:30:00 AM UTC	1264087800000	29	66	no	5.8	120.0	20506	20827	9243	6555	141	44104	1054	638	0	4822	2908	563
January 21, 2010 7:31:00 AM UTC	1264087860000	24	69	no	5.9	120.1	20506	20827	9247	6527	214	44055	1069	352	0	4815	2684	601
January 21, 2010 7:32:00 AM UTC	1264087920000	20	74	no	6.1	120.3	20506	20827	9252	6493	353	43945	1099	207	0	4799	2391	725
January 21, 2010 7:33:00 AM UTC	1264087980000	17	76	no	6.3	120.5	20506	20827	9242	6555	397	43849	1092	119	0	4786	2052	860
January 21, 2010 7:34:00 AM UTC	1264088040000	20	75	no	6.5	120.6	20506	20827	9252	6511	379	43901	1127	207	0	4769	2583	741
January 21, 2010 7:35:00 AM UTC	1264088100000	22	73	no	6.6	120.8	20506	20827	9247	6555	323	43918	1127	213	0	4753	2576	532
January 21, 2010 7:36:00 AM UTC	1264088160000	23	72	no	6.8	121.0	20506	20827	9247	6555	277	43964	1138	296	0	4746	2714	470
January 21, 2010 7:37:00 AM UTC	1264088220000	24	72	no	7.0	121.1	20506	20827	9247	6555	267	43974	1153	344	0	4730	3044	538
January 21, 2010 7:38:00 AM UTC	1264088280000	24	72	no	7.1	121.3	20506	20827	9252	6520	338	43933	1176	281	0	4719	3004	748
January 21, 2010 7:39:00 AM UTC	1264088340000	27	69	no	7.3	121.4	20506	20827	9247	6555	326	43915	1185	238	0	4698	3139	737
January 21, 2010 7:40:00 AM UTC	1264088400000	29	68	no	7.5	121.6	20506	20827	9247	6555	356	43885	1195	339	0	4688	3161	707
January 21, 2010 7:41:00 AM UTC	1264088460000	28	69	no	7.7	121.8	20506	20827	9247	6555	386	43855	1212	340	0	4668	3243	724
January 21, 2010 7:42:00 AM UTC	1264088520000	27	70	no	7.8	121.9	20506	20827	9257	6434	410	43942	1249	406	0	4663	3216	814
January 21, 2010 7:43:00 AM UTC	1264088580000	23	75	no	8.0	122.1	20506	20827	9242	6535	413	43853	1233	374	0	4641	3003	1012
January 21, 2010 7:44:00 AM UTC	1264088640000	22	76	no	8.2	122.3	20506	20827	9256	6435	408	43944	1277	374	0	4635	3088	1021
January 21, 2010 7:45:00 AM UTC	1264088700000	22	76	no	8.3	122.4	20506	20827	9256	6435	427	43925	1291	273	0	4617	3101	1122
January 21, 2010 7:46:00 AM UTC	1264088760000	22	76	no	8.5	122.6	20506	20827	9241	6530	414	43858	1277	336	0	4596	3223	1090
January 21, 2010 7:47:00 AM UTC	1264088820000	25	73	no	8.7	122.7	20506	20827	9249	6472	407	43915	1302	318	0	4596	3499	794
January 21, 2010 7:48:00 AM UTC	1264088880000	27	71	no	8.8	122.9	20506	20827	9249	6503	377	43914	1319	416	0	4574	3912	375
January 21, 2010 7:49:00 AM UTC	1264088940000	29	69	no	9.0	123.1	20506	20827	9245	6519	378	43901	1322	477	0	4563	3825	456
January 21, 2010 7:50:00 AM UTC	1264089000000	30	69	no	9.2	123.2	20506	20827	9248	6504	366	43925	1349	554	0	4545	3811	467
January 21, 2010 7:51:00 AM UTC	1264089060000	29	69	no	9.4	123.4	20506	20827	9248	6504	375	43916	1359	575	0	4535	3787	535
January 21, 2010 7:52:00 AM UTC	1264089120000	33	65	no	9.5	123.6	20506	20827	9248	6504	396	43895	1376	593	0	4519	3902	410
January 21, 2010 7:53:00 AM UTC	1264089180000	41	57	no	9.7	123.7	20506	20827	9243	6543	369	43888	1378	554	0	4500	4000	367
January 21, 2010 7:54:00 AM UTC	1264089240000	46	53	no	9.9	123.9	20506	20827	9248	6504	267	44024	1395	754	0	4497	4034	359
January 21, 2010 7:55:00 AM UTC	1264089300000	47	53	no	10.0	124.1	20506	20827	9248	6504	183	44108	1416	1005	0	4484	4152	253
January 21, 2010 7:56:00 AM UTC	1264089360000	50	48	no	10.2	124.3	20506	20827	9248	6504	291	44000	1429	664	0	4463	4091	280
January 21, 2010 7:57:00 AM UTC	1264089420000	55	44	no	10.4	124.4	20506	20827	9252	6484	203	44104	1452	922	0	4440	4106	288
January 21, 2010 7:58:00 AM UTC	1264089480000	57	42	no	10.5	124.6	20506	20827	9246	6487	211	44099	1445	896	0	4449	3999	385
January 21, 2010 7:59:00 AM UTC	1264089540000	57	43	no	10.7	124.8	20506	20827	9248	6526	207	44062	1474	1032	0	4420	4075	279
January 21, 2010 8:00:00 AM UTC	1264089600000	54	45	no	10.8	124.9	20506	20827	9251	6488	247	44057	1493	961	0	4400	4001	340
January 21, 2010 8:01:00 AM UTC	1264089660000	48	52	no	11.0	125.1	20506	20827	9242	6546	353	43902	1484	876	0	4409	3932	438
January 21, 2010 8:02:00 AM UTC	1264089720000	48	52	no	11.2	125.3	20506	20827	9242	6582	369	43850	1495	935	0	4381	3736	618
January 21, 2010 8:03:00 AM UTC	1264089780000	53	46	no	11.3	125.4	20506	20827	9245	6564	372	43862	1510	897	0	4363	3879	424
January 21, 2010 8:04:00 AM UTC	1264089840000	63	36	no	11.5	125.6	20506	20827	9243	6582	354	43864	1523	1014	0	4363	4025	314
January 21, 2010 8:05:00 AM UTC	1264089900000	76	23	no	11.7	125.8	20506	20827	9251	6523	314	43955	1551	1109	0	4346	3995	334
January 21, 2010 8:06:00 AM UTC	1264089960000	88	12	no	11.8	126.0	20506	20827	9245	6565	100	44133	1555	1368	0	4327	4200	127
January 21, 2010 8:07:00 AM UTC	1264090020000	92	8	no	12.0	126.1	20506	20827	9245	6565	85	44148	1568	1360	0	4320	4278	42
January 21, 2010 8:08:00 AM UTC	1264090080000	97	3	no	12.2	126.3	20506	20827	9246	6565	67	44165	1583	1471	0	4298	4268	30
January 21, 2010 8:09:00 AM UTC	1264090140000	96	4	no	12.3	126.5	20506	20827	9252	6525	44	44222	1609	1539	0	4289	4181	108
January 21, 2010 8:10:00 AM UTC	1264090200000	93	7	no	12.5	126.7	20506	20827	9254	6507	46	44236	1628	1519	0	4275	4158	117
January 21, 2010 8:11:00 AM UTC	1264090260000	91	9	no	12.6	126.8	20506	20827	9245	6565	50	44183	1626	1506	0	4260	4170	90
January 21, 2010 8:12:00 AM UTC	1264090320000	91	9	no	12.8	127.0	20506	20827	9245	6565	30	44203	1633	1539	0	4252	4101	151
January 21, 2010 8:13:00 AM UTC	1264090380000	92	8	no	13.0	127.2	20506	20827	9255	6454	3	44331	1676	1648	0	4235	4159	76
January 21, 2010 8:14:00 AM UTC	1264090440000	96	4	no	13.1	127.4	20506	20827	9247	6509	0	44287	1668	1659	0	4227	4122	105
January 21, 2010 8:15:00 AM UTC	1264090500000	98	2	no	13.3	127.6	20506	20827	9255	6454	0	44334	1707	1702	0	4211	4159	52
January 21, 2010 8:16:00 AM UTC	1264090560000	98	2	no	13.4	127.7	20506	20827	9247	6538	0	44258	1688	1688	0	4204	4091	113
January 21, 2010 8:17:00 AM UTC	1264090620000	98	2	no	13.6	127.9	20506	20827	9248	6538	0	44257	1709	1690	0	4188	4104	84
January 21, 2010 8:18:00 AM UTC	1264090680000	99	1	no	13.8	128.1	20506	20827	9255	6496	41	44251	1738	1686	0	4175	4172	3
January 21, 2010 8:19:00 AM UTC	1264090740000	99	1	no	13.9	128.3	20506	20827	9248	6538	82	44175	1738	1615	0	4161	4140	21
January 21, 2010 8:20:00 AM UTC	1264090800000	99	1	no	14.1	128.4	20506	20827	9239	6595	20	44189	1724	1682	0	4156	4146	10
January 21, 2010 8:21:00 AM UTC	1264090860000	99	1	no	14.2	128.6	20506	20827	9253	6497	30	44263	1774	1714	0	4143	4131	12
January 21, 2010 8:22:00 AM UTC	1264090920000	99	1	no	14.4	128.8	20506	20827	9247	6539	16	44241	1776	1736	0	4128	4116	12
January 21, 2010 8:23:00 AM UTC	1264090980000	99	0	no	14.5	129.0	20506	20827	9247	6539	13	44244	1787	1751	0	4119	4100	19
January 21, 2010 8:24:00 AM UTC	1264091040000	99	1	no	14.7	129.2	20506	20827	9240	6586	13	44204	1782	1753	0	4108	4103	5
January 21, 2010 8:25:00 AM UTC	1264091100000	100	0	no	14.8	129.4	20506	20827	9247	6539	8	44249	1808	1795	0	4105	4100	5
January 21, 2010 8:26:00 AM UTC	1264091160000	100	0	no	15.0	129.5	20506	20827	9255	6487	2	44299	1846	1826	0	4089	4083	6
January 21, 2010 8:27:00 AM UTC	1264091220000	100	0	no	15.2	129.7	20506	20827	9241	6530	0	44272	1829	1829	0	4080	4080	0
January 21, 2010 8:28:00 AM UTC	1264091280000	100	0	no	15.3	129.9	20506	20827	9249	6474	0	44320	1859	1857	0	4074	4074	0
January 21, 2010 8:29:00 AM UTC	1264091340000	100	0	no	15.5	130.1	20506	20827	9255	6474	0	44314	1889	1889	0	4062	4062	0
January 21, 2010 8:30:00 AM UTC	1264091400000	100	0	no	15.6	130.3	20506	20827	9240	6574	0	44229	1861	1857	0	4054	4050	4
January 21, 2010 8:31:00 AM UTC	1264091460000	100	0	no	15.8	130.5	20506	20827	9249	6519	0	44275	1895	1895	0	4043	4043	0
January 21, 2010 8:32:00 AM UTC	1264091520000	100	0	no	15.9	130.6	20506	20827	9249	6519	0	44275	1897	1896	0	4046	4036	10
January 21, 2010 8:33:00 AM UTC	1264091580000	100	0	no	16.1	130.8	20506	20827	9249	6519	0	44275	1917	1917	0	4030	4016	14
January 21, 2010 8:34:00 AM UTC	1264091640000	100	0	no	16.2	131.0	20506	20827	9249	6519	6	44269	1926	1907	0	4027	4025	2
January 21, 2010 8:35:00 AM UTC	1264091700000	100	0	no	16.4	131.2	20506	20827	9242	6564	8	44229	1925	1915	0	4012	4012	0
January 21, 2010 8:36:00 AM UTC	1264091760000	100	0	no	16.5	131.4	20506	20827	9243	6564	22	44214	1929	1902	0	4014	4014	0
January 21, 2010 8:37:00 AM UTC	1264091820000	100	0	no	16.7	131.6	20506	20827	9250	6518	31	44244	1967	1934	0	3999	3999	0
January 21, 2010 8:38:00 AM UTC	1264091880000	100	0	no	16.8	131.8	20506	20827	9251	6510	61	44221	1978	1898	0	3996	3996	0
January 21, 2010 8:39:00 AM UTC	1264091940000	100	0	no	17.0	132.0	20506	20827	9243	6563	8	44229	1972	1961	0	3982	3982	0
January 21, 2010 8:40:00 AM UTC	1264092000000	100	0	no	17.1	132.2	20506	20827	9250	6517	6	44270	1999	1993	0	3985	3985	0
January 21, 2010 8:41:00 AM UTC	1264092060000	100	0	no	17.3	132.3	20506	20827	9251	6462	0	44330	2024	2022	0	3974	3974	0
January 21, 2010 8:42:00 AM UTC	1264092120000	100	0	no	17.4	132.5	20506	20827	9243	6562	0	44238	2008	2008	0	3966	3966	0
January 21, 2010 8:43:00 AM UTC	1264092180000	100	0	no	17.6	132.7	20506	20827	9243	6628	0	44172	2013	2013	0	3960	3960	0
January 21, 2010 8:44:00 AM UTC	1264092240000	100	0	no	17.7	132.9	20506	20827	9251	6581	0	44211	2045	2045	0	3955	3955	0
January 21, 2010 8:45:00 AM UTC	1264092300000	100	0	no	17.9	133.1	20506	20827	9251	6581	0	44211	2050	2048	0	3956	3956	0
January 21, 2010 8:46:00 AM UTC	1264092360000	100	0	no	18.0	133.3	20506	20827	9244	6628	0	44171	2050	2049	0	3940	3940	0
January 21, 2010 8:47:00 AM UTC	1264092420000	100	0	no	18.2	133.5	20506	20827	9251	6580	0	44212	2077	2077	0	3937	3937	0
January 21, 2010 8:48:00 AM UTC	1264092480000	100	0	no	18.3	133.7	20506	20827	9251	6577	0	44215	2093	2093	0	3930	3930	0
January 21, 2010 8:49:00 AM UTC	1264092540000	100	0	no	18.5	133.9	20506	20827	9244	6628	0	44171	2075	2075	0	3928	3928	0
January 21, 2010 8:50:00 AM UTC	1264092600000	100	0	no	18.6	134.1	20506	20827	9251	6580	0	44212	2111	2111	0	3919	3919	0
January 21, 2010 8:51:00 AM UTC	1264092660000	100	0	no	18.7	134.3	20506	20827	9251	6577	0	44215	2123	2123	0	3915	3915	0
January 21, 2010 8:52:00 AM UTC	1264092720000	100	0	no	18.9	134.5	20506	20827	9244	6628	0	44171	2114	2114	0	3908	3908	0
January 21, 2010 8:53:00 AM UTC	1264092780000	100	0	no	19.0	134.7	20506	20827	9243	6625	0	44175	2127	2127	0	3904	3904	0
January 21, 2010 8:54:00 AM UTC	1264092840000	100	0	no	19.2	134.9	20506	20827	9252	6571	0	44220	2155	2154	0	3905	3905	0
January 21, 2010 8:55:00 AM UTC	1264092900000	100	0	no	19.3	135.1	20506	20827	9244	6623	0	44176	2144	2144	0	3898	3898	0
January 21, 2010 8:56:00 AM UTC	1264092960000	100	0	no	19.5	135.3	20506	20827	9244	6620	0	44179	2155	2155	0	3889	3889	0
January 21, 2010 8:57:00 AM UTC	1264093020000	100	0	no	19.6	135.5	20506	20827	9253	6570	0	44220	2189	2189	0	3889	3889	0
January 21, 2010 8:58:00 AM UTC	1264093080000	100	0	no	19.7	135.7	20506	20827	9253	6571	0	44219	2206	2206	0	3887	3887	0
January 21, 2010 8:59:00 AM UTC	1264093140000	100	0	no	19.9	135.9	20506	20827	9245	6620	0	44178	2187	2187	0	3876	3876	0
January 21, 2010 9:00:00 AM UTC	1264093200000	100	0	no	20.0	136.1	20506	20827	9245	6620	0	44178	2195	2195	0	3877	3877	0
January 21, 2010 9:01:00 AM UTC	1264093260000	100	0	no	20.2	136.3	20506	20827	9245	6617	0	44181	2212	2212	0	3867	3867	0
January 21, 2010 9:02:00 AM UTC	1264093320000	100	0	no	20.3	136.5	20506	20827	9245	6620	0	44178	2217	2217	0	3867	3867	0
January 21, 2010 9:03:00 AM UTC	1264093380000	100	0	no	20.4	136.7	20506	20827	9253	6571	0	44219	2248	2248	0	3867	3867	0
January 21, 2010 9:04:00 AM UTC	1264093440000	100	0	no	20.6	136.9	20506	20827	9253	6571	0	44219	2256	2256	0	3863	3863	0
January 21, 2010 9:05:00 AM UTC	1264093500000	100	0	no	20.7	137.1	20506	20827	9237	6669	0	44137	2223	2223	0	3856	3856	0
January 21, 2010 9:06:00 AM UTC	1264093560000	100	0	no	20.8	137.3	20506	20827	9253	6579	0	44211	2282	2282	0	3854	3854	0
January 21, 2010 9:07:00 AM UTC	1264093620000	100	0	no	21.0	137.5	20506	20827	9245	6630	0	44168	2271	2271	0	3847	3847	0
January 21, 2010 9:08:00 AM UTC	1264093680000	100	0	no	21.1	137.7	20506	20827	9253	6583	0	44207	2300	2300	0	3848	3848	0
January 21, 2010 9:09:00 AM UTC	1264093740000	100	0	no	21.2	137.9	20506	20827	9251	6580	0	44212	2308	2308	0	3847	3847	0
January 21, 2010 9:10:00 AM UTC	1264093800000	100	0	no	21.4	138.1	20506	20827	9244	6631	0	44168	2295	2295	0	3842	3842	0
January 21, 2010 9:11:00 AM UTC	1264093860000	100	0	no	21.5	138.3	20506	20827	9252	6522	0	44269	2334	2334	0	3843	3843	0
January 21, 2010 9:12:00 AM UTC	1264093920000	100	0	no	21.6	138.5	20506	20827	9247	6566	0	44230	2326	2326	0	3837	3837	0
January 21, 2010 9:13:00 AM UTC	1264093980000	100	0	no	21.8	138.7	20506	20827	9253	6522	0	44268	2350	2350	0	3841	3841	0
January 21, 2010 9:14:00 AM UTC	1264094040000	100	0	no	21.9	139.0	20506	20827	9253	6522	0	44268	2366	2366	0	3831	3831	0
January 21, 2010 9:15:00 AM UTC	1264094100000	100	0	no	22.0	139.2	20506	20827	9246	6569	0	44228	2352	2352	0	3834	3834	0
January 21, 2010 9:16:00 AM UTC	1264094160000	100	0	no	22.2	139.4	20506	20827	9244	6574	0	44225	2362	2362	0	3825	3825	0
January 21, 2010 9:17:00 AM UTC	1264094220000	100	0	no	22.3	139.6	20506	20827	9253	6522	0	44268	2394	2394	0	3827	3827	0
January 21, 2010 9:18:00 AM UTC	1264094280000	100	0	no	22.4	139.8	20506	20827	9253	6540	0	44250	2398	2398	0	3826	3826	0
January 21, 2010 9:19:00 AM UTC	1264094340000	100	0	no	22.6	140.0	20506	20827	9247	6579	0	44217	2386	2386	0	3822	3822	0
January 21, 2010 9:20:00 AM UTC	1264094400000	100	0	no	22.7	140.2	20506	20827	9246	6583	0	44214	2393	2393	0	3821	3821	0
January 21, 2010 9:21:00 AM UTC	1264094460000	100	0	no	22.8	140.4	20506	20827	9253	6541	0	44249	2422	2422	0	3821	3821	0
January 21, 2010 9:22:00 AM UTC	1264094520000	100	0	no	23.0	140.6	20506	20827	9247	6586	0	44210	2408	2408	0	3819	3819	0
January 21, 2010 9:23:00 AM UTC	1264094580000	100	0	no	23.1	140.9	20506	20827	9254	6541	0	44248	2441	2441	0	3815	3815	0
January 21, 2010 9:24:00 AM UTC	1264094640000	100	0	no	23.2	141.1	20506	20827	9254	6541	0	44248	2443	2443	0	3821	3821	0
January 21, 2010 9:25:00 AM UTC	1264094700000	100	0	no	23.3	141.3	20506	20827	9254	6541	0	44248	2452	2452	0	3818	3818	0
January 21, 2010 9:26:00 AM UTC	1264094760000	100	0	no	23.5	141.5	20506	20827	9253	6541	0	44249	2464	2464	0	3818	3818	0
January 21, 2010 9:27:00 AM UTC	1264094820000	100	0	no	23.6	141.7	20506	20827	9253	6541	0	44249	2474	2474	0	3815	3815	0
January 21, 2010 9:28:00 AM UTC	1264094880000	100	0	no	23.7	141.9	20506	20827	9259	6497	0	44287	2501	2501	0	3817	3817	0
January 21, 2010 9:29:00 AM UTC	1264094940000	100	0	no	23.8	142.2	20506	20827	9244	6653	0	44146	2447	2447	0	3811	3811	0
January 21, 2010 9:30:00 AM UTC	1264095000000	100	0	no	24.0	142.4	20506	20827	9251	6570	0	44222	2486	2486	0	3817	3817	0
January 21, 2010 9:31:00 AM UTC	1264095060000	100	0	no	24.1	142.6	20506	20827	9250	6571	0	44222	2499	2499	0	3809	3809	0
January 21, 2010 9:32:00 AM UTC	1264095120000	100	0	no	24.2	142.8	20506	20827	9258	6516	0	44269	2531	2531	0	3817	3817	0
January 21, 2010 9:33:00 AM UTC	1264095180000	100	0	no	24.3	143.0	20506	20827	9250	6571	0	44222	2514	2511	0	3813	3813	0
January 21, 2010 9:34:00 AM UTC	1264095240000	100	0	no	24.4	143.3	20506	20827	9250	6571	0	44222	2520	2520	0	3814	3814	0
January 21, 2010 9:35:00 AM UTC	1264095300000	100	0	no	24.6	143.5	20506	20827	9249	6571	0	44223	2526	2526	0	3809	3809	0
January 21, 2010 9:36:00 AM UTC	1264095360000	100	0	no	24.7	143.7	20506	20827	9254	6529	0	44260	2559	2559	0	3817	3817	0
January 21, 2010 9:37:00 AM UTC	1264095420000	100	0	no	24.8	143.9	20506	20827	9250	6570	0	44223	2545	2545	0	3810	3810	0
January 21, 2010 9:38:00 AM UTC	1264095480000	100	0	no	24.9	144.2	20506	20827	9243	6627	0	44173	2524	2524	0	3808	3808	0
January 21, 2010 9:39:00 AM UTC	1264095540000	100	0	no	25.0	144.4	20506	20827	9256	6528	0	44259	2588	2588	0	3818	3818	0
January 21, 2010 9:40:00 AM UTC	1264095600000	100	0	no	25.1	144.6	20506	20827	9239	6626	0	44178	2537	2537	0	3802	3802	0
January 21, 2010 9:41:00 AM UTC	1264095660000	100	0	no	25.3	144.8	20506	20827	9247	6610	0	44186	2555	2555	0	3822	3822	0
January 21, 2010 9:42:00 AM UTC	1264095720000	100	0	no	25.4	145.1	20506	20827	9247	6610	0	44186	2565	2565	0	3800	3800	0
January 21, 2010 9:43:00 AM UTC	1264095780000	100	0	no	25.5	145.3	20506	20827	9247	6610	0	44186	2574	2574	0	3813	3813	0
January 21, 2010 9:44:00 AM UTC	1264095840000	100	0	no	25.6	145.5	20506	20827	9247	6610	0	44186	2581	2581	0	3816	3816	0
January 21, 2010 9:45:00 AM UTC	1264095900000	100	0	no	25.7	145.8	20506	20827	9247	6610	0	44186	2589	2589	0	3809	3809	0
January 21, 2010 9:46:00 AM UTC	1264095960000	100	0	no	25.8	146.0	20506	20827	9254	6575	0	44214	2617	2617	0	3814	3814	0
January 21, 2010 9:47:00 AM UTC	1264096020000	100	0	no	25.9	146.2	20506	20827	9255	6512	0	44276	2626	2626	0	3813	3813	0
January 21, 2010 9:48:00 AM UTC	1264096080000	100	0	no	26.1	146.4	20506	20827	9250	6548	0	44245	2621	2621	0	3813	3813	0
January 21, 2010 9:49:00 AM UTC	1264096140000	100	0	no	26.2	146.7	20506	20827	9255	6512	0	44276	2642	2642	0	3818	3818	0
January 21, 2010 9:50:00 AM UTC	1264096200000	100	0	no	26.3	146.9	20506	20827	9246	6569	0	44228	2619	2617	2	3814	3814	0
January 21, 2010 9:51:00 AM UTC	1264096260000	100	0	no	26.4	147.1	20506	20827	9252	6531	0	44260	2653	2653	0	3814	3814	0
January 21, 2010 9:52:00 AM UTC	1264096320000	100	0	no	26.5	147.4	20506	20827	9249	6581	0	44213	2629	2629	0	3821	3821	0
January 21, 2010 9:53:00 AM UTC	1264096380000	100	0	no	26.6	147.6	20506	20827	9245	6598	0	44200	2631	2631	0	3817	3817	0
January 21, 2010 9:54:00 AM UTC	1264096440000	100	0	no	26.7	147.8	20506	20827	9251	6561	0	44231	2650	2647	0	3828	3828	0
January 21, 2010 9:55:00 AM UTC	1264096500000	100	0	no	26.8	148.1	20506	20827	9252	6561	0	44230	2663	2663	0	3820	3820	0
January 21, 2010 9:56:00 AM UTC	1264096560000	100	0	no	26.9	148.3	20506	20827	9247	6599	0	44197	2647	2647	0	3827	3827	0
January 21, 2010 9:57:00 AM UTC	1264096620000	100	0	no	27.0	148.5	20506	20827	9252	6561	0	44230	2674	2674	0	3828	3828	0
January 21, 2010 9:58:00 AM UTC	1264096680000	100	0	no	27.1	148.8	20506	20827	9252	6561	0	44230	2676	2676	0	3832	3832	0
January 21, 2010 9:59:00 AM UTC	1264096740000	100	0	no	27.2	149.0	20506	20827	9257	6522	0	44264	2706	2706	0	3832	3832	0
January 21, 2010 10:00:00 AM UTC	1264096800000	100	0	no	27.3	149.3	20506	20827	9243	6618	0	44182	2654	2654	0	3835	3835	0
January 21, 2010 10:01:00 AM UTC	1264096860000	100	0	no	27.4	149.5	20506	20827	9252	6560	0	44231	2697	2697	0	3832	3832	0
January 21, 2010 10:02:00 AM UTC	1264096920000	100	0	no	27.5	149.7	20506	20827	9248	6555	0	44240	2694	2694	0	3843	3843	0
January 21, 2010 10:03:00 AM UTC	1264096980000	100	0	no	27.6	150.0	20506	20827	9256	6557	0	44230	2724	2724	0	3836	3836	0
January 21, 2010 10:04:00 AM UTC	1264097040000	100	0	no	27.7	150.2	20506	20827	9241	6653	0	44149	2668	2668	0	3848	3848	0
January 21, 2010 10:05:00 AM UTC	1264097100000	100	0	no	27.8	150.5	20506	20827	9247	6618	0	44178	2701	2701	0	3842	3842	0
January 21, 2010 10:06:00 AM UTC	1264097160000	100	0	no	27.9	150.7	20506	20827	9247	6618	0	44178	2701	2701	0	3854	3854	0
January 21, 2010 10:07:00 AM UTC	1264097220000	99	1	no	28.0	150.9	20506	20827	9253	6583	0	44207	2723	2722	1	3858	3858	0
January 21, 2010 10:08:00 AM UTC	1264097280000	100	0	no	28.1	151.2	20506	20827	9253	6583	0	44207	2727	2727	0	3854	3854	0
January 21, 2010 10:09:00 AM UTC	1264097340000	100	0	no	28.2	151.4	20506	20827	9247	6617	0	44179	2712	2712	0	3857	3857	0
January 21, 2010 10:10:00 AM UTC	1264097400000	100	0	no	28.3	151.7	20506	20827	9242	6644	0	44157	2704	2704	0	3855	3855	0
January 21, 2010 10:11:00 AM UTC	1264097460000	100	0	no	28.4	151.9	20506	20827	9251	6583	0	44209	2742	2742	0	3863	3863	0
January 21, 2010 10:12:00 AM UTC	1264097520000	98	2	no	28.5	152.2	20506	20827	9245	6569	0	44229	2730	2729	1	3863	3863	0
January 21, 2010 10:13:00 AM UTC	1264097580000	80	20	no	28.6	152.4	20506	20827	9254	6510	0	44279	2766	2765	1	3871	3869	2
January 21, 2010 10:14:00 AM UTC	1264097640000	64	36	no	28.7	152.6	20506	20827	9244	6637	0	44162	2715	2706	8	3869	3860	9
January 21, 2010 10:15:00 AM UTC	1264097700000	57	43	no	28.8	152.9	20506	20827	9244	6636	0	44163	2718	2697	20	3877	3669	208
January 21, 2010 10:16:00 AM UTC	1264097760000	47	53	no	28.9	153.1	20506	20827	9249	6603	0	44191	2741	2712	29	3873	3548	325
January 21, 2010 10:17:00 AM UTC	1264097820000	36	64	no	29.0	153.4	20506	20827	9248	6604	0	44191	2746	2432	300	3878	3009	869
January 21, 2010 10:18:00 AM UTC	1264097880000	33	67	no	29.1	153.6	20506	20827	9253	6573	0	44217	2770	2470	293	3878	3075	803
January 21, 2010 10:19:00 AM UTC	1264097940000	39	61	no	29.2	153.9	20506	20827	9248	6604	0	44191	2751	2498	245	3886	3309	577
January 21, 2010 10:20:00 AM UTC	1264098000000	45	55	no	29.2	154.1	20506	20827	9248	6604	0	44191	2765	2659	106	3880	3361	519
January 21, 2010 10:21:00 AM UTC	1264098060000	56	44	no	29.3	154.4	20506	20827	9252	6544	0	44247	2785	2677	98	3890	3531	359
January 21, 2010 10:22:00 AM UTC	1264098120000	65	35	no	29.4	154.6	20506	20827	9252	6552	0	44239	2793	2637	154	3893	3756	137
January 21, 2010 10:23:00 AM UTC	1264098180000	70	30	no	29.5	154.9	20506	20827	9237	6644	0	44162	2747	2644	101	3893	3840	53
January 21, 2010 10:24:00 AM UTC	1264098240000	82	18	no	29.6	155.1	20506	20827	9252	6552	0	44239	2798	2747	50	3899	3876	23
January 21, 2010 10:25:00 AM UTC	1264098300000	88	12	no	29.7	155.4	20506	20827	9241	6681	0	44121	2746	2737	9	3901	3899	2
January 21, 2010 10:26:00 AM UTC	1264098360000	90	10	no	29.8	155.6	20506	20827	9250	6618	0	44175	2782	2777	4	3912	3899	13
January 21, 2010 10:27:00 AM UTC	1264098420000	92	8	no	29.8	155.9	20506	20827	9254	6587	0	44202	2809	2798	11	3909	3908	1
January 21, 2010 10:28:00 AM UTC	1264098480000	96	4	no	29.9	156.2	20506	20827	9244	6655	0	44144	2775	2771	4	3912	3912	0
January 21, 2010 10:29:00 AM UTC	1264098540000	98	2	no	30.0	156.4	20506	20827	9250	6620	0	44173	2797	2787	10	3912	3912	0
January 21, 2010 10:30:00 AM UTC	1264098600000	99	1	no	30.1	156.7	20506	20827	9245	6650	0	44148	2783	2776	7	3917	3917	0
January 21, 2010 10:31:00 AM UTC	1264098660000	100	0	no	30.2	156.9	20506	20827	9245	6609	0	44189	2789	2785	4	3925	3925	0
January 21, 2010 10:32:00 AM UTC	1264098720000	100	0	no	30.2	157.2	20506	20827	9247	6583	0	44213	2803	2802	1	3924	3924	0
January 21, 2010 10:33:00 AM UTC	1264098780000	100	0	no	30.3	157.4	20506	20827	9250	6563	0	44230	2814	2814	0	3928	3928	0
January 21, 2010 10:34:00 AM UTC	1264098840000	100	0	no	30.4	157.7	20506	20827	9244	6592	0	44207	2799	2796	3	3931	3931	0
January 21, 2010 10:35:00 AM UTC	1264098900000	100	0	no	30.5	158.0	20506	20827	9244	6592	0	44207	2804	2804	0	3934	3934	0
January 21, 2010 10:36:00 AM UTC	1264098960000	100	0	no	30.5	158.2	20506	20827	9247	6632	0	44164	2804	2804	0	3939	3939	0
January 21, 2010 10:37:00 AM UTC	1264099020000	100	0	no	30.6	158.5	20506	20827	9239	6696	0	44108	2773	2773	0	3939	3939	0
January 21, 2010 10:38:00 AM UTC	1264099080000	100	0	no	30.7	158.7	20506	20827	9249	6633	0	44161	2805	2805	0	3948	3947	1
January 21, 2010 10:39:00 AM UTC	1264099140000	100	0	no	30.8	159.0	20506	20827	9251	6606	0	44186	2837	2837	0	3942	3942	0
January 21, 2010 10:40:00 AM UTC	1264099200000	100	0	no	30.8	159.3	20506	20827	9242	6593	0	44208	2805	2805	0	3957	3957	0
January 21, 2010 10:41:00 AM UTC	1264099260000	100	0	no	30.9	159.5	20506	20827	9249	6554	0	44240	2839	2839	0	3955	3955	0
January 21, 2010 10:42:00 AM UTC	1264099320000	100	0	no	31.0	159.8	20506	20827	9239	6604	0	44200	2809	2809	0	3958	3958	0
January 21, 2010 10:43:00 AM UTC	1264099380000	100	0	no	31.0	160.0	20506	20827	9243	6578	0	44222	2828	2828	0	3961	3961	0
January 21, 2010 10:44:00 AM UTC	1264099440000	100	0	no	31.1	160.3	20506	20827	9253	6514	0	44276	2860	2860	0	3968	3968	0
January 21, 2010 10:45:00 AM UTC	1264099500000	100	0	no	31.2	160.6	20506	20827	9243	6579	0	44221	2823	2821	2	3973	3973	0
January 21, 2010 10:46:00 AM UTC	1264099560000	100	0	no	31.2	160.8	20506	20827	9246	6555	0	44242	2844	2844	0	3973	3973	0
January 21, 2010 10:47:00 AM UTC	1264099620000	100	0	no	31.3	161.1	20506	20827	9254	6561	0	44228	2863	2863	0	3977	3977	0
January 21, 2010 10:48:00 AM UTC	1264099680000	100	0	no	31.4	161.4	20506	20827	9243	6610	0	44190	2821	2819	1	3977	3977	0
January 21, 2010 10:49:00 AM UTC	1264099740000	100	0	no	31.4	161.6	20506	20827	9246	6589	0	44208	2833	2833	0	3985	3985	0
January 21, 2010 10:50:00 AM UTC	1264099800000	100	0	no	31.5	161.9	20506	20827	9246	6589	0	44208	2832	2832	0	3987	3987	0
January 21, 2010 10:51:00 AM UTC	1264099860000	100	0	no	31.6	162.2	20506	20827	9246	6589	0	44208	2836	2836	0	3993	3993	0
January 21, 2010 10:52:00 AM UTC	1264099920000	100	0	no	31.6	162.4	20506	20827	9246	6578	0	44219	2843	2843	0	3996	3996	0
January 21, 2010 10:53:00 AM UTC	1264099980000	100	0	no	31.7	162.7	20506	20827	9239	6624	0	44180	2816	2816	0	3997	3997	0
January 21, 2010 10:54:00 AM UTC	1264100040000	100	0	no	31.7	163.0	20506	20827	9250	6556	0	44237	2859	2859	0	4002	4002	0
January 21, 2010 10:55:00 AM UTC	1264100100000	100	0	no	31.8	163.2	20506	20827	9250	6556	0	44237	2858	2858	0	4004	4004	0
January 21, 2010 10:56:00 AM UTC	1264100160000	100	0	no	31.9	163.5	20506	20827	9240	6622	0	44181	2818	2818	0	4008	4008	0
January 21, 2010 10:57:00 AM UTC	1264100220000	100	0	no	31.9	163.8	20506	20827	9250	6556	0	44237	2859	2859	0	4013	4013	0
January 21, 2010 10:58:00 AM UTC	1264100280000	100	0	no	32.0	164.0	20506	20827	9249	6628	0	44166	2842	2842	0	4014	4014	0
January 21, 2010 10:59:00 AM UTC	1264100340000	100	0	no	32.0	164.3	20506	20827	9239	6694	0	44110	2796	2795	1	4021	4021	0
January 21, 2010 11:00:00 AM UTC	1264100400000	100	0	no	32.1	164.6	20506	20827	9252	6608	0	44183	2858	2858	0	4021	4021	0
January 21, 2010 11:01:00 AM UTC	1264100460000	100	0	no	32.1	164.8	20506	20827	9252	6600	0	44191	2862	2862	0	4026	4026	0
January 21, 2010 11:02:00 AM UTC	1264100520000	100	0	no	32.2	165.1	20506	20827	9242	6667	0	44134	2821	2821	0	4028	4028	0
January 21, 2010 11:03:00 AM UTC	1264100580000	100	0	no	32.2	165.4	20506	20827	9242	6636	0	44165	2828	2828	0	4031	4031	0
January 21, 2010 11:04:00 AM UTC	1264100640000	100	0	no	32.3	165.7	20506	20827	9255	6548	0	44240	2881	2879	2	4037	4037	0
January 21, 2010 11:05:00 AM UTC	1264100700000	100	0	no	32.3	165.9	20506	20827	9245	6618	0	44180	2843	2843	0	4035	4035	0
January 21, 2010 11:06:00 AM UTC	1264100760000	100	0	no	32.4	166.2	20506	20827	9245	6618	0	44180	2836	2836	0	4045	4045	0
January 21, 2010 11:07:00 AM UTC	1264100820000	100	0	no	32.4	166.5	20506	20827	9254	6550	0	44239	2880	2880	0	4043	4043	0
January 21, 2010 11:08:00 AM UTC	1264100880000	100	0	no	32.5	166.7	20506	20827	9246	6617	0	44180	2834	2834	0	4050	4050	0
January 21, 2010 11:09:00 AM UTC	1264100940000	100	0	no	32.5	167.0	20506	20827	9245	6617	0	44181	2848	2848	0	4046	4046	0
January 21, 2010 11:10:00 AM UTC	1264101000000	100	0	no	32.6	167.3	20506	20827	9245	6611	0	44187	2844	2844	0	4054	4054	0
January 21, 2010 11:11:00 AM UTC	1264101060000	100	0	no	32.6	167.6	20506	20827	9245	6609	0	44189	2848	2848	0	4055	4055	0
January 21, 2010 11:12:00 AM UTC	1264101120000	100	0	no	32.7	167.8	20506	20827	9247	6591	0	44205	2861	2858	3	4056	4056	0
January 21, 2010 11:13:00 AM UTC	1264101180000	100	0	no	32.7	168.1	20506	20827	9247	6591	0	44205	2857	2857	0	4061	4061	0
January 21, 2010 11:14:00 AM UTC	1264101240000	100	0	no	32.7	168.4	20506	20827	9247	6591	0	44205	2861	2861	0	4057	4057	0
January 21, 2010 11:15:00 AM UTC	1264101300000	100	0	no	32.8	168.7	20506	20827	9246	6591	0	44206	2858	2858	0	4070	4070	0
January 21, 2010 11:16:00 AM UTC	1264101360000	100	0	no	32.8	168.9	20506	20827	9249	6550	0	44244	2876	2876	0	4077	4077	0
January 21, 2010 11:17:00 AM UTC	1264101420000	100	0	no	32.9	169.2	20506	20827	9241	6619	0	44183	2832	2832	0	4064	4064	0
January 21, 2010 11:18:00 AM UTC	1264101480000	100	0	no	32.9	169.5	20506	20827	9249	6550	0	44244	2876	2876	0	4068	4068	0
January 21, 2010 11:19:00 AM UTC	1264101540000	100	0	no	32.9	169.8	20506	20827	9249	6550	0	44244	2878	2878	0	4076	4076	0
January 21, 2010 11:20:00 AM UTC	1264101600000	100	0	no	33.0	170.0	20506	20827	9240	6611	0	44192	2836	2836	0	4077	4077	0
January 21, 2010 11:21:00 AM UTC	1264101660000	100	0	no	33.0	170.3	20506	20827	9241	6605	0	44197	2845	2845	0	4080	4080	0
January 21, 2010 11:22:00 AM UTC	1264101720000	100	0	no	33.0	170.6	20506	20827	9252	6612	0	44179	2861	2861	0	4086	4086	0
January 21, 2010 11:23:00 AM UTC	1264101780000	100	0	no	33.1	170.9	20506	20827	9250	6609	0	44184	2867	2867	0	4084	4084	0
January 21, 2010 11:24:00 AM UTC	1264101840000	100	0	no	33.1	171.2	20506	20827	9241	6680	0	44122	2822	2822	0	4087	4087	0
January 21, 2010 11:25:00 AM UTC	1264101900000	93	7	no	33.1	171.4	20506	20827	9253	6598	0	44192	2873	2873	0	4089	4089	0
January 21, 2010 11:26:00 AM UTC	1264101960000	84	16	no	33.2	171.7	20506	20827	9253	6601	0	44189	2877	2877	0	4085	4085	0
January 21, 2010 11:27:00 AM UTC	1264102020000	83	17	no	33.2	172.0	20506	20827	9244	6669	0	44130	2830	2830	0	4093	4093	0
January 21, 2010 11:28:00 AM UTC	1264102080000	84	16	no	33.2	172.3	20506	20827	9244	6646	0	44153	2826	2826	0	4094	4094	0
January 21, 2010 11:29:00 AM UTC	1264102140000	86	14	no	33.2	172.6	20506	20827	9256	6578	0	44209	2875	2875	0	4095	4095	0
January 21, 2010 11:30:00 AM UTC	1264102200000	90	10	no	33.3	172.8	20506	20827	9245	6646	0	44152	2831	2831	0	4101	4101	0
January 21, 2010 11:31:00 AM UTC	1264102260000	98	2	no	33.3	173.1	20506	20827	9247	6561	0	44235	2863	2863	0	4101	4101	0
January 21, 2010 11:32:00 AM UTC	1264102320000	99	1	no	33.3	173.4	20506	20827	9248	6564	0	44231	2860	2860	0	4101	4101	0
January 21, 2010 11:33:00 AM UTC	1264102380000	100	0	no	33.3	173.7	20506	20827	9259	6493	0	44291	2898	2898	0	4109	4109	0
January 21, 2010 11:34:00 AM UTC	1264102440000	100	0	no	33.4	174.0	20506	20827	9248	6560	0	44235	2860	2860	0	4108	4108	0
January 21, 2010 11:35:00 AM UTC	1264102500000	100	0	no	33.4	174.2	20506	20827	9247	6639	0	44157	2840	2840	0	4106	4106	0
January 21, 2010 11:36:00 AM UTC	1264102560000	100	0	no	33.4	174.5	20506	20827	9248	6633	0	44162	2839	2838	1	4115	4115	0
January 21, 2010 11:37:00 AM UTC	1264102620000	100	0	no	33.4	174.8	20506	20827	9248	6633	0	44162	2841	2841	0	4112	4112	0
January 21, 2010 11:38:00 AM UTC	1264102680000	100	0	no	33.4	175.1	20506	20827	9247	6633	0	44163	2840	2840	0	4113	4113	0
January 21, 2010 11:39:00 AM UTC	1264102740000	100	0	no	33.5	175.4	20506	20827	9246	6638	0	44159	2846	2846	0	4111	4111	0
January 21, 2010 11:40:00 AM UTC	1264102800000	100	0	no	33.5	175.6	20506	20827	9247	6611	0	44185	2844	2844	0	4117	4117	0
January 21, 2010 11:41:00 AM UTC	1264102860000	100	0	no	33.5	175.9	20506	20827	9248	6613	0	44182	2851	2851	0	4115	4115	0
January 21, 2010 11:42:00 AM UTC	1264102920000	100	0	no	33.5	176.2	20506	20827	9247	6619	0	44177	2844	2844	0	4122	4122	0
January 21, 2010 11:43:00 AM UTC	1264102980000	100	0	no	33.5	176.5	20506	20827	9247	6615	0	44181	2850	2850	0	4119	4119	0
January 21, 2010 11:44:00 AM UTC	1264103040000	100	0	no	33.5	176.8	20506	20827	9246	6616	0	44181	2846	2846	0	4125	4125	0
January 21, 2010 11:45:00 AM UTC	1264103100000	100	0	no	33.5	177.0	20506	20827	9246	6616	0	44181	2850	2850	0	4120	4120	0
January 21, 2010 11:46:00 AM UTC	1264103160000	100	0	no	33.5	177.3	20506	20827	9247	6615	0	44181	2851	2851	0	4120	4120	0
January 21, 2010 11:47:00 AM UTC	1264103220000	100	0	no	33.6	177.6	20506	20827	9248	6614	0	44181	2845	2845	0	4128	4128	0
January 21, 2010 11:48:00 AM UTC	1264103280000	100	0	no	33.6	177.9	20506	20827	9260	6466	0	44317	2917	2917	0	4122	4122	0
January 21, 2010 11:49:00 AM UTC	1264103340000	100	0	no	33.6	178.2	20506	20827	9249	6612	0	44182	2845	2845	0	4124	4124	0
January 21, 2010 11:50:00 AM UTC	1264103400000	100	0	no	33.6	178.5	20506	20827	9250	6611	0	44182	2856	2855	1	4120	4120	0
January 21, 2010 11:51:00 AM UTC	1264103460000	100	0	no	33.6	178.7	20506	20827	9250	6591	0	44202	2849	2849	0	4124	4124	0
January 21, 2010 11:52:00 AM UTC	1264103520000	100	0	no	33.6	179.0	20506	20827	9250	6591	0	44202	2856	2856	0	4124	4124	0
January 21, 2010 11:53:00 AM UTC	1264103580000	100	0	no	33.6	179.3	20506	20827	9249	6592	0	44202	2847	2847	0	4130	4130	0
January 21, 2010 11:54:00 AM UTC	1264103640000	100	0	no	33.6	179.6	20506	20827	9249	6592	0	44202	2858	2858	0	4122	4122	0
January 21, 2010 11:55:00 AM UTC	1264103700000	100	0	no	33.6	179.9	20506	20827	9249	6592	0	44202	2853	2853	0	4132	4132	0
January 21, 2010 11:56:00 AM UTC	1264103760000	100	0	no	33.6	180.1	20506	20827	9249	6592	0	44202	2853	2851	0	4132	4132	0
January 21, 2010 11:57:00 AM UTC	1264103820000	100	0	no	33.6	180.4	20506	20827	9249	6592	0	44202	2857	2857	0	4126	4126	0
January 21, 2010 11:58:00 AM UTC	1264103880000	100	0	no	33.6	180.7	20506	20827	9249	6592	0	44202	2844	2844	0	4131	4131	0
January 21, 2010 11:59:00 AM UTC	1264103940000	100	0	no	33.6	181.0	20506	20827	9250	6591	0	44202	2858	2858	0	4124	4124	0
January 21, 2010 12:00:00 PM UTC	1264104000000	100	0	no	33.6	181.3	20506	20827	9250	6591	0	44202	2848	2847	1	4126	4126	0
January 21, 2010 12:01:00 PM UTC	1264104060000	100	0	no	33.6	181.6	20506	20827	9250	6606	0	44187	2857	2857	0	4121	4121	0
January 21, 2010 12:02:00 PM UTC	1264104120000	100	0	no	33.6	181.8	20506	20827	9249	6610	0	44184	2847	2837	10	4124	4124	0
January 21, 2010 12:03:00 PM UTC	1264104180000	100	0	no	33.6	182.1	20506	20827	9248	6533	0	44262	2875	2873	2	4122	4122	0
January 21, 2010 12:04:00 PM UTC	1264104240000	100	0	no	33.6	182.4	20506	20827	9248	6612	0	44183	2847	2845	2	4126	4126	0
January 21, 2010 12:05:00 PM UTC	1264104300000	100	0	no	33.5	182.7	20506	20827	9247	6613	0	44183	2852	2852	0	4119	4119	0
January 21, 2010 12:06:00 PM UTC	1264104360000	100	0	no	33.5	183.0	20506	20827	9246	6614	0	44183	2848	2848	0	4121	4121	0
January 21, 2010 12:07:00 PM UTC	1264104420000	100	0	no	33.5	183.3	20506	20827	9256	6545	0	44242	2891	2885	6	4121	4121	0
January 21, 2010 12:08:00 PM UTC	1264104480000	100	0	no	33.5	183.5	20506	20827	9247	6613	0	44183	2851	2851	0	4119	4119	0
January 21, 2010 12:09:00 PM UTC	1264104540000	100	0	no	33.5	183.8	20506	20827	9247	6617	0	44179	2843	2843	0	4121	4121	0
January 21, 2010 12:10:00 PM UTC	1264104600000	100	0	no	33.5	184.1	20506	20827	9247	6622	0	44174	2846	2846	0	4115	4115	0
January 21, 2010 12:11:00 PM UTC	1264104660000	100	0	no	33.5	184.4	20506	20827	9247	6609	0	44187	2843	2843	0	4116	4116	0
January 21, 2010 12:12:00 PM UTC	1264104720000	100	0	no	33.5	184.7	20506	20827	9247	6622	0	44174	2849	2849	0	4115	4115	0
January 21, 2010 12:13:00 PM UTC	1264104780000	100	0	no	33.4	184.9	20506	20827	9247	6628	0	44168	2841	2841	0	4114	4114	0
January 21, 2010 12:14:00 PM UTC	1264104840000	100	0	no	33.4	185.2	20506	20827	9248	6627	0	44168	2845	2845	0	4111	4111	0
January 21, 2010 12:15:00 PM UTC	1264104900000	100	0	no	33.4	185.5	20506	20827	9246	6635	0	44162	2835	2835	0	4115	4115	0
January 21, 2010 12:16:00 PM UTC	1264104960000	100	0	no	33.4	185.8	20506	20827	9247	6635	0	44161	2840	2840	0	4105	4105	0
January 21, 2010 12:17:00 PM UTC	1264105020000	100	0	no	33.4	186.1	20506	20827	9248	6563	0	44232	2859	2859	0	4108	4108	0
January 21, 2010 12:18:00 PM UTC	1264105080000	100	0	no	33.3	186.3	20506	20827	9259	6491	0	44293	2896	2896	0	4111	4111	0
January 21, 2010 12:19:00 PM UTC	1264105140000	100	0	no	33.3	186.6	20506	20827	9248	6557	0	44238	2865	2865	0	4100	4100	0
January 21, 2010 12:20:00 PM UTC	1264105200000	100	0	no	33.3	186.9	20506	20827	9247	6562	0	44234	2859	2859	0	4104	4104	0
January 21, 2010 12:21:00 PM UTC	1264105260000	100	0	no	33.3	187.2	20506	20827	9245	6641	0	44157	2832	2832	0	4099	4099	0
January 21, 2010 12:22:00 PM UTC	1264105320000	100	0	no	33.3	187.5	20506	20827	9256	6573	0	44214	2876	2876	0	4094	4094	0
January 21, 2010 12:23:00 PM UTC	1264105380000	100	0	no	33.2	187.7	20506	20827	9244	6641	0	44158	2828	2828	0	4097	4097	0
January 21, 2010 12:24:00 PM UTC	1264105440000	100	0	no	33.2	188.0	20506	20827	9244	6666	0	44133	2827	2827	0	4095	4095	0
January 21, 2010 12:25:00 PM UTC	1264105500000	100	0	no	33.2	188.3	20506	20827	9253	6598	0	44192	2877	2877	0	4086	4086	0
January 21, 2010 12:26:00 PM UTC	1264105560000	100	0	no	33.1	188.6	20506	20827	9252	6602	0	44189	2870	2870	0	4090	4090	0
January 21, 2010 12:27:00 PM UTC	1264105620000	100	0	no	33.1	188.9	20506	20827	9241	6677	0	44125	2822	2822	0	4088	4088	0
January 21, 2010 12:28:00 PM UTC	1264105680000	100	0	no	33.1	189.1	20506	20827	9241	6677	0	44125	2823	2823	0	4084	4084	0
January 21, 2010 12:29:00 PM UTC	1264105740000	100	0	no	33.0	189.4	20506	20827	9252	6609	0	44182	2864	2864	0	4084	4084	0
January 21, 2010 12:30:00 PM UTC	1264105800000	100	0	no	33.0	189.7	20506	20827	9251	6533	0	44259	2889	2889	0	4079	4079	0
January 21, 2010 12:31:00 PM UTC	1264105860000	100	0	no	33.0	190.0	20506	20827	9240	6607	0	44196	2836	2836	0	4076	4076	0
January 21, 2010 12:32:00 PM UTC	1264105920000	100	0	no	32.9	190.2	20506	20827	9249	6546	0	44248	2875	2875	0	4081	4081	0
January 21, 2010 12:33:00 PM UTC	1264105980000	100	0	no	32.9	190.5	20506	20827	9249	6546	0	44248	2876	2876	0	4070	4070	0
January 21, 2010 12:34:00 PM UTC	1264106040000	100	0	no	32.9	190.8	20506	20827	9241	6614	0	44188	2834	2834	0	4061	4061	0
January 21, 2010 12:35:00 PM UTC	1264106100000	100	0	no	32.8	191.1	20506	20827	9249	6546	0	44248	2876	2876	0	4077	4077	0
January 21, 2010 12:36:00 PM UTC	1264106160000	100	0	no	32.8	191.4	20506	20827	9246	6588	0	44209	2859	2859	0	4072	4072	0
January 21, 2010 12:37:00 PM UTC	1264106220000	100	0	no	32.8	191.6	20506	20827	9247	6588	0	44208	2860	2860	0	4060	4060	0
January 21, 2010 12:38:00 PM UTC	1264106280000	100	0	no	32.7	191.9	20506	20827	9247	6588	0	44208	2856	2856	0	4062	4062	0
January 21, 2010 12:39:00 PM UTC	1264106340000	100	0	no	32.7	192.2	20506	20827	9247	6588	0	44208	2862	2862	0	4053	4053	0
January 21, 2010 12:40:00 PM UTC	1264106400000	100	0	no	32.6	192.5	20506	20827	9245	6600	0	44198	2851	2851	0	4055	4055	0
January 21, 2010 12:41:00 PM UTC	1264106460000	100	0	no	32.6	192.7	20506	20827	9235	6677	0	44131	2798	2798	0	4056	4056	0
January 21, 2010 12:42:00 PM UTC	1264106520000	100	0	no	32.5	193.0	20506	20827	9245	6612	0	44186	2849	2849	0	4047	4047	0
January 21, 2010 12:43:00 PM UTC	1264106580000	100	0	no	32.5	193.3	20506	20827	9246	6612	0	44185	2837	2837	0	4048	4048	0
January 21, 2010 12:44:00 PM UTC	1264106640000	100	0	no	32.4	193.6	20506	20827	9245	6613	0	44185	2844	2844	0	4041	4041	0
January 21, 2010 12:45:00 PM UTC	1264106700000	100	0	no	32.4	193.8	20506	20827	9245	6613	0	44185	2834	2834	0	4047	4047	0
January 21, 2010 12:46:00 PM UTC	1264106760000	100	0	no	32.4	194.1	20506	20827	9245	6613	0	44185	2844	2844	0	4033	4033	0
January 21, 2010 12:47:00 PM UTC	1264106820000	100	0	no	32.3	194.4	20506	20827	9245	6613	0	44185	2840	2840	0	4037	4037	0
January 21, 2010 12:48:00 PM UTC	1264106880000	100	0	no	32.3	194.6	20506	20827	9252	6564	0	44227	2871	2871	0	4031	4031	0
January 21, 2010 12:49:00 PM UTC	1264106940000	100	0	no	32.2	194.9	20506	20827	9242	6663	0	44138	2821	2821	0	4031	4031	0
January 21, 2010 12:50:00 PM UTC	1264107000000	100	0	no	32.2	195.2	20506	20827	9242	6663	0	44138	2819	2819	0	4027	4027	0
January 21, 2010 12:51:00 PM UTC	1264107060000	100	0	no	32.1	195.5	20506	20827	9252	6603	0	44188	2859	2859	0	4018	4018	0
January 21, 2010 12:52:00 PM UTC	1264107120000	100	0	no	32.0	195.7	20506	20827	9239	6689	0	44115	2794	2794	0	4025	4025	0
January 21, 2010 12:53:00 PM UTC	1264107180000	100	0	no	32.0	196.0	20506	20827	9249	6623	0	44171	2842	2842	0	4013	4013	0
January 21, 2010 12:54:00 PM UTC	1264107240000	100	0	no	31.9	196.3	20506	20827	9250	6551	0	44242	2859	2859	0	4016	4016	0
January 21, 2010 12:55:00 PM UTC	1264107300000	100	0	no	31.9	196.5	20506	20827	9240	6617	0	44186	2819	2819	0	4009	4009	0
January 21, 2010 12:56:00 PM UTC	1264107360000	100	0	no	31.8	196.8	20506	20827	9250	6551	0	44242	2858	2858	0	4007	4007	0
January 21, 2010 12:57:00 PM UTC	1264107420000	100	0	no	31.8	197.1	20506	20827	9250	6551	0	44242	2859	2859	0	4002	4002	0
January 21, 2010 12:58:00 PM UTC	1264107480000	100	0	no	31.7	197.3	20506	20827	9250	6551	0	44242	2858	2858	0	3997	3997	0
January 21, 2010 12:59:00 PM UTC	1264107540000	100	0	no	31.6	197.6	20506	20827	9246	6573	0	44224	2844	2844	0	3995	3995	0
January 21, 2010 1:00:00 PM UTC	1264107600000	100	0	no	31.6	197.9	20506	20827	9246	6584	0	44213	2836	2836	0	3994	3994	0
January 21, 2010 1:01:00 PM UTC	1264107660000	100	0	no	31.5	198.1	20506	20827	9246	6584	0	44213	2836	2836	0	3986	3986	0
January 21, 2010 1:02:00 PM UTC	1264107720000	100	0	no	31.5	198.4	20506	20827	9246	6584	0	44213	2832	2832	0	3989	3989	0
January 21, 2010 1:03:00 PM UTC	1264107780000	100	0	no	31.4	198.7	20506	20827	9243	6608	0	44192	2817	2817	0	3981	3981	0
January 21, 2010 1:04:00 PM UTC	1264107840000	100	0	no	31.3	198.9	20506	20827	9245	6621	0	44177	2821	2821	0	3981	3981	0
January 21, 2010 1:05:00 PM UTC	1264107900000	100	0	no	31.3	199.2	20506	20827	9246	6550	0	44247	2845	2845	0	3973	3973	0
January 21, 2010 1:06:00 PM UTC	1264107960000	100	0	no	31.2	199.5	20506	20827	9243	6573	0	44227	2822	2822	0	3975	3975	0
January 21, 2010 1:07:00 PM UTC	1264108020000	100	0	no	31.1	199.7	20506	20827	9253	6509	0	44281	2861	2861	0	3969	3969	0
January 21, 2010 1:08:00 PM UTC	1264108080000	100	0	no	31.1	200.0	20506	20827	9243	6576	0	44224	2825	2825	0	3964	3964	0
January 21, 2010 1:09:00 PM UTC	1264108140000	100	0	no	31.0	200.3	20506	20827	9239	6598	0	44206	2810	2810	0	3957	3957	0
January 21, 2010 1:10:00 PM UTC	1264108200000	100	0	no	30.9	200.5	20506	20827	9249	6549	0	44245	2842	2842	0	3954	3954	0
January 21, 2010 1:11:00 PM UTC	1264108260000	100	0	no	30.9	200.8	20506	20827	9242	6588	0	44213	2806	2806	0	3957	3957	0
January 21, 2010 1:12:00 PM UTC	1264108320000	100	0	no	30.8	201.0	20506	20827	9251	6601	0	44191	2833	2833	0	3945	3945	0
January 21, 2010 1:13:00 PM UTC	1264108380000	100	0	no	30.7	201.3	20506	20827	9249	6627	0	44167	2809	2809	0	3948	3948	0
January 21, 2010 1:14:00 PM UTC	1264108440000	100	0	no	30.6	201.6	20506	20827	9239	6691	0	44113	2775	2775	0	3939	3939	0
January 21, 2010 1:15:00 PM UTC	1264108500000	100	0	no	30.6	201.8	20506	20827	9247	6628	0	44168	2805	2805	0	3938	3938	0
January 21, 2010 1:16:00 PM UTC	1264108560000	100	0	no	30.5	202.1	20506	20827	9244	6586	0	44213	2805	2805	0	3934	3934	0
January 21, 2010 1:17:00 PM UTC	1264108620000	100	0	no	30.4	202.3	20506	20827	9244	6586	0	44213	2800	2800	0	3934	3934	0
January 21, 2010 1:18:00 PM UTC	1264108680000	100	0	no	30.3	202.6	20506	20827	9250	6558	0	44235	2819	2819	0	3928	3928	0
January 21, 2010 1:19:00 PM UTC	1264108740000	100	0	no	30.3	202.8	20506	20827	9246	6592	0	44205	2796	2796	0	3923	3923	0
January 21, 2010 1:20:00 PM UTC	1264108800000	100	0	no	30.2	203.1	20506	20827	9246	6638	0	44159	2789	2789	0	3922	3922	0
January 21, 2010 1:21:00 PM UTC	1264108860000	100	0	no	30.1	203.4	20506	20827	9245	6648	0	44150	2779	2779	0	3924	3924	0
January 21, 2010 1:22:00 PM UTC	1264108920000	100	0	no	30.0	203.6	20506	20827	9250	6609	0	44184	2799	2799	0	3915	3915	0
January 21, 2010 1:23:00 PM UTC	1264108980000	100	0	no	29.9	203.9	20506	20827	9245	6644	0	44154	2775	2775	0	3913	3913	0
January 21, 2010 1:24:00 PM UTC	1264109040000	100	0	no	29.9	204.1	20506	20827	9254	6586	0	44203	2807	2807	0	3907	3907	0
January 21, 2010 1:25:00 PM UTC	1264109100000	100	0	no	29.8	204.4	20506	20827	9250	6612	0	44181	2784	2784	0	3912	3912	0
January 21, 2010 1:26:00 PM UTC	1264109160000	100	0	no	29.7	204.6	20506	20827	9241	6675	0	44127	2745	2745	0	3902	3902	0
January 21, 2010 1:27:00 PM UTC	1264109220000	100	0	no	29.6	204.9	20506	20827	9252	6545	0	44246	2803	2803	0	3897	3897	0
January 21, 2010 1:28:00 PM UTC	1264109280000	100	0	no	29.5	205.1	20506	20827	9247	6576	0	44220	2784	2784	0	3892	3892	0
January 21, 2010 1:29:00 PM UTC	1264109340000	100	0	no	29.4	205.4	20506	20827	9252	6568	0	44223	2794	2794	0	3893	3893	0
January 21, 2010 1:30:00 PM UTC	1264109400000	100	0	no	29.4	205.6	20506	20827	9248	6598	0	44197	2760	2760	0	3891	3891	0
January 21, 2010 1:31:00 PM UTC	1264109460000	100	0	no	29.3	205.9	20506	20827	9248	6598	0	44197	2763	2763	0	3885	3885	0
January 21, 2010 1:32:00 PM UTC	1264109520000	100	0	no	29.2	206.1	20506	20827	9248	6598	0	44197	2755	2755	0	3886	3886	0
January 21, 2010 1:33:00 PM UTC	1264109580000	100	0	no	29.1	206.4	20506	20827	9253	6570	0	44220	2765	2765	0	3881	3881	0
January 21, 2010 1:34:00 PM UTC	1264109640000	100	0	no	29.0	206.6	20506	20827	9248	6598	0	44197	2747	2747	0	3882	3882	0
January 21, 2010 1:35:00 PM UTC	1264109700000	100	0	no	28.9	206.9	20506	20827	9249	6597	0	44197	2742	2742	0	3877	3877	0
January 21, 2010 1:36:00 PM UTC	1264109760000	100	0	no	28.8	207.1	20506	20827	9252	6566	0	44225	2762	2761	1	3872	3872	0
January 21, 2010 1:37:00 PM UTC	1264109820000	100	0	no	28.7	207.4	20506	20827	9244	6627	0	44172	2719	2719	0	3870	3870	0
January 21, 2010 1:38:00 PM UTC	1264109880000	100	0	no	28.6	207.6	20506	20827	9259	6469	0	44315	2784	2784	0	3872	3872	0
January 21, 2010 1:39:00 PM UTC	1264109940000	100	0	no	28.5	207.9	20506	20827	9245	6563	0	44235	2733	2731	2	3861	3861	0
January 21, 2010 1:40:00 PM UTC	1264110000000	100	0	no	28.4	208.1	20506	20827	9251	6576	0	44216	2743	2743	0	3862	3862	0
January 21, 2010 1:41:00 PM UTC	1264110060000	100	0	no	28.4	208.4	20506	20827	9251	6574	0	44218	2740	2740	0	3858	3858	0
January 21, 2010 1:42:00 PM UTC	1264110120000	100	0	no	28.3	208.6	20506	20827	9247	6610	0	44186	2707	2707	0	3862	3862	0
January 21, 2010 1:43:00 PM UTC	1264110180000	100	0	no	28.2	208.9	20506	20827	9253	6576	0	44214	2728	2728	0	3852	3852	0
January 21, 2010 1:44:00 PM UTC	1264110240000	100	0	no	28.1	209.1	20506	20827	9247	6611	0	44185	2708	2708	0	3849	3848	1
January 21, 2010 1:45:00 PM UTC	1264110300000	100	0	no	28.0	209.3	20506	20827	9247	6611	0	44185	2703	2703	0	3842	3842	0
January 21, 2010 1:46:00 PM UTC	1264110360000	100	0	no	27.9	209.6	20506	20827	9256	6551	0	44236	2734	2732	2	3841	3841	0
January 21, 2010 1:47:00 PM UTC	1264110420000	100	0	no	27.8	209.8	20506	20827	9248	6610	0	44185	2689	2689	0	3849	3849	0
January 21, 2010 1:48:00 PM UTC	1264110480000	100	0	no	27.7	210.1	20506	20827	9256	6549	0	44238	2724	2724	0	3838	3834	4
January 21, 2010 1:49:00 PM UTC	1264110540000	100	0	no	27.6	210.3	20506	20827	9248	6547	0	44248	2696	2696	0	3842	3842	0
January 21, 2010 1:50:00 PM UTC	1264110600000	100	0	no	27.5	210.5	20506	20827	9252	6552	0	44239	2694	2694	0	3834	3833	1
January 21, 2010 1:51:00 PM UTC	1264110660000	100	0	no	27.4	210.8	20506	20827	9243	6612	0	44188	2657	2657	0	3835	3826	9
January 21, 2010 1:52:00 PM UTC	1264110720000	100	0	no	27.3	211.0	20506	20827	9257	6515	0	44271	2710	2710	0	3832	3832	0
January 21, 2010 1:53:00 PM UTC	1264110780000	100	0	no	27.2	211.3	20506	20827	9252	6553	0	44238	2681	2681	0	3833	3833	0
January 21, 2010 1:54:00 PM UTC	1264110840000	100	0	no	27.1	211.5	20506	20827	9252	6553	0	44238	2676	2675	1	3827	3827	0
January 21, 2010 1:55:00 PM UTC	1264110900000	100	0	no	26.9	211.7	20506	20827	9247	6590	0	44206	2644	2642	2	3830	3829	1
January 21, 2010 1:56:00 PM UTC	1264110960000	100	0	no	26.8	212.0	20506	20827	9252	6553	0	44238	2664	2662	2	3821	3821	0
January 21, 2010 1:57:00 PM UTC	1264111020000	100	0	no	26.7	212.2	20506	20827	9251	6553	0	44239	2651	2650	1	3828	3822	6
January 21, 2010 1:58:00 PM UTC	1264111080000	100	0	no	26.6	212.4	20506	20827	9245	6592	0	44206	2634	2634	0	3816	3816	0
January 21, 2010 1:59:00 PM UTC	1264111140000	99	1	no	26.5	212.7	20506	20827	9245	6611	0	44187	2617	2614	3	3824	3814	10
January 21, 2010 2:00:00 PM UTC	1264111200000	99	1	no	26.4	212.9	20506	20827	9255	6503	0	44285	2658	2644	14	3819	3804	15
January 21, 2010 2:01:00 PM UTC	1264111260000	99	1	no	26.3	213.1	20506	20827	9246	6560	0	44237	2622	2622	0	3815	3791	24
January 21, 2010 2:02:00 PM UTC	1264111320000	99	1	no	26.2	213.4	20506	20827	9255	6503	0	44285	2638	2638	0	3823	3809	14
January 21, 2010 2:03:00 PM UTC	1264111380000	99	1	no	26.1	213.6	20506	20827	9240	6606	0	44197	2585	2574	10	3815	3794	21
January 21, 2010 2:04:00 PM UTC	1264111440000	98	2	no	26.0	213.8	20506	20827	9255	6549	0	44239	2619	2617	2	3816	3784	32
January 21, 2010 2:05:00 PM UTC	1264111500000	98	2	no	25.9	214.1	20506	20827	9255	6549	0	44239	2623	2619	1	3817	3794	23
January 21, 2010 2:06:00 PM UTC	1264111560000	98	2	no	25.7	214.3	20506	20827	9247	6596	0	44200	2587	2570	17	3810	3795	15
January 21, 2010 2:07:00 PM UTC	1264111620000	98	2	no	25.6	214.5	20506	20827	9247	6596	0	44200	2584	2552	22	3822	3803	19
January 21, 2010 2:08:00 PM UTC	1264111680000	98	2	no	25.5	214.7	20506	20827	9247	6596	0	44200	2576	2572	3	3811	3783	28
January 21, 2010 2:09:00 PM UTC	1264111740000	98	2	no	25.4	215.0	20506	20827	9247	6596	0	44200	2568	2567	0	3795	3766	29
January 21, 2010 2:10:00 PM UTC	1264111800000	97	3	no	25.3	215.2	20506	20827	9247	6596	0	44200	2559	2549	9	3816	3763	53
January 21, 2010 2:11:00 PM UTC	1264111860000	97	3	no	25.2	215.4	20506	20827	9256	6519	0	44268	2595	2580	11	3800	3671	129
January 21, 2010 2:12:00 PM UTC	1264111920000	97	3	no	25.1	215.6	20506	20827	9247	6590	0	44206	2548	2473	69	3826	3813	13
January 21, 2010 2:13:00 PM UTC	1264111980000	97	3	no	24.9	215.9	20506	20827	9250	6561	0	44232	2552	2521	28	3806	3695	111
January 21, 2010 2:14:00 PM UTC	1264112040000	98	2	no	24.8	216.1	20506	20827	9250	6561	0	44232	2548	2542	6	3809	3744	65
January 21, 2010 2:15:00 PM UTC	1264112100000	96	4	no	24.7	216.3	20506	20827	9254	6520	0	44269	2559	2535	24	3815	3715	100
January 21, 2010 2:16:00 PM UTC	1264112160000	95	5	no	24.6	216.5	20506	20827	9249	6562	0	44232	2529	2511	6	3809	3747	62
January 21, 2010 2:17:00 PM UTC	1264112220000	94	6	no	24.5	216.8	20506	20827	9250	6562	0	44231	2524	2482	27	3811	3737	74
January 21, 2010 2:18:00 PM UTC	1264112280000	93	7	no	24.3	217.0	20506	20827	9244	6599	0	44200	2500	2423	17	3811	3690	121
January 21, 2010 2:19:00 PM UTC	1264112340000	94	6	no	24.2	217.2	20506	20827	9258	6507	0	44278	2533	2511	17	3818	3673	145
January 21, 2010 2:20:00 PM UTC	1264112400000	94	6	no	24.1	217.4	20506	20827	9250	6562	0	44231	2500	2477	10	3808	3715	93
January 21, 2010 2:21:00 PM UTC	1264112460000	93	7	no	24.0	217.7	20506	20827	9253	6540	0	44250	2494	2428	64	3818	3688	130
January 21, 2010 2:22:00 PM UTC	1264112520000	93	7	no	23.9	217.9	20506	20827	9251	6542	0	44250	2485	2444	39	3812	3658	154
January 21, 2010 2:23:00 PM UTC	1264112580000	91	9	no	23.7	218.1	20506	20827	9253	6532	0	44258	2482	2431	51	3817	3701	116
January 21, 2010 2:24:00 PM UTC	1264112640000	89	11	no	23.6	218.3	20506	20827	9244	6587	0	44212	2453	2401	46	3811	3584	227
January 21, 2010 2:25:00 PM UTC	1264112700000	88	12	no	23.5	218.5	20506	20827	9253	6532	0	44258	2463	2406	49	3818	3521	297
January 21, 2010 2:26:00 PM UTC	1264112760000	89	10	no	23.4	218.7	20506	20827	9254	6532	0	44257	2456	2361	41	3816	3629	186
January 21, 2010 2:27:00 PM UTC	1264112820000	87	12	no	23.2	219.0	20506	20827	9254	6532	0	44257	2440	2355	33	3825	3577	248
January 21, 2010 2:28:00 PM UTC	1264112880000	85	15	no	23.1	219.2	20506	20827	9247	6577	0	44219	2423	2303	42	3815	3704	110
January 21, 2010 2:29:00 PM UTC	1264112940000	81	18	no	23.0	219.4	20506	20827	9261	6478	1	44303	2459	2287	59	3821	3453	368
January 21, 2010 2:30:00 PM UTC	1264113000000	86	14	no	22.9	219.6	20506	20827	9253	6532	0	44258	2426	2363	42	3817	3620	196
January 21, 2010 2:31:00 PM UTC	1264113060000	85	15	no	22.7	219.8	20506	20827	9253	6528	1	44261	2421	2330	61	3821	3656	165
January 21, 2010 2:32:00 PM UTC	1264113120000	88	12	no	22.6	220.0	20506	20827	9245	6584	0	44214	2381	2335	21	3825	3558	267
January 21, 2010 2:33:00 PM UTC	1264113180000	86	14	no	22.5	220.2	20506	20827	9245	6617	0	44181	2370	2294	31	3822	3649	173
January 21, 2010 2:34:00 PM UTC	1264113240000	86	14	no	22.3	220.5	20506	20827	9253	6510	1	44279	2396	2303	29	3826	3605	221
January 21, 2010 2:35:00 PM UTC	1264113300000	83	17	no	22.2	220.7	20506	20827	9244	6562	0	44237	2365	2254	24	3824	3619	205
January 21, 2010 2:36:00 PM UTC	1264113360000	83	17	no	22.1	220.9	20506	20827	9253	6510	0	44280	2375	2308	32	3833	3581	252
January 21, 2010 2:37:00 PM UTC	1264113420000	79	21	no	21.9	221.1	20506	20827	9245	6562	1	44235	2338	2170	90	3835	3455	380
January 21, 2010 2:38:00 PM UTC	1264113480000	76	24	no	21.8	221.3	20506	20827	9246	6561	1	44235	2330	2181	92	3839	3412	426
January 21, 2010 2:39:00 PM UTC	1264113540000	76	24	no	21.7	221.5	20506	20827	9246	6561	2	44234	2329	2155	64	3829	3397	432
January 21, 2010 2:40:00 PM UTC	1264113600000	77	23	no	21.5	221.7	20506	20827	9251	6571	9	44212	2333	2126	66	3841	3316	524
January 21, 2010 2:41:00 PM UTC	1264113660000	75	24	no	21.4	221.9	20506	20827	9244	6619	6	44174	2299	2140	40	3840	3279	559
January 21, 2010 2:42:00 PM UTC	1264113720000	78	22	no	21.3	222.1	20506	20827	9251	6568	1	44223	2307	2208	25	3852	3618	233
January 21, 2010 2:43:00 PM UTC	1264113780000	80	20	no	21.1	222.3	20506	20827	9245	6618	0	44180	2280	2160	76	3846	3603	242
January 21, 2010 2:44:00 PM UTC	1264113840000	82	18	no	21.0	222.5	20506	20827	9253	6568	1	44221	2289	2164	50	3854	3598	256
January 21, 2010 2:45:00 PM UTC	1264113900000	78	21	no	20.9	222.8	20506	20827	9253	6611	6	44173	2274	2132	38	3852	3412	436
January 21, 2010 2:46:00 PM UTC	1264113960000	75	25	no	20.7	223.0	20506	20827	9245	6608	6	44184	2248	2110	40	3855	3600	253
January 21, 2010 2:47:00 PM UTC	1264114020000	73	26	no	20.6	223.2	20506	20827	9253	6559	7	44224	2260	2099	18	3861	3438	423
January 21, 2010 2:48:00 PM UTC	1264114080000	72	28	no	20.5	223.4	20506	20827	9245	6609	10	44179	2226	2034	39	3863	3487	374
January 21, 2010 2:49:00 PM UTC	1264114140000	67	32	no	20.3	223.6	20506	20827	9245	6609	2	44187	2218	2103	16	3868	3449	419
January 21, 2010 2:50:00 PM UTC	1264114200000	60	39	no	20.2	223.8	20506	20827	9253	6507	7	44276	2243	2004	28	3868	3332	534
January 21, 2010 2:51:00 PM UTC	1264114260000	70	29	no	20.1	224.0	20506	20827	9246	6605	0	44192	2200	2050	57	3877	3486	388
January 21, 2010 2:52:00 PM UTC	1264114320000	59	41	no	19.9	224.2	20506	20827	9245	6609	18	44171	2187	1965	34	3882	3307	570
January 21, 2010 2:53:00 PM UTC	1264114380000	58	42	no	19.8	224.4	20506	20827	9245	6609	18	44171	2179	1944	22	3883	3306	573
January 21, 2010 2:54:00 PM UTC	1264114440000	59	41	no	19.6	224.6	20506	20827	9253	6560	6	44224	2192	1976	48	3886	3152	731
January 21, 2010 2:55:00 PM UTC	1264114500000	59	41	no	19.5	224.8	20506	20827	9244	6609	16	44174	2158	1921	40	3893	3215	668
January 21, 2010 2:56:00 PM UTC	1264114560000	58	42	no	19.3	225.0	20506	20827	9252	6560	10	44221	2175	1951	40	3895	3258	624
January 21, 2010 2:57:00 PM UTC	1264114620000	60	39	no	19.2	225.2	20506	20827	9252	6560	3	44228	2161	1995	20	3902	3547	350
January 21, 2010 2:58:00 PM UTC	1264114680000	54	46	no	19.1	225.4	20506	20827	9244	6600	18	44181	2129	1924	8	3901	3310	579
January 21, 2010 2:59:00 PM UTC	1264114740000	50	50	no	18.9	225.6	20506	20827	9244	6600	4	44195	2115	1982	10	3906	3517	386
January 21, 2010 3:00:00 PM UTC	1264114800000	52	47	no	18.8	225.8	20506	20827	9251	6549	10	44233	2125	1913	39	3914	3307	600
January 21, 2010 3:01:00 PM UTC	1264114860000	49	50	no	18.6	226.0	20506	20827	9244	6600	29	44170	2089	1798	19	3922	3263	644
January 21, 2010 3:02:00 PM UTC	1264114920000	45	54	no	18.5	226.2	20506	20827	9244	6600	38	44161	2082	1775	32	3923	3145	755
January 21, 2010 3:03:00 PM UTC	1264114980000	45	54	no	18.3	226.4	20506	20827	9251	6553	23	44216	2093	1740	31	3927	3156	745
January 21, 2010 3:04:00 PM UTC	1264115040000	47	52	no	18.2	226.6	20506	20827	9251	6553	26	44213	2079	1665	59	3937	3170	746
January 21, 2010 3:05:00 PM UTC	1264115100000	52	47	no	18.1	226.7	20506	20827	9244	6600	9	44190	2050	1863	12	3937	3334	596
January 21, 2010 3:06:00 PM UTC	1264115160000	54	46	no	17.9	226.9	20506	20827	9251	6553	27	44212	2053	1864	16	3950	3363	573
January 21, 2010 3:07:00 PM UTC	1264115220000	50	50	no	17.8	227.1	20506	20827	9251	6553	8	44231	2049	1901	4	3952	3496	434
January 21, 2010 3:08:00 PM UTC	1264115280000	58	41	no	17.6	227.3	20506	20827	9243	6552	5	44243	2022	1948	4	3959	3470	486
January 21, 2010 3:09:00 PM UTC	1264115340000	54	45	no	17.5	227.5	20506	20827	9251	6499	24	44269	2033	1789	7	3964	3510	429
January 21, 2010 3:10:00 PM UTC	1264115400000	62	38	no	17.3	227.7	20506	20827	9251	6450	0	44342	2025	1990	0	3974	3711	261
January 21, 2010 3:11:00 PM UTC	1264115460000	62	38	no	17.2	227.9	20506	20827	9243	6552	19	44229	1986	1769	8	3977	3468	495
January 21, 2010 3:12:00 PM UTC	1264115520000	60	40	no	17.0	228.1	20506	20827	9251	6499	72	44221	1997	1727	2	3982	3503	476
January 21, 2010 3:13:00 PM UTC	1264115580000	49	50	no	16.9	228.3	20506	20827	9243	6554	60	44186	1960	1646	0	3992	3449	518
January 21, 2010 3:14:00 PM UTC	1264115640000	47	52	no	16.7	228.5	20506	20827	9250	6507	54	44232	1964	1631	3	4001	3259	703
January 21, 2010 3:15:00 PM UTC	1264115700000	54	46	no	16.6	228.7	20506	20827	9243	6552	49	44199	1939	1596	1	4006	3612	376
January 21, 2010 3:16:00 PM UTC	1264115760000	49	50	no	16.4	228.8	20506	20827	9249	6508	27	44259	1949	1686	2	4009	3434	558
January 21, 2010 3:17:00 PM UTC	1264115820000	55	44	no	16.3	229.0	20506	20827	9249	6508	40	44246	1932	1664	13	4022	3308	703
January 21, 2010 3:18:00 PM UTC	1264115880000	56	43	no	16.1	229.2	20506	20827	9241	6564	45	44193	1897	1576	6	4026	3434	559
January 21, 2010 3:19:00 PM UTC	1264115940000	53	46	no	16.0	229.4	20506	20827	9249	6508	95	44191	1901	1450	4	4040	3403	614
January 21, 2010 3:20:00 PM UTC	1264116000000	61	38	no	15.8	229.6	20506	20827	9249	6508	88	44198	1899	1512	1	4045	3469	544
January 21, 2010 3:21:00 PM UTC	1264116060000	59	40	no	15.7	229.8	20506	20827	9240	6562	181	44060	1862	1320	1	4053	3469	514
January 21, 2010 3:22:00 PM UTC	1264116120000	67	32	no	15.5	230.0	20506	20827	9249	6507	90	44197	1872	1468	0	4060	3666	384
January 21, 2010 3:23:00 PM UTC	1264116180000	67	32	no	15.4	230.2	20506	20827	9249	6464	43	44287	1862	1630	0	4070	3594	457
January 21, 2010 3:24:00 PM UTC	1264116240000	68	32	no	15.2	230.3	20506	20827	9246	6525	43	44229	1843	1662	0	4077	3682	386
January 21, 2010 3:25:00 PM UTC	1264116300000	66	33	no	15.0	230.5	20506	20827	9256	6466	23	44298	1852	1612	0	4086	3680	398
January 21, 2010 3:26:00 PM UTC	1264116360000	65	34	no	14.9	230.7	20506	20827	9241	6564	27	44211	1795	1610	0	4102	3677	418
January 21, 2010 3:27:00 PM UTC	1264116420000	63	36	no	14.7	230.9	20506	20827	9247	6525	30	44241	1801	1565	0	4109	3719	376
January 21, 2010 3:28:00 PM UTC	1264116480000	63	37	no	14.6	231.1	20506	20827	9256	6469	48	44270	1811	1544	0	4119	3607	495
January 21, 2010 3:29:00 PM UTC	1264116540000	62	37	no	14.4	231.2	20506	20827	9247	6525	145	44126	1777	1257	0	4129	3710	379
January 21, 2010 3:30:00 PM UTC	1264116600000	54	45	no	14.3	231.4	20506	20827	9247	6525	169	44102	1757	1168	0	4144	3597	473
January 21, 2010 3:31:00 PM UTC	1264116660000	60	39	no	14.1	231.6	20506	20827	9248	6524	218	44053	1752	1199	0	4148	3583	493
January 21, 2010 3:32:00 PM UTC	1264116720000	49	49	no	14.0	231.8	20506	20827	9248	6524	222	44049	1739	1116	0	4160	3396	702
January 21, 2010 3:33:00 PM UTC	1264116780000	52	47	no	13.8	232.0	20506	20827	9255	6482	164	44142	1741	1226	0	4175	3682	444
January 21, 2010 3:34:00 PM UTC	1264116840000	65	34	no	13.6	232.2	20506	20827	9240	6583	144	44076	1690	1348	0	4187	3730	405
January 21, 2010 3:35:00 PM UTC	1264116900000	64	35	no	13.5	232.3	20506	20827	9247	6524	256	44016	1697	1157	2	4198	3573	570
January 21, 2010 3:36:00 PM UTC	1264116960000	67	33	no	13.3	232.5	20506	20827	9247	6500	233	44063	1687	1194	0	4209	3687	497
January 21, 2010 3:37:00 PM UTC	1264117020000	67	33	no	13.2	232.7	20506	20827	9247	6500	125	44171	1668	1304	0	4225	3947	252
January 21, 2010 3:38:00 PM UTC	1264117080000	66	33	no	13.0	232.9	20506	20827	9255	6442	92	44254	1679	1363	0	4232	3921	295
January 21, 2010 3:39:00 PM UTC	1264117140000	65	34	no	12.8	233.0	20506	20827	9245	6556	39	44203	1637	1437	0	4249	3905	339
January 21, 2010 3:40:00 PM UTC	1264117200000	57	42	no	12.7	233.2	20506	20827	9245	6556	45	44197	1628	1422	0	4256	3829	419
January 21, 2010 3:41:00 PM UTC	1264117260000	51	48	no	12.5	233.4	20506	20827	9246	6556	32	44209	1612	1368	0	4272	3888	379
January 21, 2010 3:42:00 PM UTC	1264117320000	48	52	no	12.4	233.6	20506	20827	9252	6514	8	44269	1612	1527	0	4287	3961	312
January 21, 2010 3:43:00 PM UTC	1264117380000	45	54	no	12.2	233.7	20506	20827	9246	6556	22	44219	1587	1338	0	4296	3879	413
January 21, 2010 3:44:00 PM UTC	1264117440000	43	57	no	12.0	233.9	20506	20827	9245	6556	7	44235	1572	1434	0	4311	3930	355
January 21, 2010 3:45:00 PM UTC	1264117500000	42	58	no	11.9	234.1	20506	20827	9251	6517	9	44266	1571	1380	0	4317	3952	338
January 21, 2010 3:46:00 PM UTC	1264117560000	41	59	no	11.7	234.3	20506	20827	9243	6573	3	44224	1538	1396	0	4337	3957	343
January 21, 2010 3:47:00 PM UTC	1264117620000	38	62	no	11.5	234.4	20506	20827	9251	6512	3	44277	1550	1436	0	4357	3977	352
January 21, 2010 3:48:00 PM UTC	1264117680000	38	62	no	11.4	234.6	20506	20827	9252	6518	1	44272	1529	1411	0	4360	3920	420
January 21, 2010 3:49:00 PM UTC	1264117740000	38	62	no	11.2	234.8	20506	20827	9242	6541	4	44256	1503	1290	0	4382	3995	353
January 21, 2010 3:50:00 PM UTC	1264117800000	38	61	no	11.1	235.0	20506	20827	9251	6482	10	44300	1509	1260	0	4411	3920	428
January 21, 2010 3:51:00 PM UTC	1264117860000	35	64	no	10.9	235.1	20506	20827	9251	6482	73	44237	1499	1026	0	4398	3661	569
January 21, 2010 3:52:00 PM UTC	1264117920000	33	66	no	10.7	235.3	20506	20827	9246	6519	54	44224	1464	1030	0	4424	3606	619
January 21, 2010 3:53:00 PM UTC	1264117980000	33	65	no	10.6	235.5	20506	20827	9252	6420	41	44330	1465	1048	0	4447	3721	545
January 21, 2010 3:54:00 PM UTC	1264118040000	29	69	no	10.4	235.6	20506	20827	9242	6534	95	44172	1435	801	0	4436	3527	692
January 21, 2010 3:55:00 PM UTC	1264118100000	27	71	no	10.2	235.8	20506	20827	9248	6496	206	44093	1433	598	0	4464	3269	869
January 21, 2010 3:56:00 PM UTC	1264118160000	28	70	no	10.1	236.0	20506	20827	9248	6496	261	44038	1421	510	0	4475	2968	1008
January 21, 2010 3:57:00 PM UTC	1264118220000	25	72	no	9.9	236.1	20506	20827	9243	6533	331	43936	1393	406	1	4483	2716	1180
January 21, 2010 3:58:00 PM UTC	1264118280000	27	70	no	9.7	236.3	20506	20827	9248	6496	339	43960	1391	318	3	4507	2828	1191
January 21, 2010 3:59:00 PM UTC	1264118340000	25	71	no	9.6	236.5	20506	20827	9239	6556	342	43906	1358	343	0	4514	2658	1186
January 21, 2010 4:00:00 PM UTC	1264118400000	27	70	no	9.4	236.7	20506	20827	9248	6496	295	44004	1363	427	0	4530	2933	1002
January 21, 2010 4:01:00 PM UTC	1264118460000	30	68	no	9.2	236.8	20506	20827	9248	6496	183	44116	1354	525	0	4538	3356	792
January 21, 2010 4:02:00 PM UTC	1264118520000	29	68	no	9.1	237.0	20506	20827	9244	6526	97	44176	1327	653	0	4554	3377	656
January 21, 2010 4:03:00 PM UTC	1264118580000	31	67	no	8.9	237.2	20506	20827	9249	6468	94	44232	1322	684	0	4577	3764	514
January 21, 2010 4:04:00 PM UTC	1264118640000	32	66	no	8.7	237.3	20506	20827	9249	6468	99	44227	1309	769	0	4586	3817	381
January 21, 2010 4:05:00 PM UTC	1264118700000	33	65	no	8.6	237.5	20506	20827	9247	6494	44	44258	1292	874	0	4593	3901	405
January 21, 2010 4:06:00 PM UTC	1264118760000	29	68	no	8.4	237.6	20506	20827	9256	6431	93	44263	1293	652	0	4618	3489	534
January 21, 2010 4:07:00 PM UTC	1264118820000	28	69	no	8.2	237.8	20506	20827	9246	6489	112	44196	1263	598	0	4626	3489	535
January 21, 2010 4:08:00 PM UTC	1264118880000	26	70	no	8.0	238.0	20506	20827	9242	6525	285	43991	1240	332	0	4635	3225	605
January 21, 2010 4:09:00 PM UTC	1264118940000	27	70	no	7.9	238.1	20506	20827	9257	6429	346	44011	1248	266	0	4665	3098	612
January 21, 2010 4:10:00 PM UTC	1264119000000	29	67	no	7.7	238.3	20506	20827	9247	6548	179	44069	1211	468	0	4670	3232	540
January 21, 2010 4:11:00 PM UTC	1264119060000	31	66	no	7.5	238.5	20506	20827	9247	6548	111	44137	1198	585	0	4684	3264	485
January 21, 2010 4:12:00 PM UTC	1264119120000	23	70	no	7.4	238.6	20506	20827	9255	6487	252	44049	1207	275	0	4697	2144	674
January 21, 2010 4:13:00 PM UTC	1264119180000	18	73	no	7.2	238.8	20506	20827	9252	6513	379	43899	1183	113	0	4712	1407	745
January 21, 2010 4:14:00 PM UTC	1264119240000	17	69	no	7.0	239.0	20506	20827	9247	6548	416	43832	1161	68	0	4723	1178	546
January 21, 2010 4:15:00 PM UTC	1264119300000	17	67	no	6.9	239.1	20506	20827	9247	6548	382	43866	1142	100	0	4740	1008	602
January 21, 2010 4:16:00 PM UTC	1264119360000	16	68	no	6.7	239.3	20506	20827	9251	6522	296	43974	1137	216	0	4753	1015	654
January 21, 2010 4:17:00 PM UTC	1264119420000	16	68	no	6.5	239.4	20506	20827	9251	6522	163	44107	1122	362	0	4772	1080	659
January 21, 2010 4:18:00 PM UTC	1264119480000	19	69	no	6.3	239.6	20506	20827	9252	6492	31	44268	1113	635	0	4786	1708	517
January 21, 2010 4:19:00 PM UTC	1264119540000	22	67	no	6.2	239.8	20506	20827	9252	6492	0	44299	1103	932	0	4797	2184	195
January 21, 2010 4:20:00 PM UTC	1264119600000	20	68	no	6.0	239.9	20506	20827	9252	6492	0	44299	1086	934	0	4812	2023	110
January 21, 2010 4:21:00 PM UTC	1264119660000	15	65	no	5.8	240.1	20506	20827	9252	6492	3	44296	1077	907	0	4822	1371	97
January 21, 2010 4:22:00 PM UTC	1264119720000	9	49	no	5.6	240.2	20506	20827	9252	6492	3	44296	1057	836	0	4841	682	25
January 21, 2010 4:23:00 PM UTC	1264119780000	5	28	no	5.5	240.4	20506	20827	9242	6554	24	44223	1027	626	0	4848	443	8
January 21, 2010 4:24:00 PM UTC	1264119840000	4	17	no	5.3	240.6	20506	20827	9248	6514	124	44157	1021	460	0	4867	416	0
January 21, 2010 4:25:00 PM UTC	1264119900000	2	8	no	5.1	240.7	20506	20827	9257	6454	228	44104	1023	319	0	4889	293	0
January 21, 2010 4:26:00 PM UTC	1264119960000	2	5	no	4.9	240.9	20506	20827	9243	6550	204	44046	984	339	0	4891	308	4
January 21, 2010 4:27:00 PM UTC	1264120020000	2	5	no	4.8	241.0	20506	20827	9241	6615	292	43895	964	266	0	4903	250	3
January 21, 2010 4:28:00 PM UTC	1264120080000	3	6	no	4.6	241.2	20506	20827	9255	6465	301	44022	981	288	0	4928	277	3
January 21, 2010 4:29:00 PM UTC	1264120140000	3	6	no	4.4	241.3	20506	20827	9247	6527	226	44043	948	346	0	4935	332	0
January 21, 2010 4:30:00 PM UTC	1264120200000	6	8	no	4.2	241.5	20506	20827	9247	6527	100	44169	938	547	0	4945	606	20
January 21, 2010 4:31:00 PM UTC	1264120260000	4	9	no	4.1	241.7	20506	20827	9247	6527	153	44116	925	499	0	4958	490	27
January 21, 2010 4:32:00 PM UTC	1264120320000	5	6	no	3.9	241.8	20506	20827	9253	6494	190	44106	914	440	0	4980	375	5
January 21, 2010 4:33:00 PM UTC	1264120380000	4	2	no	3.7	242.0	20506	20827	9247	6509	171	44116	898	441	0	4990	384	3
January 21, 2010 4:34:00 PM UTC	1264120440000	3	0	no	3.5	242.1	20506	20827	9247	6510	231	44055	876	385	0	5007	346	0
January 21, 2010 4:35:00 PM UTC	1264120500000	3	0	no	3.4	242.3	20506	20827	9247	6510	183	44103	864	482	0	5022	374	0
January 21, 2010 4:36:00 PM UTC	1264120560000	3	0	no	3.2	242.4	20506	20827	9253	6478	71	44241	860	638	0	5032	440	0
