June 10, 2009 5:00:00 AM UTC	1244638800000	44	50	yes	5.4	65.2	20506	20827	9249	6532	471	43791	1036	592	5	4859	4821	6
June 10, 2009 5:01:00 AM UTC	1244638860000	44	53	yes	5.6	65.3	20506	20827	9249	6532	463	43799	1051	618	0	4843	4769	44
June 10, 2009 5:02:00 AM UTC	1244638920000	45	53	yes	5.8	65.5	20506	20827	9246	6562	441	43794	1057	642	0	4822	4776	20
June 10, 2009 5:03:00 AM UTC	1244638980000	47	51	yes	5.9	65.6	20506	20827	9246	6562	435	43800	1069	656	0	4812	4781	9
June 10, 2009 5:04:00 AM UTC	1244639040000	48	51	yes	6.1	65.7	20506	20827	9246	6562	436	43799	1087	672	1	4796	4710	64
June 10, 2009 5:05:00 AM UTC	1244639100000	48	50	yes	6.3	65.9	20506	20827	9250	6534	421	43838	1106	703	0	4788	4712	58
June 10, 2009 5:06:00 AM UTC	1244639160000	48	49	yes	6.5	66.0	20506	20827	9251	6487	452	43853	1130	694	0	4764	4661	87
June 10, 2009 5:07:00 AM UTC	1244639220000	51	46	yes	6.7	66.2	20506	20827	9251	6487	451	43854	1140	707	0	4756	4718	20
June 10, 2009 5:08:00 AM UTC	1244639280000	53	42	yes	6.9	66.3	20506	20827	9251	6488	446	43858	1158	729	0	4738	4654	67
June 10, 2009 5:09:00 AM UTC	1244639340000	55	41	yes	7.0	66.4	20506	20827	9251	6488	445	43859	1169	739	0	4727	4656	56
June 10, 2009 5:10:00 AM UTC	1244639400000	57	37	yes	7.2	66.6	20506	20827	9251	6488	441	43863	1190	763	0	4705	4683	8
June 10, 2009 5:11:00 AM UTC	1244639460000	58	34	yes	7.4	66.7	20506	20827	9245	6575	434	43789	1190	768	0	4686	4674	0
June 10, 2009 5:12:00 AM UTC	1244639520000	60	32	yes	7.6	66.9	20506	20827	9251	6538	428	43826	1217	798	0	4673	4664	0
June 10, 2009 5:13:00 AM UTC	1244639580000	60	31	yes	7.8	67.0	20506	20827	9251	6538	430	43824	1235	813	0	4658	4650	0
June 10, 2009 5:14:00 AM UTC	1244639640000	57	31	yes	8.0	67.1	20506	20827	9240	6604	419	43780	1226	814	0	4640	4633	0
June 10, 2009 5:15:00 AM UTC	1244639700000	57	30	yes	8.1	67.3	20506	20827	9248	6551	445	43799	1265	826	0	4625	4619	0
June 10, 2009 5:16:00 AM UTC	1244639760000	51	34	yes	8.3	67.4	20506	20827	9253	6512	444	43834	1285	846	0	4616	4611	0
June 10, 2009 5:17:00 AM UTC	1244639820000	46	39	yes	8.5	67.6	20506	20827	9245	6579	432	43787	1280	852	0	4596	4592	0
June 10, 2009 5:18:00 AM UTC	1244639880000	41	44	yes	8.7	67.7	20506	20827	9256	6513	428	43846	1315	889	0	4584	4582	0
June 10, 2009 5:19:00 AM UTC	1244639940000	38	47	yes	8.9	67.8	20506	20827	9256	6513	429	43845	1330	903	0	4570	4568	0
June 10, 2009 5:20:00 AM UTC	1244640000000	37	52	yes	9.1	68.0	20506	20827	9245	6579	420	43799	1322	903	0	4553	4552	0
June 10, 2009 5:21:00 AM UTC	1244640060000	36	53	yes	9.3	68.1	20506	20827	9245	6579	409	43810	1341	932	0	4536	4536	0
June 10, 2009 5:22:00 AM UTC	1244640120000	36	58	yes	9.4	68.2	20506	20827	9254	6515	403	43871	1378	975	0	4525	4498	27
June 10, 2009 5:23:00 AM UTC	1244640180000	37	60	yes	9.6	68.4	20506	20827	9243	6581	394	43825	1370	976	0	4509	4425	84
June 10, 2009 5:24:00 AM UTC	1244640240000	38	61	no	9.8	68.5	20506	20827	9243	6581	392	43827	1388	996	0	4493	4237	256
June 10, 2009 5:25:00 AM UTC	1244640300000	39	60	no	10.0	68.6	20506	20827	9253	6523	419	43848	1414	995	0	4483	4059	424
June 10, 2009 5:26:00 AM UTC	1244640360000	44	56	no	10.2	68.8	20506	20827	9243	6582	411	43807	1413	1002	0	4462	3970	492
June 10, 2009 5:27:00 AM UTC	1244640420000	49	51	no	10.4	68.9	20506	20827	9247	6550	404	43842	1436	1032	0	4453	4038	415
June 10, 2009 5:28:00 AM UTC	1244640480000	55	45	no	10.6	69.1	20506	20827	9258	6483	407	43895	1481	1074	0	4431	4123	308
June 10, 2009 5:29:00 AM UTC	1244640540000	63	37	no	10.8	69.2	20506	20827	9248	6548	392	43855	1474	1082	0	4413	4121	292
June 10, 2009 5:30:00 AM UTC	1244640600000	74	26	no	10.9	69.3	20506	20827	9248	6548	391	43856	1492	1101	0	4395	4118	277
June 10, 2009 5:31:00 AM UTC	1244640660000	80	20	no	11.1	69.5	20506	20827	9248	6548	390	43857	1507	1117	0	4381	4081	300
June 10, 2009 5:32:00 AM UTC	1244640720000	82	17	no	11.3	69.6	20506	20827	9248	6549	378	43868	1520	1142	0	4369	4026	343
June 10, 2009 5:33:00 AM UTC	1244640780000	84	16	no	11.5	69.7	20506	20827	9250	6589	408	43796	1542	1134	0	4342	4170	172
June 10, 2009 5:34:00 AM UTC	1244640840000	83	17	no	11.7	69.9	20506	20827	9250	6589	406	43798	1553	1147	0	4332	4264	68
June 10, 2009 5:35:00 AM UTC	1244640900000	79	20	no	11.9	70.0	20506	20827	9248	6612	379	43804	1560	1181	0	4317	4301	16
June 10, 2009 5:36:00 AM UTC	1244640960000	79	20	no	12.1	70.1	20506	20827	9248	6612	382	43801	1574	1192	0	4305	4298	7
June 10, 2009 5:37:00 AM UTC	1244641020000	76	23	no	12.3	70.3	20506	20827	9249	6486	385	43923	1599	1213	1	4294	4294	0
June 10, 2009 5:38:00 AM UTC	1244641080000	76	22	no	12.5	70.4	20506	20827	9248	6486	370	43939	1609	1239	0	4281	4281	0
June 10, 2009 5:39:00 AM UTC	1244641140000	78	21	no	12.6	70.5	20506	20827	9252	6464	368	43959	1640	1267	5	4259	4259	0
June 10, 2009 5:40:00 AM UTC	1244641200000	75	23	no	12.8	70.7	20506	20827	9252	6464	368	43959	1662	1294	0	4239	4239	0
June 10, 2009 5:41:00 AM UTC	1244641260000	72	25	no	13.0	70.8	20506	20827	9244	6535	357	43907	1653	1296	0	4225	4225	0
June 10, 2009 5:42:00 AM UTC	1244641320000	69	28	no	13.2	70.9	20506	20827	9252	6467	353	43971	1688	1331	4	4214	4214	0
June 10, 2009 5:43:00 AM UTC	1244641380000	65	31	no	13.4	71.1	20506	20827	9252	6467	384	43940	1705	1320	0	4199	4199	0
June 10, 2009 5:44:00 AM UTC	1244641440000	60	35	no	13.6	71.2	20506	20827	9241	6534	364	43904	1695	1331	0	4182	4182	0
June 10, 2009 5:45:00 AM UTC	1244641500000	57	37	yes	13.8	71.3	20506	20827	9252	6467	364	43960	1731	1367	0	4177	4177	0
June 10, 2009 5:46:00 AM UTC	1244641560000	55	36	yes	14.0	71.5	20506	20827	9255	6447	359	43982	1755	1396	0	4163	4163	0
June 10, 2009 5:47:00 AM UTC	1244641620000	50	39	yes	14.2	71.6	20506	20827	9244	6514	346	43939	1754	1408	0	4140	4140	0
June 10, 2009 5:48:00 AM UTC	1244641680000	48	40	yes	14.3	71.7	20506	20827	9256	6445	347	43995	1799	1452	0	4127	4127	0
June 10, 2009 5:49:00 AM UTC	1244641740000	45	40	yes	14.5	71.9	20506	20827	9254	6466	336	43987	1801	1465	0	4120	4120	0
June 10, 2009 5:50:00 AM UTC	1244641800000	41	41	yes	14.7	72.0	20506	20827	9245	6528	323	43947	1795	1472	0	4107	4107	0
June 10, 2009 5:51:00 AM UTC	1244641860000	38	42	yes	14.9	72.1	20506	20827	9254	6462	318	44009	1838	1520	0	4092	4091	1
June 10, 2009 5:52:00 AM UTC	1244641920000	35	44	yes	15.1	72.3	20506	20827	9256	6447	313	44027	1852	1539	0	4086	4051	35
June 10, 2009 5:53:00 AM UTC	1244641980000	32	46	no	15.3	72.4	20506	20827	9244	6521	326	43952	1839	1513	0	4076	3926	150
June 10, 2009 5:54:00 AM UTC	1244642040000	30	45	no	15.5	72.5	20506	20827	9244	6521	323	43955	1858	1535	0	4062	3804	258
June 10, 2009 5:55:00 AM UTC	1244642100000	28	46	no	15.7	72.7	20506	20827	9256	6447	318	44022	1907	1589	0	4047	3729	318
June 10, 2009 5:56:00 AM UTC	1244642160000	26	45	no	15.9	72.8	20506	20827	9244	6575	299	43925	1884	1585	0	4034	3644	390
June 10, 2009 5:57:00 AM UTC	1244642220000	24	46	no	16.1	72.9	20506	20827	9244	6575	293	43931	1897	1604	0	4026	3516	510
June 10, 2009 5:58:00 AM UTC	1244642280000	23	48	no	16.3	73.1	20506	20827	9254	6508	292	43989	1944	1652	0	4015	3313	702
June 10, 2009 5:59:00 AM UTC	1244642340000	21	48	no	16.5	73.2	20506	20827	9247	6555	275	43966	1932	1656	1	4012	3272	731
June 10, 2009 6:00:00 AM UTC	1244642400000	20	47	yes	16.6	73.3	20506	20827	9247	6555	268	43973	1947	1669	10	3999	3046	953
June 10, 2009 6:01:00 AM UTC	1244642460000	20	44	no	16.8	73.5	20506	20827	9256	6487	263	44037	1999	1725	11	3992	2824	1168
June 10, 2009 6:02:00 AM UTC	1244642520000	20	40	no	17.0	73.6	20506	20827	9246	6556	246	43995	1988	1739	3	3975	2667	1308
June 10, 2009 6:03:00 AM UTC	1244642580000	19	38	no	17.2	73.7	20506	20827	9246	6556	274	43967	1998	1712	10	3970	2525	1445
June 10, 2009 6:04:00 AM UTC	1244642640000	20	33	no	17.4	73.9	20506	20827	9246	6556	271	43970	2012	1732	8	3962	2643	1319
June 10, 2009 6:05:00 AM UTC	1244642700000	20	30	yes	17.6	74.0	20506	20827	9247	6558	255	43983	2027	1764	7	3949	2764	1185
June 10, 2009 6:06:00 AM UTC	1244642760000	21	26	yes	17.8	74.1	20506	20827	9248	6518	260	44017	2044	1770	14	3944	2994	950
June 10, 2009 6:07:00 AM UTC	1244642820000	21	22	yes	18.0	74.2	20506	20827	9248	6518	273	44004	2064	1776	15	3937	3207	730
June 10, 2009 6:08:00 AM UTC	1244642880000	23	17	yes	18.2	74.4	20506	20827	9248	6518	260	44017	2081	1814	3	3927	3756	171
June 10, 2009 6:09:00 AM UTC	1244642940000	23	13	yes	18.4	74.5	20506	20827	9248	6518	253	44024	2097	1836	7	3916	3762	154
June 10, 2009 6:10:00 AM UTC	1244643000000	22	10	yes	18.6	74.6	20506	20827	9248	6518	241	44036	2102	1836	24	3916	3854	62
June 10, 2009 6:11:00 AM UTC	1244643060000	21	9	yes	18.8	74.8	20506	20827	9248	6520	235	44040	2115	1863	17	3914	3864	50
June 10, 2009 6:12:00 AM UTC	1244643120000	20	8	yes	19.0	74.9	20506	20827	9248	6520	222	44053	2142	1920	0	3895	3844	51
June 10, 2009 6:13:00 AM UTC	1244643180000	18	8	yes	19.2	75.0	20506	20827	9251	6502	218	44072	2164	1927	19	3894	3783	110
June 10, 2009 6:14:00 AM UTC	1244643240000	17	8	yes	19.3	75.2	20506	20827	9250	6503	208	44082	2178	1965	3	3887	3590	236
June 10, 2009 6:15:00 AM UTC	1244643300000	17	8	yes	19.5	75.3	20506	20827	9250	6503	199	44091	2190	1956	34	3881	3429	363
June 10, 2009 6:16:00 AM UTC	1244643360000	17	8	yes	19.7	75.4	20506	20827	9250	6503	188	44102	2206	1982	35	3876	3276	412
June 10, 2009 6:17:00 AM UTC	1244643420000	16	7	yes	19.9	75.6	20506	20827	9241	6575	170	44057	2181	1866	141	3875	3186	430
June 10, 2009 6:18:00 AM UTC	1244643480000	16	6	yes	20.1	75.7	20506	20827	9250	6505	168	44120	2237	1946	120	3865	3133	426
June 10, 2009 6:19:00 AM UTC	1244643540000	16	5	yes	20.3	75.8	20506	20827	9250	6505	157	44131	2253	1946	143	3856	3108	355
June 10, 2009 6:20:00 AM UTC	1244643600000	15	5	yes	20.5	76.0	20506	20827	9238	6641	132	44032	2213	1896	162	3856	3079	312
June 10, 2009 6:21:00 AM UTC	1244643660000	15	5	yes	20.7	76.1	20506	20827	9250	6557	123	44113	2270	1968	170	3851	3010	395
June 10, 2009 6:22:00 AM UTC	1244643720000	14	5	yes	20.9	76.2	20506	20827	9250	6557	127	44109	2285	2038	109	3848	3050	446
June 10, 2009 6:23:00 AM UTC	1244643780000	13	5	yes	21.1	76.3	20506	20827	9240	6627	109	44067	2268	2078	68	3843	2948	507
June 10, 2009 6:24:00 AM UTC	1244643840000	13	5	yes	21.3	76.5	20506	20827	9251	6558	108	44126	2313	2092	97	3836	2814	590
June 10, 2009 6:25:00 AM UTC	1244643900000	12	4	yes	21.5	76.6	20506	20827	9251	6558	99	44135	2330	2028	178	3835	2686	659
June 10, 2009 6:26:00 AM UTC	1244643960000	11	5	yes	21.7	76.7	20506	20827	9240	6627	74	44102	2305	1906	297	3834	2621	628
June 10, 2009 6:27:00 AM UTC	1244644020000	10	5	yes	21.9	76.9	20506	20827	9251	6556	73	44163	2362	1788	497	3826	2332	712
June 10, 2009 6:28:00 AM UTC	1244644080000	10	5	yes	22.1	77.0	20506	20827	9251	6556	58	44178	2379	1780	519	3820	2222	849
June 10, 2009 6:29:00 AM UTC	1244644140000	9	5	yes	22.3	77.1	20506	20827	9242	6615	41	44145	2354	1778	526	3824	2137	905
June 10, 2009 6:30:00 AM UTC	1244644200000	9	6	yes	22.5	77.3	20506	20827	9242	6615	24	44162	2373	1817	500	3821	2141	1075
June 10, 2009 6:31:00 AM UTC	1244644260000	10	6	yes	22.7	77.4	20506	20827	9251	6558	21	44213	2414	2060	298	3815	2145	1071
June 10, 2009 6:32:00 AM UTC	1244644320000	10	5	yes	22.9	77.5	20506	20827	9240	6629	5	44169	2393	2140	234	3813	2106	1093
June 10, 2009 6:33:00 AM UTC	1244644380000	10	5	yes	23.1	77.7	20506	20827	9240	6595	1	44207	2403	2190	211	3811	1983	1096
June 10, 2009 6:34:00 AM UTC	1244644440000	10	5	yes	23.3	77.8	20506	20827	9251	6527	0	44265	2455	2289	165	3809	1982	998
June 10, 2009 6:35:00 AM UTC	1244644500000	10	5	yes	23.4	77.9	20506	20827	9240	6597	0	44206	2434	2283	151	3808	1872	1058
June 10, 2009 6:36:00 AM UTC	1244644560000	10	5	yes	23.6	78.0	20506	20827	9240	6597	0	44206	2444	2351	93	3807	1830	1073
June 10, 2009 6:37:00 AM UTC	1244644620000	10	5	yes	23.8	78.2	20506	20827	9254	6428	0	44361	2520	2461	59	3807	1869	1089
June 10, 2009 6:38:00 AM UTC	1244644680000	10	4	yes	24.0	78.3	20506	20827	9242	6513	0	44288	2485	2356	122	3810	1847	1115
June 10, 2009 6:39:00 AM UTC	1244644740000	9	4	yes	24.2	78.4	20506	20827	9242	6513	0	44288	2502	2292	179	3805	1750	1180
June 10, 2009 6:40:00 AM UTC	1244644800000	9	5	yes	24.4	78.6	20506	20827	9253	6430	0	44360	2556	2195	305	3803	1663	1364
June 10, 2009 6:41:00 AM UTC	1244644860000	8	6	yes	24.6	78.7	20506	20827	9243	6495	0	44305	2535	2010	446	3803	1682	1372
June 10, 2009 6:42:00 AM UTC	1244644920000	9	4	yes	24.8	78.8	20506	20827	9243	6495	0	44305	2545	1949	471	3805	1735	1076
June 10, 2009 6:43:00 AM UTC	1244644980000	8	4	yes	25.0	79.0	20506	20827	9253	6429	0	44361	2591	2069	474	3807	1564	977
June 10, 2009 6:44:00 AM UTC	1244645040000	8	5	yes	25.2	79.1	20506	20827	9243	6503	0	44297	2571	1887	633	3806	1481	1145
June 10, 2009 6:45:00 AM UTC	1244645100000	7	5	yes	25.4	79.2	20506	20827	9243	6507	0	44293	2579	1728	774	3811	1377	1294
June 10, 2009 6:46:00 AM UTC	1244645160000	7	5	yes	25.6	79.4	20506	20827	9243	6507	0	44293	2595	1742	783	3808	1371	1264
June 10, 2009 6:47:00 AM UTC	1244645220000	7	5	yes	25.8	79.5	20506	20827	9245	6560	0	44238	2595	1696	791	3812	1321	1268
June 10, 2009 6:48:00 AM UTC	1244645280000	6	5	yes	26.0	79.6	20506	20827	9245	6560	0	44238	2609	1633	898	3812	1182	1318
June 10, 2009 6:49:00 AM UTC	1244645340000	6	5	yes	26.2	79.7	20506	20827	9245	6560	0	44238	2618	1657	886	3813	1161	1316
June 10, 2009 6:50:00 AM UTC	1244645400000	6	6	yes	26.4	79.9	20506	20827	9246	6560	0	44237	2629	1644	924	3817	1136	1292
June 10, 2009 6:51:00 AM UTC	1244645460000	6	6	yes	26.6	80.0	20506	20827	9246	6560	0	44237	2636	1584	995	3820	1033	1342
June 10, 2009 6:52:00 AM UTC	1244645520000	6	8	yes	26.8	80.1	20506	20827	9246	6560	0	44237	2646	1585	1009	3826	1085	1533
June 10, 2009 6:53:00 AM UTC	1244645580000	7	7	yes	27.0	80.3	20506	20827	9247	6560	0	44236	2661	1794	848	3818	1154	1622
June 10, 2009 6:54:00 AM UTC	1244645640000	8	6	yes	27.2	80.4	20506	20827	9247	6560	0	44236	2670	2052	613	3832	1299	1274
June 10, 2009 6:55:00 AM UTC	1244645700000	8	5	yes	27.4	80.5	20506	20827	9247	6560	0	44236	2679	2226	442	3835	1296	1206
June 10, 2009 6:56:00 AM UTC	1244645760000	8	6	yes	27.6	80.7	20506	20827	9250	6549	0	44244	2697	2218	471	3833	1280	1256
June 10, 2009 6:57:00 AM UTC	1244645820000	8	6	yes	27.8	80.8	20506	20827	9250	6549	0	44244	2707	2248	444	3848	1168	1443
June 10, 2009 6:58:00 AM UTC	1244645880000	8	6	yes	28.0	80.9	20506	20827	9250	6549	0	44244	2712	2195	472	3843	1168	1476
June 10, 2009 6:59:00 AM UTC	1244645940000	7	7	yes	28.2	81.1	20506	20827	9251	6521	0	44271	2720	2098	516	3847	1130	1569
June 10, 2009 7:00:00 AM UTC	1244646000000	7	7	yes	28.4	81.2	20506	20827	9251	6521	0	44271	2729	1969	671	3864	1033	1714
June 10, 2009 7:01:00 AM UTC	1244646060000	7	8	yes	28.6	81.3	20506	20827	9251	6521	0	44271	2740	1867	775	3859	953	1663
June 10, 2009 7:02:00 AM UTC	1244646120000	6	10	yes	28.8	81.5	20506	20827	9252	6520	0	44271	2752	1726	812	3861	918	1659
June 10, 2009 7:03:00 AM UTC	1244646180000	6	12	yes	29.0	81.6	20506	20827	9252	6520	0	44271	2756	1626	839	3877	928	1722
June 10, 2009 7:04:00 AM UTC	1244646240000	7	13	yes	29.2	81.7	20506	20827	9252	6538	0	44253	2762	1505	853	3881	1009	1552
June 10, 2009 7:05:00 AM UTC	1244646300000	7	13	yes	29.4	81.9	20506	20827	9253	6527	0	44263	2772	1494	788	3889	991	1580
June 10, 2009 7:06:00 AM UTC	1244646360000	7	16	yes	29.6	82.0	20506	20827	9254	6518	0	44271	2789	1440	657	3896	856	1669
June 10, 2009 7:07:00 AM UTC	1244646420000	7	22	yes	29.8	82.1	20506	20827	9254	6518	0	44271	2796	1272	683	3899	784	1853
June 10, 2009 7:08:00 AM UTC	1244646480000	8	25	yes	30.0	82.3	20506	20827	9255	6519	0	44269	2801	1263	598	3910	779	1863
June 10, 2009 7:09:00 AM UTC	1244646540000	11	24	yes	30.2	82.4	20506	20827	9255	6519	0	44269	2810	1203	792	3917	813	1740
June 10, 2009 7:10:00 AM UTC	1244646600000	15	21	yes	30.4	82.5	20506	20827	9255	6519	0	44269	2817	1239	825	3923	859	1695
June 10, 2009 7:11:00 AM UTC	1244646660000	17	22	yes	30.6	82.7	20506	20827	9256	6520	0	44267	2822	1457	836	3932	1054	1747
June 10, 2009 7:12:00 AM UTC	1244646720000	18	22	yes	30.8	82.8	20506	20827	9256	6520	0	44267	2818	1629	887	3945	1379	1694
June 10, 2009 7:13:00 AM UTC	1244646780000	18	24	yes	31.0	82.9	20506	20827	9256	6520	0	44267	2829	1941	603	3954	1814	1505
June 10, 2009 7:14:00 AM UTC	1244646840000	18	24	yes	31.2	83.1	20506	20827	9256	6597	0	44190	2813	2247	372	3959	2138	1279
June 10, 2009 7:15:00 AM UTC	1244646900000	20	23	yes	31.4	83.2	20506	20827	9256	6597	0	44190	2817	2363	263	3971	2498	986
June 10, 2009 7:16:00 AM UTC	1244646960000	19	22	yes	31.6	83.3	20506	20827	9256	6597	0	44190	2821	2316	297	3985	2640	882
June 10, 2009 7:17:00 AM UTC	1244647020000	18	20	yes	31.8	83.5	20506	20827	9257	6577	0	44209	2836	2241	316	3994	2686	965
June 10, 2009 7:18:00 AM UTC	1244647080000	17	24	yes	32.0	83.6	20506	20827	9257	6577	0	44209	2837	2319	275	4008	2743	990
June 10, 2009 7:19:00 AM UTC	1244647140000	18	22	yes	32.2	83.7	20506	20827	9257	6577	0	44209	2838	2308	207	4020	2750	990
June 10, 2009 7:20:00 AM UTC	1244647200000	18	23	yes	32.4	83.9	20506	20827	9257	6583	0	44203	2838	2232	242	4037	2713	965
June 10, 2009 7:21:00 AM UTC	1244647260000	18	23	yes	32.6	84.0	20506	20827	9258	6500	0	44285	2864	2209	276	4046	2565	1074
June 10, 2009 7:22:00 AM UTC	1244647320000	18	22	yes	32.8	84.1	20506	20827	9258	6474	0	44311	2870	2270	318	4063	2467	1320
June 10, 2009 7:23:00 AM UTC	1244647380000	17	22	yes	33.0	84.3	20506	20827	9258	6474	0	44311	2866	2294	388	4081	2356	1405
June 10, 2009 7:24:00 AM UTC	1244647440000	16	21	yes	33.2	84.4	20506	20827	9258	6486	0	44299	2873	2405	451	4092	2476	1261
June 10, 2009 7:25:00 AM UTC	1244647500000	16	19	yes	33.4	84.6	20506	20827	9258	6486	0	44299	2878	2622	256	4099	2553	935
June 10, 2009 7:26:00 AM UTC	1244647560000	16	20	yes	33.6	84.7	20506	20827	9259	6486	0	44298	2868	2824	44	4126	2506	800
June 10, 2009 7:27:00 AM UTC	1244647620000	13	21	yes	33.8	84.8	20506	20827	9259	6486	0	44298	2871	2650	177	4139	2332	878
June 10, 2009 7:28:00 AM UTC	1244647680000	12	21	yes	34.0	85.0	20506	20827	9248	6557	0	44238	2826	2301	355	4156	2192	921
June 10, 2009 7:29:00 AM UTC	1244647740000	12	23	yes	34.2	85.1	20506	20827	9260	6480	0	44303	2880	2151	547	4170	2058	856
June 10, 2009 7:30:00 AM UTC	1244647800000	15	22	yes	34.4	85.2	20506	20827	9260	6480	0	44303	2873	1986	678	4189	2006	885
June 10, 2009 7:31:00 AM UTC	1244647860000	16	20	yes	34.6	85.4	20506	20827	9249	6551	0	44243	2830	1827	686	4206	1977	934
June 10, 2009 7:32:00 AM UTC	1244647920000	16	20	yes	34.8	85.5	20506	20827	9260	6481	0	44302	2874	1901	812	4226	1989	1008
June 10, 2009 7:33:00 AM UTC	1244647980000	18	19	yes	35.0	85.7	20506	20827	9260	6481	0	44302	2865	2314	545	4247	2073	1124
June 10, 2009 7:34:00 AM UTC	1244648040000	17	20	yes	35.2	85.8	20506	20827	9249	6552	0	44242	2823	2419	404	4261	2223	1191
June 10, 2009 7:35:00 AM UTC	1244648100000	17	24	yes	35.4	85.9	20506	20827	9260	6482	0	44301	2866	2405	460	4279	2393	1084
June 10, 2009 7:36:00 AM UTC	1244648160000	19	24	yes	35.6	86.1	20506	20827	9260	6482	0	44301	2873	2115	647	4289	2475	932
June 10, 2009 7:37:00 AM UTC	1244648220000	24	21	yes	35.8	86.2	20506	20827	9250	6553	0	44240	2821	1935	762	4307	2461	940
June 10, 2009 7:38:00 AM UTC	1244648280000	25	22	yes	36.0	86.4	20506	20827	9260	6484	0	44299	2863	2090	558	4330	2308	1013
June 10, 2009 7:39:00 AM UTC	1244648340000	26	21	yes	36.2	86.5	20506	20827	9260	6484	0	44299	2865	2099	470	4342	2166	1028
June 10, 2009 7:40:00 AM UTC	1244648400000	27	20	yes	36.4	86.6	20506	20827	9250	6555	0	44238	2822	2043	322	4354	2101	1127
June 10, 2009 7:41:00 AM UTC	1244648460000	28	19	yes	36.6	86.8	20506	20827	9260	6485	0	44298	2866	2037	159	4378	2220	933
June 10, 2009 7:42:00 AM UTC	1244648520000	26	20	yes	36.8	86.9	20506	20827	9258	6558	0	44227	2831	1853	109	4401	2215	892
June 10, 2009 7:43:00 AM UTC	1244648580000	25	22	yes	37.0	87.1	20506	20827	9249	6627	0	44167	2791	1740	143	4411	2331	819
June 10, 2009 7:44:00 AM UTC	1244648640000	25	25	yes	37.2	87.2	20506	20827	9259	6544	0	44240	2840	1882	658	4431	2448	918
June 10, 2009 7:45:00 AM UTC	1244648700000	25	26	yes	37.4	87.3	20506	20827	9249	6617	0	44177	2787	2167	518	4451	2545	913
June 10, 2009 7:46:00 AM UTC	1244648760000	24	29	yes	37.6	87.5	20506	20827	9249	6614	0	44180	2787	2255	240	4468	2619	835
June 10, 2009 7:47:00 AM UTC	1244648820000	22	33	yes	37.8	87.6	20506	20827	9261	6543	0	44239	2839	2224	182	4482	2880	530
June 10, 2009 7:48:00 AM UTC	1244648880000	21	39	yes	38.0	87.8	20506	20827	9249	6615	0	44179	2785	2064	213	4503	2947	464
June 10, 2009 7:49:00 AM UTC	1244648940000	20	46	yes	38.2	87.9	20506	20827	9261	6544	0	44238	2823	1990	238	4527	2952	402
June 10, 2009 7:50:00 AM UTC	1244649000000	19	51	yes	38.4	88.1	20506	20827	9261	6544	0	44238	2823	1901	308	4536	2919	424
June 10, 2009 7:51:00 AM UTC	1244649060000	21	54	yes	38.6	88.2	20506	20827	9249	6616	0	44178	2788	1867	359	4543	2697	597
June 10, 2009 7:52:00 AM UTC	1244649120000	25	53	yes	38.8	88.3	20506	20827	9261	6545	0	44237	2829	1934	283	4572	2449	839
June 10, 2009 7:53:00 AM UTC	1244649180000	28	52	yes	39.0	88.5	20506	20827	9261	6545	0	44237	2822	1918	424	4594	2510	746
June 10, 2009 7:54:00 AM UTC	1244649240000	27	54	yes	39.2	88.6	20506	20827	9249	6617	0	44177	2781	1675	584	4602	2530	654
June 10, 2009 7:55:00 AM UTC	1244649300000	28	53	yes	39.4	88.8	20506	20827	9261	6545	0	44237	2817	1569	641	4626	2521	560
June 10, 2009 7:56:00 AM UTC	1244649360000	32	50	yes	39.6	88.9	20506	20827	9249	6534	0	44260	2806	1568	879	4632	2325	802
June 10, 2009 7:57:00 AM UTC	1244649420000	30	50	yes	39.8	89.1	20506	20827	9249	6534	0	44260	2801	1483	1059	4652	2283	1093
June 10, 2009 7:58:00 AM UTC	1244649480000	32	45	yes	40.0	89.2	20506	20827	9261	6462	0	44320	2847	1825	902	4679	2176	1508
June 10, 2009 7:59:00 AM UTC	1244649540000	30	41	yes	40.2	89.4	20506	20827	9249	6533	0	44261	2794	2016	696	4686	2257	1560
June 10, 2009 8:00:00 AM UTC	1244649600000	28	38	yes	40.4	89.5	20506	20827	9261	6461	0	44321	2844	2433	363	4713	2384	1638
June 10, 2009 8:01:00 AM UTC	1244649660000	26	37	yes	40.6	89.7	20506	20827	9261	6461	0	44321	2839	2602	214	4731	2680	1509
June 10, 2009 8:02:00 AM UTC	1244649720000	25	34	yes	40.8	89.8	20506	20827	9249	6614	0	44180	2776	2558	207	4738	3038	1285
June 10, 2009 8:03:00 AM UTC	1244649780000	23	36	yes	41.0	90.0	20506	20827	9261	6506	0	44276	2848	2755	91	4765	3222	1130
June 10, 2009 8:04:00 AM UTC	1244649840000	21	38	yes	41.2	90.1	20506	20827	9261	6469	0	44313	2844	2340	504	4781	3248	827
June 10, 2009 8:05:00 AM UTC	1244649900000	19	40	yes	41.4	90.3	20506	20827	9261	6469	0	44313	2845	2035	810	4799	3168	938
June 10, 2009 8:06:00 AM UTC	1244649960000	19	39	yes	41.6	90.4	20506	20827	9261	6469	0	44313	2834	2096	689	4821	2937	1042
June 10, 2009 8:07:00 AM UTC	1244650020000	18	42	yes	41.8	90.6	20506	20827	9249	6541	0	44253	2787	1871	762	4827	2742	1086
June 10, 2009 8:08:00 AM UTC	1244650080000	18	46	yes	42.0	90.7	20506	20827	9261	6470	0	44312	2839	1488	907	4848	2449	1203
June 10, 2009 8:09:00 AM UTC	1244650140000	17	48	yes	42.2	90.9	20506	20827	9261	6470	0	44312	2836	1172	1193	4872	2275	1363
June 10, 2009 8:10:00 AM UTC	1244650200000	17	53	yes	42.4	91.0	20506	20827	9249	6542	0	44252	2786	1002	1557	4875	2113	1746
June 10, 2009 8:11:00 AM UTC	1244650260000	19	57	yes	42.6	91.2	20506	20827	9261	6471	0	44311	2829	1110	1441	4905	2098	1844
June 10, 2009 8:12:00 AM UTC	1244650320000	20	59	yes	42.8	91.3	20506	20827	9249	6617	0	44177	2755	1204	1378	4906	2288	1700
June 10, 2009 8:13:00 AM UTC	1244650380000	22	62	yes	43.0	91.5	20506	20827	9249	6617	0	44177	2756	1197	1431	4928	2733	1508
June 10, 2009 8:14:00 AM UTC	1244650440000	25	60	yes	43.2	91.6	20506	20827	9261	6545	0	44237	2796	1341	1388	4953	2957	1595
June 10, 2009 8:15:00 AM UTC	1244650500000	27	59	yes	43.4	91.8	20506	20827	9249	6616	0	44178	2755	1451	1301	4963	3262	1620
June 10, 2009 8:16:00 AM UTC	1244650560000	30	59	yes	43.6	91.9	20506	20827	9261	6544	0	44238	2805	1455	1350	4983	3485	1463
June 10, 2009 8:17:00 AM UTC	1244650620000	33	56	yes	43.8	92.1	20506	20827	9261	6544	0	44238	2796	1865	931	5008	3761	1247
June 10, 2009 8:18:00 AM UTC	1244650680000	37	51	yes	44.0	92.2	20506	20827	9249	6615	0	44179	2753	1994	759	5014	3886	1128
June 10, 2009 8:19:00 AM UTC	1244650740000	42	47	yes	44.2	92.4	20506	20827	9261	6543	0	44239	2786	2471	310	5041	4278	763
June 10, 2009 8:20:00 AM UTC	1244650800000	45	44	yes	44.4	92.6	20506	20827	9249	6617	0	44177	2749	2683	66	5046	4907	139
June 10, 2009 8:21:00 AM UTC	1244650860000	46	44	yes	44.6	92.7	20506	20827	9259	6544	0	44240	2785	2785	0	5077	4988	89
June 10, 2009 8:22:00 AM UTC	1244650920000	47	42	yes	44.8	92.9	20506	20827	9259	6567	0	44217	2787	2751	32	5089	5014	75
June 10, 2009 8:23:00 AM UTC	1244650980000	49	42	yes	45.0	93.0	20506	20827	9248	6629	0	44166	2736	2681	48	5090	5030	60
June 10, 2009 8:24:00 AM UTC	1244651040000	51	41	yes	45.2	93.2	20506	20827	9260	6477	0	44306	2813	2767	42	5124	4918	206
June 10, 2009 8:25:00 AM UTC	1244651100000	53	40	yes	45.4	93.4	20506	20827	9250	6549	0	44244	2764	2579	175	5129	4934	195
June 10, 2009 8:26:00 AM UTC	1244651160000	56	40	yes	45.6	93.5	20506	20827	9260	6478	0	44305	2812	2289	507	5156	4850	306
June 10, 2009 8:27:00 AM UTC	1244651220000	61	36	yes	45.8	93.7	20506	20827	9260	6478	0	44305	2806	2342	450	5175	4673	502
June 10, 2009 8:28:00 AM UTC	1244651280000	56	38	yes	46.0	93.8	20506	20827	9250	6549	0	44244	2768	2024	744	5177	4529	648
June 10, 2009 8:29:00 AM UTC	1244651340000	64	33	yes	46.2	94.0	20506	20827	9260	6479	0	44304	2802	2341	454	5210	4361	849
June 10, 2009 8:30:00 AM UTC	1244651400000	66	31	yes	46.4	94.2	20506	20827	9249	6550	0	44244	2765	2124	640	5207	4221	984
June 10, 2009 8:31:00 AM UTC	1244651460000	72	26	yes	46.6	94.3	20506	20827	9260	6480	0	44303	2805	2142	658	5238	4082	1156
June 10, 2009 8:32:00 AM UTC	1244651520000	77	22	yes	46.8	94.5	20506	20827	9260	6480	0	44303	2799	1966	831	5255	3826	1426
June 10, 2009 8:33:00 AM UTC	1244651580000	83	16	yes	47.0	94.7	20506	20827	9260	6481	0	44302	2804	2411	393	5270	3765	1502
June 10, 2009 8:34:00 AM UTC	1244651640000	86	13	yes	47.2	94.8	20506	20827	9260	6481	0	44302	2800	2696	104	5290	3823	1405
June 10, 2009 8:35:00 AM UTC	1244651700000	88	11	yes	47.4	95.0	20506	20827	9248	6559	0	44236	2757	2604	149	5287	3712	1452
June 10, 2009 8:36:00 AM UTC	1244651760000	92	8	yes	47.6	95.2	20506	20827	9259	6489	0	44295	2790	2509	281	5316	3853	1366
June 10, 2009 8:37:00 AM UTC	1244651820000	94	6	yes	47.8	95.3	20506	20827	9248	6561	0	44234	2751	2543	208	5316	4197	1041
June 10, 2009 8:38:00 AM UTC	1244651880000	95	5	yes	48.0	95.5	20506	20827	9258	6491	0	44294	2778	2674	104	5352	4257	1080
June 10, 2009 8:39:00 AM UTC	1244651940000	97	3	yes	48.2	95.7	20506	20827	9258	6478	0	44307	2784	2778	6	5363	4591	772
June 10, 2009 8:40:00 AM UTC	1244652000000	98	2	yes	48.4	95.8	20506	20827	9258	6478	0	44307	2788	2784	1	5380	4837	539
June 10, 2009 8:41:00 AM UTC	1244652060000	99	1	yes	48.6	96.0	20506	20827	9258	6504	0	44281	2787	2787	0	5392	4884	508
June 10, 2009 8:42:00 AM UTC	1244652120000	99	1	yes	48.8	96.2	20506	20827	9246	6652	0	44145	2703	2703	0	5389	5164	225
June 10, 2009 8:43:00 AM UTC	1244652180000	100	0	yes	49.0	96.4	20506	20827	9257	6574	0	44212	2749	2749	0	5417	5372	45
June 10, 2009 8:44:00 AM UTC	1244652240000	100	0	yes	49.2	96.5	20506	20827	9246	6645	0	44152	2708	2708	0	5413	5401	12
June 10, 2009 8:45:00 AM UTC	1244652300000	100	0	yes	49.4	96.7	20506	20827	9256	6598	0	44189	2732	2732	0	5444	5444	0
June 10, 2009 8:46:00 AM UTC	1244652360000	100	0	yes	49.6	96.9	20506	20827	9256	6598	0	44189	2729	2728	1	5460	5460	0
June 10, 2009 8:47:00 AM UTC	1244652420000	100	0	yes	49.8	97.1	20506	20827	9256	6513	0	44274	2769	2769	0	5479	5479	0
June 10, 2009 8:48:00 AM UTC	1244652480000	100	0	yes	50.0	97.3	20506	20827	9256	6513	0	44274	2768	2768	0	5491	5491	0
June 10, 2009 8:49:00 AM UTC	1244652540000	100	0	yes	50.2	97.4	20506	20827	9255	6514	0	44274	2770	2770	0	5503	5503	0
June 10, 2009 8:50:00 AM UTC	1244652600000	100	0	no	50.4	97.6	20506	20827	9255	6514	0	44274	2764	2764	0	5524	5524	0
June 10, 2009 8:51:00 AM UTC	1244652660000	100	0	no	50.6	97.8	20506	20827	9244	6584	0	44215	2732	2732	0	5518	5518	0
June 10, 2009 8:52:00 AM UTC	1244652720000	100	0	no	50.8	98.0	20506	20827	9254	6514	0	44275	2766	2766	0	5552	5552	0
June 10, 2009 8:53:00 AM UTC	1244652780000	100	0	no	51.0	98.2	20506	20827	9253	6523	0	44267	2756	2756	0	5561	5561	0
June 10, 2009 8:54:00 AM UTC	1244652840000	100	0	no	51.2	98.3	20506	20827	9252	6517	0	44274	2748	2748	0	5577	5577	0
June 10, 2009 8:55:00 AM UTC	1244652900000	100	0	no	51.4	98.5	20506	20827	9252	6517	0	44274	2752	2752	0	5585	5585	0
June 10, 2009 8:56:00 AM UTC	1244652960000	100	0	no	51.6	98.7	20506	20827	9251	6518	0	44274	2750	2750	0	5604	5604	0
June 10, 2009 8:57:00 AM UTC	1244653020000	100	0	no	51.8	98.9	20506	20827	9251	6518	0	44274	2752	2752	0	5603	5603	0
June 10, 2009 8:58:00 AM UTC	1244653080000	100	0	no	52.0	99.1	20506	20827	9250	6550	0	44243	2741	2741	0	5626	5626	0
June 10, 2009 8:59:00 AM UTC	1244653140000	100	0	no	52.2	99.3	20506	20827	9250	6550	0	44243	2741	2741	0	5626	5626	0
June 10, 2009 9:00:00 AM UTC	1244653200000	100	0	no	52.4	99.5	20506	20827	9247	6562	0	44234	2734	2734	0	5648	5648	0
June 10, 2009 9:01:00 AM UTC	1244653260000	100	0	no	52.6	99.7	20506	20827	9247	6562	0	44234	2725	2725	0	5659	5659	0
June 10, 2009 9:02:00 AM UTC	1244653320000	100	0	no	52.8	99.9	20506	20827	9246	6565	0	44232	2737	2737	0	5671	5671	0
June 10, 2009 9:03:00 AM UTC	1244653380000	100	0	no	53.0	100.1	20506	20827	9246	6565	0	44232	2732	2732	0	5682	5682	0
June 10, 2009 9:04:00 AM UTC	1244653440000	100	0	no	53.1	100.3	20506	20827	9245	6565	0	44233	2731	2731	0	5693	5693	0
June 10, 2009 9:05:00 AM UTC	1244653500000	99	1	no	53.3	100.4	20506	20827	9245	6565	0	44233	2730	2730	0	5708	5708	0
June 10, 2009 9:06:00 AM UTC	1244653560000	99	1	no	53.5	100.6	20506	20827	9243	6506	0	44294	2760	2760	0	5715	5715	0
June 10, 2009 9:07:00 AM UTC	1244653620000	98	2	no	53.7	100.8	20506	20827	9243	6506	0	44294	2762	2759	3	5729	5729	0
June 10, 2009 9:08:00 AM UTC	1244653680000	97	2	no	53.9	101.0	20506	20827	9253	6427	0	44363	2793	2793	0	5759	5759	0
June 10, 2009 9:09:00 AM UTC	1244653740000	96	3	no	54.1	101.3	20506	20827	9243	6493	0	44307	2748	2748	0	5748	5748	0
June 10, 2009 9:10:00 AM UTC	1244653800000	94	5	no	54.3	101.5	20506	20827	9253	6428	0	44362	2779	2779	0	5781	5781	0
June 10, 2009 9:11:00 AM UTC	1244653860000	92	6	no	54.5	101.7	20506	20827	9242	6513	0	44288	2739	2738	0	5765	5765	0
June 10, 2009 9:12:00 AM UTC	1244653920000	91	7	no	54.7	101.9	20506	20827	9254	6430	0	44359	2790	2790	0	5797	5797	0
June 10, 2009 9:13:00 AM UTC	1244653980000	89	9	no	54.9	102.1	20506	20827	9240	6591	0	44212	2705	2705	0	5772	5772	0
June 10, 2009 9:14:00 AM UTC	1244654040000	86	11	no	55.1	102.3	20506	20827	9251	6521	0	44271	2733	2732	1	5808	5808	0
June 10, 2009 9:15:00 AM UTC	1244654100000	84	12	no	55.3	102.5	20506	20827	9240	6626	0	44177	2686	2685	1	5787	5787	0
June 10, 2009 9:16:00 AM UTC	1244654160000	82	13	yes	55.5	102.7	20506	20827	9253	6542	0	44248	2727	2722	2	5823	5823	0
June 10, 2009 9:17:00 AM UTC	1244654220000	80	14	no	55.7	102.9	20506	20827	9240	6626	0	44177	2689	2679	7	5802	5802	0
June 10, 2009 9:18:00 AM UTC	1244654280000	80	14	yes	55.9	103.1	20506	20827	9251	6555	0	44237	2725	2717	4	5836	5836	0
June 10, 2009 9:19:00 AM UTC	1244654340000	80	13	no	56.1	103.4	20506	20827	9251	6558	0	44234	2713	2703	1	5842	5842	0
June 10, 2009 9:20:00 AM UTC	1244654400000	80	13	no	56.3	103.6	20506	20827	9251	6556	0	44236	2712	2711	0	5846	5846	0
June 10, 2009 9:21:00 AM UTC	1244654460000	77	14	yes	56.5	103.8	20506	20827	9250	6555	0	44238	2707	2701	1	5851	5847	4
June 10, 2009 9:22:00 AM UTC	1244654520000	76	14	yes	56.7	104.0	20506	20827	9238	6641	0	44164	2670	2668	1	5828	5752	76
June 10, 2009 9:23:00 AM UTC	1244654580000	75	15	yes	56.9	104.2	20506	20827	9250	6497	0	44296	2739	2739	0	5866	5751	115
June 10, 2009 9:24:00 AM UTC	1244654640000	74	14	yes	57.1	104.5	20506	20827	9241	6569	0	44233	2707	2707	0	5848	5600	248
June 10, 2009 9:25:00 AM UTC	1244654700000	72	16	yes	57.3	104.7	20506	20827	9250	6499	0	44294	2737	2737	0	5875	5532	343
June 10, 2009 9:26:00 AM UTC	1244654760000	69	17	yes	57.5	104.9	20506	20827	9239	6567	0	44237	2711	2711	0	5853	5552	301
June 10, 2009 9:27:00 AM UTC	1244654820000	67	18	yes	57.6	105.2	20506	20827	9248	6516	0	44279	2718	2718	0	5880	5687	190
June 10, 2009 9:28:00 AM UTC	1244654880000	64	20	yes	57.8	105.4	20506	20827	9248	6516	0	44279	2722	2722	0	5883	5761	122
June 10, 2009 9:29:00 AM UTC	1244654940000	61	21	yes	58.0	105.6	20506	20827	9248	6516	0	44279	2721	2719	2	5884	5809	75
June 10, 2009 9:30:00 AM UTC	1244655000000	58	23	yes	58.2	105.9	20506	20827	9248	6516	0	44279	2731	2729	2	5888	5868	20
June 10, 2009 9:31:00 AM UTC	1244655060000	55	23	yes	58.4	106.1	20506	20827	9247	6557	0	44239	2704	2702	2	5885	5881	4
June 10, 2009 9:32:00 AM UTC	1244655120000	54	22	yes	58.6	106.3	20506	20827	9246	6556	0	44241	2702	2698	3	5887	5881	6
June 10, 2009 9:33:00 AM UTC	1244655180000	53	20	yes	58.8	106.6	20506	20827	9247	6557	0	44239	2697	2675	12	5888	5888	0
June 10, 2009 9:34:00 AM UTC	1244655240000	51	20	yes	59.0	106.8	20506	20827	9247	6557	0	44239	2700	2686	12	5887	5873	14
June 10, 2009 9:35:00 AM UTC	1244655300000	49	20	yes	59.2	107.1	20506	20827	9244	6578	0	44221	2682	2677	4	5876	5874	2
June 10, 2009 9:36:00 AM UTC	1244655360000	45	21	yes	59.4	107.3	20506	20827	9256	6444	0	44343	2761	2755	4	5911	5883	28
June 10, 2009 9:37:00 AM UTC	1244655420000	43	21	yes	59.6	107.6	20506	20827	9244	6518	0	44281	2719	2713	5	5885	5855	30
June 10, 2009 9:38:00 AM UTC	1244655480000	41	21	yes	59.8	107.8	20506	20827	9254	6459	0	44330	2754	2751	3	5905	5772	133
June 10, 2009 9:39:00 AM UTC	1244655540000	38	21	yes	60.0	108.1	20506	20827	9245	6527	0	44271	2725	2716	9	5877	5617	260
June 10, 2009 9:40:00 AM UTC	1244655600000	36	22	yes	60.1	108.3	20506	20827	9244	6514	0	44285	2727	2639	82	5884	5721	163
June 10, 2009 9:41:00 AM UTC	1244655660000	34	21	yes	60.3	108.6	20506	20827	9255	6444	0	44344	2740	2481	259	5908	5889	19
June 10, 2009 9:42:00 AM UTC	1244655720000	31	22	yes	60.5	108.9	20506	20827	9241	6531	0	44271	2709	2266	442	5871	5774	96
June 10, 2009 9:43:00 AM UTC	1244655780000	30	21	yes	60.7	109.1	20506	20827	9252	6464	0	44327	2731	2263	464	5899	5737	162
June 10, 2009 9:44:00 AM UTC	1244655840000	28	21	yes	60.9	109.4	20506	20827	9252	6467	0	44324	2730	2223	507	5900	5666	229
June 10, 2009 9:45:00 AM UTC	1244655900000	26	20	yes	61.1	109.7	20506	20827	9237	6556	0	44250	2696	2110	581	5866	5470	391
June 10, 2009 9:46:00 AM UTC	1244655960000	25	18	yes	61.3	109.9	20506	20827	9248	6610	0	44185	2665	2020	610	5880	5427	393
June 10, 2009 9:47:00 AM UTC	1244656020000	23	18	yes	61.5	110.2	20506	20827	9250	6588	0	44205	2668	1817	692	5889	5269	585
June 10, 2009 9:48:00 AM UTC	1244656080000	21	18	yes	61.7	110.5	20506	20827	9248	6542	0	44253	2705	1666	738	5888	5129	668
June 10, 2009 9:49:00 AM UTC	1244656140000	21	18	yes	61.8	110.8	20506	20827	9248	6542	0	44253	2702	1500	703	5886	4931	800
June 10, 2009 9:50:00 AM UTC	1244656200000	19	17	yes	62.0	111.1	20506	20827	9247	6544	0	44252	2687	1491	513	5889	4626	985
June 10, 2009 9:51:00 AM UTC	1244656260000	18	18	yes	62.2	111.3	20506	20827	9243	6577	0	44223	2675	1217	708	5872	4401	1141
June 10, 2009 9:52:00 AM UTC	1244656320000	16	18	yes	62.4	111.6	20506	20827	9243	6577	0	44223	2671	1108	605	5879	4124	1400
June 10, 2009 9:53:00 AM UTC	1244656380000	15	20	yes	62.6	111.9	20506	20827	9245	6576	0	44222	2676	866	769	5877	3841	1608
June 10, 2009 9:54:00 AM UTC	1244656440000	15	21	yes	62.8	112.2	20506	20827	9256	6510	0	44277	2702	633	1105	5899	3635	1663
June 10, 2009 9:55:00 AM UTC	1244656500000	16	20	yes	63.0	112.5	20506	20827	9245	6576	0	44222	2675	898	1073	5877	3459	1749
June 10, 2009 9:56:00 AM UTC	1244656560000	17	18	yes	63.2	112.8	20506	20827	9240	6603	0	44200	2664	540	1110	5867	3678	1393
June 10, 2009 9:57:00 AM UTC	1244656620000	20	16	yes	63.3	113.1	20506	20827	9251	6537	0	44255	2687	774	765	5892	3933	1175
June 10, 2009 9:58:00 AM UTC	1244656680000	22	15	yes	63.5	113.4	20506	20827	9251	6480	0	44312	2708	914	788	5895	4133	882
June 10, 2009 9:59:00 AM UTC	1244656740000	20	18	yes	63.7	113.7	20506	20827	9241	6546	0	44256	2681	924	970	5873	3940	1112
June 10, 2009 10:00:00 AM UTC	1244656800000	19	19	yes	63.9	114.0	20506	20827	9251	6481	0	44311	2709	731	1068	5896	3646	1242
June 10, 2009 10:01:00 AM UTC	1244656860000	18	21	yes	64.1	114.4	20506	20827	9246	6559	0	44238	2673	440	890	5881	3453	1318
June 10, 2009 10:02:00 AM UTC	1244656920000	19	22	yes	64.3	114.7	20506	20827	9249	6529	0	44265	2687	258	727	5894	3391	1306
June 10, 2009 10:03:00 AM UTC	1244656980000	20	23	yes	64.4	115.0	20506	20827	9246	6559	0	44238	2684	349	871	5883	3279	1350
June 10, 2009 10:04:00 AM UTC	1244657040000	19	25	yes	64.6	115.3	20506	20827	9246	6559	0	44238	2672	507	1166	5883	3092	1756
June 10, 2009 10:05:00 AM UTC	1244657100000	21	23	yes	64.8	115.7	20506	20827	9242	6587	0	44214	2671	798	1093	5873	3028	1923
June 10, 2009 10:06:00 AM UTC	1244657160000	22	21	yes	65.0	116.0	20506	20827	9255	6508	0	44280	2667	1125	768	5905	3000	2026
June 10, 2009 10:07:00 AM UTC	1244657220000	26	17	yes	65.2	116.3	20506	20827	9252	6474	0	44317	2709	1529	521	5900	3180	1764
June 10, 2009 10:08:00 AM UTC	1244657280000	26	18	yes	65.3	116.7	20506	20827	9241	6538	0	44264	2685	1544	564	5874	3313	1657
June 10, 2009 10:09:00 AM UTC	1244657340000	28	17	yes	65.5	117.0	20506	20827	9241	6539	0	44263	2694	1627	485	5868	3595	1436
June 10, 2009 10:10:00 AM UTC	1244657400000	26	17	yes	65.7	117.4	20506	20827	9252	6475	0	44316	2709	1693	321	5897	3805	1314
June 10, 2009 10:11:00 AM UTC	1244657460000	24	18	yes	65.9	117.7	20506	20827	9247	6509	0	44287	2703	1522	426	5885	3858	1359
June 10, 2009 10:12:00 AM UTC	1244657520000	26	16	yes	66.1	118.1	20506	20827	9247	6509	0	44287	2692	1502	512	5888	4071	1323
June 10, 2009 10:13:00 AM UTC	1244657580000	25	16	yes	66.2	118.5	20506	20827	9247	6528	0	44268	2675	1189	817	5883	4234	1153
June 10, 2009 10:14:00 AM UTC	1244657640000	25	15	yes	66.4	118.8	20506	20827	9255	6466	0	44322	2699	994	880	5907	4544	873
June 10, 2009 10:15:00 AM UTC	1244657700000	23	13	yes	66.6	119.2	20506	20827	9247	6526	0	44270	2687	899	611	5885	4526	818
June 10, 2009 10:16:00 AM UTC	1244657760000	22	12	yes	66.8	119.6	20506	20827	9242	6556	0	44245	2673	685	626	5874	4690	761
June 10, 2009 10:17:00 AM UTC	1244657820000	20	13	yes	66.9	120.0	20506	20827	9243	6555	0	44245	2679	446	608	5878	4832	695
June 10, 2009 10:18:00 AM UTC	1244657880000	18	12	yes	67.1	120.4	20506	20827	9252	6493	0	44298	2701	302	375	5898	4714	827
June 10, 2009 10:19:00 AM UTC	1244657940000	17	12	yes	67.3	120.7	20506	20827	9247	6555	0	44241	2658	160	220	5880	4417	1111
June 10, 2009 10:20:00 AM UTC	1244658000000	16	11	yes	67.4	121.1	20506	20827	9247	6555	0	44241	2665	113	130	5881	4338	1207
June 10, 2009 10:21:00 AM UTC	1244658060000	16	10	yes	67.6	121.5	20506	20827	9247	6555	0	44241	2658	196	257	5881	4248	1198
June 10, 2009 10:22:00 AM UTC	1244658120000	15	10	yes	67.8	122.0	20506	20827	9242	6535	0	44266	2704	227	517	5875	4077	1316
June 10, 2009 10:23:00 AM UTC	1244658180000	15	9	yes	68.0	122.4	20506	20827	9256	6435	0	44352	2722	145	251	5912	4160	1051
June 10, 2009 10:24:00 AM UTC	1244658240000	15	9	yes	68.1	122.8	20506	20827	9249	6472	0	44322	2720	144	81	5898	4021	966
June 10, 2009 10:25:00 AM UTC	1244658300000	15	9	yes	68.3	123.2	20506	20827	9248	6504	0	44291	2683	144	80	5891	3799	834
June 10, 2009 10:26:00 AM UTC	1244658360000	14	8	yes	68.5	123.6	20506	20827	9248	6504	0	44291	2679	86	79	5897	3610	786
June 10, 2009 10:27:00 AM UTC	1244658420000	14	8	yes	68.6	124.1	20506	20827	9248	6504	0	44291	2686	113	69	5898	3539	871
June 10, 2009 10:28:00 AM UTC	1244658480000	14	8	yes	68.8	124.5	20506	20827	9252	6426	0	44365	2736	138	60	5907	3485	997
June 10, 2009 10:29:00 AM UTC	1244658540000	13	8	yes	69.0	124.9	20506	20827	9251	6488	0	44304	2706	152	67	5892	3477	981
June 10, 2009 10:30:00 AM UTC	1244658600000	13	8	yes	69.1	125.4	20506	20827	9245	6564	0	44234	2662	93	143	5875	3475	1158
June 10, 2009 10:31:00 AM UTC	1244658660000	13	8	yes	69.3	125.9	20506	20827	9251	6523	0	44269	2665	173	224	5897	3506	1139
June 10, 2009 10:32:00 AM UTC	1244658720000	13	8	yes	69.5	126.3	20506	20827	9246	6565	0	44232	2653	178	155	5881	3509	1049
June 10, 2009 10:33:00 AM UTC	1244658780000	13	8	yes	69.6	126.8	20506	20827	9245	6565	0	44233	2655	151	93	5884	3335	1191
June 10, 2009 10:34:00 AM UTC	1244658840000	13	9	yes	69.8	127.3	20506	20827	9255	6454	0	44334	2718	129	97	5910	3248	1474
June 10, 2009 10:35:00 AM UTC	1244658900000	13	9	yes	69.9	127.7	20506	20827	9247	6538	0	44258	2674	216	233	5889	3207	1532
June 10, 2009 10:36:00 AM UTC	1244658960000	12	9	yes	70.1	128.2	20506	20827	9248	6538	0	44257	2672	198	497	5889	3106	1526
June 10, 2009 10:37:00 AM UTC	1244659020000	12	8	yes	70.2	128.7	20506	20827	9247	6539	0	44257	2675	109	115	5889	2961	1419
June 10, 2009 10:38:00 AM UTC	1244659080000	11	8	yes	70.4	129.2	20506	20827	9240	6586	1	44216	2655	122	82	5870	2822	1362
June 10, 2009 10:39:00 AM UTC	1244659140000	11	9	yes	70.6	129.7	20506	20827	9241	6530	1	44271	2698	148	86	5879	2740	1471
June 10, 2009 10:40:00 AM UTC	1244659200000	10	8	yes	70.7	130.3	20506	20827	9240	6574	1	44228	2664	83	78	5874	2592	1319
June 10, 2009 10:41:00 AM UTC	1244659260000	10	9	yes	70.9	130.8	20506	20827	9241	6573	1	44228	2663	108	95	5873	2464	1587
June 10, 2009 10:42:00 AM UTC	1244659320000	10	10	yes	71.0	131.3	20506	20827	9243	6564	0	44236	2668	133	102	5878	2492	1450
June 10, 2009 10:43:00 AM UTC	1244659380000	9	9	yes	71.2	131.8	20506	20827	9251	6510	2	44280	2682	95	89	5898	2443	1481
June 10, 2009 10:44:00 AM UTC	1244659440000	9	8	yes	71.3	132.4	20506	20827	9251	6462	4	44326	2727	144	102	5907	2531	1337
June 10, 2009 10:45:00 AM UTC	1244659500000	9	9	yes	71.5	132.9	20506	20827	9251	6581	2	44209	2650	137	91	5894	2599	1493
June 10, 2009 10:46:00 AM UTC	1244659560000	10	10	yes	71.6	133.5	20506	20827	9251	6580	2	44210	2658	103	91	5893	2595	1690
June 10, 2009 10:47:00 AM UTC	1244659620000	10	11	yes	71.8	134.1	20506	20827	9244	6628	4	44167	2638	114	90	5875	2676	1764
June 10, 2009 10:48:00 AM UTC	1244659680000	10	10	yes	71.9	134.6	20506	20827	9243	6625	3	44172	2634	90	78	5877	2738	1632
June 10, 2009 10:49:00 AM UTC	1244659740000	11	11	yes	72.0	135.2	20506	20827	9244	6620	3	44176	2639	85	81	5878	2945	1537
June 10, 2009 10:50:00 AM UTC	1244659800000	11	11	yes	72.2	135.8	20506	20827	9245	6620	4	44174	2633	101	74	5876	2991	1474
June 10, 2009 10:51:00 AM UTC	1244659860000	10	13	yes	72.3	136.4	20506	20827	9245	6620	5	44173	2640	80	86	5874	2850	1613
June 10, 2009 10:52:00 AM UTC	1244659920000	10	13	yes	72.5	137.0	20506	20827	9245	6621	6	44171	2632	99	94	5873	2590	1811
June 10, 2009 10:53:00 AM UTC	1244659980000	11	12	yes	72.6	137.7	20506	20827	9245	6630	7	44161	2629	62	62	5875	2550	1595
June 10, 2009 10:54:00 AM UTC	1244660040000	12	12	yes	72.7	138.3	20506	20827	9251	6583	8	44201	2649	83	73	5894	2435	1767
June 10, 2009 10:55:00 AM UTC	1244660100000	13	12	yes	72.9	138.9	20506	20827	9253	6522	11	44257	2678	155	106	5897	2513	1624
June 10, 2009 10:56:00 AM UTC	1244660160000	13	12	yes	73.0	139.6	20506	20827	9253	6522	13	44255	2688	124	98	5898	2526	1666
June 10, 2009 10:57:00 AM UTC	1244660220000	13	12	yes	73.1	140.2	20506	20827	9246	6583	11	44203	2666	126	135	5875	2618	1751
June 10, 2009 10:58:00 AM UTC	1244660280000	13	14	yes	73.2	140.9	20506	20827	9254	6541	13	44235	2686	119	163	5893	2703	2038
June 10, 2009 10:59:00 AM UTC	1244660340000	14	15	yes	73.4	141.5	20506	20827	9244	6594	12	44193	2677	142	154	5876	2630	2217
June 10, 2009 11:00:00 AM UTC	1244660400000	16	14	yes	73.5	142.2	20506	20827	9244	6653	10	44136	2631	90	144	5866	2711	2099
June 10, 2009 11:01:00 AM UTC	1244660460000	16	13	yes	73.6	142.9	20506	20827	9250	6571	15	44207	2683	105	129	5888	2624	2050
June 10, 2009 11:02:00 AM UTC	1244660520000	16	15	yes	73.7	143.6	20506	20827	9254	6529	15	44245	2695	85	120	5905	2496	2199
June 10, 2009 11:03:00 AM UTC	1244660580000	16	15	yes	73.9	144.3	20506	20827	9249	6570	16	44208	2693	103	370	5899	2393	2433
June 10, 2009 11:04:00 AM UTC	1244660640000	17	15	yes	74.0	145.0	20506	20827	9247	6610	14	44172	2672	65	295	5866	2751	2386
June 10, 2009 11:05:00 AM UTC	1244660700000	17	13	yes	74.1	145.8	20506	20827	9247	6610	17	44169	2673	95	129	5878	2925	2125
June 10, 2009 11:06:00 AM UTC	1244660760000	17	13	yes	74.2	146.5	20506	20827	9250	6548	20	44225	2723	86	232	5887	2977	2104
June 10, 2009 11:07:00 AM UTC	1244660820000	17	14	yes	74.3	147.2	20506	20827	9249	6581	21	44192	2714	92	125	5878	3070	2092
June 10, 2009 11:08:00 AM UTC	1244660880000	18	15	yes	74.4	148.0	20506	20827	9252	6561	21	44209	2720	79	77	5887	3029	1973
June 10, 2009 11:09:00 AM UTC	1244660940000	19	16	yes	74.5	148.8	20506	20827	9252	6561	19	44211	2716	101	277	5886	3245	1747
June 10, 2009 11:10:00 AM UTC	1244661000000	20	15	yes	74.6	149.5	20506	20827	9252	6560	24	44207	2720	103	465	5888	3566	1646
June 10, 2009 11:11:00 AM UTC	1244661060000	20	16	yes	74.7	150.3	20506	20827	9247	6618	19	44159	2698	92	558	5877	3610	1762
June 10, 2009 11:12:00 AM UTC	1244661120000	20	17	yes	74.8	151.1	20506	20827	9253	6583	23	44184	2711	174	584	5891	3540	1875
June 10, 2009 11:13:00 AM UTC	1244661180000	20	19	yes	74.9	151.9	20506	20827	9251	6583	24	44185	2716	152	863	5892	3415	1931
June 10, 2009 11:14:00 AM UTC	1244661240000	20	20	yes	75.0	152.7	20506	20827	9252	6576	25	44190	2723	122	1168	5889	3392	1989
June 10, 2009 11:15:00 AM UTC	1244661300000	24	17	yes	75.1	153.5	20506	20827	9248	6604	26	44165	2722	228	1343	5877	3909	1537
June 10, 2009 11:16:00 AM UTC	1244661360000	24	16	yes	75.2	154.4	20506	20827	9252	6544	28	44219	2757	164	901	5894	4028	1480
June 10, 2009 11:17:00 AM UTC	1244661420000	25	16	yes	75.3	155.2	20506	20827	9252	6552	33	44206	2753	196	1013	5894	4113	1361
June 10, 2009 11:18:00 AM UTC	1244661480000	25	16	yes	75.4	156.1	20506	20827	9254	6587	28	44174	2718	238	1081	5898	4043	1280
June 10, 2009 11:19:00 AM UTC	1244661540000	26	14	yes	75.4	156.9	20506	20827	9244	6659	26	44114	2701	315	214	5873	3840	1207
June 10, 2009 11:20:00 AM UTC	1244661600000	26	13	yes	75.5	157.8	20506	20827	9244	6592	34	44173	2750	481	430	5875	3555	1168
June 10, 2009 11:21:00 AM UTC	1244661660000	25	14	yes	75.6	158.6	20506	20827	9249	6633	23	44138	2717	218	535	5882	3435	1437
June 10, 2009 11:22:00 AM UTC	1244661720000	25	13	yes	75.7	159.5	20506	20827	9249	6554	34	44206	2776	229	284	5893	3668	1305
June 10, 2009 11:23:00 AM UTC	1244661780000	25	13	yes	75.7	160.4	20506	20827	9243	6579	37	44184	2778	120	376	5881	3633	1188
June 10, 2009 11:24:00 AM UTC	1244661840000	23	13	yes	75.8	161.3	20506	20827	9243	6610	34	44156	2769	69	313	5876	3514	1120
June 10, 2009 11:25:00 AM UTC	1244661900000	22	12	yes	75.9	162.2	20506	20827	9246	6601	36	44160	2761	60	109	5885	3455	955
June 10, 2009 11:26:00 AM UTC	1244661960000	22	11	yes	75.9	163.1	20506	20827	9240	6619	36	44148	2774	47	117	5871	3689	740
June 10, 2009 11:27:00 AM UTC	1244662020000	22	11	yes	76.0	164.0	20506	20827	9249	6628	33	44133	2736	75	185	5884	3792	693
June 10, 2009 11:28:00 AM UTC	1244662080000	23	12	yes	76.0	165.0	20506	20827	9252	6600	33	44158	2749	48	85	5895	3891	743
June 10, 2009 11:29:00 AM UTC	1244662140000	21	14	yes	76.1	165.9	20506	20827	9245	6618	36	44144	2770	46	58	5880	3912	969
June 10, 2009 11:30:00 AM UTC	1244662200000	24	14	yes	76.1	166.8	20506	20827	9246	6617	38	44142	2770	59	41	5882	4252	1132
June 10, 2009 11:31:00 AM UTC	1244662260000	26	13	yes	76.2	167.8	20506	20827	9247	6591	39	44166	2784	65	74	5890	4623	971
June 10, 2009 11:32:00 AM UTC	1244662320000	32	12	yes	76.2	168.7	20506	20827	9246	6591	41	44165	2787	271	312	5888	4831	831
June 10, 2009 11:33:00 AM UTC	1244662380000	36	11	yes	76.3	169.7	20506	20827	9238	6617	39	44149	2795	655	314	5874	4840	608
June 10, 2009 11:34:00 AM UTC	1244662440000	39	9	yes	76.3	170.6	20506	20827	9252	6612	35	44144	2761	764	268	5897	4940	496
June 10, 2009 11:35:00 AM UTC	1244662500000	40	11	yes	76.3	171.6	20506	20827	9243	6664	35	44101	2754	587	373	5875	4943	408
June 10, 2009 11:36:00 AM UTC	1244662560000	39	12	yes	76.3	172.6	20506	20827	9256	6578	36	44173	2785	166	409	5899	4950	610
June 10, 2009 11:37:00 AM UTC	1244662620000	25	22	yes	76.4	173.5	20506	20827	9248	6564	45	44186	2826	40	119	5881	4436	1151
June 10, 2009 11:38:00 AM UTC	1244662680000	33	14	yes	76.4	174.5	20506	20827	9246	6639	37	44121	2769	91	187	5875	5098	622
June 10, 2009 11:39:00 AM UTC	1244662740000	33	14	yes	76.4	175.5	20506	20827	9247	6611	38	44147	2793	190	301	5879	5214	495
June 10, 2009 11:40:00 AM UTC	1244662800000	33	14	yes	76.4	176.5	20506	20827	9247	6615	39	44142	2790	131	251	5880	5349	264
June 10, 2009 11:41:00 AM UTC	1244662860000	34	15	yes	76.4	177.4	20506	20827	9247	6615	39	44142	2783	88	308	5885	5296	224
June 10, 2009 11:42:00 AM UTC	1244662920000	35	16	yes	76.4	178.4	20506	20827	9250	6611	38	44144	2787	119	885	5881	5307	168
June 10, 2009 11:43:00 AM UTC	1244662980000	37	15	yes	76.4	179.4	20506	20827	9249	6592	39	44163	2808	149	1056	5884	5264	176
June 10, 2009 11:44:00 AM UTC	1244663040000	39	15	yes	76.4	180.4	20506	20827	9249	6592	39	44163	2805	528	1007	5883	4951	203
June 10, 2009 11:45:00 AM UTC	1244663100000	39	14	yes	76.4	181.4	20506	20827	9250	6590	39	44164	2809	854	1045	5883	4963	154
June 10, 2009 11:46:00 AM UTC	1244663160000	37	13	yes	76.4	182.3	20506	20827	9248	6612	39	44144	2788	810	1262	5882	4802	90
June 10, 2009 11:47:00 AM UTC	1244663220000	36	12	yes	76.4	183.3	20506	20827	9247	6613	39	44144	2789	930	1565	5883	4457	104
June 10, 2009 11:48:00 AM UTC	1244663280000	33	13	yes	76.4	184.3	20506	20827	9247	6622	38	44136	2780	947	1335	5878	4204	120
June 10, 2009 11:49:00 AM UTC	1244663340000	33	13	yes	76.4	185.3	20506	20827	9248	6627	39	44129	2780	1065	1132	5877	3973	46
June 10, 2009 11:50:00 AM UTC	1244663400000	31	16	yes	76.4	186.2	20506	20827	9248	6563	45	44187	2827	487	1760	5883	3698	18
June 10, 2009 11:51:00 AM UTC	1244663460000	29	17	yes	76.4	187.2	20506	20827	9245	6641	36	44121	2772	469	1510	5869	3472	13
June 10, 2009 11:52:00 AM UTC	1244663520000	28	18	yes	76.3	188.2	20506	20827	9253	6598	37	44155	2770	609	1506	5897	3640	52
June 10, 2009 11:53:00 AM UTC	1244663580000	29	16	yes	76.3	189.1	20506	20827	9241	6677	34	44091	2748	1098	1188	5867	3450	63
June 10, 2009 11:54:00 AM UTC	1244663640000	31	14	yes	76.3	190.1	20506	20827	9249	6546	41	44207	2816	1380	1057	5895	3702	157
June 10, 2009 11:55:00 AM UTC	1244663700000	30	14	yes	76.2	191.1	20506	20827	9249	6546	42	44206	2816	846	1783	5906	3600	230
June 10, 2009 11:56:00 AM UTC	1244663760000	27	14	yes	76.2	192.0	20506	20827	9247	6588	40	44168	2784	527	1483	5887	3002	368
June 10, 2009 11:57:00 AM UTC	1244663820000	24	14	yes	76.1	193.0	20506	20827	9245	6612	37	44149	2776	509	1021	5883	2730	483
June 10, 2009 11:58:00 AM UTC	1244663880000	22	15	yes	76.1	193.9	20506	20827	9256	6543	40	44204	2789	218	1090	5907	2600	517
June 10, 2009 11:59:00 AM UTC	1244663940000	22	13	yes	76.0	194.8	20506	20827	9243	6630	34	44136	2762	48	799	5873	2635	481
June 10, 2009 12:00:00 PM UTC	1244664000000	22	12	yes	76.0	195.8	20506	20827	9239	6689	31	44084	2727	55	833	5864	2752	605
June 10, 2009 12:01:00 PM UTC	1244664060000	21	8	yes	75.9	196.7	20506	20827	9250	6551	38	44204	2793	45	365	5897	2873	588
June 10, 2009 12:02:00 PM UTC	1244664120000	21	9	yes	75.9	197.6	20506	20827	9246	6573	38	44186	2780	51	406	5885	2776	751
June 10, 2009 12:03:00 PM UTC	1244664180000	20	8	yes	75.8	198.5	20506	20827	9254	6541	38	44210	2789	101	741	5899	2762	598
June 10, 2009 12:04:00 PM UTC	1244664240000	18	8	yes	75.7	199.4	20506	20827	9243	6573	36	44191	2783	37	614	5883	2413	385
June 10, 2009 12:05:00 PM UTC	1244664300000	17	6	yes	75.7	200.3	20506	20827	9239	6598	36	44170	2770	42	30	5871	2495	381
June 10, 2009 12:06:00 PM UTC	1244664360000	17	5	yes	75.6	201.2	20506	20827	9238	6692	22	44091	2706	45	5	5860	2679	512
June 10, 2009 12:07:00 PM UTC	1244664420000	15	6	yes	75.5	202.0	20506	20827	9244	6586	34	44179	2757	42	3	5879	2869	664
June 10, 2009 12:08:00 PM UTC	1244664480000	16	6	yes	75.5	202.9	20506	20827	9246	6602	29	44166	2744	52	11	5878	3168	624
June 10, 2009 12:09:00 PM UTC	1244664540000	15	7	yes	75.4	203.8	20506	20827	9240	6675	24	44104	2698	41	10	5864	3199	810
June 10, 2009 12:10:00 PM UTC	1244664600000	14	8	yes	75.3	204.6	20506	20827	9241	6675	25	44102	2698	40	22	5863	3178	949
June 10, 2009 12:11:00 PM UTC	1244664660000	14	8	yes	75.2	205.4	20506	20827	9252	6568	25	44198	2738	82	98	5894	3151	1066
June 10, 2009 12:12:00 PM UTC	1244664720000	15	9	yes	75.1	206.3	20506	20827	9248	6598	26	44171	2727	143	103	5878	3087	1027
June 10, 2009 12:13:00 PM UTC	1244664780000	15	9	yes	75.0	207.1	20506	20827	9244	6629	25	44145	2714	48	173	5868	3099	909
June 10, 2009 12:14:00 PM UTC	1244664840000	14	10	yes	74.9	207.9	20506	20827	9245	6588	24	44186	2743	53	219	5869	3181	951
June 10, 2009 12:15:00 PM UTC	1244664900000	15	9	yes	74.8	208.7	20506	20827	9238	6669	23	44113	2688	117	285	5855	3360	822
June 10, 2009 12:16:00 PM UTC	1244664960000	16	11	yes	74.8	209.5	20506	20827	9247	6611	19	44166	2697	208	615	5884	3575	874
June 10, 2009 12:17:00 PM UTC	1244665020000	17	12	yes	74.7	210.3	20506	20827	9248	6547	25	44223	2738	120	642	5886	3562	1003
June 10, 2009 12:18:00 PM UTC	1244665080000	20	11	yes	74.5	211.1	20506	20827	9252	6552	22	44217	2727	251	533	5889	3970	635
June 10, 2009 12:19:00 PM UTC	1244665140000	23	10	yes	74.4	211.8	20506	20827	9252	6553	20	44218	2724	372	504	5887	4130	525
June 10, 2009 12:20:00 PM UTC	1244665200000	25	10	yes	74.3	212.6	20506	20827	9245	6611	20	44167	2696	137	658	5871	4004	630
June 10, 2009 12:21:00 PM UTC	1244665260000	27	12	yes	74.2	213.3	20506	20827	9255	6503	19	44266	2741	29	243	5898	4002	729
June 10, 2009 12:22:00 PM UTC	1244665320000	29	11	yes	74.1	214.1	20506	20827	9248	6595	18	44182	2683	33	69	5886	3964	647
June 10, 2009 12:23:00 PM UTC	1244665380000	30	11	yes	74.0	214.8	20506	20827	9247	6596	14	44186	2680	31	97	5877	3800	752
June 10, 2009 12:24:00 PM UTC	1244665440000	31	10	yes	73.9	215.5	20506	20827	9256	6519	16	44252	2706	35	88	5908	3740	734
June 10, 2009 12:25:00 PM UTC	1244665500000	32	10	yes	73.8	216.2	20506	20827	9240	6617	13	44173	2673	35	183	5875	3777	593
June 10, 2009 12:26:00 PM UTC	1244665560000	35	9	yes	73.7	216.9	20506	20827	9250	6562	15	44216	2684	30	302	5893	3979	537
June 10, 2009 12:27:00 PM UTC	1244665620000	37	10	yes	73.5	217.6	20506	20827	9253	6540	15	44235	2686	104	455	5896	4232	483
June 10, 2009 12:28:00 PM UTC	1244665680000	38	10	yes	73.4	218.3	20506	20827	9244	6587	12	44200	2680	91	621	5875	4343	503
June 10, 2009 12:29:00 PM UTC	1244665740000	38	10	yes	73.3	219.0	20506	20827	9254	6532	14	44243	2688	21	925	5894	4501	459
June 10, 2009 12:30:00 PM UTC	1244665800000	38	10	yes	73.2	219.6	20506	20827	9253	6532	12	44246	2682	14	609	5890	4545	566
June 10, 2009 12:31:00 PM UTC	1244665860000	39	11	yes	73.0	220.3	20506	20827	9252	6568	9	44214	2651	16	701	5893	4578	609
June 10, 2009 12:32:00 PM UTC	1244665920000	39	12	yes	72.9	221.0	20506	20827	9253	6510	12	44268	2678	40	916	5898	4519	735
June 10, 2009 12:33:00 PM UTC	1244665980000	38	14	yes	72.8	221.6	20506	20827	9253	6510	11	44269	2685	79	1015	5899	4055	1268
June 10, 2009 12:34:00 PM UTC	1244666040000	36	16	yes	72.6	222.2	20506	20827	9251	6568	6	44218	2648	264	947	5897	4052	1143
June 10, 2009 12:35:00 PM UTC	1244666100000	35	17	yes	72.5	222.8	20506	20827	9253	6559	8	44223	2647	168	1046	5894	3837	1145
June 10, 2009 12:36:00 PM UTC	1244666160000	32	15	yes	72.4	223.4	20506	20827	9237	6658	5	44143	2640	36	531	5847	3471	1239
June 10, 2009 12:37:00 PM UTC	1244666220000	31	13	yes	72.2	224.1	20506	20827	9245	6609	4	44185	2636	24	339	5876	3404	933
June 10, 2009 12:38:00 PM UTC	1244666280000	30	12	yes	72.1	224.6	20506	20827	9253	6560	4	44226	2654	6	339	5899	3329	782
June 10, 2009 12:39:00 PM UTC	1244666340000	29	10	yes	71.9	225.2	20506	20827	9252	6509	6	44276	2692	65	230	5901	2977	854
June 10, 2009 12:40:00 PM UTC	1244666400000	29	9	yes	71.8	225.8	20506	20827	9251	6549	4	44239	2649	137	330	5897	3012	670
June 10, 2009 12:41:00 PM UTC	1244666460000	29	8	yes	71.6	226.4	20506	20827	9251	6553	3	44236	2655	383	263	5893	2747	598
June 10, 2009 12:42:00 PM UTC	1244666520000	27	8	yes	71.5	226.9	20506	20827	9251	6553	2	44237	2648	414	320	5892	2640	585
June 10, 2009 12:43:00 PM UTC	1244666580000	26	7	yes	71.4	227.5	20506	20827	9251	6499	4	44289	2688	375	210	5901	2580	511
June 10, 2009 12:44:00 PM UTC	1244666640000	23	7	yes	71.2	228.0	20506	20827	9243	6552	2	44246	2662	294	264	5877	2539	621
June 10, 2009 12:45:00 PM UTC	1244666700000	20	7	yes	71.1	228.6	20506	20827	9243	6552	1	44247	2664	146	440	5878	2714	721
June 10, 2009 12:46:00 PM UTC	1244666760000	20	7	yes	70.9	229.1	20506	20827	9249	6508	1	44285	2680	25	413	5894	2682	946
June 10, 2009 12:47:00 PM UTC	1244666820000	19	6	yes	70.8	229.6	20506	20827	9249	6508	1	44285	2677	6	285	5893	2755	1014
June 10, 2009 12:48:00 PM UTC	1244666880000	17	6	yes	70.6	230.2	20506	20827	9241	6521	1	44280	2698	3	304	5879	2593	1150
June 10, 2009 12:49:00 PM UTC	1244666940000	16	7	yes	70.4	230.7	20506	20827	9241	6564	1	44237	2655	6	445	5874	2662	1244
June 10, 2009 12:50:00 PM UTC	1244667000000	16	8	yes	70.3	231.2	20506	20827	9247	6525	0	44271	2679	21	524	5891	2485	1444
June 10, 2009 12:51:00 PM UTC	1244667060000	16	7	yes	70.1	231.7	20506	20827	9248	6524	0	44271	2670	39	388	5889	2454	1396
June 10, 2009 12:52:00 PM UTC	1244667120000	16	9	yes	70.0	232.2	20506	20827	9240	6583	0	44220	2652	69	514	5870	2313	1342
June 10, 2009 12:53:00 PM UTC	1244667180000	16	11	yes	69.8	232.6	20506	20827	9247	6500	0	44296	2701	65	772	5893	2009	1611
June 10, 2009 12:54:00 PM UTC	1244667240000	16	13	yes	69.7	233.1	20506	20827	9245	6556	0	44242	2652	138	1008	5885	1591	1972
June 10, 2009 12:55:00 PM UTC	1244667300000	16	15	yes	69.5	233.6	20506	20827	9252	6514	0	44277	2672	187	1237	5898	1282	2110
June 10, 2009 12:56:00 PM UTC	1244667360000	16	15	yes	69.3	234.1	20506	20827	9251	6517	0	44275	2669	204	1552	5893	1247	2011
June 10, 2009 12:57:00 PM UTC	1244667420000	18	14	yes	69.2	234.5	20506	20827	9245	6555	0	44243	2660	381	1595	5882	1622	1575
June 10, 2009 12:58:00 PM UTC	1244667480000	18	14	yes	69.0	235.0	20506	20827	9251	6482	0	44310	2702	530	1661	5920	1491	1123
June 10, 2009 12:59:00 PM UTC	1244667540000	8	17	yes	68.8	235.4	20506	20827	9246	6480	0	44317	2708	557	1879	5895	240	977
June 10, 2009 1:00:00 PM UTC	1244667600000	8	18	yes	68.7	235.9	20506	20827	9248	6496	0	44299	2681	603	1828	5899	178	954
June 10, 2009 1:01:00 PM UTC	1244667660000	8	16	yes	68.5	236.3	20506	20827	9243	6533	0	44267	2671	717	1708	5879	314	947
June 10, 2009 1:02:00 PM UTC	1244667720000	7	16	yes	68.3	236.7	20506	20827	9248	6496	0	44299	2685	667	1800	5895	402	933
June 10, 2009 1:03:00 PM UTC	1244667780000	8	15	yes	68.2	237.1	20506	20827	9249	6468	0	44326	2720	749	1544	5897	590	937
June 10, 2009 1:04:00 PM UTC	1244667840000	8	16	yes	68.0	237.6	20506	20827	9256	6431	0	44356	2721	778	1516	5909	855	1011
June 10, 2009 1:05:00 PM UTC	1244667900000	8	18	yes	67.8	238.0	20506	20827	9242	6525	0	44276	2704	661	1694	5876	887	1390
June 10, 2009 1:06:00 PM UTC	1244667960000	9	17	yes	67.7	238.4	20506	20827	9247	6548	0	44248	2655	644	1618	5880	1056	1160
June 10, 2009 1:07:00 PM UTC	1244668020000	9	18	yes	67.5	238.8	20506	20827	9252	6513	0	44278	2671	552	1441	5895	1037	1328
June 10, 2009 1:08:00 PM UTC	1244668080000	9	17	yes	67.3	239.2	20506	20827	9247	6548	0	44248	2661	395	1229	5882	1142	1146
June 10, 2009 1:09:00 PM UTC	1244668140000	9	17	yes	67.1	239.6	20506	20827	9242	6554	0	44247	2676	326	996	5878	1145	1283
June 10, 2009 1:10:00 PM UTC	1244668200000	10	17	yes	67.0	240.0	20506	20827	9243	6555	0	44245	2676	307	485	5875	1258	1612
June 10, 2009 1:11:00 PM UTC	1244668260000	10	17	yes	66.8	240.3	20506	20827	9252	6492	0	44299	2697	212	516	5899	1136	2002
June 10, 2009 1:12:00 PM UTC	1244668320000	11	17	yes	66.6	240.7	20506	20827	9257	6454	0	44332	2711	189	482	5912	1278	2389
June 10, 2009 1:13:00 PM UTC	1244668380000	11	17	yes	66.5	241.1	20506	20827	9250	6552	0	44241	2659	103	473	5892	1579	2398
June 10, 2009 1:14:00 PM UTC	1244668440000	11	16	yes	66.3	241.5	20506	20827	9247	6527	0	44269	2676	73	392	5883	1913	2499
June 10, 2009 1:15:00 PM UTC	1244668500000	12	16	yes	66.1	241.8	20506	20827	9253	6494	0	44296	2683	97	453	5895	2001	2588
June 10, 2009 1:16:00 PM UTC	1244668560000	13	16	yes	65.9	242.2	20506	20827	9247	6510	0	44286	2704	286	460	5878	2339	2156
June 10, 2009 1:17:00 PM UTC	1244668620000	15	17	yes	65.7	242.5	20506	20827	9252	6476	0	44315	2708	481	591	5902	2598	1972
June 10, 2009 1:18:00 PM UTC	1244668680000	16	18	yes	65.6	242.9	20506	20827	9241	6540	0	44262	2694	664	719	5864	2714	1766
June 10, 2009 1:19:00 PM UTC	1244668740000	19	18	yes	65.4	243.2	20506	20827	9252	6476	0	44315	2706	906	772	5898	3010	1730
June 10, 2009 1:20:00 PM UTC	1244668800000	21	17	yes	65.2	243.6	20506	20827	9252	6475	0	44316	2711	1029	839	5900	3470	1350
June 10, 2009 1:21:00 PM UTC	1244668860000	22	17	yes	65.0	243.9	20506	20827	9245	6573	0	44225	2648	1119	707	5880	3655	1459
June 10, 2009 1:22:00 PM UTC	1244668920000	24	17	yes	64.8	244.3	20506	20827	9241	6604	0	44198	2647	941	837	5868	4097	1337
June 10, 2009 1:23:00 PM UTC	1244668980000	26	17	yes	64.7	244.6	20506	20827	9246	6561	0	44236	2677	1218	579	5882	4331	1288
June 10, 2009 1:24:00 PM UTC	1244669040000	29	18	yes	64.5	244.9	20506	20827	9257	6495	0	44291	2708	1432	497	5906	4657	1098
June 10, 2009 1:25:00 PM UTC	1244669100000	31	19	yes	64.3	245.3	20506	20827	9249	6532	0	44262	2686	1383	428	5894	4700	1077
June 10, 2009 1:26:00 PM UTC	1244669160000	33	20	yes	64.1	245.6	20506	20827	9246	6561	0	44236	2673	1369	342	5881	4996	851
June 10, 2009 1:27:00 PM UTC	1244669220000	36	20	yes	63.9	245.9	20506	20827	9250	6531	0	44262	2692	1485	335	5887	5199	662
June 10, 2009 1:28:00 PM UTC	1244669280000	37	20	yes	63.8	246.2	20506	20827	9241	6548	0	44254	2682	1389	585	5874	5372	481
June 10, 2009 1:29:00 PM UTC	1244669340000	39	20	yes	63.6	246.5	20506	20827	9251	6482	0	44310	2710	1573	488	5895	5540	344
June 10, 2009 1:30:00 PM UTC	1244669400000	42	20	yes	63.4	246.8	20506	20827	9251	6536	0	44256	2684	1924	326	5890	5627	253
June 10, 2009 1:31:00 PM UTC	1244669460000	45	18	yes	63.2	247.1	20506	20827	9240	6602	0	44201	2665	2172	287	5866	5650	211
June 10, 2009 1:32:00 PM UTC	1244669520000	48	17	yes	63.0	247.4	20506	20827	9245	6575	0	44223	2671	2442	221	5876	5630	245
June 10, 2009 1:33:00 PM UTC	1244669580000	50	16	yes	62.8	247.7	20506	20827	9256	6509	0	44278	2702	2672	30	5900	5704	181
June 10, 2009 1:34:00 PM UTC	1244669640000	53	15	yes	62.6	248.0	20506	20827	9245	6575	0	44223	2673	2671	2	5877	5710	157
June 10, 2009 1:35:00 PM UTC	1244669700000	56	17	no	62.5	248.3	20506	20827	9243	6576	0	44224	2672	2672	0	5877	5728	120
June 10, 2009 1:36:00 PM UTC	1244669760000	59	19	yes	62.3	248.6	20506	20827	9254	6501	0	44288	2703	2703	0	5905	5782	98
June 10, 2009 1:37:00 PM UTC	1244669820000	64	17	no	62.1	248.9	20506	20827	9246	6557	0	44240	2679	2679	0	5884	5823	41
June 10, 2009 1:38:00 PM UTC	1244669880000	67	18	no	61.9	249.2	20506	20827	9248	6542	0	44253	2696	2696	0	5887	5805	49
June 10, 2009 1:39:00 PM UTC	1244669940000	70	16	no	61.7	249.5	20506	20827	9238	6609	0	44196	2676	2676	0	5864	5804	24
June 10, 2009 1:40:00 PM UTC	1244670000000	73	16	no	61.5	249.7	20506	20827	9250	6588	0	44205	2670	2670	0	5891	5817	31
June 10, 2009 1:41:00 PM UTC	1244670060000	76	16	no	61.3	250.0	20506	20827	9248	6612	0	44183	2659	2659	0	5879	5830	21
June 10, 2009 1:42:00 PM UTC	1244670120000	80	15	no	61.1	250.3	20506	20827	9237	6559	0	44247	2689	2689	0	5865	5813	19
June 10, 2009 1:43:00 PM UTC	1244670180000	84	12	no	61.0	250.6	20506	20827	9252	6469	0	44322	2732	2732	0	5900	5839	15
June 10, 2009 1:44:00 PM UTC	1244670240000	89	9	no	60.8	250.8	20506	20827	9252	6466	0	44325	2730	2730	0	5900	5860	7
June 10, 2009 1:45:00 PM UTC	1244670300000	92	6	no	60.6	251.1	20506	20827	9241	6534	0	44268	2708	2708	0	5870	5829	6
June 10, 2009 1:46:00 PM UTC	1244670360000	95	3	no	60.4	251.4	20506	20827	9255	6443	0	44345	2744	2744	0	5908	5845	37
June 10, 2009 1:47:00 PM UTC	1244670420000	95	3	no	60.2	251.6	20506	20827	9244	6501	0	44298	2732	2732	0	5886	5834	40
June 10, 2009 1:48:00 PM UTC	1244670480000	95	3	no	60.0	251.9	20506	20827	9244	6529	0	44270	2714	2714	0	5876	5759	97
June 10, 2009 1:49:00 PM UTC	1244670540000	95	3	yes	59.8	252.1	20506	20827	9253	6461	0	44329	2747	2747	0	5903	5877	19
June 10, 2009 1:50:00 PM UTC	1244670600000	94	5	yes	59.6	252.4	20506	20827	9245	6498	0	44300	2728	2719	9	5889	5885	4
June 10, 2009 1:51:00 PM UTC	1244670660000	93	5	yes	59.4	252.6	20506	20827	9256	6435	0	44352	2759	2759	0	5908	5891	17
June 10, 2009 1:52:00 PM UTC	1244670720000	91	8	yes	59.2	252.9	20506	20827	9244	6580	0	44219	2684	2684	0	5880	5634	246
June 10, 2009 1:53:00 PM UTC	1244670780000	89	10	no	59.1	253.1	20506	20827	9247	6561	0	44235	2697	2697	0	5883	5556	327
June 10, 2009 1:54:00 PM UTC	1244670840000	86	12	no	58.9	253.4	20506	20827	9247	6561	0	44235	2697	2697	0	5886	5272	612
June 10, 2009 1:55:00 PM UTC	1244670900000	86	13	no	58.7	253.6	20506	20827	9246	6561	0	44236	2702	2702	0	5886	5221	661
June 10, 2009 1:56:00 PM UTC	1244670960000	85	14	yes	58.5	253.9	20506	20827	9257	6492	0	44294	2735	2735	0	5911	4790	1121
June 10, 2009 1:57:00 PM UTC	1244671020000	84	14	no	58.3	254.1	20506	20827	9248	6517	0	44278	2731	2731	0	5889	4422	1459
June 10, 2009 1:58:00 PM UTC	1244671080000	84	15	no	58.1	254.3	20506	20827	9248	6518	0	44277	2729	2729	0	5886	3970	1870
June 10, 2009 1:59:00 PM UTC	1244671140000	85	14	yes	57.9	254.6	20506	20827	9248	6518	0	44277	2720	2720	0	5883	3408	2421
June 10, 2009 2:00:00 PM UTC	1244671200000	84	15	yes	57.7	254.8	20506	20827	9248	6517	0	44278	2718	2718	0	5881	2964	2891
June 10, 2009 2:01:00 PM UTC	1244671260000	81	17	yes	57.5	255.0	20506	20827	9251	6499	0	44293	2742	2724	18	5879	2433	3298
June 10, 2009 2:02:00 PM UTC	1244671320000	79	19	yes	57.3	255.3	20506	20827	9250	6500	0	44293	2741	2551	190	5875	2078	3548
June 10, 2009 2:03:00 PM UTC	1244671380000	78	20	yes	57.1	255.5	20506	20827	9241	6569	0	44233	2709	2266	443	5847	1822	3508
June 10, 2009 2:04:00 PM UTC	1244671440000	73	25	yes	56.9	255.7	20506	20827	9250	6498	0	44295	2740	1926	814	5869	1845	3463
June 10, 2009 2:05:00 PM UTC	1244671500000	69	29	yes	56.7	256.0	20506	20827	9238	6641	0	44164	2668	1563	1105	5827	1943	3217
June 10, 2009 2:06:00 PM UTC	1244671560000	61	34	yes	56.5	256.2	20506	20827	9250	6556	0	44237	2711	828	1882	5852	1968	2844
June 10, 2009 2:07:00 PM UTC	1244671620000	53	38	yes	56.3	256.4	20506	20827	9240	6625	0	44178	2680	332	2274	5822	1502	3168
June 10, 2009 2:08:00 PM UTC	1244671680000	47	39	yes	56.1	256.6	20506	20827	9251	6557	0	44235	2723	470	2078	5844	1196	3199
June 10, 2009 2:09:00 PM UTC	1244671740000	41	37	yes	56.0	256.8	20506	20827	9240	6627	0	44176	2689	388	2224	5813	1071	2996
June 10, 2009 2:10:00 PM UTC	1244671800000	37	35	yes	55.8	257.1	20506	20827	9251	6557	0	44235	2714	585	2093	5829	990	2946
June 10, 2009 2:11:00 PM UTC	1244671860000	32	35	yes	55.6	257.3	20506	20827	9253	6541	0	44249	2730	711	2004	5825	995	2880
June 10, 2009 2:12:00 PM UTC	1244671920000	29	30	yes	55.4	257.5	20506	20827	9240	6626	0	44177	2688	716	1856	5788	1142	2832
June 10, 2009 2:13:00 PM UTC	1244671980000	28	28	yes	55.2	257.7	20506	20827	9251	6519	0	44273	2735	774	1844	5808	1124	2847
June 10, 2009 2:14:00 PM UTC	1244672040000	27	25	yes	55.0	257.9	20506	20827	9240	6588	0	44215	2709	898	1660	5776	1338	2661
June 10, 2009 2:15:00 PM UTC	1244672100000	26	25	yes	54.8	258.1	20506	20827	9252	6458	0	44333	2775	877	1786	5793	1689	2324
June 10, 2009 2:16:00 PM UTC	1244672160000	25	24	yes	54.6	258.3	20506	20827	9244	6485	0	44314	2757	599	1933	5772	1861	2141
June 10, 2009 2:17:00 PM UTC	1244672220000	23	25	yes	54.4	258.5	20506	20827	9244	6485	0	44314	2754	517	1953	5763	1851	2144
June 10, 2009 2:18:00 PM UTC	1244672280000	21	26	yes	54.2	258.7	20506	20827	9242	6503	0	44298	2747	461	1832	5751	1756	2373
June 10, 2009 2:19:00 PM UTC	1244672340000	19	25	yes	54.0	258.9	20506	20827	9242	6503	0	44298	2757	489	1739	5738	1856	2309
June 10, 2009 2:20:00 PM UTC	1244672400000	18	20	yes	53.8	259.1	20506	20827	9244	6497	0	44302	2764	447	1501	5735	2007	2028
June 10, 2009 2:21:00 PM UTC	1244672460000	19	17	yes	53.6	259.3	20506	20827	9244	6497	0	44302	2763	482	1047	5721	2188	1936
June 10, 2009 2:22:00 PM UTC	1244672520000	19	16	yes	53.4	259.5	20506	20827	9245	6565	0	44233	2726	573	1006	5710	2374	1720
June 10, 2009 2:23:00 PM UTC	1244672580000	21	15	yes	53.2	259.7	20506	20827	9245	6565	0	44233	2727	880	978	5698	2768	1442
June 10, 2009 2:24:00 PM UTC	1244672640000	22	15	yes	53.0	259.9	20506	20827	9246	6565	0	44232	2735	1177	1224	5683	2991	1339
June 10, 2009 2:25:00 PM UTC	1244672700000	22	15	yes	52.8	260.1	20506	20827	9246	6565	0	44232	2731	1239	1340	5677	3237	1173
June 10, 2009 2:26:00 PM UTC	1244672760000	23	16	yes	52.6	260.3	20506	20827	9247	6563	0	44233	2727	1480	1103	5659	3445	1226
June 10, 2009 2:27:00 PM UTC	1244672820000	25	14	yes	52.4	260.5	20506	20827	9247	6563	0	44233	2732	1767	922	5653	3847	996
June 10, 2009 2:28:00 PM UTC	1244672880000	26	13	yes	52.2	260.7	20506	20827	9250	6551	0	44242	2738	2185	550	5628	4140	735
June 10, 2009 2:29:00 PM UTC	1244672940000	27	13	yes	52.0	260.9	20506	20827	9250	6551	0	44242	2740	2171	569	5636	4309	603
June 10, 2009 2:30:00 PM UTC	1244673000000	27	13	yes	51.8	261.1	20506	20827	9251	6518	0	44274	2751	2071	658	5609	4493	519
June 10, 2009 2:31:00 PM UTC	1244673060000	28	14	yes	51.6	261.3	20506	20827	9251	6518	0	44274	2754	1985	765	5607	4629	507
June 10, 2009 2:32:00 PM UTC	1244673120000	29	13	yes	51.4	261.5	20506	20827	9252	6515	0	44276	2753	2111	642	5581	4685	463
June 10, 2009 2:33:00 PM UTC	1244673180000	31	13	yes	51.2	261.6	20506	20827	9252	6515	0	44276	2752	2504	248	5580	4622	592
June 10, 2009 2:34:00 PM UTC	1244673240000	33	14	no	51.0	261.8	20506	20827	9243	6586	0	44214	2726	2659	67	5543	4456	740
June 10, 2009 2:35:00 PM UTC	1244673300000	34	17	yes	50.8	262.0	20506	20827	9254	6515	0	44274	2763	2701	62	5557	4409	782
June 10, 2009 2:36:00 PM UTC	1244673360000	36	17	yes	50.6	262.2	20506	20827	9254	6515	0	44274	2767	2694	72	5540	4205	1071
June 10, 2009 2:37:00 PM UTC	1244673420000	38	17	yes	50.4	262.4	20506	20827	9255	6514	0	44274	2764	2685	79	5527	4148	1147
June 10, 2009 2:38:00 PM UTC	1244673480000	36	22	yes	50.2	262.6	20506	20827	9255	6514	0	44274	2772	2617	155	5507	3431	1833
June 10, 2009 2:39:00 PM UTC	1244673540000	31	30	yes	50.0	262.7	20506	20827	9256	6513	0	44274	2771	2269	502	5492	2922	2340
June 10, 2009 2:40:00 PM UTC	1244673600000	30	31	yes	49.8	262.9	20506	20827	9256	6513	0	44274	2771	2002	769	5481	2797	2277
June 10, 2009 2:41:00 PM UTC	1244673660000	29	28	yes	49.6	263.1	20506	20827	9257	6583	0	44203	2739	1943	793	5463	2739	1799
June 10, 2009 2:42:00 PM UTC	1244673720000	26	28	yes	49.4	263.3	20506	20827	9257	6583	0	44203	2738	1995	737	5449	2580	1757
June 10, 2009 2:43:00 PM UTC	1244673780000	27	26	yes	49.2	263.4	20506	20827	9245	6660	0	44138	2701	2287	414	5418	2561	1742
June 10, 2009 2:44:00 PM UTC	1244673840000	27	24	yes	49.0	263.6	20506	20827	9256	6588	0	44199	2743	2391	352	5418	2539	1903
June 10, 2009 2:45:00 PM UTC	1244673900000	27	25	yes	48.8	263.8	20506	20827	9246	6652	0	44145	2704	2162	542	5390	2105	2410
June 10, 2009 2:46:00 PM UTC	1244673960000	29	25	yes	48.6	264.0	20506	20827	9258	6505	0	44280	2786	2328	458	5395	1902	2530
June 10, 2009 2:47:00 PM UTC	1244674020000	30	26	yes	48.4	264.1	20506	20827	9258	6477	0	44308	2785	2346	439	5384	1628	2817
June 10, 2009 2:48:00 PM UTC	1244674080000	32	25	yes	48.2	264.3	20506	20827	9258	6477	0	44308	2783	2362	421	5368	1382	2715
June 10, 2009 2:49:00 PM UTC	1244674140000	30	29	yes	48.0	264.5	20506	20827	9258	6489	0	44296	2785	2018	706	5354	1222	2808
June 10, 2009 2:50:00 PM UTC	1244674200000	29	28	yes	47.8	264.7	20506	20827	9248	6559	0	44236	2750	1580	887	5320	1157	2699
June 10, 2009 2:51:00 PM UTC	1244674260000	27	31	yes	47.6	264.8	20506	20827	9259	6488	0	44296	2792	1441	879	5320	1174	2812
June 10, 2009 2:52:00 PM UTC	1244674320000	23	33	yes	47.4	265.0	20506	20827	9248	6558	0	44237	2762	1031	838	5289	1181	2505
June 10, 2009 2:53:00 PM UTC	1244674380000	21	32	yes	47.2	265.2	20506	20827	9260	6481	0	44302	2799	794	892	5295	1300	2367
June 10, 2009 2:54:00 PM UTC	1244674440000	19	29	yes	47.0	265.3	20506	20827	9260	6481	0	44302	2801	701	996	5276	1388	2061
June 10, 2009 2:55:00 PM UTC	1244674500000	18	25	yes	46.8	265.5	20506	20827	9260	6480	0	44303	2799	721	1005	5261	1477	1863
June 10, 2009 2:56:00 PM UTC	1244674560000	17	22	yes	46.6	265.7	20506	20827	9260	6480	0	44303	2804	959	849	5242	1565	1844
June 10, 2009 2:57:00 PM UTC	1244674620000	17	19	yes	46.4	265.8	20506	20827	9249	6550	0	44244	2766	1329	637	5212	1700	1634
June 10, 2009 2:58:00 PM UTC	1244674680000	16	19	yes	46.2	266.0	20506	20827	9260	6479	0	44304	2802	1729	595	5214	1721	1688
June 10, 2009 2:59:00 PM UTC	1244674740000	16	17	yes	46.0	266.1	20506	20827	9250	6548	0	44245	2763	1952	587	5184	1881	1544
June 10, 2009 3:00:00 PM UTC	1244674800000	16	17	yes	45.8	266.3	20506	20827	9260	6477	0	44306	2805	2166	556	5182	2017	1570
June 10, 2009 3:01:00 PM UTC	1244674860000	17	16	yes	45.6	266.5	20506	20827	9260	6477	0	44306	2811	2232	564	5159	2116	1364
June 10, 2009 3:02:00 PM UTC	1244674920000	16	16	yes	45.4	266.6	20506	20827	9250	6548	0	44245	2766	1953	719	5133	2154	1230
June 10, 2009 3:03:00 PM UTC	1244674980000	16	15	yes	45.2	266.8	20506	20827	9260	6476	0	44307	2813	1884	681	5126	2304	1110
June 10, 2009 3:04:00 PM UTC	1244675040000	16	12	yes	45.0	267.0	20506	20827	9248	6626	0	44169	2736	1860	576	5097	2393	1068
June 10, 2009 3:05:00 PM UTC	1244675100000	15	10	yes	44.8	267.1	20506	20827	9259	6551	0	44233	2785	2018	454	5094	2458	1043
June 10, 2009 3:06:00 PM UTC	1244675160000	15	10	yes	44.6	267.3	20506	20827	9259	6546	0	44238	2779	2015	494	5083	2400	938
June 10, 2009 3:07:00 PM UTC	1244675220000	16	10	yes	44.4	267.4	20506	20827	9249	6616	0	44178	2752	2164	360	5050	2528	1024
June 10, 2009 3:08:00 PM UTC	1244675280000	17	11	yes	44.2	267.6	20506	20827	9261	6542	0	44240	2784	2244	360	5045	2664	974
June 10, 2009 3:09:00 PM UTC	1244675340000	18	13	yes	44.0	267.7	20506	20827	9249	6614	0	44180	2749	2345	319	5019	2875	819
June 10, 2009 3:10:00 PM UTC	1244675400000	20	17	yes	43.8	267.9	20506	20827	9261	6543	0	44239	2800	2479	279	5010	2917	783
June 10, 2009 3:11:00 PM UTC	1244675460000	23	16	yes	43.6	268.1	20506	20827	9261	6543	0	44239	2805	2639	166	4988	3014	800
June 10, 2009 3:12:00 PM UTC	1244675520000	25	17	yes	43.4	268.2	20506	20827	9249	6615	0	44179	2755	2732	23	4967	2961	746
June 10, 2009 3:13:00 PM UTC	1244675580000	27	17	yes	43.2	268.4	20506	20827	9261	6544	0	44238	2792	2788	4	4961	2819	866
June 10, 2009 3:14:00 PM UTC	1244675640000	27	19	yes	43.0	268.5	20506	20827	9249	6616	0	44178	2756	2704	52	4933	2582	1081
June 10, 2009 3:15:00 PM UTC	1244675700000	27	21	yes	42.8	268.7	20506	20827	9249	6616	0	44178	2756	2679	71	4913	2362	1265
June 10, 2009 3:16:00 PM UTC	1244675760000	28	25	yes	42.6	268.8	20506	20827	9261	6470	0	44312	2829	2625	202	4911	2325	1246
June 10, 2009 3:17:00 PM UTC	1244675820000	29	25	yes	42.4	269.0	20506	20827	9249	6541	0	44253	2786	2701	66	4879	2405	1116
June 10, 2009 3:18:00 PM UTC	1244675880000	29	28	yes	42.2	269.1	20506	20827	9261	6469	0	44313	2839	2663	148	4875	2341	1174
June 10, 2009 3:19:00 PM UTC	1244675940000	29	30	yes	42.0	269.3	20506	20827	9261	6469	0	44313	2834	2653	152	4857	2249	1206
June 10, 2009 3:20:00 PM UTC	1244676000000	30	31	yes	41.8	269.4	20506	20827	9249	6539	0	44255	2790	2491	275	4831	2009	1433
June 10, 2009 3:21:00 PM UTC	1244676060000	31	30	yes	41.6	269.6	20506	20827	9261	6468	0	44314	2834	2532	284	4827	1986	1477
June 10, 2009 3:22:00 PM UTC	1244676120000	29	29	no	41.4	269.7	20506	20827	9261	6468	0	44314	2840	2394	391	4805	2092	1316
June 10, 2009 3:23:00 PM UTC	1244676180000	28	29	no	41.2	269.9	20506	20827	9261	6468	0	44314	2844	2341	419	4785	2144	1099
June 10, 2009 3:24:00 PM UTC	1244676240000	28	29	no	41.0	270.0	20506	20827	9261	6468	0	44314	2845	2329	429	4771	1999	1152
June 10, 2009 3:25:00 PM UTC	1244676300000	28	27	no	40.8	270.2	20506	20827	9249	6612	0	44182	2773	2419	264	4744	2037	1070
June 10, 2009 3:26:00 PM UTC	1244676360000	28	25	no	40.6	270.3	20506	20827	9261	6460	0	44322	2843	2280	443	4737	1902	1225
June 10, 2009 3:27:00 PM UTC	1244676420000	26	23	no	40.4	270.5	20506	20827	9261	6460	0	44322	2845	1979	739	4720	1868	1147
June 10, 2009 3:28:00 PM UTC	1244676480000	25	20	no	40.2	270.6	20506	20827	9249	6531	0	44263	2798	1874	750	4691	1815	1084
June 10, 2009 3:29:00 PM UTC	1244676540000	25	19	yes	40.0	270.8	20506	20827	9261	6461	0	44321	2844	1868	708	4685	1843	1041
June 10, 2009 3:30:00 PM UTC	1244676600000	24	20	yes	39.8	270.9	20506	20827	9249	6533	0	44261	2799	1870	546	4656	1654	1047
June 10, 2009 3:31:00 PM UTC	1244676660000	23	18	yes	39.6	271.1	20506	20827	9249	6533	0	44261	2805	1956	530	4638	1585	856
June 10, 2009 3:32:00 PM UTC	1244676720000	22	17	yes	39.4	271.2	20506	20827	9261	6544	0	44238	2818	1958	588	4628	1504	842
June 10, 2009 3:33:00 PM UTC	1244676780000	21	17	yes	39.2	271.4	20506	20827	9249	6616	0	44178	2776	1765	725	4609	1440	786
June 10, 2009 3:34:00 PM UTC	1244676840000	19	16	yes	39.0	271.5	20506	20827	9261	6544	0	44238	2820	1568	750	4600	1394	722
June 10, 2009 3:35:00 PM UTC	1244676900000	17	16	yes	38.8	271.7	20506	20827	9261	6544	0	44238	2825	1452	709	4578	1385	837
June 10, 2009 3:36:00 PM UTC	1244676960000	16	17	yes	38.6	271.8	20506	20827	9249	6615	0	44179	2785	1402	689	4550	1360	846
June 10, 2009 3:37:00 PM UTC	1244677020000	16	16	yes	38.4	271.9	20506	20827	9261	6543	0	44239	2820	1509	661	4545	1383	818
June 10, 2009 3:38:00 PM UTC	1244677080000	16	16	yes	38.2	272.1	20506	20827	9261	6543	0	44239	2821	1641	693	4531	1339	1153
June 10, 2009 3:39:00 PM UTC	1244677140000	15	15	yes	38.0	272.2	20506	20827	9249	6614	0	44180	2786	1625	633	4506	1160	957
June 10, 2009 3:40:00 PM UTC	1244677200000	13	17	yes	37.8	272.4	20506	20827	9261	6542	0	44240	2838	1560	783	4488	1071	1037
June 10, 2009 3:41:00 PM UTC	1244677260000	13	17	yes	37.6	272.5	20506	20827	9249	6613	0	44181	2789	1531	681	4471	972	1054
June 10, 2009 3:42:00 PM UTC	1244677320000	12	16	yes	37.4	272.7	20506	20827	9249	6616	0	44178	2790	1583	625	4453	879	1089
June 10, 2009 3:43:00 PM UTC	1244677380000	12	15	yes	37.2	272.8	20506	20827	9259	6546	0	44238	2834	1633	596	4438	974	1254
June 10, 2009 3:44:00 PM UTC	1244677440000	11	14	yes	37.0	272.9	20506	20827	9249	6621	0	44173	2790	1744	651	4417	1234	1237
June 10, 2009 3:45:00 PM UTC	1244677500000	12	13	yes	36.8	273.1	20506	20827	9258	6555	0	44230	2827	1867	737	4407	1443	1262
June 10, 2009 3:46:00 PM UTC	1244677560000	12	11	yes	36.6	273.2	20506	20827	9260	6483	0	44300	2858	2032	693	4389	1678	1355
June 10, 2009 3:47:00 PM UTC	1244677620000	12	11	yes	36.4	273.4	20506	20827	9250	6553	0	44240	2821	1960	758	4360	1849	1202
June 10, 2009 3:48:00 PM UTC	1244677680000	13	10	yes	36.2	273.5	20506	20827	9260	6482	0	44301	2858	2013	672	4351	1896	1286
June 10, 2009 3:49:00 PM UTC	1244677740000	13	10	yes	36.0	273.6	20506	20827	9260	6482	0	44301	2861	2120	547	4334	1944	1213
June 10, 2009 3:50:00 PM UTC	1244677800000	14	9	yes	35.8	273.8	20506	20827	9250	6551	0	44242	2818	2243	375	4314	1974	1122
June 10, 2009 3:51:00 PM UTC	1244677860000	14	9	yes	35.6	273.9	20506	20827	9260	6480	0	44303	2867	2370	378	4297	2082	1120
June 10, 2009 3:52:00 PM UTC	1244677920000	14	9	yes	35.4	274.1	20506	20827	9260	6480	0	44303	2866	2279	465	4284	2109	1094
June 10, 2009 3:53:00 PM UTC	1244677980000	14	8	yes	35.2	274.2	20506	20827	9249	6550	0	44244	2826	2249	417	4263	2352	845
June 10, 2009 3:54:00 PM UTC	1244678040000	16	8	yes	35.0	274.3	20506	20827	9260	6479	0	44304	2862	2255	428	4253	2613	976
June 10, 2009 3:55:00 PM UTC	1244678100000	16	9	yes	34.8	274.5	20506	20827	9260	6479	0	44304	2872	2220	541	4232	2756	952
June 10, 2009 3:56:00 PM UTC	1244678160000	16	9	yes	34.6	274.6	20506	20827	9249	6549	0	44245	2827	2105	576	4212	2655	883
June 10, 2009 3:57:00 PM UTC	1244678220000	17	9	yes	34.4	274.8	20506	20827	9260	6478	0	44305	2874	2130	648	4195	2744	888
June 10, 2009 3:58:00 PM UTC	1244678280000	20	9	yes	34.2	274.9	20506	20827	9260	6478	0	44305	2876	2393	480	4176	3012	975
June 10, 2009 3:59:00 PM UTC	1244678340000	20	9	yes	34.0	275.0	20506	20827	9248	6554	0	44241	2827	2304	517	4162	3038	948
June 10, 2009 4:00:00 PM UTC	1244678400000	22	8	yes	33.8	275.2	20506	20827	9259	6483	0	44301	2874	2435	425	4144	3380	654
June 10, 2009 4:01:00 PM UTC	1244678460000	23	7	yes	33.6	275.3	20506	20827	9259	6483	0	44301	2868	2477	382	4132	3529	484
June 10, 2009 4:02:00 PM UTC	1244678520000	22	7	yes	33.4	275.4	20506	20827	9258	6483	0	44302	2883	2272	467	4106	3341	477
June 10, 2009 4:03:00 PM UTC	1244678580000	23	8	yes	33.2	275.6	20506	20827	9258	6483	0	44302	2873	2467	359	4095	3420	450
June 10, 2009 4:04:00 PM UTC	1244678640000	22	8	yes	33.0	275.7	20506	20827	9258	6472	0	44313	2867	2435	385	4082	3285	520
June 10, 2009 4:05:00 PM UTC	1244678700000	23	8	yes	32.8	275.8	20506	20827	9258	6472	0	44313	2867	2633	229	4068	3403	391
June 10, 2009 4:06:00 PM UTC	1244678760000	23	9	yes	32.6	276.0	20506	20827	9258	6500	0	44285	2867	2605	248	4049	3399	319
June 10, 2009 4:07:00 PM UTC	1244678820000	26	9	yes	32.4	276.1	20506	20827	9257	6582	0	44204	2837	2792	45	4043	3536	328
June 10, 2009 4:08:00 PM UTC	1244678880000	26	9	yes	32.2	276.3	20506	20827	9256	6590	0	44197	2832	2778	54	4024	3574	300
June 10, 2009 4:09:00 PM UTC	1244678940000	26	9	yes	32.0	276.4	20506	20827	9256	6590	0	44197	2831	2796	35	4011	3559	276
June 10, 2009 4:10:00 PM UTC	1244679000000	25	8	yes	31.8	276.5	20506	20827	9256	6590	0	44197	2829	2817	12	3999	3418	365
June 10, 2009 4:11:00 PM UTC	1244679060000	24	9	yes	31.6	276.7	20506	20827	9257	6581	0	44205	2831	2769	60	3986	3188	565
June 10, 2009 4:12:00 PM UTC	1244679120000	23	11	yes	31.4	276.8	20506	20827	9257	6581	0	44205	2823	2598	202	3975	3083	683
June 10, 2009 4:13:00 PM UTC	1244679180000	23	12	yes	31.2	276.9	20506	20827	9257	6581	0	44205	2819	2511	282	3963	2944	821
June 10, 2009 4:14:00 PM UTC	1244679240000	23	13	yes	31.0	277.1	20506	20827	9256	6518	0	44269	2828	2425	368	3957	2859	869
June 10, 2009 4:15:00 PM UTC	1244679300000	25	13	yes	30.8	277.2	20506	20827	9256	6518	0	44269	2825	2436	372	3945	2839	831
June 10, 2009 4:16:00 PM UTC	1244679360000	26	13	yes	30.6	277.3	20506	20827	9256	6518	0	44269	2825	2461	339	3932	2825	805
June 10, 2009 4:17:00 PM UTC	1244679420000	27	13	yes	30.4	277.5	20506	20827	9255	6517	0	44271	2820	2423	351	3923	2862	713
June 10, 2009 4:18:00 PM UTC	1244679480000	26	14	no	30.2	277.6	20506	20827	9255	6517	0	44271	2808	2529	207	3922	2709	630
June 10, 2009 4:19:00 PM UTC	1244679540000	27	13	no	30.0	277.7	20506	20827	9255	6517	0	44271	2803	2636	155	3912	2698	484
June 10, 2009 4:20:00 PM UTC	1244679600000	27	12	yes	29.8	277.9	20506	20827	9254	6516	0	44273	2801	2680	121	3899	2736	400
June 10, 2009 4:21:00 PM UTC	1244679660000	28	11	yes	29.6	278.0	20506	20827	9254	6516	0	44273	2792	2731	61	3899	2871	420
June 10, 2009 4:22:00 PM UTC	1244679720000	27	11	yes	29.4	278.1	20506	20827	9253	6526	0	44264	2780	2659	116	3890	2845	466
June 10, 2009 4:23:00 PM UTC	1244679780000	26	11	yes	29.2	278.3	20506	20827	9254	6517	0	44272	2772	2642	130	3880	2942	500
June 10, 2009 4:24:00 PM UTC	1244679840000	27	12	yes	29.0	278.4	20506	20827	9252	6518	0	44273	2758	2597	161	3881	3077	437
June 10, 2009 4:25:00 PM UTC	1244679900000	26	14	yes	28.8	278.5	20506	20827	9252	6518	0	44273	2753	2609	144	3864	2952	463
June 10, 2009 4:26:00 PM UTC	1244679960000	25	15	yes	28.6	278.7	20506	20827	9251	6518	0	44274	2742	2507	235	3862	2871	472
June 10, 2009 4:27:00 PM UTC	1244680020000	24	15	yes	28.4	278.8	20506	20827	9251	6518	0	44274	2733	2451	280	3864	2724	468
June 10, 2009 4:28:00 PM UTC	1244680080000	24	14	yes	28.2	278.9	20506	20827	9251	6518	0	44274	2726	2488	182	3846	2630	425
June 10, 2009 4:29:00 PM UTC	1244680140000	25	13	yes	28.0	279.1	20506	20827	9250	6547	0	44246	2716	2564	113	3844	2709	395
June 10, 2009 4:30:00 PM UTC	1244680200000	25	13	yes	27.8	279.2	20506	20827	9250	6547	0	44246	2710	2527	145	3847	2803	349
June 10, 2009 4:31:00 PM UTC	1244680260000	24	13	yes	27.6	279.3	20506	20827	9250	6547	0	44246	2702	2453	220	3832	2870	435
June 10, 2009 4:32:00 PM UTC	1244680320000	23	14	yes	27.4	279.5	20506	20827	9247	6558	0	44238	2682	2388	243	3836	2929	455
June 10, 2009 4:33:00 PM UTC	1244680380000	24	13	yes	27.2	279.6	20506	20827	9247	6558	0	44238	2671	2414	214	3834	2864	515
June 10, 2009 4:34:00 PM UTC	1244680440000	25	13	no	27.1	279.7	20506	20827	9247	6558	0	44238	2664	2360	243	3819	2887	455
June 10, 2009 4:35:00 PM UTC	1244680500000	27	15	yes	26.9	279.9	20506	20827	9246	6558	0	44239	2650	2354	228	3826	3114	420
June 10, 2009 4:36:00 PM UTC	1244680560000	28	17	yes	26.7	280.0	20506	20827	9246	6558	0	44239	2639	2377	199	3821	3297	372
June 10, 2009 4:37:00 PM UTC	1244680620000	29	17	yes	26.5	280.1	20506	20827	9246	6558	0	44239	2632	2307	261	3815	3471	198
June 10, 2009 4:38:00 PM UTC	1244680680000	31	16	yes	26.3	280.2	20506	20827	9245	6558	0	44240	2621	2392	179	3816	3397	313
June 10, 2009 4:39:00 PM UTC	1244680740000	32	18	yes	26.1	280.4	20506	20827	9245	6558	0	44240	2607	2403	173	3816	3314	352
June 10, 2009 4:40:00 PM UTC	1244680800000	33	21	yes	25.9	280.5	20506	20827	9245	6558	0	44240	2601	2372	204	3807	3179	324
June 10, 2009 4:41:00 PM UTC	1244680860000	34	23	yes	25.7	280.6	20506	20827	9254	6431	0	44358	2639	2361	240	3806	3001	444
June 10, 2009 4:42:00 PM UTC	1244680920000	34	24	yes	25.5	280.8	20506	20827	9244	6497	0	44302	2586	2135	388	3810	2887	499
June 10, 2009 4:43:00 PM UTC	1244680980000	34	27	yes	25.3	280.9	20506	20827	9244	6493	0	44306	2578	1989	458	3806	2839	506
June 10, 2009 4:44:00 PM UTC	1244681040000	33	28	yes	25.1	281.0	20506	20827	9253	6428	0	44362	2594	2133	288	3808	2802	522
June 10, 2009 4:45:00 PM UTC	1244681100000	32	30	no	24.9	281.2	20506	20827	9242	6501	0	44300	2543	2148	275	3808	2872	493
June 10, 2009 4:46:00 PM UTC	1244681160000	31	33	no	24.7	281.3	20506	20827	9242	6501	0	44300	2537	2065	361	3801	2809	647
June 10, 2009 4:47:00 PM UTC	1244681220000	30	35	no	24.5	281.4	20506	20827	9253	6427	0	44363	2562	2067	370	3803	2819	747
June 10, 2009 4:48:00 PM UTC	1244681280000	31	35	no	24.3	281.6	20506	20827	9244	6483	0	44316	2514	2132	296	3806	3059	619
June 10, 2009 4:49:00 PM UTC	1244681340000	32	35	no	24.1	281.7	20506	20827	9244	6483	0	44316	2496	2150	280	3809	3211	544
June 10, 2009 4:50:00 PM UTC	1244681400000	32	37	yes	23.9	281.8	20506	20827	9252	6454	0	44337	2512	2207	241	3809	3291	487
June 10, 2009 4:51:00 PM UTC	1244681460000	32	36	yes	23.7	282.0	20506	20827	9240	6591	0	44212	2451	2199	176	3805	3230	505
June 10, 2009 4:52:00 PM UTC	1244681520000	32	37	no	23.5	282.1	20506	20827	9240	6591	0	44212	2437	2287	102	3809	3182	477
June 10, 2009 4:53:00 PM UTC	1244681580000	32	37	no	23.3	282.2	20506	20827	9251	6522	0	44270	2458	2343	60	3810	3286	413
June 10, 2009 4:54:00 PM UTC	1244681640000	32	37	no	23.1	282.3	20506	20827	9240	6592	1	44210	2410	2203	116	3810	3439	353
June 10, 2009 4:55:00 PM UTC	1244681700000	33	34	no	22.9	282.5	20506	20827	9240	6626	3	44174	2395	2185	144	3815	3465	347
June 10, 2009 4:56:00 PM UTC	1244681760000	34	30	no	22.7	282.6	20506	20827	9251	6558	16	44218	2414	2129	214	3815	3431	354
June 10, 2009 4:57:00 PM UTC	1244681820000	35	28	no	22.5	282.7	20506	20827	9242	6609	19	44173	2376	2104	181	3820	3431	284
June 10, 2009 4:58:00 PM UTC	1244681880000	34	29	no	22.3	282.9	20506	20827	9242	6609	29	44163	2360	2085	182	3822	3410	318
June 10, 2009 4:59:00 PM UTC	1244681940000	34	29	no	22.1	283.0	20506	20827	9251	6556	40	44196	2381	2227	60	3819	3409	254
June 10, 2009 5:00:00 PM UTC	1244682000000	33	30	no	21.9	283.1	20506	20827	9251	6556	50	44186	2364	2196	49	3825	3447	211
June 10, 2009 5:01:00 PM UTC	1244682060000	33	30	no	21.7	283.3	20506	20827	9240	6625	52	44126	2313	2213	6	3832	3516	168
June 10, 2009 5:02:00 PM UTC	1244682120000	32	29	no	21.6	283.4	20506	20827	9251	6554	64	44174	2335	2256	5	3833	3579	179
June 10, 2009 5:03:00 PM UTC	1244682180000	31	29	no	21.4	283.5	20506	20827	9251	6553	81	44158	2321	2216	5	3832	3632	196
June 10, 2009 5:04:00 PM UTC	1244682240000	32	29	no	21.2	283.7	20506	20827	9240	6623	87	44093	2273	2136	4	3840	3735	105
June 10, 2009 5:05:00 PM UTC	1244682300000	34	26	no	21.0	283.8	20506	20827	9250	6554	98	44141	2290	2146	2	3845	3704	141
June 10, 2009 5:06:00 PM UTC	1244682360000	34	25	no	20.8	283.9	20506	20827	9250	6554	105	44134	2274	2060	1	3850	3622	228
June 10, 2009 5:07:00 PM UTC	1244682420000	36	23	no	20.6	284.0	20506	20827	9238	6637	112	44056	2216	2012	2	3855	3539	315
June 10, 2009 5:08:00 PM UTC	1244682480000	37	22	no	20.4	284.2	20506	20827	9250	6502	137	44154	2256	2019	5	3855	3516	333
June 10, 2009 5:09:00 PM UTC	1244682540000	38	23	no	20.2	284.3	20506	20827	9250	6502	137	44154	2241	2011	4	3863	3546	311
June 10, 2009 5:10:00 PM UTC	1244682600000	39	23	no	20.0	284.4	20506	20827	9241	6571	127	44104	2189	2006	4	3871	3557	304
June 10, 2009 5:11:00 PM UTC	1244682660000	40	24	no	19.8	284.6	20506	20827	9250	6500	141	44152	2208	2003	11	3874	3555	316
June 10, 2009 5:12:00 PM UTC	1244682720000	39	24	no	19.6	284.7	20506	20827	9250	6500	165	44128	2193	1904	8	3880	3555	319
June 10, 2009 5:13:00 PM UTC	1244682780000	38	23	no	19.4	284.8	20506	20827	9250	6500	172	44121	2180	1866	3	3887	3467	420
June 10, 2009 5:14:00 PM UTC	1244682840000	37	23	no	19.2	285.0	20506	20827	9251	6499	191	44102	2166	1827	20	3894	3480	412
June 10, 2009 5:15:00 PM UTC	1244682900000	37	22	no	19.0	285.1	20506	20827	9248	6517	191	44087	2145	1795	8	3894	3554	326
June 10, 2009 5:16:00 PM UTC	1244682960000	36	23	no	18.8	285.2	20506	20827	9248	6517	198	44080	2120	1826	4	3912	3502	410
June 10, 2009 5:17:00 PM UTC	1244683020000	35	24	no	18.6	285.4	20506	20827	9248	6516	199	44080	2112	1809	14	3910	3368	504
June 10, 2009 5:18:00 PM UTC	1244683080000	34	24	no	18.4	285.5	20506	20827	9248	6516	182	44097	2100	1832	15	3914	3319	546
June 10, 2009 5:19:00 PM UTC	1244683140000	34	24	no	18.2	285.6	20506	20827	9248	6516	177	44102	2083	1834	26	3927	3327	529
June 10, 2009 5:20:00 PM UTC	1244683200000	34	23	no	18.1	285.8	20506	20827	9248	6514	182	44099	2070	1865	5	3934	3323	583
June 10, 2009 5:21:00 PM UTC	1244683260000	33	22	no	17.9	285.9	20506	20827	9248	6514	177	44104	2054	1864	5	3942	3371	481
June 10, 2009 5:22:00 PM UTC	1244683320000	32	22	no	17.7	286.0	20506	20827	9247	6555	176	44065	2030	1823	4	3948	3371	477
June 10, 2009 5:23:00 PM UTC	1244683380000	30	21	no	17.5	286.1	20506	20827	9246	6556	178	44063	2016	1794	7	3958	3336	498
June 10, 2009 5:24:00 PM UTC	1244683440000	29	20	no	17.3	286.3	20506	20827	9246	6556	208	44033	2003	1658	10	3966	3396	436
June 10, 2009 5:25:00 PM UTC	1244683500000	28	20	no	17.1	286.4	20506	20827	9246	6556	231	44010	1991	1601	16	3973	3435	422
June 10, 2009 5:26:00 PM UTC	1244683560000	28	17	no	16.9	286.5	20506	20827	9256	6486	261	44040	2006	1453	24	3986	3465	446
June 10, 2009 5:27:00 PM UTC	1244683620000	28	16	no	16.7	286.7	20506	20827	9247	6554	257	43985	1957	1329	35	3996	3482	395
June 10, 2009 5:28:00 PM UTC	1244683680000	27	17	yes	16.5	286.8	20506	20827	9247	6554	300	43942	1934	1324	33	4009	3413	511
June 10, 2009 5:29:00 PM UTC	1244683740000	28	17	yes	16.3	286.9	20506	20827	9254	6504	316	43969	1949	1360	59	4012	3456	449
June 10, 2009 5:30:00 PM UTC	1244683800000	30	14	yes	16.1	287.1	20506	20827	9244	6572	299	43928	1901	1429	20	4023	3453	454
June 10, 2009 5:31:00 PM UTC	1244683860000	30	14	yes	15.9	287.2	20506	20827	9244	6572	307	43920	1885	1342	54	4033	3430	525
June 10, 2009 5:32:00 PM UTC	1244683920000	31	13	yes	15.7	287.3	20506	20827	9256	6433	325	44029	1913	1368	27	4042	3432	524
June 10, 2009 5:33:00 PM UTC	1244683980000	31	13	yes	15.6	287.5	20506	20827	9245	6495	320	43983	1872	1339	5	4054	3348	594
June 10, 2009 5:34:00 PM UTC	1244684040000	31	14	yes	15.4	287.6	20506	20827	9245	6495	331	43972	1846	1301	0	4072	3343	576
June 10, 2009 5:35:00 PM UTC	1244684100000	29	16	yes	15.2	287.7	20506	20827	9256	6432	343	44012	1856	1220	11	4083	3244	582
June 10, 2009 5:36:00 PM UTC	1244684160000	29	17	no	15.0	287.9	20506	20827	9253	6458	318	44014	1838	1292	13	4089	3280	400
June 10, 2009 5:37:00 PM UTC	1244684220000	27	18	no	14.8	288.0	20506	20827	9244	6524	312	43963	1794	1368	1	4105	3321	374
June 10, 2009 5:38:00 PM UTC	1244684280000	25	20	yes	14.6	288.1	20506	20827	9254	6451	309	44029	1809	1243	44	4114	3265	442
June 10, 2009 5:39:00 PM UTC	1244684340000	22	21	yes	14.4	288.3	20506	20827	9256	6430	327	44030	1802	1065	43	4125	3188	583
June 10, 2009 5:40:00 PM UTC	1244684400000	20	22	yes	14.2	288.4	20506	20827	9244	6495	324	43980	1760	1042	32	4136	3153	609
June 10, 2009 5:41:00 PM UTC	1244684460000	18	21	yes	14.0	288.5	20506	20827	9255	6440	375	43973	1764	902	20	4156	3103	547
June 10, 2009 5:42:00 PM UTC	1244684520000	17	19	yes	13.8	288.7	20506	20827	9252	6463	379	43949	1737	733	28	4171	3115	629
June 10, 2009 5:43:00 PM UTC	1244684580000	16	18	yes	13.7	288.8	20506	20827	9241	6531	379	43892	1696	728	35	4181	3276	581
June 10, 2009 5:44:00 PM UTC	1244684640000	16	17	no	13.5	288.9	20506	20827	9252	6463	392	43936	1709	756	65	4196	3536	535
June 10, 2009 5:45:00 PM UTC	1244684700000	17	17	no	13.3	289.1	20506	20827	9252	6463	383	43945	1692	763	55	4210	3595	535
June 10, 2009 5:46:00 PM UTC	1244684760000	18	18	no	13.1	289.2	20506	20827	9244	6531	377	43891	1657	809	48	4222	3559	574
June 10, 2009 5:47:00 PM UTC	1244684820000	19	17	no	12.9	289.3	20506	20827	9252	6461	388	43942	1668	846	56	4233	3556	591
June 10, 2009 5:48:00 PM UTC	1244684880000	21	15	no	12.7	289.5	20506	20827	9252	6461	376	43954	1644	797	62	4255	3669	476
June 10, 2009 5:49:00 PM UTC	1244684940000	22	14	no	12.5	289.6	20506	20827	9248	6484	372	43939	1621	853	41	4269	3741	404
June 10, 2009 5:50:00 PM UTC	1244685000000	24	14	no	12.3	289.7	20506	20827	9249	6483	362	43949	1605	830	25	4288	3970	268
June 10, 2009 5:51:00 PM UTC	1244685060000	25	14	no	12.1	289.9	20506	20827	9248	6610	333	43852	1580	884	11	4299	4059	196
June 10, 2009 5:52:00 PM UTC	1244685120000	27	13	no	11.9	290.0	20506	20827	9248	6610	330	43855	1564	914	12	4313	4066	235
June 10, 2009 5:53:00 PM UTC	1244685180000	29	12	no	11.8	290.1	20506	20827	9250	6585	315	43893	1556	1031	8	4329	4067	257
June 10, 2009 5:54:00 PM UTC	1244685240000	29	13	no	11.6	290.3	20506	20827	9250	6585	296	43912	1547	1031	0	4337	4110	220
June 10, 2009 5:55:00 PM UTC	1244685300000	29	13	no	11.4	290.4	20506	20827	9248	6544	304	43947	1524	1037	7	4365	4171	194
June 10, 2009 5:56:00 PM UTC	1244685360000	30	13	no	11.2	290.5	20506	20827	9248	6543	311	43941	1513	980	5	4375	4139	236
June 10, 2009 5:57:00 PM UTC	1244685420000	30	16	no	11.0	290.7	20506	20827	9248	6543	338	43914	1498	994	5	4389	4129	259
June 10, 2009 5:58:00 PM UTC	1244685480000	32	16	no	10.8	290.8	20506	20827	9248	6543	333	43919	1481	980	9	4406	4179	208
June 10, 2009 5:59:00 PM UTC	1244685540000	32	19	no	10.6	290.9	20506	20827	9257	6494	356	43936	1484	969	31	4424	4057	338
June 10, 2009 6:00:00 PM UTC	1244685600000	32	21	no	10.4	291.1	20506	20827	9246	6559	340	43898	1445	1053	0	4441	4096	325
June 10, 2009 6:01:00 PM UTC	1244685660000	32	23	no	10.3	291.2	20506	20827	9243	6577	320	43903	1419	992	16	4456	4169	281
June 10, 2009 6:02:00 PM UTC	1244685720000	32	26	no	10.1	291.4	20506	20827	9254	6502	325	43962	1422	1057	10	4479	4236	242
June 10, 2009 6:03:00 PM UTC	1244685780000	32	28	no	9.9	291.5	20506	20827	9243	6576	313	43911	1391	993	20	4490	4231	259
June 10, 2009 6:04:00 PM UTC	1244685840000	33	29	no	9.7	291.6	20506	20827	9243	6576	304	43920	1373	1016	22	4506	4281	212
June 10, 2009 6:05:00 PM UTC	1244685900000	34	29	no	9.5	291.8	20506	20827	9254	6509	302	43978	1381	1016	18	4522	4301	215
June 10, 2009 6:06:00 PM UTC	1244685960000	32	31	no	9.3	291.9	20506	20827	9245	6574	284	43940	1345	1033	1	4532	4221	268
June 10, 2009 6:07:00 PM UTC	1244686020000	32	31	no	9.1	292.0	20506	20827	9245	6574	291	43933	1328	950	4	4547	4105	356
June 10, 2009 6:08:00 PM UTC	1244686080000	31	28	no	9.0	292.2	20506	20827	9256	6508	305	43974	1334	956	0	4566	3902	548
June 10, 2009 6:09:00 PM UTC	1244686140000	30	27	no	8.8	292.3	20506	20827	9256	6508	306	43973	1320	982	3	4579	3708	750
June 10, 2009 6:10:00 PM UTC	1244686200000	26	30	no	8.6	292.4	20506	20827	9245	6574	301	43923	1284	919	10	4592	3489	915
June 10, 2009 6:11:00 PM UTC	1244686260000	24	31	no	8.4	292.6	20506	20827	9253	6507	305	43978	1289	927	7	4612	3477	804
June 10, 2009 6:12:00 PM UTC	1244686320000	24	33	no	8.2	292.7	20506	20827	9251	6522	304	43966	1272	938	2	4622	3427	757
June 10, 2009 6:13:00 PM UTC	1244686380000	23	36	no	8.0	292.9	20506	20827	9240	6599	298	43906	1233	911	0	4633	3237	651
June 10, 2009 6:14:00 PM UTC	1244686440000	22	34	no	7.8	293.0	20506	20827	9251	6533	313	43946	1239	893	2	4654	3087	681
June 10, 2009 6:15:00 PM UTC	1244686500000	21	32	no	7.7	293.1	20506	20827	9251	6533	313	43946	1222	867	9	4668	3005	599
June 10, 2009 6:16:00 PM UTC	1244686560000	21	32	no	7.5	293.3	20506	20827	9245	6569	310	43919	1195	863	0	4681	2982	663
June 10, 2009 6:17:00 PM UTC	1244686620000	19	32	no	7.3	293.4	20506	20827	9251	6484	311	43997	1193	843	6	4702	2757	622
June 10, 2009 6:18:00 PM UTC	1244686680000	18	32	no	7.1	293.6	20506	20827	9251	6484	319	43989	1178	842	0	4718	2805	566
June 10, 2009 6:19:00 PM UTC	1244686740000	17	29	no	6.9	293.7	20506	20827	9251	6484	325	43983	1167	826	2	4729	2581	579
June 10, 2009 6:20:00 PM UTC	1244686800000	17	29	no	6.7	293.8	20506	20827	9251	6483	323	43986	1146	803	0	4750	2784	621
June 10, 2009 6:21:00 PM UTC	1244686860000	17	28	no	6.6	294.0	20506	20827	9251	6483	302	44007	1136	814	5	4758	2856	604
June 10, 2009 6:22:00 PM UTC	1244686920000	16	27	no	6.4	294.1	20506	20827	9250	6530	296	43967	1111	759	15	4783	2769	614
June 10, 2009 6:23:00 PM UTC	1244686980000	16	26	no	6.2	294.3	20506	20827	9246	6558	291	43948	1093	743	12	4790	2562	494
June 10, 2009 6:24:00 PM UTC	1244687040000	14	26	no	6.0	294.4	20506	20827	9246	6558	301	43938	1076	731	3	4805	2212	399
June 10, 2009 6:25:00 PM UTC	1244687100000	11	22	no	5.8	294.5	20506	20827	9246	6558	302	43937	1065	621	24	4814	1749	359
June 10, 2009 6:26:00 PM UTC	1244687160000	9	17	no	5.6	294.7	20506	20827	9249	6529	315	43950	1055	535	32	4839	1567	326
June 10, 2009 6:27:00 PM UTC	1244687220000	8	12	no	5.5	294.8	20506	20827	9249	6529	316	43949	1044	546	15	4851	1526	248
June 10, 2009 6:28:00 PM UTC	1244687280000	8	9	no	5.3	295.0	20506	20827	9246	6557	346	43894	1018	526	8	4865	1535	183
June 10, 2009 6:29:00 PM UTC	1244687340000	7	8	no	5.1	295.1	20506	20827	9257	6491	380	43915	1023	489	18	4883	1434	202
June 10, 2009 6:30:00 PM UTC	1244687400000	8	7	no	4.9	295.2	20506	20827	9246	6556	410	43831	990	463	9	4894	1490	258
June 10, 2009 6:31:00 PM UTC	1244687460000	8	7	no	4.7	295.4	20506	20827	9246	6556	425	43816	977	394	12	4907	1415	301
June 10, 2009 6:32:00 PM UTC	1244687520000	8	8	no	4.6	295.5	20506	20827	9256	6493	443	43851	978	376	18	4928	1413	327
June 10, 2009 6:33:00 PM UTC	1244687580000	8	8	no	4.4	295.7	20506	20827	9242	6586	433	43782	936	398	10	4937	1383	313
June 10, 2009 6:34:00 PM UTC	1244687640000	8	8	no	4.2	295.8	20506	20827	9241	6601	422	43779	923	377	7	4945	1506	216
June 10, 2009 6:35:00 PM UTC	1244687700000	7	8	no	4.0	296.0	20506	20827	9255	6507	427	43854	930	377	13	4972	1348	179
June 10, 2009 6:36:00 PM UTC	1244687760000	6	8	no	3.8	296.1	20506	20827	9245	6570	419	43809	905	363	13	4976	1138	155
June 10, 2009 6:37:00 PM UTC	1244687820000	5	10	no	3.6	296.2	20506	20827	9241	6601	452	43749	878	322	8	4989	925	191
June 10, 2009 6:38:00 PM UTC	1244687880000	4	9	no	3.5	296.4	20506	20827	9252	6475	440	43876	887	351	16	5013	777	197
June 10, 2009 6:39:00 PM UTC	1244687940000	3	7	no	3.3	296.5	20506	20827	9241	6540	422	43840	856	350	25	5018	802	130
June 10, 2009 6:40:00 PM UTC	1244688000000	3	6	no	3.1	296.7	20506	20827	9241	6540	429	43833	844	365	10	5031	870	96
