April 11, 2009 5:35:00 AM UTC	1239456900000	1	2	no	3.1	81.7	20506	20827	9252	6520	662	43609	847	162	104	5036	307	570
April 11, 2009 5:36:00 AM UTC	1239456960000	2	3	no	3.2	81.8	20506	20827	9253	6527	613	43650	865	186	76	5018	350	720
April 11, 2009 5:37:00 AM UTC	1239457020000	3	4	no	3.4	82.0	20506	20827	9254	6518	586	43685	882	194	124	5009	520	891
April 11, 2009 5:38:00 AM UTC	1239457080000	4	4	no	3.6	82.1	20506	20827	9254	6518	552	43719	894	178	128	4990	744	859
April 11, 2009 5:39:00 AM UTC	1239457140000	5	5	no	3.8	82.3	20506	20827	9255	6519	525	43744	912	305	64	4973	868	1031
April 11, 2009 5:40:00 AM UTC	1239457200000	7	8	no	4.0	82.4	20506	20827	9255	6519	509	43760	924	318	88	4961	1152	1177
April 11, 2009 5:41:00 AM UTC	1239457260000	10	9	no	4.2	82.6	20506	20827	9255	6519	499	43770	946	374	84	4939	1568	1286
April 11, 2009 5:42:00 AM UTC	1239457320000	12	10	no	4.4	82.7	20506	20827	9256	6520	476	43791	955	469	36	4929	1936	1257
April 11, 2009 5:43:00 AM UTC	1239457380000	12	11	no	4.6	82.9	20506	20827	9256	6520	496	43771	970	489	11	4917	2048	1227
April 11, 2009 5:44:00 AM UTC	1239457440000	12	12	no	4.8	83.0	20506	20827	9245	6662	482	43654	963	510	5	4885	2103	1203
April 11, 2009 5:45:00 AM UTC	1239457500000	13	13	no	5.0	83.2	20506	20827	9256	6597	473	43717	995	543	11	4881	2104	1425
April 11, 2009 5:46:00 AM UTC	1239457560000	14	13	yes	5.2	83.3	20506	20827	9256	6597	461	43729	1016	555	17	4859	2319	1290
April 11, 2009 5:47:00 AM UTC	1239457620000	14	13	yes	5.4	83.4	20506	20827	9245	6661	446	43691	1011	580	14	4838	2584	1223
April 11, 2009 5:48:00 AM UTC	1239457680000	16	15	yes	5.6	83.6	20506	20827	9257	6577	444	43765	1050	629	4	4831	2979	1210
April 11, 2009 5:49:00 AM UTC	1239457740000	16	17	yes	5.8	83.7	20506	20827	9257	6577	433	43776	1068	630	22	4814	3169	1261
April 11, 2009 5:50:00 AM UTC	1239457800000	17	19	yes	6.0	83.9	20506	20827	9257	6583	412	43791	1085	682	10	4800	3212	1286
April 11, 2009 5:51:00 AM UTC	1239457860000	19	22	yes	6.2	84.0	20506	20827	9258	6500	440	43845	1109	616	65	4781	3316	1277
April 11, 2009 5:52:00 AM UTC	1239457920000	21	22	yes	6.4	84.2	20506	20827	9247	6544	429	43823	1102	613	67	4764	3383	1112
April 11, 2009 5:53:00 AM UTC	1239457980000	22	22	yes	6.6	84.3	20506	20827	9258	6474	429	43882	1138	701	15	4750	3376	1085
April 11, 2009 5:54:00 AM UTC	1239458040000	23	21	yes	6.8	84.5	20506	20827	9258	6486	429	43870	1157	665	77	4732	3240	1030
April 11, 2009 5:55:00 AM UTC	1239458100000	24	21	yes	7.0	84.6	20506	20827	9248	6557	419	43819	1148	603	141	4717	3064	964
April 11, 2009 5:56:00 AM UTC	1239458160000	26	22	yes	7.2	84.8	20506	20827	9259	6486	419	43879	1188	661	120	4704	2816	1009
April 11, 2009 5:57:00 AM UTC	1239458220000	24	23	yes	7.4	84.9	20506	20827	9259	6486	421	43877	1204	636	154	4684	2462	1150
April 11, 2009 5:58:00 AM UTC	1239458280000	21	21	yes	7.6	85.1	20506	20827	9248	6557	433	43805	1199	521	250	4669	2269	1172
April 11, 2009 5:59:00 AM UTC	1239458340000	20	20	yes	7.8	85.2	20506	20827	9260	6480	437	43866	1239	583	223	4657	2272	1305
April 11, 2009 6:00:00 AM UTC	1239458400000	20	18	yes	8.0	85.4	20506	20827	9249	6551	433	43810	1233	603	198	4636	2413	1355
April 11, 2009 6:01:00 AM UTC	1239458460000	18	17	yes	8.2	85.5	20506	20827	9260	6481	435	43867	1274	735	105	4621	2649	1144
April 11, 2009 6:02:00 AM UTC	1239458520000	17	16	yes	8.4	85.6	20506	20827	9260	6481	439	43863	1289	812	42	4606	2665	947
April 11, 2009 6:03:00 AM UTC	1239458580000	16	17	yes	8.6	85.8	20506	20827	9249	6552	427	43815	1283	835	24	4587	2550	934
April 11, 2009 6:04:00 AM UTC	1239458640000	15	16	yes	8.8	85.9	20506	20827	9260	6482	429	43872	1322	880	15	4575	2457	1004
April 11, 2009 6:05:00 AM UTC	1239458700000	15	16	yes	9.0	86.1	20506	20827	9260	6482	431	43870	1336	853	53	4560	2500	1136
April 11, 2009 6:06:00 AM UTC	1239458760000	15	15	yes	9.2	86.2	20506	20827	9250	6553	428	43812	1331	900	3	4537	2475	1164
April 11, 2009 6:07:00 AM UTC	1239458820000	15	17	yes	9.4	86.4	20506	20827	9260	6484	436	43863	1374	937	1	4522	2292	1171
April 11, 2009 6:08:00 AM UTC	1239458880000	16	20	yes	9.6	86.5	20506	20827	9260	6484	435	43864	1391	946	10	4503	2208	982
April 11, 2009 6:09:00 AM UTC	1239458940000	18	27	yes	9.8	86.7	20506	20827	9250	6555	421	43817	1389	947	18	4479	2153	856
April 11, 2009 6:10:00 AM UTC	1239459000000	20	33	yes	10.0	86.8	20506	20827	9260	6485	414	43884	1423	913	89	4472	2070	821
April 11, 2009 6:11:00 AM UTC	1239459060000	28	29	yes	10.2	87.0	20506	20827	9248	6629	404	43762	1409	824	137	4450	2271	465
April 11, 2009 6:12:00 AM UTC	1239459120000	35	27	yes	10.4	87.1	20506	20827	9259	6554	403	43827	1453	717	205	4436	2415	315
April 11, 2009 6:13:00 AM UTC	1239459180000	41	26	yes	10.6	87.3	20506	20827	9259	6544	411	43829	1471	585	189	4420	2471	248
April 11, 2009 6:14:00 AM UTC	1239459240000	43	28	yes	10.8	87.4	20506	20827	9249	6617	352	43825	1463	589	144	4395	2491	258
April 11, 2009 6:15:00 AM UTC	1239459300000	52	24	no	11.0	87.6	20506	20827	9261	6543	331	43908	1497	657	105	4387	2633	198
April 11, 2009 6:16:00 AM UTC	1239459360000	59	18	no	11.2	87.7	20506	20827	9261	6543	327	43912	1516	712	85	4370	2643	224
April 11, 2009 6:17:00 AM UTC	1239459420000	58	18	no	11.4	87.9	20506	20827	9249	6615	315	43864	1511	662	139	4350	2813	223
April 11, 2009 6:18:00 AM UTC	1239459480000	56	20	no	11.6	88.0	20506	20827	9261	6544	313	43925	1552	777	160	4336	2854	210
April 11, 2009 6:19:00 AM UTC	1239459540000	49	26	no	11.8	88.1	20506	20827	9249	6616	319	43859	1540	863	242	4321	2964	417
April 11, 2009 6:20:00 AM UTC	1239459600000	46	30	no	12.0	88.3	20506	20827	9249	6616	334	43844	1556	952	254	4306	3342	567
April 11, 2009 6:21:00 AM UTC	1239459660000	46	30	yes	12.2	88.4	20506	20827	9261	6545	359	43878	1603	1132	92	4285	3710	489
April 11, 2009 6:22:00 AM UTC	1239459720000	46	29	no	12.5	88.6	20506	20827	9249	6617	352	43825	1591	1179	50	4269	3796	364
April 11, 2009 6:23:00 AM UTC	1239459780000	47	29	no	12.7	88.7	20506	20827	9261	6545	346	43891	1632	1218	31	4252	3797	298
April 11, 2009 6:24:00 AM UTC	1239459840000	45	30	no	12.9	88.9	20506	20827	9261	6463	348	43971	1661	1173	63	4237	3474	422
April 11, 2009 6:25:00 AM UTC	1239459900000	46	30	no	13.1	89.0	20506	20827	9249	6534	337	43923	1645	1078	89	4222	3418	381
April 11, 2009 6:26:00 AM UTC	1239459960000	45	30	no	13.3	89.2	20506	20827	9261	6462	282	44038	1699	1222	86	4198	3412	326
April 11, 2009 6:27:00 AM UTC	1239460020000	42	31	no	13.5	89.3	20506	20827	9249	6533	202	44059	1676	1100	311	4190	3393	258
April 11, 2009 6:28:00 AM UTC	1239460080000	39	31	no	13.7	89.5	20506	20827	9249	6533	186	44075	1690	997	346	4178	3366	389
April 11, 2009 6:29:00 AM UTC	1239460140000	37	29	no	13.9	89.6	20506	20827	9261	6461	199	44122	1748	941	351	4158	3467	550
April 11, 2009 6:30:00 AM UTC	1239460200000	35	26	no	14.1	89.8	20506	20827	9249	6614	183	43997	1724	971	425	4147	3707	292
April 11, 2009 6:31:00 AM UTC	1239460260000	32	24	no	14.3	89.9	20506	20827	9261	6468	186	44128	1777	1091	414	4135	3633	410
April 11, 2009 6:32:00 AM UTC	1239460320000	29	22	no	14.5	90.1	20506	20827	9261	6469	209	44104	1794	1237	327	4121	3628	461
April 11, 2009 6:33:00 AM UTC	1239460380000	25	20	no	14.7	90.2	20506	20827	9261	6469	225	44088	1816	1264	300	4103	3486	587
April 11, 2009 6:34:00 AM UTC	1239460440000	23	18	no	14.9	90.4	20506	20827	9261	6469	247	44066	1832	1399	157	4091	3448	610
April 11, 2009 6:35:00 AM UTC	1239460500000	21	16	no	15.1	90.5	20506	20827	9249	6541	239	44014	1806	1388	111	4082	3506	541
April 11, 2009 6:36:00 AM UTC	1239460560000	20	14	no	15.3	90.7	20506	20827	9249	6541	264	43989	1822	1358	96	4071	3516	474
April 11, 2009 6:37:00 AM UTC	1239460620000	18	12	no	15.5	90.8	20506	20827	9261	6470	286	44026	1874	1433	68	4059	3502	379
April 11, 2009 6:38:00 AM UTC	1239460680000	17	11	no	15.7	91.0	20506	20827	9249	6542	273	43979	1861	1313	195	4048	3404	397
April 11, 2009 6:39:00 AM UTC	1239460740000	16	11	no	15.9	91.1	20506	20827	9261	6471	278	44033	1913	1226	307	4031	3182	513
April 11, 2009 6:40:00 AM UTC	1239460800000	16	11	no	16.1	91.3	20506	20827	9261	6545	268	43969	1912	1264	280	4024	2932	715
April 11, 2009 6:41:00 AM UTC	1239460860000	15	11	yes	16.3	91.4	20506	20827	9249	6617	259	43918	1903	1445	139	4011	2669	881
April 11, 2009 6:42:00 AM UTC	1239460920000	16	11	yes	16.5	91.6	20506	20827	9261	6545	302	43935	1951	1563	42	4004	2645	840
April 11, 2009 6:43:00 AM UTC	1239460980000	16	11	yes	16.7	91.7	20506	20827	9249	6616	301	43877	1929	1510	92	3996	2640	754
April 11, 2009 6:44:00 AM UTC	1239461040000	16	11	yes	16.9	91.9	20506	20827	9249	6616	295	43883	1947	1605	34	3987	2616	710
April 11, 2009 6:45:00 AM UTC	1239461100000	15	12	yes	17.1	92.0	20506	20827	9261	6544	297	43941	1989	1652	32	3975	2627	683
April 11, 2009 6:46:00 AM UTC	1239461160000	15	12	yes	17.3	92.2	20506	20827	9249	6615	285	43894	1985	1658	40	3961	2707	699
April 11, 2009 6:47:00 AM UTC	1239461220000	15	12	yes	17.5	92.3	20506	20827	9261	6543	289	43950	2030	1711	18	3952	2628	856
April 11, 2009 6:48:00 AM UTC	1239461280000	15	12	yes	17.7	92.5	20506	20827	9261	6543	283	43956	2044	1696	52	3947	2611	967
April 11, 2009 6:49:00 AM UTC	1239461340000	15	11	yes	17.9	92.6	20506	20827	9249	6617	264	43913	2024	1733	16	3943	2660	955
April 11, 2009 6:54:00 AM UTC	1239461640000	20	10	yes	18.9	93.4	20506	20827	9250	6549	222	44022	2109	1775	83	3906	3021	473
April 11, 2009 6:55:00 AM UTC	1239461700000	20	11	yes	19.1	93.5	20506	20827	9260	6478	185	44120	2157	1821	109	3901	2970	505
April 11, 2009 6:56:00 AM UTC	1239461760000	20	12	yes	19.3	93.7	20506	20827	9260	6478	166	44139	2179	1927	47	3887	2972	488
April 11, 2009 6:57:00 AM UTC	1239461820000	20	13	no	19.5	93.9	20506	20827	9250	6549	142	44102	2154	1907	79	3885	3069	525
April 11, 2009 6:58:00 AM UTC	1239461880000	20	13	no	19.7	94.0	20506	20827	9260	6479	140	44164	2205	1880	158	3880	3156	431
April 11, 2009 6:59:00 AM UTC	1239461940000	21	14	no	19.9	94.2	20506	20827	9249	6550	147	44097	2186	1760	235	3874	3176	491
April 11, 2009 7:00:00 AM UTC	1239462000000	21	16	yes	20.1	94.3	20506	20827	9260	6480	138	44165	2232	1778	271	3869	2976	670
April 11, 2009 7:01:00 AM UTC	1239462060000	22	16	yes	20.3	94.5	20506	20827	9260	6480	153	44150	2254	1893	182	3859	2823	637
April 11, 2009 7:02:00 AM UTC	1239462120000	23	18	yes	20.5	94.6	20506	20827	9249	6551	142	44101	2233	1997	85	3855	2535	694
April 11, 2009 7:03:00 AM UTC	1239462180000	23	20	yes	20.7	94.8	20506	20827	9260	6481	140	44162	2278	2107	24	3852	2399	632
April 11, 2009 7:04:00 AM UTC	1239462240000	24	22	yes	20.9	94.9	20506	20827	9248	6559	115	44121	2252	2066	71	3851	2325	663
April 11, 2009 7:05:00 AM UTC	1239462300000	25	24	yes	21.1	95.1	20506	20827	9259	6489	79	44216	2309	2213	13	3836	2271	703
April 11, 2009 7:06:00 AM UTC	1239462360000	24	28	yes	21.3	95.2	20506	20827	9259	6489	86	44209	2324	2181	45	3835	2149	890
April 11, 2009 7:11:00 AM UTC	1239462660000	36	38	yes	22.3	96.0	20506	20827	9258	6504	25	44256	2390	2251	112	3817	2442	860
April 11, 2009 7:12:00 AM UTC	1239462720000	40	38	yes	22.5	96.2	20506	20827	9246	6652	13	44132	2351	2204	124	3820	2840	625
April 11, 2009 7:13:00 AM UTC	1239462780000	42	38	yes	22.7	96.3	20506	20827	9257	6574	10	44202	2403	2264	118	3814	3150	371
April 11, 2009 7:14:00 AM UTC	1239462840000	45	38	yes	22.9	96.5	20506	20827	9257	6574	6	44206	2416	2352	48	3815	3150	411
April 11, 2009 7:15:00 AM UTC	1239462900000	49	37	yes	23.1	96.7	20506	20827	9256	6598	1	44188	2419	2394	21	3811	3050	541
April 11, 2009 7:16:00 AM UTC	1239462960000	51	37	yes	23.3	96.8	20506	20827	9256	6598	0	44189	2428	2378	36	3811	2889	721
April 11, 2009 7:17:00 AM UTC	1239463020000	56	34	yes	23.5	97.0	20506	20827	9245	6662	0	44136	2412	2382	22	3805	2921	707
April 11, 2009 7:18:00 AM UTC	1239463080000	59	32	no	23.7	97.1	20506	20827	9256	6513	0	44274	2477	2452	14	3808	2995	671
April 11, 2009 7:19:00 AM UTC	1239463140000	64	29	no	23.9	97.3	20506	20827	9256	6513	0	44274	2485	2476	9	3809	3142	548
April 11, 2009 7:20:00 AM UTC	1239463200000	70	24	yes	24.1	97.5	20506	20827	9255	6514	0	44274	2503	2491	12	3807	3304	423
April 11, 2009 7:21:00 AM UTC	1239463260000	74	20	no	24.3	97.6	20506	20827	9255	6514	0	44274	2514	2485	29	3804	3412	357
April 11, 2009 7:22:00 AM UTC	1239463320000	78	17	no	24.5	97.8	20506	20827	9244	6584	0	44215	2494	2433	58	3803	3638	155
April 11, 2009 7:23:00 AM UTC	1239463380000	81	14	no	24.7	97.9	20506	20827	9254	6514	0	44275	2540	2464	74	3805	3664	137
April 11, 2009 7:24:00 AM UTC	1239463440000	86	10	no	24.9	98.1	20506	20827	9253	6523	0	44267	2547	2545	2	3809	3737	72
April 11, 2009 7:25:00 AM UTC	1239463500000	89	7	no	25.1	98.3	20506	20827	9252	6534	0	44257	2559	2559	0	3804	3754	47
April 11, 2009 7:30:00 AM UTC	1239463800000	89	7	no	26.1	99.1	20506	20827	9250	6550	0	44243	2614	2611	2	3813	3812	1
April 11, 2009 7:31:00 AM UTC	1239463860000	87	8	no	26.3	99.3	20506	20827	9250	6550	0	44243	2625	2625	0	3810	3810	0
April 11, 2009 7:32:00 AM UTC	1239463920000	84	11	no	26.5	99.4	20506	20827	9247	6562	0	44234	2628	2627	1	3819	3819	0
April 11, 2009 7:33:00 AM UTC	1239463980000	81	14	no	26.7	99.6	20506	20827	9247	6562	0	44234	2639	2639	0	3825	3825	0
April 11, 2009 7:34:00 AM UTC	1239464040000	78	16	no	26.9	99.7	20506	20827	9247	6562	0	44234	2650	2650	0	3817	3817	0
April 11, 2009 7:35:00 AM UTC	1239464100000	76	16	no	27.0	99.9	20506	20827	9246	6565	0	44232	2663	2662	0	3825	3825	0
April 11, 2009 7:40:00 AM UTC	1239464400000	60	22	no	28.0	100.8	20506	20827	9243	6506	0	44294	2722	2709	8	3847	3847	0
April 11, 2009 7:41:00 AM UTC	1239464460000	57	22	no	28.2	100.9	20506	20827	9243	6500	0	44300	2725	2712	8	3852	3851	1
April 11, 2009 7:42:00 AM UTC	1239464520000	53	21	no	28.4	101.1	20506	20827	9243	6493	0	44307	2741	2740	1	3854	3854	0
April 11, 2009 7:43:00 AM UTC	1239464580000	50	20	no	28.6	101.3	20506	20827	9243	6493	0	44307	2744	2742	2	3865	3848	17
April 11, 2009 7:44:00 AM UTC	1239464640000	47	19	no	28.8	101.4	20506	20827	9253	6428	0	44362	2798	2797	1	3865	3761	104
April 11, 2009 7:45:00 AM UTC	1239464700000	43	20	no	29.0	101.6	20506	20827	9242	6513	0	44288	2756	2750	5	3874	3753	121
April 11, 2009 7:46:00 AM UTC	1239464760000	40	19	no	29.2	101.8	20506	20827	9254	6430	0	44359	2807	2803	4	3884	3791	93
April 11, 2009 7:47:00 AM UTC	1239464820000	36	18	no	29.4	101.9	20506	20827	9240	6591	0	44212	2743	2735	6	3889	3799	90
April 11, 2009 7:48:00 AM UTC	1239464880000	33	17	no	29.6	102.1	20506	20827	9240	6591	0	44212	2749	2733	11	3898	3760	138
April 11, 2009 7:49:00 AM UTC	1239464940000	30	17	no	29.8	102.3	20506	20827	9251	6521	0	44271	2805	2781	16	3900	3717	183
April 11, 2009 7:50:00 AM UTC	1239465000000	29	17	no	30.0	102.5	20506	20827	9240	6626	0	44177	2761	2727	25	3909	3601	308
April 11, 2009 7:51:00 AM UTC	1239465060000	26	17	no	30.2	102.6	20506	20827	9251	6555	0	44237	2812	2739	30	3918	3553	365
April 11, 2009 7:52:00 AM UTC	1239465120000	25	16	yes	30.4	102.8	20506	20827	9242	6613	0	44188	2780	2651	85	3926	3646	270
April 11, 2009 7:53:00 AM UTC	1239465180000	24	16	yes	30.6	103.0	20506	20827	9251	6555	0	44237	2825	2670	108	3935	3729	206
April 11, 2009 7:54:00 AM UTC	1239465240000	23	16	yes	30.8	103.2	20506	20827	9240	6627	0	44176	2780	2626	135	3950	3739	211
April 11, 2009 7:55:00 AM UTC	1239465300000	23	17	yes	31.0	103.3	20506	20827	9251	6558	0	44234	2836	2652	173	3953	3784	169
April 11, 2009 7:56:00 AM UTC	1239465360000	22	17	yes	31.2	103.5	20506	20827	9251	6556	0	44236	2833	2514	280	3965	3790	167
April 11, 2009 7:57:00 AM UTC	1239465420000	21	18	yes	31.4	103.7	20506	20827	9240	6625	0	44178	2791	2449	310	3979	3727	195
April 11, 2009 7:58:00 AM UTC	1239465480000	20	19	yes	31.6	103.9	20506	20827	9250	6555	0	44238	2841	2364	435	3989	3590	265
April 11, 2009 7:59:00 AM UTC	1239465540000	20	19	yes	31.8	104.1	20506	20827	9238	6566	0	44239	2813	2253	513	3998	3462	281
April 11, 2009 8:00:00 AM UTC	1239465600000	20	17	yes	32.0	104.2	20506	20827	9250	6497	0	44296	2856	2348	475	4011	3332	286
April 11, 2009 8:01:00 AM UTC	1239465660000	20	19	yes	32.2	104.4	20506	20827	9250	6497	0	44296	2857	2267	559	4026	3254	277
April 11, 2009 8:02:00 AM UTC	1239465720000	20	19	yes	32.3	104.6	20506	20827	9250	6499	0	44294	2863	2323	519	4036	3166	363
April 11, 2009 8:03:00 AM UTC	1239465780000	20	18	yes	32.5	104.8	20506	20827	9250	6499	0	44294	2867	2489	338	4048	3042	429
April 11, 2009 8:04:00 AM UTC	1239465840000	19	18	yes	32.7	105.0	20506	20827	9251	6498	0	44294	2868	2519	309	4061	2930	486
April 11, 2009 8:05:00 AM UTC	1239465900000	19	18	no	32.9	105.1	20506	20827	9248	6516	0	44279	2854	2558	245	4083	2874	462
April 11, 2009 8:06:00 AM UTC	1239465960000	20	19	yes	33.1	105.3	20506	20827	9248	6516	0	44279	2860	2615	194	4090	2841	452
April 11, 2009 8:07:00 AM UTC	1239466020000	21	21	yes	33.3	105.5	20506	20827	9248	6516	0	44279	2859	2696	105	4104	2825	437
April 11, 2009 8:08:00 AM UTC	1239466080000	22	22	yes	33.5	105.7	20506	20827	9248	6516	0	44279	2856	2596	200	4122	2654	583
April 11, 2009 8:09:00 AM UTC	1239466140000	22	27	yes	33.7	105.9	20506	20827	9248	6516	0	44279	2857	2600	219	4139	2462	689
April 11, 2009 8:10:00 AM UTC	1239466200000	22	32	yes	33.9	106.1	20506	20827	9247	6557	0	44239	2845	2451	381	4154	2509	759
April 11, 2009 8:11:00 AM UTC	1239466260000	26	33	yes	34.1	106.2	20506	20827	9246	6556	0	44241	2846	2436	407	4171	2484	835
April 11, 2009 8:12:00 AM UTC	1239466320000	28	31	yes	34.3	106.4	20506	20827	9246	6556	0	44241	2840	2526	309	4189	2323	1043
April 11, 2009 8:13:00 AM UTC	1239466380000	27	33	yes	34.5	106.6	20506	20827	9247	6557	0	44239	2835	2489	331	4209	2179	1199
April 11, 2009 8:14:00 AM UTC	1239466440000	26	33	yes	34.7	106.8	20506	20827	9247	6557	0	44239	2843	2593	243	4219	1915	1429
April 11, 2009 8:15:00 AM UTC	1239466500000	24	35	yes	34.9	107.0	20506	20827	9254	6510	0	44279	2868	2678	190	4234	1775	1565
April 11, 2009 8:16:00 AM UTC	1239466560000	23	33	yes	35.1	107.2	20506	20827	9244	6578	0	44221	2816	2709	107	4253	1886	1557
April 11, 2009 8:17:00 AM UTC	1239466620000	22	31	yes	35.2	107.4	20506	20827	9256	6444	0	44343	2887	2856	27	4270	2001	1371
April 11, 2009 8:18:00 AM UTC	1239466680000	19	28	yes	35.4	107.6	20506	20827	9244	6518	0	44281	2842	2736	95	4289	2043	1196
April 11, 2009 8:19:00 AM UTC	1239466740000	19	25	yes	35.6	107.8	20506	20827	9256	6444	0	44343	2889	2677	210	4301	2162	1326
April 11, 2009 8:20:00 AM UTC	1239466800000	17	22	yes	35.8	108.0	20506	20827	9245	6527	0	44271	2828	2483	320	4322	2231	1575
April 11, 2009 8:21:00 AM UTC	1239466860000	16	20	yes	36.0	108.2	20506	20827	9254	6465	0	44324	2871	2531	301	4337	2311	1760
April 11, 2009 8:22:00 AM UTC	1239466920000	15	17	yes	36.2	108.3	20506	20827	9244	6514	0	44285	2837	2478	338	4351	2198	1769
April 11, 2009 8:23:00 AM UTC	1239466980000	15	14	yes	36.4	108.5	20506	20827	9255	6444	0	44344	2872	2453	380	4370	2073	1765
April 11, 2009 8:24:00 AM UTC	1239467040000	14	13	yes	36.6	108.7	20506	20827	9252	6464	0	44327	2859	2197	591	4386	1918	1727
April 11, 2009 8:25:00 AM UTC	1239467100000	14	14	yes	36.8	108.9	20506	20827	9252	6464	0	44327	2859	2278	497	4401	1974	1451
April 11, 2009 8:26:00 AM UTC	1239467160000	14	13	yes	37.0	109.1	20506	20827	9252	6464	0	44327	2857	2324	495	4421	1932	1340
April 11, 2009 8:27:00 AM UTC	1239467220000	14	12	yes	37.2	109.3	20506	20827	9252	6467	0	44324	2853	2441	379	4442	1917	1142
April 11, 2009 8:28:00 AM UTC	1239467280000	13	11	yes	37.3	109.5	20506	20827	9248	6489	0	44306	2840	2319	446	4452	1808	1199
April 11, 2009 8:29:00 AM UTC	1239467340000	12	10	yes	37.5	109.7	20506	20827	9249	6489	0	44305	2836	2346	402	4468	1880	995
April 11, 2009 8:30:00 AM UTC	1239467400000	11	10	yes	37.7	109.9	20506	20827	9248	6610	0	44185	2812	2088	687	4479	1851	976
April 11, 2009 8:31:00 AM UTC	1239467460000	11	9	yes	37.9	110.1	20506	20827	9250	6588	0	44205	2816	2048	687	4500	1792	991
April 11, 2009 8:32:00 AM UTC	1239467520000	10	9	yes	38.1	110.3	20506	20827	9246	6615	0	44182	2799	1856	744	4520	1747	1007
April 11, 2009 8:33:00 AM UTC	1239467580000	10	9	yes	38.3	110.5	20506	20827	9248	6542	0	44253	2820	1820	784	4534	1733	989
April 11, 2009 8:34:00 AM UTC	1239467640000	10	9	yes	38.5	110.8	20506	20827	9248	6542	0	44253	2820	1755	785	4552	1795	943
April 11, 2009 8:35:00 AM UTC	1239467700000	9	9	yes	38.7	111.0	20506	20827	9258	6476	0	44309	2864	1620	868	4567	1787	950
April 11, 2009 8:36:00 AM UTC	1239467760000	8	8	yes	38.8	111.2	20506	20827	9243	6577	0	44223	2801	1513	847	4578	1692	981
April 11, 2009 8:37:00 AM UTC	1239467820000	8	8	yes	39.0	111.4	20506	20827	9253	6518	0	44272	2837	1451	896	4600	1572	1034
April 11, 2009 8:38:00 AM UTC	1239467880000	7	8	yes	39.2	111.6	20506	20827	9243	6577	0	44223	2789	1381	856	4612	1457	1038
April 11, 2009 8:39:00 AM UTC	1239467940000	7	8	yes	39.4	111.8	20506	20827	9258	6485	0	44300	2853	1426	869	4633	1457	936
April 11, 2009 8:40:00 AM UTC	1239468000000	7	9	yes	39.6	112.0	20506	20827	9245	6576	0	44222	2793	1412	900	4642	1389	837
April 11, 2009 8:41:00 AM UTC	1239468060000	7	9	yes	39.8	112.2	20506	20827	9256	6510	0	44277	2836	1492	803	4664	1378	833
April 11, 2009 8:42:00 AM UTC	1239468120000	7	9	yes	40.0	112.4	20506	20827	9245	6576	0	44222	2783	1442	821	4682	1282	1008
April 11, 2009 8:43:00 AM UTC	1239468180000	7	9	yes	40.2	112.6	20506	20827	9253	6510	0	44280	2827	1743	731	4698	1161	1259
April 11, 2009 8:44:00 AM UTC	1239468240000	7	10	yes	40.3	112.9	20506	20827	9240	6603	0	44200	2782	1863	618	4702	1119	1385
April 11, 2009 8:45:00 AM UTC	1239468300000	7	10	yes	40.5	113.1	20506	20827	9251	6537	0	44255	2813	1848	740	4728	1114	1416
April 11, 2009 8:46:00 AM UTC	1239468360000	7	12	yes	40.7	113.3	20506	20827	9245	6575	0	44223	2793	1740	854	4739	1051	1392
April 11, 2009 8:47:00 AM UTC	1239468420000	8	19	yes	40.9	113.5	20506	20827	9251	6480	0	44312	2818	1520	1063	4766	752	1353
April 11, 2009 8:48:00 AM UTC	1239468480000	13	17	yes	41.1	113.7	20506	20827	9241	6546	0	44256	2789	1683	881	4772	689	994
April 11, 2009 8:49:00 AM UTC	1239468540000	14	18	yes	41.3	113.9	20506	20827	9251	6481	0	44311	2823	1828	800	4794	552	871
April 11, 2009 8:50:00 AM UTC	1239468600000	12	17	yes	41.4	114.2	20506	20827	9246	6559	0	44238	2800	2005	633	4803	470	864
April 11, 2009 8:51:00 AM UTC	1239468660000	9	15	yes	41.6	114.4	20506	20827	9246	6559	0	44238	2787	1972	787	4826	583	1118
April 11, 2009 8:52:00 AM UTC	1239468720000	10	9	yes	41.8	114.6	20506	20827	9250	6530	0	44263	2808	2417	353	4839	1094	1425
April 11, 2009 8:53:00 AM UTC	1239468780000	10	8	yes	42.0	114.8	20506	20827	9249	6529	0	44265	2811	2217	497	4855	1471	1320
April 11, 2009 8:58:00 AM UTC	1239469080000	9	7	yes	42.9	116.0	20506	20827	9255	6508	0	44280	2807	770	766	4940	1488	784
April 11, 2009 8:59:00 AM UTC	1239469140000	8	8	yes	43.1	116.2	20506	20827	9245	6573	0	44225	2767	413	994	4948	1412	840
April 11, 2009 9:00:00 AM UTC	1239469200000	8	7	yes	43.3	116.4	20506	20827	9252	6474	0	44317	2817	374	923	4970	1373	826
April 11, 2009 9:01:00 AM UTC	1239469260000	7	8	yes	43.4	116.7	20506	20827	9241	6538	0	44264	2780	245	907	4972	1237	946
April 11, 2009 9:02:00 AM UTC	1239469320000	7	8	yes	43.6	116.9	20506	20827	9252	6475	0	44316	2812	236	914	4999	1155	1012
April 11, 2009 9:03:00 AM UTC	1239469380000	6	9	yes	43.8	117.1	20506	20827	9252	6475	0	44316	2813	283	892	5008	1018	1174
April 11, 2009 9:04:00 AM UTC	1239469440000	6	9	yes	44.0	117.4	20506	20827	9252	6475	0	44316	2819	189	920	5021	954	1204
April 11, 2009 9:05:00 AM UTC	1239469500000	6	9	yes	44.2	117.6	20506	20827	9247	6509	0	44287	2792	213	908	5035	950	1125
April 11, 2009 9:06:00 AM UTC	1239469560000	6	10	yes	44.3	117.9	20506	20827	9247	6509	0	44287	2789	201	891	5052	958	999
April 11, 2009 9:07:00 AM UTC	1239469620000	6	11	yes	44.5	118.1	20506	20827	9247	6509	0	44287	2793	277	965	5069	1007	902
April 11, 2009 9:08:00 AM UTC	1239469680000	8	12	yes	44.7	118.3	20506	20827	9247	6528	0	44268	2766	611	1050	5089	1180	919
April 11, 2009 9:09:00 AM UTC	1239469740000	9	11	yes	44.9	118.6	20506	20827	9247	6528	0	44268	2781	1027	704	5096	1387	1090
April 11, 2009 9:10:00 AM UTC	1239469800000	10	10	yes	45.0	118.8	20506	20827	9255	6466	0	44322	2814	1248	564	5121	1635	1182
April 11, 2009 9:11:00 AM UTC	1239469860000	11	9	yes	45.2	119.1	20506	20827	9242	6560	0	44241	2769	1385	484	5122	1837	939
April 11, 2009 9:12:00 AM UTC	1239469920000	11	9	yes	45.4	119.3	20506	20827	9256	6464	0	44323	2822	1556	476	5148	2021	943
April 11, 2009 9:13:00 AM UTC	1239469980000	11	9	yes	45.6	119.6	20506	20827	9242	6556	0	44245	2767	1575	476	5151	2114	1093
April 11, 2009 9:14:00 AM UTC	1239470040000	11	9	yes	45.7	119.8	20506	20827	9252	6493	0	44298	2805	1773	350	5176	2068	1094
April 11, 2009 9:15:00 AM UTC	1239470100000	10	9	yes	45.9	120.1	20506	20827	9252	6493	0	44298	2803	1816	400	5189	1841	1175
April 11, 2009 9:16:00 AM UTC	1239470160000	10	10	yes	46.1	120.3	20506	20827	9252	6493	0	44298	2802	1901	364	5203	2102	992
April 11, 2009 9:17:00 AM UTC	1239470220000	10	10	yes	46.3	120.6	20506	20827	9252	6511	0	44280	2780	1642	404	5220	2052	978
April 11, 2009 9:18:00 AM UTC	1239470280000	10	9	yes	46.4	120.8	20506	20827	9247	6555	0	44241	2758	1463	458	5227	1981	1170
April 11, 2009 9:19:00 AM UTC	1239470340000	10	8	yes	46.6	121.1	20506	20827	9247	6555	0	44241	2755	1290	541	5242	2030	1210
April 11, 2009 9:20:00 AM UTC	1239470400000	9	8	yes	46.8	121.4	20506	20827	9255	6494	0	44294	2793	1002	676	5262	2002	1104
April 11, 2009 9:21:00 AM UTC	1239470460000	8	10	yes	46.9	121.6	20506	20827	9247	6555	0	44241	2759	711	720	5262	1732	1329
April 11, 2009 9:22:00 AM UTC	1239470520000	6	11	yes	47.1	121.9	20506	20827	9257	6434	0	44352	2818	451	847	5299	1507	1626
April 11, 2009 9:23:00 AM UTC	1239470580000	5	10	yes	47.3	122.1	20506	20827	9246	6498	0	44299	2780	348	737	5294	1409	1683
April 11, 2009 9:24:00 AM UTC	1239470640000	5	10	yes	47.5	122.4	20506	20827	9256	6435	0	44352	2818	289	656	5322	1448	1617
April 11, 2009 9:25:00 AM UTC	1239470700000	4	9	yes	47.6	122.7	20506	20827	9249	6472	0	44322	2797	291	611	5329	1401	1478
April 11, 2009 9:26:00 AM UTC	1239470760000	4	9	yes	47.8	122.9	20506	20827	9249	6503	0	44291	2773	225	433	5337	1334	1371
April 11, 2009 9:27:00 AM UTC	1239470820000	5	9	yes	48.0	123.2	20506	20827	9248	6504	0	44291	2778	331	335	5353	1451	1190
April 11, 2009 9:28:00 AM UTC	1239470880000	5	7	yes	48.1	123.5	20506	20827	9248	6504	0	44291	2771	354	326	5367	1512	996
April 11, 2009 9:29:00 AM UTC	1239470940000	6	9	yes	48.3	123.8	20506	20827	9243	6543	0	44257	2751	235	296	5363	1370	934
April 11, 2009 9:30:00 AM UTC	1239471000000	8	10	yes	48.5	124.0	20506	20827	9248	6504	0	44291	2769	214	377	5395	1256	926
April 11, 2009 9:31:00 AM UTC	1239471060000	8	11	yes	48.6	124.3	20506	20827	9242	6543	0	44258	2751	316	471	5390	1089	1019
April 11, 2009 9:32:00 AM UTC	1239471120000	7	12	yes	48.8	124.6	20506	20827	9246	6487	0	44310	2785	611	434	5417	977	1050
April 11, 2009 9:37:00 AM UTC	1239471420000	4	5	yes	49.6	126.0	20506	20827	9245	6565	0	44233	2745	226	170	5469	808	700
April 11, 2009 9:38:00 AM UTC	1239471480000	4	5	yes	49.8	126.3	20506	20827	9246	6565	0	44232	2739	150	165	5483	841	520
April 11, 2009 9:39:00 AM UTC	1239471540000	4	5	yes	49.9	126.6	20506	20827	9246	6565	0	44232	2742	171	179	5494	840	372
April 11, 2009 9:40:00 AM UTC	1239471600000	3	5	yes	50.1	126.9	20506	20827	9245	6565	0	44233	2745	185	186	5504	777	316
April 11, 2009 9:41:00 AM UTC	1239471660000	4	6	yes	50.3	127.2	20506	20827	9255	6454	0	44334	2804	240	176	5533	807	434
April 11, 2009 9:42:00 AM UTC	1239471720000	4	6	yes	50.4	127.5	20506	20827	9247	6509	0	44287	2773	386	235	5529	801	397
April 11, 2009 9:43:00 AM UTC	1239471780000	5	7	yes	50.6	127.8	20506	20827	9247	6538	0	44258	2759	576	288	5541	740	358
April 11, 2009 9:44:00 AM UTC	1239471840000	5	7	yes	50.7	128.1	20506	20827	9255	6496	0	44292	2774	676	235	5564	706	265
April 11, 2009 9:45:00 AM UTC	1239471900000	5	8	yes	50.9	128.4	20506	20827	9248	6538	0	44257	2763	523	214	5558	699	334
April 11, 2009 9:46:00 AM UTC	1239471960000	4	9	yes	51.1	128.7	20506	20827	9247	6539	0	44257	2749	474	316	5574	765	355
April 11, 2009 9:47:00 AM UTC	1239472020000	3	10	yes	51.2	129.0	20506	20827	9247	6539	0	44257	2753	217	256	5581	616	407
April 11, 2009 9:48:00 AM UTC	1239472080000	3	11	yes	51.4	129.3	20506	20827	9240	6586	0	44217	2724	160	291	5582	665	549
April 11, 2009 9:49:00 AM UTC	1239472140000	3	13	yes	51.5	129.6	20506	20827	9246	6539	0	44258	2749	211	285	5608	716	863
April 11, 2009 9:50:00 AM UTC	1239472200000	3	14	yes	51.7	129.9	20506	20827	9249	6474	0	44320	2784	258	311	5620	784	1071
April 11, 2009 9:51:00 AM UTC	1239472260000	3	15	yes	51.8	130.2	20506	20827	9240	6574	0	44229	2733	182	452	5613	821	1020
April 11, 2009 9:52:00 AM UTC	1239472320000	4	16	yes	52.0	130.5	20506	20827	9249	6519	0	44275	2759	215	687	5639	1018	921
April 11, 2009 9:53:00 AM UTC	1239472380000	4	17	yes	52.1	130.8	20506	20827	9249	6519	0	44275	2762	285	811	5643	1012	1002
April 11, 2009 9:54:00 AM UTC	1239472440000	4	17	yes	52.3	131.2	20506	20827	9249	6519	0	44275	2759	495	730	5656	903	1157
April 11, 2009 9:55:00 AM UTC	1239472500000	4	16	yes	52.4	131.5	20506	20827	9250	6518	0	44275	2761	606	602	5659	831	1310
April 11, 2009 9:56:00 AM UTC	1239472560000	4	16	yes	52.6	131.8	20506	20827	9251	6510	0	44282	2760	584	696	5676	812	1497
April 11, 2009 9:57:00 AM UTC	1239472620000	5	15	yes	52.7	132.1	20506	20827	9250	6517	0	44276	2751	761	518	5682	976	1493
April 11, 2009 9:58:00 AM UTC	1239472680000	6	16	yes	52.9	132.5	20506	20827	9251	6510	0	44282	2766	736	661	5692	1155	1451
April 11, 2009 9:59:00 AM UTC	1239472740000	6	15	yes	53.0	132.8	20506	20827	9251	6581	0	44211	2734	722	707	5703	1132	1569
April 11, 2009 10:00:00 AM UTC	1239472800000	6	14	yes	53.2	133.1	20506	20827	9251	6581	0	44211	2732	716	723	5711	984	1683
April 11, 2009 10:01:00 AM UTC	1239472860000	6	14	yes	53.3	133.4	20506	20827	9251	6580	0	44212	2739	699	711	5714	784	1896
April 11, 2009 10:02:00 AM UTC	1239472920000	6	15	yes	53.5	133.8	20506	20827	9244	6628	0	44171	2707	666	637	5713	637	2036
April 11, 2009 10:03:00 AM UTC	1239472980000	6	14	yes	53.6	134.1	20506	20827	9251	6580	0	44212	2734	499	794	5736	575	1959
April 11, 2009 10:04:00 AM UTC	1239473040000	6	15	yes	53.8	134.5	20506	20827	9244	6628	0	44171	2695	363	1042	5730	562	1837
April 11, 2009 10:05:00 AM UTC	1239473100000	6	15	yes	53.9	134.8	20506	20827	9252	6519	0	44272	2759	425	1140	5755	469	1713
April 11, 2009 10:06:00 AM UTC	1239473160000	6	13	yes	54.1	135.1	20506	20827	9244	6620	0	44179	2707	266	1098	5738	453	1453
April 11, 2009 10:07:00 AM UTC	1239473220000	6	12	yes	54.2	135.5	20506	20827	9253	6570	0	44220	2733	214	1060	5768	414	1243
April 11, 2009 10:08:00 AM UTC	1239473280000	6	12	yes	54.3	135.8	20506	20827	9245	6620	0	44178	2711	212	1091	5750	347	1139
April 11, 2009 10:09:00 AM UTC	1239473340000	6	12	yes	54.5	136.2	20506	20827	9245	6617	0	44181	2716	328	989	5758	329	1212
April 11, 2009 10:10:00 AM UTC	1239473400000	6	12	yes	54.6	136.5	20506	20827	9237	6670	0	44136	2686	235	783	5747	280	945
April 11, 2009 10:11:00 AM UTC	1239473460000	6	12	yes	54.7	136.9	20506	20827	9253	6571	0	44219	2734	232	714	5793	338	861
April 11, 2009 10:12:00 AM UTC	1239473520000	7	12	yes	54.9	137.3	20506	20827	9253	6622	0	44168	2696	228	932	5790	401	731
April 11, 2009 10:13:00 AM UTC	1239473580000	7	12	yes	55.0	137.6	20506	20827	9245	6630	0	44168	2703	222	1149	5781	402	627
April 11, 2009 10:14:00 AM UTC	1239473640000	7	14	yes	55.2	138.0	20506	20827	9244	6631	0	44168	2699	186	1171	5792	351	612
April 11, 2009 10:15:00 AM UTC	1239473700000	7	12	yes	55.3	138.3	20506	20827	9260	6467	0	44316	2775	248	860	5836	436	642
April 11, 2009 10:16:00 AM UTC	1239473760000	7	13	yes	55.4	138.7	20506	20827	9253	6522	0	44268	2754	270	940	5824	421	684
April 11, 2009 10:17:00 AM UTC	1239473820000	8	12	yes	55.6	139.1	20506	20827	9253	6522	0	44268	2745	199	730	5827	353	777
April 11, 2009 10:18:00 AM UTC	1239473880000	8	11	yes	55.7	139.4	20506	20827	9244	6574	0	44225	2729	259	742	5816	434	1058
April 11, 2009 10:19:00 AM UTC	1239473940000	9	10	yes	55.8	139.8	20506	20827	9253	6540	0	44250	2739	231	580	5835	568	1192
April 11, 2009 10:20:00 AM UTC	1239474000000	8	10	yes	55.9	140.2	20506	20827	9254	6530	0	44259	2752	174	473	5842	515	1405
April 11, 2009 10:21:00 AM UTC	1239474060000	7	9	yes	56.1	140.6	20506	20827	9253	6541	0	44249	2738	172	350	5846	617	1223
April 11, 2009 10:22:00 AM UTC	1239474120000	6	8	yes	56.2	141.0	20506	20827	9254	6541	0	44248	2738	205	221	5848	695	1165
April 11, 2009 10:23:00 AM UTC	1239474180000	7	8	yes	56.3	141.3	20506	20827	9254	6541	0	44248	2740	209	233	5852	668	1096
April 11, 2009 10:24:00 AM UTC	1239474240000	9	8	yes	56.5	141.7	20506	20827	9253	6541	0	44249	2743	184	176	5853	618	1181
April 11, 2009 10:25:00 AM UTC	1239474300000	9	9	yes	56.6	142.1	20506	20827	9251	6551	0	44241	2736	200	171	5854	537	1377
April 11, 2009 10:26:00 AM UTC	1239474360000	10	10	yes	56.7	142.5	20506	20827	9250	6571	0	44222	2733	218	140	5862	485	1501
April 11, 2009 10:27:00 AM UTC	1239474420000	9	10	yes	56.8	142.9	20506	20827	9250	6571	0	44222	2725	143	128	5861	300	1631
April 11, 2009 10:28:00 AM UTC	1239474480000	7	10	yes	56.9	143.3	20506	20827	9241	6620	0	44182	2708	161	106	5847	326	1591
April 11, 2009 10:29:00 AM UTC	1239474540000	5	9	yes	57.1	143.7	20506	20827	9254	6529	0	44260	2746	179	101	5887	400	1454
April 11, 2009 10:30:00 AM UTC	1239474600000	3	9	yes	57.2	144.1	20506	20827	9250	6570	0	44223	2723	120	90	5866	308	1501
April 11, 2009 10:31:00 AM UTC	1239474660000	3	10	yes	57.3	144.5	20506	20827	9256	6528	0	44259	2744	168	103	5889	379	1429
April 11, 2009 10:32:00 AM UTC	1239474720000	3	10	yes	57.4	144.9	20506	20827	9255	6553	0	44235	2729	181	88	5900	336	1423
April 11, 2009 10:33:00 AM UTC	1239474780000	3	10	yes	57.5	145.3	20506	20827	9247	6610	0	44186	2706	104	82	5875	248	1453
April 11, 2009 10:34:00 AM UTC	1239474840000	4	10	yes	57.6	145.7	20506	20827	9247	6610	0	44186	2705	136	101	5868	285	1229
April 11, 2009 10:35:00 AM UTC	1239474900000	5	10	yes	57.8	146.1	20506	20827	9254	6575	0	44214	2722	171	221	5883	255	1013
April 11, 2009 10:36:00 AM UTC	1239474960000	6	9	yes	57.9	146.5	20506	20827	9255	6512	0	44276	2751	175	547	5893	174	960
April 11, 2009 10:37:00 AM UTC	1239475020000	7	9	yes	58.0	147.0	20506	20827	9255	6512	0	44276	2751	361	430	5893	190	931
April 11, 2009 10:38:00 AM UTC	1239475080000	8	9	yes	58.1	147.4	20506	20827	9249	6581	0	44213	2719	365	393	5875	187	772
April 11, 2009 10:39:00 AM UTC	1239475140000	8	8	yes	58.2	147.8	20506	20827	9251	6561	0	44231	2719	276	338	5889	103	631
April 11, 2009 10:40:00 AM UTC	1239475200000	10	7	yes	58.3	148.2	20506	20827	9247	6599	0	44197	2710	230	331	5873	116	372
April 11, 2009 10:41:00 AM UTC	1239475260000	11	7	yes	58.4	148.6	20506	20827	9252	6561	0	44230	2718	240	254	5889	173	338
April 11, 2009 10:42:00 AM UTC	1239475320000	12	7	yes	58.5	149.1	20506	20827	9257	6522	0	44264	2743	180	144	5905	123	216
April 11, 2009 10:43:00 AM UTC	1239475380000	15	7	yes	58.6	149.5	20506	20827	9252	6560	0	44231	2725	199	145	5888	186	297
April 11, 2009 10:44:00 AM UTC	1239475440000	17	7	yes	58.7	149.9	20506	20827	9256	6557	0	44230	2724	322	166	5900	243	193
April 11, 2009 10:45:00 AM UTC	1239475500000	19	7	yes	58.8	150.4	20506	20827	9256	6558	0	44229	2724	176	104	5898	285	232
April 11, 2009 10:46:00 AM UTC	1239475560000	20	7	yes	58.9	150.8	20506	20827	9256	6558	0	44229	2722	156	63	5897	289	221
April 11, 2009 10:47:00 AM UTC	1239475620000	21	8	yes	59.0	151.3	20506	20827	9238	6681	0	44124	2673	170	73	5854	300	189
April 11, 2009 10:48:00 AM UTC	1239475680000	21	9	yes	59.1	151.7	20506	20827	9242	6644	0	44157	2684	174	66	5869	197	185
April 11, 2009 10:49:00 AM UTC	1239475740000	21	11	yes	59.2	152.1	20506	20827	9245	6569	0	44229	2732	218	127	5873	162	105
April 11, 2009 10:50:00 AM UTC	1239475800000	20	12	yes	59.3	152.6	20506	20827	9244	6637	0	44162	2688	94	97	5865	86	83
April 11, 2009 10:51:00 AM UTC	1239475860000	21	11	yes	59.4	153.0	20506	20827	9249	6603	0	44191	2704	144	196	5879	111	45
April 11, 2009 10:52:00 AM UTC	1239475920000	21	12	yes	59.5	153.5	20506	20827	9248	6604	0	44191	2704	173	309	5879	135	108
April 11, 2009 10:53:00 AM UTC	1239475980000	21	13	yes	59.6	153.9	20506	20827	9248	6604	0	44191	2705	173	445	5878	105	158
April 11, 2009 10:54:00 AM UTC	1239476040000	23	13	yes	59.7	154.4	20506	20827	9252	6544	0	44247	2733	502	404	5894	262	273
April 11, 2009 10:55:00 AM UTC	1239476100000	24	10	yes	59.7	154.9	20506	20827	9247	6582	0	44214	2726	323	391	5878	324	322
April 11, 2009 10:56:00 AM UTC	1239476160000	23	12	yes	59.8	155.3	20506	20827	9241	6681	0	44121	2668	202	456	5863	134	354
April 11, 2009 10:57:00 AM UTC	1239476220000	21	10	yes	59.9	155.8	20506	20827	9241	6681	0	44121	2667	196	399	5863	217	214
April 11, 2009 10:58:00 AM UTC	1239476280000	20	11	yes	60.0	156.3	20506	20827	9240	6681	0	44122	2668	214	339	5865	224	230
April 11, 2009 10:59:00 AM UTC	1239476340000	20	10	yes	60.1	156.7	20506	20827	9245	6650	0	44148	2675	139	257	5875	172	162
April 11, 2009 11:00:00 AM UTC	1239476400000	22	9	yes	60.1	157.2	20506	20827	9256	6523	0	44264	2748	188	169	5905	324	242
April 11, 2009 11:01:00 AM UTC	1239476460000	24	9	yes	60.2	157.7	20506	20827	9244	6592	0	44207	2709	143	142	5883	624	336
April 11, 2009 11:02:00 AM UTC	1239476520000	27	9	yes	60.3	158.1	20506	20827	9243	6657	0	44143	2677	451	207	5874	1000	308
April 11, 2009 11:03:00 AM UTC	1239476580000	27	8	yes	60.4	158.6	20506	20827	9249	6633	0	44161	2679	159	83	5883	1172	291
April 11, 2009 11:04:00 AM UTC	1239476640000	29	10	yes	60.4	159.1	20506	20827	9251	6606	0	44186	2701	449	215	5894	1044	521
April 11, 2009 11:05:00 AM UTC	1239476700000	29	9	yes	60.5	159.6	20506	20827	9249	6554	0	44240	2717	489	136	5897	912	429
April 11, 2009 11:06:00 AM UTC	1239476760000	29	10	yes	60.6	160.1	20506	20827	9243	6578	0	44222	2724	453	176	5881	789	489
April 11, 2009 11:07:00 AM UTC	1239476820000	30	9	yes	60.7	160.5	20506	20827	9243	6579	0	44221	2727	309	90	5881	987	411
April 11, 2009 11:08:00 AM UTC	1239476880000	33	9	yes	60.7	161.0	20506	20827	9245	6626	0	44172	2688	471	197	5882	1163	405
April 11, 2009 11:09:00 AM UTC	1239476940000	36	9	yes	60.8	161.5	20506	20827	9254	6546	0	44243	2733	1079	181	5899	1273	402
April 11, 2009 11:10:00 AM UTC	1239477000000	35	9	yes	60.9	162.0	20506	20827	9246	6589	0	44208	2699	1409	144	5886	1298	389
April 11, 2009 11:11:00 AM UTC	1239477060000	32	9	no	60.9	162.5	20506	20827	9250	6556	0	44237	2729	1343	180	5896	1118	318
April 11, 2009 11:12:00 AM UTC	1239477120000	32	8	yes	61.0	163.0	20506	20827	9250	6556	0	44237	2724	1318	211	5894	1156	232
April 11, 2009 11:13:00 AM UTC	1239477180000	28	9	yes	61.0	163.5	20506	20827	9240	6622	0	44181	2703	1134	194	5870	1203	422
April 11, 2009 11:14:00 AM UTC	1239477240000	28	9	yes	61.1	164.0	20506	20827	9241	6622	0	44180	2699	996	206	5865	1353	432
April 11, 2009 11:15:00 AM UTC	1239477300000	30	9	yes	61.1	164.5	20506	20827	9252	6608	0	44183	2691	1137	138	5890	1555	389
April 11, 2009 11:16:00 AM UTC	1239477360000	32	9	yes	61.2	165.0	20506	20827	9242	6667	0	44134	2676	744	111	5871	1695	339
April 11, 2009 11:17:00 AM UTC	1239477420000	34	10	yes	61.2	165.5	20506	20827	9245	6618	0	44180	2692	824	241	5880	1745	235
April 11, 2009 11:18:00 AM UTC	1239477480000	35	10	yes	61.3	166.0	20506	20827	9245	6618	0	44180	2701	1025	272	5882	1924	305
April 11, 2009 11:19:00 AM UTC	1239477540000	32	8	yes	61.3	166.5	20506	20827	9254	6550	0	44239	2711	893	186	5905	2071	283
April 11, 2009 11:20:00 AM UTC	1239477600000	31	8	yes	61.4	167.0	20506	20827	9245	6617	0	44181	2698	989	122	5883	2381	197
April 11, 2009 11:21:00 AM UTC	1239477660000	30	9	yes	61.4	167.5	20506	20827	9245	6609	0	44189	2696	372	116	5880	2530	202
April 11, 2009 11:22:00 AM UTC	1239477720000	31	7	yes	61.5	168.0	20506	20827	9247	6591	0	44205	2711	493	210	5887	2582	163
April 11, 2009 11:23:00 AM UTC	1239477780000	32	7	yes	61.5	168.5	20506	20827	9246	6591	0	44206	2714	141	60	5895	2705	163
April 11, 2009 11:24:00 AM UTC	1239477840000	34	6	yes	61.6	169.0	20506	20827	9249	6550	0	44244	2731	107	56	5897	2851	110
April 11, 2009 11:25:00 AM UTC	1239477900000	37	6	yes	61.6	169.6	20506	20827	9238	6617	0	44188	2700	102	26	5869	2903	131
April 11, 2009 11:26:00 AM UTC	1239477960000	39	7	yes	61.6	170.1	20506	20827	9240	6611	0	44192	2702	110	35	5874	2937	128
April 11, 2009 11:27:00 AM UTC	1239478020000	40	8	yes	61.7	170.6	20506	20827	9252	6612	0	44179	2693	112	45	5896	2883	103
April 11, 2009 11:28:00 AM UTC	1239478080000	39	6	yes	61.7	171.1	20506	20827	9241	6680	0	44122	2665	247	117	5868	2973	47
April 11, 2009 11:29:00 AM UTC	1239478140000	39	5	yes	61.7	171.6	20506	20827	9243	6664	0	44136	2669	199	72	5875	3001	36
April 11, 2009 11:30:00 AM UTC	1239478200000	40	4	yes	61.8	172.1	20506	20827	9254	6599	0	44190	2694	527	126	5898	3078	22
April 11, 2009 11:31:00 AM UTC	1239478260000	41	4	yes	61.8	172.7	20506	20827	9245	6646	0	44152	2676	958	76	5877	2982	16
April 11, 2009 11:32:00 AM UTC	1239478320000	42	3	yes	61.8	173.2	20506	20827	9247	6561	0	44235	2727	907	69	5885	3019	21
April 11, 2009 11:33:00 AM UTC	1239478380000	43	4	yes	61.8	173.7	20506	20827	9259	6493	0	44291	2758	814	53	5909	3119	25
April 11, 2009 11:34:00 AM UTC	1239478440000	44	4	yes	61.9	174.2	20506	20827	9247	6639	0	44157	2679	695	89	5874	3054	47
April 11, 2009 11:35:00 AM UTC	1239478500000	47	5	yes	61.9	174.7	20506	20827	9248	6633	0	44162	2686	953	130	5876	3111	37
April 11, 2009 11:36:00 AM UTC	1239478560000	49	5	yes	61.9	175.3	20506	20827	9246	6638	0	44159	2686	738	119	5874	3106	52
April 11, 2009 11:37:00 AM UTC	1239478620000	52	5	yes	61.9	175.8	20506	20827	9248	6613	0	44182	2699	747	98	5879	3160	49
April 11, 2009 11:38:00 AM UTC	1239478680000	54	4	yes	61.9	176.3	20506	20827	9247	6619	0	44177	2692	1087	178	5879	3204	44
April 11, 2009 11:39:00 AM UTC	1239478740000	53	4	yes	61.9	176.8	20506	20827	9246	6616	0	44181	2692	1460	40	5885	3240	43
April 11, 2009 11:40:00 AM UTC	1239478800000	51	5	yes	61.9	177.4	20506	20827	9247	6615	0	44181	2697	1647	50	5884	3277	57
April 11, 2009 11:41:00 AM UTC	1239478860000	48	6	no	62.0	177.9	20506	20827	9260	6466	0	44317	2764	1896	73	5915	3257	114
April 11, 2009 11:42:00 AM UTC	1239478920000	47	6	no	62.0	178.4	20506	20827	9250	6611	0	44182	2697	1961	138	5881	3191	124
April 11, 2009 11:43:00 AM UTC	1239478980000	49	6	yes	62.0	178.9	20506	20827	9250	6591	0	44202	2704	1757	169	5884	3261	99
April 11, 2009 11:44:00 AM UTC	1239479040000	53	5	yes	62.0	179.5	20506	20827	9249	6592	0	44202	2694	1117	231	5884	3390	58
April 11, 2009 11:45:00 AM UTC	1239479100000	58	4	yes	62.0	180.0	20506	20827	9249	6592	0	44202	2702	1424	138	5889	3456	58
April 11, 2009 11:46:00 AM UTC	1239479160000	59	4	yes	62.0	180.5	20506	20827	9249	6592	0	44202	2694	1496	34	5883	3485	87
April 11, 2009 11:47:00 AM UTC	1239479220000	60	4	no	62.0	181.1	20506	20827	9250	6591	0	44202	2704	1483	51	5884	3463	139
April 11, 2009 11:48:00 AM UTC	1239479280000	63	4	no	62.0	181.6	20506	20827	9250	6606	0	44187	2699	1894	64	5882	3493	136
April 11, 2009 11:49:00 AM UTC	1239479340000	65	4	no	62.0	182.1	20506	20827	9260	6464	0	44319	2765	2377	73	5917	3491	139
April 11, 2009 11:50:00 AM UTC	1239479400000	66	5	no	61.9	182.6	20506	20827	9247	6613	0	44183	2697	2667	16	5883	3458	117
April 11, 2009 11:51:00 AM UTC	1239479460000	67	6	no	61.9	183.2	20506	20827	9246	6614	0	44183	2692	2692	0	5885	3520	116
April 11, 2009 11:52:00 AM UTC	1239479520000	67	7	no	61.9	183.7	20506	20827	9247	6617	0	44179	2692	2690	2	5878	3637	123
April 11, 2009 11:53:00 AM UTC	1239479580000	66	8	no	61.9	184.2	20506	20827	9247	6622	0	44174	2694	2694	0	5876	3703	160
April 11, 2009 11:54:00 AM UTC	1239479640000	65	7	no	61.9	184.7	20506	20827	9247	6622	0	44174	2692	2692	0	5877	3857	198
April 11, 2009 11:55:00 AM UTC	1239479700000	66	8	no	61.9	185.2	20506	20827	9248	6627	0	44168	2687	2686	1	5876	4070	178
April 11, 2009 11:56:00 AM UTC	1239479760000	65	10	no	61.9	185.8	20506	20827	9247	6635	0	44161	2678	2482	91	5874	4290	129
April 11, 2009 11:57:00 AM UTC	1239479820000	66	12	no	61.8	186.3	20506	20827	9259	6491	0	44293	2759	2680	79	5909	4402	266
April 11, 2009 11:58:00 AM UTC	1239479880000	63	17	no	61.8	186.8	20506	20827	9247	6562	0	44234	2725	2548	163	5885	4557	302
April 11, 2009 11:59:00 AM UTC	1239479940000	61	22	no	61.8	187.3	20506	20827	9245	6641	0	44157	2676	2282	314	5877	4683	445
April 11, 2009 12:00:00 PM UTC	1239480000000	58	29	no	61.8	187.9	20506	20827	9254	6597	0	44192	2694	2047	541	5898	4710	508
April 11, 2009 12:01:00 PM UTC	1239480060000	57	30	no	61.7	188.4	20506	20827	9242	6672	0	44129	2663	1964	685	5872	4578	715
April 11, 2009 12:02:00 PM UTC	1239480120000	56	29	no	61.7	188.9	20506	20827	9241	6677	0	44125	2663	1742	908	5868	4496	749
April 11, 2009 12:03:00 PM UTC	1239480180000	57	26	no	61.7	189.4	20506	20827	9252	6609	0	44182	2693	1472	1039	5896	4713	752
April 11, 2009 12:04:00 PM UTC	1239480240000	63	20	yes	61.6	189.9	20506	20827	9241	6594	0	44208	2707	1985	375	5877	5150	474
April 11, 2009 12:05:00 PM UTC	1239480300000	59	19	yes	61.6	190.4	20506	20827	9238	6614	0	44191	2700	1690	193	5869	4840	846
April 11, 2009 12:06:00 PM UTC	1239480360000	61	19	no	61.6	191.0	20506	20827	9249	6546	0	44248	2730	1942	346	5897	4876	815
April 11, 2009 12:07:00 PM UTC	1239480420000	64	17	no	61.5	191.5	20506	20827	9246	6588	0	44209	2714	2414	98	5895	4619	974
April 11, 2009 12:08:00 PM UTC	1239480480000	69	15	no	61.5	192.0	20506	20827	9247	6588	0	44208	2710	2330	239	5887	4584	671
April 11, 2009 12:09:00 PM UTC	1239480540000	79	9	yes	61.4	192.5	20506	20827	9245	6600	0	44198	2696	2696	0	5882	4820	38
April 11, 2009 12:10:00 PM UTC	1239480600000	79	10	no	61.4	193.0	20506	20827	9245	6612	0	44186	2699	2684	15	5883	4290	412
April 11, 2009 12:11:00 PM UTC	1239480660000	81	9	no	61.4	193.5	20506	20827	9254	6543	0	44246	2712	2712	0	5905	4274	532
April 11, 2009 12:12:00 PM UTC	1239480720000	82	7	no	61.3	194.0	20506	20827	9245	6613	0	44185	2699	2699	0	5883	4118	625
April 11, 2009 12:13:00 PM UTC	1239480780000	81	6	no	61.3	194.5	20506	20827	9245	6613	0	44185	2692	2692	0	5881	4150	661
April 11, 2009 12:14:00 PM UTC	1239480840000	80	4	no	61.2	195.0	20506	20827	9242	6663	0	44138	2678	2678	0	5871	4106	582
April 11, 2009 12:15:00 PM UTC	1239480900000	75	5	no	61.2	195.5	20506	20827	9252	6603	0	44188	2693	2693	0	5891	3782	506
April 11, 2009 12:20:00 PM UTC	1239481200000	66	10	yes	60.9	198.0	20506	20827	9246	6584	0	44213	2697	1971	157	5885	3111	275
April 11, 2009 12:21:00 PM UTC	1239481260000	63	10	yes	60.8	198.5	20506	20827	9254	6541	0	44248	2731	2121	198	5899	2928	265
April 11, 2009 12:22:00 PM UTC	1239481320000	60	12	yes	60.7	199.0	20506	20827	9245	6621	0	44177	2685	1673	430	5883	2695	384
April 11, 2009 12:23:00 PM UTC	1239481380000	58	13	yes	60.7	199.5	20506	20827	9243	6573	0	44227	2727	1580	488	5882	2777	410
April 11, 2009 12:24:00 PM UTC	1239481440000	59	15	yes	60.6	200.0	20506	20827	9243	6576	0	44224	2724	1253	798	5880	2952	438
April 11, 2009 12:25:00 PM UTC	1239481500000	59	15	yes	60.5	200.4	20506	20827	9249	6549	0	44245	2717	1602	481	5897	2857	348
April 11, 2009 12:26:00 PM UTC	1239481560000	61	18	yes	60.5	200.9	20506	20827	9251	6601	0	44191	2698	1923	265	5895	2800	590
April 11, 2009 12:27:00 PM UTC	1239481620000	61	21	no	60.4	201.4	20506	20827	9249	6627	0	44167	2679	1829	589	5883	2360	707
April 11, 2009 12:28:00 PM UTC	1239481680000	67	15	no	60.3	201.9	20506	20827	9243	6656	0	44144	2672	1897	439	5874	1941	666
April 11, 2009 12:29:00 PM UTC	1239481740000	68	14	no	60.2	202.3	20506	20827	9249	6559	0	44235	2719	2320	188	5887	1690	372
April 11, 2009 12:30:00 PM UTC	1239481800000	70	14	no	60.2	202.8	20506	20827	9246	6592	0	44205	2714	2637	50	5879	1612	307
April 11, 2009 12:31:00 PM UTC	1239481860000	72	15	no	60.1	203.3	20506	20827	9245	6648	0	44150	2672	2635	37	5874	1555	707
April 11, 2009 12:32:00 PM UTC	1239481920000	76	13	no	60.0	203.8	20506	20827	9240	6675	0	44128	2667	2659	8	5864	1862	757
April 11, 2009 12:33:00 PM UTC	1239481980000	82	8	yes	59.9	204.2	20506	20827	9241	6675	0	44127	2668	2636	32	5862	2396	674
April 11, 2009 12:34:00 PM UTC	1239482040000	84	6	yes	59.8	204.7	20506	20827	9241	6675	0	44127	2670	2670	0	5863	2565	857
April 11, 2009 12:35:00 PM UTC	1239482100000	87	4	no	59.8	205.2	20506	20827	9247	6576	0	44220	2726	2726	0	5878	2817	1011
April 11, 2009 12:36:00 PM UTC	1239482160000	87	4	no	59.7	205.6	20506	20827	9248	6598	0	44197	2706	2706	0	5878	2890	1042
April 11, 2009 12:37:00 PM UTC	1239482220000	88	5	no	59.6	206.1	20506	20827	9248	6598	0	44197	2702	2702	0	5878	2913	1066
April 11, 2009 12:38:00 PM UTC	1239482280000	88	4	no	59.5	206.5	20506	20827	9248	6598	0	44197	2704	2704	0	5878	2910	1086
April 11, 2009 12:39:00 PM UTC	1239482340000	89	4	no	59.4	207.0	20506	20827	9249	6597	0	44197	2705	2705	0	5880	3154	935
April 11, 2009 12:40:00 PM UTC	1239482400000	90	4	no	59.3	207.4	20506	20827	9244	6627	0	44172	2690	2690	0	5866	3401	1024
April 11, 2009 12:41:00 PM UTC	1239482460000	91	4	no	59.2	207.9	20506	20827	9245	6588	0	44210	2713	2713	0	5869	3553	976
April 11, 2009 12:42:00 PM UTC	1239482520000	91	3	no	59.1	208.3	20506	20827	9242	6637	0	44164	2686	2686	0	5867	3729	840
April 11, 2009 12:43:00 PM UTC	1239482580000	92	3	no	59.0	208.8	20506	20827	9253	6576	0	44214	2716	2716	0	5893	3854	640
April 11, 2009 12:44:00 PM UTC	1239482640000	91	3	no	58.9	209.2	20506	20827	9247	6611	0	44185	2690	2690	0	5877	3745	582
April 11, 2009 12:45:00 PM UTC	1239482700000	91	3	no	58.8	209.6	20506	20827	9256	6551	0	44236	2725	2725	0	5900	3696	596
April 11, 2009 12:46:00 PM UTC	1239482760000	91	3	no	58.7	210.1	20506	20827	9256	6549	0	44238	2725	2725	0	5898	3545	702
April 11, 2009 12:47:00 PM UTC	1239482820000	91	3	no	58.6	210.5	20506	20827	9252	6552	0	44239	2723	2723	0	5889	3466	765
April 11, 2009 12:48:00 PM UTC	1239482880000	91	4	no	58.5	211.0	20506	20827	9257	6515	0	44271	2738	2738	0	5903	3503	837
April 11, 2009 12:53:00 PM UTC	1239483180000	94	4	no	58.0	213.1	20506	20827	9255	6503	0	44285	2751	2751	0	5893	4543	448
April 11, 2009 12:54:00 PM UTC	1239483240000	94	4	no	57.9	213.5	20506	20827	9249	6547	0	44247	2729	2729	0	5879	4484	524
April 11, 2009 12:55:00 PM UTC	1239483300000	93	5	no	57.8	213.9	20506	20827	9255	6549	0	44239	2729	2729	0	5888	4527	657
April 11, 2009 1:00:00 PM UTC	1239483600000	93	3	no	57.2	215.9	20506	20827	9250	6561	0	44232	2724	2724	0	5866	4600	388
April 11, 2009 1:01:00 PM UTC	1239483660000	93	3	no	57.1	216.3	20506	20827	9254	6520	0	44269	2745	2743	2	5885	4642	266
April 11, 2009 1:02:00 PM UTC	1239483720000	93	3	no	57.0	216.7	20506	20827	9250	6562	0	44231	2731	2731	0	5865	4497	387
April 11, 2009 1:03:00 PM UTC	1239483780000	94	3	no	56.9	217.1	20506	20827	9250	6562	0	44231	2724	2724	0	5863	4452	529
April 11, 2009 1:04:00 PM UTC	1239483840000	94	2	no	56.7	217.5	20506	20827	9243	6605	0	44195	2712	2712	0	5846	4454	510
April 11, 2009 1:05:00 PM UTC	1239483900000	94	2	no	56.6	217.9	20506	20827	9251	6542	0	44250	2736	2736	0	5856	4572	436
April 11, 2009 1:06:00 PM UTC	1239483960000	94	2	no	56.5	218.3	20506	20827	9244	6587	0	44212	2711	2711	0	5839	4554	426
April 11, 2009 1:07:00 PM UTC	1239484020000	94	2	no	56.4	218.7	20506	20827	9254	6532	0	44257	2738	2738	0	5852	4531	388
April 11, 2009 1:08:00 PM UTC	1239484080000	94	2	no	56.2	219.1	20506	20827	9254	6532	0	44257	2741	2741	0	5849	4313	486
April 11, 2009 1:09:00 PM UTC	1239484140000	95	2	no	56.1	219.5	20506	20827	9253	6532	0	44258	2740	2740	0	5849	4581	425
April 11, 2009 1:10:00 PM UTC	1239484200000	95	2	no	56.0	219.8	20506	20827	9253	6528	0	44262	2745	2745	0	5844	4766	372
April 11, 2009 1:11:00 PM UTC	1239484260000	94	2	no	55.9	220.2	20506	20827	9252	6531	0	44260	2742	2742	0	5837	4646	335
April 11, 2009 1:12:00 PM UTC	1239484320000	94	2	no	55.7	220.6	20506	20827	9244	6562	0	44237	2731	2731	0	5816	4412	314
April 11, 2009 1:13:00 PM UTC	1239484380000	93	2	no	55.6	221.0	20506	20827	9253	6510	0	44280	2745	2745	0	5829	4226	382
April 11, 2009 1:14:00 PM UTC	1239484440000	92	2	no	55.5	221.3	20506	20827	9246	6561	0	44236	2728	2728	0	5812	4070	503
April 11, 2009 1:15:00 PM UTC	1239484500000	91	3	no	55.3	221.7	20506	20827	9252	6510	0	44281	2753	2753	0	5819	3948	526
April 11, 2009 1:16:00 PM UTC	1239484560000	90	3	no	55.2	222.1	20506	20827	9244	6619	0	44180	2699	2699	0	5792	3802	561
April 11, 2009 1:17:00 PM UTC	1239484620000	89	4	no	55.1	222.4	20506	20827	9245	6618	0	44180	2704	2704	0	5786	3580	593
April 11, 2009 1:18:00 PM UTC	1239484680000	88	4	no	54.9	222.8	20506	20827	9253	6559	0	44231	2725	2725	0	5797	3464	528
April 11, 2009 1:19:00 PM UTC	1239484740000	87	4	no	54.8	223.1	20506	20827	9253	6559	0	44231	2734	2734	0	5795	3368	531
April 11, 2009 1:20:00 PM UTC	1239484800000	85	5	yes	54.7	223.5	20506	20827	9245	6609	0	44189	2704	2704	0	5766	3342	458
April 11, 2009 1:21:00 PM UTC	1239484860000	84	5	yes	54.5	223.9	20506	20827	9253	6507	0	44283	2761	2761	0	5779	3285	455
April 11, 2009 1:22:00 PM UTC	1239484920000	81	6	yes	54.4	224.2	20506	20827	9245	6609	0	44189	2708	2652	56	5754	3208	375
April 11, 2009 1:23:00 PM UTC	1239484980000	78	7	yes	54.2	224.6	20506	20827	9253	6560	0	44230	2728	2309	338	5775	3242	376
April 11, 2009 1:24:00 PM UTC	1239485040000	76	7	yes	54.1	224.9	20506	20827	9244	6609	0	44190	2700	2242	296	5743	3253	333
April 11, 2009 1:25:00 PM UTC	1239485100000	74	6	yes	54.0	225.2	20506	20827	9252	6548	0	44243	2728	2329	241	5754	3344	284
April 11, 2009 1:26:00 PM UTC	1239485160000	70	6	yes	53.8	225.6	20506	20827	9244	6600	0	44199	2698	2414	214	5732	3440	371
April 11, 2009 1:27:00 PM UTC	1239485220000	63	9	yes	53.7	225.9	20506	20827	9244	6600	0	44199	2714	2210	398	5719	3287	620
April 11, 2009 1:28:00 PM UTC	1239485280000	56	10	yes	53.5	226.3	20506	20827	9251	6548	0	44244	2733	1822	475	5731	3286	671
April 11, 2009 1:29:00 PM UTC	1239485340000	50	12	yes	53.4	226.6	20506	20827	9244	6600	0	44199	2712	1419	560	5702	3299	785
April 11, 2009 1:30:00 PM UTC	1239485400000	42	15	yes	53.2	226.9	20506	20827	9251	6553	0	44239	2737	1095	537	5709	3230	902
April 11, 2009 1:31:00 PM UTC	1239485460000	34	19	yes	53.1	227.3	20506	20827	9243	6600	0	44200	2710	712	609	5691	2989	1152
April 11, 2009 1:32:00 PM UTC	1239485520000	27	17	yes	52.9	227.6	20506	20827	9251	6499	0	44293	2765	347	645	5694	2803	1274
April 11, 2009 1:33:00 PM UTC	1239485580000	24	14	yes	52.8	227.9	20506	20827	9243	6552	0	44248	2727	45	127	5672	2336	1553
April 11, 2009 1:34:00 PM UTC	1239485640000	21	12	yes	52.6	228.3	20506	20827	9251	6499	0	44293	2768	36	36	5678	1658	1450
April 11, 2009 1:39:00 PM UTC	1239485940000	21	11	yes	51.9	229.8	20506	20827	9246	6518	0	44279	2752	0	5	5631	830	495
April 11, 2009 1:40:00 PM UTC	1239486000000	22	10	yes	51.7	230.2	20506	20827	9241	6521	0	44281	2750	0	9	5611	903	517
April 11, 2009 1:41:00 PM UTC	1239486060000	22	11	yes	51.6	230.5	20506	20827	9256	6466	0	44321	2780	31	82	5622	901	527
April 11, 2009 1:42:00 PM UTC	1239486120000	23	12	yes	51.4	230.8	20506	20827	9241	6564	0	44238	2733	83	54	5583	1089	550
April 11, 2009 1:43:00 PM UTC	1239486180000	24	14	yes	51.3	231.1	20506	20827	9247	6525	0	44271	2757	97	44	5586	1336	543
April 11, 2009 1:44:00 PM UTC	1239486240000	33	13	yes	51.1	231.4	20506	20827	9247	6525	0	44271	2750	437	177	5575	1566	501
April 11, 2009 1:45:00 PM UTC	1239486300000	35	14	yes	50.9	231.7	20506	20827	9248	6524	0	44271	2759	555	346	5562	1509	517
April 11, 2009 1:46:00 PM UTC	1239486360000	37	11	yes	50.8	232.0	20506	20827	9245	6554	0	44244	2739	1046	157	5549	1345	422
April 11, 2009 1:47:00 PM UTC	1239486420000	37	11	yes	50.6	232.3	20506	20827	9247	6524	0	44272	2756	1345	123	5543	1274	450
April 11, 2009 1:48:00 PM UTC	1239486480000	35	12	no	50.5	232.6	20506	20827	9247	6500	0	44296	2774	804	192	5532	1154	455
April 11, 2009 1:49:00 PM UTC	1239486540000	32	11	no	50.3	232.9	20506	20827	9248	6482	0	44313	2782	794	104	5528	1204	455
April 11, 2009 1:50:00 PM UTC	1239486600000	31	12	yes	50.2	233.2	20506	20827	9245	6556	0	44242	2741	486	135	5511	1273	553
April 11, 2009 1:51:00 PM UTC	1239486660000	27	11	yes	50.0	233.5	20506	20827	9246	6556	0	44241	2746	227	65	5495	1089	637
April 11, 2009 1:52:00 PM UTC	1239486720000	24	10	yes	49.8	233.8	20506	20827	9246	6556	0	44241	2740	65	56	5491	933	655
April 11, 2009 1:53:00 PM UTC	1239486780000	21	11	yes	49.7	234.1	20506	20827	9251	6517	0	44275	2764	57	53	5473	737	607
April 11, 2009 1:54:00 PM UTC	1239486840000	17	11	yes	49.5	234.3	20506	20827	9243	6573	0	44227	2736	36	32	5466	601	519
April 11, 2009 1:55:00 PM UTC	1239486900000	16	10	yes	49.3	234.6	20506	20827	9252	6518	0	44273	2768	5	29	5449	504	422
April 11, 2009 1:56:00 PM UTC	1239486960000	16	9	yes	49.2	234.9	20506	20827	9251	6482	0	44310	2797	15	23	5458	518	427
April 11, 2009 1:57:00 PM UTC	1239487020000	16	10	yes	49.0	235.2	20506	20827	9252	6480	0	44311	2793	36	50	5433	601	392
April 11, 2009 1:58:00 PM UTC	1239487080000	16	9	yes	48.9	235.5	20506	20827	9252	6420	0	44371	2818	0	6	5426	587	436
April 11, 2009 1:59:00 PM UTC	1239487140000	17	9	yes	48.7	235.8	20506	20827	9248	6496	0	44299	2775	1	11	5406	593	479
April 11, 2009 2:00:00 PM UTC	1239487200000	18	9	yes	48.5	236.0	20506	20827	9248	6496	0	44299	2766	2	10	5397	641	448
April 11, 2009 2:01:00 PM UTC	1239487260000	18	9	yes	48.4	236.3	20506	20827	9248	6496	0	44299	2771	0	10	5388	625	477
April 11, 2009 2:02:00 PM UTC	1239487320000	19	8	yes	48.2	236.6	20506	20827	9248	6496	0	44299	2772	3	9	5371	620	441
April 11, 2009 2:03:00 PM UTC	1239487380000	18	8	yes	48.0	236.9	20506	20827	9248	6496	0	44299	2775	19	24	5357	616	391
April 11, 2009 2:04:00 PM UTC	1239487440000	19	8	yes	47.8	237.1	20506	20827	9249	6468	0	44326	2792	0	20	5345	679	406
April 11, 2009 2:05:00 PM UTC	1239487500000	21	8	yes	47.7	237.4	20506	20827	9241	6531	0	44271	2757	20	72	5318	716	361
April 11, 2009 2:06:00 PM UTC	1239487560000	22	8	yes	47.5	237.7	20506	20827	9256	6431	0	44356	2819	48	56	5324	713	405
April 11, 2009 2:07:00 PM UTC	1239487620000	25	8	yes	47.3	237.9	20506	20827	9242	6525	0	44276	2766	203	70	5292	547	401
April 11, 2009 2:08:00 PM UTC	1239487680000	27	9	yes	47.2	238.2	20506	20827	9257	6429	0	44357	2819	61	83	5301	589	400
April 11, 2009 2:09:00 PM UTC	1239487740000	28	11	yes	47.0	238.5	20506	20827	9247	6548	0	44248	2764	35	78	5265	730	422
April 11, 2009 2:10:00 PM UTC	1239487800000	28	11	yes	46.8	238.7	20506	20827	9252	6513	0	44278	2779	194	180	5263	827	494
April 11, 2009 2:11:00 PM UTC	1239487860000	29	11	yes	46.7	239.0	20506	20827	9247	6548	0	44248	2749	654	170	5251	905	524
April 11, 2009 2:12:00 PM UTC	1239487920000	30	11	yes	46.5	239.2	20506	20827	9247	6548	0	44248	2755	749	119	5229	892	506
April 11, 2009 2:13:00 PM UTC	1239487980000	32	12	no	46.3	239.5	20506	20827	9251	6522	0	44270	2772	1008	304	5223	832	560
April 11, 2009 2:14:00 PM UTC	1239488040000	37	15	yes	46.1	239.7	20506	20827	9252	6492	0	44299	2800	1763	263	5208	548	549
April 11, 2009 2:15:00 PM UTC	1239488100000	38	16	no	46.0	240.0	20506	20827	9243	6555	0	44245	2766	2029	202	5179	608	534
April 11, 2009 2:16:00 PM UTC	1239488160000	44	17	no	45.8	240.3	20506	20827	9252	6492	0	44299	2801	1550	278	5180	889	636
April 11, 2009 2:17:00 PM UTC	1239488220000	53	16	no	45.6	240.5	20506	20827	9248	6514	0	44281	2786	1587	241	5160	1074	837
April 11, 2009 2:18:00 PM UTC	1239488280000	61	15	yes	45.4	240.8	20506	20827	9257	6454	0	44332	2827	1251	272	5156	1481	734
April 11, 2009 2:19:00 PM UTC	1239488340000	69	11	yes	45.3	241.0	20506	20827	9241	6615	0	44187	2744	1208	375	5124	1846	681
April 11, 2009 2:20:00 PM UTC	1239488400000	74	9	yes	45.1	241.3	20506	20827	9247	6527	0	44269	2778	1782	345	5113	1990	656
April 11, 2009 2:21:00 PM UTC	1239488460000	81	5	yes	44.9	241.5	20506	20827	9247	6527	0	44269	2777	1843	226	5105	2584	428
April 11, 2009 2:22:00 PM UTC	1239488520000	79	7	yes	44.7	241.7	20506	20827	9247	6527	0	44269	2768	1630	173	5085	2110	922
April 11, 2009 2:23:00 PM UTC	1239488580000	86	4	yes	44.6	242.0	20506	20827	9247	6509	0	44287	2797	2105	247	5069	2782	469
April 11, 2009 2:24:00 PM UTC	1239488640000	88	3	yes	44.4	242.2	20506	20827	9247	6510	0	44286	2794	2462	168	5052	3120	325
April 11, 2009 2:25:00 PM UTC	1239488700000	89	3	yes	44.2	242.5	20506	20827	9253	6478	0	44312	2813	2534	198	5042	3385	434
April 11, 2009 2:26:00 PM UTC	1239488760000	84	7	no	44.0	242.7	20506	20827	9252	6476	0	44315	2821	2158	372	5026	3119	731
April 11, 2009 2:27:00 PM UTC	1239488820000	83	7	no	43.9	242.9	20506	20827	9241	6540	0	44262	2773	2210	245	5002	3193	710
April 11, 2009 2:28:00 PM UTC	1239488880000	82	6	no	43.7	243.2	20506	20827	9252	6476	0	44315	2812	2512	204	5004	3196	729
April 11, 2009 2:29:00 PM UTC	1239488940000	80	7	no	43.5	243.4	20506	20827	9241	6540	0	44262	2781	2520	167	4973	2916	839
April 11, 2009 2:30:00 PM UTC	1239489000000	82	8	yes	43.3	243.6	20506	20827	9252	6475	0	44316	2816	2406	331	4978	2989	842
April 11, 2009 2:31:00 PM UTC	1239489060000	84	6	yes	43.1	243.9	20506	20827	9245	6573	0	44225	2762	2452	229	4955	3047	784
April 11, 2009 2:32:00 PM UTC	1239489120000	88	6	yes	43.0	244.1	20506	20827	9255	6510	0	44278	2811	2434	354	4939	3320	676
April 11, 2009 2:33:00 PM UTC	1239489180000	89	5	yes	42.8	244.3	20506	20827	9242	6592	0	44209	2765	2281	410	4917	3442	499
April 11, 2009 2:34:00 PM UTC	1239489240000	89	6	no	42.6	244.6	20506	20827	9246	6561	0	44236	2788	2010	756	4904	3394	700
April 11, 2009 2:35:00 PM UTC	1239489300000	93	4	yes	42.4	244.8	20506	20827	9246	6561	0	44236	2791	2155	456	4889	3778	521
April 11, 2009 2:36:00 PM UTC	1239489360000	94	3	yes	42.2	245.0	20506	20827	9246	6561	0	44236	2790	2355	391	4871	3884	395
April 11, 2009 2:37:00 PM UTC	1239489420000	91	5	yes	42.1	245.3	20506	20827	9249	6532	0	44262	2808	1940	572	4860	3612	686
April 11, 2009 2:38:00 PM UTC	1239489480000	94	3	yes	41.9	245.5	20506	20827	9246	6561	0	44236	2786	2351	373	4839	3976	463
April 11, 2009 2:39:00 PM UTC	1239489540000	93	3	yes	41.7	245.7	20506	20827	9246	6561	0	44236	2788	2374	357	4830	4207	245
April 11, 2009 2:40:00 PM UTC	1239489600000	87	6	yes	41.5	245.9	20506	20827	9250	6531	0	44262	2815	2301	458	4811	4086	364
April 11, 2009 2:41:00 PM UTC	1239489660000	84	8	yes	41.3	246.1	20506	20827	9251	6483	0	44309	2822	2235	535	4799	4019	346
April 11, 2009 2:42:00 PM UTC	1239489720000	83	9	yes	41.1	246.4	20506	20827	9251	6482	0	44310	2821	2267	447	4783	3975	352
April 11, 2009 2:43:00 PM UTC	1239489780000	80	12	yes	41.0	246.6	20506	20827	9251	6482	0	44310	2824	2216	495	4765	3650	607
April 11, 2009 2:44:00 PM UTC	1239489840000	75	15	yes	40.8	246.8	20506	20827	9251	6536	0	44256	2814	2315	428	4749	3427	729
April 11, 2009 2:45:00 PM UTC	1239489900000	73	16	yes	40.6	247.0	20506	20827	9251	6536	0	44256	2815	2407	382	4730	3351	850
April 11, 2009 2:46:00 PM UTC	1239489960000	73	16	yes	40.4	247.2	20506	20827	9251	6523	0	44269	2819	2697	122	4717	3174	994
April 11, 2009 2:47:00 PM UTC	1239490020000	75	17	yes	40.2	247.5	20506	20827	9245	6575	0	44223	2789	2725	59	4697	3095	1046
April 11, 2009 2:48:00 PM UTC	1239490080000	79	16	no	40.0	247.7	20506	20827	9245	6575	0	44223	2787	2702	67	4683	3180	935
April 11, 2009 2:49:00 PM UTC	1239490140000	84	13	no	39.8	247.9	20506	20827	9245	6575	0	44223	2798	2650	93	4665	3431	679
April 11, 2009 2:50:00 PM UTC	1239490200000	87	11	no	39.7	248.1	20506	20827	9245	6575	0	44223	2792	2649	97	4650	3504	645
April 11, 2009 2:51:00 PM UTC	1239490260000	91	8	yes	39.5	248.3	20506	20827	9243	6576	0	44224	2800	2662	118	4631	3546	656
April 11, 2009 2:52:00 PM UTC	1239490320000	94	5	yes	39.3	248.5	20506	20827	9243	6576	0	44224	2788	2696	62	4624	3596	589
April 11, 2009 2:53:00 PM UTC	1239490380000	94	4	yes	39.1	248.7	20506	20827	9243	6575	0	44225	2804	2624	65	4599	3459	551
April 11, 2009 2:54:00 PM UTC	1239490440000	93	5	yes	38.9	248.9	20506	20827	9246	6557	0	44240	2804	2444	214	4592	3184	542
April 11, 2009 2:55:00 PM UTC	1239490500000	90	7	no	38.7	249.1	20506	20827	9248	6542	0	44253	2823	2274	440	4572	2815	753
April 11, 2009 2:56:00 PM UTC	1239490560000	91	6	no	38.5	249.3	20506	20827	9248	6542	0	44253	2829	2636	164	4553	2603	834
April 11, 2009 2:57:00 PM UTC	1239490620000	94	3	no	38.3	249.5	20506	20827	9248	6542	0	44253	2821	2805	16	4537	2967	435
April 11, 2009 2:58:00 PM UTC	1239490680000	95	3	no	38.2	249.8	20506	20827	9250	6588	0	44205	2816	2793	17	4530	3118	395
April 11, 2009 2:59:00 PM UTC	1239490740000	96	2	yes	38.0	250.0	20506	20827	9248	6612	0	44183	2799	2738	26	4504	3371	230
April 11, 2009 3:00:00 PM UTC	1239490800000	96	1	yes	37.8	250.2	20506	20827	9248	6612	0	44183	2808	2703	49	4485	3425	155
April 11, 2009 3:01:00 PM UTC	1239490860000	96	1	yes	37.6	250.4	20506	20827	9237	6559	0	44247	2794	2680	57	4475	3358	194
April 11, 2009 3:02:00 PM UTC	1239490920000	97	1	yes	37.4	250.6	20506	20827	9252	6469	0	44322	2857	2733	65	4457	3444	151
April 11, 2009 3:03:00 PM UTC	1239490980000	96	1	yes	37.2	250.8	20506	20827	9244	6536	0	44263	2814	2635	130	4441	3512	150
April 11, 2009 3:04:00 PM UTC	1239491040000	95	3	yes	37.0	251.0	20506	20827	9252	6466	0	44325	2850	2647	149	4428	3536	216
April 11, 2009 3:05:00 PM UTC	1239491100000	92	7	yes	36.8	251.2	20506	20827	9241	6534	0	44268	2814	2665	66	4405	3594	220
April 11, 2009 3:06:00 PM UTC	1239491160000	90	8	yes	36.6	251.4	20506	20827	9255	6443	0	44345	2876	2736	37	4389	3593	252
April 11, 2009 3:07:00 PM UTC	1239491220000	91	7	yes	36.5	251.6	20506	20827	9244	6513	0	44286	2840	2640	67	4369	3721	204
April 11, 2009 3:08:00 PM UTC	1239491280000	89	10	no	36.3	251.7	20506	20827	9256	6435	0	44352	2882	2002	722	4358	3491	382
April 11, 2009 3:09:00 PM UTC	1239491340000	89	9	yes	36.1	251.9	20506	20827	9244	6529	0	44270	2819	1702	860	4341	3253	569
April 11, 2009 3:10:00 PM UTC	1239491400000	89	8	no	35.9	252.1	20506	20827	9253	6461	0	44329	2865	2247	359	4331	2859	515
April 11, 2009 3:11:00 PM UTC	1239491460000	90	7	no	35.7	252.3	20506	20827	9245	6498	0	44300	2850	2595	191	4304	2574	603
April 11, 2009 3:12:00 PM UTC	1239491520000	92	5	yes	35.5	252.5	20506	20827	9245	6498	0	44300	2850	2738	68	4291	2583	809
April 11, 2009 3:13:00 PM UTC	1239491580000	94	4	no	35.3	252.7	20506	20827	9246	6503	0	44294	2840	2695	106	4275	2731	747
April 11, 2009 3:14:00 PM UTC	1239491640000	95	3	no	35.1	252.9	20506	20827	9244	6580	0	44219	2829	2699	102	4260	2918	619
April 11, 2009 3:15:00 PM UTC	1239491700000	95	3	no	34.9	253.1	20506	20827	9243	6580	0	44220	2824	2736	65	4242	2917	619
April 11, 2009 3:16:00 PM UTC	1239491760000	95	3	no	34.7	253.3	20506	20827	9247	6561	0	44235	2835	2797	35	4229	2900	675
April 11, 2009 3:17:00 PM UTC	1239491820000	96	2	no	34.5	253.5	20506	20827	9256	6492	0	44295	2876	2808	42	4217	3005	577
April 11, 2009 3:18:00 PM UTC	1239491880000	95	2	no	34.4	253.7	20506	20827	9246	6561	0	44236	2843	2736	53	4193	3098	568
April 11, 2009 3:19:00 PM UTC	1239491940000	96	2	no	34.2	253.9	20506	20827	9246	6561	0	44236	2844	2750	43	4176	3313	430
April 11, 2009 3:20:00 PM UTC	1239492000000	97	2	no	34.0	254.0	20506	20827	9247	6519	0	44277	2850	2820	24	4159	3475	375
April 11, 2009 3:21:00 PM UTC	1239492060000	97	2	no	33.8	254.2	20506	20827	9248	6517	0	44278	2858	2848	10	4149	3578	350
April 11, 2009 3:22:00 PM UTC	1239492120000	97	2	no	33.6	254.4	20506	20827	9248	6518	0	44277	2854	2841	9	4129	3616	312
April 11, 2009 3:23:00 PM UTC	1239492180000	98	2	no	33.4	254.6	20506	20827	9248	6518	0	44277	2852	2845	7	4116	3662	306
April 11, 2009 3:24:00 PM UTC	1239492240000	98	1	no	33.2	254.8	20506	20827	9248	6517	0	44278	2855	2854	1	4098	3755	220
April 11, 2009 3:25:00 PM UTC	1239492300000	98	1	no	33.0	255.0	20506	20827	9248	6517	0	44278	2854	2851	3	4084	3799	179
April 11, 2009 3:26:00 PM UTC	1239492360000	98	1	no	32.8	255.1	20506	20827	9239	6569	0	44235	2828	2827	1	4067	3729	234
April 11, 2009 3:27:00 PM UTC	1239492420000	99	1	no	32.6	255.3	20506	20827	9250	6500	0	44293	2868	2868	0	4054	3718	261
April 11, 2009 3:28:00 PM UTC	1239492480000	99	1	no	32.4	255.5	20506	20827	9241	6569	0	44233	2817	2817	0	4044	3774	206
April 11, 2009 3:29:00 PM UTC	1239492540000	99	1	no	32.2	255.7	20506	20827	9250	6498	0	44295	2855	2849	6	4033	3822	172
April 11, 2009 3:30:00 PM UTC	1239492600000	99	1	no	32.0	255.9	20506	20827	9250	6498	0	44295	2859	2853	6	4014	3793	201
April 11, 2009 3:31:00 PM UTC	1239492660000	99	1	no	31.8	256.1	20506	20827	9250	6556	0	44237	2847	2744	97	3998	3899	98
April 11, 2009 3:32:00 PM UTC	1239492720000	100	0	no	31.6	256.2	20506	20827	9250	6556	0	44237	2839	2765	69	3993	3893	100
April 11, 2009 3:33:00 PM UTC	1239492780000	100	0	no	31.4	256.4	20506	20827	9240	6625	0	44178	2797	2731	60	3980	3927	41
April 11, 2009 3:34:00 PM UTC	1239492840000	100	0	no	31.3	256.6	20506	20827	9251	6557	0	44235	2837	2773	42	3972	3920	40
April 11, 2009 3:35:00 PM UTC	1239492900000	99	1	no	31.1	256.8	20506	20827	9240	6627	0	44176	2792	2718	43	3959	3797	154
April 11, 2009 3:36:00 PM UTC	1239492960000	99	1	no	30.9	256.9	20506	20827	9251	6557	0	44235	2825	2721	54	3953	3632	267
April 11, 2009 3:37:00 PM UTC	1239493020000	98	1	no	30.7	257.1	20506	20827	9242	6609	0	44192	2796	2652	52	3936	3390	426
April 11, 2009 3:38:00 PM UTC	1239493080000	98	1	yes	30.5	257.3	20506	20827	9253	6541	0	44249	2829	2667	50	3928	3263	519
April 11, 2009 3:39:00 PM UTC	1239493140000	97	2	yes	30.3	257.5	20506	20827	9240	6626	0	44177	2775	2582	108	3918	3046	701
April 11, 2009 3:40:00 PM UTC	1239493200000	97	2	yes	30.1	257.6	20506	20827	9240	6590	0	44213	2768	2465	153	3914	3083	601
April 11, 2009 3:41:00 PM UTC	1239493260000	96	3	yes	29.9	257.8	20506	20827	9251	6519	0	44273	2803	2341	249	3907	3211	465
April 11, 2009 3:42:00 PM UTC	1239493320000	96	3	yes	29.7	258.0	20506	20827	9240	6588	0	44215	2758	2103	346	3898	3374	332
April 11, 2009 3:43:00 PM UTC	1239493380000	96	3	yes	29.5	258.2	20506	20827	9252	6458	0	44333	2801	1951	529	3893	3612	211
April 11, 2009 3:44:00 PM UTC	1239493440000	98	1	yes	29.3	258.3	20506	20827	9244	6485	0	44314	2779	2213	391	3877	3786	49
April 11, 2009 3:45:00 PM UTC	1239493500000	98	1	yes	29.1	258.5	20506	20827	9244	6485	0	44314	2772	2334	333	3873	3853	6
April 11, 2009 3:46:00 PM UTC	1239493560000	99	1	yes	28.9	258.7	20506	20827	9242	6503	0	44298	2758	2654	44	3867	3837	30
April 11, 2009 3:47:00 PM UTC	1239493620000	98	2	yes	28.7	258.8	20506	20827	9242	6503	0	44298	2740	2683	34	3870	3853	17
April 11, 2009 3:48:00 PM UTC	1239493680000	98	1	yes	28.5	259.0	20506	20827	9253	6428	0	44362	2777	2763	7	3860	3857	3
April 11, 2009 3:49:00 PM UTC	1239493740000	98	1	yes	28.3	259.2	20506	20827	9244	6497	0	44302	2736	2727	4	3855	3852	3
April 11, 2009 3:50:00 PM UTC	1239493800000	97	2	yes	28.1	259.4	20506	20827	9254	6431	0	44358	2763	2761	0	3849	3827	11
April 11, 2009 3:51:00 PM UTC	1239493860000	96	3	yes	27.9	259.5	20506	20827	9245	6565	0	44233	2708	2703	5	3845	3822	14
April 11, 2009 3:52:00 PM UTC	1239493920000	95	4	yes	27.7	259.7	20506	20827	9245	6565	0	44233	2694	2694	0	3840	3809	24
April 11, 2009 3:53:00 PM UTC	1239493980000	95	4	yes	27.5	259.9	20506	20827	9246	6565	0	44232	2682	2679	3	3839	3801	38
April 11, 2009 3:54:00 PM UTC	1239494040000	93	5	yes	27.3	260.0	20506	20827	9246	6565	0	44232	2674	2655	19	3834	3752	54
April 11, 2009 3:55:00 PM UTC	1239494100000	94	4	yes	27.1	260.2	20506	20827	9256	6493	0	44294	2704	2678	20	3828	3758	45
April 11, 2009 3:56:00 PM UTC	1239494160000	94	5	no	26.9	260.4	20506	20827	9247	6563	0	44233	2657	2632	20	3825	3798	27
April 11, 2009 3:57:00 PM UTC	1239494220000	94	4	no	26.7	260.5	20506	20827	9247	6563	0	44233	2643	2609	19	3823	3818	5
April 11, 2009 3:58:00 PM UTC	1239494280000	94	5	no	26.5	260.7	20506	20827	9250	6551	0	44242	2644	2623	14	3806	3794	12
April 11, 2009 3:59:00 PM UTC	1239494340000	94	5	no	26.3	260.9	20506	20827	9250	6551	0	44242	2629	2586	29	3827	3774	53
April 11, 2009 4:00:00 PM UTC	1239494400000	94	5	no	26.1	261.0	20506	20827	9251	6518	0	44274	2619	2570	19	3811	3720	88
April 11, 2009 4:01:00 PM UTC	1239494460000	94	5	no	25.9	261.2	20506	20827	9251	6518	0	44274	2614	2583	14	3814	3735	66
April 11, 2009 4:02:00 PM UTC	1239494520000	94	5	no	25.7	261.4	20506	20827	9251	6518	0	44274	2600	2590	10	3806	3750	51
April 11, 2009 4:03:00 PM UTC	1239494580000	94	5	no	25.5	261.5	20506	20827	9252	6515	0	44276	2589	2589	0	3810	3775	35
April 11, 2009 4:04:00 PM UTC	1239494640000	95	5	no	25.3	261.7	20506	20827	9252	6515	0	44276	2570	2568	2	3813	3784	29
April 11, 2009 4:05:00 PM UTC	1239494700000	95	4	no	25.1	261.8	20506	20827	9253	6525	0	44265	2568	2568	0	3806	3782	22
April 11, 2009 4:06:00 PM UTC	1239494760000	97	3	no	24.9	262.0	20506	20827	9254	6515	0	44274	2562	2562	0	3804	3754	49
April 11, 2009 4:07:00 PM UTC	1239494820000	98	2	no	24.7	262.2	20506	20827	9254	6515	0	44274	2547	2546	1	3804	3768	36
April 11, 2009 4:08:00 PM UTC	1239494880000	99	1	no	24.6	262.3	20506	20827	9255	6514	0	44274	2538	2526	12	3802	3791	11
April 11, 2009 4:09:00 PM UTC	1239494940000	99	1	no	24.4	262.5	20506	20827	9255	6514	0	44274	2520	2512	7	3808	3785	15
April 11, 2009 4:10:00 PM UTC	1239495000000	99	1	no	24.2	262.7	20506	20827	9256	6513	0	44274	2508	2484	24	3806	3784	9
April 11, 2009 4:11:00 PM UTC	1239495060000	97	3	no	24.0	262.8	20506	20827	9256	6513	0	44274	2497	2492	5	3807	3791	12
April 11, 2009 4:12:00 PM UTC	1239495120000	95	5	yes	23.8	263.0	20506	20827	9256	6513	0	44274	2485	2476	9	3803	3752	51
April 11, 2009 4:13:00 PM UTC	1239495180000	94	6	no	23.6	263.1	20506	20827	9257	6583	0	44203	2462	2450	12	3803	3788	15
April 11, 2009 4:14:00 PM UTC	1239495240000	94	5	no	23.4	263.3	20506	20827	9257	6583	0	44203	2440	2427	7	3813	3809	4
April 11, 2009 4:15:00 PM UTC	1239495300000	94	4	no	23.2	263.5	20506	20827	9245	6659	0	44139	2392	2371	9	3808	3803	0
April 11, 2009 4:16:00 PM UTC	1239495360000	94	4	no	23.0	263.6	20506	20827	9256	6588	4	44195	2417	2386	10	3812	3772	33
April 11, 2009 4:17:00 PM UTC	1239495420000	93	6	no	22.8	263.8	20506	20827	9256	6588	7	44192	2404	2384	12	3817	3776	9
April 11, 2009 4:18:00 PM UTC	1239495480000	92	7	no	22.6	263.9	20506	20827	9258	6505	7	44273	2410	2399	3	3812	3722	39
April 11, 2009 4:19:00 PM UTC	1239495540000	91	8	no	22.4	264.1	20506	20827	9258	6505	11	44269	2392	2377	4	3820	3597	117
April 11, 2009 4:20:00 PM UTC	1239495600000	89	10	no	22.2	264.2	20506	20827	9247	6548	15	44233	2346	2307	11	3824	3576	96
April 11, 2009 4:21:00 PM UTC	1239495660000	89	9	no	22.0	264.4	20506	20827	9258	6489	30	44266	2371	2118	75	3823	3673	84
April 11, 2009 4:22:00 PM UTC	1239495720000	87	9	no	21.8	264.6	20506	20827	9258	6489	32	44264	2358	2096	53	3825	3673	41
April 11, 2009 4:23:00 PM UTC	1239495780000	84	11	no	21.6	264.7	20506	20827	9259	6488	34	44262	2342	2160	54	3833	3745	12
April 11, 2009 4:24:00 PM UTC	1239495840000	85	10	no	21.4	264.9	20506	20827	9259	6488	52	44244	2327	2254	8	3838	3788	8
April 11, 2009 4:25:00 PM UTC	1239495900000	84	9	no	21.2	265.0	20506	20827	9248	6558	57	44180	2276	2153	5	3842	3812	14
April 11, 2009 4:26:00 PM UTC	1239495960000	82	10	no	21.0	265.2	20506	20827	9260	6481	85	44217	2297	2137	5	3847	3825	21
April 11, 2009 4:27:00 PM UTC	1239496020000	81	10	no	20.8	265.3	20506	20827	9260	6481	94	44208	2290	2125	25	3845	3838	1
April 11, 2009 4:28:00 PM UTC	1239496080000	81	11	no	20.6	265.5	20506	20827	9260	6480	105	44198	2271	2158	3	3853	3810	18
April 11, 2009 4:29:00 PM UTC	1239496140000	82	11	no	20.4	265.7	20506	20827	9260	6480	105	44198	2251	2135	0	3863	3847	12
April 11, 2009 4:30:00 PM UTC	1239496200000	81	11	no	20.2	265.8	20506	20827	9249	6550	120	44124	2205	2067	13	3866	3855	8
April 11, 2009 4:31:00 PM UTC	1239496260000	80	12	no	20.0	266.0	20506	20827	9260	6479	127	44177	2223	2061	25	3873	3852	14
April 11, 2009 4:32:00 PM UTC	1239496320000	79	13	no	19.8	266.1	20506	20827	9260	6479	121	44183	2212	2014	29	3877	3847	13
April 11, 2009 4:33:00 PM UTC	1239496380000	78	14	yes	19.6	266.3	20506	20827	9250	6548	140	44105	2167	2006	2	3876	3766	66
April 11, 2009 4:34:00 PM UTC	1239496440000	78	16	yes	19.4	266.4	20506	20827	9260	6477	196	44110	2181	1970	1	3888	3792	77
April 11, 2009 4:35:00 PM UTC	1239496500000	85	10	yes	19.2	266.6	20506	20827	9250	6548	176	44069	2131	1954	0	3894	3832	62
April 11, 2009 4:36:00 PM UTC	1239496560000	83	12	yes	19.0	266.7	20506	20827	9260	6476	187	44120	2151	1948	11	3899	3819	71
April 11, 2009 4:37:00 PM UTC	1239496620000	84	11	yes	18.8	266.9	20506	20827	9260	6476	208	44099	2141	1920	11	3902	3902	0
April 11, 2009 4:38:00 PM UTC	1239496680000	85	11	no	18.6	267.0	20506	20827	9249	6621	222	43951	2077	1846	4	3913	3913	0
April 11, 2009 4:39:00 PM UTC	1239496740000	86	11	no	18.4	267.2	20506	20827	9259	6546	254	43984	2092	1811	15	3923	3911	12
April 11, 2009 4:40:00 PM UTC	1239496800000	86	11	no	18.2	267.3	20506	20827	9249	6616	244	43934	2045	1783	9	3931	3886	45
April 11, 2009 4:41:00 PM UTC	1239496860000	84	13	no	18.0	267.5	20506	20827	9249	6613	245	43936	2028	1703	50	3942	3859	83
April 11, 2009 4:42:00 PM UTC	1239496920000	82	15	yes	17.8	267.6	20506	20827	9261	6542	258	43982	2054	1655	96	3945	3807	108
April 11, 2009 4:43:00 PM UTC	1239496980000	82	15	yes	17.6	267.8	20506	20827	9249	6614	240	43940	2005	1644	105	3954	3796	112
April 11, 2009 4:44:00 PM UTC	1239497040000	82	15	no	17.4	268.0	20506	20827	9261	6543	251	43988	2010	1670	61	3964	3749	167
April 11, 2009 4:45:00 PM UTC	1239497100000	82	15	no	17.2	268.1	20506	20827	9261	6543	261	43978	2001	1702	32	3969	3739	206
April 11, 2009 4:46:00 PM UTC	1239497160000	83	13	no	17.0	268.3	20506	20827	9249	6615	253	43926	1955	1647	53	3982	3815	166
April 11, 2009 4:47:00 PM UTC	1239497220000	85	12	no	16.8	268.4	20506	20827	9261	6544	277	43961	1976	1616	81	3987	3886	94
April 11, 2009 4:48:00 PM UTC	1239497280000	84	13	no	16.6	268.6	20506	20827	9249	6616	284	43894	1922	1515	108	4000	3854	130
April 11, 2009 4:49:00 PM UTC	1239497340000	84	13	no	16.4	268.7	20506	20827	9261	6544	274	43964	1935	1637	12	4010	3765	190
April 11, 2009 4:50:00 PM UTC	1239497400000	84	13	no	16.2	268.9	20506	20827	9261	6470	278	44034	1932	1644	7	4020	3694	245
April 11, 2009 4:51:00 PM UTC	1239497460000	84	12	no	16.0	269.0	20506	20827	9249	6541	262	43991	1884	1597	25	4030	3674	253
April 11, 2009 4:52:00 PM UTC	1239497520000	83	11	no	15.8	269.2	20506	20827	9261	6469	267	44046	1901	1618	15	4041	3702	163
April 11, 2009 4:53:00 PM UTC	1239497580000	81	12	yes	15.6	269.3	20506	20827	9261	6468	290	44024	1887	1578	16	4050	3633	213
April 11, 2009 4:54:00 PM UTC	1239497640000	80	12	no	15.4	269.5	20506	20827	9249	6539	307	43948	1831	1517	7	4063	3696	145
April 11, 2009 4:55:00 PM UTC	1239497700000	80	11	no	15.2	269.6	20506	20827	9261	6468	342	43972	1851	1499	9	4077	3909	110
April 11, 2009 4:56:00 PM UTC	1239497760000	80	10	no	15.0	269.8	20506	20827	9261	6468	337	43977	1832	1478	17	4091	4049	32
April 11, 2009 4:57:00 PM UTC	1239497820000	80	9	no	14.8	269.9	20506	20827	9261	6468	342	43972	1819	1465	12	4103	4082	9
April 11, 2009 4:58:00 PM UTC	1239497880000	80	8	no	14.6	270.1	20506	20827	9261	6467	348	43967	1804	1429	27	4114	4085	24
April 11, 2009 4:59:00 PM UTC	1239497940000	79	8	no	14.4	270.2	20506	20827	9249	6612	326	43856	1752	1412	14	4123	4034	88
April 11, 2009 5:00:00 PM UTC	1239498000000	77	12	no	14.2	270.4	20506	20827	9261	6460	338	43984	1775	1432	4	4136	3993	136
April 11, 2009 5:01:00 PM UTC	1239498060000	73	14	no	14.0	270.5	20506	20827	9261	6460	341	43981	1754	1378	23	4153	4023	121
April 11, 2009 5:02:00 PM UTC	1239498120000	71	14	no	13.8	270.7	20506	20827	9249	6531	346	43917	1702	1326	11	4166	4084	78
April 11, 2009 5:03:00 PM UTC	1239498180000	69	17	no	13.6	270.8	20506	20827	9261	6461	375	43946	1720	1314	25	4177	4071	105
April 11, 2009 5:04:00 PM UTC	1239498240000	68	20	no	13.3	271.0	20506	20827	9249	6533	380	43881	1674	1294	0	4194	3946	237
April 11, 2009 5:05:00 PM UTC	1239498300000	68	22	no	13.1	271.1	20506	20827	9261	6462	400	43920	1685	1282	3	4214	3692	481
April 11, 2009 5:06:00 PM UTC	1239498360000	70	22	no	12.9	271.2	20506	20827	9261	6544	383	43855	1653	1268	1	4232	3593	500
April 11, 2009 5:07:00 PM UTC	1239498420000	73	20	no	12.7	271.4	20506	20827	9249	6616	354	43824	1616	1240	13	4245	3679	415
April 11, 2009 5:08:00 PM UTC	1239498480000	80	14	no	12.5	271.5	20506	20827	9261	6544	309	43929	1624	1293	15	4265	3741	371
April 11, 2009 5:09:00 PM UTC	1239498540000	86	9	no	12.3	271.7	20506	20827	9261	6544	278	43960	1614	1289	17	4276	3944	215
April 11, 2009 5:10:00 PM UTC	1239498600000	89	6	no	12.1	271.8	20506	20827	9249	6615	249	43930	1567	1248	23	4294	4078	115
April 11, 2009 5:11:00 PM UTC	1239498660000	89	6	no	11.9	272.0	20506	20827	9261	6543	222	44017	1576	1248	39	4313	4164	90
April 11, 2009 5:12:00 PM UTC	1239498720000	90	6	no	11.7	272.1	20506	20827	9249	6614	190	43990	1534	1205	46	4327	4154	120
April 11, 2009 5:13:00 PM UTC	1239498780000	90	6	no	11.5	272.3	20506	20827	9261	6542	179	44061	1536	1140	68	4350	4138	204
April 11, 2009 5:14:00 PM UTC	1239498840000	89	6	no	11.3	272.4	20506	20827	9261	6542	186	44054	1527	1090	87	4357	4006	308
April 11, 2009 5:15:00 PM UTC	1239498900000	91	6	no	11.1	272.6	20506	20827	9249	6616	181	43997	1485	1089	99	4373	4108	223
April 11, 2009 5:16:00 PM UTC	1239498960000	92	5	no	10.9	272.7	20506	20827	9259	6546	214	44024	1495	1115	91	4394	4145	197
April 11, 2009 5:17:00 PM UTC	1239499020000	92	5	no	10.7	272.9	20506	20827	9259	6551	228	44005	1479	931	87	4411	4179	139
April 11, 2009 5:18:00 PM UTC	1239499080000	90	6	no	10.5	273.0	20506	20827	9248	6626	274	43895	1431	726	67	4429	4238	92
April 11, 2009 5:19:00 PM UTC	1239499140000	88	6	no	10.3	273.2	20506	20827	9260	6483	329	43971	1451	732	44	4443	3995	184
April 11, 2009 5:20:00 PM UTC	1239499200000	88	5	no	10.1	273.3	20506	20827	9250	6553	345	43895	1412	760	14	4457	3883	138
April 11, 2009 5:21:00 PM UTC	1239499260000	89	5	no	9.9	273.5	20506	20827	9260	6482	353	43948	1417	795	36	4476	3780	133
April 11, 2009 5:22:00 PM UTC	1239499320000	90	5	no	9.7	273.6	20506	20827	9260	6482	395	43906	1398	827	35	4497	3693	205
April 11, 2009 5:23:00 PM UTC	1239499380000	87	8	no	9.5	273.8	20506	20827	9250	6551	414	43828	1361	772	40	4507	3755	181
April 11, 2009 5:24:00 PM UTC	1239499440000	85	9	no	9.3	273.9	20506	20827	9260	6480	425	43878	1367	750	88	4530	3744	189
April 11, 2009 5:25:00 PM UTC	1239499500000	86	9	no	9.1	274.1	20506	20827	9260	6480	431	43872	1348	759	86	4548	3713	267
April 11, 2009 5:26:00 PM UTC	1239499560000	86	9	yes	8.9	274.2	20506	20827	9249	6550	439	43805	1307	718	57	4563	3532	360
April 11, 2009 5:27:00 PM UTC	1239499620000	86	10	yes	8.7	274.3	20506	20827	9260	6479	453	43851	1318	740	73	4576	3382	514
April 11, 2009 5:28:00 PM UTC	1239499680000	86	10	yes	8.5	274.5	20506	20827	9260	6479	444	43860	1296	767	47	4603	3306	548
April 11, 2009 5:29:00 PM UTC	1239499740000	87	9	yes	8.3	274.6	20506	20827	9249	6549	433	43812	1258	683	60	4612	3276	543
April 11, 2009 5:30:00 PM UTC	1239499800000	88	8	yes	8.1	274.8	20506	20827	9260	6478	440	43865	1265	744	43	4631	3160	505
April 11, 2009 5:31:00 PM UTC	1239499860000	88	7	yes	7.9	274.9	20506	20827	9248	6554	423	43818	1226	752	26	4641	3101	406
April 11, 2009 5:32:00 PM UTC	1239499920000	89	6	yes	7.7	275.1	20506	20827	9259	6483	391	43910	1230	789	27	4658	3082	312
April 11, 2009 5:33:00 PM UTC	1239499980000	90	5	no	7.5	275.2	20506	20827	9259	6483	340	43961	1207	783	22	4685	3092	278
April 11, 2009 5:34:00 PM UTC	1239500040000	89	4	no	7.3	275.4	20506	20827	9248	6554	338	43903	1175	702	30	4691	3000	267
April 11, 2009 5:35:00 PM UTC	1239500100000	88	6	yes	7.1	275.5	20506	20827	9258	6483	351	43951	1182	734	36	4708	2832	301
April 11, 2009 5:36:00 PM UTC	1239500160000	84	10	yes	6.9	275.7	20506	20827	9258	6472	372	43941	1164	686	38	4725	2926	358
April 11, 2009 5:41:00 PM UTC	1239500460000	71	22	yes	5.9	276.4	20506	20827	9256	6590	402	43795	1077	684	0	4800	3655	693
April 11, 2009 5:42:00 PM UTC	1239500520000	71	21	yes	5.7	276.6	20506	20827	9245	6660	373	43765	1037	679	0	4812	3694	609
April 11, 2009 5:43:00 PM UTC	1239500580000	72	20	yes	5.5	276.7	20506	20827	9257	6581	380	43825	1039	676	0	4840	3744	717
April 11, 2009 5:44:00 PM UTC	1239500640000	73	19	yes	5.4	276.8	20506	20827	9257	6581	351	43854	1025	692	0	4855	3784	724
April 11, 2009 5:45:00 PM UTC	1239500700000	74	17	yes	5.2	277.0	20506	20827	9245	6660	313	43825	991	696	0	4857	3855	498
April 11, 2009 5:46:00 PM UTC	1239500760000	75	16	yes	5.0	277.1	20506	20827	9256	6518	305	43964	997	711	0	4890	4062	205
April 11, 2009 5:47:00 PM UTC	1239500820000	79	14	yes	4.8	277.3	20506	20827	9256	6518	273	43996	981	728	0	4903	4387	164
April 11, 2009 5:48:00 PM UTC	1239500880000	84	12	yes	4.6	277.4	20506	20827	9255	6517	247	44024	963	737	0	4922	4530	161
April 11, 2009 5:53:00 PM UTC	1239501180000	98	2	yes	3.6	278.2	20506	20827	9243	6588	294	43918	867	601	0	4989	4830	81
April 11, 2009 5:54:00 PM UTC	1239501240000	96	3	yes	3.4	278.3	20506	20827	9252	6518	333	43940	871	583	0	5012	4842	85
April 11, 2009 5:55:00 PM UTC	1239501300000	92	3	yes	3.2	278.5	20506	20827	9252	6518	348	43925	857	565	0	5028	4793	99
