January 23, 2015 9:53:00 AM UTC	1422035580000	0	0	no	26.9	147.3	20506	20827	9249	6581	0	44213	2653	0	1	3826	0	0
January 23, 2015 9:54:00 AM UTC	1422035640000	0	0	yes	27.0	147.5	20506	20827	9255	6540	0	44248	2685	0	0	3822	0	0
January 23, 2015 9:55:00 AM UTC	1422035700000	0	0	yes	27.1	147.8	20506	20827	9251	6561	0	44231	2678	0	0	3834	0	0
January 23, 2015 9:56:00 AM UTC	1422035760000	0	0	yes	27.2	148.0	20506	20827	9252	6561	0	44230	2688	0	1	3828	0	0
January 23, 2015 9:57:00 AM UTC	1422035820000	0	0	yes	27.3	148.2	20506	20827	9247	6599	0	44197	2665	0	0	3835	0	0
January 23, 2015 9:58:00 AM UTC	1422035880000	0	0	yes	27.4	148.5	20506	20827	9252	6561	0	44230	2694	0	1	3833	0	0
January 23, 2015 9:59:00 AM UTC	1422035940000	0	0	yes	27.6	148.7	20506	20827	9252	6561	0	44230	2699	0	1	3838	0	0
January 23, 2015 10:00:00 AM UTC	1422036000000	0	0	yes	27.7	148.9	20506	20827	9252	6560	0	44231	2702	0	0	3841	0	0
January 23, 2015 10:01:00 AM UTC	1422036060000	0	0	yes	27.8	149.2	20506	20827	9252	6560	0	44231	2713	0	0	3842	0	0
January 23, 2015 10:02:00 AM UTC	1422036120000	0	0	yes	27.9	149.4	20506	20827	9252	6560	0	44231	2712	0	0	3849	0	0
January 23, 2015 10:03:00 AM UTC	1422036180000	0	0	yes	28.0	149.7	20506	20827	9248	6555	0	44240	2720	0	1	3850	0	0
January 23, 2015 10:04:00 AM UTC	1422036240000	0	0	yes	28.1	149.9	20506	20827	9256	6557	0	44230	2742	0	0	3851	0	0
January 23, 2015 10:05:00 AM UTC	1422036300000	0	0	yes	28.2	150.1	20506	20827	9248	6617	0	44178	2710	0	0	3853	0	0
January 23, 2015 10:06:00 AM UTC	1422036360000	0	0	yes	28.3	150.4	20506	20827	9256	6558	0	44229	2752	1	1	3848	0	0
January 23, 2015 10:07:00 AM UTC	1422036420000	0	0	yes	28.4	150.6	20506	20827	9247	6618	0	44178	2715	0	0	3857	0	0
January 23, 2015 10:08:00 AM UTC	1422036480000	0	0	yes	28.5	150.9	20506	20827	9247	6618	0	44178	2727	0	0	3852	0	0
January 23, 2015 10:09:00 AM UTC	1422036540000	0	0	yes	28.6	151.1	20506	20827	9253	6583	0	44207	2749	0	1	3864	0	0
January 23, 2015 10:10:00 AM UTC	1422036600000	0	0	yes	28.7	151.4	20506	20827	9247	6617	0	44179	2737	0	0	3863	0	0
January 23, 2015 10:11:00 AM UTC	1422036660000	0	0	yes	28.8	151.6	20506	20827	9251	6586	0	44206	2757	0	0	3870	0	0
January 23, 2015 10:12:00 AM UTC	1422036720000	0	0	yes	28.8	151.9	20506	20827	9251	6583	0	44209	2759	0	0	3876	0	0
January 23, 2015 10:13:00 AM UTC	1422036780000	0	0	yes	28.9	152.1	20506	20827	9245	6596	0	44202	2733	0	0	3877	0	0
January 23, 2015 10:14:00 AM UTC	1422036840000	0	0	yes	29.0	152.3	20506	20827	9259	6475	0	44309	2800	0	0	3880	0	0
January 23, 2015 10:15:00 AM UTC	1422036900000	0	0	yes	29.1	152.6	20506	20827	9244	6637	0	44162	2730	0	0	3885	0	0
January 23, 2015 10:16:00 AM UTC	1422036960000	0	0	yes	29.2	152.8	20506	20827	9252	6576	0	44215	2775	0	0	3885	0	0
January 23, 2015 10:17:00 AM UTC	1422037020000	0	0	yes	29.3	153.1	20506	20827	9249	6603	0	44191	2761	0	0	3891	0	0
January 23, 2015 10:18:00 AM UTC	1422037080000	0	0	yes	29.4	153.3	20506	20827	9248	6604	0	44191	2765	0	0	3893	0	0
January 23, 2015 10:19:00 AM UTC	1422037140000	0	0	yes	29.5	153.6	20506	20827	9243	6636	0	44164	2747	0	0	3898	0	1
January 23, 2015 10:20:00 AM UTC	1422037200000	0	0	yes	29.6	153.8	20506	20827	9248	6604	0	44191	2770	0	0	3897	0	0
January 23, 2015 10:21:00 AM UTC	1422037260000	0	0	yes	29.7	154.1	20506	20827	9248	6604	0	44191	2779	0	0	3896	0	0
January 23, 2015 10:22:00 AM UTC	1422037320000	0	0	yes	29.8	154.3	20506	20827	9248	6604	0	44191	2775	0	2	3906	0	0
January 23, 2015 10:23:00 AM UTC	1422037380000	0	0	yes	29.8	154.6	20506	20827	9252	6573	0	44218	2812	0	1	3903	0	0
January 23, 2015 10:24:00 AM UTC	1422037440000	0	0	yes	29.9	154.9	20506	20827	9247	6582	0	44214	2788	0	2	3917	0	0
January 23, 2015 10:25:00 AM UTC	1422037500000	0	0	yes	30.0	155.1	20506	20827	9252	6552	0	44239	2821	0	1	3911	0	0
January 23, 2015 10:26:00 AM UTC	1422037560000	0	0	yes	30.1	155.4	20506	20827	9241	6681	0	44121	2761	0	2	3922	0	1
January 23, 2015 10:27:00 AM UTC	1422037620000	0	0	yes	30.2	155.6	20506	20827	9250	6618	0	44175	2805	0	0	3923	0	1
January 23, 2015 10:28:00 AM UTC	1422037680000	0	0	yes	30.3	155.9	20506	20827	9254	6587	0	44202	2826	0	0	3926	0	0
January 23, 2015 10:29:00 AM UTC	1422037740000	0	0	yes	30.3	156.1	20506	20827	9244	6655	0	44144	2787	0	1	3930	0	0
January 23, 2015 10:30:00 AM UTC	1422037800000	0	0	yes	30.4	156.4	20506	20827	9250	6620	0	44173	2813	0	1	3929	0	0
January 23, 2015 10:31:00 AM UTC	1422037860000	0	0	yes	30.5	156.6	20506	20827	9245	6650	0	44148	2785	0	0	3938	0	0
January 23, 2015 10:32:00 AM UTC	1422037920000	0	0	yes	30.6	156.9	20506	20827	9244	6659	0	44140	2793	0	0	3938	0	0
January 23, 2015 10:33:00 AM UTC	1422037980000	0	0	yes	30.7	157.2	20506	20827	9247	6583	0	44213	2808	0	0	3946	0	0
January 23, 2015 10:34:00 AM UTC	1422038040000	0	0	yes	30.7	157.4	20506	20827	9250	6563	0	44230	2830	0	0	3950	0	2
January 23, 2015 10:35:00 AM UTC	1422038100000	0	0	yes	30.8	157.7	20506	20827	9244	6592	0	44207	2814	0	0	3953	0	0
January 23, 2015 10:36:00 AM UTC	1422038160000	0	0	yes	30.9	157.9	20506	20827	9244	6592	0	44207	2819	0	0	3956	0	0
January 23, 2015 10:37:00 AM UTC	1422038220000	0	0	yes	31.0	158.2	20506	20827	9247	6632	0	44164	2820	0	0	3959	0	0
January 23, 2015 10:38:00 AM UTC	1422038280000	0	0	yes	31.0	158.5	20506	20827	9239	6696	0	44108	2784	0	0	3960	0	0
January 23, 2015 10:39:00 AM UTC	1422038340000	0	0	yes	31.1	158.7	20506	20827	9249	6633	0	44161	2820	0	2	3966	0	0
January 23, 2015 10:40:00 AM UTC	1422038400000	0	0	yes	31.2	159.0	20506	20827	9251	6606	0	44186	2841	0	0	3966	0	0
January 23, 2015 10:41:00 AM UTC	1422038460000	0	0	yes	31.3	159.2	20506	20827	9242	6593	0	44208	2811	0	0	3980	0	0
January 23, 2015 10:42:00 AM UTC	1422038520000	0	0	yes	31.3	159.5	20506	20827	9249	6554	0	44240	2844	0	0	3977	0	0
January 23, 2015 10:43:00 AM UTC	1422038580000	0	0	yes	31.4	159.8	20506	20827	9239	6604	0	44200	2811	0	0	3987	0	1
January 23, 2015 10:44:00 AM UTC	1422038640000	0	0	yes	31.5	160.0	20506	20827	9243	6578	0	44222	2833	0	0	3984	0	0
January 23, 2015 10:45:00 AM UTC	1422038700000	0	0	yes	31.5	160.3	20506	20827	9253	6514	0	44276	2871	0	0	3993	0	0
January 23, 2015 10:46:00 AM UTC	1422038760000	0	0	yes	31.6	160.6	20506	20827	9243	6579	0	44221	2839	0	0	3991	0	0
January 23, 2015 10:47:00 AM UTC	1422038820000	0	0	yes	31.7	160.8	20506	20827	9246	6555	0	44242	2858	0	0	3997	0	1
January 23, 2015 10:48:00 AM UTC	1422038880000	0	0	yes	31.7	161.1	20506	20827	9254	6561	0	44228	2870	0	0	4002	0	0
January 23, 2015 10:49:00 AM UTC	1422038940000	0	0	yes	31.8	161.4	20506	20827	9243	6610	0	44190	2831	0	0	4002	0	0
January 23, 2015 10:50:00 AM UTC	1422039000000	0	0	yes	31.9	161.6	20506	20827	9246	6589	0	44208	2833	0	0	4013	0	0
January 23, 2015 10:51:00 AM UTC	1422039060000	0	0	yes	31.9	161.9	20506	20827	9246	6589	0	44208	2844	0	0	4012	0	0
January 23, 2015 10:52:00 AM UTC	1422039120000	0	0	yes	32.0	162.2	20506	20827	9246	6589	0	44208	2838	0	0	4016	0	0
January 23, 2015 10:53:00 AM UTC	1422039180000	0	0	yes	32.1	162.4	20506	20827	9246	6578	0	44219	2854	0	0	4017	0	0
January 23, 2015 10:54:00 AM UTC	1422039240000	0	0	yes	32.1	162.7	20506	20827	9239	6624	0	44180	2820	0	0	4022	0	0
January 23, 2015 10:55:00 AM UTC	1422039300000	0	0	yes	32.2	163.0	20506	20827	9250	6556	0	44237	2865	0	0	4027	0	1
January 23, 2015 10:56:00 AM UTC	1422039360000	0	0	yes	32.2	163.2	20506	20827	9250	6556	0	44237	2862	0	1	4034	0	0
January 23, 2015 10:57:00 AM UTC	1422039420000	0	0	yes	32.3	163.5	20506	20827	9240	6622	0	44181	2821	0	2	4040	1	3
January 23, 2015 10:58:00 AM UTC	1422039480000	0	0	yes	32.3	163.8	20506	20827	9250	6556	0	44237	2862	0	1	4042	0	3
January 23, 2015 10:59:00 AM UTC	1422039540000	0	0	yes	32.4	164.1	20506	20827	9249	6628	0	44166	2851	0	1	4039	0	2
January 23, 2015 11:00:00 AM UTC	1422039600000	0	0	no	32.5	164.3	20506	20827	9239	6694	0	44110	2802	0	1	4046	0	2
January 23, 2015 11:01:00 AM UTC	1422039660000	0	0	yes	32.5	164.6	20506	20827	9242	6675	0	44126	2823	0	1	4046	0	3
January 23, 2015 11:02:00 AM UTC	1422039720000	0	0	no	32.6	164.9	20506	20827	9252	6600	0	44191	2861	0	3	4054	2	2
January 23, 2015 11:03:00 AM UTC	1422039780000	0	0	no	32.6	165.1	20506	20827	9243	6636	0	44164	2829	0	3	4060	0	5
January 23, 2015 11:04:00 AM UTC	1422039840000	0	0	yes	32.7	165.4	20506	20827	9245	6618	0	44180	2834	0	0	4062	0	2
January 23, 2015 11:05:00 AM UTC	1422039900000	0	0	yes	32.7	165.7	20506	20827	9255	6548	0	44240	2891	0	0	4061	0	1
January 23, 2015 11:06:00 AM UTC	1422039960000	0	0	no	32.8	166.0	20506	20827	9245	6618	0	44180	2837	0	2	4068	0	3
January 23, 2015 11:07:00 AM UTC	1422040020000	0	0	no	32.8	166.2	20506	20827	9245	6618	0	44180	2843	0	3	4072	1	4
January 23, 2015 11:08:00 AM UTC	1422040080000	0	0	no	32.9	166.5	20506	20827	9246	6617	0	44180	2845	0	0	4070	0	2
January 23, 2015 11:09:00 AM UTC	1422040140000	0	0	no	32.9	166.8	20506	20827	9246	6617	0	44180	2842	0	0	4083	0	3
January 23, 2015 11:10:00 AM UTC	1422040200000	0	0	no	33.0	167.1	20506	20827	9245	6617	0	44181	2844	0	0	4077	0	2
January 23, 2015 11:11:00 AM UTC	1422040260000	0	0	no	33.0	167.3	20506	20827	9245	6611	0	44187	2845	0	0	4084	1	2
January 23, 2015 11:12:00 AM UTC	1422040320000	0	0	no	33.0	167.6	20506	20827	9247	6591	0	44205	2859	0	1	4086	0	2
January 23, 2015 11:13:00 AM UTC	1422040380000	0	0	no	33.1	167.9	20506	20827	9247	6591	0	44205	2856	0	0	4096	0	1
January 23, 2015 11:14:00 AM UTC	1422040440000	0	0	no	33.1	168.2	20506	20827	9247	6591	0	44205	2862	0	0	4091	0	0
January 23, 2015 11:15:00 AM UTC	1422040500000	0	0	no	33.2	168.5	20506	20827	9237	6654	0	44152	2817	0	1	4093	0	2
January 23, 2015 11:16:00 AM UTC	1422040560000	0	0	no	33.2	168.7	20506	20827	9246	6591	0	44206	2862	0	0	4093	0	3
January 23, 2015 11:17:00 AM UTC	1422040620000	0	0	no	33.2	169.0	20506	20827	9249	6550	0	44244	2876	0	0	4103	0	2
January 23, 2015 11:18:00 AM UTC	1422040680000	0	0	no	33.3	169.3	20506	20827	9249	6550	0	44244	2873	0	0	4107	0	1
January 23, 2015 11:19:00 AM UTC	1422040740000	0	0	no	33.3	169.6	20506	20827	9238	6617	0	44188	2839	0	0	4101	0	1
January 23, 2015 11:20:00 AM UTC	1422040800000	0	0	no	33.4	169.8	20506	20827	9249	6550	0	44244	2875	0	0	4105	0	2
January 23, 2015 11:21:00 AM UTC	1422040860000	0	0	no	33.4	170.1	20506	20827	9251	6537	0	44255	2888	0	0	4109	0	1
January 23, 2015 11:22:00 AM UTC	1422040920000	0	0	no	33.4	170.4	20506	20827	9241	6605	0	44197	2842	0	0	4117	0	0
January 23, 2015 11:23:00 AM UTC	1422040980000	0	0	no	33.5	170.7	20506	20827	9252	6612	0	44179	2870	0	0	4112	0	0
January 23, 2015 11:24:00 AM UTC	1422041040000	0	0	no	33.5	171.0	20506	20827	9250	6609	0	44184	2858	0	0	4122	0	0
January 23, 2015 11:25:00 AM UTC	1422041100000	0	0	no	33.5	171.2	20506	20827	9241	6680	0	44122	2820	0	0	4121	0	0
January 23, 2015 11:26:00 AM UTC	1422041160000	0	0	no	33.6	171.5	20506	20827	9243	6664	0	44136	2832	0	0	4124	0	0
January 23, 2015 11:27:00 AM UTC	1422041220000	0	0	no	33.6	171.8	20506	20827	9253	6601	0	44189	2864	0	0	4129	0	0
January 23, 2015 11:28:00 AM UTC	1422041280000	0	0	no	33.6	172.1	20506	20827	9254	6599	0	44190	2871	0	0	4125	0	0
January 23, 2015 11:29:00 AM UTC	1422041340000	0	0	no	33.6	172.4	20506	20827	9244	6646	0	44153	2829	0	0	4132	0	0
January 23, 2015 11:30:00 AM UTC	1422041400000	0	0	no	33.7	172.7	20506	20827	9245	6646	0	44152	2833	0	0	4135	0	0
January 23, 2015 11:31:00 AM UTC	1422041460000	0	0	no	33.7	172.9	20506	20827	9256	6573	0	44214	2882	0	0	4135	0	0
January 23, 2015 11:32:00 AM UTC	1422041520000	0	0	no	33.7	173.2	20506	20827	9247	6561	0	44235	2859	0	0	4139	0	0
January 23, 2015 11:33:00 AM UTC	1422041580000	0	0	no	33.7	173.5	20506	20827	9248	6564	0	44231	2860	0	0	4136	0	0
January 23, 2015 11:34:00 AM UTC	1422041640000	0	0	no	33.8	173.8	20506	20827	9248	6560	0	44235	2864	0	0	4136	0	0
January 23, 2015 11:35:00 AM UTC	1422041700000	0	0	no	33.8	174.1	20506	20827	9259	6493	0	44291	2899	0	0	4143	0	0
January 23, 2015 11:36:00 AM UTC	1422041760000	0	0	no	33.8	174.3	20506	20827	9247	6639	0	44157	2841	0	1	4138	0	0
January 23, 2015 11:37:00 AM UTC	1422041820000	0	0	no	33.8	174.6	20506	20827	9248	6633	0	44162	2839	0	2	4144	0	0
January 23, 2015 11:38:00 AM UTC	1422041880000	0	0	no	33.8	174.9	20506	20827	9247	6633	0	44163	2840	0	1	4145	0	0
January 23, 2015 11:39:00 AM UTC	1422041940000	0	0	no	33.9	175.2	20506	20827	9258	6564	0	44221	2882	0	0	4148	0	0
January 23, 2015 11:40:00 AM UTC	1422042000000	0	0	no	33.9	175.5	20506	20827	9247	6611	0	44185	2839	0	0	4154	0	0
January 23, 2015 11:41:00 AM UTC	1422042060000	0	0	no	33.9	175.8	20506	20827	9248	6613	0	44182	2850	0	3	4151	0	0
January 23, 2015 11:42:00 AM UTC	1422042120000	0	0	no	33.9	176.0	20506	20827	9247	6619	0	44177	2844	0	0	4152	0	0
January 23, 2015 11:43:00 AM UTC	1422042180000	0	0	no	33.9	176.3	20506	20827	9247	6619	0	44177	2843	0	0	4156	0	0
January 23, 2015 11:44:00 AM UTC	1422042240000	0	0	no	33.9	176.6	20506	20827	9247	6615	0	44181	2849	0	2	4155	0	0
January 23, 2015 11:45:00 AM UTC	1422042300000	0	0	no	33.9	176.9	20506	20827	9246	6616	0	44181	2845	0	4	4154	0	0
January 23, 2015 11:46:00 AM UTC	1422042360000	0	0	no	34.0	177.2	20506	20827	9247	6615	0	44181	2850	0	1	4157	0	0
January 23, 2015 11:47:00 AM UTC	1422042420000	0	0	no	34.0	177.5	20506	20827	9247	6615	0	44181	2845	0	0	4158	0	0
January 23, 2015 11:48:00 AM UTC	1422042480000	0	0	no	34.0	177.7	20506	20827	9248	6614	0	44181	2851	1	1	4158	0	0
January 23, 2015 11:49:00 AM UTC	1422042540000	0	0	no	34.0	178.0	20506	20827	9249	6612	0	44182	2847	0	1	4157	0	0
January 23, 2015 11:50:00 AM UTC	1422042600000	0	0	no	34.0	178.3	20506	20827	9250	6611	0	44182	2848	0	3	4158	0	0
January 23, 2015 11:51:00 AM UTC	1422042660000	0	0	no	34.0	178.6	20506	20827	9250	6590	0	44203	2850	0	2	4161	0	0
January 23, 2015 11:52:00 AM UTC	1422042720000	0	0	no	34.0	178.9	20506	20827	9250	6591	0	44202	2850	0	2	4159	0	0
January 23, 2015 11:53:00 AM UTC	1422042780000	0	0	no	34.0	179.2	20506	20827	9249	6592	0	44202	2852	0	1	4159	0	0
January 23, 2015 11:54:00 AM UTC	1422042840000	0	0	no	34.0	179.5	20506	20827	9249	6592	0	44202	2846	0	1	4163	0	0
January 23, 2015 11:55:00 AM UTC	1422042900000	0	0	no	34.0	179.7	20506	20827	9249	6592	0	44202	2854	0	3	4157	0	0
January 23, 2015 11:56:00 AM UTC	1422042960000	0	0	no	34.0	180.0	20506	20827	9249	6592	0	44202	2850	0	1	4165	0	0
January 23, 2015 11:57:00 AM UTC	1422043020000	0	0	no	34.0	180.3	20506	20827	9249	6592	0	44202	2853	0	0	4163	0	0
January 23, 2015 11:58:00 AM UTC	1422043080000	0	0	no	34.0	180.6	20506	20827	9249	6592	0	44202	2846	0	3	4166	0	0
January 23, 2015 11:59:00 AM UTC	1422043140000	0	0	no	34.0	180.9	20506	20827	9249	6592	0	44202	2851	0	1	4160	0	0
January 23, 2015 12:00:00 PM UTC	1422043200000	0	0	no	34.0	181.2	20506	20827	9250	6591	0	44202	2848	0	1	4160	0	0
January 23, 2015 12:01:00 PM UTC	1422043260000	0	0	no	34.0	181.4	20506	20827	9250	6593	0	44200	2849	0	0	4159	0	0
January 23, 2015 12:02:00 PM UTC	1422043320000	0	0	no	34.0	181.7	20506	20827	9249	6610	0	44184	2848	0	1	4160	0	0
January 23, 2015 12:03:00 PM UTC	1422043380000	0	0	no	34.0	182.0	20506	20827	9249	6610	0	44184	2842	0	2	4162	0	0
January 23, 2015 12:04:00 PM UTC	1422043440000	0	0	no	34.0	182.3	20506	20827	9248	6612	0	44183	2847	0	1	4161	0	0
January 23, 2015 12:05:00 PM UTC	1422043500000	0	0	no	34.0	182.6	20506	20827	9247	6613	0	44183	2844	0	0	4158	0	0
January 23, 2015 12:06:00 PM UTC	1422043560000	0	0	no	34.0	182.9	20506	20827	9256	6545	0	44242	2893	0	2	4157	0	0
January 23, 2015 12:07:00 PM UTC	1422043620000	0	0	no	33.9	183.1	20506	20827	9246	6614	0	44183	2849	0	1	4158	0	0
January 23, 2015 12:08:00 PM UTC	1422043680000	0	0	no	33.9	183.4	20506	20827	9247	6613	0	44183	2851	0	1	4151	0	0
January 23, 2015 12:09:00 PM UTC	1422043740000	0	0	no	33.9	183.7	20506	20827	9247	6617	0	44179	2842	0	0	4155	0	0
January 23, 2015 12:10:00 PM UTC	1422043800000	0	0	no	33.9	184.0	20506	20827	9247	6617	0	44179	2846	0	1	4151	0	0
January 23, 2015 12:11:00 PM UTC	1422043860000	0	0	no	33.9	184.3	20506	20827	9247	6622	0	44174	2843	0	0	4150	0	0
January 23, 2015 12:12:00 PM UTC	1422043920000	0	0	no	33.9	184.6	20506	20827	9247	6609	0	44187	2837	0	1	4155	0	0
January 23, 2015 12:13:00 PM UTC	1422043980000	0	0	no	33.9	184.8	20506	20827	9247	6628	0	44168	2840	0	2	4146	0	0
January 23, 2015 12:14:00 PM UTC	1422044040000	0	0	no	33.8	185.1	20506	20827	9247	6628	0	44168	2838	0	0	4148	0	0
January 23, 2015 12:15:00 PM UTC	1422044100000	0	0	no	33.8	185.4	20506	20827	9248	6627	0	44168	2840	0	0	4145	0	0
January 23, 2015 12:16:00 PM UTC	1422044160000	0	0	no	33.8	185.7	20506	20827	9247	6635	0	44161	2841	0	0	4138	0	0
January 23, 2015 12:17:00 PM UTC	1422044220000	0	0	no	33.8	186.0	20506	20827	9259	6491	0	44293	2897	0	3	4144	0	0
January 23, 2015 12:18:00 PM UTC	1422044280000	0	0	no	33.8	186.3	20506	20827	9248	6563	0	44232	2864	0	0	4137	0	0
January 23, 2015 12:19:00 PM UTC	1422044340000	0	0	no	33.7	186.5	20506	20827	9248	6557	0	44238	2861	0	0	4139	0	0
January 23, 2015 12:20:00 PM UTC	1422044400000	0	0	no	33.7	186.8	20506	20827	9247	6562	0	44234	2860	0	2	4139	0	0
January 23, 2015 12:21:00 PM UTC	1422044460000	0	0	no	33.7	187.1	20506	20827	9256	6570	0	44217	2886	0	0	4133	0	0
January 23, 2015 12:22:00 PM UTC	1422044520000	0	0	no	33.7	187.4	20506	20827	9245	6641	0	44157	2829	0	0	4136	0	0
January 23, 2015 12:23:00 PM UTC	1422044580000	0	0	no	33.6	187.7	20506	20827	9244	6641	0	44158	2827	0	0	4130	0	0
January 23, 2015 12:24:00 PM UTC	1422044640000	0	0	no	33.6	188.0	20506	20827	9244	6666	0	44133	2828	0	0	4125	0	0
January 23, 2015 12:25:00 PM UTC	1422044700000	0	0	no	33.6	188.2	20506	20827	9253	6598	0	44192	2867	0	0	4129	0	0
January 23, 2015 12:26:00 PM UTC	1422044760000	0	0	no	33.6	188.5	20506	20827	9242	6672	0	44129	2825	0	0	4124	0	0
January 23, 2015 12:27:00 PM UTC	1422044820000	0	0	no	33.5	188.8	20506	20827	9241	6677	0	44125	2823	0	0	4121	0	0
January 23, 2015 12:28:00 PM UTC	1422044880000	0	0	no	33.5	189.1	20506	20827	9250	6610	0	44183	2859	0	0	4120	0	0
January 23, 2015 12:29:00 PM UTC	1422044940000	0	0	no	33.5	189.4	20506	20827	9252	6609	0	44182	2870	0	0	4113	0	0
January 23, 2015 12:30:00 PM UTC	1422045000000	0	0	no	33.4	189.6	20506	20827	9241	6601	0	44201	2839	0	0	4119	0	0
January 23, 2015 12:31:00 PM UTC	1422045060000	0	0	no	33.4	189.9	20506	20827	9251	6527	0	44265	2887	0	0	4109	0	0
January 23, 2015 12:32:00 PM UTC	1422045120000	0	0	no	33.4	190.2	20506	20827	9249	6546	0	44248	2869	0	0	4112	0	0
January 23, 2015 12:33:00 PM UTC	1422045180000	0	0	no	33.3	190.5	20506	20827	9249	6546	0	44248	2877	0	0	4099	0	1
January 23, 2015 12:34:00 PM UTC	1422045240000	0	0	no	33.3	190.8	20506	20827	9241	6614	0	44188	2829	0	0	4105	0	1
January 23, 2015 12:35:00 PM UTC	1422045300000	0	0	no	33.3	191.0	20506	20827	9249	6546	0	44248	2877	0	0	4103	0	1
January 23, 2015 12:36:00 PM UTC	1422045360000	0	0	no	33.2	191.3	20506	20827	9246	6588	0	44209	2862	0	0	4099	0	2
January 23, 2015 12:37:00 PM UTC	1422045420000	0	0	no	33.2	191.6	20506	20827	9236	6660	0	44147	2813	0	0	4092	0	0
January 23, 2015 12:38:00 PM UTC	1422045480000	0	0	no	33.1	191.9	20506	20827	9247	6588	0	44208	2865	0	0	4089	0	1
January 23, 2015 12:39:00 PM UTC	1422045540000	0	0	no	33.1	192.1	20506	20827	9247	6588	0	44208	2854	0	0	4096	0	4
January 23, 2015 12:40:00 PM UTC	1422045600000	0	0	no	33.1	192.4	20506	20827	9245	6600	0	44198	2850	0	0	4092	0	1
January 23, 2015 12:41:00 PM UTC	1422045660000	0	0	no	33.0	192.7	20506	20827	9245	6606	0	44192	2840	0	0	4088	0	1
January 23, 2015 12:42:00 PM UTC	1422045720000	0	0	no	33.0	193.0	20506	20827	9245	6612	0	44186	2847	0	0	4077	0	2
January 23, 2015 12:43:00 PM UTC	1422045780000	0	0	no	32.9	193.2	20506	20827	9246	6612	0	44185	2842	0	1	4079	0	0
January 23, 2015 12:44:00 PM UTC	1422045840000	0	0	no	32.9	193.5	20506	20827	9254	6543	0	44246	2884	0	2	4071	0	1
January 23, 2015 12:45:00 PM UTC	1422045900000	0	0	no	32.8	193.8	20506	20827	9245	6613	0	44185	2840	0	0	4074	0	2
January 23, 2015 12:46:00 PM UTC	1422045960000	0	0	no	32.8	194.1	20506	20827	9245	6613	0	44185	2838	0	1	4067	0	2
January 23, 2015 12:47:00 PM UTC	1422046020000	0	0	no	32.7	194.3	20506	20827	9254	6550	0	44239	2884	0	0	4065	0	1
January 23, 2015 12:48:00 PM UTC	1422046080000	0	0	no	32.7	194.6	20506	20827	9242	6631	0	44170	2826	0	0	4061	0	3
January 23, 2015 12:49:00 PM UTC	1422046140000	0	0	no	32.6	194.9	20506	20827	9242	6663	0	44138	2827	0	0	4056	0	2
January 23, 2015 12:50:00 PM UTC	1422046200000	0	0	no	32.6	195.2	20506	20827	9252	6597	0	44194	2865	0	0	4053	0	1
January 23, 2015 12:51:00 PM UTC	1422046260000	0	0	no	32.5	195.4	20506	20827	9252	6603	0	44188	2863	0	2	4048	0	4
January 23, 2015 12:52:00 PM UTC	1422046320000	0	0	no	32.5	195.7	20506	20827	9239	6689	0	44115	2802	0	2	4049	0	3
January 23, 2015 12:53:00 PM UTC	1422046380000	0	0	no	32.4	196.0	20506	20827	9249	6623	0	44171	2853	0	2	4036	0	3
January 23, 2015 12:54:00 PM UTC	1422046440000	0	0	no	32.4	196.3	20506	20827	9250	6551	0	44242	2867	0	0	4040	0	2
January 23, 2015 12:55:00 PM UTC	1422046500000	0	0	no	32.3	196.5	20506	20827	9240	6617	0	44186	2825	0	1	4038	0	4
January 23, 2015 12:56:00 PM UTC	1422046560000	0	0	no	32.2	196.8	20506	20827	9250	6551	0	44242	2864	0	2	4034	0	1
January 23, 2015 12:57:00 PM UTC	1422046620000	0	0	no	32.2	197.1	20506	20827	9250	6551	0	44242	2865	0	1	4031	0	1
January 23, 2015 12:58:00 PM UTC	1422046680000	0	0	no	32.1	197.3	20506	20827	9250	6551	0	44242	2857	0	1	4027	0	3
January 23, 2015 12:59:00 PM UTC	1422046740000	0	0	no	32.1	197.6	20506	20827	9246	6573	0	44224	2853	0	0	4016	0	0
January 23, 2015 1:00:00 PM UTC	1422046800000	0	0	no	32.0	197.9	20506	20827	9246	6584	0	44213	2841	0	1	4019	0	0
January 23, 2015 1:01:00 PM UTC	1422046860000	0	0	no	31.9	198.1	20506	20827	9246	6584	0	44213	2843	0	0	4012	0	0
January 23, 2015 1:02:00 PM UTC	1422046920000	0	0	no	31.9	198.4	20506	20827	9246	6584	0	44213	2837	0	0	4013	0	0
January 23, 2015 1:03:00 PM UTC	1422046980000	0	0	no	31.8	198.7	20506	20827	9243	6608	0	44192	2830	0	0	4002	0	0
January 23, 2015 1:04:00 PM UTC	1422047040000	0	0	no	31.8	198.9	20506	20827	9245	6621	0	44177	2831	0	0	4004	0	0
January 23, 2015 1:05:00 PM UTC	1422047100000	0	0	no	31.7	199.2	20506	20827	9246	6550	0	44247	2852	0	0	3995	0	0
January 23, 2015 1:06:00 PM UTC	1422047160000	0	0	no	31.6	199.5	20506	20827	9243	6573	0	44227	2839	0	0	3993	0	0
January 23, 2015 1:07:00 PM UTC	1422047220000	0	0	no	31.6	199.7	20506	20827	9253	6509	0	44281	2875	0	0	3991	0	0
January 23, 2015 1:08:00 PM UTC	1422047280000	0	0	no	31.5	200.0	20506	20827	9243	6576	0	44224	2830	0	0	3986	0	1
January 23, 2015 1:09:00 PM UTC	1422047340000	0	0	no	31.4	200.3	20506	20827	9239	6598	0	44206	2814	0	0	3983	0	0
January 23, 2015 1:10:00 PM UTC	1422047400000	0	0	no	31.3	200.5	20506	20827	9249	6549	0	44245	2844	0	0	3975	0	0
January 23, 2015 1:11:00 PM UTC	1422047460000	0	0	no	31.3	200.8	20506	20827	9242	6588	0	44213	2814	0	0	3977	0	0
January 23, 2015 1:12:00 PM UTC	1422047520000	0	0	no	31.2	201.1	20506	20827	9247	6627	0	44169	2823	0	0	3972	0	0
January 23, 2015 1:13:00 PM UTC	1422047580000	0	0	no	31.1	201.3	20506	20827	9249	6627	0	44167	2823	0	0	3968	0	0
January 23, 2015 1:14:00 PM UTC	1422047640000	0	0	no	31.1	201.6	20506	20827	9247	6628	0	44168	2825	0	0	3959	0	0
January 23, 2015 1:15:00 PM UTC	1422047700000	0	0	no	31.0	201.8	20506	20827	9247	6628	0	44168	2817	0	0	3960	0	0
January 23, 2015 1:16:00 PM UTC	1422047760000	0	0	no	30.9	202.1	20506	20827	9244	6586	0	44213	2818	0	0	3956	0	0
January 23, 2015 1:17:00 PM UTC	1422047820000	0	0	no	30.8	202.4	20506	20827	9249	6559	0	44235	2831	0	0	3952	0	1
January 23, 2015 1:18:00 PM UTC	1422047880000	0	0	no	30.8	202.6	20506	20827	9250	6558	0	44235	2833	0	0	3944	0	1
January 23, 2015 1:19:00 PM UTC	1422047940000	0	0	no	30.7	202.9	20506	20827	9246	6602	0	44195	2801	0	0	3944	0	0
January 23, 2015 1:20:00 PM UTC	1422048000000	0	0	no	30.6	203.1	20506	20827	9246	6638	0	44159	2799	0	0	3938	0	0
January 23, 2015 1:21:00 PM UTC	1422048060000	0	0	no	30.5	203.4	20506	20827	9245	6648	0	44150	2781	0	0	3941	0	0
January 23, 2015 1:22:00 PM UTC	1422048120000	0	0	yes	30.4	203.7	20506	20827	9250	6609	0	44184	2813	0	0	3933	0	0
January 23, 2015 1:23:00 PM UTC	1422048180000	0	0	no	30.4	203.9	20506	20827	9245	6644	0	44154	2786	0	1	3931	0	0
January 23, 2015 1:24:00 PM UTC	1422048240000	0	0	yes	30.3	204.2	20506	20827	9241	6675	0	44127	2772	0	1	3925	0	0
January 23, 2015 1:25:00 PM UTC	1422048300000	0	0	yes	30.2	204.4	20506	20827	9250	6612	0	44181	2803	0	0	3921	0	0
January 23, 2015 1:26:00 PM UTC	1422048360000	0	0	no	30.1	204.7	20506	20827	9241	6675	0	44127	2763	0	0	3920	0	0
January 23, 2015 1:27:00 PM UTC	1422048420000	0	0	yes	30.0	204.9	20506	20827	9247	6575	0	44221	2806	0	2	3909	0	0
January 23, 2015 1:28:00 PM UTC	1422048480000	0	0	yes	29.9	205.2	20506	20827	9252	6545	0	44246	2806	0	1	3920	0	0
January 23, 2015 1:29:00 PM UTC	1422048540000	0	0	yes	29.9	205.4	20506	20827	9252	6568	0	44223	2810	0	1	3905	0	0
January 23, 2015 1:30:00 PM UTC	1422048600000	0	0	yes	29.8	205.7	20506	20827	9248	6598	0	44197	2773	1	4	3908	0	0
January 23, 2015 1:31:00 PM UTC	1422048660000	0	0	yes	29.7	206.0	20506	20827	9248	6598	0	44197	2780	0	2	3900	0	0
January 23, 2015 1:32:00 PM UTC	1422048720000	0	0	yes	29.6	206.2	20506	20827	9248	6598	0	44197	2773	0	2	3900	0	0
January 23, 2015 1:33:00 PM UTC	1422048780000	0	0	yes	29.5	206.5	20506	20827	9248	6598	0	44197	2771	0	1	3894	0	0
January 23, 2015 1:34:00 PM UTC	1422048840000	0	0	yes	29.4	206.7	20506	20827	9248	6598	0	44197	2763	0	0	3894	0	0
January 23, 2015 1:35:00 PM UTC	1422048900000	0	0	yes	29.3	207.0	20506	20827	9249	6597	0	44197	2762	0	0	3889	0	0
January 23, 2015 1:36:00 PM UTC	1422048960000	0	0	yes	29.2	207.2	20506	20827	9252	6566	0	44225	2775	0	0	3887	0	0
January 23, 2015 1:37:00 PM UTC	1422049020000	0	0	yes	29.1	207.5	20506	20827	9244	6627	0	44172	2732	0	0	3884	0	0
January 23, 2015 1:38:00 PM UTC	1422049080000	0	0	yes	29.1	207.7	20506	20827	9259	6469	0	44315	2799	0	0	3882	0	0
January 23, 2015 1:39:00 PM UTC	1422049140000	0	0	yes	29.0	208.0	20506	20827	9253	6528	0	44262	2771	0	0	3878	0	0
January 23, 2015 1:40:00 PM UTC	1422049200000	0	0	yes	28.9	208.2	20506	20827	9251	6576	0	44216	2761	0	0	3876	0	0
January 23, 2015 1:41:00 PM UTC	1422049260000	0	0	yes	28.8	208.4	20506	20827	9247	6610	0	44186	2737	0	0	3873	0	0
January 23, 2015 1:42:00 PM UTC	1422049320000	0	0	yes	28.7	208.7	20506	20827	9247	6610	0	44186	2735	0	0	3865	0	0
January 23, 2015 1:43:00 PM UTC	1422049380000	0	0	yes	28.6	208.9	20506	20827	9253	6576	0	44214	2751	0	0	3860	0	0
January 23, 2015 1:44:00 PM UTC	1422049440000	0	0	yes	28.5	209.2	20506	20827	9256	6551	0	44236	2758	0	0	3858	0	0
January 23, 2015 1:45:00 PM UTC	1422049500000	0	0	yes	28.4	209.4	20506	20827	9247	6611	0	44185	2715	0	0	3859	0	0
January 23, 2015 1:46:00 PM UTC	1422049560000	0	0	yes	28.3	209.7	20506	20827	9247	6611	0	44185	2713	0	0	3854	0	0
January 23, 2015 1:47:00 PM UTC	1422049620000	0	0	yes	28.2	209.9	20506	20827	9248	6610	0	44185	2714	0	0	3852	0	0
January 23, 2015 1:48:00 PM UTC	1422049680000	0	0	yes	28.1	210.2	20506	20827	9248	6610	0	44185	2710	0	0	3849	0	0
January 23, 2015 1:49:00 PM UTC	1422049740000	0	0	yes	28.0	210.4	20506	20827	9252	6552	0	44239	2725	0	0	3850	0	0
January 23, 2015 1:50:00 PM UTC	1422049800000	0	0	yes	27.9	210.6	20506	20827	9243	6612	0	44188	2682	0	0	3847	0	0
January 23, 2015 1:51:00 PM UTC	1422049860000	0	0	yes	27.8	210.9	20506	20827	9257	6515	0	44271	2732	0	1	3846	0	0
January 23, 2015 1:52:00 PM UTC	1422049920000	0	0	yes	27.7	211.1	20506	20827	9242	6611	0	44190	2671	0	1	3842	0	0
January 23, 2015 1:53:00 PM UTC	1422049980000	0	0	yes	27.6	211.4	20506	20827	9252	6553	0	44238	2693	0	1	3843	0	0
January 23, 2015 1:54:00 PM UTC	1422050040000	0	0	yes	27.5	211.6	20506	20827	9252	6553	0	44238	2697	0	1	3834	0	0
January 23, 2015 1:55:00 PM UTC	1422050100000	0	0	yes	27.4	211.8	20506	20827	9252	6553	0	44238	2687	0	1	3835	0	0
January 23, 2015 1:56:00 PM UTC	1422050160000	0	0	yes	27.3	212.1	20506	20827	9260	6495	0	44288	2720	0	1	3828	0	0
January 23, 2015 1:57:00 PM UTC	1422050220000	0	0	yes	27.2	212.3	20506	20827	9245	6592	0	44206	2658	0	0	3830	0	0
January 23, 2015 1:58:00 PM UTC	1422050280000	0	0	yes	27.0	212.5	20506	20827	9255	6534	0	44254	2683	0	1	3824	0	0
January 23, 2015 1:59:00 PM UTC	1422050340000	0	0	yes	26.9	212.8	20506	20827	9255	6474	0	44314	2694	0	0	3823	0	0
January 23, 2015 2:00:00 PM UTC	1422050400000	0	0	yes	26.8	213.0	20506	20827	9255	6503	0	44285	2676	0	1	3824	0	0
January 23, 2015 2:01:00 PM UTC	1422050460000	0	0	yes	26.7	213.2	20506	20827	9246	6560	0	44237	2644	0	1	3821	0	0
January 23, 2015 2:02:00 PM UTC	1422050520000	0	0	yes	26.6	213.5	20506	20827	9255	6503	0	44285	2671	0	1	3821	0	0
January 23, 2015 2:03:00 PM UTC	1422050580000	0	0	yes	26.5	213.7	20506	20827	9246	6562	0	44235	2634	2	3	3813	0	0
January 23, 2015 2:04:00 PM UTC	1422050640000	0	0	yes	26.4	213.9	20506	20827	9255	6549	0	44239	2652	0	3	3818	0	0
January 23, 2015 2:05:00 PM UTC	1422050700000	0	0	yes	26.3	214.2	20506	20827	9247	6596	0	44200	2616	0	0	3824	0	0
January 23, 2015 2:06:00 PM UTC	1422050760000	0	0	yes	26.2	214.4	20506	20827	9247	6596	0	44200	2610	0	0	3809	0	0
January 23, 2015 2:07:00 PM UTC	1422050820000	0	0	yes	26.0	214.6	20506	20827	9254	6554	0	44235	2629	0	0	3825	0	0
January 23, 2015 2:08:00 PM UTC	1422050880000	0	0	yes	25.9	214.9	20506	20827	9247	6596	0	44200	2600	0	2	3806	0	0
January 23, 2015 2:09:00 PM UTC	1422050940000	0	0	yes	25.8	215.1	20506	20827	9255	6541	0	44247	2627	0	2	3825	0	0
January 23, 2015 2:10:00 PM UTC	1422051000000	0	0	yes	25.7	215.3	20506	20827	9239	6674	0	44130	2545	0	1	3820	0	0
January 23, 2015 2:11:00 PM UTC	1422051060000	0	0	yes	25.6	215.5	20506	20827	9256	6519	0	44268	2616	0	1	3813	0	0
January 23, 2015 2:12:00 PM UTC	1422051120000	0	0	yes	25.5	215.8	20506	20827	9247	6590	0	44206	2570	0	0	3816	0	0
January 23, 2015 2:13:00 PM UTC	1422051180000	0	0	yes	25.4	216.0	20506	20827	9250	6561	0	44232	2576	1	1	3809	0	0
January 23, 2015 2:14:00 PM UTC	1422051240000	0	0	yes	25.2	216.2	20506	20827	9240	6617	0	44186	2546	0	0	3814	0	0
January 23, 2015 2:15:00 PM UTC	1422051300000	0	0	yes	25.1	216.5	20506	20827	9249	6562	0	44232	2562	0	1	3812	0	0
January 23, 2015 2:16:00 PM UTC	1422051360000	0	0	yes	25.0	216.7	20506	20827	9249	6562	0	44232	2558	0	0	3812	0	0
January 23, 2015 2:17:00 PM UTC	1422051420000	0	0	yes	24.9	216.9	20506	20827	9250	6562	0	44231	2546	0	0	3814	0	0
January 23, 2015 2:18:00 PM UTC	1422051480000	0	0	yes	24.8	217.1	20506	20827	9250	6562	0	44231	2534	0	0	3812	0	0
January 23, 2015 2:19:00 PM UTC	1422051540000	0	0	yes	24.6	217.3	20506	20827	9250	6562	0	44231	2531	0	0	3816	0	0
January 23, 2015 2:20:00 PM UTC	1422051600000	0	0	yes	24.5	217.6	20506	20827	9243	6605	0	44195	2500	0	0	3817	0	0
January 23, 2015 2:21:00 PM UTC	1422051660000	0	0	yes	24.4	217.8	20506	20827	9244	6639	0	44160	2479	0	0	3814	0	0
January 23, 2015 2:22:00 PM UTC	1422051720000	0	0	yes	24.3	218.0	20506	20827	9251	6542	0	44250	2508	0	1	3816	0	0
January 23, 2015 2:23:00 PM UTC	1422051780000	0	0	yes	24.1	218.2	20506	20827	9253	6532	0	44258	2506	0	1	3815	0	0
January 23, 2015 2:24:00 PM UTC	1422051840000	0	0	yes	24.0	218.4	20506	20827	9244	6587	0	44212	2471	0	3	3815	0	0
January 23, 2015 2:25:00 PM UTC	1422051900000	0	0	yes	23.9	218.7	20506	20827	9254	6532	0	44257	2490	0	4	3816	0	0
January 23, 2015 2:26:00 PM UTC	1422051960000	0	0	yes	23.8	218.9	20506	20827	9245	6585	0	44213	2458	0	1	3815	0	0
January 23, 2015 2:27:00 PM UTC	1422052020000	0	0	yes	23.6	219.1	20506	20827	9254	6532	0	44257	2477	0	1	3815	0	0
January 23, 2015 2:28:00 PM UTC	1422052080000	0	0	yes	23.5	219.3	20506	20827	9247	6577	0	44219	2444	0	1	3815	0	0
January 23, 2015 2:29:00 PM UTC	1422052140000	0	0	yes	23.4	219.5	20506	20827	9253	6532	0	44258	2457	0	1	3818	0	0
January 23, 2015 2:30:00 PM UTC	1422052200000	0	0	yes	23.3	219.8	20506	20827	9245	6581	0	44217	2425	0	3	3817	0	0
January 23, 2015 2:31:00 PM UTC	1422052260000	0	0	yes	23.1	220.0	20506	20827	9245	6584	0	44214	2419	0	0	3817	0	0
January 23, 2015 2:32:00 PM UTC	1422052320000	0	0	yes	23.0	220.2	20506	20827	9252	6531	4	44256	2434	0	0	3820	0	0
January 23, 2015 2:33:00 PM UTC	1422052380000	0	0	yes	22.9	220.4	20506	20827	9253	6510	12	44268	2433	0	0	3817	0	0
January 23, 2015 2:34:00 PM UTC	1422052440000	0	0	yes	22.7	220.6	20506	20827	9244	6562	12	44225	2393	0	0	3825	0	0
January 23, 2015 2:35:00 PM UTC	1422052500000	0	0	yes	22.6	220.8	20506	20827	9246	6557	23	44217	2391	0	0	3825	0	0
January 23, 2015 2:36:00 PM UTC	1422052560000	0	0	yes	22.5	221.0	20506	20827	9253	6510	34	44246	2405	4	0	3825	0	0
January 23, 2015 2:37:00 PM UTC	1422052620000	0	0	yes	22.3	221.2	20506	20827	9253	6510	41	44239	2396	1	1	3827	0	0
January 23, 2015 2:38:00 PM UTC	1422052680000	0	0	yes	22.2	221.5	20506	20827	9246	6561	42	44194	2357	2	0	3836	0	0
January 23, 2015 2:39:00 PM UTC	1422052740000	0	0	yes	22.1	221.7	20506	20827	9252	6510	62	44219	2377	0	0	3831	0	0
January 23, 2015 2:40:00 PM UTC	1422052800000	0	0	yes	21.9	221.9	20506	20827	9244	6619	60	44120	2329	0	0	3837	0	0
January 23, 2015 2:41:00 PM UTC	1422052860000	0	0	yes	21.8	222.1	20506	20827	9251	6568	79	44145	2351	0	0	3833	0	0
January 23, 2015 2:42:00 PM UTC	1422052920000	0	0	yes	21.7	222.3	20506	20827	9253	6570	82	44138	2341	1	1	3837	0	0
January 23, 2015 2:43:00 PM UTC	1422052980000	0	0	yes	21.5	222.5	20506	20827	9245	6618	87	44093	2310	0	1	3837	0	0
January 23, 2015 2:44:00 PM UTC	1422053040000	0	0	yes	21.4	222.7	20506	20827	9253	6568	102	44120	2319	0	0	3845	0	0
January 23, 2015 2:45:00 PM UTC	1422053100000	0	0	yes	21.3	222.9	20506	20827	9237	6658	96	44052	2260	0	0	3846	0	0
January 23, 2015 2:46:00 PM UTC	1422053160000	0	0	yes	21.1	223.1	20506	20827	9253	6559	123	44108	2305	0	0	3843	0	0
January 23, 2015 2:47:00 PM UTC	1422053220000	0	0	yes	21.0	223.3	20506	20827	9253	6559	128	44103	2291	0	0	3850	0	0
January 23, 2015 2:48:00 PM UTC	1422053280000	0	0	yes	20.9	223.5	20506	20827	9245	6609	126	44063	2258	0	1	3853	0	0
January 23, 2015 2:49:00 PM UTC	1422053340000	0	0	yes	20.7	223.7	20506	20827	9253	6507	139	44144	2277	0	2	3861	0	0
January 23, 2015 2:50:00 PM UTC	1422053400000	0	0	yes	20.6	223.9	20506	20827	9246	6605	142	44050	2242	0	0	3859	0	0
January 23, 2015 2:51:00 PM UTC	1422053460000	0	0	yes	20.4	224.1	20506	20827	9245	6609	146	44043	2229	0	0	3863	0	0
January 23, 2015 2:52:00 PM UTC	1422053520000	0	0	yes	20.3	224.3	20506	20827	9253	6559	164	44067	2254	0	0	3864	0	0
January 23, 2015 2:53:00 PM UTC	1422053580000	0	0	yes	20.2	224.5	20506	20827	9253	6560	167	44063	2227	0	0	3878	0	0
January 23, 2015 2:54:00 PM UTC	1422053640000	0	0	yes	20.0	224.8	20506	20827	9244	6609	169	44021	2194	0	0	3877	0	0
January 23, 2015 2:55:00 PM UTC	1422053700000	0	0	yes	19.9	225.0	20506	20827	9252	6560	177	44054	2207	0	0	3885	0	0
January 23, 2015 2:56:00 PM UTC	1422053760000	0	0	yes	19.7	225.2	20506	20827	9252	6560	188	44043	2205	0	2	3882	0	0
January 23, 2015 2:57:00 PM UTC	1422053820000	0	0	yes	19.6	225.4	20506	20827	9243	6598	188	44014	2166	0	1	3889	0	0
January 23, 2015 2:58:00 PM UTC	1422053880000	0	0	yes	19.5	225.6	20506	20827	9244	6600	192	44007	2157	0	0	3891	0	0
January 23, 2015 2:59:00 PM UTC	1422053940000	0	0	yes	19.3	225.7	20506	20827	9251	6549	209	44034	2165	0	1	3896	0	0
January 23, 2015 3:00:00 PM UTC	1422054000000	0	0	yes	19.2	225.9	20506	20827	9244	6600	203	43996	2134	0	1	3901	0	0
January 23, 2015 3:01:00 PM UTC	1422054060000	0	0	yes	19.0	226.1	20506	20827	9244	6600	212	43987	2126	1	0	3899	0	0
January 23, 2015 3:02:00 PM UTC	1422054120000	0	0	yes	18.9	226.3	20506	20827	9251	6553	229	44010	2130	0	1	3911	0	0
January 23, 2015 3:03:00 PM UTC	1422054180000	0	0	yes	18.7	226.5	20506	20827	9251	6553	234	44005	2121	0	0	3916	0	0
January 23, 2015 3:04:00 PM UTC	1422054240000	0	0	yes	18.6	226.7	20506	20827	9244	6600	234	43965	2090	0	0	3918	0	0
January 23, 2015 3:05:00 PM UTC	1422054300000	0	0	yes	18.4	226.9	20506	20827	9251	6553	250	43989	2102	0	0	3924	0	0
January 23, 2015 3:06:00 PM UTC	1422054360000	0	0	yes	18.3	227.1	20506	20827	9251	6553	258	43981	2089	0	0	3932	0	0
January 23, 2015 3:07:00 PM UTC	1422054420000	0	0	yes	18.1	227.3	20506	20827	9243	6552	261	43987	2062	0	0	3937	0	0
January 23, 2015 3:08:00 PM UTC	1422054480000	0	0	yes	18.0	227.5	20506	20827	9251	6499	276	44017	2071	0	0	3944	0	0
January 23, 2015 3:09:00 PM UTC	1422054540000	0	0	yes	17.9	227.7	20506	20827	9251	6450	281	44061	2071	0	0	3946	0	0
January 23, 2015 3:10:00 PM UTC	1422054600000	0	0	yes	17.7	227.9	20506	20827	9243	6552	276	43972	2024	0	0	3955	0	0
January 23, 2015 3:11:00 PM UTC	1422054660000	0	0	yes	17.6	228.1	20506	20827	9243	6552	278	43970	2014	0	0	3960	0	0
January 23, 2015 3:12:00 PM UTC	1422054720000	0	0	yes	17.4	228.3	20506	20827	9243	6554	280	43966	1997	0	0	3972	0	0
January 23, 2015 3:13:00 PM UTC	1422054780000	0	0	yes	17.3	228.5	20506	20827	9250	6507	295	43991	2009	0	0	3974	0	0
January 23, 2015 3:14:00 PM UTC	1422054840000	0	0	yes	17.1	228.7	20506	20827	9243	6552	293	43955	1979	0	1	3978	0	0
January 23, 2015 3:15:00 PM UTC	1422054900000	0	0	yes	17.0	228.9	20506	20827	9249	6508	302	43984	1984	0	0	3988	0	0
January 23, 2015 3:16:00 PM UTC	1422054960000	0	0	yes	16.8	229.0	20506	20827	9249	6508	310	43976	1974	0	0	3997	0	0
January 23, 2015 3:17:00 PM UTC	1422055020000	0	0	yes	16.7	229.2	20506	20827	9241	6564	304	43934	1934	0	0	4004	0	0
January 23, 2015 3:18:00 PM UTC	1422055080000	0	0	yes	16.5	229.4	20506	20827	9249	6508	317	43969	1949	0	0	4006	0	0
January 23, 2015 3:19:00 PM UTC	1422055140000	0	0	yes	16.3	229.6	20506	20827	9249	6508	322	43964	1934	0	0	4022	0	0
January 23, 2015 3:20:00 PM UTC	1422055200000	0	0	yes	16.2	229.8	20506	20827	9240	6562	317	43924	1899	0	0	4026	0	0
January 23, 2015 3:21:00 PM UTC	1422055260000	0	0	no	16.0	230.0	20506	20827	9249	6507	329	43958	1915	0	0	4031	0	0
January 23, 2015 3:22:00 PM UTC	1422055320000	0	0	no	15.9	230.2	20506	20827	9241	6521	328	43953	1887	0	0	4039	0	0
January 23, 2015 3:23:00 PM UTC	1422055380000	0	0	no	15.7	230.3	20506	20827	9246	6525	337	43935	1887	0	0	4046	0	0
January 23, 2015 3:24:00 PM UTC	1422055440000	0	0	yes	15.6	230.5	20506	20827	9256	6466	351	43970	1892	0	0	4059	0	0
January 23, 2015 3:25:00 PM UTC	1422055500000	0	0	yes	15.4	230.7	20506	20827	9241	6564	342	43896	1841	0	0	4067	0	0
January 23, 2015 3:26:00 PM UTC	1422055560000	0	0	no	15.3	230.9	20506	20827	9247	6525	355	43916	1845	0	0	4076	0	0
January 23, 2015 3:27:00 PM UTC	1422055620000	0	0	no	15.1	231.1	20506	20827	9247	6525	354	43917	1834	0	0	4084	0	0
January 23, 2015 3:28:00 PM UTC	1422055680000	0	0	no	15.0	231.3	20506	20827	9247	6525	365	43906	1817	0	0	4099	0	0
January 23, 2015 3:29:00 PM UTC	1422055740000	0	0	no	14.8	231.5	20506	20827	9247	6525	366	43905	1810	0	0	4099	0	0
January 23, 2015 3:30:00 PM UTC	1422055800000	0	0	no	14.6	231.6	20506	20827	9248	6524	371	43900	1791	0	0	4119	0	0
January 23, 2015 3:31:00 PM UTC	1422055860000	0	0	no	14.5	231.8	20506	20827	9248	6524	377	43894	1783	0	0	4124	0	0
January 23, 2015 3:32:00 PM UTC	1422055920000	0	0	no	14.3	232.0	20506	20827	9255	6482	382	43924	1788	0	0	4138	0	0
January 23, 2015 3:33:00 PM UTC	1422055980000	0	0	no	14.2	232.2	20506	20827	9247	6524	382	43890	1759	0	0	4143	0	0
January 23, 2015 3:34:00 PM UTC	1422056040000	0	0	no	14.0	232.4	20506	20827	9247	6524	382	43890	1743	0	0	4156	0	0
January 23, 2015 3:35:00 PM UTC	1422056100000	0	0	no	13.9	232.5	20506	20827	9247	6500	383	43913	1726	0	0	4174	0	0
January 23, 2015 3:36:00 PM UTC	1422056160000	0	0	no	13.7	232.7	20506	20827	9247	6500	389	43907	1714	0	1	4183	0	0
January 23, 2015 3:37:00 PM UTC	1422056220000	0	0	no	13.5	232.9	20506	20827	9248	6482	396	43917	1708	0	0	4193	0	0
January 23, 2015 3:38:00 PM UTC	1422056280000	0	0	no	13.4	233.1	20506	20827	9245	6556	390	43852	1684	0	0	4205	0	0
January 23, 2015 3:39:00 PM UTC	1422056340000	0	0	no	13.2	233.3	20506	20827	9245	6556	401	43841	1668	0	0	4217	0	0
January 23, 2015 3:40:00 PM UTC	1422056400000	0	0	no	13.1	233.4	20506	20827	9246	6556	399	43842	1655	0	0	4228	0	0
January 23, 2015 3:41:00 PM UTC	1422056460000	0	0	no	12.9	233.6	20506	20827	9252	6514	405	43872	1658	0	0	4240	0	0
January 23, 2015 3:42:00 PM UTC	1422056520000	0	0	no	12.7	233.8	20506	20827	9246	6556	402	43839	1629	0	0	4258	0	0
January 23, 2015 3:43:00 PM UTC	1422056580000	0	0	no	12.6	234.0	20506	20827	9245	6556	406	43836	1615	0	0	4270	0	0
January 23, 2015 3:44:00 PM UTC	1422056640000	0	0	no	12.4	234.1	20506	20827	9251	6517	409	43866	1617	0	0	4279	0	0
January 23, 2015 3:45:00 PM UTC	1422056700000	0	0	no	12.2	234.3	20506	20827	9243	6573	409	43818	1583	0	0	4301	0	0
January 23, 2015 3:46:00 PM UTC	1422056760000	0	0	no	12.1	234.5	20506	20827	9245	6555	415	43828	1575	0	0	4311	0	0
January 23, 2015 3:47:00 PM UTC	1422056820000	0	0	no	11.9	234.7	20506	20827	9252	6518	423	43850	1574	0	0	4317	0	0
January 23, 2015 3:48:00 PM UTC	1422056880000	0	0	no	11.8	234.8	20506	20827	9242	6541	416	43844	1546	0	0	4341	0	0
January 23, 2015 3:49:00 PM UTC	1422056940000	0	0	yes	11.6	235.0	20506	20827	9251	6482	429	43881	1556	0	0	4331	0	0
January 23, 2015 3:50:00 PM UTC	1422057000000	0	0	yes	11.4	235.2	20506	20827	9252	6480	433	43878	1539	0	0	4359	0	0
January 23, 2015 3:51:00 PM UTC	1422057060000	0	0	yes	11.3	235.3	20506	20827	9246	6480	426	43891	1509	0	0	4383	0	0
January 23, 2015 3:52:00 PM UTC	1422057120000	0	0	yes	11.1	235.5	20506	20827	9252	6420	434	43937	1515	0	0	4390	0	0
January 23, 2015 3:53:00 PM UTC	1422057180000	0	0	yes	10.9	235.7	20506	20827	9242	6534	424	43843	1477	0	0	4397	0	0
January 23, 2015 3:54:00 PM UTC	1422057240000	0	0	yes	10.8	235.9	20506	20827	9248	6496	434	43865	1475	0	0	4425	0	0
January 23, 2015 3:55:00 PM UTC	1422057300000	0	0	yes	10.6	236.0	20506	20827	9257	6436	446	43904	1484	0	0	4432	0	0
January 23, 2015 3:56:00 PM UTC	1422057360000	0	0	yes	10.4	236.2	20506	20827	9243	6533	435	43832	1440	0	0	4436	0	0
January 23, 2015 3:57:00 PM UTC	1422057420000	0	0	yes	10.3	236.4	20506	20827	9248	6496	437	43862	1431	0	0	4465	0	0
January 23, 2015 3:58:00 PM UTC	1422057480000	0	0	yes	10.1	236.5	20506	20827	9248	6496	439	43860	1421	0	0	4473	0	0
January 23, 2015 3:59:00 PM UTC	1422057540000	0	0	yes	9.9	236.7	20506	20827	9248	6496	440	43859	1409	0	0	4485	0	0
January 23, 2015 4:00:00 PM UTC	1422057600000	0	0	yes	9.8	236.9	20506	20827	9248	6496	442	43857	1395	0	0	4496	0	0
January 23, 2015 4:01:00 PM UTC	1422057660000	0	0	yes	9.6	237.0	20506	20827	9249	6495	445	43854	1378	0	0	4513	0	0
January 23, 2015 4:02:00 PM UTC	1422057720000	0	0	yes	9.4	237.2	20506	20827	9249	6468	448	43878	1368	0	0	4531	0	0
January 23, 2015 4:03:00 PM UTC	1422057780000	0	0	yes	9.3	237.4	20506	20827	9241	6531	441	43830	1337	0	0	4533	0	0
January 23, 2015 4:04:00 PM UTC	1422057840000	0	0	yes	9.1	237.5	20506	20827	9247	6494	450	43852	1332	0	0	4555	0	0
January 23, 2015 4:05:00 PM UTC	1422057900000	0	0	yes	8.9	237.7	20506	20827	9256	6431	463	43893	1344	0	0	4570	0	0
January 23, 2015 4:06:00 PM UTC	1422057960000	0	0	yes	8.7	237.9	20506	20827	9246	6489	457	43851	1304	0	0	4584	0	0
January 23, 2015 4:07:00 PM UTC	1422058020000	0	0	yes	8.6	238.0	20506	20827	9242	6525	453	43823	1280	0	0	4595	0	0
January 23, 2015 4:08:00 PM UTC	1422058080000	0	0	yes	8.4	238.2	20506	20827	9257	6429	464	43893	1293	0	0	4618	0	0
January 23, 2015 4:09:00 PM UTC	1422058140000	0	0	yes	8.2	238.4	20506	20827	9247	6548	456	43792	1258	0	0	4623	0	0
January 23, 2015 4:10:00 PM UTC	1422058200000	0	0	yes	8.1	238.5	20506	20827	9247	6548	459	43789	1244	0	0	4638	0	0
January 23, 2015 4:11:00 PM UTC	1422058260000	0	0	yes	7.9	238.7	20506	20827	9252	6513	464	43814	1239	0	0	4655	0	0
January 23, 2015 4:12:00 PM UTC	1422058320000	0	0	yes	7.7	238.9	20506	20827	9247	6548	461	43787	1217	0	0	4664	0	0
January 23, 2015 4:13:00 PM UTC	1422058380000	0	0	yes	7.6	239.0	20506	20827	9247	6548	461	43787	1202	0	0	4683	0	0
January 23, 2015 4:14:00 PM UTC	1422058440000	0	0	yes	7.4	239.2	20506	20827	9247	6548	464	43784	1188	0	0	4694	0	0
January 23, 2015 4:15:00 PM UTC	1422058500000	0	0	yes	7.2	239.4	20506	20827	9251	6522	466	43804	1175	0	0	4717	0	0
January 23, 2015 4:16:00 PM UTC	1422058560000	0	0	yes	7.0	239.5	20506	20827	9242	6554	458	43789	1155	0	0	4721	0	0
January 23, 2015 4:17:00 PM UTC	1422058620000	0	0	yes	6.9	239.7	20506	20827	9252	6492	468	43831	1159	0	0	4739	0	0
January 23, 2015 4:18:00 PM UTC	1422058680000	0	0	yes	6.7	239.8	20506	20827	9247	6526	464	43806	1133	0	0	4752	0	0
January 23, 2015 4:19:00 PM UTC	1422058740000	0	0	yes	6.5	240.0	20506	20827	9243	6555	461	43784	1117	0	0	4759	0	0
January 23, 2015 4:20:00 PM UTC	1422058800000	0	0	yes	6.3	240.2	20506	20827	9252	6492	469	43830	1115	0	0	4783	0	0
January 23, 2015 4:21:00 PM UTC	1422058860000	0	0	yes	6.2	240.3	20506	20827	9252	6492	470	43829	1105	0	0	4794	0	0
January 23, 2015 4:22:00 PM UTC	1422058920000	0	0	yes	6.0	240.5	20506	20827	9242	6554	463	43784	1065	0	0	4809	0	0
January 23, 2015 4:23:00 PM UTC	1422058980000	0	0	yes	5.8	240.6	20506	20827	9257	6454	481	43851	1081	0	0	4830	0	0
January 23, 2015 4:24:00 PM UTC	1422059040000	0	0	yes	5.6	240.8	20506	20827	9248	6517	484	43794	1049	0	0	4839	0	0
January 23, 2015 4:25:00 PM UTC	1422059100000	0	0	yes	5.5	241.0	20506	20827	9241	6615	486	43701	1020	0	0	4846	0	0
January 23, 2015 4:26:00 PM UTC	1422059160000	0	0	yes	5.3	241.1	20506	20827	9250	6498	506	43789	1029	0	0	4865	0	0
January 23, 2015 4:27:00 PM UTC	1422059220000	0	0	yes	5.1	241.3	20506	20827	9247	6527	510	43759	1004	0	0	4879	0	0
January 23, 2015 4:28:00 PM UTC	1422059280000	0	0	yes	4.9	241.4	20506	20827	9247	6527	513	43756	993	0	0	4890	0	0
January 23, 2015 4:29:00 PM UTC	1422059340000	0	0	yes	4.8	241.6	20506	20827	9258	6464	529	43792	994	0	0	4910	0	0
January 23, 2015 4:30:00 PM UTC	1422059400000	0	0	yes	4.6	241.7	20506	20827	9247	6527	530	43739	966	0	0	4914	0	0
January 23, 2015 4:31:00 PM UTC	1422059460000	0	0	yes	4.4	241.9	20506	20827	9247	6509	540	43747	954	0	0	4934	0	0
January 23, 2015 4:32:00 PM UTC	1422059520000	0	0	yes	4.2	242.1	20506	20827	9247	6510	551	43735	937	0	0	4949	0	0
January 23, 2015 4:33:00 PM UTC	1422059580000	0	0	yes	4.1	242.2	20506	20827	9247	6510	567	43719	923	0	0	4956	0	0
January 23, 2015 4:34:00 PM UTC	1422059640000	0	0	yes	3.9	242.4	20506	20827	9247	6510	578	43708	901	0	0	4979	0	0
January 23, 2015 4:35:00 PM UTC	1422059700000	0	0	yes	3.7	242.5	20506	20827	9252	6476	608	43707	900	0	0	5003	0	0
January 23, 2015 4:36:00 PM UTC	1422059760000	0	0	yes	3.5	242.7	20506	20827	9252	6476	631	43684	885	0	0	5007	0	0
January 23, 2015 4:37:00 PM UTC	1422059820000	0	0	yes	3.3	242.8	20506	20827	9252	6476	664	43651	875	0	0	5020	0	0
January 23, 2015 4:38:00 PM UTC	1422059880000	0	0	yes	3.2	243.0	20506	20827	9236	6571	677	43559	834	0	0	5024	0	0
