January 25, 2015 7:12:00 AM UTC	1422198720000	0	0	no	3.0	116.4	20506	20827	9252	6474	727	43590	845	4	2	5054	7	4
January 25, 2015 7:13:00 AM UTC	1422198780000	0	0	no	3.2	116.5	20506	20827	9252	6474	691	43626	863	2	6	5036	0	2
January 25, 2015 7:14:00 AM UTC	1422198840000	0	0	no	3.4	116.7	20506	20827	9241	6538	652	43612	862	1	1	5013	0	1
January 25, 2015 7:15:00 AM UTC	1422198900000	0	0	no	3.5	116.8	20506	20827	9252	6475	629	43687	891	2	0	5007	7	5
January 25, 2015 7:16:00 AM UTC	1422198960000	0	0	no	3.7	117.0	20506	20827	9247	6506	595	43695	895	0	0	4995	3	3
January 25, 2015 7:17:00 AM UTC	1422199020000	0	0	no	3.9	117.1	20506	20827	9252	6475	584	43732	917	6	3	4978	9	3
January 25, 2015 7:18:00 AM UTC	1422199080000	0	0	no	4.1	117.3	20506	20827	9252	6475	568	43748	931	6	1	4968	5	3
January 25, 2015 7:19:00 AM UTC	1422199140000	0	0	no	4.3	117.4	20506	20827	9252	6475	554	43762	940	1	1	4961	3	8
January 25, 2015 7:20:00 AM UTC	1422199200000	0	0	no	4.4	117.6	20506	20827	9247	6509	539	43748	951	3	1	4927	4	3
January 25, 2015 7:21:00 AM UTC	1422199260000	0	0	no	4.6	117.8	20506	20827	9247	6509	531	43756	962	1	3	4921	2	3
January 25, 2015 7:22:00 AM UTC	1422199320000	0	0	no	4.8	117.9	20506	20827	9247	6509	524	43763	985	0	0	4900	0	4
January 25, 2015 7:23:00 AM UTC	1422199380000	0	0	no	5.0	118.1	20506	20827	9247	6509	513	43774	998	5	2	4888	2	4
January 25, 2015 7:24:00 AM UTC	1422199440000	0	0	no	5.1	118.2	20506	20827	9247	6528	507	43761	1007	1	0	4876	3	2
January 25, 2015 7:25:00 AM UTC	1422199500000	0	0	no	5.3	118.4	20506	20827	9258	6465	502	43818	1043	7	3	4861	3	6
January 25, 2015 7:26:00 AM UTC	1422199560000	0	0	no	5.5	118.5	20506	20827	9247	6528	487	43781	1034	1	2	4849	1	5
January 25, 2015 7:27:00 AM UTC	1422199620000	0	0	no	5.7	118.7	20506	20827	9247	6528	480	43788	1054	0	0	4829	0	1
January 25, 2015 7:28:00 AM UTC	1422199680000	0	0	no	5.9	118.9	20506	20827	9255	6466	483	43839	1080	1	2	4829	3	3
January 25, 2015 7:29:00 AM UTC	1422199740000	0	0	no	6.0	119.0	20506	20827	9241	6617	463	43722	1067	0	0	4799	0	3
January 25, 2015 7:30:00 AM UTC	1422199800000	0	0	no	6.2	119.2	20506	20827	9242	6560	459	43782	1082	0	0	4792	0	1
January 25, 2015 7:31:00 AM UTC	1422199860000	0	0	no	6.4	119.3	20506	20827	9256	6464	477	43846	1127	2	2	4782	1	3
January 25, 2015 7:32:00 AM UTC	1422199920000	0	0	no	6.6	119.5	20506	20827	9247	6527	466	43803	1126	0	2	4758	1	4
January 25, 2015 7:33:00 AM UTC	1422199980000	0	0	no	6.7	119.7	20506	20827	9252	6493	470	43828	1146	3	0	4754	3	3
January 25, 2015 7:34:00 AM UTC	1422200040000	0	0	no	6.9	119.8	20506	20827	9252	6493	469	43829	1163	0	0	4735	1	3
January 25, 2015 7:35:00 AM UTC	1422200100000	0	0	no	7.1	120.0	20506	20827	9243	6555	463	43782	1155	0	0	4722	0	2
January 25, 2015 7:36:00 AM UTC	1422200160000	0	0	no	7.2	120.1	20506	20827	9247	6527	464	43805	1179	0	0	4707	2	1
January 25, 2015 7:37:00 AM UTC	1422200220000	0	0	no	7.4	120.3	20506	20827	9252	6493	469	43829	1203	3	0	4695	3	4
January 25, 2015 7:38:00 AM UTC	1422200280000	0	0	no	7.6	120.5	20506	20827	9242	6555	457	43789	1198	0	0	4679	0	4
January 25, 2015 7:39:00 AM UTC	1422200340000	0	0	no	7.8	120.6	20506	20827	9252	6511	467	43813	1232	1	0	4665	3	0
January 25, 2015 7:40:00 AM UTC	1422200400000	0	0	no	7.9	120.8	20506	20827	9247	6555	462	43779	1228	0	1	4652	1	2
January 25, 2015 7:41:00 AM UTC	1422200460000	0	0	no	8.1	121.0	20506	20827	9247	6555	458	43783	1250	0	0	4634	2	3
January 25, 2015 7:42:00 AM UTC	1422200520000	0	0	no	8.3	121.1	20506	20827	9247	6555	455	43786	1262	0	0	4621	0	0
January 25, 2015 7:43:00 AM UTC	1422200580000	0	0	no	8.5	121.3	20506	20827	9252	6520	464	43807	1290	2	0	4605	2	2
January 25, 2015 7:44:00 AM UTC	1422200640000	0	0	no	8.6	121.4	20506	20827	9247	6555	456	43785	1286	2	0	4596	2	2
January 25, 2015 7:45:00 AM UTC	1422200700000	0	0	no	8.8	121.6	20506	20827	9247	6555	450	43791	1302	0	1	4580	0	0
January 25, 2015 7:46:00 AM UTC	1422200760000	0	0	no	9.0	121.8	20506	20827	9247	6555	448	43793	1322	0	0	4559	0	2
January 25, 2015 7:47:00 AM UTC	1422200820000	0	0	no	9.1	121.9	20506	20827	9248	6496	451	43848	1338	1	0	4550	0	0
January 25, 2015 7:48:00 AM UTC	1422200880000	0	0	no	9.3	122.1	20506	20827	9246	6498	447	43852	1352	3	0	4535	1	0
January 25, 2015 7:49:00 AM UTC	1422200940000	0	0	no	9.5	122.3	20506	20827	9256	6435	450	43902	1384	4	0	4529	1	2
January 25, 2015 7:50:00 AM UTC	1422201000000	0	0	no	9.7	122.4	20506	20827	9256	6435	453	43899	1398	2	1	4511	0	1
January 25, 2015 7:51:00 AM UTC	1422201060000	0	0	no	9.8	122.6	20506	20827	9241	6530	434	43838	1377	1	2	4496	0	0
January 25, 2015 7:52:00 AM UTC	1422201120000	0	0	no	10.0	122.8	20506	20827	9249	6472	437	43885	1422	3	1	4477	1	0
January 25, 2015 7:53:00 AM UTC	1422201180000	0	0	no	10.2	122.9	20506	20827	9249	6503	440	43851	1428	0	2	4465	0	0
January 25, 2015 7:54:00 AM UTC	1422201240000	0	0	no	10.3	123.1	20506	20827	9254	6466	439	43884	1451	4	1	4453	0	0
January 25, 2015 7:55:00 AM UTC	1422201300000	0	0	no	10.5	123.3	20506	20827	9248	6504	433	43858	1455	4	1	4440	0	0
January 25, 2015 7:56:00 AM UTC	1422201360000	0	0	no	10.7	123.5	20506	20827	9248	6504	434	43857	1466	1	0	4428	0	1
January 25, 2015 7:57:00 AM UTC	1422201420000	0	0	no	10.8	123.6	20506	20827	9248	6504	435	43856	1483	2	0	4414	0	1
January 25, 2015 7:58:00 AM UTC	1422201480000	0	0	no	11.0	123.8	20506	20827	9243	6543	425	43832	1484	0	1	4391	0	0
January 25, 2015 7:59:00 AM UTC	1422201540000	0	0	no	11.2	124.0	20506	20827	9248	6504	435	43856	1512	1	0	4382	0	0
January 25, 2015 8:00:00 AM UTC	1422201600000	0	0	no	11.3	124.1	20506	20827	9248	6504	431	43860	1525	2	0	4375	0	0
January 25, 2015 8:01:00 AM UTC	1422201660000	0	0	no	11.5	124.3	20506	20827	9242	6543	421	43837	1524	1	0	4350	0	0
January 25, 2015 8:02:00 AM UTC	1422201720000	0	0	no	11.7	124.5	20506	20827	9252	6426	428	43937	1563	2	0	4341	0	1
January 25, 2015 8:03:00 AM UTC	1422201780000	0	0	no	11.8	124.7	20506	20827	9246	6487	419	43891	1560	1	0	4332	0	0
January 25, 2015 8:04:00 AM UTC	1422201840000	0	0	no	12.0	124.8	20506	20827	9248	6526	417	43852	1580	0	0	4310	0	0
January 25, 2015 8:05:00 AM UTC	1422201900000	0	0	no	12.2	125.0	20506	20827	9251	6488	424	43880	1600	3	0	4289	1	0
January 25, 2015 8:06:00 AM UTC	1422201960000	0	0	no	12.3	125.2	20506	20827	9242	6546	406	43849	1594	1	0	4293	0	0
January 25, 2015 8:07:00 AM UTC	1422202020000	0	0	no	12.5	125.3	20506	20827	9252	6521	411	43859	1623	1	0	4270	0	0
January 25, 2015 8:08:00 AM UTC	1422202080000	0	0	no	12.6	125.5	20506	20827	9245	6564	409	43825	1623	0	0	4264	0	0
January 25, 2015 8:09:00 AM UTC	1422202140000	0	0	no	12.8	125.7	20506	20827	9243	6582	400	43818	1625	0	0	4258	0	0
January 25, 2015 8:10:00 AM UTC	1422202200000	0	0	no	13.0	125.9	20506	20827	9251	6523	411	43858	1667	0	0	4231	0	0
January 25, 2015 8:11:00 AM UTC	1422202260000	0	0	no	13.1	126.0	20506	20827	9245	6565	399	43834	1662	0	0	4223	0	0
January 25, 2015 8:12:00 AM UTC	1422202320000	0	0	no	13.3	126.2	20506	20827	9246	6565	396	43836	1675	0	0	4214	0	0
January 25, 2015 8:13:00 AM UTC	1422202380000	0	0	no	13.5	126.4	20506	20827	9252	6525	401	43865	1707	2	0	4195	0	0
January 25, 2015 8:14:00 AM UTC	1422202440000	0	0	no	13.6	126.6	20506	20827	9246	6565	390	43842	1702	0	0	4186	0	0
January 25, 2015 8:15:00 AM UTC	1422202500000	0	0	no	13.8	126.8	20506	20827	9245	6565	383	43850	1719	0	0	4172	0	0
January 25, 2015 8:16:00 AM UTC	1422202560000	0	0	no	13.9	126.9	20506	20827	9245	6565	382	43851	1726	0	0	4168	0	0
January 25, 2015 8:17:00 AM UTC	1422202620000	0	0	no	14.1	127.1	20506	20827	9255	6454	391	43943	1776	2	0	4146	0	0
January 25, 2015 8:18:00 AM UTC	1422202680000	0	0	no	14.3	127.3	20506	20827	9247	6509	375	43912	1765	1	0	4139	0	0
January 25, 2015 8:19:00 AM UTC	1422202740000	0	0	no	14.4	127.5	20506	20827	9247	6509	374	43913	1774	0	0	4134	0	0
January 25, 2015 8:20:00 AM UTC	1422202800000	0	0	no	14.6	127.7	20506	20827	9247	6538	370	43888	1787	0	2	4122	0	0
January 25, 2015 8:21:00 AM UTC	1422202860000	0	0	no	14.7	127.8	20506	20827	9240	6595	360	43848	1784	0	0	4107	0	0
January 25, 2015 8:22:00 AM UTC	1422202920000	0	0	no	14.9	128.0	20506	20827	9255	6496	374	43918	1835	0	0	4101	0	0
January 25, 2015 8:23:00 AM UTC	1422202980000	0	0	no	15.1	128.2	20506	20827	9248	6538	357	43900	1826	0	0	4089	0	0
January 25, 2015 8:24:00 AM UTC	1422203040000	0	0	no	15.2	128.4	20506	20827	9248	6538	355	43902	1841	0	0	4078	0	0
January 25, 2015 8:25:00 AM UTC	1422203100000	0	0	no	15.4	128.6	20506	20827	9247	6539	352	43905	1852	0	0	4071	0	0
January 25, 2015 8:26:00 AM UTC	1422203160000	0	0	no	15.5	128.8	20506	20827	9247	6539	343	43914	1868	0	0	4059	0	0
January 25, 2015 8:27:00 AM UTC	1422203220000	0	0	no	15.7	128.9	20506	20827	9256	6483	347	43957	1895	1	1	4061	0	0
January 25, 2015 8:28:00 AM UTC	1422203280000	0	0	no	15.8	129.1	20506	20827	9247	6539	336	43921	1892	0	0	4042	0	0
January 25, 2015 8:29:00 AM UTC	1422203340000	0	0	no	16.0	129.3	20506	20827	9240	6586	322	43895	1881	0	0	4038	0	0
January 25, 2015 8:30:00 AM UTC	1422203400000	0	0	no	16.2	129.5	20506	20827	9255	6487	333	43968	1939	3	0	4025	0	0
January 25, 2015 8:31:00 AM UTC	1422203460000	0	0	no	16.3	129.7	20506	20827	9239	6594	312	43898	1904	0	0	4022	0	0
January 25, 2015 8:32:00 AM UTC	1422203520000	0	0	no	16.5	129.9	20506	20827	9249	6474	321	43999	1955	0	0	4009	0	0
January 25, 2015 8:33:00 AM UTC	1422203580000	0	0	no	16.6	130.1	20506	20827	9249	6518	316	43960	1962	0	0	4002	0	0
January 25, 2015 8:34:00 AM UTC	1422203640000	0	0	no	16.8	130.2	20506	20827	9240	6574	303	43926	1951	0	0	3992	0	0
January 25, 2015 8:35:00 AM UTC	1422203700000	0	0	no	16.9	130.4	20506	20827	9249	6519	305	43970	1982	1	0	3985	0	0
January 25, 2015 8:36:00 AM UTC	1422203760000	0	0	no	17.1	130.6	20506	20827	9249	6519	300	43975	1992	0	1	3986	0	0
January 25, 2015 8:37:00 AM UTC	1422203820000	0	0	no	17.2	130.8	20506	20827	9249	6519	296	43979	2010	2	0	3972	0	0
January 25, 2015 8:38:00 AM UTC	1422203880000	0	0	no	17.4	131.0	20506	20827	9249	6519	290	43985	2021	0	0	3969	0	0
January 25, 2015 8:39:00 AM UTC	1422203940000	0	0	no	17.5	131.2	20506	20827	9249	6519	287	43988	2032	0	0	3960	0	0
January 25, 2015 8:40:00 AM UTC	1422204000000	0	0	no	17.7	131.4	20506	20827	9243	6564	274	43962	2020	0	0	3959	0	0
January 25, 2015 8:41:00 AM UTC	1422204060000	0	0	no	17.8	131.6	20506	20827	9250	6518	278	43997	2060	0	1	3946	0	0
January 25, 2015 8:42:00 AM UTC	1422204120000	0	0	no	18.0	131.8	20506	20827	9251	6510	275	44007	2075	0	1	3942	0	0
January 25, 2015 8:43:00 AM UTC	1422204180000	0	0	no	18.1	132.0	20506	20827	9243	6563	255	43982	2059	0	0	3936	0	0
January 25, 2015 8:44:00 AM UTC	1422204240000	0	0	no	18.3	132.1	20506	20827	9250	6517	256	44020	2087	0	0	3936	0	0
January 25, 2015 8:45:00 AM UTC	1422204300000	0	0	no	18.4	132.3	20506	20827	9251	6462	255	44075	2113	0	0	3926	0	0
January 25, 2015 8:46:00 AM UTC	1422204360000	0	0	no	18.6	132.5	20506	20827	9243	6562	238	44000	2096	0	0	3917	0	0
January 25, 2015 8:47:00 AM UTC	1422204420000	0	0	no	18.7	132.7	20506	20827	9243	6628	228	43944	2100	0	2	3916	0	0
January 25, 2015 8:48:00 AM UTC	1422204480000	0	0	no	18.9	132.9	20506	20827	9251	6581	230	43981	2130	0	0	3915	0	0
January 25, 2015 8:49:00 AM UTC	1422204540000	0	0	no	19.0	133.1	20506	20827	9251	6581	224	43987	2136	0	1	3913	0	0
January 25, 2015 8:50:00 AM UTC	1422204600000	0	0	no	19.2	133.3	20506	20827	9244	6628	205	43966	2134	0	1	3899	0	0
January 25, 2015 8:51:00 AM UTC	1422204660000	0	0	no	19.3	133.5	20506	20827	9251	6580	206	44006	2161	0	0	3899	0	0
January 25, 2015 8:52:00 AM UTC	1422204720000	0	0	no	19.5	133.7	20506	20827	9251	6577	196	44019	2181	0	0	3888	0	0
January 25, 2015 8:53:00 AM UTC	1422204780000	0	0	no	19.6	133.9	20506	20827	9244	6628	185	43986	2162	0	0	3888	0	0
January 25, 2015 8:54:00 AM UTC	1422204840000	0	0	yes	19.7	134.1	20506	20827	9251	6580	188	44024	2204	0	0	3883	0	0
January 25, 2015 8:55:00 AM UTC	1422204900000	0	0	yes	19.9	134.3	20506	20827	9251	6577	179	44036	2211	0	0	3877	0	0
January 25, 2015 8:56:00 AM UTC	1422204960000	0	0	yes	20.0	134.5	20506	20827	9244	6628	166	44005	2203	0	0	3871	0	0
January 25, 2015 8:57:00 AM UTC	1422205020000	0	0	yes	20.2	134.7	20506	20827	9243	6625	157	44018	2210	0	0	3872	0	0
January 25, 2015 8:58:00 AM UTC	1422205080000	0	0	yes	20.3	134.9	20506	20827	9252	6571	160	44060	2244	0	0	3866	0	0
January 25, 2015 8:59:00 AM UTC	1422205140000	0	0	yes	20.5	135.1	20506	20827	9244	6623	145	44031	2230	0	3	3860	0	0
January 25, 2015 9:00:00 AM UTC	1422205200000	0	0	yes	20.6	135.3	20506	20827	9244	6620	139	44040	2243	0	0	3858	0	0
January 25, 2015 9:01:00 AM UTC	1422205260000	0	0	yes	20.7	135.5	20506	20827	9253	6570	146	44074	2273	0	0	3856	0	0
January 25, 2015 9:02:00 AM UTC	1422205320000	0	0	yes	20.9	135.7	20506	20827	9245	6620	124	44054	2255	1	0	3858	0	0
January 25, 2015 9:03:00 AM UTC	1422205380000	0	0	yes	21.0	135.9	20506	20827	9245	6620	118	44060	2268	0	0	3854	0	0
January 25, 2015 9:04:00 AM UTC	1422205440000	0	0	yes	21.2	136.1	20506	20827	9245	6620	107	44071	2283	0	1	3847	0	0
January 25, 2015 9:05:00 AM UTC	1422205500000	0	0	yes	21.3	136.3	20506	20827	9245	6617	102	44079	2293	0	0	3843	0	0
January 25, 2015 9:06:00 AM UTC	1422205560000	0	0	yes	21.4	136.5	20506	20827	9237	6670	85	44051	2263	0	0	3846	0	0
January 25, 2015 9:07:00 AM UTC	1422205620000	0	0	yes	21.6	136.7	20506	20827	9253	6571	96	44123	2329	1	0	3842	0	0
January 25, 2015 9:08:00 AM UTC	1422205680000	0	0	yes	21.7	137.0	20506	20827	9253	6571	87	44132	2340	0	0	3839	0	0
January 25, 2015 9:09:00 AM UTC	1422205740000	0	0	yes	21.9	137.2	20506	20827	9253	6570	77	44143	2356	3	0	3830	0	0
January 25, 2015 9:10:00 AM UTC	1422205800000	0	0	yes	22.0	137.4	20506	20827	9253	6579	61	44150	2361	0	0	3833	0	0
January 25, 2015 9:11:00 AM UTC	1422205860000	0	0	yes	22.1	137.6	20506	20827	9245	6630	51	44117	2346	0	0	3830	0	0
January 25, 2015 9:12:00 AM UTC	1422205920000	0	0	yes	22.3	137.8	20506	20827	9251	6580	46	44166	2382	2	5	3829	0	0
January 25, 2015 9:13:00 AM UTC	1422205980000	0	0	yes	22.4	138.0	20506	20827	9244	6631	31	44137	2362	0	4	3830	0	0
January 25, 2015 9:14:00 AM UTC	1422206040000	0	0	yes	22.5	138.2	20506	20827	9251	6583	31	44178	2403	0	0	3821	0	0
January 25, 2015 9:15:00 AM UTC	1422206100000	0	0	yes	22.7	138.4	20506	20827	9253	6522	20	44248	2419	0	0	3822	0	0
January 25, 2015 9:16:00 AM UTC	1422206160000	0	0	yes	22.8	138.6	20506	20827	9247	6566	10	44220	2408	0	1	3817	0	0
January 25, 2015 9:17:00 AM UTC	1422206220000	0	0	yes	22.9	138.8	20506	20827	9245	6573	4	44221	2404	0	0	3823	0	0
January 25, 2015 9:18:00 AM UTC	1422206280000	0	0	yes	23.1	139.1	20506	20827	9253	6522	4	44264	2446	0	0	3817	0	0
January 25, 2015 9:19:00 AM UTC	1422206340000	0	0	yes	23.2	139.3	20506	20827	9253	6522	1	44267	2452	0	0	3820	0	0
January 25, 2015 9:20:00 AM UTC	1422206400000	0	0	yes	23.3	139.5	20506	20827	9253	6522	0	44268	2466	0	0	3814	0	0
January 25, 2015 9:21:00 AM UTC	1422206460000	0	0	yes	23.4	139.7	20506	20827	9252	6572	0	44219	2458	0	0	3817	0	0
January 25, 2015 9:22:00 AM UTC	1422206520000	0	0	yes	23.6	139.9	20506	20827	9247	6579	0	44217	2453	0	1	3814	0	1
January 25, 2015 9:23:00 AM UTC	1422206580000	0	0	yes	23.7	140.1	20506	20827	9254	6530	0	44259	2483	0	0	3817	0	0
January 25, 2015 9:24:00 AM UTC	1422206640000	0	0	yes	23.8	140.4	20506	20827	9253	6541	0	44249	2489	0	0	3810	0	0
January 25, 2015 9:25:00 AM UTC	1422206700000	0	0	yes	24.0	140.6	20506	20827	9253	6541	0	44249	2498	0	0	3815	0	0
January 25, 2015 9:26:00 AM UTC	1422206760000	0	0	yes	24.1	140.8	20506	20827	9247	6586	0	44210	2482	0	0	3811	0	0
January 25, 2015 9:27:00 AM UTC	1422206820000	0	0	yes	24.2	141.0	20506	20827	9254	6541	0	44248	2512	0	0	3811	0	0
January 25, 2015 9:28:00 AM UTC	1422206880000	0	0	yes	24.3	141.2	20506	20827	9254	6541	0	44248	2517	0	0	3815	0	0
January 25, 2015 9:29:00 AM UTC	1422206940000	0	0	yes	24.5	141.4	20506	20827	9253	6541	0	44249	2531	0	0	3809	0	0
January 25, 2015 9:30:00 AM UTC	1422207000000	0	0	yes	24.6	141.7	20506	20827	9244	6594	0	44205	2509	0	0	3815	0	0
January 25, 2015 9:31:00 AM UTC	1422207060000	0	0	yes	24.7	141.9	20506	20827	9253	6541	0	44249	2546	0	0	3812	0	0
January 25, 2015 9:32:00 AM UTC	1422207120000	0	0	yes	24.8	142.1	20506	20827	9251	6551	0	44241	2542	0	0	3818	0	1
January 25, 2015 9:33:00 AM UTC	1422207180000	0	0	yes	25.0	142.3	20506	20827	9251	6570	0	44222	2550	0	1	3812	0	0
January 25, 2015 9:34:00 AM UTC	1422207240000	0	0	yes	25.1	142.6	20506	20827	9250	6571	0	44222	2553	0	0	3816	0	0
January 25, 2015 9:35:00 AM UTC	1422207300000	0	0	yes	25.2	142.8	20506	20827	9250	6571	0	44222	2569	0	0	3816	0	0
January 25, 2015 9:36:00 AM UTC	1422207360000	0	0	yes	25.3	143.0	20506	20827	9243	6620	0	44180	2553	0	0	3816	0	0
January 25, 2015 9:37:00 AM UTC	1422207420000	0	0	yes	25.5	143.2	20506	20827	9250	6571	0	44222	2585	0	0	3812	0	0
January 25, 2015 9:38:00 AM UTC	1422207480000	0	0	yes	25.6	143.5	20506	20827	9249	6571	0	44223	2586	0	0	3818	0	0
January 25, 2015 9:39:00 AM UTC	1422207540000	0	0	yes	25.7	143.7	20506	20827	9254	6529	0	44260	2621	0	0	3813	0	0
January 25, 2015 9:40:00 AM UTC	1422207600000	0	0	yes	25.8	143.9	20506	20827	9250	6570	0	44223	2601	0	0	3818	0	0
January 25, 2015 9:41:00 AM UTC	1422207660000	0	0	yes	25.9	144.1	20506	20827	9250	6570	0	44223	2616	0	0	3811	0	0
January 25, 2015 9:42:00 AM UTC	1422207720000	0	0	yes	26.0	144.4	20506	20827	9249	6570	0	44224	2618	0	0	3832	0	0
January 25, 2015 9:43:00 AM UTC	1422207780000	0	0	yes	26.2	144.6	20506	20827	9239	6626	0	44178	2599	0	0	3808	0	0
January 25, 2015 9:44:00 AM UTC	1422207840000	0	0	yes	26.3	144.8	20506	20827	9247	6610	0	44186	2619	0	0	3822	0	0
January 25, 2015 9:45:00 AM UTC	1422207900000	0	0	yes	26.4	145.1	20506	20827	9247	6610	0	44186	2618	0	0	3811	0	0
January 25, 2015 9:46:00 AM UTC	1422207960000	0	0	yes	26.5	145.3	20506	20827	9247	6610	0	44186	2633	0	0	3819	0	0
January 25, 2015 9:47:00 AM UTC	1422208020000	0	0	yes	26.6	145.5	20506	20827	9247	6610	0	44186	2629	1	0	3834	0	0
January 25, 2015 9:48:00 AM UTC	1422208080000	0	0	yes	26.7	145.7	20506	20827	9247	6610	0	44186	2644	0	0	3822	0	0
January 25, 2015 9:49:00 AM UTC	1422208140000	0	0	yes	26.8	146.0	20506	20827	9254	6575	0	44214	2668	1	0	3831	0	0
January 25, 2015 9:50:00 AM UTC	1422208200000	0	0	yes	27.0	146.2	20506	20827	9255	6512	0	44276	2687	0	1	3825	0	0
January 25, 2015 9:51:00 AM UTC	1422208260000	0	0	yes	27.1	146.4	20506	20827	9250	6548	0	44245	2671	0	0	3828	0	0
January 25, 2015 9:52:00 AM UTC	1422208320000	0	0	yes	27.2	146.7	20506	20827	9255	6512	0	44276	2695	0	0	3829	0	0
January 25, 2015 9:53:00 AM UTC	1422208380000	0	0	yes	27.3	146.9	20506	20827	9246	6569	0	44228	2671	0	0	3831	0	0
January 25, 2015 9:54:00 AM UTC	1422208440000	0	0	yes	27.4	147.2	20506	20827	9252	6531	0	44260	2706	0	0	3829	0	0
January 25, 2015 9:55:00 AM UTC	1422208500000	0	0	yes	27.5	147.4	20506	20827	9249	6581	0	44213	2678	0	0	3839	0	0
January 25, 2015 9:56:00 AM UTC	1422208560000	0	0	yes	27.6	147.6	20506	20827	9245	6598	0	44200	2686	0	0	3834	0	0
January 25, 2015 9:57:00 AM UTC	1422208620000	0	0	yes	27.7	147.9	20506	20827	9251	6561	0	44231	2706	0	0	3843	0	0
January 25, 2015 9:58:00 AM UTC	1422208680000	0	0	yes	27.8	148.1	20506	20827	9252	6561	0	44230	2712	0	0	3840	0	0
January 25, 2015 9:59:00 AM UTC	1422208740000	0	0	yes	27.9	148.3	20506	20827	9247	6599	0	44197	2693	0	0	3846	0	0
January 25, 2015 10:00:00 AM UTC	1422208800000	0	0	yes	28.0	148.6	20506	20827	9252	6561	0	44230	2721	0	2	3852	0	0
January 25, 2015 10:01:00 AM UTC	1422208860000	0	0	yes	28.1	148.8	20506	20827	9242	6620	0	44181	2696	0	0	3850	0	0
January 25, 2015 10:02:00 AM UTC	1422208920000	0	0	yes	28.3	149.1	20506	20827	9257	6522	0	44264	2755	0	0	3858	0	0
January 25, 2015 10:03:00 AM UTC	1422208980000	0	0	yes	28.4	149.3	20506	20827	9243	6618	0	44182	2709	0	0	3856	0	0
January 25, 2015 10:04:00 AM UTC	1422209040000	0	0	yes	28.5	149.6	20506	20827	9252	6560	0	44231	2739	0	0	3862	0	0
January 25, 2015 10:05:00 AM UTC	1422209100000	0	0	yes	28.6	149.8	20506	20827	9248	6555	0	44240	2740	0	0	3866	0	0
January 25, 2015 10:06:00 AM UTC	1422209160000	0	0	yes	28.7	150.0	20506	20827	9248	6617	0	44178	2728	0	0	3868	0	0
January 25, 2015 10:07:00 AM UTC	1422209220000	0	0	yes	28.8	150.3	20506	20827	9247	6618	0	44178	2737	0	0	3872	0	0
January 25, 2015 10:08:00 AM UTC	1422209280000	0	0	yes	28.9	150.5	20506	20827	9247	6618	0	44178	2739	0	0	3876	0	0
January 25, 2015 10:09:00 AM UTC	1422209340000	0	0	yes	29.0	150.8	20506	20827	9247	6618	0	44178	2748	0	0	3875	0	0
January 25, 2015 10:10:00 AM UTC	1422209400000	0	0	yes	29.1	151.0	20506	20827	9253	6583	0	44207	2768	0	0	3884	0	0
January 25, 2015 10:11:00 AM UTC	1422209460000	0	0	yes	29.2	151.3	20506	20827	9238	6681	0	44124	2720	0	0	3879	0	0
January 25, 2015 10:12:00 AM UTC	1422209520000	0	0	yes	29.2	151.5	20506	20827	9247	6617	0	44179	2748	0	0	3890	0	0
January 25, 2015 10:13:00 AM UTC	1422209580000	0	0	yes	29.3	151.8	20506	20827	9251	6583	0	44209	2776	0	0	3892	0	0
January 25, 2015 10:14:00 AM UTC	1422209640000	0	0	yes	29.4	152.0	20506	20827	9251	6583	0	44209	2782	0	0	3892	0	0
January 25, 2015 10:15:00 AM UTC	1422209700000	0	0	yes	29.5	152.3	20506	20827	9253	6508	0	44282	2803	0	0	3897	0	0
January 25, 2015 10:16:00 AM UTC	1422209760000	0	0	yes	29.6	152.5	20506	20827	9244	6637	0	44162	2754	0	0	3898	0	0
January 25, 2015 10:17:00 AM UTC	1422209820000	0	0	yes	29.7	152.8	20506	20827	9252	6576	0	44215	2788	0	0	3907	0	1
January 25, 2015 10:18:00 AM UTC	1422209880000	0	0	yes	29.8	153.0	20506	20827	9249	6603	0	44191	2782	0	2	3906	0	0
January 25, 2015 10:19:00 AM UTC	1422209940000	0	0	yes	29.9	153.3	20506	20827	9258	6543	0	44242	2814	0	2	3911	0	0
January 25, 2015 10:20:00 AM UTC	1422210000000	0	0	yes	30.0	153.5	20506	20827	9248	6604	0	44191	2783	0	2	3916	0	0
January 25, 2015 10:21:00 AM UTC	1422210060000	0	0	yes	30.1	153.8	20506	20827	9248	6604	0	44191	2785	0	1	3916	0	0
January 25, 2015 10:22:00 AM UTC	1422210120000	0	0	yes	30.2	154.0	20506	20827	9248	6604	0	44191	2788	0	0	3924	0	2
January 25, 2015 10:23:00 AM UTC	1422210180000	0	0	yes	30.3	154.3	20506	20827	9248	6604	0	44191	2794	0	1	3924	0	1
January 25, 2015 10:24:00 AM UTC	1422210240000	0	0	yes	30.3	154.5	20506	20827	9252	6573	0	44218	2824	0	1	3931	0	0
January 25, 2015 10:25:00 AM UTC	1422210300000	0	0	yes	30.4	154.8	20506	20827	9252	6552	0	44239	2827	0	0	3935	0	0
January 25, 2015 10:26:00 AM UTC	1422210360000	0	0	yes	30.5	155.0	20506	20827	9247	6582	0	44214	2820	0	0	3933	0	0
January 25, 2015 10:27:00 AM UTC	1422210420000	0	0	yes	30.6	155.3	20506	20827	9241	6681	0	44121	2775	0	0	3943	0	0
January 25, 2015 10:28:00 AM UTC	1422210480000	0	0	yes	30.7	155.6	20506	20827	9250	6618	0	44175	2819	0	0	3942	0	1
January 25, 2015 10:29:00 AM UTC	1422210540000	0	0	yes	30.8	155.8	20506	20827	9241	6681	0	44121	2772	0	0	3953	0	0
January 25, 2015 10:30:00 AM UTC	1422210600000	0	0	yes	30.8	156.1	20506	20827	9244	6655	0	44144	2800	0	0	3947	0	0
January 25, 2015 10:31:00 AM UTC	1422210660000	0	0	yes	30.9	156.3	20506	20827	9250	6620	0	44173	2822	0	0	3957	0	0
January 25, 2015 10:32:00 AM UTC	1422210720000	0	0	yes	31.0	156.6	20506	20827	9245	6650	0	44148	2807	0	0	3956	0	0
January 25, 2015 10:33:00 AM UTC	1422210780000	0	0	yes	31.1	156.8	20506	20827	9244	6659	0	44140	2808	0	0	3965	0	0
January 25, 2015 10:34:00 AM UTC	1422210840000	0	0	yes	31.2	157.1	20506	20827	9245	6609	0	44189	2816	0	0	3967	0	0
January 25, 2015 10:35:00 AM UTC	1422210900000	0	0	yes	31.2	157.4	20506	20827	9250	6563	0	44230	2847	0	2	3970	0	0
January 25, 2015 10:36:00 AM UTC	1422210960000	0	0	yes	31.3	157.6	20506	20827	9249	6564	0	44230	2848	1	1	3973	0	0
January 25, 2015 10:37:00 AM UTC	1422211020000	0	0	yes	31.4	157.9	20506	20827	9244	6592	0	44207	2833	0	1	3978	0	0
January 25, 2015 10:38:00 AM UTC	1422211080000	0	0	yes	31.5	158.2	20506	20827	9247	6632	0	44164	2835	0	0	3980	0	0
January 25, 2015 10:39:00 AM UTC	1422211140000	0	0	yes	31.5	158.4	20506	20827	9239	6696	0	44108	2786	0	0	3989	0	1
January 25, 2015 10:40:00 AM UTC	1422211200000	0	0	yes	31.6	158.7	20506	20827	9249	6633	0	44161	2830	0	0	3993	0	0
January 25, 2015 10:41:00 AM UTC	1422211260000	0	0	yes	31.7	158.9	20506	20827	9247	6631	0	44165	2831	0	0	4003	0	0
January 25, 2015 10:42:00 AM UTC	1422211320000	0	0	yes	31.8	159.2	20506	20827	9242	6593	0	44208	2827	0	0	4005	0	0
January 25, 2015 10:43:00 AM UTC	1422211380000	0	0	yes	31.8	159.5	20506	20827	9249	6554	0	44240	2855	0	0	4004	0	0
January 25, 2015 10:44:00 AM UTC	1422211440000	0	0	yes	31.9	159.7	20506	20827	9239	6604	0	44200	2821	0	0	4014	0	0
January 25, 2015 10:45:00 AM UTC	1422211500000	0	0	yes	32.0	160.0	20506	20827	9243	6578	0	44222	2845	0	0	4012	0	0
January 25, 2015 10:46:00 AM UTC	1422211560000	0	0	yes	32.0	160.3	20506	20827	9253	6514	0	44276	2879	0	0	4026	0	0
January 25, 2015 10:47:00 AM UTC	1422211620000	0	0	yes	32.1	160.5	20506	20827	9243	6579	0	44221	2849	0	0	4018	0	0
January 25, 2015 10:48:00 AM UTC	1422211680000	0	0	yes	32.2	160.8	20506	20827	9246	6555	0	44242	2858	0	0	4035	0	3
January 25, 2015 10:49:00 AM UTC	1422211740000	0	0	yes	32.2	161.1	20506	20827	9254	6561	0	44228	2880	0	0	4030	0	2
January 25, 2015 10:50:00 AM UTC	1422211800000	0	0	yes	32.3	161.4	20506	20827	9243	6610	0	44190	2831	0	0	4036	0	2
January 25, 2015 10:51:00 AM UTC	1422211860000	0	0	yes	32.4	161.6	20506	20827	9246	6589	0	44208	2843	0	1	4040	0	2
January 25, 2015 10:52:00 AM UTC	1422211920000	0	0	yes	32.4	161.9	20506	20827	9246	6589	0	44208	2850	0	0	4041	0	1
January 25, 2015 10:53:00 AM UTC	1422211980000	0	0	yes	32.5	162.2	20506	20827	9246	6589	0	44208	2843	0	0	4051	0	3
January 25, 2015 10:54:00 AM UTC	1422212040000	0	0	yes	32.6	162.4	20506	20827	9246	6578	0	44219	2865	0	1	4049	0	2
January 25, 2015 10:55:00 AM UTC	1422212100000	0	0	no	32.6	162.7	20506	20827	9239	6624	0	44180	2824	0	1	4056	2	3
January 25, 2015 10:56:00 AM UTC	1422212160000	0	0	no	32.7	163.0	20506	20827	9250	6556	0	44237	2870	0	1	4062	0	3
January 25, 2015 10:57:00 AM UTC	1422212220000	0	0	no	32.7	163.2	20506	20827	9250	6556	0	44237	2871	1	2	4064	0	3
January 25, 2015 10:58:00 AM UTC	1422212280000	0	0	yes	32.8	163.5	20506	20827	9240	6622	0	44181	2831	0	0	4069	0	2
January 25, 2015 10:59:00 AM UTC	1422212340000	0	0	yes	32.8	163.8	20506	20827	9250	6556	0	44237	2874	0	3	4071	0	3
January 25, 2015 11:00:00 AM UTC	1422212400000	0	0	no	32.9	164.1	20506	20827	9249	6628	0	44166	2850	0	0	4078	0	3
January 25, 2015 11:01:00 AM UTC	1422212460000	0	0	no	33.0	164.3	20506	20827	9239	6694	0	44110	2808	0	0	4078	0	2
January 25, 2015 11:02:00 AM UTC	1422212520000	0	0	no	33.0	164.6	20506	20827	9242	6675	0	44126	2822	0	0	4084	0	0
January 25, 2015 11:03:00 AM UTC	1422212580000	0	0	no	33.1	164.9	20506	20827	9252	6600	0	44191	2865	0	1	4090	0	2
January 25, 2015 11:04:00 AM UTC	1422212640000	0	0	no	33.1	165.2	20506	20827	9243	6636	0	44164	2834	0	0	4090	0	3
January 25, 2015 11:05:00 AM UTC	1422212700000	0	0	no	33.2	165.4	20506	20827	9245	6618	0	44180	2841	0	0	4100	0	2
January 25, 2015 11:06:00 AM UTC	1422212760000	0	0	yes	33.2	165.7	20506	20827	9255	6548	0	44240	2897	0	0	4093	0	1
January 25, 2015 11:07:00 AM UTC	1422212820000	0	0	no	33.3	166.0	20506	20827	9245	6618	0	44180	2844	0	0	4103	0	0
January 25, 2015 11:08:00 AM UTC	1422212880000	0	0	no	33.3	166.3	20506	20827	9245	6618	0	44180	2847	0	0	4107	0	2
January 25, 2015 11:09:00 AM UTC	1422212940000	0	0	no	33.4	166.5	20506	20827	9246	6617	0	44180	2843	0	0	4110	0	2
January 25, 2015 11:10:00 AM UTC	1422213000000	0	0	no	33.4	166.8	20506	20827	9246	6617	0	44180	2849	0	0	4114	0	2
January 25, 2015 11:11:00 AM UTC	1422213060000	0	0	no	33.5	167.1	20506	20827	9245	6617	0	44181	2841	0	0	4120	0	0
January 25, 2015 11:12:00 AM UTC	1422213120000	0	0	no	33.5	167.4	20506	20827	9245	6611	0	44187	2846	0	0	4124	0	0
January 25, 2015 11:13:00 AM UTC	1422213180000	0	0	no	33.5	167.7	20506	20827	9236	6657	0	44150	2818	0	0	4126	0	0
January 25, 2015 11:14:00 AM UTC	1422213240000	0	0	no	33.6	167.9	20506	20827	9247	6591	0	44205	2857	0	0	4134	0	0
January 25, 2015 11:15:00 AM UTC	1422213300000	0	0	no	33.6	168.2	20506	20827	9247	6591	0	44205	2858	0	0	4135	0	0
January 25, 2015 11:16:00 AM UTC	1422213360000	0	0	no	33.7	168.5	20506	20827	9246	6591	0	44206	2858	0	0	4135	0	0
January 25, 2015 11:17:00 AM UTC	1422213420000	0	0	no	33.7	168.8	20506	20827	9248	6550	0	44245	2871	0	0	4134	0	0
January 25, 2015 11:18:00 AM UTC	1422213480000	0	0	no	33.7	169.1	20506	20827	9249	6550	0	44244	2870	0	1	4144	0	0
January 25, 2015 11:19:00 AM UTC	1422213540000	0	0	no	33.8	169.3	20506	20827	9249	6550	0	44244	2874	0	3	4146	0	0
January 25, 2015 11:20:00 AM UTC	1422213600000	0	0	no	33.8	169.6	20506	20827	9238	6617	0	44188	2828	0	0	4152	0	0
January 25, 2015 11:21:00 AM UTC	1422213660000	0	0	no	33.9	169.9	20506	20827	9249	6550	0	44244	2874	0	0	4146	0	0
January 25, 2015 11:22:00 AM UTC	1422213720000	0	0	no	33.9	170.2	20506	20827	9251	6537	0	44255	2879	0	0	4156	0	0
January 25, 2015 11:23:00 AM UTC	1422213780000	0	0	no	33.9	170.5	20506	20827	9241	6605	0	44197	2842	0	2	4153	0	0
January 25, 2015 11:24:00 AM UTC	1422213840000	0	0	no	34.0	170.8	20506	20827	9241	6680	0	44122	2823	1	6	4154	0	0
January 25, 2015 11:25:00 AM UTC	1422213900000	0	0	no	34.0	171.0	20506	20827	9250	6609	0	44184	2856	0	0	4164	0	0
January 25, 2015 11:26:00 AM UTC	1422213960000	0	0	no	34.0	171.3	20506	20827	9251	6614	0	44178	2861	0	0	4165	0	0
January 25, 2015 11:27:00 AM UTC	1422214020000	0	0	no	34.1	171.6	20506	20827	9243	6664	0	44136	2824	0	4	4166	0	0
January 25, 2015 11:28:00 AM UTC	1422214080000	0	0	no	34.1	171.9	20506	20827	9244	6669	0	44130	2828	0	4	4165	0	0
January 25, 2015 11:29:00 AM UTC	1422214140000	0	0	no	34.1	172.2	20506	20827	9254	6577	0	44212	2866	0	0	4176	0	0
January 25, 2015 11:30:00 AM UTC	1422214200000	0	0	no	34.1	172.5	20506	20827	9244	6646	0	44153	2828	0	0	4178	0	0
January 25, 2015 11:31:00 AM UTC	1422214260000	0	0	no	34.2	172.7	20506	20827	9245	6646	0	44152	2824	0	3	4174	0	0
January 25, 2015 11:32:00 AM UTC	1422214320000	0	0	no	34.2	173.0	20506	20827	9247	6561	0	44235	2861	0	1	4171	0	0
January 25, 2015 11:33:00 AM UTC	1422214380000	0	0	no	34.2	173.3	20506	20827	9258	6493	0	44292	2907	0	0	4177	0	0
January 25, 2015 11:34:00 AM UTC	1422214440000	0	0	no	34.2	173.6	20506	20827	9248	6564	0	44231	2853	0	2	4179	0	0
January 25, 2015 11:35:00 AM UTC	1422214500000	0	0	no	34.3	173.9	20506	20827	9248	6560	0	44235	2863	0	3	4178	0	0
January 25, 2015 11:36:00 AM UTC	1422214560000	0	0	no	34.3	174.2	20506	20827	9247	6639	0	44157	2832	0	1	4183	0	0
January 25, 2015 11:37:00 AM UTC	1422214620000	0	0	no	34.3	174.4	20506	20827	9256	6571	0	44216	2880	0	0	4184	0	0
January 25, 2015 11:38:00 AM UTC	1422214680000	0	0	no	34.3	174.7	20506	20827	9248	6633	0	44162	2834	0	1	4186	0	0
January 25, 2015 11:39:00 AM UTC	1422214740000	0	0	no	34.3	175.0	20506	20827	9247	6633	0	44163	2836	1	2	4192	0	0
January 25, 2015 11:40:00 AM UTC	1422214800000	0	0	no	34.4	175.3	20506	20827	9246	6638	0	44159	2829	0	3	4188	0	0
January 25, 2015 11:41:00 AM UTC	1422214860000	0	0	no	34.4	175.6	20506	20827	9258	6543	0	44242	2886	0	0	4188	0	0
January 25, 2015 11:42:00 AM UTC	1422214920000	0	0	no	34.4	175.9	20506	20827	9248	6613	0	44182	2839	1	2	4194	0	0
January 25, 2015 11:43:00 AM UTC	1422214980000	0	0	no	34.4	176.2	20506	20827	9247	6619	0	44177	2838	0	2	4193	0	0
January 25, 2015 11:44:00 AM UTC	1422215040000	0	0	no	34.4	176.4	20506	20827	9247	6615	0	44181	2845	0	1	4195	0	0
January 25, 2015 11:45:00 AM UTC	1422215100000	0	0	no	34.4	176.7	20506	20827	9247	6615	0	44181	2841	0	3	4198	0	0
January 25, 2015 11:46:00 AM UTC	1422215160000	0	0	no	34.4	177.0	20506	20827	9246	6616	0	44181	2845	0	4	4198	0	0
January 25, 2015 11:47:00 AM UTC	1422215220000	0	0	no	34.4	177.3	20506	20827	9247	6615	0	44181	2841	0	5	4202	0	0
January 25, 2015 11:48:00 AM UTC	1422215280000	0	0	no	34.5	177.6	20506	20827	9248	6614	0	44181	2851	0	0	4194	0	0
January 25, 2015 11:49:00 AM UTC	1422215340000	0	0	no	34.5	177.9	20506	20827	9248	6535	0	44260	2867	0	2	4199	0	0
January 25, 2015 11:50:00 AM UTC	1422215400000	0	0	no	34.5	178.2	20506	20827	9249	6612	0	44182	2846	0	2	4201	0	0
January 25, 2015 11:51:00 AM UTC	1422215460000	0	0	no	34.5	178.4	20506	20827	9250	6611	0	44182	2845	0	2	4199	0	0
January 25, 2015 11:52:00 AM UTC	1422215520000	0	0	no	34.5	178.7	20506	20827	9250	6591	0	44202	2846	0	3	4202	0	0
January 25, 2015 11:53:00 AM UTC	1422215580000	0	0	no	34.5	179.0	20506	20827	9250	6591	0	44202	2850	1	5	4197	0	0
January 25, 2015 11:54:00 AM UTC	1422215640000	0	0	no	34.5	179.3	20506	20827	9249	6592	0	44202	2850	0	5	4200	0	0
January 25, 2015 11:55:00 AM UTC	1422215700000	0	0	no	34.5	179.6	20506	20827	9249	6592	0	44202	2839	0	2	4209	0	0
January 25, 2015 11:56:00 AM UTC	1422215760000	0	0	no	34.5	179.9	20506	20827	9249	6592	0	44202	2848	1	2	4204	0	0
January 25, 2015 11:57:00 AM UTC	1422215820000	0	0	no	34.5	180.2	20506	20827	9249	6592	0	44202	2849	0	2	4205	0	0
January 25, 2015 11:58:00 AM UTC	1422215880000	0	0	no	34.5	180.5	20506	20827	9249	6592	0	44202	2842	0	2	4209	0	0
January 25, 2015 11:59:00 AM UTC	1422215940000	0	0	no	34.5	180.7	20506	20827	9249	6592	0	44202	2854	0	1	4199	0	0
January 25, 2015 12:00:00 PM UTC	1422216000000	0	0	no	34.5	181.0	20506	20827	9250	6591	0	44202	2848	0	3	4199	0	0
January 25, 2015 12:01:00 PM UTC	1422216060000	0	0	no	34.5	181.3	20506	20827	9250	6591	0	44202	2846	0	3	4202	0	0
January 25, 2015 12:02:00 PM UTC	1422216120000	0	0	no	34.5	181.6	20506	20827	9250	6606	0	44187	2844	0	4	4203	0	0
January 25, 2015 12:03:00 PM UTC	1422216180000	0	0	no	34.5	181.9	20506	20827	9249	6610	0	44184	2841	0	1	4203	0	0
January 25, 2015 12:04:00 PM UTC	1422216240000	0	0	no	34.5	182.2	20506	20827	9248	6533	0	44262	2868	1	1	4201	0	0
January 25, 2015 12:05:00 PM UTC	1422216300000	0	0	no	34.5	182.5	20506	20827	9248	6612	0	44183	2849	0	1	4194	0	0
January 25, 2015 12:06:00 PM UTC	1422216360000	0	0	no	34.4	182.8	20506	20827	9247	6613	0	44183	2841	0	3	4202	0	0
January 25, 2015 12:07:00 PM UTC	1422216420000	0	0	no	34.4	183.0	20506	20827	9246	6614	0	44183	2844	1	3	4201	0	0
January 25, 2015 12:08:00 PM UTC	1422216480000	0	0	no	34.4	183.3	20506	20827	9247	6613	0	44183	2837	0	0	4199	0	0
January 25, 2015 12:09:00 PM UTC	1422216540000	0	0	no	34.4	183.6	20506	20827	9247	6613	0	44183	2842	0	1	4195	0	0
January 25, 2015 12:10:00 PM UTC	1422216600000	0	0	no	34.4	183.9	20506	20827	9247	6617	0	44179	2846	0	2	4190	0	0
January 25, 2015 12:11:00 PM UTC	1422216660000	0	0	no	34.4	184.2	20506	20827	9247	6622	0	44174	2833	0	3	4195	0	0
January 25, 2015 12:12:00 PM UTC	1422216720000	0	0	no	34.4	184.5	20506	20827	9247	6609	0	44187	2845	0	4	4189	0	0
January 25, 2015 12:13:00 PM UTC	1422216780000	0	0	no	34.4	184.8	20506	20827	9247	6622	0	44174	2830	0	0	4196	0	0
January 25, 2015 12:14:00 PM UTC	1422216840000	0	0	no	34.3	185.0	20506	20827	9247	6628	0	44168	2839	0	4	4190	0	0
January 25, 2015 12:15:00 PM UTC	1422216900000	0	0	no	34.3	185.3	20506	20827	9248	6627	0	44168	2836	0	1	4187	0	0
January 25, 2015 12:16:00 PM UTC	1422216960000	0	0	no	34.3	185.6	20506	20827	9247	6635	0	44161	2835	0	3	4183	0	0
January 25, 2015 12:17:00 PM UTC	1422217020000	0	0	no	34.3	185.9	20506	20827	9247	6635	0	44161	2834	0	2	4185	0	0
January 25, 2015 12:18:00 PM UTC	1422217080000	0	0	no	34.3	186.2	20506	20827	9248	6563	0	44232	2858	0	2	4179	0	0
January 25, 2015 12:19:00 PM UTC	1422217140000	0	0	no	34.2	186.5	20506	20827	9248	6557	0	44238	2859	0	0	4180	0	0
January 25, 2015 12:20:00 PM UTC	1422217200000	0	0	no	34.2	186.8	20506	20827	9258	6491	0	44294	2903	0	0	4177	0	0
January 25, 2015 12:21:00 PM UTC	1422217260000	0	0	no	34.2	187.0	20506	20827	9246	6638	0	44159	2837	0	2	4175	0	0
January 25, 2015 12:22:00 PM UTC	1422217320000	0	0	no	34.2	187.3	20506	20827	9245	6641	0	44157	2824	0	1	4183	0	0
January 25, 2015 12:23:00 PM UTC	1422217380000	0	0	no	34.1	187.6	20506	20827	9244	6641	0	44158	2830	0	0	4174	0	0
January 25, 2015 12:24:00 PM UTC	1422217440000	0	0	no	34.1	187.9	20506	20827	9254	6597	0	44192	2863	0	0	4171	0	0
January 25, 2015 12:25:00 PM UTC	1422217500000	0	0	no	34.1	188.2	20506	20827	9244	6666	0	44133	2824	0	3	4167	0	0
January 25, 2015 12:26:00 PM UTC	1422217560000	0	0	no	34.1	188.5	20506	20827	9242	6672	0	44129	2812	0	1	4172	0	0
January 25, 2015 12:27:00 PM UTC	1422217620000	0	0	no	34.0	188.7	20506	20827	9241	6677	0	44125	2820	0	0	4162	0	0
January 25, 2015 12:28:00 PM UTC	1422217680000	0	0	no	34.0	189.0	20506	20827	9250	6610	0	44183	2846	0	2	4171	0	0
January 25, 2015 12:29:00 PM UTC	1422217740000	0	0	no	34.0	189.3	20506	20827	9241	6677	0	44125	2821	0	2	4155	0	0
January 25, 2015 12:30:00 PM UTC	1422217800000	0	0	no	33.9	189.6	20506	20827	9241	6601	0	44201	2843	0	0	4154	0	0
January 25, 2015 12:31:00 PM UTC	1422217860000	0	0	no	33.9	189.9	20506	20827	9251	6533	0	44259	2885	0	2	4153	0	0
January 25, 2015 12:32:00 PM UTC	1422217920000	0	0	no	33.9	190.2	20506	20827	9249	6546	0	44248	2875	0	2	4146	0	0
January 25, 2015 12:33:00 PM UTC	1422217980000	0	0	no	33.8	190.4	20506	20827	9238	6614	0	44191	2826	0	0	4149	0	0
January 25, 2015 12:34:00 PM UTC	1422218040000	0	0	no	33.8	190.7	20506	20827	9249	6546	0	44248	2874	0	0	4148	0	0
January 25, 2015 12:35:00 PM UTC	1422218100000	0	0	no	33.8	191.0	20506	20827	9249	6546	0	44248	2867	0	2	4149	0	0
January 25, 2015 12:36:00 PM UTC	1422218160000	0	0	no	33.7	191.3	20506	20827	9246	6588	0	44209	2860	0	0	4139	0	0
January 25, 2015 12:37:00 PM UTC	1422218220000	0	0	no	33.7	191.6	20506	20827	9236	6660	0	44147	2813	0	0	4132	0	0
January 25, 2015 12:38:00 PM UTC	1422218280000	0	0	no	33.6	191.8	20506	20827	9247	6588	0	44208	2858	0	0	4132	0	0
January 25, 2015 12:39:00 PM UTC	1422218340000	0	0	no	33.6	192.1	20506	20827	9247	6588	0	44208	2861	0	0	4131	0	0
January 25, 2015 12:40:00 PM UTC	1422218400000	0	0	no	33.5	192.4	20506	20827	9247	6588	0	44208	2861	0	0	4122	0	0
January 25, 2015 12:41:00 PM UTC	1422218460000	0	0	no	33.5	192.7	20506	20827	9245	6606	0	44192	2846	0	0	4124	0	0
January 25, 2015 12:42:00 PM UTC	1422218520000	0	0	no	33.5	193.0	20506	20827	9245	6612	0	44186	2845	0	1	4117	0	0
January 25, 2015 12:43:00 PM UTC	1422218580000	0	0	no	33.4	193.2	20506	20827	9246	6612	0	44185	2845	0	0	4116	0	0
January 25, 2015 12:44:00 PM UTC	1422218640000	0	0	no	33.4	193.5	20506	20827	9254	6543	0	44246	2883	0	0	4112	0	0
January 25, 2015 12:45:00 PM UTC	1422218700000	0	0	no	33.3	193.8	20506	20827	9245	6613	0	44185	2846	0	0	4109	0	0
January 25, 2015 12:46:00 PM UTC	1422218760000	0	0	no	33.3	194.1	20506	20827	9245	6613	0	44185	2845	0	0	4103	0	0
January 25, 2015 12:47:00 PM UTC	1422218820000	0	0	no	33.2	194.3	20506	20827	9254	6550	0	44239	2894	0	0	4095	0	1
January 25, 2015 12:48:00 PM UTC	1422218880000	0	0	no	33.2	194.6	20506	20827	9242	6631	0	44170	2833	0	0	4098	0	0
January 25, 2015 12:49:00 PM UTC	1422218940000	0	0	no	33.1	194.9	20506	20827	9242	6663	0	44138	2833	0	0	4085	0	3
January 25, 2015 12:50:00 PM UTC	1422219000000	0	0	no	33.1	195.2	20506	20827	9252	6597	0	44194	2869	0	0	4089	0	2
January 25, 2015 12:51:00 PM UTC	1422219060000	0	0	no	33.0	195.4	20506	20827	9252	6603	0	44188	2863	0	1	4086	0	2
January 25, 2015 12:52:00 PM UTC	1422219120000	0	0	no	33.0	195.7	20506	20827	9239	6689	0	44115	2808	0	0	4082	0	2
January 25, 2015 12:53:00 PM UTC	1422219180000	0	0	no	32.9	196.0	20506	20827	9249	6623	0	44171	2856	0	0	4072	0	2
January 25, 2015 12:54:00 PM UTC	1422219240000	0	0	no	32.9	196.3	20506	20827	9250	6551	0	44242	2872	0	0	4075	0	1
January 25, 2015 12:55:00 PM UTC	1422219300000	0	0	no	32.8	196.5	20506	20827	9240	6617	0	44186	2834	0	1	4067	0	3
January 25, 2015 12:56:00 PM UTC	1422219360000	0	0	no	32.7	196.8	20506	20827	9250	6551	0	44242	2872	0	0	4063	0	3
January 25, 2015 12:57:00 PM UTC	1422219420000	0	0	no	32.7	197.1	20506	20827	9250	6551	0	44242	2872	0	0	4063	0	3
January 25, 2015 12:58:00 PM UTC	1422219480000	0	0	no	32.6	197.4	20506	20827	9250	6551	0	44242	2868	0	0	4058	0	1
January 25, 2015 12:59:00 PM UTC	1422219540000	0	0	no	32.6	197.6	20506	20827	9246	6573	0	44224	2858	0	0	4051	0	3
January 25, 2015 1:00:00 PM UTC	1422219600000	0	0	no	32.5	197.9	20506	20827	9246	6584	0	44213	2846	0	0	4051	0	2
January 25, 2015 1:01:00 PM UTC	1422219660000	0	0	no	32.4	198.2	20506	20827	9246	6584	0	44213	2851	0	0	4042	0	1
January 25, 2015 1:02:00 PM UTC	1422219720000	0	0	no	32.4	198.4	20506	20827	9246	6584	0	44213	2844	0	0	4039	0	3
January 25, 2015 1:03:00 PM UTC	1422219780000	0	0	no	32.3	198.7	20506	20827	9243	6608	0	44192	2832	0	0	4037	0	2
January 25, 2015 1:04:00 PM UTC	1422219840000	0	0	no	32.3	199.0	20506	20827	9245	6621	0	44177	2839	0	0	4033	0	0
January 25, 2015 1:05:00 PM UTC	1422219900000	0	0	no	32.2	199.2	20506	20827	9246	6550	0	44247	2866	0	0	4024	0	0
January 25, 2015 1:06:00 PM UTC	1422219960000	0	0	no	32.1	199.5	20506	20827	9243	6573	0	44227	2844	0	1	4024	0	0
January 25, 2015 1:07:00 PM UTC	1422220020000	0	0	no	32.1	199.8	20506	20827	9243	6576	0	44224	2842	0	0	4022	0	0
January 25, 2015 1:08:00 PM UTC	1422220080000	0	0	no	32.0	200.0	20506	20827	9253	6509	0	44281	2881	0	0	4014	0	0
January 25, 2015 1:09:00 PM UTC	1422220140000	0	0	no	31.9	200.3	20506	20827	9239	6598	0	44206	2827	0	0	4015	0	0
January 25, 2015 1:10:00 PM UTC	1422220200000	0	0	no	31.8	200.6	20506	20827	9249	6549	0	44245	2855	0	0	4008	0	0
January 25, 2015 1:11:00 PM UTC	1422220260000	0	0	no	31.8	200.8	20506	20827	9251	6601	0	44191	2846	0	0	4007	0	0
January 25, 2015 1:12:00 PM UTC	1422220320000	0	0	no	31.7	201.1	20506	20827	9238	6692	0	44113	2788	0	0	3998	0	0
January 25, 2015 1:13:00 PM UTC	1422220380000	0	0	no	31.6	201.4	20506	20827	9249	6627	0	44167	2823	0	0	3999	0	0
January 25, 2015 1:14:00 PM UTC	1422220440000	0	0	no	31.6	201.6	20506	20827	9247	6628	0	44168	2833	0	0	3986	0	0
January 25, 2015 1:15:00 PM UTC	1422220500000	0	0	no	31.5	201.9	20506	20827	9243	6656	0	44144	2811	0	0	3988	0	1
January 25, 2015 1:16:00 PM UTC	1422220560000	0	0	no	31.4	202.2	20506	20827	9244	6586	0	44213	2836	0	0	3979	0	1
January 25, 2015 1:17:00 PM UTC	1422220620000	0	0	no	31.3	202.4	20506	20827	9250	6558	0	44235	2846	0	0	3977	0	0
January 25, 2015 1:18:00 PM UTC	1422220680000	0	0	no	31.3	202.7	20506	20827	9245	6590	0	44208	2830	0	0	3971	0	0
January 25, 2015 1:19:00 PM UTC	1422220740000	0	0	no	31.2	203.0	20506	20827	9246	6602	0	44195	2815	0	0	3970	0	0
January 25, 2015 1:20:00 PM UTC	1422220800000	0	0	no	31.1	203.2	20506	20827	9255	6582	0	44206	2845	0	0	3965	0	0
January 25, 2015 1:21:00 PM UTC	1422220860000	0	0	no	31.0	203.5	20506	20827	9241	6674	0	44128	2786	0	0	3958	0	0
January 25, 2015 1:22:00 PM UTC	1422220920000	0	0	no	30.9	203.7	20506	20827	9240	6675	0	44128	2784	0	0	3958	0	0
January 25, 2015 1:23:00 PM UTC	1422220980000	0	0	no	30.9	204.0	20506	20827	9254	6586	0	44203	2836	0	0	3948	0	1
January 25, 2015 1:24:00 PM UTC	1422221040000	0	0	no	30.8	204.2	20506	20827	9241	6675	0	44127	2781	0	0	3951	0	0
January 25, 2015 1:25:00 PM UTC	1422221100000	0	0	no	30.7	204.5	20506	20827	9250	6612	0	44181	2820	0	0	3939	0	1
January 25, 2015 1:26:00 PM UTC	1422221160000	0	0	no	30.6	204.8	20506	20827	9252	6545	0	44246	2836	0	0	3939	0	1
January 25, 2015 1:27:00 PM UTC	1422221220000	0	0	yes	30.5	205.0	20506	20827	9247	6575	0	44221	2818	0	0	3934	0	0
January 25, 2015 1:28:00 PM UTC	1422221280000	0	0	no	30.4	205.3	20506	20827	9252	6545	0	44246	2831	0	0	3936	0	0
January 25, 2015 1:29:00 PM UTC	1422221340000	0	0	no	30.4	205.5	20506	20827	9248	6598	0	44197	2803	0	0	3928	0	0
January 25, 2015 1:30:00 PM UTC	1422221400000	0	0	yes	30.3	205.8	20506	20827	9248	6598	0	44197	2790	0	2	3929	0	0
January 25, 2015 1:31:00 PM UTC	1422221460000	0	0	yes	30.2	206.0	20506	20827	9248	6598	0	44197	2790	0	0	3924	0	0
January 25, 2015 1:32:00 PM UTC	1422221520000	0	0	yes	30.1	206.3	20506	20827	9248	6598	0	44197	2783	0	1	3919	0	0
January 25, 2015 1:33:00 PM UTC	1422221580000	0	0	yes	30.0	206.5	20506	20827	9248	6598	0	44197	2783	0	0	3916	0	0
January 25, 2015 1:34:00 PM UTC	1422221640000	0	0	yes	29.9	206.8	20506	20827	9258	6536	0	44249	2817	0	1	3911	0	0
January 25, 2015 1:35:00 PM UTC	1422221700000	0	0	yes	29.8	207.1	20506	20827	9244	6629	0	44170	2764	0	1	3908	0	0
January 25, 2015 1:36:00 PM UTC	1422221760000	0	0	yes	29.7	207.3	20506	20827	9252	6566	0	44225	2798	0	3	3903	0	1
January 25, 2015 1:37:00 PM UTC	1422221820000	0	0	yes	29.6	207.6	20506	20827	9254	6501	0	44288	2811	0	3	3899	0	0
January 25, 2015 1:38:00 PM UTC	1422221880000	0	0	yes	29.5	207.8	20506	20827	9245	6563	0	44235	2767	0	0	3898	0	0
January 25, 2015 1:39:00 PM UTC	1422221940000	0	0	yes	29.5	208.1	20506	20827	9251	6576	0	44216	2782	0	0	3892	0	0
January 25, 2015 1:40:00 PM UTC	1422222000000	0	0	yes	29.4	208.3	20506	20827	9242	6637	0	44164	2740	0	0	3890	0	0
January 25, 2015 1:41:00 PM UTC	1422222060000	0	0	yes	29.3	208.6	20506	20827	9247	6610	0	44186	2755	0	0	3888	0	0
January 25, 2015 1:42:00 PM UTC	1422222120000	0	0	yes	29.2	208.8	20506	20827	9253	6576	0	44214	2778	0	0	3882	0	0
January 25, 2015 1:43:00 PM UTC	1422222180000	0	0	yes	29.1	209.0	20506	20827	9253	6576	0	44214	2769	0	0	3887	0	0
January 25, 2015 1:44:00 PM UTC	1422222240000	0	0	yes	29.0	209.3	20506	20827	9247	6611	0	44185	2748	0	0	3879	0	0
January 25, 2015 1:45:00 PM UTC	1422222300000	0	0	yes	28.9	209.5	20506	20827	9247	6611	0	44185	2739	0	0	3876	0	0
January 25, 2015 1:46:00 PM UTC	1422222360000	0	0	yes	28.8	209.8	20506	20827	9241	6646	0	44156	2715	0	0	3869	0	0
January 25, 2015 1:47:00 PM UTC	1422222420000	0	0	yes	28.7	210.0	20506	20827	9256	6549	0	44238	2766	0	0	3866	0	0
January 25, 2015 1:48:00 PM UTC	1422222480000	0	0	yes	28.6	210.3	20506	20827	9248	6547	0	44248	2745	0	0	3866	0	0
January 25, 2015 1:49:00 PM UTC	1422222540000	0	0	yes	28.5	210.5	20506	20827	9252	6552	0	44239	2745	0	0	3862	0	0
January 25, 2015 1:50:00 PM UTC	1422222600000	0	0	yes	28.4	210.8	20506	20827	9243	6612	0	44188	2710	0	0	3858	0	0
January 25, 2015 1:51:00 PM UTC	1422222660000	0	0	yes	28.3	211.0	20506	20827	9257	6515	0	44271	2754	0	0	3858	0	0
January 25, 2015 1:52:00 PM UTC	1422222720000	0	0	yes	28.2	211.2	20506	20827	9252	6553	0	44238	2732	0	0	3847	0	0
January 25, 2015 1:53:00 PM UTC	1422222780000	0	0	yes	28.1	211.5	20506	20827	9252	6553	0	44238	2718	0	0	3853	0	0
January 25, 2015 1:54:00 PM UTC	1422222840000	0	0	yes	28.0	211.7	20506	20827	9247	6590	0	44206	2693	0	1	3847	0	0
January 25, 2015 1:55:00 PM UTC	1422222900000	0	0	yes	27.8	212.0	20506	20827	9252	6553	0	44238	2712	0	0	3842	0	0
January 25, 2015 1:56:00 PM UTC	1422222960000	0	0	yes	27.7	212.2	20506	20827	9251	6553	0	44239	2710	0	0	3843	0	0
January 25, 2015 1:57:00 PM UTC	1422223020000	0	0	yes	27.6	212.4	20506	20827	9245	6592	0	44206	2685	0	1	3834	0	0
January 25, 2015 1:58:00 PM UTC	1422223080000	0	0	yes	27.5	212.7	20506	20827	9245	6611	0	44187	2667	0	2	3841	0	0
January 25, 2015 1:59:00 PM UTC	1422223140000	0	0	yes	27.4	212.9	20506	20827	9255	6503	0	44285	2714	0	0	3830	0	0
January 25, 2015 2:00:00 PM UTC	1422223200000	0	0	yes	27.3	213.1	20506	20827	9246	6560	0	44237	2671	0	0	3832	0	0
January 25, 2015 2:01:00 PM UTC	1422223260000	0	0	yes	27.2	213.4	20506	20827	9255	6503	0	44285	2696	0	2	3829	0	0
January 25, 2015 2:02:00 PM UTC	1422223320000	0	0	yes	27.1	213.6	20506	20827	9240	6606	0	44197	2637	0	1	3833	0	0
January 25, 2015 2:03:00 PM UTC	1422223380000	0	0	yes	27.0	213.9	20506	20827	9255	6549	0	44239	2680	0	1	3826	0	0
January 25, 2015 2:04:00 PM UTC	1422223440000	0	0	yes	26.9	214.1	20506	20827	9248	6595	0	44200	2651	0	1	3833	0	0
January 25, 2015 2:05:00 PM UTC	1422223500000	0	0	yes	26.8	214.3	20506	20827	9247	6596	0	44200	2648	0	1	3815	0	0
January 25, 2015 2:06:00 PM UTC	1422223560000	0	0	yes	26.6	214.6	20506	20827	9247	6596	0	44200	2632	0	1	3841	0	0
January 25, 2015 2:07:00 PM UTC	1422223620000	0	0	yes	26.5	214.8	20506	20827	9247	6596	0	44200	2633	0	0	3816	0	0
January 25, 2015 2:08:00 PM UTC	1422223680000	0	0	yes	26.4	215.0	20506	20827	9255	6541	0	44247	2647	0	1	3844	0	0
January 25, 2015 2:09:00 PM UTC	1422223740000	0	0	yes	26.3	215.2	20506	20827	9247	6596	0	44200	2623	0	0	3818	0	0
January 25, 2015 2:10:00 PM UTC	1422223800000	0	0	yes	26.2	215.5	20506	20827	9256	6519	0	44268	2649	0	1	3812	0	0
January 25, 2015 2:11:00 PM UTC	1422223860000	0	0	yes	26.1	215.7	20506	20827	9247	6590	0	44206	2605	0	0	3829	0	0
January 25, 2015 2:12:00 PM UTC	1422223920000	0	0	yes	25.9	215.9	20506	20827	9250	6561	0	44232	2609	0	1	3811	0	0
January 25, 2015 2:13:00 PM UTC	1422223980000	0	0	yes	25.8	216.2	20506	20827	9240	6617	0	44186	2572	0	0	3820	0	0
January 25, 2015 2:14:00 PM UTC	1422224040000	0	0	yes	25.7	216.4	20506	20827	9254	6520	0	44269	2620	0	1	3811	0	0
January 25, 2015 2:15:00 PM UTC	1422224100000	0	0	yes	25.6	216.6	20506	20827	9249	6562	0	44232	2593	0	0	3816	0	0
January 25, 2015 2:16:00 PM UTC	1422224160000	0	0	yes	25.5	216.8	20506	20827	9250	6562	0	44231	2581	0	0	3820	0	0
January 25, 2015 2:17:00 PM UTC	1422224220000	0	0	yes	25.4	217.1	20506	20827	9250	6562	0	44231	2580	0	0	3813	0	0
January 25, 2015 2:18:00 PM UTC	1422224280000	0	0	yes	25.2	217.3	20506	20827	9250	6562	0	44231	2565	0	0	3812	0	0
January 25, 2015 2:19:00 PM UTC	1422224340000	0	0	yes	25.1	217.5	20506	20827	9250	6562	0	44231	2556	1	1	3821	0	0
January 25, 2015 2:20:00 PM UTC	1422224400000	0	0	yes	25.0	217.7	20506	20827	9253	6540	0	44250	2561	0	1	3811	0	0
January 25, 2015 2:21:00 PM UTC	1422224460000	0	0	yes	24.9	218.0	20506	20827	9251	6542	0	44250	2545	0	2	3817	0	0
January 25, 2015 2:22:00 PM UTC	1422224520000	0	0	yes	24.7	218.2	20506	20827	9253	6532	0	44258	2550	0	0	3810	0	0
January 25, 2015 2:23:00 PM UTC	1422224580000	0	0	yes	24.6	218.4	20506	20827	9244	6587	0	44212	2510	0	1	3814	0	0
January 25, 2015 2:24:00 PM UTC	1422224640000	0	0	yes	24.5	218.6	20506	20827	9247	6577	0	44219	2509	0	2	3811	0	0
January 25, 2015 2:25:00 PM UTC	1422224700000	0	0	yes	24.4	218.8	20506	20827	9245	6585	0	44213	2489	0	1	3819	0	0
January 25, 2015 2:26:00 PM UTC	1422224760000	0	0	yes	24.2	219.1	20506	20827	9254	6532	0	44257	2514	0	1	3812	0	0
January 25, 2015 2:27:00 PM UTC	1422224820000	0	0	yes	24.1	219.3	20506	20827	9247	6577	0	44219	2485	0	3	3813	0	0
January 25, 2015 2:28:00 PM UTC	1422224880000	0	0	yes	24.0	219.5	20506	20827	9253	6532	0	44258	2499	0	1	3815	0	0
January 25, 2015 2:29:00 PM UTC	1422224940000	0	0	yes	23.9	219.7	20506	20827	9245	6581	0	44217	2464	0	1	3813	0	0
January 25, 2015 2:30:00 PM UTC	1422225000000	0	0	yes	23.7	219.9	20506	20827	9253	6528	0	44262	2483	0	1	3816	0	0
January 25, 2015 2:31:00 PM UTC	1422225060000	0	0	yes	23.6	220.2	20506	20827	9252	6531	0	44260	2472	0	0	3818	0	0
January 25, 2015 2:32:00 PM UTC	1422225120000	0	0	yes	23.5	220.4	20506	20827	9253	6510	0	44280	2471	0	4	3816	0	0
January 25, 2015 2:33:00 PM UTC	1422225180000	0	0	yes	23.3	220.6	20506	20827	9244	6562	0	44237	2434	0	3	3818	0	0
January 25, 2015 2:34:00 PM UTC	1422225240000	0	0	yes	23.2	220.8	20506	20827	9246	6557	0	44240	2431	0	2	3820	0	0
January 25, 2015 2:35:00 PM UTC	1422225300000	0	0	yes	23.1	221.0	20506	20827	9253	6510	3	44277	2445	0	0	3819	0	0
January 25, 2015 2:36:00 PM UTC	1422225360000	0	0	yes	22.9	221.2	20506	20827	9253	6510	8	44272	2431	0	0	3826	0	0
January 25, 2015 2:37:00 PM UTC	1422225420000	0	0	yes	22.8	221.4	20506	20827	9246	6561	8	44228	2402	1	0	3823	0	0
January 25, 2015 2:38:00 PM UTC	1422225480000	0	0	yes	22.7	221.7	20506	20827	9259	6463	27	44294	2444	1	0	3824	0	0
January 25, 2015 2:39:00 PM UTC	1422225540000	0	0	yes	22.5	221.9	20506	20827	9244	6619	24	44156	2375	0	0	3824	0	0
January 25, 2015 2:40:00 PM UTC	1422225600000	0	0	yes	22.4	222.1	20506	20827	9251	6568	39	44185	2387	0	0	3831	0	0
January 25, 2015 2:41:00 PM UTC	1422225660000	0	0	yes	22.3	222.3	20506	20827	9253	6570	43	44177	2377	4	0	3832	0	0
January 25, 2015 2:42:00 PM UTC	1422225720000	0	0	yes	22.1	222.5	20506	20827	9245	6618	51	44129	2348	1	2	3831	0	0
January 25, 2015 2:43:00 PM UTC	1422225780000	0	0	yes	22.0	222.7	20506	20827	9253	6568	62	44160	2363	0	1	3833	0	0
January 25, 2015 2:44:00 PM UTC	1422225840000	0	0	yes	21.9	222.9	20506	20827	9237	6658	59	44089	2306	0	0	3832	0	0
January 25, 2015 2:45:00 PM UTC	1422225900000	0	0	yes	21.7	223.1	20506	20827	9253	6559	82	44149	2340	0	0	3840	0	0
January 25, 2015 2:46:00 PM UTC	1422225960000	0	0	yes	21.6	223.3	20506	20827	9253	6559	92	44139	2331	0	1	3842	0	0
January 25, 2015 2:47:00 PM UTC	1422226020000	0	0	yes	21.5	223.5	20506	20827	9245	6609	92	44097	2302	0	0	3841	0	0
January 25, 2015 2:48:00 PM UTC	1422226080000	0	0	yes	21.3	223.7	20506	20827	9253	6507	108	44175	2325	0	0	3843	0	0
January 25, 2015 2:49:00 PM UTC	1422226140000	0	0	yes	21.2	223.9	20506	20827	9246	6605	106	44086	2282	0	3	3849	0	0
January 25, 2015 2:50:00 PM UTC	1422226200000	0	0	yes	21.0	224.2	20506	20827	9245	6609	118	44071	2272	4	1	3849	0	0
January 25, 2015 2:51:00 PM UTC	1422226260000	0	0	yes	20.9	224.4	20506	20827	9253	6559	132	44099	2294	7	0	3856	0	0
January 25, 2015 2:52:00 PM UTC	1422226320000	0	0	yes	20.8	224.6	20506	20827	9253	6560	144	44086	2277	1	0	3855	0	0
January 25, 2015 2:53:00 PM UTC	1422226380000	0	0	yes	20.6	224.8	20506	20827	9244	6609	137	44053	2238	1	3	3864	0	0
January 25, 2015 2:54:00 PM UTC	1422226440000	0	0	yes	20.5	225.0	20506	20827	9252	6560	152	44079	2256	0	0	3862	0	1
January 25, 2015 2:55:00 PM UTC	1422226500000	0	0	yes	20.3	225.2	20506	20827	9252	6560	157	44074	2244	0	1	3868	0	0
January 25, 2015 2:56:00 PM UTC	1422226560000	0	0	yes	20.2	225.4	20506	20827	9244	6600	158	44041	2211	2	2	3869	0	0
January 25, 2015 2:57:00 PM UTC	1422226620000	0	0	yes	20.1	225.6	20506	20827	9244	6600	163	44036	2204	3	1	3869	0	0
January 25, 2015 2:58:00 PM UTC	1422226680000	0	0	yes	19.9	225.8	20506	20827	9251	6549	178	44065	2212	0	0	3880	0	0
January 25, 2015 2:59:00 PM UTC	1422226740000	0	0	yes	19.8	226.0	20506	20827	9244	6600	174	44025	2180	0	0	3882	0	0
January 25, 2015 3:00:00 PM UTC	1422226800000	0	0	yes	19.6	226.2	20506	20827	9244	6600	182	44017	2165	2	0	3887	0	0
January 25, 2015 3:01:00 PM UTC	1422226860000	0	0	yes	19.5	226.4	20506	20827	9251	6553	199	44040	2183	2	1	3887	0	0
January 25, 2015 3:02:00 PM UTC	1422226920000	0	0	yes	19.3	226.6	20506	20827	9251	6553	205	44034	2168	0	0	3896	0	0
January 25, 2015 3:03:00 PM UTC	1422226980000	0	0	yes	19.2	226.8	20506	20827	9244	6600	205	43994	2136	0	1	3902	0	0
January 25, 2015 3:04:00 PM UTC	1422227040000	0	0	yes	19.0	227.0	20506	20827	9251	6553	222	44017	2142	1	0	3908	0	0
January 25, 2015 3:05:00 PM UTC	1422227100000	0	0	yes	18.9	227.2	20506	20827	9251	6553	230	44009	2137	0	0	3910	0	0
January 25, 2015 3:06:00 PM UTC	1422227160000	0	0	yes	18.7	227.4	20506	20827	9243	6552	229	44019	2106	0	0	3918	0	0
January 25, 2015 3:07:00 PM UTC	1422227220000	0	0	yes	18.6	227.5	20506	20827	9251	6499	245	44048	2120	0	0	3919	0	0
January 25, 2015 3:08:00 PM UTC	1422227280000	0	0	yes	18.5	227.7	20506	20827	9251	6450	253	44089	2109	0	0	3931	0	0
January 25, 2015 3:09:00 PM UTC	1422227340000	0	0	yes	18.3	227.9	20506	20827	9243	6552	248	44000	2069	0	0	3931	0	0
January 25, 2015 3:10:00 PM UTC	1422227400000	0	0	yes	18.2	228.1	20506	20827	9251	6499	265	44028	2086	1	0	3936	0	0
January 25, 2015 3:11:00 PM UTC	1422227460000	0	0	yes	18.0	228.3	20506	20827	9250	6507	272	44014	2070	0	0	3941	0	0
January 25, 2015 3:12:00 PM UTC	1422227520000	0	0	yes	17.9	228.5	20506	20827	9250	6507	277	44009	2055	0	0	3949	0	0
January 25, 2015 3:13:00 PM UTC	1422227580000	0	0	yes	17.7	228.7	20506	20827	9251	6499	284	44009	2044	0	1	3959	0	0
January 25, 2015 3:14:00 PM UTC	1422227640000	0	0	yes	17.6	228.9	20506	20827	9249	6508	286	44000	2034	0	1	3961	0	0
January 25, 2015 3:15:00 PM UTC	1422227700000	0	0	yes	17.4	229.1	20506	20827	9249	6508	293	43993	2022	0	0	3968	0	0
January 25, 2015 3:16:00 PM UTC	1422227760000	0	0	yes	17.2	229.3	20506	20827	9234	6608	280	43921	1967	0	2	3974	0	0
January 25, 2015 3:17:00 PM UTC	1422227820000	0	0	yes	17.1	229.5	20506	20827	9249	6508	300	43986	1996	6	0	3984	0	0
January 25, 2015 3:18:00 PM UTC	1422227880000	0	0	yes	16.9	229.7	20506	20827	9249	6508	304	43982	1986	0	0	3983	0	0
January 25, 2015 3:19:00 PM UTC	1422227940000	0	0	yes	16.8	229.8	20506	20827	9246	6518	308	43971	1966	0	0	3998	0	0
January 25, 2015 3:20:00 PM UTC	1422228000000	0	0	yes	16.6	230.0	20506	20827	9249	6464	316	44014	1968	0	0	4002	0	0
January 25, 2015 3:21:00 PM UTC	1422228060000	0	0	yes	16.5	230.2	20506	20827	9241	6521	309	43972	1931	0	0	4012	0	0
January 25, 2015 3:22:00 PM UTC	1422228120000	0	0	no	16.3	230.4	20506	20827	9246	6525	320	43952	1930	0	0	4020	0	0
January 25, 2015 3:23:00 PM UTC	1422228180000	0	0	yes	16.2	230.6	20506	20827	9256	6466	334	43987	1944	0	0	4024	0	0
January 25, 2015 3:24:00 PM UTC	1422228240000	0	0	yes	16.0	230.8	20506	20827	9241	6564	323	43915	1887	0	0	4034	0	0
January 25, 2015 3:25:00 PM UTC	1422228300000	0	0	yes	15.9	231.0	20506	20827	9247	6525	334	43937	1892	0	0	4041	0	0
January 25, 2015 3:26:00 PM UTC	1422228360000	0	0	no	15.7	231.1	20506	20827	9247	6525	338	43933	1878	0	0	4055	0	0
January 25, 2015 3:27:00 PM UTC	1422228420000	0	0	no	15.6	231.3	20506	20827	9247	6525	344	43927	1870	2	0	4057	0	0
January 25, 2015 3:28:00 PM UTC	1422228480000	0	0	no	15.4	231.5	20506	20827	9247	6525	348	43923	1854	4	1	4070	0	0
January 25, 2015 3:29:00 PM UTC	1422228540000	0	0	no	15.2	231.7	20506	20827	9248	6524	351	43920	1842	3	2	4079	0	0
January 25, 2015 3:30:00 PM UTC	1422228600000	0	0	no	15.1	231.9	20506	20827	9248	6524	358	43913	1827	6	1	4090	0	0
January 25, 2015 3:31:00 PM UTC	1422228660000	0	0	yes	14.9	232.1	20506	20827	9245	6554	362	43882	1812	0	0	4097	0	0
January 25, 2015 3:32:00 PM UTC	1422228720000	0	0	yes	14.8	232.2	20506	20827	9247	6524	367	43905	1806	0	0	4105	0	0
January 25, 2015 3:33:00 PM UTC	1422228780000	0	0	yes	14.6	232.4	20506	20827	9255	6442	381	43965	1812	0	0	4120	0	0
January 25, 2015 3:34:00 PM UTC	1422228840000	0	0	no	14.4	232.6	20506	20827	9247	6500	373	43923	1778	0	0	4129	0	0
January 25, 2015 3:35:00 PM UTC	1422228900000	0	0	yes	14.3	232.8	20506	20827	9255	6442	387	43959	1787	0	1	4137	0	0
January 25, 2015 3:36:00 PM UTC	1422228960000	0	0	no	14.1	233.0	20506	20827	9245	6556	380	43862	1747	0	0	4149	0	0
January 25, 2015 3:37:00 PM UTC	1422229020000	0	0	no	14.0	233.1	20506	20827	9245	6556	381	43861	1729	0	0	4163	0	0
January 25, 2015 3:38:00 PM UTC	1422229080000	0	0	no	13.8	233.3	20506	20827	9254	6498	391	43900	1741	5	7	4170	0	0
January 25, 2015 3:39:00 PM UTC	1422229140000	0	0	no	13.6	233.5	20506	20827	9252	6514	397	43880	1722	0	0	4182	0	0
January 25, 2015 3:40:00 PM UTC	1422229200000	0	0	no	13.5	233.7	20506	20827	9246	6556	390	43851	1691	1	3	4194	0	0
January 25, 2015 3:41:00 PM UTC	1422229260000	0	0	no	13.3	233.9	20506	20827	9245	6556	395	43847	1671	0	1	4220	0	0
January 25, 2015 3:42:00 PM UTC	1422229320000	0	0	no	13.2	234.0	20506	20827	9245	6556	403	43839	1666	6	24	4216	0	0
January 25, 2015 3:43:00 PM UTC	1422229380000	0	0	yes	13.0	234.2	20506	20827	9251	6517	407	43868	1668	19	6	4229	0	0
January 25, 2015 3:44:00 PM UTC	1422229440000	0	0	yes	12.8	234.4	20506	20827	9251	6512	413	43867	1653	2	1	4258	0	0
January 25, 2015 3:45:00 PM UTC	1422229500000	0	0	no	12.7	234.6	20506	20827	9245	6555	405	43838	1627	0	0	4245	0	0
January 25, 2015 3:46:00 PM UTC	1422229560000	0	0	no	12.5	234.7	20506	20827	9242	6573	402	43826	1605	0	0	4272	0	0
January 25, 2015 3:47:00 PM UTC	1422229620000	0	0	no	12.3	234.9	20506	20827	9242	6541	405	43855	1597	1	0	4298	0	0
January 25, 2015 3:48:00 PM UTC	1422229680000	0	0	yes	12.2	235.1	20506	20827	9251	6482	423	43887	1599	0	0	4296	0	0
January 25, 2015 3:49:00 PM UTC	1422229740000	0	0	yes	12.0	235.3	20506	20827	9252	6480	424	43887	1594	1	19	4310	0	0
January 25, 2015 3:50:00 PM UTC	1422229800000	0	0	no	11.9	235.4	20506	20827	9246	6480	419	43898	1555	4	9	4342	0	0
January 25, 2015 3:51:00 PM UTC	1422229860000	0	0	no	11.7	235.6	20506	20827	9242	6534	417	43850	1540	0	1	4328	0	0
January 25, 2015 3:52:00 PM UTC	1422229920000	0	0	yes	11.5	235.8	20506	20827	9248	6496	428	43871	1539	11	0	4356	0	0
January 25, 2015 3:53:00 PM UTC	1422229980000	0	0	yes	11.4	236.0	20506	20827	9248	6496	429	43870	1528	8	0	4369	0	0
January 25, 2015 3:54:00 PM UTC	1422230040000	0	0	yes	11.2	236.1	20506	20827	9248	6496	434	43865	1514	7	8	4377	0	0
January 25, 2015 3:55:00 PM UTC	1422230100000	0	0	yes	11.0	236.3	20506	20827	9243	6533	423	43844	1482	1	3	4397	0	1
January 25, 2015 3:56:00 PM UTC	1422230160000	0	0	yes	10.9	236.5	20506	20827	9248	6496	433	43866	1489	14	13	4406	0	0
January 25, 2015 3:57:00 PM UTC	1422230220000	0	0	yes	10.7	236.6	20506	20827	9248	6496	433	43866	1468	7	9	4426	0	0
January 25, 2015 3:58:00 PM UTC	1422230280000	0	0	yes	10.5	236.8	20506	20827	9248	6496	433	43866	1455	5	11	4438	0	3
January 25, 2015 3:59:00 PM UTC	1422230340000	0	0	yes	10.4	237.0	20506	20827	9244	6526	434	43839	1427	15	11	4455	0	0
January 25, 2015 4:00:00 PM UTC	1422230400000	0	0	yes	10.2	237.1	20506	20827	9249	6468	442	43884	1436	4	8	4463	0	0
January 25, 2015 4:01:00 PM UTC	1422230460000	0	0	yes	10.0	237.3	20506	20827	9249	6468	438	43888	1417	4	6	4479	0	0
January 25, 2015 4:02:00 PM UTC	1422230520000	0	0	yes	9.8	237.5	20506	20827	9247	6494	439	43863	1395	4	6	4490	0	0
January 25, 2015 4:03:00 PM UTC	1422230580000	0	0	yes	9.7	237.7	20506	20827	9256	6431	453	43903	1403	4	3	4508	0	3
January 25, 2015 4:04:00 PM UTC	1422230640000	0	0	yes	9.5	237.8	20506	20827	9246	6489	445	43863	1368	2	3	4522	0	0
January 25, 2015 4:05:00 PM UTC	1422230700000	0	0	yes	9.3	238.0	20506	20827	9242	6525	443	43833	1345	3	0	4531	0	3
January 25, 2015 4:06:00 PM UTC	1422230760000	0	0	yes	9.2	238.2	20506	20827	9257	6429	459	43898	1361	3	0	4552	0	2
January 25, 2015 4:07:00 PM UTC	1422230820000	0	0	yes	9.0	238.3	20506	20827	9247	6548	449	43799	1321	2	1	4561	0	0
January 25, 2015 4:08:00 PM UTC	1422230880000	0	0	yes	8.8	238.5	20506	20827	9247	6548	451	43797	1304	0	1	4578	0	2
January 25, 2015 4:09:00 PM UTC	1422230940000	0	0	yes	8.7	238.7	20506	20827	9247	6548	456	43792	1287	0	0	4594	0	0
January 25, 2015 4:10:00 PM UTC	1422231000000	0	0	yes	8.5	238.8	20506	20827	9252	6513	460	43818	1288	0	0	4607	0	0
January 25, 2015 4:11:00 PM UTC	1422231060000	0	0	yes	8.3	239.0	20506	20827	9247	6548	457	43791	1263	0	0	4621	0	3
January 25, 2015 4:12:00 PM UTC	1422231120000	0	0	yes	8.1	239.1	20506	20827	9247	6548	458	43790	1248	0	0	4632	0	2
January 25, 2015 4:13:00 PM UTC	1422231180000	0	0	yes	8.0	239.3	20506	20827	9251	6522	464	43806	1244	0	0	4646	0	0
January 25, 2015 4:14:00 PM UTC	1422231240000	0	0	yes	7.8	239.5	20506	20827	9251	6522	463	43807	1233	0	0	4660	0	0
January 25, 2015 4:15:00 PM UTC	1422231300000	0	0	yes	7.6	239.6	20506	20827	9252	6492	466	43833	1219	0	0	4679	0	0
January 25, 2015 4:16:00 PM UTC	1422231360000	0	0	yes	7.5	239.8	20506	20827	9252	6492	467	43832	1204	0	0	4694	0	0
January 25, 2015 4:17:00 PM UTC	1422231420000	0	0	yes	7.3	240.0	20506	20827	9243	6555	462	43783	1172	0	0	4703	0	0
January 25, 2015 4:18:00 PM UTC	1422231480000	0	0	yes	7.1	240.1	20506	20827	9252	6492	471	43828	1175	0	0	4724	0	0
January 25, 2015 4:19:00 PM UTC	1422231540000	0	0	yes	6.9	240.3	20506	20827	9252	6492	468	43831	1164	0	0	4734	0	0
January 25, 2015 4:20:00 PM UTC	1422231600000	0	0	yes	6.8	240.4	20506	20827	9242	6554	460	43787	1130	0	0	4744	0	0
January 25, 2015 4:21:00 PM UTC	1422231660000	0	0	yes	6.6	240.6	20506	20827	9257	6454	477	43855	1150	0	0	4761	0	0
January 25, 2015 4:22:00 PM UTC	1422231720000	0	0	yes	6.4	240.8	20506	20827	9257	6454	476	43856	1129	0	0	4783	0	0
January 25, 2015 4:23:00 PM UTC	1422231780000	0	0	yes	6.2	240.9	20506	20827	9243	6550	463	43787	1090	0	0	4785	0	0
January 25, 2015 4:24:00 PM UTC	1422231840000	0	0	yes	6.1	241.1	20506	20827	9250	6552	473	43768	1084	0	0	4808	0	0
January 25, 2015 4:25:00 PM UTC	1422231900000	0	0	yes	5.9	241.2	20506	20827	9247	6527	475	43794	1064	0	0	4821	0	0
January 25, 2015 4:26:00 PM UTC	1422231960000	0	0	yes	5.7	241.4	20506	20827	9247	6527	481	43788	1053	0	0	4829	0	0
January 25, 2015 4:27:00 PM UTC	1422232020000	0	0	yes	5.5	241.6	20506	20827	9258	6464	492	43829	1054	0	0	4850	0	0
January 25, 2015 4:28:00 PM UTC	1422232080000	0	0	yes	5.4	241.7	20506	20827	9247	6527	500	43769	1024	0	0	4858	0	0
January 25, 2015 4:29:00 PM UTC	1422232140000	0	0	yes	5.2	241.9	20506	20827	9247	6527	506	43763	1009	0	0	4873	0	0
January 25, 2015 4:30:00 PM UTC	1422232200000	0	0	yes	5.0	242.0	20506	20827	9247	6509	510	43777	1001	0	0	4890	0	0
January 25, 2015 4:31:00 PM UTC	1422232260000	0	0	yes	4.8	242.2	20506	20827	9247	6510	521	43765	981	0	0	4897	0	0
January 25, 2015 4:32:00 PM UTC	1422232320000	0	0	yes	4.6	242.4	20506	20827	9247	6510	529	43757	970	0	0	4911	0	0
January 25, 2015 4:33:00 PM UTC	1422232380000	0	0	yes	4.5	242.5	20506	20827	9247	6543	538	43715	955	0	0	4933	0	0
January 25, 2015 4:34:00 PM UTC	1422232440000	0	0	yes	4.3	242.7	20506	20827	9252	6476	553	43762	948	0	0	4946	0	0
January 25, 2015 4:35:00 PM UTC	1422232500000	0	0	yes	4.1	242.8	20506	20827	9252	6476	565	43750	936	0	0	4964	0	0
January 25, 2015 4:36:00 PM UTC	1422232560000	0	0	yes	3.9	243.0	20506	20827	9241	6540	570	43692	896	0	0	4972	0	0
January 25, 2015 4:37:00 PM UTC	1422232620000	0	0	yes	3.8	243.1	20506	20827	9252	6476	598	43717	904	0	0	4994	0	0
January 25, 2015 4:38:00 PM UTC	1422232680000	0	0	yes	3.6	243.3	20506	20827	9252	6476	623	43692	891	0	0	5007	0	0
January 25, 2015 4:39:00 PM UTC	1422232740000	0	0	yes	3.4	243.4	20506	20827	9241	6540	648	43614	864	0	0	5010	0	0
January 25, 2015 4:40:00 PM UTC	1422232800000	0	0	yes	3.2	243.6	20506	20827	9252	6475	686	43630	864	0	0	5036	0	0
January 25, 2015 4:41:00 PM UTC	1422232860000	0	0	yes	3.0	243.7	20506	20827	9242	6539	713	43549	832	0	0	5043	0	0
