February 24, 2009 6:41:00 AM UTC	1235486460000	1	0	yes	3.1	104.0	20506	20827	9250	6555	676	43562	850	64	4	5045	48	12
February 24, 2009 6:42:00 AM UTC	1235486520000	1	0	yes	3.3	104.1	20506	20827	9238	6566	627	43612	856	62	1	5010	38	18
February 24, 2009 6:43:00 AM UTC	1235486580000	1	0	yes	3.5	104.3	20506	20827	9250	6497	590	43706	885	81	9	5010	48	17
February 24, 2009 6:44:00 AM UTC	1235486640000	1	0	yes	3.7	104.4	20506	20827	9250	6497	562	43734	902	83	4	4993	49	14
February 24, 2009 6:45:00 AM UTC	1235486700000	1	0	yes	3.9	104.6	20506	20827	9250	6499	534	43760	920	101	3	4975	55	6
February 24, 2009 6:46:00 AM UTC	1235486760000	1	0	yes	4.1	104.7	20506	20827	9250	6499	516	43778	928	102	7	4966	54	3
February 24, 2009 6:47:00 AM UTC	1235486820000	1	0	yes	4.3	104.9	20506	20827	9239	6567	497	43740	930	100	31	4938	56	13
February 24, 2009 6:48:00 AM UTC	1235486880000	1	0	yes	4.5	105.0	20506	20827	9248	6516	517	43762	959	68	17	4929	38	32
February 24, 2009 6:49:00 AM UTC	1235486940000	1	0	yes	4.7	105.2	20506	20827	9248	6516	509	43770	976	65	13	4913	37	23
February 24, 2009 6:50:00 AM UTC	1235487000000	1	0	yes	4.9	105.3	20506	20827	9248	6516	492	43787	986	85	19	4901	45	26
February 24, 2009 6:51:00 AM UTC	1235487060000	1	0	yes	5.1	105.5	20506	20827	9248	6516	484	43795	1000	85	15	4887	41	67
February 24, 2009 6:52:00 AM UTC	1235487120000	1	0	yes	5.2	105.6	20506	20827	9248	6516	480	43799	1022	82	17	4868	41	58
February 24, 2009 6:53:00 AM UTC	1235487180000	1	0	yes	5.4	105.8	20506	20827	9248	6516	468	43811	1036	98	25	4855	47	74
February 24, 2009 6:54:00 AM UTC	1235487240000	1	0	yes	5.6	106.0	20506	20827	9247	6517	463	43816	1053	103	30	4835	50	38
February 24, 2009 6:55:00 AM UTC	1235487300000	1	0	yes	5.8	106.1	20506	20827	9247	6557	469	43770	1064	56	46	4821	25	97
February 24, 2009 6:56:00 AM UTC	1235487360000	1	0	yes	6.0	106.3	20506	20827	9246	6556	465	43776	1082	65	40	4805	31	28
February 24, 2009 6:57:00 AM UTC	1235487420000	1	0	yes	6.2	106.4	20506	20827	9246	6556	460	43781	1099	69	28	4787	30	30
February 24, 2009 6:58:00 AM UTC	1235487480000	1	0	yes	6.4	106.6	20506	20827	9247	6557	464	43775	1108	77	23	4780	37	118
February 24, 2009 6:59:00 AM UTC	1235487540000	1	1	yes	6.6	106.7	20506	20827	9247	6557	465	43774	1133	76	65	4755	36	146
February 24, 2009 7:00:00 AM UTC	1235487600000	1	0	yes	6.8	106.9	20506	20827	9243	6578	464	43758	1138	73	44	4738	36	52
February 24, 2009 7:01:00 AM UTC	1235487660000	1	0	yes	7.0	107.0	20506	20827	9244	6578	464	43757	1153	83	59	4724	39	97
February 24, 2009 7:02:00 AM UTC	1235487720000	1	0	yes	7.2	107.2	20506	20827	9244	6578	463	43758	1171	56	65	4702	20	63
February 24, 2009 7:03:00 AM UTC	1235487780000	1	0	yes	7.4	107.4	20506	20827	9256	6444	475	43868	1205	68	39	4703	26	25
February 24, 2009 7:04:00 AM UTC	1235487840000	1	0	yes	7.6	107.5	20506	20827	9244	6518	463	43818	1208	66	69	4675	23	27
February 24, 2009 7:05:00 AM UTC	1235487900000	1	0	yes	7.7	107.7	20506	20827	9244	6518	462	43819	1220	68	32	4663	24	51
February 24, 2009 7:06:00 AM UTC	1235487960000	1	0	yes	7.9	107.8	20506	20827	9254	6459	467	43863	1255	105	98	4650	27	80
February 24, 2009 7:07:00 AM UTC	1235488020000	1	0	yes	8.1	108.0	20506	20827	9245	6527	456	43815	1245	75	36	4634	28	33
February 24, 2009 7:08:00 AM UTC	1235488080000	1	0	yes	8.3	108.1	20506	20827	9254	6465	461	43863	1281	96	67	4622	31	69
February 24, 2009 7:09:00 AM UTC	1235488140000	1	0	yes	8.5	108.3	20506	20827	9256	6444	466	43877	1305	65	64	4605	15	60
February 24, 2009 7:10:00 AM UTC	1235488200000	1	0	yes	8.7	108.5	20506	20827	9244	6509	458	43832	1293	80	92	4591	15	87
February 24, 2009 7:11:00 AM UTC	1235488260000	1	0	yes	8.9	108.6	20506	20827	9255	6444	465	43879	1336	86	48	4571	17	58
February 24, 2009 7:12:00 AM UTC	1235488320000	1	0	yes	9.1	108.8	20506	20827	9241	6531	448	43823	1318	88	63	4553	17	68
February 24, 2009 7:13:00 AM UTC	1235488380000	1	0	yes	9.3	108.9	20506	20827	9252	6464	451	43876	1360	101	50	4540	22	31
February 24, 2009 7:14:00 AM UTC	1235488440000	1	0	yes	9.5	109.1	20506	20827	9252	6464	446	43881	1376	104	51	4524	21	41
February 24, 2009 7:15:00 AM UTC	1235488500000	1	0	yes	9.7	109.3	20506	20827	9244	6535	438	43826	1367	96	79	4510	21	119
February 24, 2009 7:16:00 AM UTC	1235488560000	1	1	yes	9.8	109.4	20506	20827	9252	6467	444	43880	1406	114	45	4493	21	210
February 24, 2009 7:17:00 AM UTC	1235488620000	1	0	yes	10.0	109.6	20506	20827	9248	6489	436	43870	1411	68	61	4480	11	44
February 24, 2009 7:18:00 AM UTC	1235488680000	1	0	yes	10.2	109.7	20506	20827	9249	6489	436	43869	1434	86	77	4458	10	83
February 24, 2009 7:19:00 AM UTC	1235488740000	1	1	yes	10.4	109.9	20506	20827	9248	6610	432	43753	1435	81	63	4444	9	182
February 24, 2009 7:20:00 AM UTC	1235488800000	0	1	yes	10.6	110.1	20506	20827	9248	6610	431	43754	1455	74	81	4425	10	124
February 24, 2009 7:21:00 AM UTC	1235488860000	1	0	yes	10.8	110.2	20506	20827	9250	6588	436	43769	1481	88	54	4409	12	103
February 24, 2009 7:22:00 AM UTC	1235488920000	1	1	yes	11.0	110.4	20506	20827	9248	6542	432	43821	1487	99	117	4402	9	131
February 24, 2009 7:23:00 AM UTC	1235488980000	1	0	yes	11.2	110.5	20506	20827	9248	6542	432	43821	1511	98	67	4376	13	76
February 24, 2009 7:24:00 AM UTC	1235489040000	0	1	yes	11.4	110.7	20506	20827	9248	6542	430	43823	1525	57	46	4362	5	180
February 24, 2009 7:25:00 AM UTC	1235489100000	0	1	yes	11.5	110.9	20506	20827	9248	6542	426	43827	1540	59	72	4347	4	150
February 24, 2009 7:26:00 AM UTC	1235489160000	1	0	yes	11.7	111.0	20506	20827	9247	6544	425	43827	1556	73	121	4332	5	70
February 24, 2009 7:27:00 AM UTC	1235489220000	1	0	yes	11.9	111.2	20506	20827	9243	6577	415	43808	1562	69	66	4313	4	67
February 24, 2009 7:28:00 AM UTC	1235489280000	1	0	yes	12.1	111.4	20506	20827	9253	6518	424	43848	1598	82	86	4301	5	104
February 24, 2009 7:29:00 AM UTC	1235489340000	1	1	yes	12.3	111.5	20506	20827	9243	6577	415	43808	1587	81	104	4292	4	197
February 24, 2009 7:30:00 AM UTC	1235489400000	0	1	yes	12.5	111.7	20506	20827	9243	6577	411	43812	1609	47	120	4266	2	268
February 24, 2009 7:31:00 AM UTC	1235489460000	0	1	yes	12.7	111.9	20506	20827	9258	6485	420	43880	1651	65	275	4261	2	213
February 24, 2009 7:32:00 AM UTC	1235489520000	0	1	yes	12.8	112.0	20506	20827	9245	6576	400	43822	1637	80	265	4239	1	208
February 24, 2009 7:33:00 AM UTC	1235489580000	1	1	yes	13.0	112.2	20506	20827	9256	6510	407	43870	1675	86	169	4225	1	204
February 24, 2009 7:34:00 AM UTC	1235489640000	1	1	yes	13.2	112.4	20506	20827	9245	6576	394	43828	1663	90	173	4214	1	177
February 24, 2009 7:35:00 AM UTC	1235489700000	1	1	yes	13.4	112.5	20506	20827	9245	6576	390	43832	1679	92	175	4199	1	193
February 24, 2009 7:36:00 AM UTC	1235489760000	1	1	yes	13.6	112.7	20506	20827	9248	6549	391	43855	1701	110	307	4190	0	230
February 24, 2009 7:37:00 AM UTC	1235489820000	1	1	yes	13.8	112.9	20506	20827	9240	6603	374	43826	1702	111	268	4169	0	216
February 24, 2009 7:38:00 AM UTC	1235489880000	1	1	yes	14.0	113.0	20506	20827	9251	6537	379	43876	1738	87	253	4162	0	279
February 24, 2009 7:39:00 AM UTC	1235489940000	0	1	yes	14.1	113.2	20506	20827	9251	6537	379	43876	1762	85	270	4141	0	210
February 24, 2009 7:40:00 AM UTC	1235490000000	1	1	yes	14.3	113.4	20506	20827	9246	6518	371	43908	1763	88	267	4132	0	265
February 24, 2009 7:41:00 AM UTC	1235490060000	1	1	yes	14.5	113.5	20506	20827	9251	6480	372	43940	1796	92	244	4118	0	237
February 24, 2009 7:42:00 AM UTC	1235490120000	1	1	yes	14.7	113.7	20506	20827	9251	6480	370	43942	1813	96	199	4104	0	251
February 24, 2009 7:43:00 AM UTC	1235490180000	1	1	yes	14.9	113.9	20506	20827	9251	6481	366	43945	1822	106	328	4096	0	303
February 24, 2009 7:44:00 AM UTC	1235490240000	1	2	yes	15.1	114.0	20506	20827	9251	6481	360	43951	1839	129	310	4086	0	341
February 24, 2009 7:45:00 AM UTC	1235490300000	0	1	yes	15.3	114.2	20506	20827	9246	6559	350	43888	1830	85	262	4081	0	253
February 24, 2009 7:46:00 AM UTC	1235490360000	0	1	yes	15.4	114.4	20506	20827	9246	6559	345	43893	1854	79	276	4062	0	293
February 24, 2009 7:47:00 AM UTC	1235490420000	0	1	yes	15.6	114.6	20506	20827	9246	6559	336	43902	1859	81	375	4060	0	245
February 24, 2009 7:48:00 AM UTC	1235490480000	1	1	yes	15.8	114.7	20506	20827	9249	6529	335	43930	1897	99	368	4042	0	208
February 24, 2009 7:49:00 AM UTC	1235490540000	1	1	yes	16.0	114.9	20506	20827	9246	6559	324	43914	1898	106	357	4034	0	219
February 24, 2009 7:50:00 AM UTC	1235490600000	1	1	yes	16.2	115.1	20506	20827	9257	6494	335	43957	1943	123	311	4020	0	233
February 24, 2009 7:51:00 AM UTC	1235490660000	1	2	yes	16.3	115.3	20506	20827	9246	6559	318	43920	1927	105	457	4016	0	230
February 24, 2009 7:52:00 AM UTC	1235490720000	1	1	yes	16.5	115.4	20506	20827	9246	6559	309	43929	1938	120	401	4011	0	215
February 24, 2009 7:53:00 AM UTC	1235490780000	1	2	yes	16.7	115.6	20506	20827	9242	6587	299	43915	1945	126	474	3996	0	275
February 24, 2009 7:54:00 AM UTC	1235490840000	1	2	yes	16.9	115.8	20506	20827	9241	6602	293	43907	1941	133	441	3999	0	238
February 24, 2009 7:55:00 AM UTC	1235490900000	0	2	yes	17.1	116.0	20506	20827	9255	6508	308	43972	2005	87	550	3979	0	230
February 24, 2009 7:56:00 AM UTC	1235490960000	0	2	yes	17.2	116.1	20506	20827	9245	6573	294	43931	1987	81	489	3980	0	296
February 24, 2009 7:57:00 AM UTC	1235491020000	0	2	yes	17.4	116.3	20506	20827	9252	6474	295	44022	2029	97	548	3968	0	230
February 24, 2009 7:58:00 AM UTC	1235491080000	0	2	yes	17.6	116.5	20506	20827	9252	6474	286	44031	2045	98	497	3960	0	227
February 24, 2009 7:59:00 AM UTC	1235491140000	1	2	yes	17.8	116.7	20506	20827	9241	6538	274	43990	2035	105	497	3949	0	243
February 24, 2009 8:00:00 AM UTC	1235491200000	1	1	yes	18.0	116.8	20506	20827	9252	6475	273	44043	2072	120	376	3944	0	264
February 24, 2009 8:01:00 AM UTC	1235491260000	1	2	yes	18.1	117.0	20506	20827	9236	6570	245	43992	2036	121	461	3939	0	255
February 24, 2009 8:02:00 AM UTC	1235491320000	1	2	yes	18.3	117.2	20506	20827	9252	6475	254	44062	2102	148	578	3929	0	230
February 24, 2009 8:03:00 AM UTC	1235491380000	0	2	yes	18.5	117.4	20506	20827	9252	6475	245	44071	2112	93	643	3923	0	280
February 24, 2009 8:04:00 AM UTC	1235491440000	1	2	yes	18.7	117.6	20506	20827	9253	6477	242	44071	2130	109	565	3910	0	232
February 24, 2009 8:05:00 AM UTC	1235491500000	1	2	yes	18.9	117.7	20506	20827	9247	6509	224	44063	2118	136	538	3919	0	283
February 24, 2009 8:06:00 AM UTC	1235491560000	1	2	yes	19.0	117.9	20506	20827	9247	6509	215	44072	2140	118	627	3905	0	322
February 24, 2009 8:07:00 AM UTC	1235491620000	1	2	yes	19.2	118.1	20506	20827	9247	6509	207	44080	2152	138	654	3899	0	311
February 24, 2009 8:08:00 AM UTC	1235491680000	1	2	yes	19.4	118.3	20506	20827	9247	6528	199	44069	2160	139	540	3894	0	271
February 24, 2009 8:09:00 AM UTC	1235491740000	0	2	yes	19.6	118.5	20506	20827	9247	6528	192	44076	2177	111	652	3889	0	273
February 24, 2009 8:10:00 AM UTC	1235491800000	0	2	yes	19.7	118.6	20506	20827	9247	6528	182	44086	2192	99	639	3880	0	239
February 24, 2009 8:11:00 AM UTC	1235491860000	1	2	yes	19.9	118.8	20506	20827	9255	6466	184	44138	2231	144	668	3880	0	259
February 24, 2009 8:12:00 AM UTC	1235491920000	1	2	yes	20.1	119.0	20506	20827	9241	6617	158	44027	2189	114	680	3875	0	281
February 24, 2009 8:13:00 AM UTC	1235491980000	1	2	yes	20.3	119.2	20506	20827	9247	6526	157	44113	2236	153	779	3865	0	266
February 24, 2009 8:14:00 AM UTC	1235492040000	1	2	yes	20.4	119.4	20506	20827	9256	6464	159	44164	2269	176	763	3867	0	287
February 24, 2009 8:15:00 AM UTC	1235492100000	1	2	yes	20.6	119.6	20506	20827	9242	6556	134	44111	2247	187	736	3860	0	251
February 24, 2009 8:16:00 AM UTC	1235492160000	1	2	yes	20.8	119.8	20506	20827	9252	6493	138	44160	2284	143	811	3856	0	225
February 24, 2009 8:17:00 AM UTC	1235492220000	1	2	yes	21.0	119.9	20506	20827	9243	6555	122	44123	2274	145	805	3847	0	248
February 24, 2009 8:18:00 AM UTC	1235492280000	1	2	yes	21.1	120.1	20506	20827	9247	6527	111	44158	2293	178	775	3850	0	251
February 24, 2009 8:19:00 AM UTC	1235492340000	1	2	yes	21.3	120.3	20506	20827	9252	6493	108	44190	2320	192	818	3846	0	234
February 24, 2009 8:20:00 AM UTC	1235492400000	1	2	yes	21.5	120.5	20506	20827	9252	6511	97	44183	2333	205	760	3841	0	209
February 24, 2009 8:21:00 AM UTC	1235492460000	1	2	yes	21.7	120.7	20506	20827	9252	6511	84	44196	2341	202	735	3841	0	237
February 24, 2009 8:22:00 AM UTC	1235492520000	1	3	yes	21.8	120.9	20506	20827	9247	6555	67	44174	2335	153	895	3839	0	214
February 24, 2009 8:23:00 AM UTC	1235492580000	1	2	yes	22.0	121.1	20506	20827	9247	6555	56	44185	2343	131	802	3836	0	257
February 24, 2009 8:24:00 AM UTC	1235492640000	1	3	yes	22.2	121.3	20506	20827	9252	6520	52	44219	2377	122	838	3829	0	243
February 24, 2009 8:25:00 AM UTC	1235492700000	1	2	yes	22.4	121.5	20506	20827	9247	6555	36	44205	2368	204	703	3828	0	239
February 24, 2009 8:26:00 AM UTC	1235492760000	1	2	yes	22.5	121.7	20506	20827	9247	6555	22	44219	2382	207	824	3827	0	213
February 24, 2009 8:27:00 AM UTC	1235492820000	1	2	yes	22.7	121.8	20506	20827	9257	6434	22	44330	2435	247	743	3825	0	216
February 24, 2009 8:28:00 AM UTC	1235492880000	1	3	yes	22.9	122.0	20506	20827	9242	6535	9	44257	2398	210	854	3822	0	230
February 24, 2009 8:29:00 AM UTC	1235492940000	1	3	yes	23.0	122.2	20506	20827	9256	6435	5	44347	2459	277	865	3819	0	220
February 24, 2009 8:30:00 AM UTC	1235493000000	1	2	yes	23.2	122.4	20506	20827	9256	6435	1	44351	2475	128	811	3815	0	192
February 24, 2009 8:31:00 AM UTC	1235493060000	1	2	yes	23.4	122.6	20506	20827	9241	6530	0	44272	2434	126	785	3814	0	218
February 24, 2009 8:32:00 AM UTC	1235493120000	1	3	yes	23.5	122.8	20506	20827	9249	6472	0	44322	2479	131	898	3815	0	215
February 24, 2009 8:33:00 AM UTC	1235493180000	1	3	yes	23.7	123.0	20506	20827	9245	6519	0	44279	2472	162	909	3813	0	204
February 24, 2009 8:34:00 AM UTC	1235493240000	1	3	yes	23.9	123.2	20506	20827	9248	6504	0	44291	2485	200	848	3816	0	219
February 24, 2009 8:35:00 AM UTC	1235493300000	1	3	yes	24.1	123.4	20506	20827	9248	6504	0	44291	2500	202	849	3813	0	241
February 24, 2009 8:36:00 AM UTC	1235493360000	1	3	yes	24.2	123.6	20506	20827	9248	6504	0	44291	2506	230	866	3818	0	222
February 24, 2009 8:37:00 AM UTC	1235493420000	0	3	yes	24.4	123.8	20506	20827	9243	6543	0	44257	2504	101	961	3807	0	205
February 24, 2009 8:38:00 AM UTC	1235493480000	1	3	yes	24.6	124.0	20506	20827	9257	6446	0	44340	2558	131	957	3816	0	234
February 24, 2009 8:39:00 AM UTC	1235493540000	1	3	yes	24.7	124.2	20506	20827	9248	6504	0	44291	2544	142	896	3812	0	203
February 24, 2009 8:40:00 AM UTC	1235493600000	1	3	yes	24.9	124.4	20506	20827	9252	6484	0	44307	2567	190	882	3798	0	206
February 24, 2009 8:41:00 AM UTC	1235493660000	1	2	yes	25.0	124.6	20506	20827	9246	6487	0	44310	2557	168	858	3821	0	196
February 24, 2009 8:42:00 AM UTC	1235493720000	1	2	yes	25.2	124.8	20506	20827	9248	6526	0	44269	2573	198	797	3808	0	192
February 24, 2009 8:43:00 AM UTC	1235493780000	1	2	yes	25.4	125.0	20506	20827	9251	6488	0	44304	2598	133	840	3830	0	180
February 24, 2009 8:44:00 AM UTC	1235493840000	1	2	yes	25.5	125.2	20506	20827	9242	6546	0	44255	2574	132	829	3818	0	177
February 24, 2009 8:45:00 AM UTC	1235493900000	1	2	yes	25.7	125.4	20506	20827	9245	6564	0	44234	2587	168	792	3803	0	172
February 24, 2009 8:46:00 AM UTC	1235493960000	1	2	yes	25.9	125.6	20506	20827	9243	6582	0	44218	2583	171	790	3830	0	185
February 24, 2009 8:47:00 AM UTC	1235494020000	1	2	yes	26.0	125.8	20506	20827	9251	6523	0	44269	2622	206	751	3818	0	170
February 24, 2009 8:48:00 AM UTC	1235494080000	1	2	yes	26.2	126.0	20506	20827	9245	6565	0	44233	2613	194	725	3823	0	160
February 24, 2009 8:49:00 AM UTC	1235494140000	1	2	yes	26.4	126.3	20506	20827	9246	6565	0	44232	2619	239	615	3821	0	185
February 24, 2009 8:50:00 AM UTC	1235494200000	1	2	yes	26.5	126.5	20506	20827	9252	6525	0	44266	2653	136	718	3823	0	152
February 24, 2009 8:51:00 AM UTC	1235494260000	1	2	yes	26.7	126.7	20506	20827	9254	6507	0	44282	2665	160	660	3827	0	161
February 24, 2009 8:52:00 AM UTC	1235494320000	1	2	yes	26.8	126.9	20506	20827	9245	6565	0	44233	2651	166	674	3830	0	143
February 24, 2009 8:53:00 AM UTC	1235494380000	1	2	yes	27.0	127.1	20506	20827	9248	6498	0	44297	2676	196	720	3834	0	171
February 24, 2009 8:54:00 AM UTC	1235494440000	1	2	yes	27.2	127.3	20506	20827	9247	6509	0	44287	2681	228	686	3835	0	142
February 24, 2009 8:55:00 AM UTC	1235494500000	1	2	yes	27.3	127.5	20506	20827	9247	6509	0	44287	2683	226	628	3844	0	148
February 24, 2009 8:56:00 AM UTC	1235494560000	1	2	yes	27.5	127.7	20506	20827	9247	6538	0	44258	2693	128	693	3841	0	142
February 24, 2009 8:57:00 AM UTC	1235494620000	1	2	yes	27.6	127.9	20506	20827	9248	6538	0	44257	2699	150	639	3845	0	170
February 24, 2009 8:58:00 AM UTC	1235494680000	1	2	yes	27.8	128.2	20506	20827	9248	6538	0	44257	2710	177	675	3845	0	121
February 24, 2009 8:59:00 AM UTC	1235494740000	1	2	yes	28.0	128.4	20506	20827	9248	6538	0	44257	2718	173	617	3848	0	136
February 24, 2009 9:00:00 AM UTC	1235494800000	1	2	yes	28.1	128.6	20506	20827	9247	6539	0	44257	2723	214	617	3852	0	139
February 24, 2009 9:01:00 AM UTC	1235494860000	1	2	yes	28.3	128.8	20506	20827	9247	6539	0	44257	2729	240	610	3859	0	142
February 24, 2009 9:02:00 AM UTC	1235494920000	1	2	yes	28.4	129.0	20506	20827	9247	6539	0	44257	2740	143	608	3858	0	155
February 24, 2009 9:03:00 AM UTC	1235494980000	1	2	yes	28.6	129.2	20506	20827	9240	6586	0	44217	2719	127	698	3869	0	165
February 24, 2009 9:04:00 AM UTC	1235495040000	1	2	yes	28.7	129.5	20506	20827	9255	6487	0	44301	2777	188	607	3870	0	146
February 24, 2009 9:05:00 AM UTC	1235495100000	1	2	yes	28.9	129.7	20506	20827	9246	6539	0	44258	2753	205	612	3877	0	135
February 24, 2009 9:06:00 AM UTC	1235495160000	1	2	yes	29.0	129.9	20506	20827	9249	6474	0	44320	2780	219	556	3879	0	127
February 24, 2009 9:07:00 AM UTC	1235495220000	1	2	yes	29.2	130.1	20506	20827	9255	6474	0	44314	2799	244	529	3893	0	124
February 24, 2009 9:08:00 AM UTC	1235495280000	1	2	yes	29.4	130.3	20506	20827	9249	6519	0	44275	2779	163	545	3891	0	107
February 24, 2009 9:09:00 AM UTC	1235495340000	1	1	yes	29.5	130.6	20506	20827	9249	6519	0	44275	2788	161	504	3899	0	105
February 24, 2009 9:10:00 AM UTC	1235495400000	1	2	yes	29.7	130.8	20506	20827	9241	6573	0	44229	2762	187	563	3901	0	129
February 24, 2009 9:11:00 AM UTC	1235495460000	1	1	yes	29.8	131.0	20506	20827	9249	6519	0	44275	2796	212	506	3912	0	109
February 24, 2009 9:12:00 AM UTC	1235495520000	1	1	yes	30.0	131.2	20506	20827	9242	6564	0	44237	2777	220	476	3915	0	94
February 24, 2009 9:13:00 AM UTC	1235495580000	1	2	yes	30.1	131.5	20506	20827	9250	6518	0	44275	2807	263	511	3927	0	124
February 24, 2009 9:14:00 AM UTC	1235495640000	1	2	yes	30.3	131.7	20506	20827	9250	6518	0	44275	2812	144	519	3925	0	111
February 24, 2009 9:15:00 AM UTC	1235495700000	1	1	yes	30.4	131.9	20506	20827	9251	6510	0	44282	2818	178	398	3939	0	112
February 24, 2009 9:16:00 AM UTC	1235495760000	1	1	yes	30.6	132.1	20506	20827	9250	6517	0	44276	2825	201	462	3943	0	111
February 24, 2009 9:17:00 AM UTC	1235495820000	1	1	yes	30.7	132.4	20506	20827	9251	6462	0	44330	2846	214	427	3951	0	97
February 24, 2009 9:18:00 AM UTC	1235495880000	1	1	yes	30.9	132.6	20506	20827	9243	6562	0	44238	2802	218	345	3965	0	105
February 24, 2009 9:19:00 AM UTC	1235495940000	1	1	yes	31.0	132.8	20506	20827	9251	6581	0	44211	2822	283	412	3968	0	97
February 24, 2009 9:20:00 AM UTC	1235496000000	1	1	yes	31.2	133.1	20506	20827	9251	6581	0	44211	2827	157	384	3973	0	89
February 24, 2009 9:21:00 AM UTC	1235496060000	1	1	yes	31.3	133.3	20506	20827	9244	6628	0	44171	2802	186	312	3978	0	109
February 24, 2009 9:22:00 AM UTC	1235496120000	1	1	yes	31.4	133.5	20506	20827	9251	6580	0	44212	2843	206	330	3987	0	108
February 24, 2009 9:23:00 AM UTC	1235496180000	1	1	yes	31.6	133.8	20506	20827	9251	6577	0	44215	2836	242	319	3998	0	107
February 24, 2009 9:24:00 AM UTC	1235496240000	1	1	yes	31.7	134.0	20506	20827	9244	6628	0	44171	2815	233	319	4001	0	103
February 24, 2009 9:25:00 AM UTC	1235496300000	1	1	yes	31.9	134.2	20506	20827	9251	6577	0	44215	2844	141	289	4012	0	113
February 24, 2009 9:26:00 AM UTC	1235496360000	1	1	yes	32.0	134.5	20506	20827	9244	6628	0	44171	2816	146	275	4020	0	114
February 24, 2009 9:27:00 AM UTC	1235496420000	1	1	yes	32.2	134.7	20506	20827	9243	6625	0	44175	2823	197	254	4029	0	89
February 24, 2009 9:28:00 AM UTC	1235496480000	1	1	yes	32.3	134.9	20506	20827	9252	6571	0	44220	2854	204	271	4038	0	99
February 24, 2009 9:29:00 AM UTC	1235496540000	1	1	yes	32.5	135.2	20506	20827	9244	6620	0	44179	2824	237	265	4044	0	110
February 24, 2009 9:30:00 AM UTC	1235496600000	1	1	yes	32.6	135.4	20506	20827	9253	6570	0	44220	2852	264	232	4060	1	97
February 24, 2009 9:31:00 AM UTC	1235496660000	1	1	yes	32.7	135.7	20506	20827	9253	6571	0	44219	2863	157	256	4071	0	66
February 24, 2009 9:32:00 AM UTC	1235496720000	1	1	yes	32.9	135.9	20506	20827	9245	6620	0	44178	2829	162	209	4081	0	85
February 24, 2009 9:33:00 AM UTC	1235496780000	1	1	yes	33.0	136.1	20506	20827	9245	6617	0	44181	2840	209	217	4081	0	84
February 24, 2009 9:34:00 AM UTC	1235496840000	1	1	yes	33.2	136.4	20506	20827	9245	6620	0	44178	2831	209	161	4096	0	118
February 24, 2009 9:35:00 AM UTC	1235496900000	1	1	yes	33.3	136.6	20506	20827	9245	6620	0	44178	2833	239	204	4102	1	74
February 24, 2009 9:36:00 AM UTC	1235496960000	1	1	yes	33.4	136.9	20506	20827	9253	6571	0	44219	2855	152	213	4115	0	92
February 24, 2009 9:37:00 AM UTC	1235497020000	1	1	yes	33.6	137.1	20506	20827	9237	6669	0	44137	2796	143	157	4127	2	101
February 24, 2009 9:38:00 AM UTC	1235497080000	1	1	yes	33.7	137.4	20506	20827	9253	6579	0	44211	2857	189	161	4138	1	96
February 24, 2009 9:39:00 AM UTC	1235497140000	1	1	yes	33.8	137.6	20506	20827	9245	6630	0	44168	2826	174	141	4151	4	89
February 24, 2009 9:40:00 AM UTC	1235497200000	1	1	yes	34.0	137.9	20506	20827	9251	6580	0	44212	2856	239	138	4162	6	79
February 24, 2009 9:41:00 AM UTC	1235497260000	1	1	yes	34.1	138.1	20506	20827	9244	6631	0	44168	2824	119	178	4174	4	83
February 24, 2009 9:42:00 AM UTC	1235497320000	1	1	yes	34.2	138.4	20506	20827	9260	6467	0	44316	2897	202	127	4187	4	92
February 24, 2009 9:43:00 AM UTC	1235497380000	1	0	yes	34.4	138.6	20506	20827	9247	6566	0	44230	2840	202	112	4195	5	64
February 24, 2009 9:44:00 AM UTC	1235497440000	1	1	yes	34.5	138.9	20506	20827	9245	6573	0	44225	2828	231	112	4215	7	64
February 24, 2009 9:45:00 AM UTC	1235497500000	1	1	yes	34.6	139.1	20506	20827	9253	6522	0	44268	2867	255	102	4222	9	69
February 24, 2009 9:46:00 AM UTC	1235497560000	1	1	yes	34.8	139.4	20506	20827	9244	6574	0	44225	2835	148	118	4228	3	59
February 24, 2009 9:47:00 AM UTC	1235497620000	1	1	yes	34.9	139.6	20506	20827	9253	6522	0	44268	2869	184	129	4240	6	75
February 24, 2009 9:48:00 AM UTC	1235497680000	1	1	yes	35.0	139.9	20506	20827	9247	6579	0	44217	2834	201	100	4246	6	57
February 24, 2009 9:49:00 AM UTC	1235497740000	1	1	yes	35.2	140.1	20506	20827	9254	6530	0	44259	2869	227	92	4262	5	91
February 24, 2009 9:50:00 AM UTC	1235497800000	1	1	yes	35.3	140.4	20506	20827	9253	6541	0	44249	2856	254	88	4273	9	118
February 24, 2009 9:51:00 AM UTC	1235497860000	1	1	yes	35.4	140.7	20506	20827	9247	6586	0	44210	2836	148	115	4279	3	153
February 24, 2009 9:52:00 AM UTC	1235497920000	1	1	yes	35.5	140.9	20506	20827	9254	6541	0	44248	2852	185	102	4299	7	194
February 24, 2009 9:53:00 AM UTC	1235497980000	1	1	yes	35.7	141.2	20506	20827	9254	6541	0	44248	2855	212	89	4306	11	271
February 24, 2009 9:54:00 AM UTC	1235498040000	1	1	yes	35.8	141.4	20506	20827	9253	6541	0	44249	2850	244	85	4320	35	261
February 24, 2009 9:55:00 AM UTC	1235498100000	1	1	yes	35.9	141.7	20506	20827	9253	6541	0	44249	2849	275	95	4329	78	289
February 24, 2009 9:56:00 AM UTC	1235498160000	1	1	yes	36.0	142.0	20506	20827	9259	6497	0	44287	2878	157	106	4345	102	312
February 24, 2009 9:57:00 AM UTC	1235498220000	1	1	yes	36.2	142.2	20506	20827	9244	6653	0	44146	2795	142	77	4350	157	321
February 24, 2009 9:58:00 AM UTC	1235498280000	1	1	yes	36.3	142.5	20506	20827	9250	6571	0	44222	2840	194	75	4368	207	335
February 24, 2009 9:59:00 AM UTC	1235498340000	1	1	yes	36.4	142.8	20506	20827	9250	6571	0	44222	2833	186	87	4370	262	376
February 24, 2009 10:00:00 AM UTC	1235498400000	2	1	yes	36.5	143.0	20506	20827	9243	6620	0	44180	2805	220	95	4387	326	409
February 24, 2009 10:01:00 AM UTC	1235498460000	1	1	yes	36.7	143.3	20506	20827	9241	6620	0	44182	2800	136	69	4395	370	421
February 24, 2009 10:02:00 AM UTC	1235498520000	2	1	yes	36.8	143.6	20506	20827	9249	6571	0	44223	2834	163	99	4407	436	413
February 24, 2009 10:03:00 AM UTC	1235498580000	2	1	yes	36.9	143.8	20506	20827	9240	6626	0	44177	2802	203	123	4413	482	384
February 24, 2009 10:04:00 AM UTC	1235498640000	2	2	yes	37.0	144.1	20506	20827	9250	6570	0	44223	2838	260	131	4419	511	370
February 24, 2009 10:05:00 AM UTC	1235498700000	2	2	yes	37.1	144.4	20506	20827	9256	6528	0	44259	2865	219	148	4444	491	394
February 24, 2009 10:06:00 AM UTC	1235498760000	2	2	yes	37.2	144.7	20506	20827	9239	6626	0	44178	2807	220	165	4432	468	438
February 24, 2009 10:07:00 AM UTC	1235498820000	2	2	yes	37.4	144.9	20506	20827	9255	6553	0	44235	2852	274	135	4468	500	429
February 24, 2009 10:08:00 AM UTC	1235498880000	2	2	yes	37.5	145.2	20506	20827	9247	6610	0	44186	2818	276	162	4457	536	363
February 24, 2009 10:09:00 AM UTC	1235498940000	2	3	yes	37.6	145.5	20506	20827	9247	6610	0	44186	2820	348	214	4478	550	311
February 24, 2009 10:10:00 AM UTC	1235499000000	2	3	yes	37.7	145.8	20506	20827	9247	6610	0	44186	2821	283	175	4477	497	392
February 24, 2009 10:11:00 AM UTC	1235499060000	2	5	yes	37.8	146.0	20506	20827	9254	6575	0	44214	2841	364	150	4496	469	613
February 24, 2009 10:12:00 AM UTC	1235499120000	2	6	yes	37.9	146.3	20506	20827	9246	6567	0	44230	2824	400	519	4498	470	659
February 24, 2009 10:13:00 AM UTC	1235499180000	4	7	yes	38.0	146.6	20506	20827	9255	6512	0	44276	2856	770	709	4511	506	632
February 24, 2009 10:14:00 AM UTC	1235499240000	5	6	yes	38.2	146.9	20506	20827	9246	6569	0	44228	2819	1060	404	4522	488	677
February 24, 2009 10:15:00 AM UTC	1235499300000	5	7	yes	38.3	147.2	20506	20827	9252	6531	0	44260	2835	1186	262	4531	514	726
February 24, 2009 10:16:00 AM UTC	1235499360000	5	7	yes	38.4	147.4	20506	20827	9255	6540	0	44248	2842	1170	279	4539	497	839
February 24, 2009 10:17:00 AM UTC	1235499420000	5	8	yes	38.5	147.7	20506	20827	9245	6598	0	44200	2801	1211	475	4555	655	823
February 24, 2009 10:18:00 AM UTC	1235499480000	7	8	yes	38.6	148.0	20506	20827	9252	6561	0	44230	2831	1540	555	4555	801	756
February 24, 2009 10:19:00 AM UTC	1235499540000	7	8	yes	38.7	148.3	20506	20827	9247	6599	0	44197	2802	1797	526	4575	752	765
February 24, 2009 10:20:00 AM UTC	1235499600000	8	8	yes	38.8	148.6	20506	20827	9252	6561	0	44230	2832	2058	529	4576	758	727
February 24, 2009 10:21:00 AM UTC	1235499660000	8	10	yes	38.9	148.9	20506	20827	9242	6620	0	44181	2797	2247	380	4584	658	664
February 24, 2009 10:22:00 AM UTC	1235499720000	8	13	yes	39.0	149.2	20506	20827	9257	6522	0	44264	2852	2393	258	4599	664	758
February 24, 2009 10:23:00 AM UTC	1235499780000	8	14	yes	39.1	149.4	20506	20827	9252	6560	0	44231	2823	2250	301	4606	687	769
February 24, 2009 10:24:00 AM UTC	1235499840000	7	16	yes	39.2	149.7	20506	20827	9248	6555	0	44240	2826	2167	375	4614	694	835
February 24, 2009 10:25:00 AM UTC	1235499900000	7	17	yes	39.3	150.0	20506	20827	9248	6617	0	44178	2803	2035	399	4621	663	919
February 24, 2009 10:26:00 AM UTC	1235499960000	7	16	yes	39.4	150.3	20506	20827	9247	6618	0	44178	2805	1991	415	4628	568	959
February 24, 2009 10:27:00 AM UTC	1235500020000	7	18	yes	39.5	150.6	20506	20827	9247	6618	0	44178	2807	1819	524	4637	533	1002
February 24, 2009 10:28:00 AM UTC	1235500080000	6	20	yes	39.6	150.9	20506	20827	9247	6618	0	44178	2806	1695	580	4643	541	1017
February 24, 2009 10:29:00 AM UTC	1235500140000	6	24	yes	39.7	151.2	20506	20827	9253	6583	0	44207	2825	1590	605	4662	488	1122
February 24, 2009 10:30:00 AM UTC	1235500200000	5	26	yes	39.8	151.5	20506	20827	9247	6617	0	44179	2807	1437	678	4661	564	1069
February 24, 2009 10:31:00 AM UTC	1235500260000	5	29	yes	39.9	151.8	20506	20827	9251	6583	0	44209	2824	1193	834	4681	627	1041
February 24, 2009 10:32:00 AM UTC	1235500320000	5	29	yes	40.0	152.1	20506	20827	9245	6596	0	44202	2793	1091	710	4675	563	1110
February 24, 2009 10:33:00 AM UTC	1235500380000	4	31	yes	40.1	152.4	20506	20827	9254	6510	0	44279	2843	1192	557	4697	295	1371
February 24, 2009 10:34:00 AM UTC	1235500440000	3	33	yes	40.2	152.7	20506	20827	9252	6576	0	44215	2816	910	730	4704	209	1334
February 24, 2009 10:35:00 AM UTC	1235500500000	2	36	yes	40.3	153.0	20506	20827	9249	6603	0	44191	2804	489	1014	4705	92	1326
February 24, 2009 10:36:00 AM UTC	1235500560000	2	38	yes	40.4	153.3	20506	20827	9248	6604	0	44191	2799	511	1089	4717	96	1350
February 24, 2009 10:37:00 AM UTC	1235500620000	2	40	yes	40.5	153.6	20506	20827	9243	6636	0	44164	2780	570	1017	4722	50	1266
February 24, 2009 10:38:00 AM UTC	1235500680000	3	38	yes	40.5	153.9	20506	20827	9248	6604	0	44191	2801	735	1041	4735	67	1017
February 24, 2009 10:39:00 AM UTC	1235500740000	3	36	yes	40.6	154.2	20506	20827	9248	6604	0	44191	2803	808	965	4736	45	730
February 24, 2009 10:40:00 AM UTC	1235500800000	3	36	yes	40.7	154.5	20506	20827	9246	6610	0	44187	2801	836	951	4747	40	632
February 24, 2009 10:41:00 AM UTC	1235500860000	3	35	yes	40.8	154.8	20506	20827	9252	6552	0	44239	2825	948	947	4760	33	511
February 24, 2009 10:42:00 AM UTC	1235500920000	3	32	yes	40.9	155.1	20506	20827	9252	6552	0	44239	2831	1030	891	4759	48	447
February 24, 2009 10:43:00 AM UTC	1235500980000	3	31	yes	41.0	155.4	20506	20827	9250	6618	0	44175	2800	994	876	4768	28	542
February 24, 2009 10:44:00 AM UTC	1235501040000	3	30	yes	41.1	155.7	20506	20827	9241	6681	0	44121	2770	1101	755	4766	30	606
February 24, 2009 10:45:00 AM UTC	1235501100000	5	27	yes	41.1	156.0	20506	20827	9254	6587	0	44202	2822	1534	570	4784	44	557
February 24, 2009 10:46:00 AM UTC	1235501160000	5	26	yes	41.2	156.3	20506	20827	9250	6620	0	44173	2809	1663	525	4785	77	615
February 24, 2009 10:47:00 AM UTC	1235501220000	4	25	yes	41.3	156.7	20506	20827	9245	6650	0	44148	2787	1384	670	4788	48	633
February 24, 2009 10:48:00 AM UTC	1235501280000	4	26	yes	41.4	157.0	20506	20827	9245	6609	0	44189	2801	1305	693	4798	51	693
February 24, 2009 10:49:00 AM UTC	1235501340000	4	25	yes	41.5	157.3	20506	20827	9246	6587	0	44210	2810	1426	666	4805	38	671
February 24, 2009 10:50:00 AM UTC	1235501400000	4	24	yes	41.5	157.6	20506	20827	9250	6563	0	44230	2825	1277	830	4818	52	508
February 24, 2009 10:51:00 AM UTC	1235501460000	4	24	yes	41.6	157.9	20506	20827	9244	6592	0	44207	2807	1000	1070	4816	55	461
February 24, 2009 10:52:00 AM UTC	1235501520000	3	24	yes	41.7	158.2	20506	20827	9247	6632	0	44164	2793	966	1070	4830	60	466
February 24, 2009 10:53:00 AM UTC	1235501580000	3	24	yes	41.8	158.5	20506	20827	9249	6633	0	44161	2792	954	1029	4836	68	472
February 24, 2009 10:54:00 AM UTC	1235501640000	3	24	yes	41.8	158.8	20506	20827	9238	6697	0	44108	2753	937	965	4833	78	520
February 24, 2009 10:55:00 AM UTC	1235501700000	3	24	yes	41.9	159.2	20506	20827	9251	6606	0	44186	2810	813	1057	4850	62	472
February 24, 2009 10:56:00 AM UTC	1235501760000	2	24	yes	42.0	159.5	20506	20827	9249	6554	0	44240	2817	487	1411	4856	59	482
February 24, 2009 10:57:00 AM UTC	1235501820000	2	22	yes	42.0	159.8	20506	20827	9253	6514	0	44276	2844	409	1482	4869	45	596
February 24, 2009 10:58:00 AM UTC	1235501880000	2	21	yes	42.1	160.1	20506	20827	9243	6578	0	44222	2807	494	1329	4862	44	627
February 24, 2009 10:59:00 AM UTC	1235501940000	1	20	yes	42.2	160.4	20506	20827	9243	6579	0	44221	2805	331	1331	4872	34	554
February 24, 2009 11:00:00 AM UTC	1235502000000	2	20	yes	42.3	160.8	20506	20827	9246	6555	0	44242	2817	386	1175	4878	66	470
February 24, 2009 11:01:00 AM UTC	1235502060000	1	19	yes	42.3	161.1	20506	20827	9254	6561	0	44228	2834	330	1310	4889	68	305
February 24, 2009 11:02:00 AM UTC	1235502120000	2	17	yes	42.4	161.4	20506	20827	9243	6610	0	44190	2785	528	830	4886	66	176
February 24, 2009 11:03:00 AM UTC	1235502180000	1	14	yes	42.4	161.7	20506	20827	9246	6589	0	44208	2806	368	822	4891	36	167
February 24, 2009 11:04:00 AM UTC	1235502240000	1	12	yes	42.5	162.1	20506	20827	9246	6589	0	44208	2797	292	747	4902	53	177
February 24, 2009 11:05:00 AM UTC	1235502300000	1	11	yes	42.6	162.4	20506	20827	9246	6578	0	44219	2807	307	634	4903	49	217
February 24, 2009 11:06:00 AM UTC	1235502360000	1	10	yes	42.6	162.7	20506	20827	9239	6624	0	44180	2780	254	559	4904	31	239
February 24, 2009 11:07:00 AM UTC	1235502420000	1	8	yes	42.7	163.0	20506	20827	9250	6556	0	44237	2818	297	379	4921	84	259
February 24, 2009 11:08:00 AM UTC	1235502480000	1	8	yes	42.7	163.4	20506	20827	9250	6556	0	44237	2820	294	217	4926	132	222
February 24, 2009 11:09:00 AM UTC	1235502540000	2	7	yes	42.8	163.7	20506	20827	9250	6556	0	44237	2816	304	247	4929	198	219
February 24, 2009 11:10:00 AM UTC	1235502600000	1	8	yes	42.9	164.0	20506	20827	9249	6628	0	44166	2791	158	355	4926	124	347
February 24, 2009 11:11:00 AM UTC	1235502660000	1	7	yes	42.9	164.3	20506	20827	9239	6694	0	44110	2759	177	255	4922	49	385
February 24, 2009 11:12:00 AM UTC	1235502720000	1	8	yes	43.0	164.7	20506	20827	9242	6675	0	44126	2766	194	358	4931	33	321
February 24, 2009 11:13:00 AM UTC	1235502780000	1	8	yes	43.0	165.0	20506	20827	9242	6667	0	44134	2769	199	177	4939	47	234
February 24, 2009 11:14:00 AM UTC	1235502840000	1	8	yes	43.1	165.3	20506	20827	9252	6570	0	44221	2817	106	95	4949	22	196
February 24, 2009 11:15:00 AM UTC	1235502900000	1	9	yes	43.1	165.7	20506	20827	9255	6548	0	44240	2827	157	106	4960	35	122
February 24, 2009 11:16:00 AM UTC	1235502960000	1	9	yes	43.2	166.0	20506	20827	9245	6618	0	44180	2787	201	300	4956	37	41
February 24, 2009 11:17:00 AM UTC	1235503020000	1	8	yes	43.2	166.3	20506	20827	9245	6618	0	44180	2788	333	228	4956	15	66
February 24, 2009 11:18:00 AM UTC	1235503080000	2	8	yes	43.3	166.7	20506	20827	9246	6617	0	44180	2784	476	187	4965	22	73
February 24, 2009 11:19:00 AM UTC	1235503140000	2	10	yes	43.3	167.0	20506	20827	9245	6617	0	44181	2784	453	350	4967	42	104
February 24, 2009 11:20:00 AM UTC	1235503200000	2	11	yes	43.4	167.3	20506	20827	9245	6611	0	44187	2794	467	652	4968	48	86
February 24, 2009 11:21:00 AM UTC	1235503260000	2	12	yes	43.4	167.7	20506	20827	9236	6657	0	44150	2762	429	716	4966	16	38
February 24, 2009 11:22:00 AM UTC	1235503320000	2	12	yes	43.4	168.0	20506	20827	9247	6591	0	44205	2807	537	722	4975	25	10
February 24, 2009 11:23:00 AM UTC	1235503380000	2	12	yes	43.5	168.3	20506	20827	9247	6591	0	44205	2799	549	670	4981	36	27
February 24, 2009 11:24:00 AM UTC	1235503440000	2	13	yes	43.5	168.7	20506	20827	9246	6591	0	44206	2803	537	553	4991	51	42
February 24, 2009 11:25:00 AM UTC	1235503500000	2	12	yes	43.6	169.0	20506	20827	9249	6550	0	44244	2812	430	614	4995	30	60
February 24, 2009 11:26:00 AM UTC	1235503560000	2	12	yes	43.6	169.3	20506	20827	9249	6550	0	44244	2815	475	617	5003	38	41
February 24, 2009 11:27:00 AM UTC	1235503620000	2	11	yes	43.6	169.7	20506	20827	9238	6617	0	44188	2775	494	570	4989	34	26
February 24, 2009 11:28:00 AM UTC	1235503680000	1	11	yes	43.7	170.0	20506	20827	9239	6624	0	44180	2781	280	370	4984	27	41
February 24, 2009 11:29:00 AM UTC	1235503740000	2	11	yes	43.7	170.3	20506	20827	9241	6605	0	44197	2790	340	213	4992	47	78
February 24, 2009 11:30:00 AM UTC	1235503800000	2	9	yes	43.7	170.7	20506	20827	9252	6612	0	44179	2799	262	81	5009	57	75
February 24, 2009 11:31:00 AM UTC	1235503860000	1	8	yes	43.8	171.0	20506	20827	9250	6609	0	44184	2796	155	128	5007	71	105
February 24, 2009 11:32:00 AM UTC	1235503920000	1	8	yes	43.8	171.4	20506	20827	9251	6614	0	44178	2796	71	38	5013	30	80
February 24, 2009 11:33:00 AM UTC	1235503980000	1	6	yes	43.8	171.7	20506	20827	9253	6601	0	44189	2803	119	58	5014	27	4
February 24, 2009 11:34:00 AM UTC	1235504040000	1	5	yes	43.9	172.0	20506	20827	9244	6669	0	44130	2763	117	47	5003	27	47
February 24, 2009 11:35:00 AM UTC	1235504100000	1	5	yes	43.9	172.4	20506	20827	9244	6646	0	44153	2765	143	94	5013	36	40
February 24, 2009 11:36:00 AM UTC	1235504160000	1	4	yes	43.9	172.7	20506	20827	9245	6646	0	44152	2767	215	230	5005	15	4
February 24, 2009 11:37:00 AM UTC	1235504220000	1	4	yes	43.9	173.1	20506	20827	9247	6561	0	44235	2809	432	425	5017	30	1
February 24, 2009 11:38:00 AM UTC	1235504280000	1	3	yes	44.0	173.4	20506	20827	9248	6564	0	44231	2802	319	251	5018	39	2
February 24, 2009 11:39:00 AM UTC	1235504340000	1	3	yes	44.0	173.7	20506	20827	9248	6560	0	44235	2811	115	93	5019	11	2
February 24, 2009 11:40:00 AM UTC	1235504400000	1	3	yes	44.0	174.1	20506	20827	9258	6569	0	44216	2814	146	229	5033	20	19
February 24, 2009 11:41:00 AM UTC	1235504460000	2	3	yes	44.0	174.4	20506	20827	9256	6571	0	44216	2817	564	253	5031	32	16
February 24, 2009 11:42:00 AM UTC	1235504520000	2	4	yes	44.1	174.8	20506	20827	9248	6633	0	44162	2773	615	319	5024	36	8
February 24, 2009 11:43:00 AM UTC	1235504580000	1	4	yes	44.1	175.1	20506	20827	9247	6633	0	44163	2783	300	378	5025	14	3
February 24, 2009 11:44:00 AM UTC	1235504640000	1	5	yes	44.1	175.5	20506	20827	9247	6611	0	44185	2781	214	296	5028	25	19
February 24, 2009 11:45:00 AM UTC	1235504700000	1	3	yes	44.1	175.8	20506	20827	9248	6613	0	44182	2788	152	161	5028	34	21
February 24, 2009 11:46:00 AM UTC	1235504760000	1	3	yes	44.1	176.1	20506	20827	9247	6619	0	44177	2784	67	154	5028	12	40
February 24, 2009 11:47:00 AM UTC	1235504820000	1	2	yes	44.1	176.5	20506	20827	9247	6615	0	44181	2788	102	117	5029	23	46
February 24, 2009 11:48:00 AM UTC	1235504880000	1	2	yes	44.1	176.8	20506	20827	9246	6616	0	44181	2786	122	87	5036	27	54
February 24, 2009 11:49:00 AM UTC	1235504940000	1	2	yes	44.2	177.2	20506	20827	9247	6615	0	44181	2783	60	60	5037	13	45
February 24, 2009 11:50:00 AM UTC	1235505000000	1	2	yes	44.2	177.5	20506	20827	9257	6546	0	44240	2826	83	38	5051	26	54
February 24, 2009 11:51:00 AM UTC	1235505060000	1	2	yes	44.2	177.9	20506	20827	9248	6535	0	44260	2819	81	44	5039	19	117
February 24, 2009 11:52:00 AM UTC	1235505120000	1	2	yes	44.2	178.2	20506	20827	9249	6612	0	44182	2794	109	82	5032	38	135
February 24, 2009 11:53:00 AM UTC	1235505180000	1	2	yes	44.2	178.6	20506	20827	9250	6590	0	44203	2791	133	208	5035	27	172
February 24, 2009 11:54:00 AM UTC	1235505240000	1	2	yes	44.2	178.9	20506	20827	9250	6591	0	44202	2792	129	359	5038	59	165
February 24, 2009 11:55:00 AM UTC	1235505300000	1	2	yes	44.2	179.2	20506	20827	9249	6592	0	44202	2787	128	420	5037	98	131
February 24, 2009 11:56:00 AM UTC	1235505360000	1	2	yes	44.2	179.6	20506	20827	9249	6592	0	44202	2789	82	208	5042	74	109
February 24, 2009 11:57:00 AM UTC	1235505420000	1	2	yes	44.2	179.9	20506	20827	9249	6592	0	44202	2789	289	246	5036	39	94
February 24, 2009 11:58:00 AM UTC	1235505480000	1	2	yes	44.2	180.3	20506	20827	9249	6592	0	44202	2790	349	332	5044	26	97
February 24, 2009 11:59:00 AM UTC	1235505540000	1	2	yes	44.2	180.6	20506	20827	9249	6592	0	44202	2787	146	346	5040	39	107
February 24, 2009 12:00:00 PM UTC	1235505600000	1	2	yes	44.2	181.0	20506	20827	9250	6591	0	44202	2794	140	281	5035	71	139
February 24, 2009 12:01:00 PM UTC	1235505660000	1	2	yes	44.2	181.3	20506	20827	9250	6591	0	44202	2792	142	192	5037	88	243
February 24, 2009 12:02:00 PM UTC	1235505720000	1	2	yes	44.2	181.6	20506	20827	9250	6606	0	44187	2786	148	97	5036	161	210
February 24, 2009 12:03:00 PM UTC	1235505780000	1	2	yes	44.2	182.0	20506	20827	9249	6610	0	44184	2789	144	118	5037	214	225
February 24, 2009 12:04:00 PM UTC	1235505840000	1	2	yes	44.2	182.3	20506	20827	9248	6612	0	44183	2779	126	83	5038	136	331
February 24, 2009 12:05:00 PM UTC	1235505900000	1	2	yes	44.2	182.7	20506	20827	9247	6613	0	44183	2793	139	39	5031	123	345
February 24, 2009 12:06:00 PM UTC	1235505960000	1	1	yes	44.2	183.0	20506	20827	9246	6614	0	44183	2783	166	35	5032	128	230
February 24, 2009 12:07:00 PM UTC	1235506020000	1	1	yes	44.1	183.4	20506	20827	9247	6613	0	44183	2787	120	14	5036	102	143
February 24, 2009 12:08:00 PM UTC	1235506080000	1	1	yes	44.1	183.7	20506	20827	9247	6617	0	44179	2781	147	18	5029	107	131
February 24, 2009 12:09:00 PM UTC	1235506140000	1	1	yes	44.1	184.1	20506	20827	9247	6622	0	44174	2786	173	28	5028	104	110
February 24, 2009 12:10:00 PM UTC	1235506200000	1	1	yes	44.1	184.4	20506	20827	9258	6540	0	44245	2813	119	28	5038	82	111
February 24, 2009 12:11:00 PM UTC	1235506260000	1	2	yes	44.1	184.7	20506	20827	9247	6622	0	44174	2786	141	61	5027	69	108
February 24, 2009 12:12:00 PM UTC	1235506320000	1	2	yes	44.1	185.1	20506	20827	9247	6628	0	44168	2775	155	52	5026	71	115
February 24, 2009 12:13:00 PM UTC	1235506380000	1	2	yes	44.0	185.4	20506	20827	9248	6627	0	44168	2782	78	20	5023	32	113
February 24, 2009 12:14:00 PM UTC	1235506440000	1	2	yes	44.0	185.8	20506	20827	9247	6635	0	44161	2774	108	21	5020	33	105
February 24, 2009 12:15:00 PM UTC	1235506500000	1	2	yes	44.0	186.1	20506	20827	9248	6563	0	44232	2800	136	31	5021	41	102
February 24, 2009 12:16:00 PM UTC	1235506560000	1	2	yes	44.0	186.5	20506	20827	9248	6557	0	44238	2812	170	30	5017	54	79
February 24, 2009 12:17:00 PM UTC	1235506620000	1	2	yes	44.0	186.8	20506	20827	9247	6562	0	44234	2807	95	24	5018	26	64
February 24, 2009 12:18:00 PM UTC	1235506680000	1	2	yes	43.9	187.1	20506	20827	9255	6579	0	44209	2813	106	21	5027	30	54
February 24, 2009 12:19:00 PM UTC	1235506740000	1	2	yes	43.9	187.5	20506	20827	9256	6573	0	44214	2811	127	35	5016	43	46
February 24, 2009 12:20:00 PM UTC	1235506800000	1	2	yes	43.9	187.8	20506	20827	9254	6572	0	44217	2806	57	20	5023	15	45
February 24, 2009 12:21:00 PM UTC	1235506860000	1	2	yes	43.9	188.2	20506	20827	9244	6666	0	44133	2767	61	17	5003	17	43
February 24, 2009 12:22:00 PM UTC	1235506920000	1	1	yes	43.8	188.5	20506	20827	9242	6672	0	44129	2759	88	24	5006	30	33
February 24, 2009 12:23:00 PM UTC	1235506980000	1	1	yes	43.8	188.8	20506	20827	9241	6677	0	44125	2760	119	27	4998	40	26
February 24, 2009 12:24:00 PM UTC	1235507040000	0	1	yes	43.8	189.2	20506	20827	9241	6677	0	44125	2760	48	31	4995	11	21
February 24, 2009 12:25:00 PM UTC	1235507100000	1	1	yes	43.7	189.5	20506	20827	9252	6533	0	44258	2823	85	27	5009	23	21
February 24, 2009 12:26:00 PM UTC	1235507160000	1	1	yes	43.7	189.9	20506	20827	9251	6533	0	44259	2826	122	27	5006	34	22
February 24, 2009 12:27:00 PM UTC	1235507220000	0	1	yes	43.7	190.2	20506	20827	9249	6546	0	44248	2815	45	24	4996	12	16
February 24, 2009 12:28:00 PM UTC	1235507280000	1	1	yes	43.6	190.5	20506	20827	9249	6546	0	44248	2813	74	33	4996	19	15
February 24, 2009 12:29:00 PM UTC	1235507340000	1	1	yes	43.6	190.9	20506	20827	9249	6546	0	44248	2814	102	36	4991	34	7
February 24, 2009 12:30:00 PM UTC	1235507400000	1	0	yes	43.6	191.2	20506	20827	9237	6614	0	44192	2779	101	35	4972	29	6
February 24, 2009 12:31:00 PM UTC	1235507460000	0	0	yes	43.5	191.5	20506	20827	9236	6660	0	44147	2767	40	31	4965	7	5
February 24, 2009 12:32:00 PM UTC	1235507520000	1	0	yes	43.5	191.9	20506	20827	9247	6588	0	44208	2807	71	29	4979	13	6
February 24, 2009 12:33:00 PM UTC	1235507580000	1	0	yes	43.4	192.2	20506	20827	9247	6588	0	44208	2801	99	29	4979	22	3
February 24, 2009 12:34:00 PM UTC	1235507640000	0	0	yes	43.4	192.5	20506	20827	9245	6600	0	44198	2795	29	28	4975	3	7
February 24, 2009 12:35:00 PM UTC	1235507700000	0	1	yes	43.4	192.9	20506	20827	9245	6612	0	44186	2786	26	27	4968	7	6
February 24, 2009 12:36:00 PM UTC	1235507760000	1	1	yes	43.3	193.2	20506	20827	9246	6612	0	44185	2787	59	28	4968	18	4
February 24, 2009 12:37:00 PM UTC	1235507820000	1	1	yes	43.3	193.5	20506	20827	9245	6613	0	44185	2793	97	36	4958	28	5
February 24, 2009 12:38:00 PM UTC	1235507880000	0	1	yes	43.2	193.9	20506	20827	9256	6543	0	44244	2830	29	31	4962	4	5
February 24, 2009 12:39:00 PM UTC	1235507940000	0	1	yes	43.2	194.2	20506	20827	9245	6613	0	44185	2790	30	28	4953	6	5
February 24, 2009 12:40:00 PM UTC	1235508000000	1	1	yes	43.1	194.5	20506	20827	9245	6613	0	44185	2789	59	37	4944	16	5
February 24, 2009 12:41:00 PM UTC	1235508060000	1	1	yes	43.1	194.9	20506	20827	9242	6663	0	44138	2773	91	34	4940	23	3
February 24, 2009 12:42:00 PM UTC	1235508120000	0	1	yes	43.0	195.2	20506	20827	9242	6663	0	44138	2770	28	19	4933	3	7
February 24, 2009 12:43:00 PM UTC	1235508180000	0	1	yes	43.0	195.5	20506	20827	9252	6603	0	44188	2803	48	25	4941	12	10
February 24, 2009 12:44:00 PM UTC	1235508240000	1	1	yes	42.9	195.9	20506	20827	9249	6623	0	44171	2778	74	37	4934	17	4
February 24, 2009 12:45:00 PM UTC	1235508300000	1	1	yes	42.9	196.2	20506	20827	9250	6551	0	44242	2825	101	39	4929	27	5
February 24, 2009 12:46:00 PM UTC	1235508360000	0	1	yes	42.8	196.5	20506	20827	9240	6617	0	44186	2779	14	22	4918	0	4
February 24, 2009 12:47:00 PM UTC	1235508420000	0	1	yes	42.7	196.8	20506	20827	9240	6619	0	44184	2784	48	32	4912	11	5
February 24, 2009 12:48:00 PM UTC	1235508480000	1	1	yes	42.7	197.2	20506	20827	9250	6551	0	44242	2820	74	35	4916	16	5
February 24, 2009 12:49:00 PM UTC	1235508540000	0	1	yes	42.6	197.5	20506	20827	9250	6551	0	44242	2826	16	21	4911	2	4
February 24, 2009 12:50:00 PM UTC	1235508600000	0	1	yes	42.6	197.8	20506	20827	9246	6584	0	44213	2802	27	25	4903	6	4
February 24, 2009 12:51:00 PM UTC	1235508660000	1	1	yes	42.5	198.1	20506	20827	9246	6584	0	44213	2806	56	36	4895	13	2
February 24, 2009 12:52:00 PM UTC	1235508720000	1	0	yes	42.4	198.5	20506	20827	9243	6606	0	44194	2789	46	39	4892	14	4
February 24, 2009 12:53:00 PM UTC	1235508780000	0	0	yes	42.4	198.8	20506	20827	9242	6644	0	44157	2773	2	20	4891	0	7
February 24, 2009 12:54:00 PM UTC	1235508840000	0	0	yes	42.3	199.1	20506	20827	9246	6550	0	44247	2825	25	32	4879	3	6
February 24, 2009 12:55:00 PM UTC	1235508900000	1	0	yes	42.2	199.4	20506	20827	9243	6573	0	44227	2806	52	36	4878	11	6
February 24, 2009 12:56:00 PM UTC	1235508960000	1	0	yes	42.2	199.8	20506	20827	9253	6509	0	44281	2842	86	40	4880	19	7
February 24, 2009 12:57:00 PM UTC	1235509020000	0	0	yes	42.1	200.1	20506	20827	9253	6509	0	44281	2846	12	34	4870	1	5
February 24, 2009 12:58:00 PM UTC	1235509080000	0	0	yes	42.0	200.4	20506	20827	9239	6611	0	44193	2785	13	32	4850	1	6
February 24, 2009 12:59:00 PM UTC	1235509140000	0	0	yes	42.0	200.7	20506	20827	9242	6588	0	44213	2795	39	39	4853	6	5
February 24, 2009 1:00:00 PM UTC	1235509200000	1	0	yes	41.9	201.0	20506	20827	9251	6601	0	44191	2804	48	37	4853	13	5
February 24, 2009 1:01:00 PM UTC	1235509260000	0	0	yes	41.8	201.3	20506	20827	9249	6627	0	44167	2791	5	19	4841	0	4
February 24, 2009 1:02:00 PM UTC	1235509320000	0	0	yes	41.7	201.7	20506	20827	9247	6628	0	44168	2798	19	26	4835	3	5
February 24, 2009 1:03:00 PM UTC	1235509380000	0	0	yes	41.7	202.0	20506	20827	9244	6586	0	44213	2809	36	36	4820	8	5
February 24, 2009 1:04:00 PM UTC	1235509440000	0	0	yes	41.6	202.3	20506	20827	9244	6586	0	44213	2809	34	36	4819	10	5
February 24, 2009 1:05:00 PM UTC	1235509500000	0	0	yes	41.5	202.6	20506	20827	9250	6558	0	44235	2820	4	14	4815	0	6
February 24, 2009 1:06:00 PM UTC	1235509560000	0	0	yes	41.4	202.9	20506	20827	9246	6602	0	44195	2804	12	23	4802	2	7
February 24, 2009 1:07:00 PM UTC	1235509620000	0	0	yes	41.4	203.2	20506	20827	9255	6582	0	44206	2816	28	33	4803	5	6
February 24, 2009 1:08:00 PM UTC	1235509680000	0	0	yes	41.3	203.5	20506	20827	9241	6674	0	44128	2769	30	28	4786	6	6
February 24, 2009 1:09:00 PM UTC	1235509740000	0	0	yes	41.2	203.9	20506	20827	9245	6644	0	44154	2782	0	14	4783	0	7
February 24, 2009 1:10:00 PM UTC	1235509800000	0	0	yes	41.1	204.2	20506	20827	9245	6646	0	44152	2784	7	24	4775	1	6
February 24, 2009 1:11:00 PM UTC	1235509860000	0	0	yes	41.0	204.5	20506	20827	9250	6612	0	44181	2802	23	35	4775	4	8
February 24, 2009 1:12:00 PM UTC	1235509920000	0	0	yes	41.0	204.8	20506	20827	9252	6545	0	44246	2826	45	44	4770	10	7
February 24, 2009 1:13:00 PM UTC	1235509980000	0	0	yes	40.9	205.1	20506	20827	9237	6638	0	44168	2780	0	6	4750	0	4
February 24, 2009 1:14:00 PM UTC	1235510040000	0	0	yes	40.8	205.4	20506	20827	9252	6568	0	44223	2813	5	22	4762	3	8
February 24, 2009 1:15:00 PM UTC	1235510100000	0	0	yes	40.7	205.7	20506	20827	9248	6598	0	44197	2810	16	24	4742	0	8
February 24, 2009 1:16:00 PM UTC	1235510160000	0	0	yes	40.6	206.0	20506	20827	9248	6598	0	44197	2800	34	34	4738	12	8
February 24, 2009 1:17:00 PM UTC	1235510220000	0	0	yes	40.5	206.3	20506	20827	9248	6598	0	44197	2806	0	1	4727	0	5
February 24, 2009 1:18:00 PM UTC	1235510280000	0	0	yes	40.4	206.6	20506	20827	9248	6598	0	44197	2804	9	11	4718	0	10
February 24, 2009 1:19:00 PM UTC	1235510340000	0	0	yes	40.3	206.9	20506	20827	9249	6597	0	44197	2804	18	28	4713	3	9
February 24, 2009 1:20:00 PM UTC	1235510400000	0	0	yes	40.3	207.2	20506	20827	9252	6566	0	44225	2824	34	37	4705	9	10
February 24, 2009 1:21:00 PM UTC	1235510460000	0	0	yes	40.2	207.5	20506	20827	9245	6561	0	44237	2808	0	2	4693	0	2
February 24, 2009 1:22:00 PM UTC	1235510520000	0	0	yes	40.1	207.8	20506	20827	9245	6563	0	44235	2814	5	16	4681	0	10
February 24, 2009 1:23:00 PM UTC	1235510580000	0	0	yes	40.0	208.1	20506	20827	9251	6576	0	44216	2824	10	25	4683	0	9
February 24, 2009 1:24:00 PM UTC	1235510640000	0	0	yes	39.9	208.4	20506	20827	9251	6574	0	44218	2827	20	35	4670	4	9
February 24, 2009 1:25:00 PM UTC	1235510700000	0	0	yes	39.8	208.7	20506	20827	9247	6610	0	44186	2807	20	34	4660	2	8
February 24, 2009 1:26:00 PM UTC	1235510760000	0	0	yes	39.7	209.0	20506	20827	9253	6576	0	44214	2821	2	7	4660	0	8
February 24, 2009 1:27:00 PM UTC	1235510820000	0	0	yes	39.6	209.3	20506	20827	9247	6611	0	44185	2809	12	19	4647	1	8
February 24, 2009 1:32:00 PM UTC	1235511120000	0	0	yes	39.1	210.8	20506	20827	9243	6612	0	44188	2803	5	14	4595	0	8
February 24, 2009 1:33:00 PM UTC	1235511180000	0	0	yes	39.0	211.0	20506	20827	9252	6552	0	44239	2828	15	40	4597	0	8
February 24, 2009 1:34:00 PM UTC	1235511240000	0	0	yes	38.9	211.3	20506	20827	9252	6553	0	44238	2834	43	42	4587	5	9
February 24, 2009 1:35:00 PM UTC	1235511300000	0	0	yes	38.8	211.6	20506	20827	9243	6612	0	44188	2794	0	2	4575	0	2
February 24, 2009 1:36:00 PM UTC	1235511360000	0	0	yes	38.7	211.9	20506	20827	9252	6553	0	44238	2835	6	20	4565	4	5
February 24, 2009 1:37:00 PM UTC	1235511420000	0	0	yes	38.6	212.2	20506	20827	9251	6553	0	44239	2831	11	31	4557	5	7
February 24, 2009 1:38:00 PM UTC	1235511480000	0	0	yes	38.5	212.5	20506	20827	9255	6534	0	44254	2839	28	37	4548	9	6
February 24, 2009 1:39:00 PM UTC	1235511540000	0	0	yes	38.4	212.8	20506	20827	9245	6611	0	44187	2798	0	1	4536	0	9
February 24, 2009 1:40:00 PM UTC	1235511600000	0	0	yes	38.2	213.0	20506	20827	9255	6503	0	44285	2853	1	13	4530	4	15
February 24, 2009 1:41:00 PM UTC	1235511660000	0	0	yes	38.1	213.3	20506	20827	9255	6503	0	44285	2861	12	23	4517	7	30
February 24, 2009 1:42:00 PM UTC	1235511720000	0	0	yes	38.0	213.6	20506	20827	9240	6606	0	44197	2797	10	26	4504	0	58
February 24, 2009 1:43:00 PM UTC	1235511780000	0	0	yes	37.9	213.9	20506	20827	9255	6549	0	44239	2844	30	38	4496	6	53
February 24, 2009 1:44:00 PM UTC	1235511840000	0	0	yes	37.8	214.2	20506	20827	9247	6596	0	44200	2822	0	13	4489	1	62
February 24, 2009 1:45:00 PM UTC	1235511900000	0	0	yes	37.7	214.4	20506	20827	9247	6596	0	44200	2808	0	17	4480	1	91
February 24, 2009 1:46:00 PM UTC	1235511960000	0	0	yes	37.6	214.7	20506	20827	9247	6596	0	44200	2817	10	39	4469	8	69
February 24, 2009 1:47:00 PM UTC	1235512020000	0	0	yes	37.5	215.0	20506	20827	9247	6596	0	44200	2814	18	61	4444	0	42
February 24, 2009 1:48:00 PM UTC	1235512080000	0	0	yes	37.3	215.3	20506	20827	9240	6638	0	44165	2798	23	60	4449	7	58
February 24, 2009 1:49:00 PM UTC	1235512140000	0	1	yes	37.2	215.5	20506	20827	9256	6519	0	44268	2868	9	34	4442	13	157
February 24, 2009 1:50:00 PM UTC	1235512200000	1	1	yes	37.1	215.8	20506	20827	9247	6590	0	44206	2821	6	128	4434	52	216
February 24, 2009 1:51:00 PM UTC	1235512260000	1	1	yes	37.0	216.1	20506	20827	9250	6561	0	44232	2838	50	240	4421	135	216
February 24, 2009 1:52:00 PM UTC	1235512320000	1	1	yes	36.9	216.4	20506	20827	9254	6520	0	44269	2858	95	259	4419	207	181
February 24, 2009 1:53:00 PM UTC	1235512380000	1	1	yes	36.8	216.6	20506	20827	9249	6562	0	44232	2835	56	55	4406	235	221
February 24, 2009 1:54:00 PM UTC	1235512440000	1	1	yes	36.6	216.9	20506	20827	9250	6562	0	44231	2836	74	109	4396	271	193
February 24, 2009 1:55:00 PM UTC	1235512500000	1	1	yes	36.5	217.2	20506	20827	9258	6507	0	44278	2870	185	216	4388	308	205
February 24, 2009 1:56:00 PM UTC	1235512560000	2	1	yes	36.4	217.4	20506	20827	9250	6562	0	44231	2841	304	290	4366	324	234
February 24, 2009 1:57:00 PM UTC	1235512620000	2	2	yes	36.3	217.7	20506	20827	9253	6540	0	44250	2852	467	379	4362	310	314
February 24, 2009 1:58:00 PM UTC	1235512680000	2	2	yes	36.2	218.0	20506	20827	9251	6542	0	44250	2842	570	456	4350	284	424
February 24, 2009 1:59:00 PM UTC	1235512740000	3	3	yes	36.0	218.2	20506	20827	9253	6532	0	44258	2855	803	469	4336	230	644
February 24, 2009 2:00:00 PM UTC	1235512800000	3	3	yes	35.9	218.5	20506	20827	9253	6532	0	44258	2844	1089	533	4333	250	829
February 24, 2009 2:01:00 PM UTC	1235512860000	4	3	yes	35.8	218.7	20506	20827	9254	6532	0	44257	2859	1301	531	4312	388	805
February 24, 2009 2:02:00 PM UTC	1235512920000	4	4	yes	35.7	219.0	20506	20827	9254	6532	0	44257	2854	1380	627	4306	376	1010
February 24, 2009 2:03:00 PM UTC	1235512980000	4	4	yes	35.5	219.3	20506	20827	9247	6577	0	44219	2833	1261	694	4288	526	713
February 24, 2009 2:04:00 PM UTC	1235513040000	5	3	yes	35.4	219.5	20506	20827	9253	6532	0	44258	2855	1184	645	4283	749	763
February 24, 2009 2:05:00 PM UTC	1235513100000	5	4	yes	35.3	219.8	20506	20827	9245	6581	0	44217	2829	1016	650	4269	836	914
February 24, 2009 2:06:00 PM UTC	1235513160000	4	4	yes	35.1	220.0	20506	20827	9245	6584	0	44214	2817	793	751	4261	769	1121
February 24, 2009 2:07:00 PM UTC	1235513220000	3	5	yes	35.0	220.3	20506	20827	9252	6568	0	44223	2846	673	836	4251	621	1267
February 24, 2009 2:08:00 PM UTC	1235513280000	4	4	yes	34.9	220.6	20506	20827	9244	6562	0	44237	2824	695	783	4246	754	985
February 24, 2009 2:09:00 PM UTC	1235513340000	3	5	yes	34.8	220.8	20506	20827	9246	6557	0	44240	2838	640	786	4233	714	1243
February 24, 2009 2:10:00 PM UTC	1235513400000	3	5	yes	34.6	221.1	20506	20827	9253	6510	0	44280	2862	552	682	4222	592	1442
February 24, 2009 2:11:00 PM UTC	1235513460000	3	6	yes	34.5	221.3	20506	20827	9246	6561	0	44236	2836	463	949	4211	662	1408
February 24, 2009 2:12:00 PM UTC	1235513520000	4	6	yes	34.4	221.6	20506	20827	9253	6510	0	44280	2867	644	1140	4197	854	1268
February 24, 2009 2:13:00 PM UTC	1235513580000	6	5	yes	34.2	221.8	20506	20827	9244	6619	0	44180	2816	942	957	4191	1187	937
February 24, 2009 2:14:00 PM UTC	1235513640000	7	7	yes	34.1	222.1	20506	20827	9251	6568	0	44224	2855	1085	1042	4177	1459	810
February 24, 2009 2:15:00 PM UTC	1235513700000	8	8	yes	34.0	222.3	20506	20827	9253	6570	0	44220	2857	1162	948	4159	1579	961
February 24, 2009 2:16:00 PM UTC	1235513760000	9	10	yes	33.8	222.6	20506	20827	9253	6568	0	44222	2854	1174	1126	4153	1521	1022
February 24, 2009 2:17:00 PM UTC	1235513820000	9	12	yes	33.7	222.8	20506	20827	9253	6559	0	44231	2859	884	1036	4137	1458	1005
February 24, 2009 2:18:00 PM UTC	1235513880000	9	12	yes	33.5	223.1	20506	20827	9253	6559	0	44231	2854	735	433	4128	1448	899
February 24, 2009 2:19:00 PM UTC	1235513940000	10	13	yes	33.4	223.3	20506	20827	9253	6559	0	44231	2858	689	435	4117	1309	1025
February 24, 2009 2:20:00 PM UTC	1235514000000	10	16	yes	33.3	223.6	20506	20827	9245	6609	0	44189	2832	695	372	4105	1175	1074
February 24, 2009 2:21:00 PM UTC	1235514060000	10	20	yes	33.1	223.8	20506	20827	9253	6507	0	44283	2870	896	626	4098	1190	828
February 24, 2009 2:22:00 PM UTC	1235514120000	11	22	yes	33.0	224.0	20506	20827	9246	6605	0	44192	2828	1168	727	4088	1203	697
February 24, 2009 2:23:00 PM UTC	1235514180000	12	22	yes	32.9	224.3	20506	20827	9245	6609	0	44189	2823	1591	944	4076	1286	612
February 24, 2009 2:24:00 PM UTC	1235514240000	15	20	yes	32.7	224.5	20506	20827	9253	6560	0	44230	2851	2121	538	4069	1546	699
February 24, 2009 2:25:00 PM UTC	1235514300000	16	21	yes	32.6	224.8	20506	20827	9244	6609	0	44190	2827	2230	478	4054	1722	830
February 24, 2009 2:26:00 PM UTC	1235514360000	16	21	yes	32.4	225.0	20506	20827	9252	6560	0	44231	2855	2188	540	4050	1782	977
February 24, 2009 2:27:00 PM UTC	1235514420000	18	22	yes	32.3	225.3	20506	20827	9252	6548	0	44243	2853	2242	492	4034	1832	1244
February 24, 2009 2:28:00 PM UTC	1235514480000	18	24	yes	32.2	225.5	20506	20827	9244	6600	0	44199	2821	2249	505	4025	1812	1312
February 24, 2009 2:29:00 PM UTC	1235514540000	18	28	yes	32.0	225.7	20506	20827	9251	6549	0	44243	2842	2348	392	4018	1464	1697
February 24, 2009 2:30:00 PM UTC	1235514600000	18	30	yes	31.9	226.0	20506	20827	9244	6600	0	44199	2819	2333	356	4010	1390	1735
February 24, 2009 2:31:00 PM UTC	1235514660000	18	32	yes	31.7	226.2	20506	20827	9244	6600	0	44199	2812	2204	469	4002	1289	1798
February 24, 2009 2:32:00 PM UTC	1235514720000	18	35	yes	31.6	226.4	20506	20827	9251	6553	0	44239	2844	2049	549	3993	1265	1647
February 24, 2009 2:33:00 PM UTC	1235514780000	17	37	yes	31.4	226.7	20506	20827	9244	6600	0	44199	2811	1776	606	3984	1167	1682
February 24, 2009 2:34:00 PM UTC	1235514840000	15	40	yes	31.3	226.9	20506	20827	9251	6553	0	44239	2829	1347	869	3984	1120	1718
February 24, 2009 2:35:00 PM UTC	1235514900000	15	41	yes	31.1	227.1	20506	20827	9251	6553	0	44239	2830	1391	702	3974	1048	1757
February 24, 2009 2:36:00 PM UTC	1235514960000	15	41	yes	31.0	227.4	20506	20827	9243	6552	0	44248	2807	1352	677	3968	966	1280
February 24, 2009 2:37:00 PM UTC	1235515020000	16	38	yes	30.8	227.6	20506	20827	9251	6499	0	44293	2836	1598	622	3958	798	1099
February 24, 2009 2:38:00 PM UTC	1235515080000	18	37	yes	30.7	227.8	20506	20827	9250	6506	0	44287	2825	1840	649	3950	728	1146
February 24, 2009 2:39:00 PM UTC	1235515140000	19	35	yes	30.5	228.1	20506	20827	9243	6552	0	44248	2792	1974	628	3940	691	1163
February 24, 2009 2:40:00 PM UTC	1235515200000	20	34	yes	30.4	228.3	20506	20827	9243	6554	0	44246	2786	2154	422	3935	875	1041
February 24, 2009 2:41:00 PM UTC	1235515260000	20	36	yes	30.2	228.5	20506	20827	9250	6507	0	44286	2814	1971	453	3929	1140	767
February 24, 2009 2:42:00 PM UTC	1235515320000	17	40	yes	30.1	228.7	20506	20827	9251	6499	0	44293	2809	1698	573	3923	1279	789
February 24, 2009 2:43:00 PM UTC	1235515380000	15	43	yes	29.9	229.0	20506	20827	9249	6508	0	44286	2807	1568	449	3912	1178	948
February 24, 2009 2:44:00 PM UTC	1235515440000	13	45	yes	29.8	229.2	20506	20827	9249	6508	0	44286	2792	1455	438	3910	1261	940
February 24, 2009 2:45:00 PM UTC	1235515500000	12	45	yes	29.6	229.4	20506	20827	9249	6508	0	44286	2790	1408	341	3905	1237	970
February 24, 2009 2:46:00 PM UTC	1235515560000	12	43	yes	29.5	229.6	20506	20827	9249	6508	0	44286	2785	1436	210	3897	1353	855
February 24, 2009 2:47:00 PM UTC	1235515620000	12	41	yes	29.3	229.9	20506	20827	9246	6518	0	44279	2773	1417	198	3895	1676	555
February 24, 2009 2:48:00 PM UTC	1235515680000	12	39	yes	29.2	230.1	20506	20827	9249	6464	0	44330	2783	1340	315	3887	1901	325
February 24, 2009 2:49:00 PM UTC	1235515740000	14	36	yes	29.0	230.3	20506	20827	9241	6521	0	44281	2746	1328	375	3880	1902	420
February 24, 2009 2:50:00 PM UTC	1235515800000	13	35	yes	28.9	230.5	20506	20827	9256	6466	0	44321	2790	1404	368	3872	1512	922
February 24, 2009 2:51:00 PM UTC	1235515860000	14	32	yes	28.7	230.7	20506	20827	9241	6564	0	44238	2725	1438	399	3871	1766	740
February 24, 2009 2:52:00 PM UTC	1235515920000	14	32	yes	28.6	231.0	20506	20827	9247	6525	0	44271	2748	1444	540	3859	2065	561
February 24, 2009 2:53:00 PM UTC	1235515980000	16	29	yes	28.4	231.2	20506	20827	9247	6525	0	44271	2728	1459	561	3866	2226	463
February 24, 2009 2:54:00 PM UTC	1235516040000	16	29	yes	28.3	231.4	20506	20827	9247	6525	0	44271	2732	1522	480	3855	2122	597
February 24, 2009 2:55:00 PM UTC	1235516100000	15	30	yes	28.1	231.6	20506	20827	9239	6580	0	44224	2690	1519	456	3851	2028	696
February 24, 2009 2:56:00 PM UTC	1235516160000	13	32	yes	27.9	231.8	20506	20827	9248	6524	0	44271	2716	1476	399	3851	1927	575
February 24, 2009 2:57:00 PM UTC	1235516220000	12	33	yes	27.8	232.0	20506	20827	9245	6554	0	44244	2689	1250	410	3853	1987	409
February 24, 2009 2:58:00 PM UTC	1235516280000	11	32	yes	27.6	232.3	20506	20827	9247	6524	0	44272	2692	1085	360	3850	1892	419
February 24, 2009 2:59:00 PM UTC	1235516340000	10	31	yes	27.5	232.5	20506	20827	9247	6500	0	44296	2688	934	275	3845	1793	401
February 24, 2009 3:00:00 PM UTC	1235516400000	9	31	yes	27.3	232.7	20506	20827	9247	6500	0	44296	2689	919	205	3838	1575	597
February 24, 2009 3:01:00 PM UTC	1235516460000	8	30	yes	27.1	232.9	20506	20827	9255	6442	0	44346	2708	883	218	3834	1591	630
February 24, 2009 3:02:00 PM UTC	1235516520000	8	29	yes	27.0	233.1	20506	20827	9245	6556	0	44242	2654	844	279	3836	1673	595
February 24, 2009 3:03:00 PM UTC	1235516580000	7	27	yes	26.8	233.3	20506	20827	9254	6498	0	44291	2675	785	287	3833	1664	638
February 24, 2009 3:04:00 PM UTC	1235516640000	8	24	yes	26.7	233.5	20506	20827	9252	6514	0	44277	2664	768	183	3822	1776	540
February 24, 2009 3:05:00 PM UTC	1235516700000	8	23	yes	26.5	233.7	20506	20827	9246	6556	0	44241	2634	728	257	3820	1846	503
February 24, 2009 3:06:00 PM UTC	1235516760000	9	21	yes	26.3	233.9	20506	20827	9245	6556	0	44242	2616	707	304	3828	1854	501
February 24, 2009 3:07:00 PM UTC	1235516820000	9	19	yes	26.2	234.1	20506	20827	9251	6517	0	44275	2633	666	389	3821	1738	478
February 24, 2009 3:08:00 PM UTC	1235516880000	10	18	yes	26.0	234.4	20506	20827	9243	6573	0	44227	2589	531	447	3831	1499	608
February 24, 2009 3:09:00 PM UTC	1235516940000	9	18	yes	25.9	234.6	20506	20827	9245	6555	0	44243	2599	373	664	3801	1355	619
February 24, 2009 3:10:00 PM UTC	1235517000000	10	16	yes	25.7	234.8	20506	20827	9242	6541	0	44260	2584	424	491	3818	1254	528
February 24, 2009 3:11:00 PM UTC	1235517060000	10	15	yes	25.5	235.0	20506	20827	9251	6482	0	44310	2608	482	451	3832	1197	507
February 24, 2009 3:12:00 PM UTC	1235517120000	11	14	yes	25.4	235.2	20506	20827	9252	6480	0	44311	2594	559	376	3808	1183	519
February 24, 2009 3:13:00 PM UTC	1235517180000	11	14	yes	25.2	235.4	20506	20827	9246	6480	0	44317	2564	566	439	3820	1305	497
February 24, 2009 3:14:00 PM UTC	1235517240000	12	13	yes	25.0	235.6	20506	20827	9252	6475	0	44316	2571	636	453	3802	1380	667
February 24, 2009 3:15:00 PM UTC	1235517300000	12	13	yes	24.9	235.8	20506	20827	9248	6496	0	44299	2554	788	419	3812	1510	603
February 24, 2009 3:16:00 PM UTC	1235517360000	13	13	yes	24.7	236.0	20506	20827	9248	6496	0	44299	2540	892	591	3815	1685	668
February 24, 2009 3:17:00 PM UTC	1235517420000	13	13	yes	24.5	236.2	20506	20827	9243	6533	0	44267	2510	998	480	3808	1986	756
February 24, 2009 3:18:00 PM UTC	1235517480000	14	13	yes	24.4	236.4	20506	20827	9248	6496	0	44299	2521	1096	501	3816	2323	765
February 24, 2009 3:19:00 PM UTC	1235517540000	18	13	yes	24.2	236.6	20506	20827	9248	6496	0	44299	2510	1253	594	3812	2864	667
February 24, 2009 3:20:00 PM UTC	1235517600000	17	14	yes	24.0	236.8	20506	20827	9248	6496	0	44299	2501	1240	768	3813	2665	1020
February 24, 2009 3:21:00 PM UTC	1235517660000	17	15	yes	23.9	237.0	20506	20827	9244	6526	0	44273	2472	1293	775	3813	2615	880
February 24, 2009 3:22:00 PM UTC	1235517720000	17	15	yes	23.7	237.2	20506	20827	9249	6468	0	44326	2490	1608	473	3813	2466	742
February 24, 2009 3:23:00 PM UTC	1235517780000	18	14	yes	23.5	237.4	20506	20827	9241	6531	0	44271	2435	1706	368	3816	2647	595
February 24, 2009 3:24:00 PM UTC	1235517840000	20	14	yes	23.4	237.6	20506	20827	9256	6431	0	44356	2483	1882	393	3815	2686	695
February 24, 2009 3:25:00 PM UTC	1235517900000	21	15	yes	23.2	237.8	20506	20827	9256	6431	1	44355	2467	1984	386	3818	2770	747
February 24, 2009 3:26:00 PM UTC	1235517960000	20	17	yes	23.0	238.0	20506	20827	9242	6525	2	44274	2409	1788	371	3821	2695	707
February 24, 2009 3:27:00 PM UTC	1235518020000	23	18	yes	22.8	238.2	20506	20827	9257	6429	15	44342	2443	1797	399	3825	2784	702
February 24, 2009 3:28:00 PM UTC	1235518080000	21	20	yes	22.7	238.3	20506	20827	9247	6548	15	44233	2396	1649	376	3822	2744	502
February 24, 2009 3:29:00 PM UTC	1235518140000	18	22	yes	22.5	238.5	20506	20827	9247	6548	25	44223	2383	1478	296	3826	2568	357
February 24, 2009 3:30:00 PM UTC	1235518200000	19	22	yes	22.3	238.7	20506	20827	9252	6513	39	44239	2387	1418	299	3828	2380	441
February 24, 2009 3:31:00 PM UTC	1235518260000	18	24	yes	22.2	238.9	20506	20827	9247	6548	44	44204	2360	1401	295	3831	2218	464
February 24, 2009 3:32:00 PM UTC	1235518320000	18	26	yes	22.0	239.1	20506	20827	9247	6548	57	44191	2342	1503	220	3836	2150	353
February 24, 2009 3:33:00 PM UTC	1235518380000	18	26	yes	21.8	239.3	20506	20827	9251	6522	73	44197	2348	1468	210	3835	2065	274
February 24, 2009 3:34:00 PM UTC	1235518440000	18	27	yes	21.6	239.5	20506	20827	9251	6522	85	44185	2331	1482	218	3844	2045	140
February 24, 2009 3:35:00 PM UTC	1235518500000	18	25	yes	21.5	239.7	20506	20827	9252	6492	96	44203	2331	1473	198	3845	2058	143
February 24, 2009 3:36:00 PM UTC	1235518560000	17	27	yes	21.3	239.9	20506	20827	9247	6526	104	44166	2304	1467	179	3846	2069	214
February 24, 2009 3:37:00 PM UTC	1235518620000	16	28	yes	21.1	240.1	20506	20827	9243	6555	114	44131	2282	1447	219	3847	2069	315
February 24, 2009 3:38:00 PM UTC	1235518680000	16	29	yes	21.0	240.2	20506	20827	9252	6492	131	44168	2291	1549	220	3854	2119	373
February 24, 2009 3:39:00 PM UTC	1235518740000	17	30	yes	20.8	240.4	20506	20827	9242	6554	128	44119	2258	1511	190	3855	2114	369
February 24, 2009 3:40:00 PM UTC	1235518800000	19	26	yes	20.6	240.6	20506	20827	9257	6454	151	44181	2290	1435	220	3862	2091	270
February 24, 2009 3:41:00 PM UTC	1235518860000	17	24	yes	20.4	240.8	20506	20827	9248	6517	151	44127	2250	1370	212	3861	2044	287
February 24, 2009 3:42:00 PM UTC	1235518920000	17	22	yes	20.3	241.0	20506	20827	9241	6615	152	44035	2200	1426	125	3872	1945	240
February 24, 2009 3:43:00 PM UTC	1235518980000	18	21	yes	20.1	241.2	20506	20827	9255	6465	179	44144	2240	1509	106	3876	1937	107
February 24, 2009 3:44:00 PM UTC	1235519040000	20	21	yes	19.9	241.4	20506	20827	9247	6527	174	44095	2208	1563	155	3871	1907	146
February 24, 2009 3:45:00 PM UTC	1235519100000	19	24	yes	19.7	241.5	20506	20827	9247	6527	183	44086	2187	1657	179	3884	2046	207
February 24, 2009 3:46:00 PM UTC	1235519160000	20	24	yes	19.6	241.7	20506	20827	9247	6527	193	44076	2176	1778	154	3888	2179	200
February 24, 2009 3:47:00 PM UTC	1235519220000	22	23	yes	19.4	241.9	20506	20827	9247	6509	201	44086	2164	1847	63	3895	2225	184
February 24, 2009 3:48:00 PM UTC	1235519280000	22	24	yes	19.2	242.1	20506	20827	9247	6510	208	44078	2148	1835	62	3900	2169	228
February 24, 2009 3:49:00 PM UTC	1235519340000	22	23	yes	19.0	242.3	20506	20827	9247	6510	217	44069	2125	1806	63	3915	2072	254
February 24, 2009 3:50:00 PM UTC	1235519400000	22	23	yes	18.8	242.5	20506	20827	9253	6478	231	44081	2141	1774	80	3903	2033	165
February 24, 2009 3:51:00 PM UTC	1235519460000	22	24	yes	18.7	242.6	20506	20827	9252	6476	239	44076	2129	1708	102	3913	2020	166
February 24, 2009 3:52:00 PM UTC	1235519520000	22	25	yes	18.5	242.8	20506	20827	9252	6476	247	44068	2116	1737	63	3924	2073	153
February 24, 2009 3:53:00 PM UTC	1235519580000	23	25	yes	18.3	243.0	20506	20827	9236	6571	238	43998	2050	1691	60	3933	2065	184
February 24, 2009 3:54:00 PM UTC	1235519640000	24	27	yes	18.1	243.2	20506	20827	9252	6476	271	44044	2081	1747	29	3939	2123	107
February 24, 2009 3:55:00 PM UTC	1235519700000	24	26	yes	17.9	243.4	20506	20827	9241	6540	270	43992	2042	1765	5	3946	2184	143
February 24, 2009 3:56:00 PM UTC	1235519760000	26	25	yes	17.8	243.5	20506	20827	9252	6475	283	44033	2053	1768	2	3956	2273	82
February 24, 2009 3:57:00 PM UTC	1235519820000	27	24	yes	17.6	243.7	20506	20827	9252	6475	291	44025	2045	1752	2	3958	2493	68
February 24, 2009 3:58:00 PM UTC	1235519880000	29	23	yes	17.4	243.9	20506	20827	9245	6573	286	43939	2001	1715	0	3974	2616	134
February 24, 2009 3:59:00 PM UTC	1235519940000	29	25	yes	17.2	244.1	20506	20827	9255	6510	302	43976	2019	1716	1	3976	2676	183
February 24, 2009 4:00:00 PM UTC	1235520000000	31	25	yes	17.0	244.2	20506	20827	9241	6604	287	43911	1959	1672	0	3987	2838	205
February 24, 2009 4:01:00 PM UTC	1235520060000	34	26	yes	16.9	244.4	20506	20827	9242	6592	293	43916	1953	1660	0	3990	3020	301
February 24, 2009 4:02:00 PM UTC	1235520120000	36	28	yes	16.7	244.6	20506	20827	9246	6561	305	43931	1952	1646	1	3997	3180	411
February 24, 2009 4:03:00 PM UTC	1235520180000	36	31	yes	16.5	244.8	20506	20827	9246	6561	310	43926	1934	1624	0	4013	3248	468
February 24, 2009 4:04:00 PM UTC	1235520240000	39	31	yes	16.3	244.9	20506	20827	9257	6495	329	43962	1953	1623	1	4015	3256	485
February 24, 2009 4:05:00 PM UTC	1235520300000	41	31	yes	16.1	245.1	20506	20827	9246	6561	321	43915	1909	1588	0	4026	3453	325
February 24, 2009 4:06:00 PM UTC	1235520360000	44	32	yes	16.0	245.3	20506	20827	9249	6532	330	43932	1912	1568	14	4032	3602	173
February 24, 2009 4:07:00 PM UTC	1235520420000	46	32	yes	15.8	245.5	20506	20827	9246	6561	332	43904	1876	1528	16	4048	3690	123
February 24, 2009 4:08:00 PM UTC	1235520480000	47	34	yes	15.6	245.6	20506	20827	9246	6561	339	43897	1866	1524	3	4055	3699	109
February 24, 2009 4:09:00 PM UTC	1235520540000	48	35	yes	15.4	245.8	20506	20827	9235	6626	332	43850	1820	1485	3	4067	3714	81
February 24, 2009 4:10:00 PM UTC	1235520600000	48	37	yes	15.2	246.0	20506	20827	9251	6483	355	43954	1846	1477	14	4082	3692	65
February 24, 2009 4:11:00 PM UTC	1235520660000	46	40	no	15.0	246.2	20506	20827	9251	6483	362	43947	1836	1468	6	4087	3723	39
February 24, 2009 4:12:00 PM UTC	1235520720000	46	41	no	14.9	246.3	20506	20827	9251	6482	363	43947	1818	1455	0	4102	3784	36
February 24, 2009 4:13:00 PM UTC	1235520780000	50	39	no	14.7	246.5	20506	20827	9251	6482	369	43941	1806	1433	4	4111	3850	43
February 24, 2009 4:14:00 PM UTC	1235520840000	51	38	no	14.5	246.7	20506	20827	9245	6584	367	43847	1767	1399	1	4123	3865	24
February 24, 2009 4:15:00 PM UTC	1235520900000	53	38	no	14.3	246.8	20506	20827	9251	6536	379	43877	1776	1395	2	4128	3842	33
February 24, 2009 4:16:00 PM UTC	1235520960000	51	40	yes	14.1	247.0	20506	20827	9251	6536	374	43882	1755	1364	12	4147	3861	19
February 24, 2009 4:17:00 PM UTC	1235521020000	52	40	yes	13.9	247.2	20506	20827	9240	6602	371	43830	1720	1332	14	4154	3868	14
February 24, 2009 4:18:00 PM UTC	1235521080000	52	40	yes	13.8	247.3	20506	20827	9251	6523	385	43884	1732	1347	0	4169	3903	6
February 24, 2009 4:19:00 PM UTC	1235521140000	53	40	yes	13.6	247.5	20506	20827	9245	6575	388	43835	1692	1303	1	4188	3919	13
February 24, 2009 4:20:00 PM UTC	1235521200000	52	41	yes	13.4	247.7	20506	20827	9256	6509	399	43879	1708	1306	3	4194	3947	18
February 24, 2009 4:21:00 PM UTC	1235521260000	49	44	yes	13.2	247.8	20506	20827	9245	6575	394	43829	1664	1266	4	4213	4014	3
February 24, 2009 4:22:00 PM UTC	1235521320000	48	46	yes	13.0	248.0	20506	20827	9245	6575	398	43825	1647	1249	0	4229	4089	3
February 24, 2009 4:23:00 PM UTC	1235521380000	49	45	yes	12.8	248.2	20506	20827	9258	6483	414	43888	1661	1244	3	4250	4130	1
February 24, 2009 4:24:00 PM UTC	1235521440000	50	44	yes	12.6	248.3	20506	20827	9243	6576	404	43820	1618	1214	0	4260	4147	0
February 24, 2009 4:25:00 PM UTC	1235521500000	50	44	yes	12.5	248.5	20506	20827	9243	6576	408	43816	1604	1194	2	4277	4160	2
February 24, 2009 4:26:00 PM UTC	1235521560000	52	42	yes	12.3	248.7	20506	20827	9243	6575	409	43816	1585	1166	10	4288	4184	0
February 24, 2009 4:27:00 PM UTC	1235521620000	51	43	yes	12.1	248.8	20506	20827	9243	6575	414	43811	1573	1159	0	4303	4216	2
February 24, 2009 4:28:00 PM UTC	1235521680000	53	41	yes	11.9	249.0	20506	20827	9246	6557	418	43822	1563	1140	5	4321	4250	0
February 24, 2009 4:29:00 PM UTC	1235521740000	50	45	yes	11.7	249.2	20506	20827	9248	6542	422	43831	1554	1125	5	4334	4275	1
February 24, 2009 4:30:00 PM UTC	1235521800000	48	47	yes	11.5	249.3	20506	20827	9248	6542	425	43828	1534	1099	10	4354	4309	3
February 24, 2009 4:31:00 PM UTC	1235521860000	49	47	yes	11.3	249.5	20506	20827	9248	6542	429	43824	1521	1086	6	4367	4324	2
February 24, 2009 4:32:00 PM UTC	1235521920000	51	45	yes	11.1	249.7	20506	20827	9247	6608	428	43760	1504	1072	4	4375	4342	1
February 24, 2009 4:33:00 PM UTC	1235521980000	52	45	yes	11.0	249.8	20506	20827	9250	6588	431	43774	1493	1061	1	4394	4358	0
February 24, 2009 4:34:00 PM UTC	1235522040000	49	47	yes	10.8	250.0	20506	20827	9248	6612	424	43759	1470	1045	1	4406	4224	143
February 24, 2009 4:35:00 PM UTC	1235522100000	51	46	yes	10.6	250.1	20506	20827	9248	6612	429	43754	1448	1018	1	4431	4074	310
February 24, 2009 4:36:00 PM UTC	1235522160000	50	47	yes	10.4	250.3	20506	20827	9237	6559	425	43822	1423	996	2	4442	4081	305
February 24, 2009 4:41:00 PM UTC	1235522460000	40	57	yes	9.4	251.1	20506	20827	9241	6534	438	43830	1349	903	10	4522	3969	463
February 24, 2009 4:42:00 PM UTC	1235522520000	40	57	yes	9.3	251.3	20506	20827	9252	6466	454	43871	1356	896	8	4543	3906	486
February 24, 2009 4:43:00 PM UTC	1235522580000	37	59	yes	9.1	251.4	20506	20827	9255	6443	463	43882	1352	863	29	4558	3908	513
February 24, 2009 4:44:00 PM UTC	1235522640000	38	59	yes	8.9	251.6	20506	20827	9244	6501	456	43842	1315	863	0	4570	3844	518
February 24, 2009 4:45:00 PM UTC	1235522700000	36	60	yes	8.7	251.8	20506	20827	9256	6435	462	43890	1321	860	3	4590	3793	542
February 24, 2009 4:46:00 PM UTC	1235522760000	35	61	yes	8.5	251.9	20506	20827	9244	6529	451	43819	1277	826	5	4599	3644	606
February 24, 2009 4:47:00 PM UTC	1235522820000	31	64	yes	8.3	252.1	20506	20827	9244	6529	454	43816	1258	798	14	4618	3827	510
February 24, 2009 4:48:00 PM UTC	1235522880000	29	65	yes	8.1	252.2	20506	20827	9256	6435	470	43882	1274	812	0	4636	4016	384
February 24, 2009 4:49:00 PM UTC	1235522940000	30	64	yes	7.9	252.4	20506	20827	9245	6498	460	43840	1234	778	4	4654	3859	576
February 24, 2009 4:50:00 PM UTC	1235523000000	25	68	yes	7.7	252.5	20506	20827	9245	6498	457	43843	1223	763	13	4665	3653	818
February 24, 2009 4:51:00 PM UTC	1235523060000	23	69	yes	7.5	252.7	20506	20827	9246	6503	454	43840	1205	763	1	4680	3900	566
February 24, 2009 4:52:00 PM UTC	1235523120000	24	68	yes	7.3	252.9	20506	20827	9244	6580	453	43766	1180	742	1	4699	4067	450
February 24, 2009 4:53:00 PM UTC	1235523180000	24	68	yes	7.2	253.0	20506	20827	9254	6511	473	43805	1190	730	4	4712	4041	498
February 24, 2009 4:54:00 PM UTC	1235523240000	28	64	yes	7.0	253.2	20506	20827	9247	6561	468	43767	1156	704	1	4730	4006	554
February 24, 2009 4:55:00 PM UTC	1235523300000	29	61	yes	6.8	253.3	20506	20827	9247	6561	471	43764	1144	692	0	4743	3915	650
February 24, 2009 4:56:00 PM UTC	1235523360000	31	58	yes	6.6	253.5	20506	20827	9246	6561	466	43770	1125	677	0	4762	3760	832
February 24, 2009 4:57:00 PM UTC	1235523420000	31	56	yes	6.4	253.6	20506	20827	9246	6561	468	43768	1110	651	11	4776	3551	1082
February 24, 2009 4:58:00 PM UTC	1235523480000	28	57	yes	6.2	253.8	20506	20827	9246	6561	471	43765	1095	644	1	4791	3241	1403
February 24, 2009 4:59:00 PM UTC	1235523540000	23	61	yes	6.0	254.0	20506	20827	9247	6559	468	43769	1075	630	0	4810	3315	1337
February 24, 2009 5:00:00 PM UTC	1235523600000	17	62	yes	5.8	254.1	20506	20827	9248	6517	480	43798	1071	608	7	4820	3143	1440
February 24, 2009 5:01:00 PM UTC	1235523660000	14	59	yes	5.6	254.3	20506	20827	9248	6517	488	43790	1048	587	3	4844	3066	1611
February 24, 2009 5:02:00 PM UTC	1235523720000	13	51	yes	5.4	254.4	20506	20827	9248	6518	492	43785	1038	578	0	4852	3053	1650
February 24, 2009 5:03:00 PM UTC	1235523780000	13	40	yes	5.2	254.6	20506	20827	9248	6518	503	43774	1020	544	4	4868	3245	1557
February 24, 2009 5:04:00 PM UTC	1235523840000	14	32	yes	5.0	254.7	20506	20827	9248	6517	510	43768	1004	524	4	4884	3743	857
February 24, 2009 5:05:00 PM UTC	1235523900000	16	25	yes	4.8	254.9	20506	20827	9248	6517	518	43760	992	511	0	4898	4367	410
February 24, 2009 5:06:00 PM UTC	1235523960000	17	22	yes	4.7	255.0	20506	20827	9251	6499	532	43761	973	475	5	4923	4329	483
February 24, 2009 5:07:00 PM UTC	1235524020000	17	24	yes	4.5	255.2	20506	20827	9250	6500	542	43751	963	447	10	4932	3979	819
February 24, 2009 5:08:00 PM UTC	1235524080000	18	28	yes	4.3	255.3	20506	20827	9250	6500	554	43739	949	420	15	4946	3638	924
February 24, 2009 5:09:00 PM UTC	1235524140000	15	34	yes	4.1	255.5	20506	20827	9241	6569	552	43681	911	409	0	4957	3288	1167
February 24, 2009 5:10:00 PM UTC	1235524200000	14	38	yes	3.9	255.6	20506	20827	9250	6498	583	43712	917	385	4	4977	3353	1274
February 24, 2009 5:11:00 PM UTC	1235524260000	14	36	yes	3.7	255.8	20506	20827	9250	6498	601	43694	896	354	5	4999	3500	1256
February 24, 2009 5:12:00 PM UTC	1235524320000	12	29	yes	3.5	255.9	20506	20827	9238	6568	622	43615	871	330	0	4995	3252	1408
February 24, 2009 5:13:00 PM UTC	1235524380000	12	21	yes	3.3	256.1	20506	20827	9250	6556	667	43570	872	300	0	5021	3280	1353
February 24, 2009 5:14:00 PM UTC	1235524440000	12	17	yes	3.1	256.3	20506	20827	9250	6556	708	43529	856	266	0	5034	3169	1251
