July 2, 2011 5:00:00 AM UTC	1309611600000	1	3	yes	4.6	64.5	20506	20827	9256	6494	496	43797	979	147	224	4929	66	1083
July 2, 2011 5:01:00 AM UTC	1309611660000	1	3	yes	4.7	64.7	20506	20827	9246	6560	485	43752	975	146	235	4908	63	1119
July 2, 2011 5:02:00 AM UTC	1309611720000	1	4	yes	4.9	64.8	20506	20827	9246	6560	482	43755	990	122	306	4892	76	1241
July 2, 2011 5:03:00 AM UTC	1309611780000	1	3	yes	5.1	65.0	20506	20827	9246	6561	464	43772	1004	138	283	4878	63	1107
July 2, 2011 5:04:00 AM UTC	1309611840000	1	3	yes	5.3	65.1	20506	20827	9246	6561	486	43750	1019	82	350	4863	37	1133
July 2, 2011 5:05:00 AM UTC	1309611900000	1	3	yes	5.5	65.3	20506	20827	9249	6532	483	43779	1043	93	281	4851	40	983
July 2, 2011 5:06:00 AM UTC	1309611960000	1	4	yes	5.7	65.4	20506	20827	9250	6533	469	43791	1056	104	338	4837	53	1213
July 2, 2011 5:07:00 AM UTC	1309612020000	1	4	yes	5.8	65.5	20506	20827	9246	6562	458	43777	1064	117	356	4816	51	1217
July 2, 2011 5:08:00 AM UTC	1309612080000	1	4	yes	6.0	65.7	20506	20827	9246	6562	455	43780	1073	136	336	4809	54	1323
July 2, 2011 5:09:00 AM UTC	1309612140000	1	4	yes	6.2	65.8	20506	20827	9235	6627	446	43735	1074	129	384	4782	51	1299
July 2, 2011 5:10:00 AM UTC	1309612200000	1	4	yes	6.4	66.0	20506	20827	9251	6487	452	43853	1118	142	389	4778	57	1212
July 2, 2011 5:11:00 AM UTC	1309612260000	1	4	yes	6.6	66.1	20506	20827	9251	6487	453	43852	1133	125	426	4762	67	1318
July 2, 2011 5:12:00 AM UTC	1309612320000	1	4	yes	6.8	66.2	20506	20827	9241	6553	446	43803	1133	136	401	4738	72	1258
July 2, 2011 5:13:00 AM UTC	1309612380000	1	4	yes	6.9	66.4	20506	20827	9251	6488	454	43850	1164	145	494	4731	74	1313
July 2, 2011 5:14:00 AM UTC	1309612440000	1	4	yes	7.1	66.5	20506	20827	9251	6488	467	43837	1181	89	453	4714	41	1131
July 2, 2011 5:15:00 AM UTC	1309612500000	1	5	yes	7.3	66.7	20506	20827	9245	6589	459	43750	1178	82	499	4696	53	1413
July 2, 2011 5:16:00 AM UTC	1309612560000	1	4	yes	7.5	66.8	20506	20827	9251	6538	463	43791	1210	97	479	4681	38	1225
July 2, 2011 5:17:00 AM UTC	1309612620000	1	5	yes	7.7	66.9	20506	20827	9251	6538	464	43790	1222	98	497	4668	52	1415
July 2, 2011 5:18:00 AM UTC	1309612680000	1	4	yes	7.9	67.1	20506	20827	9240	6604	454	43745	1219	103	548	4649	39	1251
July 2, 2011 5:19:00 AM UTC	1309612740000	1	5	yes	8.0	67.2	20506	20827	9240	6604	451	43748	1231	107	531	4635	42	1406
July 2, 2011 5:20:00 AM UTC	1309612800000	1	4	yes	8.2	67.3	20506	20827	9253	6512	461	43817	1280	134	491	4622	48	1323
July 2, 2011 5:21:00 AM UTC	1309612860000	1	5	yes	8.4	67.5	20506	20827	9245	6579	448	43771	1271	115	564	4605	44	1419
July 2, 2011 5:22:00 AM UTC	1309612920000	1	4	yes	8.6	67.6	20506	20827	9245	6579	448	43771	1289	119	574	4588	43	1275
July 2, 2011 5:23:00 AM UTC	1309612980000	1	5	no	8.8	67.8	20506	20827	9256	6513	455	43819	1324	137	603	4575	39	1422
July 2, 2011 5:24:00 AM UTC	1309613040000	1	5	yes	9.0	67.9	20506	20827	9245	6579	448	43771	1314	111	598	4562	28	1332
July 2, 2011 5:25:00 AM UTC	1309613100000	1	5	yes	9.2	68.0	20506	20827	9245	6579	444	43775	1332	117	611	4545	23	1363
July 2, 2011 5:26:00 AM UTC	1309613160000	1	5	yes	9.3	68.2	20506	20827	9258	6489	452	43844	1374	130	610	4537	33	1298
July 2, 2011 5:27:00 AM UTC	1309613220000	1	5	yes	9.5	68.3	20506	20827	9243	6581	439	43780	1361	171	670	4514	32	1402
July 2, 2011 5:28:00 AM UTC	1309613280000	1	5	yes	9.7	68.4	20506	20827	9243	6581	438	43781	1376	124	650	4500	29	1261
July 2, 2011 5:29:00 AM UTC	1309613340000	1	4	yes	9.9	68.6	20506	20827	9253	6523	444	43823	1411	148	727	4488	58	1130
July 2, 2011 5:30:00 AM UTC	1309613400000	1	5	yes	10.1	68.7	20506	20827	9243	6582	435	43783	1405	147	740	4471	27	1281
July 2, 2011 5:31:00 AM UTC	1309613460000	1	4	yes	10.3	68.9	20506	20827	9243	6582	430	43788	1420	134	615	4456	22	879
July 2, 2011 5:32:00 AM UTC	1309613520000	1	4	yes	10.5	69.0	20506	20827	9247	6550	435	43811	1448	118	688	4439	27	943
July 2, 2011 5:33:00 AM UTC	1309613580000	1	4	yes	10.7	69.1	20506	20827	9248	6548	438	43809	1463	150	644	4423	28	939
July 2, 2011 5:34:00 AM UTC	1309613640000	1	4	yes	10.8	69.3	20506	20827	9248	6548	430	43817	1485	94	735	4402	13	844
July 2, 2011 5:35:00 AM UTC	1309613700000	1	4	yes	11.0	69.4	20506	20827	9248	6548	434	43813	1496	96	696	4390	15	895
July 2, 2011 5:36:00 AM UTC	1309613760000	1	4	yes	11.2	69.5	20506	20827	9248	6549	430	43816	1517	110	687	4369	18	868
July 2, 2011 5:37:00 AM UTC	1309613820000	1	4	yes	11.4	69.7	20506	20827	9246	6615	424	43758	1522	99	678	4355	14	882
July 2, 2011 5:38:00 AM UTC	1309613880000	1	4	yes	11.6	69.8	20506	20827	9250	6589	428	43776	1546	90	703	4342	10	798
July 2, 2011 5:39:00 AM UTC	1309613940000	1	4	yes	11.8	69.9	20506	20827	9248	6612	419	43764	1553	121	709	4327	13	827
July 2, 2011 5:40:00 AM UTC	1309614000000	1	4	yes	12.0	70.1	20506	20827	9248	6612	418	43765	1565	147	691	4315	16	800
July 2, 2011 5:41:00 AM UTC	1309614060000	1	4	yes	12.2	70.2	20506	20827	9249	6486	419	43889	1592	121	736	4299	10	795
July 2, 2011 5:42:00 AM UTC	1309614120000	1	3	yes	12.3	70.3	20506	20827	9237	6553	402	43851	1581	121	665	4286	7	780
July 2, 2011 5:43:00 AM UTC	1309614180000	0	3	yes	12.5	70.5	20506	20827	9248	6486	405	43904	1622	80	673	4267	5	759
July 2, 2011 5:44:00 AM UTC	1309614240000	1	4	yes	12.7	70.6	20506	20827	9252	6464	408	43919	1648	92	728	4252	7	824
July 2, 2011 5:45:00 AM UTC	1309614300000	1	4	yes	12.9	70.7	20506	20827	9244	6535	400	43864	1647	158	747	4230	5	791
July 2, 2011 5:46:00 AM UTC	1309614360000	1	4	yes	13.1	70.9	20506	20827	9252	6467	408	43916	1677	128	797	4224	4	816
July 2, 2011 5:47:00 AM UTC	1309614420000	1	4	yes	13.3	71.0	20506	20827	9252	6467	404	43920	1696	167	777	4206	3	784
July 2, 2011 5:48:00 AM UTC	1309614480000	1	4	yes	13.5	71.1	20506	20827	9241	6534	386	43882	1685	131	854	4190	4	794
July 2, 2011 5:49:00 AM UTC	1309614540000	1	4	yes	13.7	71.3	20506	20827	9252	6467	395	43929	1726	172	771	4180	2	770
July 2, 2011 5:50:00 AM UTC	1309614600000	1	4	yes	13.9	71.4	20506	20827	9255	6447	395	43946	1746	175	801	4171	2	768
July 2, 2011 5:51:00 AM UTC	1309614660000	1	4	yes	14.1	71.5	20506	20827	9244	6512	379	43908	1738	163	837	4156	2	753
July 2, 2011 5:52:00 AM UTC	1309614720000	1	4	yes	14.2	71.7	20506	20827	9244	6514	374	43911	1761	167	818	4136	8	754
July 2, 2011 5:53:00 AM UTC	1309614780000	1	4	yes	14.4	71.8	20506	20827	9254	6466	380	43943	1789	133	841	4132	4	711
July 2, 2011 5:54:00 AM UTC	1309614840000	1	4	yes	14.6	71.9	20506	20827	9245	6528	366	43904	1785	134	866	4112	1	737
July 2, 2011 5:55:00 AM UTC	1309614900000	1	4	yes	14.8	72.1	20506	20827	9245	6528	359	43911	1799	129	881	4102	1	716
July 2, 2011 5:56:00 AM UTC	1309614960000	1	4	yes	15.0	72.2	20506	20827	9254	6462	370	43957	1842	155	931	4089	1	755
July 2, 2011 5:57:00 AM UTC	1309615020000	1	4	yes	15.2	72.3	20506	20827	9244	6521	353	43925	1832	163	902	4078	0	714
July 2, 2011 5:58:00 AM UTC	1309615080000	1	4	yes	15.4	72.5	20506	20827	9244	6521	347	43931	1849	132	967	4064	0	692
July 2, 2011 5:59:00 AM UTC	1309615140000	1	4	yes	15.6	72.6	20506	20827	9256	6447	355	43985	1895	195	963	4057	16	767
July 2, 2011 6:00:00 AM UTC	1309615200000	1	4	yes	15.8	72.7	20506	20827	9244	6575	332	43892	1869	201	979	4053	1	800
July 2, 2011 6:01:00 AM UTC	1309615260000	1	4	yes	16.0	72.9	20506	20827	9244	6575	326	43898	1890	239	959	4037	1	745
July 2, 2011 6:02:00 AM UTC	1309615320000	1	4	yes	16.2	73.0	20506	20827	9254	6508	333	43948	1934	258	953	4021	0	756
July 2, 2011 6:03:00 AM UTC	1309615380000	1	4	yes	16.3	73.1	20506	20827	9247	6555	325	43916	1929	267	944	4007	0	743
July 2, 2011 6:04:00 AM UTC	1309615440000	1	4	yes	16.5	73.3	20506	20827	9247	6555	317	43924	1940	216	952	4004	3	752
July 2, 2011 6:05:00 AM UTC	1309615500000	1	4	yes	16.7	73.4	20506	20827	9247	6555	308	43933	1959	217	977	3994	0	745
July 2, 2011 6:06:00 AM UTC	1309615560000	1	4	yes	16.9	73.5	20506	20827	9246	6556	300	43941	1977	215	1022	3984	3	700
July 2, 2011 6:07:00 AM UTC	1309615620000	1	4	yes	17.1	73.7	20506	20827	9246	6556	296	43945	1987	241	1021	3980	2	716
July 2, 2011 6:08:00 AM UTC	1309615680000	1	4	yes	17.3	73.8	20506	20827	9246	6556	292	43949	2005	255	1024	3965	0	746
July 2, 2011 6:09:00 AM UTC	1309615740000	1	4	yes	17.5	73.9	20506	20827	9247	6558	286	43952	2017	216	987	3957	8	688
July 2, 2011 6:10:00 AM UTC	1309615800000	1	4	yes	17.7	74.1	20506	20827	9250	6499	284	44010	2047	223	1037	3947	0	678
July 2, 2011 6:11:00 AM UTC	1309615860000	1	4	yes	17.9	74.2	20506	20827	9248	6518	279	43998	2052	218	1065	3943	2	687
July 2, 2011 6:12:00 AM UTC	1309615920000	1	4	yes	18.1	74.3	20506	20827	9248	6518	270	44007	2072	238	1026	3933	5	655
July 2, 2011 6:13:00 AM UTC	1309615980000	1	4	yes	18.3	74.5	20506	20827	9248	6518	259	44018	2088	253	1064	3922	2	684
July 2, 2011 6:14:00 AM UTC	1309616040000	1	4	yes	18.5	74.6	20506	20827	9248	6518	251	44026	2098	173	1103	3918	0	681
July 2, 2011 6:15:00 AM UTC	1309616100000	1	4	yes	18.7	74.7	20506	20827	9238	6587	228	43990	2080	197	1081	3912	0	617
July 2, 2011 6:16:00 AM UTC	1309616160000	1	4	yes	18.9	74.8	20506	20827	9248	6520	231	44044	2126	204	1076	3904	3	606
July 2, 2011 6:17:00 AM UTC	1309616220000	1	4	yes	19.0	75.0	20506	20827	9248	6520	217	44058	2148	239	1138	3896	3	659
July 2, 2011 6:18:00 AM UTC	1309616280000	1	4	yes	19.2	75.1	20506	20827	9239	6571	202	44031	2133	273	1130	3894	0	677
July 2, 2011 6:19:00 AM UTC	1309616340000	1	4	yes	19.4	75.2	20506	20827	9250	6503	204	44086	2182	303	1154	3888	5	711
July 2, 2011 6:20:00 AM UTC	1309616400000	1	4	yes	19.6	75.4	20506	20827	9250	6503	195	44095	2197	261	1172	3880	1	704
July 2, 2011 6:21:00 AM UTC	1309616460000	1	4	yes	19.8	75.5	20506	20827	9241	6575	174	44053	2174	305	1125	3874	4	707
July 2, 2011 6:22:00 AM UTC	1309616520000	1	4	yes	20.0	75.6	20506	20827	9250	6505	176	44112	2225	292	1201	3871	0	716
July 2, 2011 6:23:00 AM UTC	1309616580000	1	4	yes	20.2	75.8	20506	20827	9250	6505	165	44123	2243	315	1187	3861	10	691
July 2, 2011 6:24:00 AM UTC	1309616640000	1	4	yes	20.4	75.9	20506	20827	9238	6574	142	44089	2223	301	1119	3858	6	718
July 2, 2011 6:25:00 AM UTC	1309616700000	1	4	yes	20.6	76.0	20506	20827	9250	6557	148	44088	2262	311	1216	3857	11	711
July 2, 2011 6:26:00 AM UTC	1309616760000	1	5	yes	20.8	76.2	20506	20827	9250	6557	137	44099	2279	305	1224	3845	12	746
July 2, 2011 6:27:00 AM UTC	1309616820000	1	4	yes	21.0	76.3	20506	20827	9240	6627	119	44057	2261	303	1174	3845	1	675
July 2, 2011 6:28:00 AM UTC	1309616880000	1	4	yes	21.2	76.4	20506	20827	9240	6627	105	44071	2275	275	1247	3839	3	693
July 2, 2011 6:29:00 AM UTC	1309616940000	1	5	yes	21.4	76.6	20506	20827	9251	6558	102	44132	2320	288	1295	3837	0	713
July 2, 2011 6:30:00 AM UTC	1309617000000	1	4	yes	21.6	76.7	20506	20827	9240	6627	81	44095	2299	313	1248	3835	1	682
July 2, 2011 6:31:00 AM UTC	1309617060000	1	4	yes	21.8	76.8	20506	20827	9240	6627	69	44107	2319	330	1183	3828	0	612
July 2, 2011 6:32:00 AM UTC	1309617120000	1	4	yes	22.0	76.9	20506	20827	9251	6556	65	44171	2369	302	1254	3823	5	604
July 2, 2011 6:33:00 AM UTC	1309617180000	1	4	yes	22.2	77.1	20506	20827	9240	6628	42	44133	2346	429	1121	3820	0	632
July 2, 2011 6:34:00 AM UTC	1309617240000	1	4	yes	22.4	77.2	20506	20827	9242	6615	35	44151	2361	299	1145	3820	2	614
July 2, 2011 6:35:00 AM UTC	1309617300000	1	4	yes	22.6	77.3	20506	20827	9251	6558	23	44211	2403	327	1139	3817	11	565
July 2, 2011 6:36:00 AM UTC	1309617360000	1	4	yes	22.7	77.5	20506	20827	9240	6629	12	44162	2387	345	1189	3811	0	602
July 2, 2011 6:37:00 AM UTC	1309617420000	1	4	yes	22.9	77.6	20506	20827	9240	6595	3	44205	2400	331	1174	3811	1	580
July 2, 2011 6:38:00 AM UTC	1309617480000	1	4	yes	23.1	77.7	20506	20827	9251	6527	1	44264	2449	457	1113	3811	3	550
July 2, 2011 6:39:00 AM UTC	1309617540000	1	4	yes	23.3	77.9	20506	20827	9240	6597	0	44206	2427	417	1088	3808	0	529
July 2, 2011 6:40:00 AM UTC	1309617600000	1	4	yes	23.5	78.0	20506	20827	9240	6597	0	44206	2438	415	1072	3810	7	543
July 2, 2011 6:41:00 AM UTC	1309617660000	1	4	yes	23.7	78.1	20506	20827	9254	6428	0	44361	2506	387	1191	3809	0	559
July 2, 2011 6:42:00 AM UTC	1309617720000	1	4	yes	23.9	78.3	20506	20827	9242	6513	0	44288	2482	435	1023	3808	2	517
July 2, 2011 6:43:00 AM UTC	1309617780000	1	4	yes	24.1	78.4	20506	20827	9242	6513	0	44288	2493	384	1077	3807	0	499
July 2, 2011 6:44:00 AM UTC	1309617840000	1	4	yes	24.3	78.5	20506	20827	9242	6513	0	44288	2508	497	1006	3801	0	517
July 2, 2011 6:45:00 AM UTC	1309617900000	1	4	yes	24.5	78.6	20506	20827	9243	6495	0	44305	2530	365	1149	3804	0	517
July 2, 2011 6:46:00 AM UTC	1309617960000	1	4	yes	24.7	78.8	20506	20827	9243	6495	0	44305	2536	403	1127	3809	0	542
July 2, 2011 6:47:00 AM UTC	1309618020000	1	4	yes	24.9	78.9	20506	20827	9243	6495	0	44305	2548	397	1093	3808	0	521
July 2, 2011 6:48:00 AM UTC	1309618080000	1	4	yes	25.1	79.0	20506	20827	9243	6503	0	44297	2562	427	1021	3802	1	506
July 2, 2011 6:49:00 AM UTC	1309618140000	1	4	yes	25.3	79.2	20506	20827	9243	6507	0	44293	2574	445	1022	3808	0	515
July 2, 2011 6:50:00 AM UTC	1309618200000	1	3	yes	25.5	79.3	20506	20827	9243	6507	0	44293	2586	437	1007	3810	3	498
July 2, 2011 6:51:00 AM UTC	1309618260000	1	4	yes	25.7	79.4	20506	20827	9245	6560	0	44238	2586	365	1045	3810	2	506
July 2, 2011 6:52:00 AM UTC	1309618320000	1	4	yes	25.9	79.6	20506	20827	9245	6560	0	44238	2603	400	1033	3811	4	487
July 2, 2011 6:53:00 AM UTC	1309618380000	1	4	yes	26.1	79.7	20506	20827	9245	6560	0	44238	2611	438	1049	3810	0	528
July 2, 2011 6:54:00 AM UTC	1309618440000	1	3	yes	26.3	79.8	20506	20827	9246	6560	0	44237	2623	435	1014	3818	0	477
July 2, 2011 6:55:00 AM UTC	1309618500000	1	4	yes	26.5	80.0	20506	20827	9246	6560	0	44237	2629	377	1092	3821	0	479
July 2, 2011 6:56:00 AM UTC	1309618560000	1	4	yes	26.7	80.1	20506	20827	9246	6560	0	44237	2639	253	1158	3824	0	472
July 2, 2011 6:57:00 AM UTC	1309618620000	1	3	yes	26.9	80.2	20506	20827	9247	6560	0	44236	2651	347	1019	3820	0	454
July 2, 2011 6:58:00 AM UTC	1309618680000	1	3	yes	27.1	80.4	20506	20827	9247	6560	0	44236	2664	296	1045	3825	0	458
July 2, 2011 6:59:00 AM UTC	1309618740000	1	4	yes	27.3	80.5	20506	20827	9247	6560	0	44236	2672	307	1061	3833	0	496
July 2, 2011 7:00:00 AM UTC	1309618800000	1	3	yes	27.5	80.6	20506	20827	9248	6560	0	44235	2685	318	1040	3832	0	429
July 2, 2011 7:01:00 AM UTC	1309618860000	1	3	yes	27.7	80.8	20506	20827	9250	6549	0	44244	2706	346	1058	3830	0	442
July 2, 2011 7:02:00 AM UTC	1309618920000	1	3	yes	27.9	80.9	20506	20827	9250	6549	0	44244	2710	324	1038	3845	2	456
July 2, 2011 7:03:00 AM UTC	1309618980000	1	3	yes	28.1	81.0	20506	20827	9251	6521	0	44271	2717	393	973	3844	0	453
July 2, 2011 7:04:00 AM UTC	1309619040000	1	3	yes	28.3	81.2	20506	20827	9251	6521	0	44271	2725	416	951	3864	0	449
July 2, 2011 7:05:00 AM UTC	1309619100000	1	3	yes	28.5	81.3	20506	20827	9251	6521	0	44271	2738	369	974	3858	0	455
July 2, 2011 7:06:00 AM UTC	1309619160000	1	4	yes	28.7	81.4	20506	20827	9242	6581	0	44220	2707	218	1070	3856	0	442
July 2, 2011 7:07:00 AM UTC	1309619220000	1	3	yes	28.9	81.5	20506	20827	9252	6520	0	44271	2757	233	1049	3873	0	449
July 2, 2011 7:08:00 AM UTC	1309619280000	1	3	yes	29.1	81.7	20506	20827	9252	6520	0	44271	2762	239	1065	3877	0	409
July 2, 2011 7:09:00 AM UTC	1309619340000	1	3	yes	29.3	81.8	20506	20827	9241	6608	0	44194	2723	221	986	3881	0	429
July 2, 2011 7:10:00 AM UTC	1309619400000	1	3	yes	29.5	81.9	20506	20827	9253	6527	0	44263	2779	281	975	3894	0	501
July 2, 2011 7:11:00 AM UTC	1309619460000	1	3	yes	29.7	82.1	20506	20827	9254	6518	0	44271	2793	348	871	3894	0	411
July 2, 2011 7:12:00 AM UTC	1309619520000	1	3	yes	29.9	82.2	20506	20827	9244	6588	0	44211	2761	299	870	3903	0	397
July 2, 2011 7:13:00 AM UTC	1309619580000	1	3	yes	30.1	82.3	20506	20827	9255	6519	0	44269	2796	375	844	3916	0	383
July 2, 2011 7:14:00 AM UTC	1309619640000	1	3	yes	30.3	82.5	20506	20827	9255	6519	0	44269	2815	396	748	3918	0	408
July 2, 2011 7:15:00 AM UTC	1309619700000	1	3	yes	30.4	82.6	20506	20827	9245	6591	0	44207	2774	330	828	3925	0	405
July 2, 2011 7:16:00 AM UTC	1309619760000	1	3	yes	30.6	82.8	20506	20827	9256	6520	0	44267	2820	361	767	3936	0	396
July 2, 2011 7:17:00 AM UTC	1309619820000	1	3	yes	30.8	82.9	20506	20827	9256	6520	0	44267	2826	309	736	3949	0	403
July 2, 2011 7:18:00 AM UTC	1309619880000	1	3	yes	31.0	83.0	20506	20827	9245	6662	0	44136	2760	294	744	3959	3	434
July 2, 2011 7:19:00 AM UTC	1309619940000	1	3	yes	31.2	83.2	20506	20827	9256	6597	0	44190	2817	328	719	3965	1	385
July 2, 2011 7:20:00 AM UTC	1309620000000	1	3	yes	31.4	83.3	20506	20827	9256	6597	0	44190	2815	277	715	3979	1	406
July 2, 2011 7:21:00 AM UTC	1309620060000	1	2	yes	31.6	83.4	20506	20827	9245	6661	0	44137	2784	348	642	3987	0	399
July 2, 2011 7:22:00 AM UTC	1309620120000	1	3	yes	31.8	83.6	20506	20827	9257	6577	0	44209	2831	330	690	4002	2	417
July 2, 2011 7:23:00 AM UTC	1309620180000	1	3	yes	32.0	83.7	20506	20827	9257	6577	0	44209	2843	334	711	4011	2	384
July 2, 2011 7:24:00 AM UTC	1309620240000	1	3	yes	32.2	83.8	20506	20827	9246	6655	0	44142	2795	298	645	4027	2	441
July 2, 2011 7:25:00 AM UTC	1309620300000	1	3	yes	32.4	84.0	20506	20827	9258	6500	0	44285	2864	328	655	4037	0	417
July 2, 2011 7:26:00 AM UTC	1309620360000	1	2	yes	32.6	84.1	20506	20827	9258	6500	0	44285	2865	318	664	4056	6	383
July 2, 2011 7:27:00 AM UTC	1309620420000	1	2	yes	32.8	84.2	20506	20827	9247	6544	0	44252	2817	191	648	4077	5	398
July 2, 2011 7:28:00 AM UTC	1309620480000	1	2	yes	33.0	84.4	20506	20827	9258	6474	0	44311	2873	257	603	4080	5	408
July 2, 2011 7:29:00 AM UTC	1309620540000	1	2	yes	33.2	84.5	20506	20827	9258	6486	0	44299	2875	229	590	4095	5	340
July 2, 2011 7:30:00 AM UTC	1309620600000	1	2	yes	33.4	84.6	20506	20827	9248	6557	0	44238	2834	225	567	4110	5	381
July 2, 2011 7:31:00 AM UTC	1309620660000	1	2	yes	33.6	84.8	20506	20827	9259	6486	0	44298	2869	261	543	4132	8	392
July 2, 2011 7:32:00 AM UTC	1309620720000	1	2	yes	33.8	84.9	20506	20827	9259	6486	0	44298	2874	243	597	4144	16	388
July 2, 2011 7:33:00 AM UTC	1309620780000	1	2	yes	34.0	85.1	20506	20827	9248	6557	0	44238	2828	258	548	4166	14	406
July 2, 2011 7:34:00 AM UTC	1309620840000	1	2	yes	34.2	85.2	20506	20827	9260	6480	0	44303	2873	306	535	4180	15	395
July 2, 2011 7:35:00 AM UTC	1309620900000	1	2	yes	34.4	85.3	20506	20827	9260	6480	0	44303	2871	293	530	4200	14	397
July 2, 2011 7:36:00 AM UTC	1309620960000	1	2	yes	34.6	85.5	20506	20827	9249	6551	0	44243	2828	296	527	4214	19	415
July 2, 2011 7:37:00 AM UTC	1309621020000	1	2	yes	34.8	85.6	20506	20827	9260	6481	0	44302	2869	216	536	4234	14	450
July 2, 2011 7:38:00 AM UTC	1309621080000	1	2	yes	35.0	85.7	20506	20827	9249	6552	0	44242	2817	205	491	4255	26	399
July 2, 2011 7:39:00 AM UTC	1309621140000	1	2	yes	35.2	85.9	20506	20827	9249	6552	0	44242	2828	204	503	4264	21	398
July 2, 2011 7:40:00 AM UTC	1309621200000	1	2	yes	35.4	86.0	20506	20827	9260	6482	0	44301	2868	252	481	4282	21	437
July 2, 2011 7:41:00 AM UTC	1309621260000	1	2	yes	35.6	86.2	20506	20827	9250	6553	0	44240	2822	240	449	4299	20	448
July 2, 2011 7:42:00 AM UTC	1309621320000	1	2	yes	35.8	86.3	20506	20827	9260	6484	0	44299	2864	289	420	4321	25	421
July 2, 2011 7:43:00 AM UTC	1309621380000	1	2	yes	36.0	86.4	20506	20827	9260	6484	0	44299	2865	285	402	4336	25	405
July 2, 2011 7:44:00 AM UTC	1309621440000	1	2	yes	36.2	86.6	20506	20827	9250	6555	0	44238	2821	288	385	4348	27	377
July 2, 2011 7:45:00 AM UTC	1309621500000	1	2	yes	36.4	86.7	20506	20827	9260	6485	0	44298	2865	333	376	4366	27	398
July 2, 2011 7:46:00 AM UTC	1309621560000	1	2	yes	36.6	86.9	20506	20827	9260	6485	0	44298	2862	329	388	4386	35	386
July 2, 2011 7:47:00 AM UTC	1309621620000	1	2	yes	36.8	87.0	20506	20827	9249	6627	0	44167	2786	303	334	4403	33	394
July 2, 2011 7:48:00 AM UTC	1309621680000	1	2	yes	37.0	87.1	20506	20827	9259	6544	0	44240	2832	206	329	4429	26	436
July 2, 2011 7:49:00 AM UTC	1309621740000	1	2	yes	37.2	87.3	20506	20827	9259	6544	0	44240	2837	202	306	4439	23	419
July 2, 2011 7:50:00 AM UTC	1309621800000	1	2	yes	37.4	87.4	20506	20827	9249	6617	0	44177	2786	198	324	4458	20	394
July 2, 2011 7:51:00 AM UTC	1309621860000	1	2	yes	37.6	87.6	20506	20827	9261	6543	0	44239	2837	238	327	4472	23	403
July 2, 2011 7:52:00 AM UTC	1309621920000	1	2	yes	37.8	87.7	20506	20827	9261	6543	0	44239	2837	232	283	4488	30	423
July 2, 2011 7:53:00 AM UTC	1309621980000	1	2	yes	38.0	87.9	20506	20827	9249	6615	0	44179	2786	241	265	4506	20	412
July 2, 2011 7:54:00 AM UTC	1309622040000	1	2	yes	38.2	88.0	20506	20827	9261	6544	0	44238	2828	278	271	4525	28	427
July 2, 2011 7:55:00 AM UTC	1309622100000	1	1	yes	38.4	88.1	20506	20827	9249	6616	0	44178	2789	278	219	4534	27	379
July 2, 2011 7:56:00 AM UTC	1309622160000	1	1	yes	38.6	88.3	20506	20827	9249	6616	0	44178	2785	269	234	4554	33	370
July 2, 2011 7:57:00 AM UTC	1309622220000	1	1	yes	38.8	88.4	20506	20827	9261	6545	0	44237	2828	308	210	4580	39	345
July 2, 2011 7:58:00 AM UTC	1309622280000	1	1	yes	39.0	88.6	20506	20827	9249	6617	0	44177	2776	186	154	4592	16	345
July 2, 2011 7:59:00 AM UTC	1309622340000	1	1	yes	39.2	88.7	20506	20827	9261	6545	0	44237	2815	219	158	4618	22	340
July 2, 2011 8:00:00 AM UTC	1309622400000	1	1	yes	39.4	88.9	20506	20827	9261	6463	0	44319	2851	218	167	4627	23	305
July 2, 2011 8:01:00 AM UTC	1309622460000	1	1	yes	39.6	89.0	20506	20827	9249	6534	0	44260	2806	216	142	4643	22	296
July 2, 2011 8:02:00 AM UTC	1309622520000	1	1	yes	39.8	89.2	20506	20827	9261	6462	0	44320	2852	258	130	4664	34	274
July 2, 2011 8:03:00 AM UTC	1309622580000	1	1	yes	40.0	89.3	20506	20827	9249	6533	0	44261	2793	253	124	4680	34	286
July 2, 2011 8:04:00 AM UTC	1309622640000	1	1	yes	40.2	89.5	20506	20827	9249	6533	0	44261	2796	256	114	4694	36	244
July 2, 2011 8:05:00 AM UTC	1309622700000	1	1	yes	40.4	89.6	20506	20827	9261	6461	0	44321	2835	321	106	4726	46	258
July 2, 2011 8:06:00 AM UTC	1309622760000	1	1	yes	40.6	89.8	20506	20827	9249	6614	0	44180	2773	309	101	4728	48	216
July 2, 2011 8:07:00 AM UTC	1309622820000	1	1	yes	40.9	89.9	20506	20827	9261	6468	0	44314	2842	258	116	4755	29	221
July 2, 2011 8:08:00 AM UTC	1309622880000	1	1	yes	41.1	90.1	20506	20827	9261	6506	0	44276	2843	256	109	4774	31	206
July 2, 2011 8:09:00 AM UTC	1309622940000	1	1	yes	41.3	90.2	20506	20827	9261	6469	0	44313	2837	265	96	4793	32	247
July 2, 2011 8:10:00 AM UTC	1309623000000	1	1	yes	41.5	90.4	20506	20827	9261	6469	0	44313	2835	258	94	4809	32	180
July 2, 2011 8:11:00 AM UTC	1309623060000	1	1	yes	41.7	90.5	20506	20827	9261	6469	0	44313	2835	261	94	4824	34	154
July 2, 2011 8:12:00 AM UTC	1309623120000	1	1	yes	41.9	90.7	20506	20827	9249	6541	0	44253	2792	262	92	4830	35	155
July 2, 2011 8:13:00 AM UTC	1309623180000	1	1	yes	42.1	90.8	20506	20827	9261	6470	0	44312	2834	301	91	4859	47	109
July 2, 2011 8:14:00 AM UTC	1309623240000	1	1	yes	42.3	91.0	20506	20827	9249	6542	0	44252	2785	304	92	4867	48	117
July 2, 2011 8:15:00 AM UTC	1309623300000	1	1	yes	42.5	91.1	20506	20827	9261	6471	0	44311	2830	349	91	4894	60	81
July 2, 2011 8:16:00 AM UTC	1309623360000	1	0	yes	42.7	91.3	20506	20827	9261	6545	0	44237	2788	308	91	4912	64	81
July 2, 2011 8:17:00 AM UTC	1309623420000	0	1	yes	42.9	91.4	20506	20827	9249	6617	0	44177	2761	166	101	4913	25	57
July 2, 2011 8:18:00 AM UTC	1309623480000	1	1	yes	43.1	91.6	20506	20827	9261	6545	0	44237	2799	205	99	4943	36	79
July 2, 2011 8:19:00 AM UTC	1309623540000	1	1	yes	43.3	91.7	20506	20827	9249	6616	0	44178	2758	203	92	4951	37	73
July 2, 2011 8:20:00 AM UTC	1309623600000	1	1	yes	43.5	91.9	20506	20827	9261	6544	0	44238	2798	237	105	4979	47	96
July 2, 2011 8:21:00 AM UTC	1309623660000	1	0	yes	43.7	92.0	20506	20827	9261	6544	0	44238	2799	247	96	4994	48	65
July 2, 2011 8:22:00 AM UTC	1309623720000	1	0	yes	43.9	92.2	20506	20827	9249	6615	0	44179	2752	245	104	5001	46	43
July 2, 2011 8:23:00 AM UTC	1309623780000	1	0	yes	44.1	92.4	20506	20827	9261	6543	0	44239	2784	284	89	5032	56	34
July 2, 2011 8:24:00 AM UTC	1309623840000	1	0	yes	44.3	92.5	20506	20827	9249	6614	0	44180	2749	281	96	5037	62	40
July 2, 2011 8:25:00 AM UTC	1309623900000	1	0	yes	44.5	92.7	20506	20827	9249	6617	0	44177	2751	292	79	5051	62	39
July 2, 2011 8:26:00 AM UTC	1309623960000	1	0	yes	44.7	92.8	20506	20827	9259	6544	0	44240	2784	186	105	5082	28	34
July 2, 2011 8:27:00 AM UTC	1309624020000	1	0	yes	44.9	93.0	20506	20827	9249	6627	0	44167	2740	182	96	5083	22	15
July 2, 2011 8:28:00 AM UTC	1309624080000	1	0	yes	45.1	93.1	20506	20827	9260	6477	0	44306	2807	221	94	5117	45	32
July 2, 2011 8:29:00 AM UTC	1309624140000	1	0	yes	45.3	93.3	20506	20827	9260	6477	0	44306	2811	210	109	5125	42	19
July 2, 2011 8:30:00 AM UTC	1309624200000	1	0	yes	45.5	93.5	20506	20827	9260	6478	0	44305	2811	262	101	5147	53	21
July 2, 2011 8:31:00 AM UTC	1309624260000	1	0	yes	45.7	93.6	20506	20827	9260	6478	0	44305	2811	259	106	5165	54	16
July 2, 2011 8:32:00 AM UTC	1309624320000	1	0	yes	45.9	93.8	20506	20827	9250	6549	0	44244	2765	262	107	5169	56	16
July 2, 2011 8:33:00 AM UTC	1309624380000	1	0	yes	46.1	94.0	20506	20827	9260	6479	0	44304	2803	296	108	5197	70	13
July 2, 2011 8:34:00 AM UTC	1309624440000	1	0	yes	46.3	94.1	20506	20827	9249	6550	0	44244	2767	286	113	5200	69	7
July 2, 2011 8:35:00 AM UTC	1309624500000	1	0	yes	46.5	94.3	20506	20827	9260	6480	0	44303	2800	207	86	5229	43	32
July 2, 2011 8:36:00 AM UTC	1309624560000	1	0	yes	46.7	94.4	20506	20827	9260	6480	0	44303	2797	199	81	5248	44	25
July 2, 2011 8:37:00 AM UTC	1309624620000	1	0	yes	46.9	94.6	20506	20827	9249	6551	0	44243	2762	200	81	5245	46	21
July 2, 2011 8:38:00 AM UTC	1309624680000	1	0	yes	47.1	94.8	20506	20827	9260	6481	0	44302	2801	243	74	5280	62	21
July 2, 2011 8:39:00 AM UTC	1309624740000	1	0	yes	47.3	94.9	20506	20827	9248	6559	0	44236	2757	247	80	5281	61	26
July 2, 2011 8:40:00 AM UTC	1309624800000	1	0	yes	47.5	95.1	20506	20827	9259	6489	0	44295	2794	270	81	5314	76	28
July 2, 2011 8:41:00 AM UTC	1309624860000	1	0	yes	47.7	95.3	20506	20827	9259	6489	0	44295	2793	277	79	5323	78	24
July 2, 2011 8:42:00 AM UTC	1309624920000	1	0	yes	47.9	95.5	20506	20827	9258	6491	0	44294	2787	312	76	5335	95	21
July 2, 2011 8:43:00 AM UTC	1309624980000	1	0	yes	48.1	95.6	20506	20827	9258	6478	0	44307	2784	313	83	5352	97	33
July 2, 2011 8:44:00 AM UTC	1309625040000	1	0	yes	48.3	95.8	20506	20827	9247	6548	0	44248	2748	183	97	5359	39	21
July 2, 2011 8:45:00 AM UTC	1309625100000	1	0	yes	48.5	96.0	20506	20827	9258	6504	0	44281	2787	214	98	5383	55	19
July 2, 2011 8:46:00 AM UTC	1309625160000	1	0	yes	48.7	96.1	20506	20827	9246	6652	0	44145	2710	183	94	5378	50	25
July 2, 2011 8:47:00 AM UTC	1309625220000	1	0	yes	48.9	96.3	20506	20827	9257	6574	0	44212	2749	218	101	5408	69	30
July 2, 2011 8:48:00 AM UTC	1309625280000	1	0	yes	49.1	96.5	20506	20827	9257	6574	0	44212	2744	227	89	5424	72	21
July 2, 2011 8:49:00 AM UTC	1309625340000	1	0	yes	49.3	96.7	20506	20827	9256	6598	0	44189	2729	260	84	5438	88	23
July 2, 2011 8:50:00 AM UTC	1309625400000	1	0	yes	49.5	96.8	20506	20827	9256	6598	0	44189	2730	253	87	5449	87	25
July 2, 2011 8:51:00 AM UTC	1309625460000	1	0	yes	49.7	97.0	20506	20827	9256	6513	0	44274	2773	302	81	5468	103	16
July 2, 2011 8:52:00 AM UTC	1309625520000	1	0	yes	49.9	97.2	20506	20827	9256	6513	0	44274	2772	174	89	5484	39	17
July 2, 2011 8:53:00 AM UTC	1309625580000	1	0	yes	50.1	97.4	20506	20827	9245	6585	0	44213	2734	177	89	5479	41	17
July 2, 2011 8:54:00 AM UTC	1309625640000	1	0	yes	50.3	97.6	20506	20827	9255	6514	0	44274	2769	217	87	5512	59	21
July 2, 2011 8:55:00 AM UTC	1309625700000	1	0	yes	50.5	97.7	20506	20827	9255	6514	0	44274	2766	198	89	5528	63	20
July 2, 2011 8:56:00 AM UTC	1309625760000	1	0	yes	50.7	97.9	20506	20827	9254	6514	0	44275	2761	248	79	5540	82	13
July 2, 2011 8:57:00 AM UTC	1309625820000	1	0	yes	50.8	98.1	20506	20827	9253	6523	0	44267	2756	228	82	5554	86	17
July 2, 2011 8:58:00 AM UTC	1309625880000	1	0	yes	51.0	98.3	20506	20827	9252	6517	0	44274	2750	290	75	5564	108	22
July 2, 2011 8:59:00 AM UTC	1309625940000	1	0	yes	51.2	98.5	20506	20827	9252	6517	0	44274	2754	280	80	5582	108	23
July 2, 2011 9:00:00 AM UTC	1309626000000	1	0	yes	51.4	98.7	20506	20827	9251	6518	0	44274	2750	200	82	5592	48	26
July 2, 2011 9:01:00 AM UTC	1309626060000	1	0	yes	51.6	98.9	20506	20827	9251	6518	0	44274	2750	195	77	5616	56	25
July 2, 2011 9:02:00 AM UTC	1309626120000	1	0	yes	51.8	99.0	20506	20827	9250	6519	0	44274	2750	227	86	5611	75	25
July 2, 2011 9:03:00 AM UTC	1309626180000	1	0	yes	52.0	99.2	20506	20827	9250	6550	0	44243	2743	235	78	5633	66	15
July 2, 2011 9:04:00 AM UTC	1309626240000	1	0	yes	52.2	99.4	20506	20827	9247	6562	0	44234	2739	265	79	5637	99	27
July 2, 2011 9:05:00 AM UTC	1309626300000	1	0	yes	52.4	99.6	20506	20827	9247	6562	0	44234	2736	265	76	5655	97	25
July 2, 2011 9:06:00 AM UTC	1309626360000	1	0	yes	52.6	99.8	20506	20827	9256	6493	0	44294	2769	301	76	5685	120	30
July 2, 2011 9:07:00 AM UTC	1309626420000	1	0	yes	52.8	100.0	20506	20827	9246	6565	0	44232	2728	299	78	5674	124	21
July 2, 2011 9:08:00 AM UTC	1309626480000	1	0	yes	53.0	100.2	20506	20827	9257	6492	0	44294	2769	213	88	5709	60	28
July 2, 2011 9:09:00 AM UTC	1309626540000	1	0	yes	53.2	100.4	20506	20827	9245	6565	0	44233	2731	219	82	5698	42	18
July 2, 2011 9:10:00 AM UTC	1309626600000	1	0	yes	53.4	100.6	20506	20827	9255	6498	0	44290	2761	254	82	5730	72	25
July 2, 2011 9:11:00 AM UTC	1309626660000	1	0	yes	53.6	100.8	20506	20827	9243	6506	0	44294	2759	262	82	5723	80	22
July 2, 2011 9:12:00 AM UTC	1309626720000	1	0	yes	53.8	101.0	20506	20827	9253	6427	0	44363	2791	295	77	5752	108	32
July 2, 2011 9:13:00 AM UTC	1309626780000	1	0	yes	54.0	101.2	20506	20827	9243	6493	0	44307	2749	285	80	5744	107	28
July 2, 2011 9:14:00 AM UTC	1309626840000	1	0	yes	54.2	101.4	20506	20827	9253	6428	0	44362	2785	317	86	5774	121	17
July 2, 2011 9:15:00 AM UTC	1309626900000	1	0	yes	54.4	101.6	20506	20827	9242	6513	0	44288	2743	209	78	5757	55	28
July 2, 2011 9:16:00 AM UTC	1309626960000	1	0	yes	54.6	101.8	20506	20827	9254	6430	0	44359	2784	254	71	5792	80	33
July 2, 2011 9:17:00 AM UTC	1309627020000	1	0	yes	54.8	102.0	20506	20827	9240	6591	0	44212	2707	192	79	5768	68	32
July 2, 2011 9:18:00 AM UTC	1309627080000	1	0	yes	55.0	102.2	20506	20827	9251	6521	0	44271	2736	232	72	5801	93	33
July 2, 2011 9:19:00 AM UTC	1309627140000	1	0	yes	55.2	102.4	20506	20827	9240	6626	0	44177	2687	231	72	5785	96	32
July 2, 2011 9:20:00 AM UTC	1309627200000	1	0	yes	55.4	102.6	20506	20827	9251	6555	0	44237	2723	260	70	5814	119	31
July 2, 2011 9:21:00 AM UTC	1309627260000	1	0	yes	55.6	102.9	20506	20827	9242	6613	0	44188	2693	263	73	5800	122	28
July 2, 2011 9:22:00 AM UTC	1309627320000	1	0	yes	55.8	103.1	20506	20827	9251	6555	0	44237	2726	285	77	5830	150	33
July 2, 2011 9:23:00 AM UTC	1309627380000	1	0	yes	56.0	103.3	20506	20827	9240	6627	0	44176	2685	190	78	5813	62	35
July 2, 2011 9:24:00 AM UTC	1309627440000	1	0	yes	56.2	103.5	20506	20827	9251	6556	0	44236	2713	201	70	5842	86	29
July 2, 2011 9:25:00 AM UTC	1309627500000	1	0	yes	56.4	103.7	20506	20827	9240	6625	0	44178	2675	202	71	5823	83	28
July 2, 2011 9:26:00 AM UTC	1309627560000	1	0	yes	56.6	104.0	20506	20827	9250	6555	0	44238	2711	242	73	5852	110	34
July 2, 2011 9:27:00 AM UTC	1309627620000	1	0	yes	56.8	104.2	20506	20827	9250	6497	0	44296	2740	274	73	5861	140	37
July 2, 2011 9:28:00 AM UTC	1309627680000	1	0	yes	56.9	104.4	20506	20827	9250	6497	0	44296	2740	261	74	5869	142	19
July 2, 2011 9:29:00 AM UTC	1309627740000	1	0	yes	57.1	104.6	20506	20827	9250	6499	0	44294	2737	186	75	5874	66	34
July 2, 2011 9:30:00 AM UTC	1309627800000	1	0	yes	57.3	104.9	20506	20827	9239	6567	0	44237	2708	184	74	5852	64	33
July 2, 2011 9:31:00 AM UTC	1309627860000	1	0	yes	57.5	105.1	20506	20827	9248	6516	0	44279	2730	220	81	5873	93	28
July 2, 2011 9:32:00 AM UTC	1309627920000	1	0	yes	57.7	105.3	20506	20827	9238	6585	0	44220	2689	224	74	5856	103	36
July 2, 2011 9:33:00 AM UTC	1309627980000	1	0	yes	57.9	105.6	20506	20827	9248	6516	0	44279	2720	249	72	5883	123	25
July 2, 2011 9:34:00 AM UTC	1309628040000	1	0	yes	58.1	105.8	20506	20827	9248	6516	0	44279	2726	274	63	5887	144	23
July 2, 2011 9:35:00 AM UTC	1309628100000	1	0	yes	58.3	106.0	20506	20827	9247	6557	0	44239	2703	275	68	5884	161	26
July 2, 2011 9:36:00 AM UTC	1309628160000	1	0	yes	58.5	106.3	20506	20827	9246	6556	0	44241	2709	207	67	5887	83	28
July 2, 2011 9:37:00 AM UTC	1309628220000	1	0	yes	58.7	106.5	20506	20827	9246	6556	0	44241	2705	220	48	5888	90	31
July 2, 2011 9:38:00 AM UTC	1309628280000	1	0	yes	58.9	106.8	20506	20827	9247	6557	0	44239	2702	234	55	5887	104	19
July 2, 2011 9:39:00 AM UTC	1309628340000	1	0	yes	59.1	107.0	20506	20827	9254	6510	0	44279	2720	283	44	5901	128	18
July 2, 2011 9:40:00 AM UTC	1309628400000	1	0	yes	59.3	107.2	20506	20827	9244	6578	0	44221	2687	272	48	5881	135	18
July 2, 2011 9:41:00 AM UTC	1309628460000	1	0	yes	59.5	107.5	20506	20827	9244	6518	0	44281	2729	301	53	5883	156	20
July 2, 2011 9:42:00 AM UTC	1309628520000	1	0	yes	59.6	107.7	20506	20827	9256	6444	0	44343	2756	225	56	5910	77	8
July 2, 2011 9:43:00 AM UTC	1309628580000	1	0	yes	59.8	108.0	20506	20827	9245	6527	0	44271	2725	220	58	5879	81	15
July 2, 2011 9:44:00 AM UTC	1309628640000	1	0	yes	60.0	108.3	20506	20827	9256	6444	0	44343	2756	267	54	5911	117	19
July 2, 2011 9:45:00 AM UTC	1309628700000	1	0	yes	60.2	108.5	20506	20827	9255	6444	0	44344	2738	286	49	5909	138	12
July 2, 2011 9:46:00 AM UTC	1309628760000	1	0	yes	60.4	108.8	20506	20827	9241	6531	0	44271	2708	291	41	5872	144	19
July 2, 2011 9:47:00 AM UTC	1309628820000	1	0	yes	60.6	109.0	20506	20827	9252	6464	0	44327	2733	309	43	5899	165	13
July 2, 2011 9:48:00 AM UTC	1309628880000	1	0	yes	60.8	109.3	20506	20827	9244	6535	0	44264	2699	219	44	5878	70	16
July 2, 2011 9:49:00 AM UTC	1309628940000	1	0	yes	61.0	109.6	20506	20827	9248	6489	0	44306	2727	238	48	5892	90	25
July 2, 2011 9:50:00 AM UTC	1309629000000	1	0	yes	61.2	109.9	20506	20827	9248	6610	0	44185	2664	222	43	5880	110	21
July 2, 2011 9:51:00 AM UTC	1309629060000	1	0	yes	61.4	110.1	20506	20827	9241	6651	0	44151	2641	241	36	5863	121	14
July 2, 2011 9:52:00 AM UTC	1309629120000	1	0	yes	61.5	110.4	20506	20827	9248	6542	0	44253	2700	258	47	5889	140	12
July 2, 2011 9:53:00 AM UTC	1309629180000	1	0	yes	61.7	110.7	20506	20827	9248	6542	0	44253	2700	285	41	5888	167	14
July 2, 2011 9:54:00 AM UTC	1309629240000	1	0	yes	61.9	111.0	20506	20827	9258	6476	0	44309	2713	206	45	5912	91	6
July 2, 2011 9:55:00 AM UTC	1309629300000	1	0	yes	62.1	111.3	20506	20827	9243	6577	0	44223	2676	208	43	5876	88	7
July 2, 2011 9:56:00 AM UTC	1309629360000	1	0	yes	62.3	111.5	20506	20827	9243	6577	0	44223	2673	233	38	5878	110	8
July 2, 2011 9:57:00 AM UTC	1309629420000	1	0	yes	62.5	111.8	20506	20827	9258	6485	0	44300	2711	267	42	5911	148	8
July 2, 2011 9:58:00 AM UTC	1309629480000	1	0	yes	62.7	112.1	20506	20827	9245	6576	0	44222	2675	247	44	5876	147	8
July 2, 2011 9:59:00 AM UTC	1309629540000	1	0	yes	62.8	112.4	20506	20827	9245	6576	0	44222	2675	191	43	5876	67	10
July 2, 2011 10:00:00 AM UTC	1309629600000	1	0	yes	63.0	112.7	20506	20827	9248	6549	0	44246	2677	196	54	5889	83	9
July 2, 2011 10:01:00 AM UTC	1309629660000	1	0	yes	63.2	113.0	20506	20827	9251	6537	0	44255	2688	225	53	5893	106	9
July 2, 2011 10:02:00 AM UTC	1309629720000	1	0	yes	63.4	113.3	20506	20827	9245	6586	0	44212	2645	210	55	5875	102	8
July 2, 2011 10:03:00 AM UTC	1309629780000	1	0	yes	63.6	113.6	20506	20827	9251	6480	0	44312	2706	245	48	5895	138	10
July 2, 2011 10:04:00 AM UTC	1309629840000	1	0	yes	63.8	114.0	20506	20827	9251	6481	0	44311	2707	187	48	5895	72	8
July 2, 2011 10:05:00 AM UTC	1309629900000	1	0	yes	64.0	114.3	20506	20827	9246	6559	0	44238	2676	208	44	5883	92	4
July 2, 2011 10:06:00 AM UTC	1309629960000	1	0	yes	64.1	114.6	20506	20827	9246	6559	0	44238	2676	205	41	5880	80	2
July 2, 2011 10:07:00 AM UTC	1309630020000	1	0	yes	64.3	114.9	20506	20827	9246	6559	0	44238	2680	243	44	5882	115	6
July 2, 2011 10:08:00 AM UTC	1309630080000	1	0	yes	64.5	115.2	20506	20827	9246	6559	0	44238	2678	268	42	5884	141	2
July 2, 2011 10:09:00 AM UTC	1309630140000	1	0	yes	64.7	115.6	20506	20827	9252	6522	0	44269	2695	193	47	5897	79	7
July 2, 2011 10:10:00 AM UTC	1309630200000	1	0	yes	64.9	115.9	20506	20827	9255	6508	0	44280	2677	211	48	5905	101	11
July 2, 2011 10:11:00 AM UTC	1309630260000	1	0	yes	65.0	116.2	20506	20827	9241	6602	0	44200	2636	204	50	5867	102	8
July 2, 2011 10:12:00 AM UTC	1309630320000	1	0	yes	65.2	116.6	20506	20827	9241	6538	0	44264	2689	227	56	5873	130	6
July 2, 2011 10:13:00 AM UTC	1309630380000	1	0	yes	65.4	116.9	20506	20827	9247	6506	0	44290	2699	255	51	5888	147	11
July 2, 2011 10:14:00 AM UTC	1309630440000	1	0	yes	65.6	117.3	20506	20827	9252	6475	0	44316	2713	188	55	5900	93	4
July 2, 2011 10:15:00 AM UTC	1309630500000	1	0	yes	65.8	117.6	20506	20827	9247	6509	0	44287	2703	232	52	5880	103	6
July 2, 2011 10:16:00 AM UTC	1309630560000	1	0	yes	65.9	118.0	20506	20827	9247	6509	0	44287	2697	242	54	5889	129	0
July 2, 2011 10:17:00 AM UTC	1309630620000	1	0	yes	66.1	118.4	20506	20827	9247	6528	0	44268	2674	235	52	5884	135	4
July 2, 2011 10:18:00 AM UTC	1309630680000	1	0	yes	66.3	118.7	20506	20827	9247	6528	0	44268	2672	171	51	5884	37	0
July 2, 2011 10:19:00 AM UTC	1309630740000	1	0	yes	66.5	119.1	20506	20827	9242	6560	0	44241	2676	199	50	5872	69	3
July 2, 2011 10:20:00 AM UTC	1309630800000	1	0	yes	66.6	119.5	20506	20827	9247	6527	0	44269	2678	220	54	5886	108	1
July 2, 2011 10:21:00 AM UTC	1309630860000	1	0	yes	66.8	119.8	20506	20827	9252	6493	0	44298	2698	245	52	5898	134	3
July 2, 2011 10:22:00 AM UTC	1309630920000	1	0	yes	67.0	120.2	20506	20827	9252	6493	0	44298	2700	192	51	5900	61	6
July 2, 2011 10:23:00 AM UTC	1309630980000	1	0	yes	67.2	120.6	20506	20827	9252	6511	0	44280	2680	194	54	5896	92	6
July 2, 2011 10:24:00 AM UTC	1309631040000	1	0	yes	67.3	121.0	20506	20827	9247	6555	0	44241	2669	215	50	5884	122	4
July 2, 2011 10:25:00 AM UTC	1309631100000	1	0	yes	67.5	121.4	20506	20827	9255	6494	0	44294	2680	251	47	5905	159	7
July 2, 2011 10:26:00 AM UTC	1309631160000	1	0	yes	67.7	121.8	20506	20827	9257	6434	0	44352	2734	199	44	5913	73	1
July 2, 2011 10:27:00 AM UTC	1309631220000	1	0	yes	67.8	122.2	20506	20827	9256	6435	0	44352	2732	230	47	5912	97	3
July 2, 2011 10:28:00 AM UTC	1309631280000	1	0	yes	68.0	122.6	20506	20827	9241	6530	0	44272	2693	243	39	5872	105	0
July 2, 2011 10:29:00 AM UTC	1309631340000	1	0	yes	68.2	123.1	20506	20827	9245	6519	0	44279	2685	235	47	5885	132	4
July 2, 2011 10:30:00 AM UTC	1309631400000	1	0	yes	68.4	123.5	20506	20827	9248	6504	0	44291	2678	170	49	5895	42	0
July 2, 2011 10:31:00 AM UTC	1309631460000	1	0	yes	68.5	123.9	20506	20827	9248	6504	0	44291	2683	215	44	5891	99	0
July 2, 2011 10:32:00 AM UTC	1309631520000	1	0	yes	68.7	124.4	20506	20827	9242	6543	0	44258	2665	231	46	5871	111	1
July 2, 2011 10:33:00 AM UTC	1309631580000	1	0	yes	68.8	124.8	20506	20827	9248	6526	0	44269	2678	261	47	5892	145	2
July 2, 2011 10:34:00 AM UTC	1309631640000	1	0	yes	69.0	125.2	20506	20827	9242	6546	0	44255	2678	229	36	5883	119	1
July 2, 2011 10:35:00 AM UTC	1309631700000	1	0	yes	69.2	125.7	20506	20827	9243	6582	0	44218	2654	229	32	5883	152	1
July 2, 2011 10:36:00 AM UTC	1309631760000	1	0	yes	69.3	126.2	20506	20827	9245	6565	0	44233	2653	242	38	5889	158	2
July 2, 2011 10:37:00 AM UTC	1309631820000	1	0	yes	69.5	126.6	20506	20827	9246	6565	0	44232	2660	277	32	5883	206	0
July 2, 2011 10:38:00 AM UTC	1309631880000	1	0	yes	69.7	127.1	20506	20827	9248	6498	0	44297	2699	223	47	5894	129	0
July 2, 2011 10:39:00 AM UTC	1309631940000	1	0	yes	69.8	127.6	20506	20827	9247	6497	0	44299	2711	266	39	5898	171	1
July 2, 2011 10:40:00 AM UTC	1309632000000	1	0	yes	70.0	128.1	20506	20827	9255	6496	0	44292	2684	274	39	5908	207	1
July 2, 2011 10:41:00 AM UTC	1309632060000	1	0	yes	70.1	128.6	20506	20827	9247	6539	0	44257	2670	202	37	5888	121	1
July 2, 2011 10:42:00 AM UTC	1309632120000	1	0	yes	70.3	129.1	20506	20827	9247	6539	1	44256	2675	240	36	5888	163	6
July 2, 2011 10:43:00 AM UTC	1309632180000	1	0	yes	70.4	129.6	20506	20827	9246	6539	1	44257	2667	260	37	5889	188	1
July 2, 2011 10:44:00 AM UTC	1309632240000	1	0	yes	70.6	130.1	20506	20827	9255	6474	0	44314	2695	187	40	5910	121	0
July 2, 2011 10:45:00 AM UTC	1309632300000	1	0	yes	70.8	130.6	20506	20827	9249	6519	1	44274	2684	217	41	5892	150	1
July 2, 2011 10:46:00 AM UTC	1309632360000	1	0	yes	70.9	131.1	20506	20827	9249	6519	2	44273	2681	237	41	5896	182	3
July 2, 2011 10:47:00 AM UTC	1309632420000	1	0	yes	71.1	131.7	20506	20827	9250	6518	2	44273	2682	184	43	5895	117	0
July 2, 2011 10:48:00 AM UTC	1309632480000	1	0	yes	71.2	132.2	20506	20827	9250	6517	2	44274	2683	220	43	5897	148	0
July 2, 2011 10:49:00 AM UTC	1309632540000	1	0	yes	71.4	132.7	20506	20827	9243	6628	2	44170	2637	200	54	5876	174	0
July 2, 2011 10:50:00 AM UTC	1309632600000	1	0	yes	71.5	133.3	20506	20827	9244	6628	2	44169	2636	180	42	5875	106	1
July 2, 2011 10:51:00 AM UTC	1309632660000	1	0	yes	71.6	133.9	20506	20827	9244	6628	3	44168	2638	201	49	5873	160	1
July 2, 2011 10:52:00 AM UTC	1309632720000	1	0	yes	71.8	134.4	20506	20827	9244	6628	3	44168	2634	239	36	5875	188	0
July 2, 2011 10:53:00 AM UTC	1309632780000	1	0	yes	71.9	135.0	20506	20827	9252	6571	4	44216	2658	174	28	5895	112	0
July 2, 2011 10:54:00 AM UTC	1309632840000	1	0	yes	72.1	135.6	20506	20827	9245	6620	4	44174	2633	180	43	5876	137	0
July 2, 2011 10:55:00 AM UTC	1309632900000	1	0	yes	72.2	136.2	20506	20827	9245	6617	4	44177	2638	174	30	5875	96	0
July 2, 2011 10:56:00 AM UTC	1309632960000	1	0	yes	72.4	136.8	20506	20827	9253	6571	6	44213	2655	189	35	5897	147	0
July 2, 2011 10:57:00 AM UTC	1309633020000	1	0	yes	72.5	137.4	20506	20827	9253	6579	8	44203	2644	183	34	5894	178	0
July 2, 2011 10:58:00 AM UTC	1309633080000	1	0	yes	72.6	138.0	20506	20827	9244	6631	7	44161	2630	157	34	5875	103	0
July 2, 2011 10:59:00 AM UTC	1309633140000	1	0	yes	72.8	138.7	20506	20827	9247	6566	9	44221	2665	211	36	5885	163	0
July 2, 2011 11:00:00 AM UTC	1309633200000	1	0	yes	72.9	139.3	20506	20827	9244	6574	12	44213	2668	186	30	5879	85	0
July 2, 2011 11:01:00 AM UTC	1309633260000	1	0	yes	73.0	140.0	20506	20827	9247	6579	10	44207	2673	183	26	5879	130	0
July 2, 2011 11:02:00 AM UTC	1309633320000	1	0	yes	73.1	140.6	20506	20827	9261	6487	13	44282	2694	214	37	5915	192	0
July 2, 2011 11:03:00 AM UTC	1309633380000	1	0	yes	73.3	141.3	20506	20827	9254	6541	13	44235	2692	178	34	5895	113	0
July 2, 2011 11:04:00 AM UTC	1309633440000	1	0	yes	73.4	142.0	20506	20827	9259	6497	15	44272	2702	199	43	5913	175	0
July 2, 2011 11:05:00 AM UTC	1309633500000	1	0	yes	73.5	142.6	20506	20827	9250	6571	15	44207	2681	143	37	5894	106	0
July 2, 2011 11:06:00 AM UTC	1309633560000	1	0	yes	73.6	143.3	20506	20827	9249	6571	13	44210	2683	192	31	5893	162	0
July 2, 2011 11:07:00 AM UTC	1309633620000	1	0	yes	73.8	144.0	20506	20827	9250	6570	15	44208	2685	154	43	5886	85	0
July 2, 2011 11:08:00 AM UTC	1309633680000	1	0	yes	73.9	144.7	20506	20827	9240	6651	13	44139	2659	142	39	5868	118	0
July 2, 2011 11:09:00 AM UTC	1309633740000	1	0	yes	74.0	145.5	20506	20827	9247	6610	15	44171	2675	179	39	5895	190	0
July 2, 2011 11:10:00 AM UTC	1309633800000	1	0	yes	74.1	146.2	20506	20827	9254	6575	17	44197	2694	144	46	5889	116	0
July 2, 2011 11:11:00 AM UTC	1309633860000	1	0	yes	74.2	146.9	20506	20827	9255	6512	20	44256	2733	215	36	5897	190	0
July 2, 2011 11:12:00 AM UTC	1309633920000	1	0	yes	74.3	147.7	20506	20827	9245	6598	22	44178	2699	150	29	5875	111	0
July 2, 2011 11:13:00 AM UTC	1309633980000	1	0	yes	74.4	148.4	20506	20827	9252	6561	20	44210	2715	196	26	5888	189	0
July 2, 2011 11:14:00 AM UTC	1309634040000	1	0	yes	74.5	149.2	20506	20827	9243	6618	22	44160	2701	165	27	5871	119	0
July 2, 2011 11:15:00 AM UTC	1309634100000	1	0	yes	74.6	150.0	20506	20827	9256	6557	21	44209	2713	149	29	5899	178	0
July 2, 2011 11:16:00 AM UTC	1309634160000	1	0	yes	74.7	150.8	20506	20827	9247	6618	19	44159	2693	111	32	5878	112	0
July 2, 2011 11:17:00 AM UTC	1309634220000	1	0	yes	74.8	151.6	20506	20827	9247	6617	23	44156	2698	157	27	5879	171	0
July 2, 2011 11:18:00 AM UTC	1309634280000	1	0	yes	74.9	152.4	20506	20827	9259	6475	30	44279	2776	169	33	5910	154	0
July 2, 2011 11:19:00 AM UTC	1309634340000	1	0	yes	75.0	153.2	20506	20827	9258	6543	27	44215	2732	99	26	5902	89	0
July 2, 2011 11:20:00 AM UTC	1309634400000	1	0	yes	75.1	154.0	20506	20827	9248	6604	25	44166	2718	122	27	5879	119	0
July 2, 2011 11:21:00 AM UTC	1309634460000	1	0	yes	75.2	154.8	20506	20827	9247	6582	29	44185	2739	108	22	5884	82	1
July 2, 2011 11:22:00 AM UTC	1309634520000	1	0	yes	75.3	155.7	20506	20827	9241	6681	24	44097	2679	107	27	5862	133	0
July 2, 2011 11:23:00 AM UTC	1309634580000	1	0	yes	75.4	156.5	20506	20827	9241	6680	24	44098	2694	86	33	5864	86	0
July 2, 2011 11:24:00 AM UTC	1309634640000	1	0	yes	75.4	157.4	20506	20827	9250	6563	33	44197	2756	140	28	5890	158	0
July 2, 2011 11:25:00 AM UTC	1309634700000	1	0	yes	75.5	158.2	20506	20827	9247	6632	26	44138	2709	80	21	5883	122	0
July 2, 2011 11:26:00 AM UTC	1309634760000	0	0	yes	75.6	159.1	20506	20827	9251	6606	27	44159	2727	55	29	5895	75	0
July 2, 2011 11:27:00 AM UTC	1309634820000	1	0	yes	75.7	160.0	20506	20827	9243	6578	37	44185	2775	92	27	5882	117	0
July 2, 2011 11:28:00 AM UTC	1309634880000	1	0	yes	75.7	160.9	20506	20827	9246	6555	36	44206	2789	80	29	5889	96	0
July 2, 2011 11:29:00 AM UTC	1309634940000	1	0	yes	75.8	161.8	20506	20827	9246	6589	35	44173	2770	108	23	5883	138	0
July 2, 2011 11:30:00 AM UTC	1309635000000	1	0	yes	75.8	162.7	20506	20827	9239	6624	33	44147	2767	67	30	5870	100	0
July 2, 2011 11:31:00 AM UTC	1309635060000	0	0	yes	75.9	163.6	20506	20827	9250	6556	39	44198	2789	69	32	5894	78	0
July 2, 2011 11:32:00 AM UTC	1309635120000	1	0	yes	76.0	164.5	20506	20827	9252	6608	32	44151	2746	87	25	5892	124	0
July 2, 2011 11:33:00 AM UTC	1309635180000	1	0	yes	76.0	165.5	20506	20827	9245	6618	33	44147	2764	87	30	5880	84	0
July 2, 2011 11:34:00 AM UTC	1309635240000	1	0	yes	76.1	166.4	20506	20827	9245	6618	38	44142	2768	90	37	5880	138	0
July 2, 2011 11:35:00 AM UTC	1309635300000	1	0	yes	76.1	167.3	20506	20827	9245	6611	36	44151	2771	69	25	5883	119	0
July 2, 2011 11:36:00 AM UTC	1309635360000	0	0	yes	76.1	168.3	20506	20827	9247	6591	40	44165	2782	57	29	5894	69	0
July 2, 2011 11:37:00 AM UTC	1309635420000	1	0	yes	76.2	169.2	20506	20827	9241	6619	39	44144	2790	87	31	5866	129	0
July 2, 2011 11:38:00 AM UTC	1309635480000	1	0	yes	76.2	170.2	20506	20827	9251	6537	43	44212	2812	93	33	5902	111	0
July 2, 2011 11:39:00 AM UTC	1309635540000	0	0	yes	76.3	171.1	20506	20827	9241	6680	34	44088	2748	49	35	5869	46	0
July 2, 2011 11:40:00 AM UTC	1309635600000	1	0	yes	76.3	172.1	20506	20827	9254	6599	35	44155	2763	89	24	5894	132	0
July 2, 2011 11:41:00 AM UTC	1309635660000	0	0	yes	76.3	173.0	20506	20827	9247	6561	46	44189	2821	59	38	5883	84	0
July 2, 2011 11:42:00 AM UTC	1309635720000	0	0	yes	76.3	174.0	20506	20827	9259	6493	46	44245	2844	55	38	5907	76	0
July 2, 2011 11:43:00 AM UTC	1309635780000	1	0	yes	76.4	175.0	20506	20827	9247	6633	37	44126	2773	53	27	5877	118	0
July 2, 2011 11:44:00 AM UTC	1309635840000	1	0	yes	76.4	176.0	20506	20827	9258	6550	39	44196	2799	58	26	5905	117	0
July 2, 2011 11:45:00 AM UTC	1309635900000	0	0	yes	76.4	176.9	20506	20827	9246	6616	37	44144	2781	46	31	5884	52	0
July 2, 2011 11:46:00 AM UTC	1309635960000	1	0	yes	76.4	177.9	20506	20827	9249	6534	42	44218	2845	92	33	5890	133	0
July 2, 2011 11:47:00 AM UTC	1309636020000	0	0	yes	76.4	178.9	20506	20827	9250	6591	39	44163	2804	40	29	5882	81	0
July 2, 2011 11:48:00 AM UTC	1309636080000	1	0	yes	76.4	179.9	20506	20827	9249	6592	39	44163	2803	90	24	5887	189	0
July 2, 2011 11:49:00 AM UTC	1309636140000	0	0	yes	76.4	180.8	20506	20827	9249	6592	38	44164	2804	18	13	5884	0	0
July 2, 2011 11:50:00 AM UTC	1309636200000	0	0	yes	76.4	181.8	20506	20827	9249	6610	37	44147	2787	46	28	5882	8	0
July 2, 2011 11:51:00 AM UTC	1309636260000	0	0	yes	76.4	182.8	20506	20827	9247	6613	39	44144	2787	45	27	5884	61	0
July 2, 2011 11:52:00 AM UTC	1309636320000	0	0	yes	76.4	183.8	20506	20827	9247	6617	39	44140	2785	28	16	5878	44	0
July 2, 2011 11:53:00 AM UTC	1309636380000	0	0	yes	76.4	184.8	20506	20827	9247	6622	38	44136	2778	24	11	5880	1	0
July 2, 2011 11:54:00 AM UTC	1309636440000	0	0	yes	76.3	185.7	20506	20827	9247	6635	37	44124	2770	43	20	5874	61	0
July 2, 2011 11:55:00 AM UTC	1309636500000	0	0	yes	76.3	186.7	20506	20827	9258	6491	47	44247	2844	40	25	5910	44	0
July 2, 2011 11:56:00 AM UTC	1309636560000	0	0	yes	76.3	187.7	20506	20827	9244	6641	35	44123	2771	40	23	5873	11	0
July 2, 2011 11:57:00 AM UTC	1309636620000	0	0	yes	76.3	188.6	20506	20827	9251	6607	35	44150	2764	43	25	5897	57	0
July 2, 2011 11:58:00 AM UTC	1309636680000	0	0	yes	76.2	189.6	20506	20827	9241	6601	42	44159	2799	32	13	5874	16	0
July 2, 2011 11:59:00 AM UTC	1309636740000	0	0	yes	76.2	190.5	20506	20827	9249	6546	41	44207	2809	32	11	5893	4	0
July 2, 2011 12:00:00 PM UTC	1309636800000	0	0	yes	76.2	191.5	20506	20827	9246	6588	40	44169	2784	29	18	5892	44	0
July 2, 2011 12:01:00 PM UTC	1309636860000	0	0	yes	76.1	192.4	20506	20827	9245	6600	38	44160	2773	34	20	5887	32	0
July 2, 2011 12:02:00 PM UTC	1309636920000	0	0	yes	76.1	193.4	20506	20827	9246	6612	37	44148	2770	28	27	5882	62	0
July 2, 2011 12:03:00 PM UTC	1309636980000	0	0	yes	76.0	194.3	20506	20827	9254	6550	37	44202	2784	30	14	5906	48	0
July 2, 2011 12:04:00 PM UTC	1309637040000	0	0	yes	76.0	195.2	20506	20827	9242	6670	29	44102	2728	19	13	5870	5	0
July 2, 2011 12:05:00 PM UTC	1309637100000	0	0	yes	75.9	196.1	20506	20827	9241	6617	39	44146	2771	25	19	5868	44	0
July 2, 2011 12:06:00 PM UTC	1309637160000	0	0	yes	75.9	197.1	20506	20827	9250	6551	35	44207	2786	22	5	5895	27	0
July 2, 2011 12:07:00 PM UTC	1309637220000	0	0	yes	75.8	198.0	20506	20827	9246	6584	36	44177	2773	32	10	5885	0	0
July 2, 2011 12:08:00 PM UTC	1309637280000	0	0	yes	75.7	198.9	20506	20827	9245	6620	30	44148	2745	34	12	5884	33	0
July 2, 2011 12:09:00 PM UTC	1309637340000	0	0	yes	75.7	199.8	20506	20827	9253	6509	39	44242	2796	26	15	5907	8	0
July 2, 2011 12:10:00 PM UTC	1309637400000	0	0	yes	75.6	200.6	20506	20827	9239	6612	33	44159	2767	30	8	5867	0	0
July 2, 2011 12:11:00 PM UTC	1309637460000	0	0	yes	75.5	201.5	20506	20827	9239	6691	24	44089	2698	28	7	5860	14	0
July 2, 2011 12:12:00 PM UTC	1309637520000	0	0	yes	75.5	202.4	20506	20827	9250	6558	34	44201	2754	32	9	5889	2	0
July 2, 2011 12:13:00 PM UTC	1309637580000	0	0	yes	75.4	203.2	20506	20827	9255	6582	24	44182	2725	34	6	5896	28	0
July 2, 2011 12:14:00 PM UTC	1309637640000	0	0	yes	75.3	204.1	20506	20827	9254	6586	27	44176	2712	29	7	5897	1	0
July 2, 2011 12:15:00 PM UTC	1309637700000	0	0	yes	75.2	204.9	20506	20827	9247	6575	30	44191	2741	19	6	5881	0	0
July 2, 2011 12:16:00 PM UTC	1309637760000	0	0	yes	75.1	205.8	20506	20827	9248	6598	25	44172	2724	26	5	5879	5	0
July 2, 2011 12:17:00 PM UTC	1309637820000	0	0	yes	75.0	206.6	20506	20827	9248	6598	26	44171	2722	19	4	5878	0	0
July 2, 2011 12:18:00 PM UTC	1309637880000	0	0	yes	74.9	207.4	20506	20827	9244	6627	21	44151	2715	17	6	5866	21	0
July 2, 2011 12:19:00 PM UTC	1309637940000	0	0	yes	74.9	208.2	20506	20827	9251	6576	24	44192	2713	30	8	5892	0	0
July 2, 2011 12:20:00 PM UTC	1309638000000	0	0	yes	74.8	209.0	20506	20827	9253	6576	23	44191	2707	34	6	5897	12	0
July 2, 2011 12:21:00 PM UTC	1309638060000	0	0	yes	74.7	209.8	20506	20827	9241	6646	18	44138	2688	25	5	5862	0	0
July 2, 2011 12:22:00 PM UTC	1309638120000	0	0	yes	74.6	210.6	20506	20827	9252	6552	24	44215	2726	29	4	5888	17	0
July 2, 2011 12:23:00 PM UTC	1309638180000	0	0	yes	74.5	211.4	20506	20827	9252	6553	19	44219	2722	26	4	5889	0	0
July 2, 2011 12:24:00 PM UTC	1309638240000	0	0	yes	74.3	212.1	20506	20827	9251	6553	21	44218	2715	27	5	5889	15	0
July 2, 2011 12:25:00 PM UTC	1309638300000	0	0	yes	74.2	212.9	20506	20827	9252	6522	23	44246	2731	34	5	5888	0	0
July 2, 2011 12:26:00 PM UTC	1309638360000	0	0	yes	74.1	213.6	20506	20827	9240	6606	18	44179	2706	32	6	5865	11	0
July 2, 2011 12:27:00 PM UTC	1309638420000	0	0	yes	74.0	214.3	20506	20827	9247	6596	16	44184	2680	22	2	5873	0	0
July 2, 2011 12:28:00 PM UTC	1309638480000	0	0	yes	73.9	215.1	20506	20827	9255	6541	14	44233	2692	23	2	5916	9	0
July 2, 2011 12:29:00 PM UTC	1309638540000	0	0	yes	73.8	215.8	20506	20827	9247	6590	14	44192	2672	25	6	5886	0	0
July 2, 2011 12:30:00 PM UTC	1309638600000	0	0	yes	73.7	216.5	20506	20827	9249	6562	13	44219	2684	24	4	5892	3	0
July 2, 2011 12:31:00 PM UTC	1309638660000	0	0	yes	73.5	217.2	20506	20827	9258	6507	16	44262	2702	13	2	5914	0	0
July 2, 2011 12:32:00 PM UTC	1309638720000	0	0	yes	73.4	217.9	20506	20827	9251	6542	13	44237	2691	17	2	5890	1	0
July 2, 2011 12:33:00 PM UTC	1309638780000	0	0	yes	73.3	218.5	20506	20827	9253	6532	13	44245	2691	11	1	5895	0	0
July 2, 2011 12:34:00 PM UTC	1309638840000	0	0	yes	73.2	219.2	20506	20827	9247	6577	12	44207	2669	13	2	5875	0	0
July 2, 2011 12:35:00 PM UTC	1309638900000	0	0	yes	73.0	219.9	20506	20827	9253	6528	11	44251	2688	12	5	5896	0	0
July 2, 2011 12:36:00 PM UTC	1309638960000	0	0	yes	72.9	220.5	20506	20827	9253	6510	13	44267	2689	10	4	5897	0	0
July 2, 2011 12:37:00 PM UTC	1309639020000	0	0	yes	72.8	221.2	20506	20827	9245	6562	9	44227	2667	7	2	5877	0	0
July 2, 2011 12:38:00 PM UTC	1309639080000	0	0	yes	72.7	221.8	20506	20827	9251	6571	7	44214	2644	0	3	5893	0	0
July 2, 2011 12:39:00 PM UTC	1309639140000	0	0	yes	72.5	222.4	20506	20827	9245	6618	5	44175	2624	1	3	5875	1	0
July 2, 2011 12:40:00 PM UTC	1309639200000	0	0	yes	72.4	223.0	20506	20827	9253	6559	6	44225	2651	0	2	5897	1	0
July 2, 2011 12:41:00 PM UTC	1309639260000	0	0	yes	72.2	223.6	20506	20827	9253	6507	7	44276	2689	0	2	5900	9	0
July 2, 2011 12:42:00 PM UTC	1309639320000	0	0	yes	72.1	224.2	20506	20827	9245	6609	4	44185	2632	0	2	5873	0	0
July 2, 2011 12:43:00 PM UTC	1309639380000	0	0	yes	72.0	224.8	20506	20827	9244	6609	3	44187	2640	1	4	5874	0	0
July 2, 2011 12:44:00 PM UTC	1309639440000	0	0	yes	71.8	225.4	20506	20827	9244	6600	3	44196	2630	1	4	5876	0	0
July 2, 2011 12:45:00 PM UTC	1309639500000	0	0	yes	71.7	226.0	20506	20827	9244	6600	3	44196	2635	1	0	5876	0	0
July 2, 2011 12:46:00 PM UTC	1309639560000	0	0	yes	71.5	226.5	20506	20827	9251	6553	2	44237	2651	0	1	5895	0	0
July 2, 2011 12:47:00 PM UTC	1309639620000	0	0	yes	71.4	227.1	20506	20827	9251	6553	2	44237	2650	0	1	5895	0	0
July 2, 2011 12:48:00 PM UTC	1309639680000	0	0	yes	71.2	227.6	20506	20827	9251	6450	4	44338	2732	0	1	5907	0	0
July 2, 2011 12:49:00 PM UTC	1309639740000	0	0	yes	71.1	228.2	20506	20827	9251	6499	2	44291	2685	0	1	5900	1	0
July 2, 2011 12:50:00 PM UTC	1309639800000	0	0	yes	70.9	228.7	20506	20827	9251	6499	1	44292	2687	2	2	5899	0	0
July 2, 2011 12:51:00 PM UTC	1309639860000	0	0	yes	70.8	229.3	20506	20827	9234	6608	1	44200	2647	1	6	5856	0	0
July 2, 2011 12:52:00 PM UTC	1309639920000	0	0	yes	70.6	229.8	20506	20827	9240	6562	1	44240	2665	0	1	5873	0	0
July 2, 2011 12:53:00 PM UTC	1309639980000	0	0	yes	70.5	230.3	20506	20827	9241	6521	0	44281	2694	1	3	5879	0	0
July 2, 2011 12:54:00 PM UTC	1309640040000	0	0	yes	70.3	230.8	20506	20827	9241	6564	1	44237	2658	0	2	5875	0	0
July 2, 2011 12:55:00 PM UTC	1309640100000	0	0	yes	70.2	231.3	20506	20827	9247	6525	0	44271	2673	0	2	5890	0	0
July 2, 2011 12:56:00 PM UTC	1309640160000	0	0	yes	70.0	231.8	20506	20827	9248	6524	0	44271	2673	0	2	5890	0	0
July 2, 2011 12:57:00 PM UTC	1309640220000	0	0	yes	69.9	232.3	20506	20827	9247	6524	0	44272	2676	0	2	5889	0	0
July 2, 2011 12:58:00 PM UTC	1309640280000	0	0	yes	69.7	232.8	20506	20827	9255	6442	0	44346	2721	0	2	5911	0	0
July 2, 2011 12:59:00 PM UTC	1309640340000	0	0	yes	69.5	233.2	20506	20827	9245	6556	0	44242	2659	0	1	5883	0	0
July 2, 2011 1:00:00 PM UTC	1309640400000	0	0	yes	69.4	233.7	20506	20827	9246	6556	0	44241	2653	0	1	5881	0	0
July 2, 2011 1:01:00 PM UTC	1309640460000	0	0	yes	69.2	234.2	20506	20827	9251	6517	0	44275	2669	0	1	5896	0	0
July 2, 2011 1:02:00 PM UTC	1309640520000	0	0	yes	69.1	234.6	20506	20827	9252	6518	0	44273	2670	0	2	5889	0	0
July 2, 2011 1:03:00 PM UTC	1309640580000	0	0	yes	68.9	235.1	20506	20827	9251	6482	0	44310	2701	0	2	5893	0	0
July 2, 2011 1:04:00 PM UTC	1309640640000	0	0	yes	68.7	235.5	20506	20827	9252	6420	0	44371	2740	0	2	5906	0	0
July 2, 2011 1:05:00 PM UTC	1309640700000	0	0	yes	68.6	236.0	20506	20827	9248	6496	0	44299	2687	0	1	5897	0	0
July 2, 2011 1:06:00 PM UTC	1309640760000	0	0	yes	68.4	236.4	20506	20827	9248	6496	0	44299	2676	0	2	5897	0	0
July 2, 2011 1:07:00 PM UTC	1309640820000	0	0	yes	68.2	236.8	20506	20827	9248	6496	0	44299	2686	0	1	5893	0	0
July 2, 2011 1:08:00 PM UTC	1309640880000	0	0	yes	68.1	237.2	20506	20827	9249	6468	0	44326	2716	0	1	5898	0	0
July 2, 2011 1:09:00 PM UTC	1309640940000	0	0	yes	67.9	237.6	20506	20827	9256	6431	0	44356	2727	0	2	5912	0	0
July 2, 2011 1:10:00 PM UTC	1309641000000	0	0	yes	67.7	238.1	20506	20827	9248	6491	0	44304	2717	3	1	5889	0	0
July 2, 2011 1:11:00 PM UTC	1309641060000	0	0	yes	67.5	238.5	20506	20827	9247	6548	0	44248	2657	2	1	5881	0	0
July 2, 2011 1:12:00 PM UTC	1309641120000	0	0	yes	67.4	238.9	20506	20827	9247	6548	0	44248	2667	0	2	5881	0	0
July 2, 2011 1:13:00 PM UTC	1309641180000	0	0	yes	67.2	239.3	20506	20827	9247	6548	0	44248	2657	0	1	5880	0	0
July 2, 2011 1:14:00 PM UTC	1309641240000	0	0	yes	67.0	239.6	20506	20827	9252	6492	0	44299	2701	0	2	5899	0	0
July 2, 2011 1:15:00 PM UTC	1309641300000	0	0	yes	66.9	240.0	20506	20827	9243	6555	0	44245	2676	0	4	5878	0	0
July 2, 2011 1:16:00 PM UTC	1309641360000	0	0	yes	66.7	240.4	20506	20827	9242	6554	0	44247	2677	3	5	5874	0	0
July 2, 2011 1:17:00 PM UTC	1309641420000	0	0	yes	66.5	240.8	20506	20827	9248	6517	0	44278	2690	7	5	5888	0	0
July 2, 2011 1:18:00 PM UTC	1309641480000	0	0	yes	66.3	241.2	20506	20827	9255	6465	0	44323	2692	5	6	5907	0	0
July 2, 2011 1:19:00 PM UTC	1309641540000	0	0	yes	66.2	241.5	20506	20827	9247	6527	0	44269	2675	0	4	5883	0	0
July 2, 2011 1:20:00 PM UTC	1309641600000	0	0	yes	66.0	241.9	20506	20827	9247	6509	0	44287	2698	0	1	5888	0	0
July 2, 2011 1:21:00 PM UTC	1309641660000	0	0	yes	65.8	242.3	20506	20827	9247	6510	0	44286	2706	0	2	5884	0	0
July 2, 2011 1:22:00 PM UTC	1309641720000	0	0	yes	65.6	242.6	20506	20827	9252	6476	0	44315	2708	1	2	5897	0	0
July 2, 2011 1:23:00 PM UTC	1309641780000	0	0	yes	65.4	243.0	20506	20827	9241	6540	0	44262	2695	1	5	5868	0	0
July 2, 2011 1:24:00 PM UTC	1309641840000	0	0	yes	65.3	243.3	20506	20827	9252	6476	0	44315	2711	1	2	5897	0	0
July 2, 2011 1:25:00 PM UTC	1309641900000	0	0	yes	65.1	243.6	20506	20827	9252	6475	0	44316	2711	1	2	5900	0	0
July 2, 2011 1:26:00 PM UTC	1309641960000	0	0	yes	64.9	244.0	20506	20827	9255	6510	0	44278	2675	2	3	5904	0	0
July 2, 2011 1:27:00 PM UTC	1309642020000	0	0	yes	64.7	244.3	20506	20827	9242	6592	0	44209	2671	0	1	5872	0	0
July 2, 2011 1:28:00 PM UTC	1309642080000	0	0	yes	64.5	244.7	20506	20827	9246	6561	0	44236	2672	0	0	5884	0	0
July 2, 2011 1:29:00 PM UTC	1309642140000	0	0	yes	64.4	245.0	20506	20827	9246	6561	0	44236	2682	0	1	5883	0	0
July 2, 2011 1:30:00 PM UTC	1309642200000	0	0	yes	64.2	245.3	20506	20827	9249	6532	0	44262	2681	0	1	5895	0	0
July 2, 2011 1:31:00 PM UTC	1309642260000	0	0	yes	64.0	245.6	20506	20827	9246	6561	0	44236	2677	0	2	5881	0	0
July 2, 2011 1:32:00 PM UTC	1309642320000	0	0	yes	63.8	245.9	20506	20827	9251	6483	0	44309	2708	0	2	5895	0	0
July 2, 2011 1:33:00 PM UTC	1309642380000	0	0	yes	63.6	246.3	20506	20827	9241	6548	0	44254	2678	0	1	5873	0	0
July 2, 2011 1:34:00 PM UTC	1309642440000	0	0	yes	63.4	246.6	20506	20827	9251	6482	0	44310	2709	0	0	5895	0	0
July 2, 2011 1:35:00 PM UTC	1309642500000	0	0	yes	63.3	246.9	20506	20827	9251	6536	0	44256	2681	0	0	5891	0	0
July 2, 2011 1:36:00 PM UTC	1309642560000	0	0	yes	63.1	247.2	20506	20827	9240	6602	0	44201	2664	0	0	5868	0	0
July 2, 2011 1:37:00 PM UTC	1309642620000	0	0	yes	62.9	247.5	20506	20827	9245	6575	0	44223	2679	0	1	5876	0	0
July 2, 2011 1:38:00 PM UTC	1309642680000	0	0	yes	62.7	247.8	20506	20827	9256	6509	0	44278	2701	0	2	5901	0	0
July 2, 2011 1:39:00 PM UTC	1309642740000	0	0	yes	62.5	248.1	20506	20827	9245	6575	0	44223	2673	0	2	5875	0	0
July 2, 2011 1:40:00 PM UTC	1309642800000	0	0	yes	62.3	248.4	20506	20827	9243	6576	0	44224	2675	1	1	5879	0	0
July 2, 2011 1:41:00 PM UTC	1309642860000	0	0	yes	62.1	248.7	20506	20827	9254	6501	0	44288	2708	0	2	5901	0	0
July 2, 2011 1:42:00 PM UTC	1309642920000	0	0	yes	62.0	248.9	20506	20827	9246	6557	0	44240	2685	0	2	5884	0	0
July 2, 2011 1:43:00 PM UTC	1309642980000	0	0	yes	61.8	249.2	20506	20827	9248	6542	0	44253	2693	0	1	5888	0	0
July 2, 2011 1:44:00 PM UTC	1309643040000	0	0	yes	61.6	249.5	20506	20827	9248	6542	0	44253	2701	0	0	5888	0	0
July 2, 2011 1:45:00 PM UTC	1309643100000	0	0	yes	61.4	249.8	20506	20827	9250	6588	0	44205	2671	0	0	5891	0	0
July 2, 2011 1:46:00 PM UTC	1309643160000	0	0	yes	61.2	250.1	20506	20827	9248	6612	0	44183	2663	0	0	5879	0	0
July 2, 2011 1:47:00 PM UTC	1309643220000	0	0	yes	61.0	250.3	20506	20827	9237	6559	0	44247	2692	0	1	5866	0	0
July 2, 2011 1:48:00 PM UTC	1309643280000	0	0	yes	60.8	250.6	20506	20827	9252	6469	0	44322	2734	0	1	5900	0	0
July 2, 2011 1:49:00 PM UTC	1309643340000	0	0	yes	60.6	250.9	20506	20827	9252	6466	0	44325	2732	0	0	5899	0	0
July 2, 2011 1:50:00 PM UTC	1309643400000	0	0	yes	60.5	251.1	20506	20827	9241	6534	0	44268	2704	0	1	5871	0	0
July 2, 2011 1:51:00 PM UTC	1309643460000	0	0	yes	60.3	251.4	20506	20827	9255	6443	0	44345	2737	0	0	5908	0	0
July 2, 2011 1:52:00 PM UTC	1309643520000	0	0	yes	60.1	251.6	20506	20827	9244	6501	0	44298	2737	0	0	5885	0	0
July 2, 2011 1:53:00 PM UTC	1309643580000	0	0	yes	59.9	251.9	20506	20827	9244	6529	0	44270	2720	0	0	5875	0	0
July 2, 2011 1:54:00 PM UTC	1309643640000	0	0	yes	59.7	252.2	20506	20827	9253	6461	0	44329	2746	0	0	5902	0	0
July 2, 2011 1:55:00 PM UTC	1309643700000	0	0	yes	59.5	252.4	20506	20827	9245	6498	0	44300	2729	0	0	5888	0	0
July 2, 2011 1:56:00 PM UTC	1309643760000	0	0	yes	59.3	252.7	20506	20827	9256	6435	0	44352	2756	0	1	5909	0	0
July 2, 2011 1:57:00 PM UTC	1309643820000	0	0	yes	59.1	252.9	20506	20827	9244	6580	0	44219	2686	0	0	5880	0	0
July 2, 2011 1:58:00 PM UTC	1309643880000	0	0	yes	58.9	253.2	20506	20827	9247	6561	0	44235	2702	0	0	5885	0	0
July 2, 2011 1:59:00 PM UTC	1309643940000	0	0	yes	58.7	253.4	20506	20827	9247	6561	0	44235	2693	0	0	5886	0	0
July 2, 2011 2:00:00 PM UTC	1309644000000	0	0	yes	58.5	253.6	20506	20827	9246	6561	0	44236	2704	0	0	5885	0	0
July 2, 2011 2:01:00 PM UTC	1309644060000	0	0	yes	58.3	253.9	20506	20827	9247	6559	0	44237	2703	0	0	5882	0	0
July 2, 2011 2:02:00 PM UTC	1309644120000	0	0	yes	58.2	254.1	20506	20827	9248	6517	0	44278	2728	0	0	5887	0	0
July 2, 2011 2:03:00 PM UTC	1309644180000	0	0	yes	58.0	254.4	20506	20827	9248	6518	0	44277	2721	0	1	5883	0	0
July 2, 2011 2:04:00 PM UTC	1309644240000	0	0	yes	57.8	254.6	20506	20827	9248	6518	0	44277	2720	0	0	5882	0	0
July 2, 2011 2:05:00 PM UTC	1309644300000	0	0	yes	57.6	254.8	20506	20827	9248	6517	0	44278	2722	0	1	5872	0	0
July 2, 2011 2:06:00 PM UTC	1309644360000	0	0	yes	57.4	255.1	20506	20827	9251	6499	0	44293	2741	0	1	5877	0	0
July 2, 2011 2:07:00 PM UTC	1309644420000	0	0	yes	57.2	255.3	20506	20827	9250	6500	0	44293	2735	0	1	5875	0	0
July 2, 2011 2:08:00 PM UTC	1309644480000	0	0	yes	57.0	255.5	20506	20827	9241	6569	0	44233	2710	0	0	5845	0	0
July 2, 2011 2:09:00 PM UTC	1309644540000	0	0	yes	56.8	255.7	20506	20827	9250	6498	0	44295	2740	0	0	5863	0	0
July 2, 2011 2:10:00 PM UTC	1309644600000	0	0	yes	56.6	256.0	20506	20827	9238	6641	0	44164	2675	0	0	5822	0	0
July 2, 2011 2:11:00 PM UTC	1309644660000	0	0	yes	56.4	256.2	20506	20827	9250	6556	0	44237	2701	0	0	5849	0	0
July 2, 2011 2:12:00 PM UTC	1309644720000	0	0	yes	56.2	256.4	20506	20827	9240	6625	0	44178	2676	0	0	5822	0	0
July 2, 2011 2:13:00 PM UTC	1309644780000	0	0	yes	56.0	256.6	20506	20827	9251	6557	0	44235	2721	0	0	5840	0	0
July 2, 2011 2:14:00 PM UTC	1309644840000	0	0	yes	55.8	256.8	20506	20827	9240	6627	0	44176	2692	0	2	5805	0	0
July 2, 2011 2:15:00 PM UTC	1309644900000	0	0	yes	55.6	257.1	20506	20827	9251	6557	0	44235	2720	0	1	5822	0	0
July 2, 2011 2:16:00 PM UTC	1309644960000	0	0	yes	55.4	257.3	20506	20827	9253	6541	0	44249	2730	0	2	5818	0	0
July 2, 2011 2:17:00 PM UTC	1309645020000	0	0	yes	55.2	257.5	20506	20827	9240	6626	0	44177	2683	0	1	5786	0	0
July 2, 2011 2:18:00 PM UTC	1309645080000	0	0	yes	55.0	257.7	20506	20827	9251	6519	0	44273	2738	0	2	5800	0	0
July 2, 2011 2:19:00 PM UTC	1309645140000	0	0	yes	54.8	257.9	20506	20827	9240	6588	0	44215	2705	0	0	5771	0	0
July 2, 2011 2:20:00 PM UTC	1309645200000	0	0	yes	54.6	258.1	20506	20827	9252	6458	0	44333	2772	0	0	5789	0	0
July 2, 2011 2:21:00 PM UTC	1309645260000	0	0	yes	54.5	258.3	20506	20827	9244	6485	0	44314	2757	0	0	5767	0	0
July 2, 2011 2:22:00 PM UTC	1309645320000	0	0	yes	54.3	258.5	20506	20827	9253	6429	0	44361	2783	0	1	5778	0	0
July 2, 2011 2:23:00 PM UTC	1309645380000	0	0	yes	54.1	258.7	20506	20827	9242	6503	0	44298	2742	0	1	5742	0	0
July 2, 2011 2:24:00 PM UTC	1309645440000	0	0	yes	53.9	258.9	20506	20827	9242	6503	0	44298	2752	0	1	5733	0	0
July 2, 2011 2:25:00 PM UTC	1309645500000	0	0	yes	53.7	259.1	20506	20827	9244	6497	0	44302	2764	0	1	5725	0	0
July 2, 2011 2:26:00 PM UTC	1309645560000	0	0	yes	53.5	259.3	20506	20827	9244	6497	0	44302	2768	0	1	5715	0	0
July 2, 2011 2:27:00 PM UTC	1309645620000	0	0	yes	53.3	259.5	20506	20827	9245	6565	0	44233	2732	0	0	5704	0	0
July 2, 2011 2:28:00 PM UTC	1309645680000	0	0	yes	53.1	259.7	20506	20827	9245	6565	0	44233	2736	0	0	5689	0	0
July 2, 2011 2:29:00 PM UTC	1309645740000	0	0	yes	52.9	259.9	20506	20827	9246	6565	0	44232	2734	0	0	5677	0	0
July 2, 2011 2:30:00 PM UTC	1309645800000	0	0	yes	52.7	260.1	20506	20827	9246	6565	0	44232	2734	0	0	5669	0	0
July 2, 2011 2:31:00 PM UTC	1309645860000	0	0	yes	52.5	260.3	20506	20827	9247	6563	0	44233	2730	0	0	5652	0	0
July 2, 2011 2:32:00 PM UTC	1309645920000	0	0	yes	52.3	260.5	20506	20827	9247	6563	0	44233	2738	0	0	5641	0	0
July 2, 2011 2:33:00 PM UTC	1309645980000	0	0	yes	52.1	260.7	20506	20827	9250	6551	0	44242	2746	0	0	5619	0	0
July 2, 2011 2:34:00 PM UTC	1309646040000	0	0	yes	51.9	260.9	20506	20827	9250	6551	0	44242	2742	0	0	5626	0	0
July 2, 2011 2:35:00 PM UTC	1309646100000	0	0	yes	51.7	261.1	20506	20827	9251	6518	0	44274	2748	0	0	5602	0	0
July 2, 2011 2:36:00 PM UTC	1309646160000	0	0	yes	51.5	261.3	20506	20827	9251	6518	0	44274	2752	0	0	5600	0	0
July 2, 2011 2:37:00 PM UTC	1309646220000	0	0	yes	51.3	261.4	20506	20827	9252	6515	0	44276	2753	0	2	5574	0	0
July 2, 2011 2:38:00 PM UTC	1309646280000	0	0	yes	51.1	261.6	20506	20827	9252	6515	0	44276	2754	0	1	5572	0	0
July 2, 2011 2:39:00 PM UTC	1309646340000	0	0	yes	50.9	261.8	20506	20827	9243	6586	0	44214	2725	0	2	5534	0	0
July 2, 2011 2:40:00 PM UTC	1309646400000	0	0	yes	50.7	262.0	20506	20827	9254	6515	0	44274	2767	0	1	5548	0	0
July 2, 2011 2:41:00 PM UTC	1309646460000	0	0	yes	50.5	262.2	20506	20827	9254	6515	0	44274	2765	0	2	5528	0	0
July 2, 2011 2:42:00 PM UTC	1309646520000	0	0	yes	50.3	262.4	20506	20827	9255	6514	0	44274	2766	0	2	5517	0	0
July 2, 2011 2:43:00 PM UTC	1309646580000	0	0	yes	50.1	262.5	20506	20827	9255	6514	0	44274	2773	0	3	5500	0	0
July 2, 2011 2:44:00 PM UTC	1309646640000	0	0	yes	49.9	262.7	20506	20827	9256	6513	0	44274	2765	0	1	5485	0	0
July 2, 2011 2:45:00 PM UTC	1309646700000	0	0	yes	49.7	262.9	20506	20827	9256	6513	0	44274	2772	0	0	5471	0	0
July 2, 2011 2:46:00 PM UTC	1309646760000	0	0	yes	49.5	263.1	20506	20827	9257	6583	0	44203	2731	0	0	5459	0	0
July 2, 2011 2:47:00 PM UTC	1309646820000	0	0	yes	49.3	263.3	20506	20827	9257	6583	0	44203	2736	0	0	5443	0	0
July 2, 2011 2:48:00 PM UTC	1309646880000	0	0	yes	49.1	263.4	20506	20827	9245	6660	0	44138	2694	0	1	5408	0	0
July 2, 2011 2:49:00 PM UTC	1309646940000	0	0	yes	48.9	263.6	20506	20827	9256	6588	0	44199	2744	0	1	5409	0	0
July 2, 2011 2:50:00 PM UTC	1309647000000	0	0	yes	48.7	263.8	20506	20827	9246	6652	0	44145	2702	0	1	5386	0	0
July 2, 2011 2:51:00 PM UTC	1309647060000	0	0	yes	48.5	264.0	20506	20827	9258	6505	0	44280	2784	0	2	5388	0	0
July 2, 2011 2:52:00 PM UTC	1309647120000	0	0	yes	48.3	264.1	20506	20827	9258	6477	0	44308	2787	0	2	5378	0	0
July 2, 2011 2:53:00 PM UTC	1309647180000	0	0	yes	48.1	264.3	20506	20827	9258	6477	0	44308	2789	0	1	5354	0	0
July 2, 2011 2:54:00 PM UTC	1309647240000	0	0	yes	47.9	264.5	20506	20827	9258	6489	0	44296	2786	0	3	5340	0	0
July 2, 2011 2:55:00 PM UTC	1309647300000	0	0	yes	47.7	264.6	20506	20827	9248	6559	0	44236	2754	0	2	5310	0	0
July 2, 2011 2:56:00 PM UTC	1309647360000	0	0	yes	47.5	264.8	20506	20827	9259	6488	0	44296	2794	0	2	5311	0	0
July 2, 2011 2:57:00 PM UTC	1309647420000	0	0	yes	47.3	265.0	20506	20827	9248	6558	0	44237	2760	0	0	5280	0	0
July 2, 2011 2:58:00 PM UTC	1309647480000	0	0	yes	47.1	265.2	20506	20827	9260	6481	0	44302	2799	0	3	5285	0	0
July 2, 2011 2:59:00 PM UTC	1309647540000	0	0	yes	46.9	265.3	20506	20827	9260	6481	0	44302	2804	0	4	5263	0	0
July 2, 2011 3:00:00 PM UTC	1309647600000	0	0	yes	46.7	265.5	20506	20827	9249	6551	0	44243	2757	0	3	5237	0	0
July 2, 2011 3:01:00 PM UTC	1309647660000	0	0	yes	46.5	265.6	20506	20827	9260	6480	0	44303	2804	0	4	5232	0	0
July 2, 2011 3:02:00 PM UTC	1309647720000	0	0	yes	46.3	265.8	20506	20827	9249	6550	0	44244	2768	0	3	5202	0	0
July 2, 2011 3:03:00 PM UTC	1309647780000	0	0	yes	46.1	266.0	20506	20827	9260	6479	0	44304	2804	0	3	5202	0	0
July 2, 2011 3:04:00 PM UTC	1309647840000	0	0	yes	45.9	266.1	20506	20827	9260	6479	0	44304	2804	1	8	5187	0	0
July 2, 2011 3:05:00 PM UTC	1309647900000	0	0	yes	45.7	266.3	20506	20827	9260	6477	0	44306	2811	1	8	5168	0	0
July 2, 2011 3:06:00 PM UTC	1309647960000	0	0	yes	45.5	266.5	20506	20827	9260	6477	0	44306	2813	0	7	5150	0	0
July 2, 2011 3:07:00 PM UTC	1309648020000	0	0	yes	45.3	266.6	20506	20827	9250	6548	0	44245	2770	0	3	5120	0	0
July 2, 2011 3:08:00 PM UTC	1309648080000	0	0	yes	45.1	266.8	20506	20827	9260	6476	0	44307	2806	0	5	5119	0	0
July 2, 2011 3:09:00 PM UTC	1309648140000	0	0	yes	44.9	266.9	20506	20827	9248	6626	0	44169	2731	0	8	5089	0	0
July 2, 2011 3:10:00 PM UTC	1309648200000	0	0	yes	44.7	267.1	20506	20827	9259	6551	0	44233	2783	0	9	5087	0	0
July 2, 2011 3:11:00 PM UTC	1309648260000	0	0	yes	44.5	267.3	20506	20827	9259	6546	0	44238	2787	0	4	5068	0	0
July 2, 2011 3:12:00 PM UTC	1309648320000	0	0	yes	44.3	267.4	20506	20827	9249	6616	0	44178	2753	0	6	5034	0	0
July 2, 2011 3:13:00 PM UTC	1309648380000	0	0	yes	44.1	267.6	20506	20827	9261	6542	0	44240	2790	0	6	5032	0	0
July 2, 2011 3:14:00 PM UTC	1309648440000	0	0	yes	43.9	267.7	20506	20827	9249	6614	0	44180	2749	0	1	5008	0	0
July 2, 2011 3:15:00 PM UTC	1309648500000	0	0	yes	43.7	267.9	20506	20827	9249	6614	0	44180	2754	0	8	4989	0	0
July 2, 2011 3:16:00 PM UTC	1309648560000	0	0	yes	43.5	268.1	20506	20827	9261	6543	0	44239	2802	1	19	4982	0	0
July 2, 2011 3:17:00 PM UTC	1309648620000	0	0	yes	43.3	268.2	20506	20827	9249	6615	0	44179	2757	1	16	4952	0	0
July 2, 2011 3:18:00 PM UTC	1309648680000	0	0	yes	43.1	268.4	20506	20827	9261	6544	0	44238	2793	0	15	4947	0	0
July 2, 2011 3:19:00 PM UTC	1309648740000	0	0	yes	42.9	268.5	20506	20827	9261	6544	0	44238	2799	2	16	4932	0	0
July 2, 2011 3:20:00 PM UTC	1309648800000	0	0	yes	42.7	268.7	20506	20827	9249	6616	0	44178	2756	0	12	4903	0	0
July 2, 2011 3:21:00 PM UTC	1309648860000	0	0	yes	42.5	268.8	20506	20827	9261	6470	0	44312	2828	0	12	4899	0	1
July 2, 2011 3:22:00 PM UTC	1309648920000	0	0	yes	42.3	269.0	20506	20827	9249	6541	0	44253	2786	0	14	4869	0	0
July 2, 2011 3:23:00 PM UTC	1309648980000	0	0	yes	42.1	269.1	20506	20827	9261	6469	0	44313	2830	0	18	4873	0	1
July 2, 2011 3:24:00 PM UTC	1309649040000	0	0	yes	41.9	269.3	20506	20827	9261	6469	0	44313	2841	3	11	4842	0	1
July 2, 2011 3:25:00 PM UTC	1309649100000	0	0	yes	41.7	269.4	20506	20827	9249	6539	0	44255	2792	5	10	4818	0	0
July 2, 2011 3:26:00 PM UTC	1309649160000	0	0	yes	41.5	269.6	20506	20827	9261	6468	0	44314	2839	1	12	4813	0	0
July 2, 2011 3:27:00 PM UTC	1309649220000	0	0	yes	41.3	269.7	20506	20827	9261	6468	0	44314	2839	1	10	4796	0	0
July 2, 2011 3:28:00 PM UTC	1309649280000	0	0	yes	41.1	269.9	20506	20827	9261	6468	0	44314	2843	1	14	4776	0	0
July 2, 2011 3:29:00 PM UTC	1309649340000	0	0	yes	40.9	270.0	20506	20827	9261	6468	0	44314	2844	2	16	4760	0	0
July 2, 2011 3:30:00 PM UTC	1309649400000	0	0	yes	40.7	270.2	20506	20827	9249	6612	0	44182	2775	3	16	4731	0	1
July 2, 2011 3:31:00 PM UTC	1309649460000	0	0	yes	40.5	270.3	20506	20827	9261	6460	0	44322	2839	3	12	4726	0	0
July 2, 2011 3:32:00 PM UTC	1309649520000	0	0	yes	40.3	270.5	20506	20827	9261	6460	0	44322	2843	1	8	4710	0	1
July 2, 2011 3:33:00 PM UTC	1309649580000	0	0	yes	40.1	270.6	20506	20827	9249	6531	0	44263	2795	0	10	4678	0	3
July 2, 2011 3:34:00 PM UTC	1309649640000	0	0	yes	39.9	270.8	20506	20827	9261	6461	0	44321	2848	0	7	4674	0	4
July 2, 2011 3:35:00 PM UTC	1309649700000	0	0	yes	39.7	270.9	20506	20827	9249	6533	0	44261	2800	0	12	4645	0	5
July 2, 2011 3:36:00 PM UTC	1309649760000	0	0	yes	39.5	271.1	20506	20827	9249	6533	0	44261	2810	0	11	4624	0	2
July 2, 2011 3:37:00 PM UTC	1309649820000	0	0	yes	39.3	271.2	20506	20827	9261	6544	0	44238	2818	0	10	4617	0	4
July 2, 2011 3:38:00 PM UTC	1309649880000	0	0	yes	39.1	271.4	20506	20827	9249	6616	0	44178	2777	0	8	4599	0	8
July 2, 2011 3:39:00 PM UTC	1309649940000	0	0	yes	38.9	271.5	20506	20827	9261	6544	0	44238	2822	0	20	4588	0	20
July 2, 2011 3:40:00 PM UTC	1309650000000	0	0	yes	38.7	271.6	20506	20827	9261	6544	0	44238	2836	1	10	4560	0	13
July 2, 2011 3:41:00 PM UTC	1309650060000	0	0	yes	38.5	271.8	20506	20827	9249	6615	0	44179	2787	0	14	4540	0	20
July 2, 2011 3:42:00 PM UTC	1309650120000	0	0	yes	38.3	271.9	20506	20827	9261	6543	0	44239	2825	0	16	4530	0	17
July 2, 2011 3:43:00 PM UTC	1309650180000	0	0	yes	38.1	272.1	20506	20827	9261	6543	0	44239	2822	0	18	4518	0	35
July 2, 2011 3:44:00 PM UTC	1309650240000	0	0	yes	37.9	272.2	20506	20827	9249	6614	0	44180	2787	0	14	4498	0	16
July 2, 2011 3:45:00 PM UTC	1309650300000	0	0	yes	37.7	272.4	20506	20827	9261	6542	0	44240	2836	0	10	4479	0	29
July 2, 2011 3:46:00 PM UTC	1309650360000	0	0	yes	37.5	272.5	20506	20827	9261	6542	0	44240	2833	0	10	4460	0	32
July 2, 2011 3:47:00 PM UTC	1309650420000	0	0	yes	37.3	272.6	20506	20827	9249	6616	0	44178	2787	0	15	4444	0	27
July 2, 2011 3:48:00 PM UTC	1309650480000	0	0	yes	37.1	272.8	20506	20827	9259	6546	0	44238	2836	0	15	4428	0	38
July 2, 2011 3:49:00 PM UTC	1309650540000	0	0	yes	36.9	272.9	20506	20827	9249	6621	0	44173	2790	0	13	4407	0	34
July 2, 2011 3:50:00 PM UTC	1309650600000	0	0	yes	36.7	273.1	20506	20827	9258	6555	0	44230	2835	0	32	4392	0	23
July 2, 2011 3:51:00 PM UTC	1309650660000	0	0	yes	36.5	273.2	20506	20827	9260	6483	0	44300	2860	0	38	4375	0	59
July 2, 2011 3:52:00 PM UTC	1309650720000	0	0	yes	36.3	273.3	20506	20827	9250	6553	0	44240	2825	0	37	4348	0	30
July 2, 2011 3:53:00 PM UTC	1309650780000	0	0	yes	36.1	273.5	20506	20827	9260	6482	0	44301	2867	1	46	4332	0	42
July 2, 2011 3:54:00 PM UTC	1309650840000	0	0	yes	35.9	273.6	20506	20827	9260	6482	0	44301	2864	1	36	4327	0	49
July 2, 2011 3:55:00 PM UTC	1309650900000	0	0	yes	35.7	273.8	20506	20827	9250	6551	0	44242	2822	0	33	4304	0	57
July 2, 2011 3:56:00 PM UTC	1309650960000	0	0	yes	35.5	273.9	20506	20827	9260	6480	0	44303	2869	0	42	4287	0	46
July 2, 2011 3:57:00 PM UTC	1309651020000	0	0	yes	35.3	274.0	20506	20827	9260	6480	0	44303	2868	0	43	4269	0	48
July 2, 2011 3:58:00 PM UTC	1309651080000	0	0	yes	35.1	274.2	20506	20827	9249	6550	0	44244	2817	0	66	4258	0	72
July 2, 2011 3:59:00 PM UTC	1309651140000	0	0	yes	34.9	274.3	20506	20827	9260	6479	0	44304	2868	0	75	4237	0	84
July 2, 2011 4:00:00 PM UTC	1309651200000	0	0	yes	34.7	274.5	20506	20827	9260	6479	0	44304	2868	0	75	4220	0	76
July 2, 2011 4:01:00 PM UTC	1309651260000	0	1	yes	34.5	274.6	20506	20827	9249	6549	0	44245	2828	0	100	4203	1	123
July 2, 2011 4:02:00 PM UTC	1309651320000	0	1	yes	34.3	274.7	20506	20827	9260	6478	0	44305	2873	1	127	4185	1	90
July 2, 2011 4:03:00 PM UTC	1309651380000	0	1	yes	34.1	274.9	20506	20827	9260	6478	0	44305	2881	6	137	4165	0	105
July 2, 2011 4:04:00 PM UTC	1309651440000	0	1	yes	33.9	275.0	20506	20827	9248	6554	0	44241	2828	0	137	4148	0	96
July 2, 2011 4:05:00 PM UTC	1309651500000	0	1	yes	33.7	275.2	20506	20827	9259	6483	0	44301	2871	2	159	4137	0	98
July 2, 2011 4:06:00 PM UTC	1309651560000	0	1	yes	33.5	275.3	20506	20827	9259	6483	0	44301	2875	0	192	4115	0	103
July 2, 2011 4:07:00 PM UTC	1309651620000	0	1	yes	33.3	275.4	20506	20827	9248	6554	0	44241	2832	2	182	4098	0	96
July 2, 2011 4:08:00 PM UTC	1309651680000	0	1	yes	33.1	275.6	20506	20827	9258	6483	0	44302	2879	0	220	4080	0	86
July 2, 2011 4:09:00 PM UTC	1309651740000	0	1	yes	32.9	275.7	20506	20827	9258	6472	0	44313	2860	2	198	4075	0	122
July 2, 2011 4:10:00 PM UTC	1309651800000	0	1	yes	32.7	275.8	20506	20827	9258	6472	0	44313	2866	12	268	4061	0	115
July 2, 2011 4:11:00 PM UTC	1309651860000	0	1	yes	32.5	276.0	20506	20827	9258	6500	0	44285	2868	13	281	4038	1	102
July 2, 2011 4:12:00 PM UTC	1309651920000	0	1	yes	32.3	276.1	20506	20827	9257	6582	0	44204	2840	8	328	4031	0	109
July 2, 2011 4:13:00 PM UTC	1309651980000	0	1	yes	32.1	276.2	20506	20827	9256	6590	0	44197	2831	14	293	4018	0	86
July 2, 2011 4:14:00 PM UTC	1309652040000	0	1	yes	31.9	276.4	20506	20827	9256	6590	0	44197	2830	2	377	4004	1	96
July 2, 2011 4:15:00 PM UTC	1309652100000	0	1	yes	31.7	276.5	20506	20827	9256	6590	0	44197	2831	1	356	3987	0	98
July 2, 2011 4:16:00 PM UTC	1309652160000	0	1	yes	31.5	276.6	20506	20827	9257	6581	0	44205	2823	6	361	3979	0	98
July 2, 2011 4:17:00 PM UTC	1309652220000	0	1	yes	31.3	276.8	20506	20827	9257	6581	0	44205	2823	1	378	3967	0	102
July 2, 2011 4:18:00 PM UTC	1309652280000	0	1	yes	31.1	276.9	20506	20827	9257	6581	0	44205	2815	4	312	3956	0	108
July 2, 2011 4:19:00 PM UTC	1309652340000	0	1	yes	30.9	277.1	20506	20827	9256	6518	0	44269	2828	6	346	3950	0	98
July 2, 2011 4:20:00 PM UTC	1309652400000	0	1	yes	30.7	277.2	20506	20827	9256	6518	0	44269	2818	7	391	3943	0	91
July 2, 2011 4:21:00 PM UTC	1309652460000	0	1	yes	30.5	277.3	20506	20827	9256	6518	0	44269	2817	12	355	3929	0	92
July 2, 2011 4:22:00 PM UTC	1309652520000	0	1	yes	30.3	277.5	20506	20827	9255	6517	0	44271	2810	14	371	3921	0	106
July 2, 2011 4:23:00 PM UTC	1309652580000	0	1	yes	30.1	277.6	20506	20827	9255	6517	0	44271	2806	16	382	3915	0	112
July 2, 2011 4:24:00 PM UTC	1309652640000	0	1	yes	29.9	277.7	20506	20827	9255	6517	0	44271	2796	2	426	3910	0	94
July 2, 2011 4:25:00 PM UTC	1309652700000	0	1	yes	29.7	277.9	20506	20827	9254	6516	0	44273	2793	1	474	3897	0	102
July 2, 2011 4:26:00 PM UTC	1309652760000	0	1	yes	29.5	278.0	20506	20827	9254	6516	0	44273	2785	1	511	3892	0	105
July 2, 2011 4:27:00 PM UTC	1309652820000	0	1	yes	29.3	278.1	20506	20827	9253	6526	0	44264	2769	1	510	3887	0	99
July 2, 2011 4:28:00 PM UTC	1309652880000	0	2	yes	29.1	278.3	20506	20827	9254	6517	0	44272	2767	8	530	3874	0	147
July 2, 2011 4:29:00 PM UTC	1309652940000	0	2	yes	28.9	278.4	20506	20827	9252	6518	0	44273	2756	6	570	3874	0	111
July 2, 2011 4:30:00 PM UTC	1309653000000	0	2	yes	28.7	278.5	20506	20827	9252	6518	0	44273	2750	29	580	3860	0	121
July 2, 2011 4:31:00 PM UTC	1309653060000	0	2	yes	28.5	278.7	20506	20827	9251	6518	0	44274	2737	18	547	3854	0	130
July 2, 2011 4:32:00 PM UTC	1309653120000	0	2	yes	28.3	278.8	20506	20827	9251	6518	0	44274	2729	26	544	3859	0	115
July 2, 2011 4:33:00 PM UTC	1309653180000	0	2	yes	28.1	278.9	20506	20827	9251	6518	0	44274	2720	26	581	3843	0	124
July 2, 2011 4:34:00 PM UTC	1309653240000	0	2	yes	27.9	279.0	20506	20827	9250	6516	0	44277	2705	51	560	3842	0	160
July 2, 2011 4:35:00 PM UTC	1309653300000	0	2	yes	27.7	279.2	20506	20827	9250	6547	0	44246	2707	30	641	3842	0	164
July 2, 2011 4:36:00 PM UTC	1309653360000	0	2	yes	27.5	279.3	20506	20827	9250	6547	0	44246	2694	56	580	3816	0	116
July 2, 2011 4:37:00 PM UTC	1309653420000	0	2	yes	27.3	279.4	20506	20827	9247	6558	0	44238	2677	75	521	3831	0	147
July 2, 2011 4:38:00 PM UTC	1309653480000	0	2	yes	27.1	279.6	20506	20827	9247	6558	0	44238	2669	102	587	3828	0	165
July 2, 2011 4:39:00 PM UTC	1309653540000	0	2	yes	26.9	279.7	20506	20827	9247	6558	0	44238	2658	75	657	3816	0	164
July 2, 2011 4:40:00 PM UTC	1309653600000	0	2	yes	26.7	279.8	20506	20827	9246	6558	0	44239	2643	81	732	3826	0	159
July 2, 2011 4:41:00 PM UTC	1309653660000	0	2	yes	26.5	280.0	20506	20827	9246	6558	0	44239	2632	90	678	3819	0	201
July 2, 2011 4:42:00 PM UTC	1309653720000	0	2	yes	26.3	280.1	20506	20827	9246	6558	0	44239	2625	94	732	3815	0	177
July 2, 2011 4:43:00 PM UTC	1309653780000	0	2	yes	26.1	280.2	20506	20827	9245	6558	0	44240	2609	95	768	3815	0	199
July 2, 2011 4:44:00 PM UTC	1309653840000	0	2	yes	25.9	280.4	20506	20827	9245	6558	0	44240	2602	105	778	3811	0	235
July 2, 2011 4:45:00 PM UTC	1309653900000	0	2	yes	25.7	280.5	20506	20827	9245	6558	0	44240	2592	107	789	3809	0	221
July 2, 2011 4:46:00 PM UTC	1309653960000	0	2	yes	25.5	280.6	20506	20827	9253	6499	0	44291	2612	150	814	3808	0	224
July 2, 2011 4:47:00 PM UTC	1309654020000	0	2	yes	25.3	280.8	20506	20827	9244	6497	0	44302	2578	175	757	3811	0	276
July 2, 2011 4:48:00 PM UTC	1309654080000	1	2	yes	25.1	280.9	20506	20827	9244	6493	0	44306	2565	204	719	3805	0	231
July 2, 2011 4:49:00 PM UTC	1309654140000	0	2	yes	24.9	281.0	20506	20827	9253	6428	0	44362	2587	190	751	3808	0	260
July 2, 2011 4:50:00 PM UTC	1309654200000	1	2	yes	24.7	281.2	20506	20827	9242	6501	0	44300	2531	215	721	3811	0	279
July 2, 2011 4:51:00 PM UTC	1309654260000	0	3	yes	24.5	281.3	20506	20827	9242	6501	0	44300	2528	202	759	3803	0	339
July 2, 2011 4:52:00 PM UTC	1309654320000	1	3	yes	24.4	281.4	20506	20827	9253	6427	0	44363	2552	213	815	3802	0	336
July 2, 2011 4:53:00 PM UTC	1309654380000	0	3	yes	24.2	281.5	20506	20827	9244	6483	0	44316	2507	199	838	3805	0	260
July 2, 2011 4:54:00 PM UTC	1309654440000	1	2	yes	24.0	281.7	20506	20827	9244	6483	0	44316	2492	224	747	3808	0	245
July 2, 2011 4:55:00 PM UTC	1309654500000	0	2	yes	23.8	281.8	20506	20827	9252	6454	0	44337	2504	194	766	3808	0	298
July 2, 2011 4:56:00 PM UTC	1309654560000	1	2	yes	23.6	281.9	20506	20827	9240	6591	0	44212	2440	243	765	3808	0	253
July 2, 2011 4:57:00 PM UTC	1309654620000	1	2	yes	23.4	282.1	20506	20827	9240	6591	0	44212	2427	255	718	3810	0	279
July 2, 2011 4:58:00 PM UTC	1309654680000	1	2	yes	23.2	282.2	20506	20827	9251	6522	1	44269	2451	255	778	3812	0	249
July 2, 2011 4:59:00 PM UTC	1309654740000	1	2	yes	23.0	282.3	20506	20827	9240	6592	2	44209	2397	319	742	3815	0	287
July 2, 2011 5:00:00 PM UTC	1309654800000	1	2	yes	22.8	282.5	20506	20827	9240	6626	9	44168	2385	348	715	3815	0	294
July 2, 2011 5:01:00 PM UTC	1309654860000	1	3	yes	22.6	282.6	20506	20827	9251	6558	23	44211	2408	235	851	3811	0	301
July 2, 2011 5:02:00 PM UTC	1309654920000	1	2	yes	22.4	282.7	20506	20827	9253	6541	39	44210	2398	366	745	3823	0	290
July 2, 2011 5:03:00 PM UTC	1309654980000	1	3	yes	22.2	282.9	20506	20827	9242	6609	43	44149	2352	330	749	3824	5	362
July 2, 2011 5:04:00 PM UTC	1309655040000	1	3	yes	22.0	283.0	20506	20827	9251	6556	65	44171	2370	299	828	3823	0	338
July 2, 2011 5:05:00 PM UTC	1309655100000	1	3	yes	21.8	283.1	20506	20827	9251	6556	76	44160	2355	329	788	3826	1	379
July 2, 2011 5:06:00 PM UTC	1309655160000	1	3	yes	21.6	283.3	20506	20827	9240	6625	80	44098	2298	310	784	3837	0	383
July 2, 2011 5:07:00 PM UTC	1309655220000	1	3	yes	21.4	283.4	20506	20827	9251	6554	103	44135	2325	362	734	3838	0	371
July 2, 2011 5:08:00 PM UTC	1309655280000	1	3	yes	21.2	283.5	20506	20827	9251	6553	113	44126	2310	299	808	3838	0	375
July 2, 2011 5:09:00 PM UTC	1309655340000	1	3	yes	21.0	283.6	20506	20827	9240	6623	115	44065	2262	253	764	3845	0	376
July 2, 2011 5:10:00 PM UTC	1309655400000	1	3	yes	20.8	283.8	20506	20827	9250	6554	134	44105	2277	268	767	3850	0	418
July 2, 2011 5:11:00 PM UTC	1309655460000	1	2	yes	20.6	283.9	20506	20827	9250	6554	147	44092	2267	317	695	3852	0	387
July 2, 2011 5:12:00 PM UTC	1309655520000	1	2	yes	20.4	284.0	20506	20827	9238	6637	139	44029	2208	254	696	3858	0	392
July 2, 2011 5:13:00 PM UTC	1309655580000	1	2	yes	20.2	284.2	20506	20827	9250	6502	163	44128	2244	237	743	3860	0	343
July 2, 2011 5:14:00 PM UTC	1309655640000	1	3	yes	20.0	284.3	20506	20827	9250	6502	175	44116	2229	243	779	3868	0	406
July 2, 2011 5:15:00 PM UTC	1309655700000	1	3	yes	19.9	284.4	20506	20827	9241	6571	173	44058	2177	244	745	3875	0	363
July 2, 2011 5:16:00 PM UTC	1309655760000	1	3	yes	19.7	284.6	20506	20827	9250	6500	190	44103	2200	229	764	3879	0	399
July 2, 2011 5:17:00 PM UTC	1309655820000	1	3	yes	19.5	284.7	20506	20827	9250	6500	200	44093	2184	266	724	3885	0	468
July 2, 2011 5:18:00 PM UTC	1309655880000	0	3	yes	19.3	284.8	20506	20827	9250	6500	209	44084	2172	118	732	3891	0	419
July 2, 2011 5:19:00 PM UTC	1309655940000	0	3	yes	19.1	285.0	20506	20827	9251	6499	219	44074	2160	194	806	3893	0	390
July 2, 2011 5:20:00 PM UTC	1309656000000	0	3	yes	18.9	285.1	20506	20827	9248	6517	230	44048	2127	182	786	3903	0	406
July 2, 2011 5:21:00 PM UTC	1309656060000	0	3	yes	18.7	285.2	20506	20827	9248	6517	236	44042	2112	163	741	3913	0	381
July 2, 2011 5:22:00 PM UTC	1309656120000	0	3	yes	18.5	285.3	20506	20827	9248	6516	249	44030	2099	191	686	3919	0	476
July 2, 2011 5:23:00 PM UTC	1309656180000	0	3	yes	18.3	285.5	20506	20827	9248	6516	255	44024	2092	189	694	3920	0	484
July 2, 2011 5:24:00 PM UTC	1309656240000	0	2	yes	18.1	285.6	20506	20827	9248	6516	267	44012	2075	168	655	3932	0	415
July 2, 2011 5:25:00 PM UTC	1309656300000	0	3	yes	17.9	285.7	20506	20827	9248	6514	276	44005	2056	112	781	3942	0	402
July 2, 2011 5:26:00 PM UTC	1309656360000	0	2	yes	17.7	285.9	20506	20827	9248	6514	281	44000	2040	129	693	3947	0	375
July 2, 2011 5:27:00 PM UTC	1309656420000	0	3	yes	17.5	286.0	20506	20827	9247	6555	284	43957	2024	104	741	3951	0	358
July 2, 2011 5:28:00 PM UTC	1309656480000	1	3	yes	17.3	286.1	20506	20827	9257	6488	302	43996	2037	204	706	3964	0	410
July 2, 2011 5:29:00 PM UTC	1309656540000	0	3	yes	17.1	286.3	20506	20827	9246	6556	299	43942	1989	179	678	3978	0	419
July 2, 2011 5:30:00 PM UTC	1309656600000	0	3	yes	17.0	286.4	20506	20827	9246	6556	298	43943	1981	127	729	3980	0	387
July 2, 2011 5:31:00 PM UTC	1309656660000	0	3	yes	16.8	286.5	20506	20827	9256	6486	317	43984	1989	172	725	3993	0	405
July 2, 2011 5:32:00 PM UTC	1309656720000	0	3	yes	16.6	286.7	20506	20827	9247	6554	314	43928	1945	86	738	4000	0	474
July 2, 2011 5:33:00 PM UTC	1309656780000	0	3	yes	16.4	286.8	20506	20827	9247	6554	322	43920	1927	78	749	4015	0	385
July 2, 2011 5:34:00 PM UTC	1309656840000	0	3	yes	16.2	286.9	20506	20827	9254	6504	332	43953	1937	121	702	4022	0	466
July 2, 2011 5:35:00 PM UTC	1309656900000	0	3	yes	16.0	287.1	20506	20827	9244	6572	323	43904	1895	67	721	4026	0	434
July 2, 2011 5:36:00 PM UTC	1309656960000	0	3	yes	15.8	287.2	20506	20827	9244	6572	331	43896	1874	118	677	4042	0	425
July 2, 2011 5:37:00 PM UTC	1309657020000	0	3	yes	15.6	287.3	20506	20827	9256	6433	351	44003	1898	32	767	4053	0	420
July 2, 2011 5:38:00 PM UTC	1309657080000	0	2	yes	15.4	287.5	20506	20827	9245	6495	348	43955	1852	113	631	4068	2	373
July 2, 2011 5:39:00 PM UTC	1309657140000	0	2	yes	15.2	287.6	20506	20827	9245	6495	351	43952	1838	99	552	4078	0	409
July 2, 2011 5:40:00 PM UTC	1309657200000	0	3	yes	15.0	287.7	20506	20827	9256	6432	374	43981	1847	111	618	4091	1	484
July 2, 2011 5:41:00 PM UTC	1309657260000	0	3	yes	14.8	287.9	20506	20827	9253	6458	373	43959	1833	73	642	4095	0	503
July 2, 2011 5:42:00 PM UTC	1309657320000	0	3	yes	14.7	288.0	20506	20827	9244	6524	363	43912	1784	98	615	4110	2	472
July 2, 2011 5:43:00 PM UTC	1309657380000	0	3	yes	14.5	288.1	20506	20827	9254	6451	378	43960	1795	89	634	4125	3	508
July 2, 2011 5:44:00 PM UTC	1309657440000	0	2	yes	14.3	288.3	20506	20827	9256	6430	387	43970	1791	84	560	4133	7	458
July 2, 2011 5:45:00 PM UTC	1309657500000	0	3	yes	14.1	288.4	20506	20827	9244	6495	380	43924	1741	53	652	4157	0	519
July 2, 2011 5:46:00 PM UTC	1309657560000	0	2	yes	13.9	288.5	20506	20827	9255	6440	392	43956	1753	88	603	4167	0	455
July 2, 2011 5:47:00 PM UTC	1309657620000	0	3	yes	13.7	288.7	20506	20827	9252	6463	398	43930	1725	92	610	4182	4	506
July 2, 2011 5:48:00 PM UTC	1309657680000	0	2	yes	13.5	288.8	20506	20827	9241	6531	386	43885	1689	115	519	4188	4	522
July 2, 2011 5:49:00 PM UTC	1309657740000	0	3	yes	13.3	288.9	20506	20827	9241	6531	391	43880	1672	59	572	4202	0	565
July 2, 2011 5:50:00 PM UTC	1309657800000	0	3	yes	13.1	289.1	20506	20827	9252	6463	407	43921	1682	102	622	4219	4	557
July 2, 2011 5:51:00 PM UTC	1309657860000	0	2	yes	12.9	289.2	20506	20827	9252	6463	409	43919	1667	74	478	4234	0	536
July 2, 2011 5:52:00 PM UTC	1309657920000	0	2	yes	12.8	289.3	20506	20827	9244	6531	399	43869	1630	81	518	4248	3	457
July 2, 2011 5:53:00 PM UTC	1309657980000	0	2	yes	12.6	289.5	20506	20827	9252	6461	409	43921	1627	84	499	4273	8	466
July 2, 2011 5:54:00 PM UTC	1309658040000	0	2	yes	12.4	289.6	20506	20827	9248	6484	409	43902	1603	85	478	4288	0	467
July 2, 2011 5:55:00 PM UTC	1309658100000	0	2	yes	12.2	289.7	20506	20827	9237	6551	405	43850	1571	70	458	4297	0	496
July 2, 2011 5:56:00 PM UTC	1309658160000	0	2	yes	12.0	289.9	20506	20827	9248	6610	418	43767	1568	65	500	4312	10	532
July 2, 2011 5:57:00 PM UTC	1309658220000	0	2	yes	11.8	290.0	20506	20827	9248	6610	419	43766	1554	86	450	4324	0	494
July 2, 2011 5:58:00 PM UTC	1309658280000	0	2	yes	11.6	290.1	20506	20827	9240	6656	415	43732	1524	92	468	4337	0	564
July 2, 2011 5:59:00 PM UTC	1309658340000	0	2	yes	11.4	290.3	20506	20827	9250	6585	429	43779	1535	98	495	4358	9	546
July 2, 2011 6:00:00 PM UTC	1309658400000	0	2	yes	11.2	290.4	20506	20827	9248	6544	430	43821	1515	99	442	4375	0	592
July 2, 2011 6:01:00 PM UTC	1309658460000	0	2	yes	11.1	290.5	20506	20827	9238	6610	424	43771	1475	145	440	4389	12	575
July 2, 2011 6:02:00 PM UTC	1309658520000	0	2	yes	10.9	290.7	20506	20827	9248	6543	432	43820	1485	138	446	4403	25	478
July 2, 2011 6:03:00 PM UTC	1309658580000	0	2	yes	10.7	290.8	20506	20827	9248	6543	434	43818	1465	147	418	4422	15	497
July 2, 2011 6:04:00 PM UTC	1309658640000	0	2	yes	10.5	290.9	20506	20827	9257	6494	445	43847	1467	112	479	4442	0	548
July 2, 2011 6:05:00 PM UTC	1309658700000	0	2	yes	10.3	291.1	20506	20827	9246	6559	432	43806	1431	155	483	4454	34	534
July 2, 2011 6:06:00 PM UTC	1309658760000	1	3	yes	10.1	291.2	20506	20827	9243	6577	434	43789	1407	150	502	4467	53	588
July 2, 2011 6:07:00 PM UTC	1309658820000	1	3	yes	9.9	291.3	20506	20827	9254	6502	446	43841	1416	187	477	4485	36	572
July 2, 2011 6:08:00 PM UTC	1309658880000	0	3	yes	9.7	291.5	20506	20827	9243	6576	436	43788	1380	150	489	4501	21	769
July 2, 2011 6:09:00 PM UTC	1309658940000	1	3	yes	9.6	291.6	20506	20827	9243	6576	442	43782	1365	166	515	4513	41	683
July 2, 2011 6:10:00 PM UTC	1309659000000	1	3	yes	9.4	291.8	20506	20827	9254	6509	450	43830	1371	191	487	4531	70	670
July 2, 2011 6:11:00 PM UTC	1309659060000	0	3	yes	9.2	291.9	20506	20827	9249	6549	448	43797	1342	157	456	4544	0	798
July 2, 2011 6:12:00 PM UTC	1309659120000	0	3	yes	9.0	292.0	20506	20827	9245	6574	449	43775	1318	184	420	4558	0	612
July 2, 2011 6:13:00 PM UTC	1309659180000	1	3	yes	8.8	292.2	20506	20827	9256	6508	460	43819	1325	161	421	4575	64	698
July 2, 2011 6:14:00 PM UTC	1309659240000	0	3	yes	8.6	292.3	20506	20827	9256	6508	459	43820	1309	120	396	4590	3	736
July 2, 2011 6:15:00 PM UTC	1309659300000	0	3	yes	8.4	292.4	20506	20827	9245	6574	451	43773	1275	72	457	4601	0	750
July 2, 2011 6:16:00 PM UTC	1309659360000	0	3	yes	8.3	292.6	20506	20827	9253	6507	465	43818	1278	49	488	4624	3	740
July 2, 2011 6:17:00 PM UTC	1309659420000	0	3	yes	8.1	292.7	20506	20827	9251	6522	462	43808	1259	44	433	4635	0	668
July 2, 2011 6:18:00 PM UTC	1309659480000	0	3	yes	7.9	292.9	20506	20827	9240	6599	456	43748	1221	56	463	4645	11	747
July 2, 2011 6:19:00 PM UTC	1309659540000	0	3	yes	7.7	293.0	20506	20827	9251	6533	465	43794	1224	37	469	4668	7	642
July 2, 2011 6:20:00 PM UTC	1309659600000	0	3	yes	7.5	293.1	20506	20827	9251	6533	467	43792	1211	48	470	4678	10	676
July 2, 2011 6:21:00 PM UTC	1309659660000	0	3	yes	7.3	293.3	20506	20827	9245	6569	462	43767	1180	51	456	4696	10	806
July 2, 2011 6:22:00 PM UTC	1309659720000	0	3	yes	7.1	293.4	20506	20827	9251	6484	469	43839	1182	43	411	4713	12	842
July 2, 2011 6:23:00 PM UTC	1309659780000	0	3	yes	7.0	293.6	20506	20827	9251	6484	472	43836	1162	39	381	4732	0	704
July 2, 2011 6:24:00 PM UTC	1309659840000	0	3	yes	6.8	293.7	20506	20827	9251	6484	472	43836	1151	22	466	4744	0	804
July 2, 2011 6:25:00 PM UTC	1309659900000	0	4	yes	6.6	293.8	20506	20827	9251	6483	472	43837	1131	40	446	4765	5	952
July 2, 2011 6:26:00 PM UTC	1309659960000	0	3	yes	6.4	294.0	20506	20827	9251	6483	472	43837	1115	34	397	4779	1	800
July 2, 2011 6:27:00 PM UTC	1309660020000	0	3	yes	6.2	294.1	20506	20827	9250	6530	469	43794	1096	38	404	4791	0	892
July 2, 2011 6:28:00 PM UTC	1309660080000	0	4	yes	6.0	294.3	20506	20827	9246	6558	472	43767	1076	20	402	4807	7	1057
July 2, 2011 6:29:00 PM UTC	1309660140000	0	3	yes	5.9	294.4	20506	20827	9246	6558	474	43765	1061	53	320	4821	0	769
July 2, 2011 6:30:00 PM UTC	1309660200000	0	3	yes	5.7	294.5	20506	20827	9246	6558	482	43757	1045	42	351	4835	1	798
July 2, 2011 6:31:00 PM UTC	1309660260000	0	2	yes	5.5	294.7	20506	20827	9249	6529	492	43773	1041	51	362	4852	2	613
July 2, 2011 6:32:00 PM UTC	1309660320000	0	3	yes	5.3	294.8	20506	20827	9249	6529	500	43765	1022	61	292	4872	4	776
July 2, 2011 6:33:00 PM UTC	1309660380000	0	2	yes	5.1	295.0	20506	20827	9246	6557	507	43733	1004	33	327	4878	0	616
July 2, 2011 6:34:00 PM UTC	1309660440000	0	2	yes	5.0	295.1	20506	20827	9257	6491	525	43770	1006	16	304	4901	1	578
July 2, 2011 6:35:00 PM UTC	1309660500000	0	2	yes	4.8	295.2	20506	20827	9246	6556	522	43719	978	23	203	4906	5	549
July 2, 2011 6:36:00 PM UTC	1309660560000	0	2	yes	4.6	295.4	20506	20827	9246	6556	530	43711	962	25	239	4922	4	587
July 2, 2011 6:37:00 PM UTC	1309660620000	0	2	yes	4.4	295.5	20506	20827	9256	6493	551	43743	966	2	185	4941	3	521
July 2, 2011 6:38:00 PM UTC	1309660680000	0	2	yes	4.2	295.7	20506	20827	9242	6586	545	43670	927	5	209	4945	15	528
July 2, 2011 6:39:00 PM UTC	1309660740000	0	2	yes	4.0	295.8	20506	20827	9241	6601	560	43641	911	19	187	4957	6	497
July 2, 2011 6:40:00 PM UTC	1309660800000	0	1	yes	3.9	296.0	20506	20827	9255	6507	592	43689	921	21	188	4981	23	434
July 2, 2011 6:41:00 PM UTC	1309660860000	0	1	yes	3.7	296.1	20506	20827	9245	6570	600	43628	891	16	188	4990	10	405
July 2, 2011 6:42:00 PM UTC	1309660920000	0	1	yes	3.5	296.2	20506	20827	9241	6601	621	43580	868	18	146	5000	20	331
July 2, 2011 6:43:00 PM UTC	1309660980000	0	1	yes	3.3	296.4	20506	20827	9252	6475	667	43649	873	20	139	5027	22	476
July 2, 2011 6:44:00 PM UTC	1309661040000	0	2	yes	3.1	296.5	20506	20827	9241	6540	686	43576	847	29	164	5027	28	492
