August 1, 2008 5:12:00 AM UTC	1217596320000	0	1	no	3.2	70.1	20506	20827	9248	6612	659	43524	848	45	38	5032	51	256
August 1, 2008 5:13:00 AM UTC	1217596380000	0	1	no	3.4	70.2	20506	20827	9249	6486	655	43653	871	5	54	5021	3	346
August 1, 2008 5:14:00 AM UTC	1217596440000	0	1	no	3.6	70.4	20506	20827	9237	6553	610	43643	865	7	61	5002	33	418
August 1, 2008 5:15:00 AM UTC	1217596500000	0	1	yes	3.7	70.5	20506	20827	9248	6486	592	43717	899	9	93	4990	47	355
August 1, 2008 5:16:00 AM UTC	1217596560000	0	1	yes	3.9	70.6	20506	20827	9252	6464	573	43754	917	24	47	4982	16	380
August 1, 2008 5:17:00 AM UTC	1217596620000	0	1	yes	4.1	70.8	20506	20827	9244	6535	551	43713	925	29	78	4955	19	255
August 1, 2008 5:18:00 AM UTC	1217596680000	0	1	yes	4.3	70.9	20506	20827	9252	6467	536	43788	954	44	99	4945	30	283
August 1, 2008 5:19:00 AM UTC	1217596740000	0	1	yes	4.5	71.1	20506	20827	9252	6467	531	43793	970	47	126	4930	37	363
August 1, 2008 5:20:00 AM UTC	1217596800000	0	1	yes	4.7	71.2	20506	20827	9241	6534	506	43762	966	46	37	4905	27	335
August 1, 2008 5:21:00 AM UTC	1217596860000	0	1	yes	4.9	71.4	20506	20827	9255	6447	526	43815	1004	23	102	4903	15	410
August 1, 2008 5:22:00 AM UTC	1217596920000	0	1	yes	5.1	71.5	20506	20827	9244	6512	511	43776	1003	23	108	4881	21	266
August 1, 2008 5:23:00 AM UTC	1217596980000	0	1	yes	5.3	71.7	20506	20827	9244	6514	503	43782	1018	23	120	4865	17	423
August 1, 2008 5:24:00 AM UTC	1217597040000	0	1	yes	5.5	71.8	20506	20827	9254	6466	494	43829	1048	39	146	4855	18	413
August 1, 2008 5:25:00 AM UTC	1217597100000	0	1	yes	5.6	71.9	20506	20827	9245	6528	479	43791	1044	33	161	4835	15	341
August 1, 2008 5:26:00 AM UTC	1217597160000	0	1	yes	5.8	72.1	20506	20827	9245	6528	468	43802	1060	32	168	4818	25	426
August 1, 2008 5:27:00 AM UTC	1217597220000	0	1	yes	6.0	72.2	20506	20827	9256	6447	469	43871	1099	60	100	4811	23	350
August 1, 2008 5:28:00 AM UTC	1217597280000	1	2	yes	6.2	72.4	20506	20827	9244	6521	461	43817	1090	63	196	4794	31	452
August 1, 2008 5:29:00 AM UTC	1217597340000	0	2	yes	6.4	72.5	20506	20827	9244	6521	458	43820	1109	54	211	4775	29	466
August 1, 2008 5:30:00 AM UTC	1217597400000	0	1	yes	6.6	72.7	20506	20827	9256	6447	478	43862	1140	22	219	4769	10	340
August 1, 2008 5:31:00 AM UTC	1217597460000	0	2	yes	6.8	72.8	20506	20827	9244	6575	465	43759	1133	21	191	4740	7	446
August 1, 2008 5:32:00 AM UTC	1217597520000	0	1	yes	7.0	72.9	20506	20827	9244	6575	466	43758	1153	20	150	4721	25	383
August 1, 2008 5:33:00 AM UTC	1217597580000	0	1	yes	7.2	73.1	20506	20827	9254	6508	471	43810	1188	34	152	4716	20	432
August 1, 2008 5:34:00 AM UTC	1217597640000	0	2	yes	7.4	73.2	20506	20827	9247	6555	467	43774	1193	32	205	4694	23	461
August 1, 2008 5:35:00 AM UTC	1217597700000	0	1	yes	7.6	73.4	20506	20827	9247	6555	466	43775	1207	32	163	4680	13	438
August 1, 2008 5:36:00 AM UTC	1217597760000	0	2	yes	7.7	73.5	20506	20827	9246	6556	461	43780	1223	50	248	4664	17	527
August 1, 2008 5:37:00 AM UTC	1217597820000	0	1	yes	7.9	73.6	20506	20827	9246	6556	460	43781	1237	46	171	4649	16	440
August 1, 2008 5:38:00 AM UTC	1217597880000	0	2	yes	8.1	73.8	20506	20827	9246	6556	460	43781	1251	49	244	4636	15	538
August 1, 2008 5:39:00 AM UTC	1217597940000	0	2	yes	8.3	73.9	20506	20827	9247	6558	458	43780	1265	19	190	4620	11	486
August 1, 2008 5:40:00 AM UTC	1217598000000	0	2	yes	8.5	74.1	20506	20827	9250	6499	462	43832	1287	23	278	4610	8	550
August 1, 2008 5:41:00 AM UTC	1217598060000	0	1	yes	8.7	74.2	20506	20827	9248	6518	458	43819	1309	26	185	4582	12	406
August 1, 2008 5:42:00 AM UTC	1217598120000	0	2	yes	8.9	74.4	20506	20827	9248	6518	454	43823	1320	36	246	4570	15	524
August 1, 2008 5:43:00 AM UTC	1217598180000	0	2	yes	9.1	74.5	20506	20827	9248	6518	451	43826	1339	34	214	4549	9	466
August 1, 2008 5:44:00 AM UTC	1217598240000	0	2	yes	9.3	74.6	20506	20827	9248	6518	447	43830	1354	36	221	4535	8	498
August 1, 2008 5:45:00 AM UTC	1217598300000	0	2	yes	9.5	74.8	20506	20827	9248	6520	443	43832	1369	48	218	4520	10	466
August 1, 2008 5:46:00 AM UTC	1217598360000	0	1	yes	9.7	74.9	20506	20827	9248	6520	443	43832	1385	52	181	4503	10	398
August 1, 2008 5:47:00 AM UTC	1217598420000	0	2	yes	9.9	75.1	20506	20827	9251	6502	443	43847	1401	10	223	4493	5	456
August 1, 2008 5:48:00 AM UTC	1217598480000	0	2	yes	10.1	75.2	20506	20827	9250	6503	445	43845	1421	25	245	4473	4	473
August 1, 2008 5:49:00 AM UTC	1217598540000	0	2	yes	10.3	75.3	20506	20827	9250	6503	441	43849	1443	25	274	4452	7	474
August 1, 2008 5:50:00 AM UTC	1217598600000	0	1	yes	10.5	75.5	20506	20827	9241	6575	429	43798	1437	18	229	4431	3	393
August 1, 2008 5:51:00 AM UTC	1217598660000	0	2	yes	10.6	75.6	20506	20827	9250	6505	439	43849	1470	36	348	4425	5	425
August 1, 2008 5:52:00 AM UTC	1217598720000	0	2	yes	10.8	75.8	20506	20827	9250	6505	436	43852	1486	36	335	4408	5	442
August 1, 2008 5:53:00 AM UTC	1217598780000	0	2	yes	11.0	75.9	20506	20827	9238	6574	426	43805	1477	34	264	4389	5	393
August 1, 2008 5:54:00 AM UTC	1217598840000	0	2	yes	11.2	76.0	20506	20827	9250	6557	432	43804	1514	45	358	4381	6	475
August 1, 2008 5:55:00 AM UTC	1217598900000	0	2	yes	11.4	76.2	20506	20827	9250	6557	434	43802	1538	52	300	4354	4	375
August 1, 2008 5:56:00 AM UTC	1217598960000	0	1	yes	11.6	76.3	20506	20827	9240	6627	415	43761	1528	45	213	4338	4	385
August 1, 2008 5:57:00 AM UTC	1217599020000	0	2	yes	11.8	76.5	20506	20827	9251	6558	423	43811	1566	24	380	4324	1	395
August 1, 2008 5:58:00 AM UTC	1217599080000	0	2	yes	12.0	76.6	20506	20827	9251	6558	426	43808	1585	30	386	4308	2	376
August 1, 2008 5:59:00 AM UTC	1217599140000	0	2	yes	12.2	76.7	20506	20827	9240	6627	406	43770	1575	24	366	4292	1	375
August 1, 2008 6:00:00 AM UTC	1217599200000	0	2	yes	12.4	76.9	20506	20827	9251	6556	414	43822	1618	42	315	4276	2	401
August 1, 2008 6:01:00 AM UTC	1217599260000	0	2	yes	12.6	77.0	20506	20827	9251	6556	412	43824	1637	43	304	4258	0	378
August 1, 2008 6:02:00 AM UTC	1217599320000	0	2	yes	12.8	77.2	20506	20827	9242	6615	400	43786	1627	48	375	4244	0	354
August 1, 2008 6:03:00 AM UTC	1217599380000	0	2	yes	13.0	77.3	20506	20827	9253	6545	412	43833	1672	59	403	4225	0	370
August 1, 2008 6:04:00 AM UTC	1217599440000	0	2	yes	13.2	77.4	20506	20827	9251	6558	408	43826	1676	64	419	4216	0	355
August 1, 2008 6:05:00 AM UTC	1217599500000	0	1	yes	13.4	77.6	20506	20827	9240	6629	385	43789	1670	8	311	4197	0	313
August 1, 2008 6:06:00 AM UTC	1217599560000	0	2	yes	13.6	77.7	20506	20827	9251	6527	395	43870	1716	30	384	4184	0	377
August 1, 2008 6:07:00 AM UTC	1217599620000	0	2	yes	13.8	77.8	20506	20827	9251	6527	390	43875	1733	21	377	4168	0	338
August 1, 2008 6:08:00 AM UTC	1217599680000	0	1	yes	14.0	78.0	20506	20827	9240	6597	379	43827	1722	35	279	4154	0	361
August 1, 2008 6:09:00 AM UTC	1217599740000	0	2	yes	14.2	78.1	20506	20827	9254	6428	392	43969	1777	40	326	4144	0	374
August 1, 2008 6:10:00 AM UTC	1217599800000	0	1	yes	14.4	78.3	20506	20827	9242	6513	372	43916	1761	39	308	4128	0	324
August 1, 2008 6:11:00 AM UTC	1217599860000	0	2	yes	14.6	78.4	20506	20827	9242	6513	366	43922	1779	45	334	4114	0	387
August 1, 2008 6:12:00 AM UTC	1217599920000	0	1	yes	14.8	78.5	20506	20827	9253	6430	376	43984	1829	68	281	4103	0	318
August 1, 2008 6:13:00 AM UTC	1217599980000	0	2	yes	15.0	78.7	20506	20827	9243	6495	359	43946	1820	62	350	4089	0	345
August 1, 2008 6:14:00 AM UTC	1217600040000	0	2	yes	15.1	78.8	20506	20827	9243	6495	359	43946	1839	64	378	4073	0	323
August 1, 2008 6:15:00 AM UTC	1217600100000	0	2	yes	15.3	79.0	20506	20827	9253	6429	367	43994	1881	32	397	4063	0	333
August 1, 2008 6:16:00 AM UTC	1217600160000	0	1	yes	15.5	79.1	20506	20827	9243	6503	344	43953	1865	28	317	4057	0	309
August 1, 2008 6:17:00 AM UTC	1217600220000	0	1	yes	15.7	79.2	20506	20827	9243	6507	337	43956	1885	26	277	4044	0	316
August 1, 2008 6:18:00 AM UTC	1217600280000	0	2	yes	15.9	79.4	20506	20827	9255	6493	344	43951	1925	49	357	4030	0	425
August 1, 2008 6:19:00 AM UTC	1217600340000	0	2	yes	16.1	79.5	20506	20827	9245	6560	327	43911	1911	49	481	4023	0	387
August 1, 2008 6:20:00 AM UTC	1217600400000	0	2	yes	16.3	79.7	20506	20827	9245	6560	320	43918	1921	62	435	4015	1	398
August 1, 2008 6:21:00 AM UTC	1217600460000	0	2	yes	16.5	79.8	20506	20827	9257	6487	328	43971	1972	62	492	4005	0	414
August 1, 2008 6:22:00 AM UTC	1217600520000	0	2	yes	16.7	79.9	20506	20827	9246	6560	310	43927	1959	65	386	3992	0	384
August 1, 2008 6:23:00 AM UTC	1217600580000	0	2	yes	16.9	80.1	20506	20827	9246	6560	301	43936	1968	72	453	3987	0	377
August 1, 2008 6:24:00 AM UTC	1217600640000	0	2	yes	17.1	80.2	20506	20827	9256	6489	305	43993	2019	34	425	3973	0	372
August 1, 2008 6:25:00 AM UTC	1217600700000	0	2	yes	17.3	80.3	20506	20827	9247	6560	292	43944	2001	28	441	3967	0	433
August 1, 2008 6:26:00 AM UTC	1217600760000	0	2	yes	17.5	80.5	20506	20827	9247	6560	285	43951	2020	35	502	3956	0	447
August 1, 2008 6:27:00 AM UTC	1217600820000	0	2	yes	17.7	80.6	20506	20827	9248	6560	278	43957	2034	56	591	3947	0	458
August 1, 2008 6:28:00 AM UTC	1217600880000	0	2	yes	17.9	80.8	20506	20827	9250	6549	276	43968	2052	41	533	3942	0	450
August 1, 2008 6:29:00 AM UTC	1217600940000	0	2	yes	18.1	80.9	20506	20827	9250	6549	268	43976	2066	47	549	3937	0	457
August 1, 2008 6:30:00 AM UTC	1217601000000	0	2	yes	18.3	81.0	20506	20827	9251	6521	255	44016	2084	101	590	3919	0	453
August 1, 2008 6:31:00 AM UTC	1217601060000	0	2	yes	18.5	81.2	20506	20827	9251	6521	245	44026	2100	70	591	3925	0	456
August 1, 2008 6:32:00 AM UTC	1217601120000	0	2	yes	18.7	81.3	20506	20827	9251	6521	233	44038	2115	79	605	3910	0	458
August 1, 2008 6:33:00 AM UTC	1217601180000	0	2	yes	18.9	81.5	20506	20827	9252	6520	227	44044	2132	30	603	3894	0	461
August 1, 2008 6:34:00 AM UTC	1217601240000	0	3	yes	19.1	81.6	20506	20827	9252	6520	218	44053	2147	51	720	3899	0	473
August 1, 2008 6:35:00 AM UTC	1217601300000	0	3	yes	19.3	81.7	20506	20827	9252	6538	212	44041	2160	72	691	3887	0	489
August 1, 2008 6:36:00 AM UTC	1217601360000	0	3	yes	19.5	81.9	20506	20827	9253	6527	202	44061	2182	79	689	3882	0	483
August 1, 2008 6:37:00 AM UTC	1217601420000	0	3	yes	19.7	82.0	20506	20827	9254	6518	188	44083	2200	90	639	3876	0	455
August 1, 2008 6:38:00 AM UTC	1217601480000	0	3	yes	19.9	82.2	20506	20827	9254	6518	179	44092	2213	103	672	3867	0	458
August 1, 2008 6:39:00 AM UTC	1217601540000	1	3	yes	20.1	82.3	20506	20827	9255	6519	170	44099	2231	148	697	3860	0	478
August 1, 2008 6:40:00 AM UTC	1217601600000	0	3	yes	20.3	82.4	20506	20827	9255	6519	161	44108	2237	130	781	3865	0	477
August 1, 2008 6:41:00 AM UTC	1217601660000	1	3	yes	20.5	82.6	20506	20827	9255	6519	152	44117	2260	145	768	3851	0	451
August 1, 2008 6:42:00 AM UTC	1217601720000	1	3	yes	20.7	82.7	20506	20827	9256	6520	139	44128	2272	128	845	3848	0	426
August 1, 2008 6:43:00 AM UTC	1217601780000	0	3	yes	20.9	82.8	20506	20827	9256	6520	130	44137	2286	60	790	3845	0	431
August 1, 2008 6:44:00 AM UTC	1217601840000	0	3	yes	21.1	83.0	20506	20827	9245	6662	108	44028	2251	82	796	3840	0	487
August 1, 2008 6:45:00 AM UTC	1217601900000	0	3	yes	21.3	83.1	20506	20827	9256	6597	104	44086	2296	111	863	3839	0	391
August 1, 2008 6:46:00 AM UTC	1217601960000	0	3	yes	21.5	83.3	20506	20827	9256	6597	89	44101	2312	122	872	3833	0	399
August 1, 2008 6:47:00 AM UTC	1217602020000	0	3	yes	21.7	83.4	20506	20827	9245	6661	69	44068	2291	78	976	3830	0	401
August 1, 2008 6:48:00 AM UTC	1217602080000	0	3	yes	21.9	83.5	20506	20827	9257	6577	70	44139	2350	100	999	3825	0	357
August 1, 2008 6:49:00 AM UTC	1217602140000	0	3	yes	22.1	83.7	20506	20827	9257	6577	55	44154	2355	129	981	3829	0	407
August 1, 2008 6:50:00 AM UTC	1217602200000	0	3	yes	22.3	83.8	20506	20827	9246	6655	34	44108	2341	134	983	3821	0	387
August 1, 2008 6:51:00 AM UTC	1217602260000	1	3	yes	22.5	84.0	20506	20827	9258	6500	32	44253	2403	170	875	3814	0	345
August 1, 2008 6:52:00 AM UTC	1217602320000	0	3	yes	22.7	84.1	20506	20827	9258	6500	21	44264	2414	111	939	3818	1	382
August 1, 2008 6:53:00 AM UTC	1217602380000	0	3	yes	22.9	84.3	20506	20827	9247	6544	3	44249	2396	112	972	3814	0	395
August 1, 2008 6:54:00 AM UTC	1217602440000	1	3	yes	23.1	84.4	20506	20827	9258	6486	2	44297	2446	170	939	3810	0	404
August 1, 2008 6:55:00 AM UTC	1217602500000	0	3	yes	23.3	84.5	20506	20827	9258	6486	1	44298	2457	151	995	3811	2	425
August 1, 2008 6:56:00 AM UTC	1217602560000	0	3	yes	23.5	84.7	20506	20827	9248	6557	0	44238	2438	135	908	3808	0	387
August 1, 2008 6:57:00 AM UTC	1217602620000	1	3	yes	23.7	84.8	20506	20827	9259	6486	0	44298	2485	165	990	3807	0	310
August 1, 2008 6:58:00 AM UTC	1217602680000	1	3	yes	23.9	85.0	20506	20827	9259	6486	0	44298	2497	177	993	3809	0	368
August 1, 2008 6:59:00 AM UTC	1217602740000	1	3	yes	24.1	85.1	20506	20827	9260	6480	0	44303	2519	285	870	3803	0	390
August 1, 2008 7:00:00 AM UTC	1217602800000	1	3	yes	24.3	85.2	20506	20827	9260	6480	0	44303	2529	225	889	3804	0	383
August 1, 2008 7:01:00 AM UTC	1217602860000	0	3	yes	24.5	85.4	20506	20827	9249	6551	0	44243	2498	141	869	3808	0	351
August 1, 2008 7:02:00 AM UTC	1217602920000	0	3	yes	24.7	85.5	20506	20827	9260	6481	0	44302	2549	164	879	3809	0	347
August 1, 2008 7:03:00 AM UTC	1217602980000	1	3	yes	24.9	85.7	20506	20827	9260	6481	0	44302	2568	227	801	3803	0	321
August 1, 2008 7:04:00 AM UTC	1217603040000	1	3	yes	25.1	85.8	20506	20827	9249	6552	0	44242	2538	189	917	3808	0	355
August 1, 2008 7:05:00 AM UTC	1217603100000	1	3	yes	25.3	86.0	20506	20827	9260	6482	0	44301	2590	221	872	3807	0	344
August 1, 2008 7:06:00 AM UTC	1217603160000	1	3	yes	25.5	86.1	20506	20827	9260	6482	0	44301	2597	270	763	3810	0	348
August 1, 2008 7:07:00 AM UTC	1217603220000	1	3	yes	25.7	86.2	20506	20827	9250	6553	0	44240	2578	209	846	3807	0	305
August 1, 2008 7:08:00 AM UTC	1217603280000	1	3	yes	25.9	86.4	20506	20827	9260	6484	0	44299	2627	218	871	3811	0	298
August 1, 2008 7:09:00 AM UTC	1217603340000	1	2	yes	26.1	86.5	20506	20827	9260	6484	0	44299	2635	273	792	3813	0	288
August 1, 2008 7:10:00 AM UTC	1217603400000	1	3	yes	26.3	86.7	20506	20827	9250	6555	0	44238	2608	249	816	3814	0	303
August 1, 2008 7:11:00 AM UTC	1217603460000	0	3	yes	26.5	86.8	20506	20827	9260	6485	0	44298	2650	161	848	3825	0	270
August 1, 2008 7:12:00 AM UTC	1217603520000	0	3	yes	26.7	87.0	20506	20827	9248	6629	0	44166	2616	136	844	3820	0	289
August 1, 2008 7:13:00 AM UTC	1217603580000	0	3	yes	26.9	87.1	20506	20827	9259	6554	0	44230	2670	187	850	3820	0	290
August 1, 2008 7:14:00 AM UTC	1217603640000	1	3	yes	27.1	87.2	20506	20827	9259	6544	0	44240	2674	189	873	3833	0	306
August 1, 2008 7:15:00 AM UTC	1217603700000	0	3	yes	27.3	87.4	20506	20827	9249	6617	0	44177	2644	162	816	3833	0	298
August 1, 2008 7:16:00 AM UTC	1217603760000	1	3	yes	27.5	87.5	20506	20827	9261	6543	0	44239	2692	195	855	3832	0	276
August 1, 2008 7:17:00 AM UTC	1217603820000	1	3	yes	27.7	87.7	20506	20827	9261	6543	0	44239	2701	193	846	3837	0	274
August 1, 2008 7:18:00 AM UTC	1217603880000	1	2	yes	27.9	87.8	20506	20827	9249	6615	0	44179	2671	179	805	3845	0	282
August 1, 2008 7:19:00 AM UTC	1217603940000	1	3	yes	28.1	88.0	20506	20827	9261	6544	0	44238	2725	230	841	3849	0	275
August 1, 2008 7:20:00 AM UTC	1217604000000	0	3	yes	28.3	88.1	20506	20827	9261	6544	0	44238	2731	109	903	3858	0	259
August 1, 2008 7:21:00 AM UTC	1217604060000	0	2	yes	28.5	88.3	20506	20827	9249	6616	0	44178	2699	99	824	3861	0	257
August 1, 2008 7:22:00 AM UTC	1217604120000	0	3	yes	28.7	88.4	20506	20827	9261	6545	0	44237	2746	124	852	3866	0	267
August 1, 2008 7:23:00 AM UTC	1217604180000	0	2	yes	28.9	88.6	20506	20827	9249	6617	0	44177	2719	122	808	3868	0	259
August 1, 2008 7:24:00 AM UTC	1217604240000	0	3	yes	29.1	88.7	20506	20827	9261	6545	0	44237	2769	160	852	3881	0	299
August 1, 2008 7:25:00 AM UTC	1217604300000	1	2	yes	29.3	88.8	20506	20827	9261	6463	0	44319	2792	159	828	3887	0	252
August 1, 2008 7:26:00 AM UTC	1217604360000	1	2	yes	29.5	89.0	20506	20827	9249	6534	0	44260	2765	164	812	3893	0	271
August 1, 2008 7:27:00 AM UTC	1217604420000	1	2	yes	29.7	89.1	20506	20827	9261	6462	0	44320	2814	207	803	3896	0	292
August 1, 2008 7:28:00 AM UTC	1217604480000	0	3	yes	29.9	89.3	20506	20827	9261	6462	0	44320	2814	84	844	3908	0	311
August 1, 2008 7:29:00 AM UTC	1217604540000	0	2	yes	30.1	89.4	20506	20827	9249	6533	0	44261	2764	73	799	3916	0	297
August 1, 2008 7:30:00 AM UTC	1217604600000	0	3	yes	30.3	89.6	20506	20827	9261	6461	0	44321	2826	127	794	3929	0	312
August 1, 2008 7:31:00 AM UTC	1217604660000	0	2	yes	30.5	89.7	20506	20827	9249	6614	0	44180	2773	126	783	3936	0	294
August 1, 2008 7:32:00 AM UTC	1217604720000	0	2	yes	30.7	89.9	20506	20827	9249	6614	0	44180	2778	132	761	3941	0	295
August 1, 2008 7:33:00 AM UTC	1217604780000	1	2	yes	30.9	90.0	20506	20827	9261	6506	0	44276	2854	181	743	3947	0	299
August 1, 2008 7:34:00 AM UTC	1217604840000	1	2	yes	31.1	90.2	20506	20827	9261	6469	0	44313	2856	196	737	3959	0	318
August 1, 2008 7:35:00 AM UTC	1217604900000	1	2	yes	31.3	90.3	20506	20827	9261	6469	0	44313	2857	184	737	3973	0	345
August 1, 2008 7:36:00 AM UTC	1217604960000	1	2	yes	31.5	90.5	20506	20827	9261	6469	0	44313	2867	182	729	3979	6	335
August 1, 2008 7:37:00 AM UTC	1217605020000	1	2	yes	31.7	90.6	20506	20827	9249	6541	0	44253	2810	201	686	3990	0	347
August 1, 2008 7:38:00 AM UTC	1217605080000	0	3	yes	31.9	90.8	20506	20827	9261	6470	0	44312	2873	115	773	4006	0	345
August 1, 2008 7:39:00 AM UTC	1217605140000	0	2	yes	32.1	90.9	20506	20827	9249	6542	0	44252	2834	124	698	4016	0	334
August 1, 2008 7:40:00 AM UTC	1217605200000	0	2	yes	32.3	91.1	20506	20827	9249	6542	0	44252	2838	123	704	4030	0	357
August 1, 2008 7:41:00 AM UTC	1217605260000	0	2	yes	32.5	91.2	20506	20827	9261	6545	0	44237	2856	123	687	4045	0	312
August 1, 2008 7:42:00 AM UTC	1217605320000	0	2	yes	32.7	91.4	20506	20827	9249	6617	0	44177	2813	130	623	4059	0	332
August 1, 2008 7:43:00 AM UTC	1217605380000	0	2	yes	32.9	91.5	20506	20827	9261	6545	0	44237	2862	185	585	4070	0	338
August 1, 2008 7:44:00 AM UTC	1217605440000	0	2	yes	33.1	91.7	20506	20827	9261	6545	0	44237	2864	186	632	4082	2	364
August 1, 2008 7:45:00 AM UTC	1217605500000	0	2	yes	33.3	91.8	20506	20827	9249	6616	0	44178	2817	166	602	4102	0	357
August 1, 2008 7:46:00 AM UTC	1217605560000	1	2	yes	33.5	92.0	20506	20827	9261	6544	0	44238	2856	221	587	4121	1	368
August 1, 2008 7:47:00 AM UTC	1217605620000	0	2	yes	33.7	92.2	20506	20827	9249	6615	0	44179	2819	77	632	4129	2	344
August 1, 2008 7:48:00 AM UTC	1217605680000	0	2	yes	33.9	92.3	20506	20827	9261	6543	0	44239	2860	115	588	4149	3	359
August 1, 2008 7:49:00 AM UTC	1217605740000	0	2	yes	34.1	92.5	20506	20827	9261	6543	0	44239	2855	105	574	4172	4	340
August 1, 2008 7:50:00 AM UTC	1217605800000	0	2	yes	34.3	92.6	20506	20827	9249	6617	0	44177	2811	99	507	4186	5	330
August 1, 2008 7:51:00 AM UTC	1217605860000	0	2	yes	34.5	92.8	20506	20827	9259	6544	0	44240	2849	144	525	4205	8	318
August 1, 2008 7:52:00 AM UTC	1217605920000	0	2	yes	34.7	92.9	20506	20827	9249	6627	0	44167	2804	123	504	4216	6	356
August 1, 2008 7:53:00 AM UTC	1217605980000	1	2	yes	34.9	93.1	20506	20827	9258	6558	0	44227	2847	194	485	4237	11	367
August 1, 2008 7:54:00 AM UTC	1217606040000	1	2	yes	35.1	93.2	20506	20827	9260	6477	0	44306	2874	196	511	4248	13	391
August 1, 2008 7:55:00 AM UTC	1217606100000	1	2	yes	35.3	93.4	20506	20827	9250	6549	0	44244	2822	186	496	4264	14	378
August 1, 2008 8:00:00 AM UTC	1217606400000	0	2	yes	36.3	94.2	20506	20827	9249	6550	0	44244	2817	101	405	4354	8	384
August 1, 2008 8:01:00 AM UTC	1217606460000	1	2	yes	36.5	94.4	20506	20827	9260	6480	0	44303	2858	158	333	4380	18	378
August 1, 2008 8:02:00 AM UTC	1217606520000	0	2	yes	36.7	94.5	20506	20827	9249	6551	0	44243	2813	158	335	4391	8	377
August 1, 2008 8:03:00 AM UTC	1217606580000	1	2	yes	36.9	94.7	20506	20827	9260	6481	0	44302	2863	205	315	4408	10	391
August 1, 2008 8:04:00 AM UTC	1217606640000	1	2	yes	37.1	94.8	20506	20827	9260	6481	0	44302	2856	198	289	4428	22	379
August 1, 2008 8:05:00 AM UTC	1217606700000	0	1	yes	37.3	95.0	20506	20827	9248	6559	0	44236	2806	84	243	4442	2	366
August 1, 2008 8:06:00 AM UTC	1217606760000	0	1	yes	37.5	95.2	20506	20827	9259	6489	0	44295	2853	116	255	4459	8	371
August 1, 2008 8:07:00 AM UTC	1217606820000	0	1	yes	37.7	95.3	20506	20827	9248	6561	0	44234	2806	115	202	4477	6	391
August 1, 2008 8:08:00 AM UTC	1217606880000	1	1	yes	37.9	95.5	20506	20827	9258	6491	0	44294	2846	162	187	4497	8	387
August 1, 2008 8:09:00 AM UTC	1217606940000	1	1	yes	38.1	95.7	20506	20827	9258	6478	0	44307	2840	158	200	4515	10	335
August 1, 2008 8:10:00 AM UTC	1217607000000	1	1	yes	38.3	95.8	20506	20827	9247	6548	0	44248	2809	157	156	4521	4	330
August 1, 2008 8:11:00 AM UTC	1217607060000	1	1	yes	38.5	96.0	20506	20827	9258	6504	0	44281	2838	192	155	4547	11	314
August 1, 2008 8:12:00 AM UTC	1217607120000	0	1	yes	38.7	96.2	20506	20827	9246	6652	0	44145	2765	155	145	4565	15	263
August 1, 2008 8:13:00 AM UTC	1217607180000	0	1	yes	38.9	96.3	20506	20827	9257	6574	0	44212	2807	76	151	4583	2	250
August 1, 2008 8:14:00 AM UTC	1217607240000	0	1	yes	39.1	96.5	20506	20827	9257	6574	0	44212	2814	67	159	4598	1	279
August 1, 2008 8:15:00 AM UTC	1217607300000	0	1	yes	39.3	96.7	20506	20827	9256	6598	0	44189	2800	116	125	4612	3	257
August 1, 2008 8:16:00 AM UTC	1217607360000	0	1	yes	39.5	96.8	20506	20827	9256	6598	0	44189	2797	112	115	4628	4	278
August 1, 2008 8:17:00 AM UTC	1217607420000	0	1	yes	39.7	97.0	20506	20827	9245	6662	0	44136	2761	115	101	4638	3	202
August 1, 2008 8:18:00 AM UTC	1217607480000	0	1	yes	39.9	97.2	20506	20827	9256	6513	0	44274	2828	156	94	4667	7	140
August 1, 2008 8:19:00 AM UTC	1217607540000	0	1	yes	40.1	97.3	20506	20827	9256	6513	0	44274	2822	153	95	4687	10	131
August 1, 2008 8:20:00 AM UTC	1217607600000	1	1	yes	40.3	97.5	20506	20827	9255	6514	0	44274	2822	189	91	4706	16	163
August 1, 2008 8:21:00 AM UTC	1217607660000	1	1	yes	40.5	97.7	20506	20827	9255	6514	0	44274	2819	190	102	4721	22	145
August 1, 2008 8:22:00 AM UTC	1217607720000	0	1	yes	40.7	97.9	20506	20827	9254	6514	0	44275	2819	87	106	4734	3	122
August 1, 2008 8:23:00 AM UTC	1217607780000	0	1	yes	40.9	98.0	20506	20827	9254	6514	0	44275	2822	89	122	4757	1	101
August 1, 2008 8:24:00 AM UTC	1217607840000	0	1	yes	41.1	98.2	20506	20827	9252	6534	0	44257	2817	123	120	4763	7	101
August 1, 2008 8:25:00 AM UTC	1217607900000	0	1	yes	41.3	98.4	20506	20827	9252	6517	0	44274	2808	123	109	4791	6	95
August 1, 2008 8:26:00 AM UTC	1217607960000	0	1	yes	41.5	98.6	20506	20827	9252	6517	0	44274	2807	120	111	4800	2	98
August 1, 2008 8:27:00 AM UTC	1217608020000	1	0	yes	41.7	98.7	20506	20827	9251	6518	0	44274	2806	161	117	4829	15	71
August 1, 2008 8:28:00 AM UTC	1217608080000	0	0	yes	41.9	98.9	20506	20827	9251	6518	0	44274	2809	152	112	4830	9	55
August 1, 2008 8:29:00 AM UTC	1217608140000	1	1	yes	42.1	99.1	20506	20827	9250	6550	0	44243	2797	192	118	4854	27	90
August 1, 2008 8:30:00 AM UTC	1217608200000	0	0	yes	42.3	99.3	20506	20827	9250	6550	0	44243	2800	84	101	4868	0	81
August 1, 2008 8:31:00 AM UTC	1217608260000	0	0	yes	42.5	99.4	20506	20827	9247	6562	0	44234	2787	124	90	4894	4	89
August 1, 2008 8:32:00 AM UTC	1217608320000	0	0	yes	42.7	99.6	20506	20827	9247	6562	0	44234	2796	127	102	4909	1	67
August 1, 2008 8:33:00 AM UTC	1217608380000	1	0	yes	42.9	99.8	20506	20827	9256	6493	0	44294	2828	156	104	4936	7	73
August 1, 2008 8:34:00 AM UTC	1217608440000	0	0	yes	43.1	100.0	20506	20827	9246	6565	0	44232	2785	148	100	4943	3	57
August 1, 2008 8:35:00 AM UTC	1217608500000	0	0	yes	43.3	100.2	20506	20827	9246	6565	0	44232	2791	157	97	4957	9	64
August 1, 2008 8:36:00 AM UTC	1217608560000	1	0	yes	43.5	100.3	20506	20827	9245	6565	0	44233	2787	184	103	4974	20	37
August 1, 2008 8:37:00 AM UTC	1217608620000	0	0	yes	43.7	100.5	20506	20827	9245	6565	0	44233	2785	74	89	4989	0	42
August 1, 2008 8:38:00 AM UTC	1217608680000	0	0	yes	43.9	100.7	20506	20827	9243	6506	0	44294	2798	101	100	5009	4	39
August 1, 2008 8:39:00 AM UTC	1217608740000	0	0	yes	44.1	100.9	20506	20827	9243	6500	0	44300	2795	93	98	5027	2	35
August 1, 2008 8:40:00 AM UTC	1217608800000	1	0	yes	44.2	101.1	20506	20827	9243	6493	0	44307	2795	145	100	5047	14	30
August 1, 2008 8:41:00 AM UTC	1217608860000	0	0	yes	44.4	101.3	20506	20827	9243	6493	0	44307	2802	136	90	5061	14	37
August 1, 2008 8:42:00 AM UTC	1217608920000	1	0	yes	44.6	101.5	20506	20827	9253	6428	0	44362	2830	178	92	5089	26	27
August 1, 2008 8:43:00 AM UTC	1217608980000	1	0	yes	44.8	101.7	20506	20827	9242	6513	0	44288	2790	175	95	5090	25	16
August 1, 2008 8:44:00 AM UTC	1217609040000	1	0	yes	45.0	101.8	20506	20827	9254	6430	0	44359	2834	221	101	5118	36	24
August 1, 2008 8:45:00 AM UTC	1217609100000	0	0	yes	45.2	102.0	20506	20827	9240	6591	0	44212	2755	54	87	5117	0	28
August 1, 2008 8:46:00 AM UTC	1217609160000	0	0	yes	45.4	102.2	20506	20827	9251	6521	0	44271	2792	90	91	5148	7	36
August 1, 2008 8:47:00 AM UTC	1217609220000	0	0	yes	45.6	102.4	20506	20827	9240	6626	0	44177	2747	82	99	5147	6	27
August 1, 2008 8:48:00 AM UTC	1217609280000	0	0	yes	45.8	102.6	20506	20827	9251	6555	0	44237	2778	120	105	5181	22	26
August 1, 2008 8:49:00 AM UTC	1217609340000	0	0	yes	46.0	102.8	20506	20827	9242	6613	0	44188	2745	137	89	5183	24	25
August 1, 2008 8:50:00 AM UTC	1217609400000	1	0	yes	46.2	103.0	20506	20827	9251	6555	0	44237	2781	179	94	5210	37	27
August 1, 2008 8:51:00 AM UTC	1217609460000	1	0	yes	46.4	103.2	20506	20827	9240	6627	0	44176	2746	158	99	5209	27	18
August 1, 2008 8:52:00 AM UTC	1217609520000	0	0	yes	46.6	103.4	20506	20827	9251	6558	0	44234	2775	91	94	5242	3	9
August 1, 2008 8:53:00 AM UTC	1217609580000	0	0	yes	46.8	103.6	20506	20827	9240	6625	0	44178	2727	81	96	5244	1	9
August 1, 2008 8:54:00 AM UTC	1217609640000	0	0	yes	47.0	103.8	20506	20827	9250	6555	0	44238	2761	123	93	5275	18	15
August 1, 2008 8:55:00 AM UTC	1217609700000	0	0	yes	47.2	104.0	20506	20827	9248	6571	0	44224	2755	104	112	5285	8	7
August 1, 2008 8:56:00 AM UTC	1217609760000	1	0	yes	47.4	104.2	20506	20827	9250	6497	0	44296	2789	152	96	5304	22	13
August 1, 2008 8:57:00 AM UTC	1217609820000	1	0	yes	47.6	104.4	20506	20827	9250	6497	0	44296	2783	149	93	5320	16	10
August 1, 2008 8:58:00 AM UTC	1217609880000	1	0	yes	47.8	104.6	20506	20827	9250	6499	0	44294	2783	185	100	5335	44	19
August 1, 2008 8:59:00 AM UTC	1217609940000	0	0	yes	48.0	104.8	20506	20827	9250	6499	0	44294	2791	66	100	5345	0	11
August 1, 2008 9:00:00 AM UTC	1217610000000	0	0	yes	48.2	105.0	20506	20827	9248	6516	0	44279	2776	110	99	5358	3	3
August 1, 2008 9:01:00 AM UTC	1217610060000	0	0	yes	48.3	105.2	20506	20827	9248	6516	0	44279	2775	97	104	5373	4	9
August 1, 2008 9:02:00 AM UTC	1217610120000	0	0	yes	48.5	105.4	20506	20827	9248	6516	0	44279	2774	129	106	5384	14	11
August 1, 2008 9:03:00 AM UTC	1217610180000	0	0	yes	48.7	105.6	20506	20827	9248	6516	0	44279	2766	136	98	5406	21	11
August 1, 2008 9:04:00 AM UTC	1217610240000	1	0	yes	48.9	105.9	20506	20827	9248	6516	0	44279	2770	172	100	5418	37	12
August 1, 2008 9:05:00 AM UTC	1217610300000	1	0	yes	49.1	106.1	20506	20827	9247	6557	0	44239	2755	167	93	5430	30	6
August 1, 2008 9:06:00 AM UTC	1217610360000	0	0	yes	49.3	106.3	20506	20827	9246	6556	0	44241	2754	90	101	5442	4	8
August 1, 2008 9:07:00 AM UTC	1217610420000	0	0	yes	49.5	106.5	20506	20827	9246	6556	0	44241	2752	90	94	5461	4	8
August 1, 2008 9:08:00 AM UTC	1217610480000	0	0	yes	49.7	106.7	20506	20827	9247	6557	0	44239	2744	116	107	5474	12	9
August 1, 2008 9:09:00 AM UTC	1217610540000	1	0	yes	49.9	106.9	20506	20827	9254	6510	0	44279	2774	168	92	5498	33	11
August 1, 2008 9:10:00 AM UTC	1217610600000	1	0	yes	50.1	107.2	20506	20827	9244	6578	0	44221	2736	144	112	5492	26	9
August 1, 2008 9:11:00 AM UTC	1217610660000	1	0	yes	50.3	107.4	20506	20827	9256	6444	0	44343	2808	179	112	5523	51	15
August 1, 2008 9:12:00 AM UTC	1217610720000	0	0	yes	50.5	107.6	20506	20827	9244	6518	0	44281	2764	67	105	5526	2	7
August 1, 2008 9:13:00 AM UTC	1217610780000	0	0	yes	50.7	107.8	20506	20827	9254	6459	0	44330	2790	112	103	5554	10	13
August 1, 2008 9:14:00 AM UTC	1217610840000	0	0	yes	50.8	108.0	20506	20827	9245	6527	0	44271	2758	108	100	5546	10	11
August 1, 2008 9:15:00 AM UTC	1217610900000	1	0	yes	51.0	108.3	20506	20827	9256	6444	0	44343	2801	156	102	5580	31	11
August 1, 2008 9:16:00 AM UTC	1217610960000	1	0	yes	51.2	108.5	20506	20827	9244	6509	0	44290	2759	148	106	5576	32	13
August 1, 2008 9:17:00 AM UTC	1217611020000	1	0	yes	51.4	108.7	20506	20827	9252	6464	0	44327	2773	175	106	5603	47	12
August 1, 2008 9:18:00 AM UTC	1217611080000	0	0	yes	51.6	109.0	20506	20827	9252	6464	0	44327	2775	93	106	5614	7	13
August 1, 2008 9:19:00 AM UTC	1217611140000	0	0	yes	51.8	109.2	20506	20827	9244	6535	0	44264	2728	101	97	5611	6	8
August 1, 2008 9:20:00 AM UTC	1217611200000	0	0	yes	52.0	109.4	20506	20827	9252	6467	0	44324	2773	128	96	5637	17	13
August 1, 2008 9:21:00 AM UTC	1217611260000	1	0	yes	52.2	109.7	20506	20827	9237	6556	0	44250	2725	129	92	5625	23	23
August 1, 2008 9:22:00 AM UTC	1217611320000	0	0	yes	52.4	109.9	20506	20827	9248	6610	0	44185	2714	124	94	5649	37	23
August 1, 2008 9:23:00 AM UTC	1217611380000	1	0	yes	52.6	110.1	20506	20827	9250	6588	0	44205	2722	167	90	5662	59	9
August 1, 2008 9:24:00 AM UTC	1217611440000	1	0	yes	52.7	110.4	20506	20827	9248	6542	0	44253	2750	165	97	5676	50	10
August 1, 2008 9:25:00 AM UTC	1217611500000	0	0	yes	52.9	110.6	20506	20827	9248	6542	0	44253	2742	78	113	5687	10	14
August 1, 2008 9:26:00 AM UTC	1217611560000	0	0	yes	53.1	110.9	20506	20827	9248	6542	0	44253	2745	80	102	5696	12	12
August 1, 2008 9:27:00 AM UTC	1217611620000	0	0	yes	53.3	111.1	20506	20827	9247	6544	0	44252	2729	108	98	5708	28	13
August 1, 2008 9:28:00 AM UTC	1217611680000	0	0	yes	53.5	111.4	20506	20827	9253	6518	0	44272	2748	125	108	5727	35	13
August 1, 2008 9:29:00 AM UTC	1217611740000	1	0	yes	53.7	111.6	20506	20827	9243	6577	0	44223	2708	139	100	5722	41	12
August 1, 2008 9:30:00 AM UTC	1217611800000	1	0	yes	53.9	111.9	20506	20827	9258	6485	0	44300	2759	166	110	5756	73	10
August 1, 2008 9:31:00 AM UTC	1217611860000	0	0	yes	54.1	112.1	20506	20827	9245	6576	0	44222	2706	65	93	5739	5	21
August 1, 2008 9:32:00 AM UTC	1217611920000	0	0	yes	54.2	112.4	20506	20827	9245	6576	0	44222	2717	96	100	5747	16	13
August 1, 2008 9:33:00 AM UTC	1217611980000	0	0	yes	54.4	112.6	20506	20827	9253	6510	0	44280	2745	127	98	5778	31	21
August 1, 2008 9:34:00 AM UTC	1217612040000	0	0	yes	54.6	112.9	20506	20827	9240	6603	0	44200	2698	125	101	5761	31	20
August 1, 2008 9:35:00 AM UTC	1217612100000	1	0	yes	54.8	113.1	20506	20827	9251	6537	0	44255	2729	159	92	5787	50	16
August 1, 2008 9:36:00 AM UTC	1217612160000	0	0	yes	55.0	113.4	20506	20827	9251	6480	0	44312	2752	79	98	5801	9	16
August 1, 2008 9:37:00 AM UTC	1217612220000	0	0	yes	55.2	113.7	20506	20827	9251	6480	0	44312	2741	75	93	5812	8	11
August 1, 2008 9:38:00 AM UTC	1217612280000	0	0	yes	55.3	113.9	20506	20827	9251	6481	0	44311	2747	102	94	5816	26	16
August 1, 2008 9:39:00 AM UTC	1217612340000	0	0	yes	55.5	114.2	20506	20827	9235	6624	0	44184	2682	103	95	5789	17	11
August 1, 2008 9:40:00 AM UTC	1217612400000	0	0	yes	55.7	114.5	20506	20827	9246	6559	0	44238	2712	130	94	5819	31	10
August 1, 2008 9:41:00 AM UTC	1217612460000	1	0	yes	55.9	114.7	20506	20827	9249	6529	0	44265	2725	172	106	5837	81	16
August 1, 2008 9:42:00 AM UTC	1217612520000	0	0	yes	56.1	115.0	20506	20827	9246	6559	0	44238	2718	75	80	5834	11	13
August 1, 2008 9:43:00 AM UTC	1217612580000	0	0	yes	56.3	115.3	20506	20827	9246	6559	0	44238	2708	104	85	5842	14	8
August 1, 2008 9:44:00 AM UTC	1217612640000	0	0	yes	56.4	115.6	20506	20827	9242	6587	0	44214	2705	135	100	5836	32	7
August 1, 2008 9:45:00 AM UTC	1217612700000	0	0	yes	56.6	115.9	20506	20827	9246	6572	0	44225	2699	132	93	5844	34	9
August 1, 2008 9:46:00 AM UTC	1217612760000	1	0	yes	56.8	116.1	20506	20827	9245	6573	0	44225	2692	156	85	5852	57	9
August 1, 2008 9:47:00 AM UTC	1217612820000	0	0	yes	57.0	116.4	20506	20827	9252	6474	0	44317	2746	81	94	5877	12	16
August 1, 2008 9:48:00 AM UTC	1217612880000	0	0	yes	57.2	116.7	20506	20827	9252	6475	0	44316	2741	113	89	5880	20	11
August 1, 2008 9:49:00 AM UTC	1217612940000	0	0	yes	57.3	117.0	20506	20827	9236	6570	0	44237	2702	94	85	5847	29	17
August 1, 2008 9:50:00 AM UTC	1217613000000	1	0	yes	57.5	117.3	20506	20827	9252	6475	0	44316	2740	135	99	5884	52	12
August 1, 2008 9:51:00 AM UTC	1217613060000	1	0	yes	57.7	117.6	20506	20827	9247	6509	0	44287	2723	172	90	5874	82	17
August 1, 2008 9:52:00 AM UTC	1217613120000	0	0	yes	57.9	117.9	20506	20827	9247	6509	0	44287	2733	79	87	5880	8	15
August 1, 2008 9:53:00 AM UTC	1217613180000	0	0	yes	58.0	118.2	20506	20827	9253	6496	0	44294	2721	104	84	5890	24	13
August 1, 2008 9:54:00 AM UTC	1217613240000	0	0	yes	58.2	118.5	20506	20827	9247	6528	0	44268	2709	130	78	5883	32	8
August 1, 2008 9:55:00 AM UTC	1217613300000	1	0	yes	58.4	118.8	20506	20827	9255	6466	0	44322	2736	153	84	5910	55	15
August 1, 2008 9:56:00 AM UTC	1217613360000	1	0	yes	58.6	119.1	20506	20827	9242	6560	0	44241	2714	160	90	5874	65	19
August 1, 2008 9:57:00 AM UTC	1217613420000	1	0	yes	58.7	119.4	20506	20827	9256	6464	0	44323	2748	197	76	5909	102	14
August 1, 2008 9:58:00 AM UTC	1217613480000	1	0	yes	58.9	119.7	20506	20827	9252	6493	0	44298	2732	127	71	5899	35	15
August 1, 2008 9:59:00 AM UTC	1217613540000	0	0	yes	59.1	120.0	20506	20827	9243	6555	0	44245	2701	121	62	5875	26	6
August 1, 2008 10:00:00 AM UTC	1217613600000	1	0	yes	59.3	120.4	20506	20827	9252	6493	0	44298	2726	167	61	5898	54	12
August 1, 2008 10:01:00 AM UTC	1217613660000	1	0	yes	59.4	120.7	20506	20827	9252	6511	0	44280	2715	178	62	5895	86	20
August 1, 2008 10:02:00 AM UTC	1217613720000	0	0	yes	59.6	121.0	20506	20827	9247	6555	0	44241	2684	92	72	5884	10	6
August 1, 2008 10:03:00 AM UTC	1217613780000	0	0	yes	59.8	121.3	20506	20827	9252	6520	0	44271	2707	107	72	5895	25	10
August 1, 2008 10:04:00 AM UTC	1217613840000	1	0	yes	60.0	121.7	20506	20827	9247	6555	0	44241	2692	133	66	5880	37	8
August 1, 2008 10:05:00 AM UTC	1217613900000	1	0	yes	60.1	122.0	20506	20827	9242	6535	0	44266	2708	169	65	5873	61	6
August 1, 2008 10:06:00 AM UTC	1217613960000	1	0	yes	60.3	122.3	20506	20827	9256	6435	0	44352	2758	206	68	5911	89	7
August 1, 2008 10:07:00 AM UTC	1217614020000	0	0	yes	60.5	122.7	20506	20827	9249	6472	0	44322	2734	113	67	5896	24	10
August 1, 2008 10:08:00 AM UTC	1217614080000	0	0	yes	60.6	123.0	20506	20827	9245	6519	0	44279	2707	124	65	5885	32	7
August 1, 2008 10:09:00 AM UTC	1217614140000	1	0	yes	60.8	123.4	20506	20827	9248	6504	0	44291	2718	135	71	5894	54	7
August 1, 2008 10:10:00 AM UTC	1217614200000	1	0	yes	61.0	123.7	20506	20827	9243	6543	0	44257	2697	162	62	5878	100	14
August 1, 2008 10:11:00 AM UTC	1217614260000	0	0	yes	61.1	124.1	20506	20827	9248	6504	0	44291	2717	89	50	5899	20	10
August 1, 2008 10:12:00 AM UTC	1217614320000	1	0	yes	61.3	124.4	20506	20827	9252	6484	0	44307	2719	122	55	5891	44	7
August 1, 2008 10:13:00 AM UTC	1217614380000	1	0	yes	61.5	124.8	20506	20827	9248	6526	0	44269	2710	128	56	5894	60	9
August 1, 2008 10:14:00 AM UTC	1217614440000	1	0	yes	61.6	125.1	20506	20827	9242	6546	0	44255	2702	158	60	5890	72	12
August 1, 2008 10:15:00 AM UTC	1217614500000	1	0	yes	61.8	125.5	20506	20827	9245	6564	0	44234	2682	157	53	5884	90	9
August 1, 2008 10:16:00 AM UTC	1217614560000	0	0	yes	62.0	125.9	20506	20827	9251	6523	0	44269	2696	110	50	5897	39	13
August 1, 2008 10:17:00 AM UTC	1217614620000	1	0	yes	62.1	126.2	20506	20827	9246	6565	0	44232	2686	121	59	5885	52	11
August 1, 2008 10:18:00 AM UTC	1217614680000	1	0	yes	62.3	126.6	20506	20827	9246	6565	0	44232	2683	133	54	5883	77	11
August 1, 2008 10:19:00 AM UTC	1217614740000	1	0	yes	62.4	127.0	20506	20827	9245	6565	0	44233	2684	158	57	5886	86	9
August 1, 2008 10:20:00 AM UTC	1217614800000	0	0	yes	62.6	127.4	20506	20827	9247	6509	0	44287	2724	95	65	5894	29	5
August 1, 2008 10:21:00 AM UTC	1217614860000	0	0	yes	62.8	127.8	20506	20827	9247	6538	0	44258	2701	99	63	5891	36	3
August 1, 2008 10:22:00 AM UTC	1217614920000	1	0	yes	62.9	128.2	20506	20827	9248	6538	0	44257	2701	139	51	5889	70	6
August 1, 2008 10:23:00 AM UTC	1217614980000	1	0	yes	63.1	128.5	20506	20827	9247	6539	0	44257	2695	152	47	5887	85	3
August 1, 2008 10:24:00 AM UTC	1217615040000	0	0	yes	63.2	128.9	20506	20827	9256	6483	0	44304	2714	106	66	5909	29	1
August 1, 2008 10:25:00 AM UTC	1217615100000	1	0	yes	63.4	129.3	20506	20827	9247	6539	0	44257	2694	124	54	5890	45	1
August 1, 2008 10:26:00 AM UTC	1217615160000	1	0	yes	63.5	129.7	20506	20827	9241	6530	0	44272	2705	136	65	5879	71	2
August 1, 2008 10:27:00 AM UTC	1217615220000	0	0	yes	63.7	130.2	20506	20827	9246	6529	0	44268	2707	69	62	5892	12	1
August 1, 2008 10:28:00 AM UTC	1217615280000	0	0	yes	63.8	130.6	20506	20827	9249	6519	0	44275	2700	80	64	5892	33	1
August 1, 2008 10:29:00 AM UTC	1217615340000	1	0	yes	64.0	131.0	20506	20827	9249	6519	0	44275	2709	125	55	5895	70	8
August 1, 2008 10:30:00 AM UTC	1217615400000	1	0	yes	64.2	131.4	20506	20827	9243	6564	0	44236	2684	150	57	5878	77	2
August 1, 2008 10:31:00 AM UTC	1217615460000	0	0	yes	64.3	131.8	20506	20827	9251	6510	0	44282	2703	98	58	5898	35	6
August 1, 2008 10:32:00 AM UTC	1217615520000	1	0	yes	64.4	132.3	20506	20827	9251	6462	0	44330	2739	120	72	5905	71	4
August 1, 2008 10:33:00 AM UTC	1217615580000	1	0	yes	64.6	132.7	20506	20827	9251	6510	0	44282	2710	117	59	5901	92	7
August 1, 2008 10:34:00 AM UTC	1217615640000	1	0	yes	64.7	133.1	20506	20827	9251	6581	0	44211	2673	128	56	5894	86	3
August 1, 2008 10:35:00 AM UTC	1217615700000	0	0	yes	64.9	133.6	20506	20827	9251	6580	0	44212	2678	93	61	5895	25	3
August 1, 2008 10:36:00 AM UTC	1217615760000	0	0	yes	65.0	134.0	20506	20827	9244	6628	0	44171	2653	95	60	5876	37	4
August 1, 2008 10:37:00 AM UTC	1217615820000	1	0	yes	65.2	134.5	20506	20827	9244	6628	0	44171	2659	142	49	5875	96	1
August 1, 2008 10:38:00 AM UTC	1217615880000	0	0	yes	65.3	134.9	20506	20827	9252	6571	0	44220	2682	68	51	5896	27	2
August 1, 2008 10:39:00 AM UTC	1217615940000	1	0	yes	65.5	135.4	20506	20827	9253	6570	0	44220	2680	111	48	5900	73	2
August 1, 2008 10:40:00 AM UTC	1217616000000	1	0	yes	65.6	135.9	20506	20827	9245	6620	0	44178	2659	117	57	5875	86	0
August 1, 2008 10:41:00 AM UTC	1217616060000	0	0	yes	65.7	136.3	20506	20827	9245	6617	0	44181	2663	80	67	5874	17	1
August 1, 2008 10:42:00 AM UTC	1217616120000	1	0	yes	65.9	136.8	20506	20827	9253	6571	0	44219	2677	108	66	5897	59	1
August 1, 2008 10:43:00 AM UTC	1217616180000	1	0	yes	66.0	137.3	20506	20827	9253	6579	0	44211	2679	107	59	5893	94	2
August 1, 2008 10:44:00 AM UTC	1217616240000	0	0	yes	66.2	137.8	20506	20827	9251	6580	0	44212	2674	88	49	5896	44	4
August 1, 2008 10:45:00 AM UTC	1217616300000	0	0	yes	66.3	138.2	20506	20827	9251	6583	0	44209	2667	95	59	5892	62	3
August 1, 2008 10:46:00 AM UTC	1217616360000	1	0	yes	66.4	138.7	20506	20827	9253	6522	0	44268	2706	167	58	5898	106	4
August 1, 2008 10:47:00 AM UTC	1217616420000	1	0	yes	66.5	139.2	20506	20827	9253	6522	0	44268	2696	123	52	5900	47	3
August 1, 2008 10:48:00 AM UTC	1217616480000	1	0	yes	66.7	139.7	20506	20827	9252	6572	0	44219	2665	115	54	5894	69	12
August 1, 2008 10:49:00 AM UTC	1217616540000	1	0	yes	66.8	140.2	20506	20827	9246	6583	0	44214	2677	143	57	5875	73	3
August 1, 2008 10:50:00 AM UTC	1217616600000	0	0	yes	66.9	140.8	20506	20827	9247	6586	0	44210	2680	96	62	5875	42	0
August 1, 2008 10:51:00 AM UTC	1217616660000	1	0	yes	67.1	141.3	20506	20827	9254	6541	0	44248	2693	130	58	5895	76	0
August 1, 2008 10:52:00 AM UTC	1217616720000	1	0	yes	67.2	141.8	20506	20827	9253	6541	0	44249	2693	168	58	5896	112	0
August 1, 2008 10:53:00 AM UTC	1217616780000	0	0	yes	67.3	142.3	20506	20827	9251	6570	0	44222	2687	94	54	5892	59	1
August 1, 2008 10:54:00 AM UTC	1217616840000	1	0	yes	67.4	142.9	20506	20827	9250	6571	0	44222	2678	109	66	5891	110	3
August 1, 2008 10:55:00 AM UTC	1217616900000	0	0	yes	67.6	143.4	20506	20827	9249	6571	0	44223	2690	85	55	5893	53	2
August 1, 2008 10:56:00 AM UTC	1217616960000	1	0	yes	67.7	143.9	20506	20827	9250	6570	0	44223	2683	109	64	5890	98	8
August 1, 2008 10:57:00 AM UTC	1217617020000	1	0	yes	67.8	144.5	20506	20827	9256	6528	0	44259	2696	145	58	5907	126	1
August 1, 2008 10:58:00 AM UTC	1217617080000	0	0	yes	67.9	145.0	20506	20827	9247	6610	0	44186	2667	85	46	5866	67	2
August 1, 2008 10:59:00 AM UTC	1217617140000	1	0	yes	68.0	145.6	20506	20827	9247	6610	0	44186	2664	110	52	5874	96	2
August 1, 2008 11:00:00 AM UTC	1217617200000	0	0	yes	68.1	146.2	20506	20827	9254	6575	0	44214	2678	53	47	5892	45	3
August 1, 2008 11:01:00 AM UTC	1217617260000	1	0	yes	68.2	146.7	20506	20827	9246	6569	0	44228	2681	103	71	5876	85	2
August 1, 2008 11:02:00 AM UTC	1217617320000	1	0	yes	68.3	147.3	20506	20827	9249	6581	0	44213	2683	118	50	5879	112	1
August 1, 2008 11:03:00 AM UTC	1217617380000	0	0	yes	68.5	147.9	20506	20827	9251	6561	0	44231	2684	88	52	5889	61	0
August 1, 2008 11:04:00 AM UTC	1217617440000	1	0	yes	68.6	148.5	20506	20827	9252	6561	0	44230	2685	129	50	5888	122	0
August 1, 2008 11:05:00 AM UTC	1217617500000	0	0	yes	68.7	149.0	20506	20827	9257	6522	0	44264	2697	86	46	5904	56	2
August 1, 2008 11:06:00 AM UTC	1217617560000	1	0	yes	68.8	149.6	20506	20827	9248	6583	0	44212	2679	106	56	5881	105	3
August 1, 2008 11:07:00 AM UTC	1217617620000	0	0	yes	68.9	150.2	20506	20827	9241	6653	0	44149	2648	43	47	5864	25	2
August 1, 2008 11:08:00 AM UTC	1217617680000	0	0	yes	69.0	150.8	20506	20827	9256	6558	0	44229	2679	84	52	5895	76	4
August 1, 2008 11:09:00 AM UTC	1217617740000	1	0	yes	69.1	151.4	20506	20827	9247	6617	0	44179	2658	115	51	5878	154	1
August 1, 2008 11:10:00 AM UTC	1217617800000	1	0	yes	69.2	152.1	20506	20827	9253	6535	0	44255	2695	82	62	5894	113	2
August 1, 2008 11:11:00 AM UTC	1217617860000	1	0	yes	69.3	152.7	20506	20827	9244	6637	0	44162	2657	83	53	5864	125	0
August 1, 2008 11:12:00 AM UTC	1217617920000	1	0	yes	69.3	153.3	20506	20827	9248	6604	0	44191	2662	80	41	5879	99	2
August 1, 2008 11:13:00 AM UTC	1217617980000	1	0	yes	69.4	153.9	20506	20827	9248	6604	0	44191	2668	97	47	5878	135	0
August 1, 2008 11:14:00 AM UTC	1217618040000	1	0	yes	69.5	154.6	20506	20827	9252	6573	0	44218	2670	87	41	5894	109	3
August 1, 2008 11:15:00 AM UTC	1217618100000	1	0	yes	69.6	155.2	20506	20827	9252	6552	0	44239	2694	96	52	5894	132	2
August 1, 2008 11:16:00 AM UTC	1217618160000	1	0	yes	69.7	155.8	20506	20827	9245	6652	0	44146	2640	94	47	5874	163	1
August 1, 2008 11:17:00 AM UTC	1217618220000	1	0	yes	69.8	156.5	20506	20827	9241	6680	0	44122	2626	75	41	5863	128	0
August 1, 2008 11:18:00 AM UTC	1217618280000	1	0	yes	69.8	157.1	20506	20827	9247	6583	0	44213	2685	114	51	5880	158	2
August 1, 2008 11:19:00 AM UTC	1217618340000	1	0	yes	69.9	157.8	20506	20827	9244	6592	0	44207	2678	145	62	5875	210	1
August 1, 2008 11:20:00 AM UTC	1217618400000	1	0	yes	70.0	158.4	20506	20827	9239	6696	0	44108	2616	99	42	5859	162	0
August 1, 2008 11:21:00 AM UTC	1217618460000	1	0	yes	70.1	159.1	20506	20827	9251	6606	0	44186	2645	129	45	5895	211	2
August 1, 2008 11:22:00 AM UTC	1217618520000	1	0	yes	70.1	159.8	20506	20827	9239	6604	1	44199	2680	91	49	5872	152	0
August 1, 2008 11:23:00 AM UTC	1217618580000	1	0	yes	70.2	160.4	20506	20827	9243	6579	1	44220	2696	136	49	5882	197	0
August 1, 2008 11:24:00 AM UTC	1217618640000	1	0	yes	70.3	161.1	20506	20827	9254	6561	0	44228	2661	90	33	5909	165	0
August 1, 2008 11:25:00 AM UTC	1217618700000	1	0	yes	70.3	161.8	20506	20827	9246	6589	0	44208	2674	127	43	5885	213	2
August 1, 2008 11:26:00 AM UTC	1217618760000	1	0	yes	70.4	162.5	20506	20827	9250	6556	0	44237	2689	88	48	5895	156	1
August 1, 2008 11:27:00 AM UTC	1217618820000	1	0	yes	70.5	163.2	20506	20827	9250	6556	1	44236	2690	136	48	5896	211	3
August 1, 2008 11:28:00 AM UTC	1217618880000	1	0	yes	70.5	163.9	20506	20827	9241	6622	1	44179	2674	86	44	5869	146	1
August 1, 2008 11:29:00 AM UTC	1217618940000	1	0	yes	70.6	164.6	20506	20827	9252	6608	0	44183	2638	106	40	5895	193	1
August 1, 2008 11:30:00 AM UTC	1217619000000	1	0	yes	70.6	165.3	20506	20827	9252	6570	0	44221	2683	89	40	5898	157	1
August 1, 2008 11:31:00 AM UTC	1217619060000	1	0	yes	70.7	166.0	20506	20827	9245	6618	0	44180	2656	119	40	5881	195	1
August 1, 2008 11:32:00 AM UTC	1217619120000	1	0	yes	70.7	166.7	20506	20827	9246	6617	1	44179	2663	91	35	5880	157	0
August 1, 2008 11:33:00 AM UTC	1217619180000	1	0	yes	70.8	167.4	20506	20827	9245	6611	1	44186	2661	99	38	5883	203	0
August 1, 2008 11:34:00 AM UTC	1217619240000	1	0	yes	70.8	168.1	20506	20827	9247	6591	1	44204	2668	76	38	5888	162	0
August 1, 2008 11:35:00 AM UTC	1217619300000	1	0	yes	70.8	168.8	20506	20827	9237	6617	1	44188	2680	109	37	5862	196	0
August 1, 2008 11:36:00 AM UTC	1217619360000	1	0	yes	70.9	169.5	20506	20827	9249	6550	1	44243	2689	86	29	5892	149	1
August 1, 2008 11:37:00 AM UTC	1217619420000	1	0	yes	70.9	170.2	20506	20827	9251	6537	2	44253	2708	114	33	5905	211	0
August 1, 2008 11:38:00 AM UTC	1217619480000	1	0	yes	71.0	171.0	20506	20827	9250	6609	1	44183	2653	69	27	5894	152	1
August 1, 2008 11:39:00 AM UTC	1217619540000	1	0	yes	71.0	171.7	20506	20827	9253	6601	2	44187	2659	112	31	5898	221	1
August 1, 2008 11:40:00 AM UTC	1217619600000	1	0	yes	71.0	172.4	20506	20827	9244	6646	0	44153	2645	75	36	5878	142	0
August 1, 2008 11:41:00 AM UTC	1217619660000	1	0	yes	71.0	173.1	20506	20827	9247	6561	2	44233	2694	109	39	5885	195	0
August 1, 2008 11:42:00 AM UTC	1217619720000	1	0	yes	71.1	173.9	20506	20827	9248	6560	3	44232	2706	75	41	5884	159	0
August 1, 2008 11:43:00 AM UTC	1217619780000	1	0	yes	71.1	174.6	20506	20827	9248	6633	2	44160	2651	79	43	5877	198	0
August 1, 2008 11:44:00 AM UTC	1217619840000	1	0	yes	71.1	175.3	20506	20827	9246	6638	1	44158	2660	113	44	5877	253	0
August 1, 2008 11:45:00 AM UTC	1217619900000	1	0	yes	71.1	176.1	20506	20827	9247	6619	1	44176	2661	102	35	5878	208	0
August 1, 2008 11:46:00 AM UTC	1217619960000	1	0	yes	71.1	176.8	20506	20827	9246	6616	2	44179	2659	135	39	5882	261	0
August 1, 2008 11:47:00 AM UTC	1217620020000	1	0	yes	71.1	177.5	20506	20827	9248	6614	1	44180	2666	113	33	5883	239	0
August 1, 2008 11:48:00 AM UTC	1217620080000	1	0	yes	71.1	178.3	20506	20827	9261	6543	3	44236	2683	117	36	5908	281	0
August 1, 2008 11:49:00 AM UTC	1217620140000	1	0	yes	71.1	179.0	20506	20827	9250	6591	1	44201	2673	88	35	5883	206	0
August 1, 2008 11:50:00 AM UTC	1217620200000	1	0	yes	71.1	179.8	20506	20827	9249	6592	1	44201	2663	116	33	5882	268	0
August 1, 2008 11:51:00 AM UTC	1217620260000	1	0	yes	71.1	180.5	20506	20827	9249	6592	1	44201	2667	169	38	5885	299	0
August 1, 2008 11:52:00 AM UTC	1217620320000	2	0	yes	71.1	181.2	20506	20827	9250	6591	1	44201	2671	190	40	5883	360	0
August 1, 2008 11:53:00 AM UTC	1217620380000	2	0	yes	71.1	182.0	20506	20827	9249	6610	2	44182	2659	223	40	5881	410	0
August 1, 2008 11:54:00 AM UTC	1217620440000	2	0	yes	71.1	182.7	20506	20827	9247	6613	1	44182	2668	213	39	5883	457	0
August 1, 2008 11:55:00 AM UTC	1217620500000	0	0	yes	71.1	183.4	20506	20827	9247	6613	1	44182	2656	0	0	5881	0	0
August 1, 2008 11:56:00 AM UTC	1217620560000	0	0	yes	71.1	184.2	20506	20827	9247	6622	0	44174	2660	0	0	5878	0	0
August 1, 2008 11:57:00 AM UTC	1217620620000	0	0	yes	71.1	184.9	20506	20827	9247	6628	1	44167	2657	0	0	5880	0	0
August 1, 2008 11:58:00 AM UTC	1217620680000	0	0	yes	71.1	185.6	20506	20827	9247	6635	2	44159	2653	0	0	5873	0	0
August 1, 2008 11:59:00 AM UTC	1217620740000	0	0	yes	71.0	186.4	20506	20827	9259	6491	3	44290	2734	0	0	5908	0	0
August 1, 2008 12:00:00 PM UTC	1217620800000	0	0	yes	71.0	187.1	20506	20827	9256	6570	0	44217	2671	0	0	5905	0	0
August 1, 2008 12:01:00 PM UTC	1217620860000	0	0	yes	71.0	187.8	20506	20827	9254	6572	1	44216	2665	0	0	5901	0	0
August 1, 2008 12:02:00 PM UTC	1217620920000	0	0	yes	71.0	188.5	20506	20827	9242	6672	1	44128	2625	0	0	5870	0	0
August 1, 2008 12:03:00 PM UTC	1217620980000	0	0	yes	70.9	189.3	20506	20827	9241	6677	0	44125	2635	0	0	5869	0	0
August 1, 2008 12:04:00 PM UTC	1217621040000	0	0	yes	70.9	190.0	20506	20827	9240	6607	0	44196	2677	0	0	5872	0	0
August 1, 2008 12:05:00 PM UTC	1217621100000	0	0	yes	70.9	190.7	20506	20827	9249	6546	1	44247	2690	0	0	5901	0	0
August 1, 2008 12:06:00 PM UTC	1217621160000	0	0	yes	70.8	191.4	20506	20827	9246	6588	1	44208	2682	0	0	5898	6	0
August 1, 2008 12:07:00 PM UTC	1217621220000	0	0	yes	70.8	192.1	20506	20827	9247	6588	2	44206	2672	2	6	5892	28	0
August 1, 2008 12:08:00 PM UTC	1217621280000	0	0	yes	70.7	192.8	20506	20827	9245	6612	2	44184	2662	0	0	5881	1	0
August 1, 2008 12:09:00 PM UTC	1217621340000	0	0	yes	70.7	193.6	20506	20827	9245	6613	0	44185	2654	0	0	5881	44	0
August 1, 2008 12:10:00 PM UTC	1217621400000	0	0	yes	70.6	194.3	20506	20827	9254	6550	0	44239	2677	0	1	5905	2	0
August 1, 2008 12:11:00 PM UTC	1217621460000	0	0	yes	70.6	195.0	20506	20827	9242	6663	0	44138	2647	0	1	5872	15	0
August 1, 2008 12:12:00 PM UTC	1217621520000	0	0	yes	70.5	195.7	20506	20827	9239	6689	0	44115	2614	0	1	5859	0	0
August 1, 2008 12:13:00 PM UTC	1217621580000	0	0	yes	70.5	196.4	20506	20827	9250	6551	1	44241	2701	0	0	5896	13	0
August 1, 2008 12:14:00 PM UTC	1217621640000	0	0	yes	70.4	197.0	20506	20827	9250	6551	1	44241	2689	0	0	5895	0	0
August 1, 2008 12:15:00 PM UTC	1217621700000	0	0	yes	70.4	197.7	20506	20827	9249	6554	0	44240	2695	0	2	5894	25	0
August 1, 2008 12:16:00 PM UTC	1217621760000	0	0	yes	70.3	198.4	20506	20827	9246	6584	0	44213	2674	0	0	5885	0	0
August 1, 2008 12:17:00 PM UTC	1217621820000	0	0	yes	70.2	199.1	20506	20827	9246	6550	0	44247	2697	0	1	5892	9	0
August 1, 2008 12:18:00 PM UTC	1217621880000	0	0	yes	70.2	199.8	20506	20827	9253	6509	1	44280	2721	0	0	5906	0	0
August 1, 2008 12:19:00 PM UTC	1217621940000	0	0	yes	70.1	200.4	20506	20827	9249	6549	1	44244	2681	0	0	5897	1	0
August 1, 2008 12:20:00 PM UTC	1217622000000	0	0	yes	70.0	201.1	20506	20827	9238	6692	0	44113	2620	0	0	5858	0	0
August 1, 2008 12:21:00 PM UTC	1217622060000	0	0	yes	70.0	201.8	20506	20827	9247	6628	0	44168	2634	0	0	5883	1	0
August 1, 2008 12:22:00 PM UTC	1217622120000	0	0	yes	69.9	202.4	20506	20827	9250	6558	0	44235	2685	1	2	5892	37	0
August 1, 2008 12:23:00 PM UTC	1217622180000	0	0	yes	69.8	203.1	20506	20827	9246	6602	0	44195	2659	0	1	5879	0	0
August 1, 2008 12:24:00 PM UTC	1217622240000	0	0	yes	69.7	203.7	20506	20827	9240	6675	0	44128	2627	0	1	5865	7	0
August 1, 2008 12:25:00 PM UTC	1217622300000	0	0	yes	69.6	204.4	20506	20827	9250	6612	0	44181	2653	0	0	5888	0	0
August 1, 2008 12:26:00 PM UTC	1217622360000	0	0	yes	69.6	205.0	20506	20827	9247	6575	0	44221	2683	0	0	5887	1	0
August 1, 2008 12:27:00 PM UTC	1217622420000	0	0	yes	69.5	205.6	20506	20827	9248	6598	0	44197	2665	0	0	5879	0	0
August 1, 2008 12:28:00 PM UTC	1217622480000	0	0	yes	69.4	206.3	20506	20827	9248	6598	0	44197	2664	0	0	5878	3	0
August 1, 2008 12:29:00 PM UTC	1217622540000	0	0	yes	69.3	206.9	20506	20827	9249	6597	0	44197	2666	0	0	5878	18	0
August 1, 2008 12:30:00 PM UTC	1217622600000	0	0	yes	69.2	207.5	20506	20827	9245	6561	0	44237	2705	0	0	5873	0	0
August 1, 2008 12:31:00 PM UTC	1217622660000	0	0	yes	69.1	208.1	20506	20827	9251	6576	0	44216	2671	0	0	5890	4	0
August 1, 2008 12:32:00 PM UTC	1217622720000	0	0	yes	69.0	208.7	20506	20827	9238	6669	0	44136	2641	0	1	5856	0	0
August 1, 2008 12:33:00 PM UTC	1217622780000	0	0	yes	68.9	209.4	20506	20827	9247	6611	0	44185	2656	0	0	5872	0	0
August 1, 2008 12:34:00 PM UTC	1217622840000	0	0	yes	68.8	210.0	20506	20827	9248	6610	0	44185	2662	0	1	5877	4	0
August 1, 2008 12:35:00 PM UTC	1217622900000	0	0	yes	68.7	210.5	20506	20827	9252	6552	0	44239	2681	0	0	5888	0	0
August 1, 2008 12:36:00 PM UTC	1217622960000	0	0	yes	68.6	211.1	20506	20827	9242	6611	0	44190	2668	0	1	5867	0	0
August 1, 2008 12:37:00 PM UTC	1217623020000	0	0	yes	68.5	211.7	20506	20827	9247	6590	0	44206	2675	0	0	5874	11	0
August 1, 2008 12:38:00 PM UTC	1217623080000	0	0	yes	68.4	212.3	20506	20827	9245	6592	0	44206	2674	0	0	5874	0	0
August 1, 2008 12:39:00 PM UTC	1217623140000	0	0	yes	68.3	212.9	20506	20827	9245	6561	0	44237	2689	0	0	5876	3	0
August 1, 2008 12:40:00 PM UTC	1217623200000	0	0	yes	68.2	213.4	20506	20827	9255	6503	0	44285	2704	0	0	5899	0	0
August 1, 2008 12:41:00 PM UTC	1217623260000	0	0	yes	68.1	214.0	20506	20827	9255	6549	0	44239	2683	0	0	5899	0	0
August 1, 2008 12:42:00 PM UTC	1217623320000	0	0	yes	68.0	214.6	20506	20827	9263	6497	0	44283	2693	0	0	5929	7	0
August 1, 2008 12:43:00 PM UTC	1217623380000	0	0	yes	67.8	215.1	20506	20827	9247	6596	0	44200	2670	0	0	5891	0	0
August 1, 2008 12:44:00 PM UTC	1217623440000	0	0	yes	67.7	215.7	20506	20827	9247	6590	0	44206	2666	0	0	5893	0	0
August 1, 2008 12:45:00 PM UTC	1217623500000	0	0	yes	67.6	216.2	20506	20827	9240	6617	0	44186	2661	0	0	5876	4	0
August 1, 2008 12:46:00 PM UTC	1217623560000	0	0	yes	67.5	216.8	20506	20827	9250	6562	0	44231	2685	0	0	5891	0	0
August 1, 2008 12:47:00 PM UTC	1217623620000	0	0	yes	67.4	217.3	20506	20827	9250	6562	0	44231	2681	0	0	5888	3	0
August 1, 2008 12:48:00 PM UTC	1217623680000	0	0	yes	67.3	217.8	20506	20827	9244	6639	0	44160	2639	0	0	5866	0	0
August 1, 2008 12:49:00 PM UTC	1217623740000	0	0	yes	67.1	218.3	20506	20827	9244	6587	0	44212	2668	0	0	5875	0	0
August 1, 2008 12:50:00 PM UTC	1217623800000	0	0	yes	67.0	218.9	20506	20827	9245	6585	0	44213	2676	0	0	5874	1	0
August 1, 2008 12:51:00 PM UTC	1217623860000	0	0	yes	66.9	219.4	20506	20827	9254	6524	0	44265	2694	0	0	5898	0	0
August 1, 2008 12:52:00 PM UTC	1217623920000	0	0	yes	66.7	219.9	20506	20827	9253	6528	0	44262	2692	0	0	5896	0	0
August 1, 2008 12:53:00 PM UTC	1217623980000	0	0	yes	66.6	220.4	20506	20827	9253	6510	0	44280	2705	0	0	5897	0	0
August 1, 2008 12:54:00 PM UTC	1217624040000	0	0	yes	66.5	220.9	20506	20827	9253	6510	0	44280	2697	0	0	5900	0	0
August 1, 2008 12:55:00 PM UTC	1217624100000	0	0	yes	66.4	221.4	20506	20827	9246	6561	0	44236	2687	0	0	5878	0	0
August 1, 2008 12:56:00 PM UTC	1217624160000	0	0	yes	66.2	221.9	20506	20827	9244	6619	0	44180	2651	0	0	5874	0	0
August 1, 2008 12:57:00 PM UTC	1217624220000	0	0	yes	66.1	222.4	20506	20827	9245	6618	0	44180	2656	0	0	5873	0	0
August 1, 2008 12:58:00 PM UTC	1217624280000	0	0	yes	66.0	222.8	20506	20827	9237	6658	0	44148	2641	0	0	5858	0	0
August 1, 2008 12:59:00 PM UTC	1217624340000	0	0	yes	65.8	223.3	20506	20827	9253	6559	0	44231	2678	0	0	5898	0	0
August 1, 2008 1:00:00 PM UTC	1217624400000	0	0	yes	65.7	223.8	20506	20827	9253	6507	0	44283	2714	0	0	5898	0	0
August 1, 2008 1:01:00 PM UTC	1217624460000	0	0	yes	65.5	224.3	20506	20827	9245	6609	0	44189	2665	0	0	5874	0	0
August 1, 2008 1:02:00 PM UTC	1217624520000	0	0	yes	65.4	224.7	20506	20827	9244	6609	0	44190	2657	0	0	5875	0	0
August 1, 2008 1:03:00 PM UTC	1217624580000	0	0	yes	65.3	225.2	20506	20827	9252	6560	0	44231	2678	0	0	5895	0	0
August 1, 2008 1:04:00 PM UTC	1217624640000	0	0	yes	65.1	225.6	20506	20827	9251	6549	0	44243	2678	0	0	5895	0	0
August 1, 2008 1:05:00 PM UTC	1217624700000	0	0	yes	65.0	226.1	20506	20827	9244	6600	0	44199	2661	0	0	5873	0	0
August 1, 2008 1:06:00 PM UTC	1217624760000	0	0	yes	64.8	226.5	20506	20827	9251	6553	0	44239	2677	0	0	5894	0	0
August 1, 2008 1:07:00 PM UTC	1217624820000	0	0	yes	64.7	227.0	20506	20827	9251	6553	0	44239	2675	0	0	5893	0	0
August 1, 2008 1:08:00 PM UTC	1217624880000	0	0	yes	64.5	227.4	20506	20827	9243	6552	0	44248	2689	0	0	5879	0	0
August 1, 2008 1:09:00 PM UTC	1217624940000	0	0	yes	64.4	227.8	20506	20827	9250	6506	0	44287	2699	0	0	5897	0	0
August 1, 2008 1:10:00 PM UTC	1217625000000	0	0	yes	64.2	228.3	20506	20827	9251	6499	0	44293	2705	1	0	5899	0	0
August 1, 2008 1:11:00 PM UTC	1217625060000	0	0	yes	64.1	228.7	20506	20827	9243	6552	0	44248	2689	0	0	5877	0	0
August 1, 2008 1:12:00 PM UTC	1217625120000	0	0	yes	63.9	229.1	20506	20827	9249	6508	0	44286	2711	0	1	5894	0	0
August 1, 2008 1:13:00 PM UTC	1217625180000	0	0	yes	63.8	229.5	20506	20827	9249	6508	0	44286	2710	0	0	5892	0	0
August 1, 2008 1:14:00 PM UTC	1217625240000	0	0	yes	63.6	229.9	20506	20827	9255	6463	0	44325	2728	0	0	5911	0	0
August 1, 2008 1:15:00 PM UTC	1217625300000	0	0	yes	63.5	230.3	20506	20827	9246	6525	0	44272	2687	0	0	5889	0	0
August 1, 2008 1:16:00 PM UTC	1217625360000	0	0	yes	63.3	230.7	20506	20827	9241	6564	0	44238	2683	0	0	5874	0	0
August 1, 2008 1:17:00 PM UTC	1217625420000	0	0	yes	63.2	231.1	20506	20827	9247	6525	0	44271	2688	0	0	5890	0	0
August 1, 2008 1:18:00 PM UTC	1217625480000	0	0	yes	63.0	231.5	20506	20827	9247	6525	0	44271	2700	0	0	5887	0	0
August 1, 2008 1:19:00 PM UTC	1217625540000	0	0	yes	62.8	231.9	20506	20827	9255	6482	0	44306	2713	0	0	5908	0	0
August 1, 2008 1:20:00 PM UTC	1217625600000	0	0	yes	62.7	232.3	20506	20827	9247	6524	0	44272	2700	0	0	5887	0	0
August 1, 2008 1:21:00 PM UTC	1217625660000	0	0	yes	62.5	232.7	20506	20827	9247	6500	0	44296	2728	0	0	5889	0	0
August 1, 2008 1:22:00 PM UTC	1217625720000	0	0	yes	62.4	233.1	20506	20827	9245	6556	0	44242	2684	0	0	5885	0	0
August 1, 2008 1:23:00 PM UTC	1217625780000	0	0	yes	62.2	233.5	20506	20827	9246	6556	0	44241	2684	0	0	5882	0	0
August 1, 2008 1:24:00 PM UTC	1217625840000	0	0	yes	62.0	233.8	20506	20827	9245	6556	0	44242	2681	0	0	5890	0	0
August 1, 2008 1:25:00 PM UTC	1217625900000	0	0	yes	61.9	234.2	20506	20827	9251	6517	0	44275	2697	0	0	5896	0	0
August 1, 2008 1:26:00 PM UTC	1217625960000	0	0	yes	61.7	234.6	20506	20827	9245	6555	0	44243	2682	0	0	5873	0	0
August 1, 2008 1:27:00 PM UTC	1217626020000	0	0	yes	61.6	234.9	20506	20827	9251	6482	0	44310	2725	0	0	5919	0	0
August 1, 2008 1:28:00 PM UTC	1217626080000	0	0	yes	61.4	235.3	20506	20827	9246	6519	0	44278	2716	0	0	5888	0	0
August 1, 2008 1:29:00 PM UTC	1217626140000	0	0	yes	61.2	235.7	20506	20827	9242	6534	0	44267	2695	0	0	5871	0	0
August 1, 2008 1:30:00 PM UTC	1217626200000	0	0	yes	61.1	236.0	20506	20827	9257	6436	0	44350	2739	0	0	5917	0	0
August 1, 2008 1:31:00 PM UTC	1217626260000	0	0	yes	60.9	236.4	20506	20827	9248	6496	0	44299	2711	0	0	5895	0	0
August 1, 2008 1:32:00 PM UTC	1217626320000	0	0	yes	60.7	236.7	20506	20827	9248	6496	0	44299	2713	0	0	5894	0	0
August 1, 2008 1:33:00 PM UTC	1217626380000	0	0	yes	60.6	237.0	20506	20827	9249	6495	0	44299	2713	0	0	5892	0	0
August 1, 2008 1:34:00 PM UTC	1217626440000	0	0	yes	60.4	237.4	20506	20827	9241	6531	0	44271	2710	0	0	5871	0	0
August 1, 2008 1:35:00 PM UTC	1217626500000	0	0	yes	60.2	237.7	20506	20827	9256	6431	0	44356	2757	0	0	5913	0	0
August 1, 2008 1:36:00 PM UTC	1217626560000	0	0	yes	60.0	238.1	20506	20827	9257	6429	0	44357	2753	0	0	5911	0	0
August 1, 2008 1:37:00 PM UTC	1217626620000	0	0	yes	59.9	238.4	20506	20827	9247	6548	0	44248	2699	0	0	5883	0	0
August 1, 2008 1:38:00 PM UTC	1217626680000	0	0	yes	59.7	238.7	20506	20827	9252	6513	0	44278	2702	0	0	5895	0	0
August 1, 2008 1:39:00 PM UTC	1217626740000	0	0	yes	59.5	239.0	20506	20827	9247	6548	0	44248	2692	0	0	5884	0	0
August 1, 2008 1:40:00 PM UTC	1217626800000	0	0	yes	59.4	239.4	20506	20827	9251	6522	0	44270	2705	0	0	5891	0	0
August 1, 2008 1:41:00 PM UTC	1217626860000	0	0	yes	59.2	239.7	20506	20827	9252	6492	0	44299	2726	0	0	5898	0	0
August 1, 2008 1:42:00 PM UTC	1217626920000	0	0	yes	59.0	240.0	20506	20827	9243	6555	0	44245	2710	0	0	5876	0	0
August 1, 2008 1:43:00 PM UTC	1217626980000	0	0	yes	58.8	240.3	20506	20827	9252	6492	0	44299	2729	0	0	5899	0	0
August 1, 2008 1:44:00 PM UTC	1217627040000	0	0	yes	58.7	240.6	20506	20827	9257	6454	0	44332	2753	0	0	5911	0	0
August 1, 2008 1:45:00 PM UTC	1217627100000	0	0	yes	58.5	240.9	20506	20827	9243	6550	0	44250	2719	0	0	5874	0	0
August 1, 2008 1:46:00 PM UTC	1217627160000	0	0	yes	58.3	241.2	20506	20827	9247	6527	0	44269	2708	0	0	5884	0	0
August 1, 2008 1:47:00 PM UTC	1217627220000	0	0	yes	58.1	241.6	20506	20827	9247	6527	0	44269	2709	0	0	5883	0	0
August 1, 2008 1:48:00 PM UTC	1217627280000	0	0	yes	58.0	241.9	20506	20827	9253	6494	0	44296	2725	0	0	5888	0	0
August 1, 2008 1:49:00 PM UTC	1217627340000	0	0	yes	57.8	242.2	20506	20827	9247	6510	0	44286	2735	0	0	5876	0	0
August 1, 2008 1:50:00 PM UTC	1217627400000	0	0	yes	57.6	242.5	20506	20827	9253	6478	0	44312	2734	0	0	5881	0	0
August 1, 2008 1:51:00 PM UTC	1217627460000	0	0	yes	57.4	242.7	20506	20827	9252	6476	0	44315	2742	0	0	5888	0	0
August 1, 2008 1:52:00 PM UTC	1217627520000	0	0	yes	57.2	243.0	20506	20827	9247	6507	0	44289	2722	0	1	5877	0	0
August 1, 2008 1:53:00 PM UTC	1217627580000	0	0	yes	57.1	243.3	20506	20827	9241	6540	0	44262	2720	0	0	5855	0	0
August 1, 2008 1:54:00 PM UTC	1217627640000	0	0	yes	56.9	243.6	20506	20827	9252	6475	0	44316	2750	0	0	5874	0	0
August 1, 2008 1:55:00 PM UTC	1217627700000	0	0	yes	56.7	243.9	20506	20827	9245	6573	0	44225	2692	0	1	5853	0	0
August 1, 2008 1:56:00 PM UTC	1217627760000	0	0	yes	56.5	244.2	20506	20827	9241	6604	0	44198	2681	0	0	5836	0	0
August 1, 2008 1:57:00 PM UTC	1217627820000	0	0	yes	56.3	244.5	20506	20827	9256	6498	0	44289	2742	0	0	5865	0	0
August 1, 2008 1:58:00 PM UTC	1217627880000	0	0	yes	56.2	244.7	20506	20827	9246	6561	0	44236	2710	0	0	5840	0	0
August 1, 2008 1:59:00 PM UTC	1217627940000	0	0	yes	56.0	245.0	20506	20827	9246	6561	0	44236	2722	0	1	5828	0	0
August 1, 2008 2:00:00 PM UTC	1217628000000	0	0	yes	55.8	245.3	20506	20827	9249	6532	0	44262	2731	0	0	5833	0	0
August 1, 2008 2:01:00 PM UTC	1217628060000	0	0	yes	55.6	245.6	20506	20827	9246	6561	0	44236	2719	0	0	5817	0	0
August 1, 2008 2:02:00 PM UTC	1217628120000	0	0	yes	55.4	245.8	20506	20827	9235	6626	0	44182	2682	0	0	5786	0	0
August 1, 2008 2:03:00 PM UTC	1217628180000	0	0	yes	55.3	246.1	20506	20827	9251	6483	0	44309	2749	0	0	5812	0	0
August 1, 2008 2:04:00 PM UTC	1217628240000	0	0	yes	55.1	246.4	20506	20827	9251	6482	0	44310	2742	0	0	5806	0	0
August 1, 2008 2:05:00 PM UTC	1217628300000	0	0	yes	54.9	246.6	20506	20827	9246	6518	0	44279	2737	0	1	5784	0	0
August 1, 2008 2:06:00 PM UTC	1217628360000	0	0	yes	54.7	246.9	20506	20827	9251	6536	0	44256	2729	0	1	5786	0	0
August 1, 2008 2:07:00 PM UTC	1217628420000	0	0	yes	54.5	247.1	20506	20827	9240	6602	0	44201	2700	0	1	5754	0	0
August 1, 2008 2:08:00 PM UTC	1217628480000	0	0	yes	54.3	247.4	20506	20827	9253	6509	0	44281	2744	0	1	5773	0	0
August 1, 2008 2:09:00 PM UTC	1217628540000	0	0	yes	54.1	247.7	20506	20827	9245	6575	0	44223	2712	0	0	5743	0	0
August 1, 2008 2:10:00 PM UTC	1217628600000	0	0	yes	54.0	247.9	20506	20827	9245	6575	0	44223	2708	0	0	5735	0	0
August 1, 2008 2:11:00 PM UTC	1217628660000	0	0	yes	53.8	248.2	20506	20827	9258	6483	0	44302	2755	0	0	5756	0	0
August 1, 2008 2:12:00 PM UTC	1217628720000	0	0	yes	53.6	248.4	20506	20827	9243	6576	0	44224	2713	0	0	5711	0	0
August 1, 2008 2:13:00 PM UTC	1217628780000	0	0	yes	53.4	248.7	20506	20827	9243	6575	0	44225	2718	0	0	5700	0	0
August 1, 2008 2:14:00 PM UTC	1217628840000	0	0	yes	53.2	248.9	20506	20827	9246	6557	0	44240	2719	0	0	5701	0	0
August 1, 2008 2:15:00 PM UTC	1217628900000	0	0	yes	53.0	249.1	20506	20827	9248	6542	0	44253	2745	0	0	5694	0	0
August 1, 2008 2:16:00 PM UTC	1217628960000	0	0	yes	52.8	249.4	20506	20827	9248	6542	0	44253	2742	0	0	5678	0	0
August 1, 2008 2:17:00 PM UTC	1217629020000	0	0	yes	52.6	249.6	20506	20827	9247	6608	0	44188	2712	0	0	5665	0	0
August 1, 2008 2:18:00 PM UTC	1217629080000	0	0	yes	52.5	249.9	20506	20827	9240	6659	0	44144	2687	0	0	5638	0	0
August 1, 2008 2:19:00 PM UTC	1217629140000	0	0	yes	52.3	250.1	20506	20827	9248	6612	0	44183	2709	0	0	5641	0	0
August 1, 2008 2:20:00 PM UTC	1217629200000	0	0	yes	52.1	250.3	20506	20827	9237	6559	0	44247	2731	0	0	5617	0	0
August 1, 2008 2:21:00 PM UTC	1217629260000	0	0	yes	51.9	250.6	20506	20827	9252	6469	0	44322	2768	0	0	5632	0	0
August 1, 2008 2:22:00 PM UTC	1217629320000	0	0	yes	51.7	250.8	20506	20827	9252	6466	0	44325	2770	0	0	5621	0	0
August 1, 2008 2:23:00 PM UTC	1217629380000	0	0	yes	51.5	251.0	20506	20827	9252	6466	0	44325	2773	0	0	5605	0	0
August 1, 2008 2:24:00 PM UTC	1217629440000	0	0	yes	51.3	251.3	20506	20827	9252	6466	0	44325	2781	0	0	5595	0	0
August 1, 2008 2:25:00 PM UTC	1217629500000	0	0	yes	51.1	251.5	20506	20827	9244	6513	0	44286	2757	0	0	5567	0	0
August 1, 2008 2:26:00 PM UTC	1217629560000	0	0	yes	50.9	251.7	20506	20827	9256	6435	0	44352	2804	0	0	5574	0	0
August 1, 2008 2:27:00 PM UTC	1217629620000	0	0	yes	50.8	252.0	20506	20827	9244	6529	0	44270	2750	0	0	5539	0	0
August 1, 2008 2:28:00 PM UTC	1217629680000	0	0	yes	50.6	252.2	20506	20827	9253	6461	0	44329	2785	0	1	5546	0	0
August 1, 2008 2:29:00 PM UTC	1217629740000	0	0	yes	50.4	252.4	20506	20827	9245	6498	0	44300	2775	0	1	5520	0	0
August 1, 2008 2:30:00 PM UTC	1217629800000	0	0	yes	50.2	252.6	20506	20827	9256	6435	0	44352	2805	0	1	5517	0	0
August 1, 2008 2:31:00 PM UTC	1217629860000	0	0	yes	50.0	252.8	20506	20827	9244	6580	0	44219	2736	0	0	5485	0	0
August 1, 2008 2:32:00 PM UTC	1217629920000	0	0	yes	49.8	253.1	20506	20827	9254	6511	0	44278	2777	0	0	5492	0	0
August 1, 2008 2:33:00 PM UTC	1217629980000	0	0	yes	49.6	253.3	20506	20827	9247	6561	0	44235	2742	0	1	5469	0	0
August 1, 2008 2:34:00 PM UTC	1217630040000	0	0	yes	49.4	253.5	20506	20827	9246	6561	0	44236	2752	0	0	5451	0	0
August 1, 2008 2:35:00 PM UTC	1217630100000	0	0	yes	49.2	253.7	20506	20827	9246	6561	0	44236	2754	0	0	5436	0	0
August 1, 2008 2:36:00 PM UTC	1217630160000	0	0	yes	49.0	253.9	20506	20827	9247	6559	0	44237	2758	0	0	5419	0	0
August 1, 2008 2:37:00 PM UTC	1217630220000	0	0	yes	48.8	254.1	20506	20827	9248	6517	0	44278	2774	0	1	5412	0	0
August 1, 2008 2:38:00 PM UTC	1217630280000	0	0	yes	48.6	254.3	20506	20827	9248	6518	0	44277	2774	0	1	5395	0	0
August 1, 2008 2:39:00 PM UTC	1217630340000	0	0	yes	48.4	254.6	20506	20827	9248	6518	0	44277	2770	0	1	5379	0	0
August 1, 2008 2:40:00 PM UTC	1217630400000	0	0	yes	48.3	254.8	20506	20827	9248	6517	0	44278	2775	0	0	5366	0	0
August 1, 2008 2:41:00 PM UTC	1217630460000	0	0	yes	48.1	255.0	20506	20827	9248	6517	0	44278	2776	0	1	5352	0	0
August 1, 2008 2:42:00 PM UTC	1217630520000	0	0	yes	47.9	255.2	20506	20827	9250	6500	0	44293	2789	0	1	5340	0	0
August 1, 2008 2:43:00 PM UTC	1217630580000	0	0	yes	47.7	255.4	20506	20827	9250	6500	0	44293	2791	0	3	5324	0	0
August 1, 2008 2:44:00 PM UTC	1217630640000	0	0	yes	47.5	255.6	20506	20827	9250	6498	0	44295	2785	1	2	5308	0	0
August 1, 2008 2:45:00 PM UTC	1217630700000	0	0	yes	47.3	255.8	20506	20827	9250	6498	0	44295	2789	0	2	5294	0	0
August 1, 2008 2:46:00 PM UTC	1217630760000	0	0	yes	47.1	256.0	20506	20827	9238	6641	0	44164	2716	0	2	5265	0	0
August 1, 2008 2:47:00 PM UTC	1217630820000	0	0	yes	46.9	256.2	20506	20827	9250	6556	0	44237	2762	0	1	5269	0	0
August 1, 2008 2:48:00 PM UTC	1217630880000	0	0	yes	46.7	256.4	20506	20827	9240	6625	0	44178	2730	0	0	5232	0	0
August 1, 2008 2:49:00 PM UTC	1217630940000	0	0	yes	46.5	256.6	20506	20827	9251	6557	0	44235	2774	0	2	5235	0	0
August 1, 2008 2:50:00 PM UTC	1217631000000	0	0	yes	46.3	256.8	20506	20827	9240	6627	0	44176	2739	0	1	5204	0	0
August 1, 2008 2:51:00 PM UTC	1217631060000	0	0	yes	46.1	257.0	20506	20827	9251	6557	0	44235	2777	0	4	5204	0	0
August 1, 2008 2:52:00 PM UTC	1217631120000	0	0	yes	45.9	257.2	20506	20827	9242	6609	0	44192	2751	2	4	5174	0	0
August 1, 2008 2:53:00 PM UTC	1217631180000	0	0	yes	45.7	257.4	20506	20827	9251	6558	0	44234	2780	1	4	5169	0	0
August 1, 2008 2:54:00 PM UTC	1217631240000	0	0	yes	45.5	257.6	20506	20827	9240	6626	0	44177	2742	0	2	5140	0	0
August 1, 2008 2:55:00 PM UTC	1217631300000	0	0	yes	45.3	257.8	20506	20827	9251	6519	0	44273	2791	0	3	5139	0	0
August 1, 2008 2:56:00 PM UTC	1217631360000	0	0	yes	45.1	258.0	20506	20827	9240	6588	0	44215	2753	1	1	5110	0	0
August 1, 2008 2:57:00 PM UTC	1217631420000	0	0	yes	44.9	258.1	20506	20827	9252	6458	0	44333	2816	1	1	5110	0	0
August 1, 2008 2:58:00 PM UTC	1217631480000	0	0	yes	44.7	258.3	20506	20827	9244	6485	0	44314	2804	1	1	5084	0	0
August 1, 2008 2:59:00 PM UTC	1217631540000	0	0	yes	44.5	258.5	20506	20827	9253	6429	0	44361	2840	0	2	5074	0	0
August 1, 2008 3:00:00 PM UTC	1217631600000	0	0	yes	44.3	258.7	20506	20827	9242	6503	0	44298	2803	0	2	5047	0	0
August 1, 2008 3:01:00 PM UTC	1217631660000	0	0	yes	44.1	258.9	20506	20827	9242	6503	0	44298	2795	0	0	5034	0	0
August 1, 2008 3:02:00 PM UTC	1217631720000	0	0	yes	43.9	259.1	20506	20827	9244	6492	0	44307	2797	0	0	5021	0	0
August 1, 2008 3:03:00 PM UTC	1217631780000	0	0	yes	43.8	259.3	20506	20827	9244	6497	0	44302	2804	0	0	5001	0	0
August 1, 2008 3:04:00 PM UTC	1217631840000	0	0	yes	43.6	259.5	20506	20827	9245	6565	0	44233	2789	0	0	4981	0	0
August 1, 2008 3:05:00 PM UTC	1217631900000	0	0	yes	43.4	259.6	20506	20827	9245	6565	0	44233	2788	0	0	4966	0	0
August 1, 2008 3:06:00 PM UTC	1217631960000	0	0	yes	43.2	259.8	20506	20827	9257	6498	0	44288	2824	0	0	4962	0	0
August 1, 2008 3:07:00 PM UTC	1217632020000	0	0	yes	43.0	260.0	20506	20827	9246	6565	0	44232	2788	0	0	4933	0	0
August 1, 2008 3:08:00 PM UTC	1217632080000	0	0	yes	42.8	260.2	20506	20827	9246	6565	0	44232	2784	0	0	4921	0	0
August 1, 2008 3:09:00 PM UTC	1217632140000	0	0	yes	42.6	260.4	20506	20827	9247	6563	0	44233	2785	0	1	4903	0	0
August 1, 2008 3:10:00 PM UTC	1217632200000	0	0	yes	42.4	260.5	20506	20827	9247	6563	0	44233	2791	0	0	4883	0	0
August 1, 2008 3:11:00 PM UTC	1217632260000	0	0	yes	42.2	260.7	20506	20827	9250	6551	0	44242	2806	0	0	4853	0	0
August 1, 2008 3:12:00 PM UTC	1217632320000	0	0	yes	42.0	260.9	20506	20827	9250	6551	0	44242	2799	0	0	4850	0	0
August 1, 2008 3:13:00 PM UTC	1217632380000	0	0	yes	41.8	261.1	20506	20827	9251	6518	0	44274	2811	0	0	4824	0	0
August 1, 2008 3:14:00 PM UTC	1217632440000	0	0	yes	41.6	261.3	20506	20827	9251	6518	0	44274	2802	0	0	4824	0	0
August 1, 2008 3:15:00 PM UTC	1217632500000	0	0	yes	41.4	261.4	20506	20827	9252	6515	0	44276	2803	0	3	4794	0	0
August 1, 2008 3:16:00 PM UTC	1217632560000	0	0	yes	41.2	261.6	20506	20827	9252	6515	0	44276	2807	0	2	4786	0	0
August 1, 2008 3:17:00 PM UTC	1217632620000	0	0	yes	41.0	261.8	20506	20827	9254	6515	0	44274	2822	0	1	4754	0	0
August 1, 2008 3:18:00 PM UTC	1217632680000	0	0	yes	40.8	261.9	20506	20827	9253	6525	0	44265	2816	0	2	4747	0	0
August 1, 2008 3:19:00 PM UTC	1217632740000	0	0	yes	40.6	262.1	20506	20827	9254	6515	0	44274	2824	0	2	4725	0	0
August 1, 2008 3:20:00 PM UTC	1217632800000	0	0	yes	40.4	262.3	20506	20827	9255	6514	0	44274	2818	0	2	4715	0	0
August 1, 2008 3:21:00 PM UTC	1217632860000	0	0	yes	40.2	262.5	20506	20827	9255	6514	0	44274	2819	1	4	4700	0	0
August 1, 2008 3:22:00 PM UTC	1217632920000	0	0	yes	40.0	262.6	20506	20827	9245	6584	0	44214	2783	0	5	4669	0	1
August 1, 2008 3:23:00 PM UTC	1217632980000	0	0	yes	39.8	262.8	20506	20827	9256	6513	0	44274	2828	1	4	4658	0	2
August 1, 2008 3:24:00 PM UTC	1217633040000	0	0	yes	39.6	263.0	20506	20827	9256	6513	0	44274	2830	0	0	4640	0	1
August 1, 2008 3:25:00 PM UTC	1217633100000	0	0	yes	39.4	263.1	20506	20827	9257	6583	0	44203	2800	0	2	4623	0	0
August 1, 2008 3:26:00 PM UTC	1217633160000	0	0	yes	39.2	263.3	20506	20827	9257	6583	0	44203	2803	0	1	4607	0	0
August 1, 2008 3:27:00 PM UTC	1217633220000	0	0	yes	39.0	263.5	20506	20827	9256	6588	0	44199	2801	0	0	4593	0	0
August 1, 2008 3:28:00 PM UTC	1217633280000	0	0	yes	38.8	263.6	20506	20827	9256	6588	0	44199	2801	0	0	4575	0	0
August 1, 2008 3:29:00 PM UTC	1217633340000	0	0	yes	38.6	263.8	20506	20827	9246	6652	0	44145	2766	0	0	4552	0	0
August 1, 2008 3:30:00 PM UTC	1217633400000	0	0	yes	38.4	264.0	20506	20827	9258	6505	0	44280	2838	0	0	4537	0	0
August 1, 2008 3:31:00 PM UTC	1217633460000	0	0	yes	38.2	264.1	20506	20827	9258	6477	0	44308	2848	0	1	4520	0	0
August 1, 2008 3:32:00 PM UTC	1217633520000	0	0	yes	38.0	264.3	20506	20827	9258	6477	0	44308	2842	0	2	4502	0	0
August 1, 2008 3:33:00 PM UTC	1217633580000	0	0	yes	37.8	264.5	20506	20827	9258	6489	0	44296	2843	0	1	4491	0	1
August 1, 2008 3:34:00 PM UTC	1217633640000	0	0	yes	37.6	264.6	20506	20827	9248	6559	0	44236	2802	0	2	4469	0	0
August 1, 2008 3:35:00 PM UTC	1217633700000	0	0	yes	37.4	264.8	20506	20827	9259	6488	0	44296	2855	0	1	4450	0	0
August 1, 2008 3:36:00 PM UTC	1217633760000	0	0	yes	37.2	265.0	20506	20827	9248	6558	0	44237	2809	0	0	4433	0	0
August 1, 2008 3:37:00 PM UTC	1217633820000	0	0	yes	37.0	265.1	20506	20827	9260	6481	0	44302	2854	0	0	4423	0	0
August 1, 2008 3:38:00 PM UTC	1217633880000	0	0	yes	36.8	265.3	20506	20827	9260	6481	0	44302	2856	0	0	4401	0	0
August 1, 2008 3:39:00 PM UTC	1217633940000	0	0	yes	36.6	265.4	20506	20827	9249	6551	0	44243	2815	0	0	4384	0	0
August 1, 2008 3:40:00 PM UTC	1217634000000	0	0	yes	36.4	265.6	20506	20827	9260	6480	0	44303	2857	0	0	4370	0	0
August 1, 2008 3:41:00 PM UTC	1217634060000	0	0	yes	36.2	265.8	20506	20827	9249	6550	0	44244	2812	0	3	4352	0	0
August 1, 2008 3:42:00 PM UTC	1217634120000	0	0	yes	36.0	265.9	20506	20827	9260	6479	0	44304	2861	1	3	4335	0	0
August 1, 2008 3:43:00 PM UTC	1217634180000	0	0	yes	35.8	266.1	20506	20827	9260	6479	0	44304	2868	3	4	4311	0	0
August 1, 2008 3:44:00 PM UTC	1217634240000	0	0	yes	35.6	266.2	20506	20827	9250	6548	0	44245	2816	0	2	4299	0	0
August 1, 2008 3:45:00 PM UTC	1217634300000	0	0	yes	35.4	266.4	20506	20827	9260	6477	0	44306	2867	0	2	4280	0	0
August 1, 2008 3:46:00 PM UTC	1217634360000	0	0	yes	35.2	266.6	20506	20827	9250	6548	0	44245	2825	0	0	4257	0	0
August 1, 2008 3:47:00 PM UTC	1217634420000	0	0	yes	35.0	266.7	20506	20827	9260	6476	0	44307	2873	0	0	4242	0	0
August 1, 2008 3:48:00 PM UTC	1217634480000	0	0	yes	34.8	266.9	20506	20827	9260	6476	0	44307	2868	0	0	4230	0	0
August 1, 2008 3:49:00 PM UTC	1217634540000	0	0	yes	34.6	267.0	20506	20827	9249	6621	0	44173	2812	0	0	4205	0	0
August 1, 2008 3:50:00 PM UTC	1217634600000	0	0	yes	34.4	267.2	20506	20827	9259	6546	0	44238	2845	0	0	4195	0	0
August 1, 2008 3:51:00 PM UTC	1217634660000	0	0	yes	34.2	267.3	20506	20827	9249	6616	0	44178	2808	0	0	4177	0	0
August 1, 2008 3:52:00 PM UTC	1217634720000	0	0	yes	34.0	267.5	20506	20827	9261	6542	0	44240	2855	0	0	4165	0	0
August 1, 2008 3:53:00 PM UTC	1217634780000	0	0	yes	33.8	267.7	20506	20827	9261	6542	0	44240	2863	0	0	4140	0	0
August 1, 2008 3:54:00 PM UTC	1217634840000	0	0	yes	33.6	267.8	20506	20827	9249	6614	0	44180	2820	0	0	4122	0	0
August 1, 2008 3:55:00 PM UTC	1217634900000	0	0	yes	33.4	268.0	20506	20827	9261	6543	0	44239	2861	0	0	4107	0	0
August 1, 2008 3:56:00 PM UTC	1217634960000	0	0	yes	33.2	268.1	20506	20827	9261	6543	0	44239	2853	0	3	4101	0	0
August 1, 2008 3:57:00 PM UTC	1217635020000	0	0	yes	33.0	268.3	20506	20827	9249	6615	0	44179	2820	0	1	4077	0	0
August 1, 2008 3:58:00 PM UTC	1217635080000	0	0	yes	32.8	268.4	20506	20827	9261	6544	0	44238	2859	0	3	4060	0	0
August 1, 2008 3:59:00 PM UTC	1217635140000	0	0	yes	32.6	268.6	20506	20827	9249	6616	0	44178	2816	0	0	4047	0	0
August 1, 2008 4:00:00 PM UTC	1217635200000	0	0	yes	32.4	268.7	20506	20827	9261	6544	0	44238	2854	0	0	4035	0	0
August 1, 2008 4:01:00 PM UTC	1217635260000	0	0	yes	32.2	268.9	20506	20827	9261	6470	0	44312	2876	0	0	4024	0	0
August 1, 2008 4:02:00 PM UTC	1217635320000	0	0	yes	32.0	269.0	20506	20827	9249	6541	0	44253	2831	0	0	4014	0	0
August 1, 2008 4:03:00 PM UTC	1217635380000	0	0	yes	31.8	269.2	20506	20827	9261	6469	0	44313	2871	0	0	3994	0	0
August 1, 2008 4:04:00 PM UTC	1217635440000	0	0	yes	31.6	269.3	20506	20827	9249	6539	0	44255	2810	0	0	3986	0	4
August 1, 2008 4:05:00 PM UTC	1217635500000	0	0	yes	31.4	269.5	20506	20827	9249	6539	0	44255	2805	0	1	3976	0	0
August 1, 2008 4:06:00 PM UTC	1217635560000	0	0	yes	31.2	269.6	20506	20827	9261	6468	0	44314	2852	0	3	3969	0	0
August 1, 2008 4:07:00 PM UTC	1217635620000	0	0	yes	31.0	269.8	20506	20827	9261	6468	0	44314	2849	0	0	3954	0	1
August 1, 2008 4:08:00 PM UTC	1217635680000	0	0	yes	30.8	269.9	20506	20827	9261	6468	0	44314	2846	0	0	3947	0	2
August 1, 2008 4:09:00 PM UTC	1217635740000	0	0	yes	30.6	270.1	20506	20827	9261	6467	0	44315	2836	0	5	3938	0	1
August 1, 2008 4:10:00 PM UTC	1217635800000	0	0	yes	30.4	270.2	20506	20827	9249	6612	0	44182	2771	0	2	3927	0	2
August 1, 2008 4:11:00 PM UTC	1217635860000	0	0	yes	30.2	270.4	20506	20827	9261	6460	0	44322	2824	0	2	3921	0	2
August 1, 2008 4:12:00 PM UTC	1217635920000	0	0	yes	30.0	270.5	20506	20827	9249	6531	0	44263	2764	0	0	3910	0	0
August 1, 2008 4:13:00 PM UTC	1217635980000	0	0	yes	29.8	270.7	20506	20827	9249	6531	0	44263	2756	0	4	3903	0	1
August 1, 2008 4:14:00 PM UTC	1217636040000	0	0	yes	29.6	270.8	20506	20827	9261	6461	0	44321	2805	0	4	3891	0	2
August 1, 2008 4:15:00 PM UTC	1217636100000	0	0	yes	29.4	271.0	20506	20827	9249	6533	0	44261	2765	0	11	3887	0	1
August 1, 2008 4:16:00 PM UTC	1217636160000	0	0	yes	29.2	271.1	20506	20827	9261	6462	0	44320	2787	0	9	3882	0	6
August 1, 2008 4:17:00 PM UTC	1217636220000	0	0	yes	29.0	271.3	20506	20827	9261	6544	0	44238	2763	0	14	3881	0	7
August 1, 2008 4:18:00 PM UTC	1217636280000	0	0	yes	28.8	271.4	20506	20827	9249	6616	0	44178	2712	0	19	3867	0	1
August 1, 2008 4:19:00 PM UTC	1217636340000	0	0	yes	28.6	271.6	20506	20827	9261	6544	0	44238	2743	0	22	3861	0	1
August 1, 2008 4:20:00 PM UTC	1217636400000	0	0	yes	28.4	271.7	20506	20827	9261	6544	0	44238	2732	0	48	3858	0	3
August 1, 2008 4:21:00 PM UTC	1217636460000	0	0	yes	28.2	271.8	20506	20827	9249	6615	0	44179	2684	0	58	3853	0	3
August 1, 2008 4:22:00 PM UTC	1217636520000	0	0	yes	28.0	272.0	20506	20827	9261	6543	0	44239	2724	0	57	3844	0	7
August 1, 2008 4:23:00 PM UTC	1217636580000	0	0	yes	27.8	272.1	20506	20827	9249	6614	0	44180	2669	0	92	3840	0	4
August 1, 2008 4:24:00 PM UTC	1217636640000	0	0	yes	27.6	272.3	20506	20827	9261	6542	0	44240	2695	0	100	3838	0	5
August 1, 2008 4:25:00 PM UTC	1217636700000	0	0	yes	27.4	272.4	20506	20827	9261	6542	0	44240	2690	0	125	3829	0	9
August 1, 2008 4:26:00 PM UTC	1217636760000	0	0	yes	27.2	272.6	20506	20827	9249	6616	0	44178	2636	0	78	3833	0	10
August 1, 2008 4:27:00 PM UTC	1217636820000	0	0	yes	27.0	272.7	20506	20827	9259	6546	0	44238	2666	0	116	3831	0	12
August 1, 2008 4:28:00 PM UTC	1217636880000	0	0	yes	26.8	272.9	20506	20827	9259	6546	0	44238	2657	0	163	3821	0	13
August 1, 2008 4:29:00 PM UTC	1217636940000	0	0	yes	26.6	273.0	20506	20827	9249	6621	0	44173	2610	0	188	3816	0	12
August 1, 2008 4:30:00 PM UTC	1217637000000	0	0	yes	26.4	273.1	20506	20827	9260	6483	0	44300	2648	0	146	3819	0	19
August 1, 2008 4:31:00 PM UTC	1217637060000	0	0	yes	26.2	273.3	20506	20827	9260	6483	0	44300	2643	0	177	3814	0	12
August 1, 2008 4:32:00 PM UTC	1217637120000	0	1	yes	26.0	273.4	20506	20827	9250	6553	0	44240	2590	0	218	3810	0	10
August 1, 2008 4:33:00 PM UTC	1217637180000	0	0	yes	25.8	273.6	20506	20827	9260	6482	0	44301	2616	0	172	3809	0	19
August 1, 2008 4:34:00 PM UTC	1217637240000	0	0	yes	25.6	273.7	20506	20827	9250	6551	0	44242	2572	0	173	3804	0	11
August 1, 2008 4:35:00 PM UTC	1217637300000	0	1	yes	25.4	273.9	20506	20827	9260	6480	0	44303	2591	2	230	3808	0	16
August 1, 2008 4:36:00 PM UTC	1217637360000	0	0	yes	25.2	274.0	20506	20827	9260	6480	0	44303	2581	0	174	3809	0	13
August 1, 2008 4:37:00 PM UTC	1217637420000	0	1	yes	25.0	274.1	20506	20827	9249	6550	0	44244	2528	0	250	3808	0	35
August 1, 2008 4:38:00 PM UTC	1217637480000	0	0	yes	24.8	274.3	20506	20827	9260	6479	0	44304	2561	16	161	3803	0	41
August 1, 2008 4:39:00 PM UTC	1217637540000	0	1	yes	24.6	274.4	20506	20827	9260	6479	0	44304	2546	7	213	3807	0	28
August 1, 2008 4:40:00 PM UTC	1217637600000	0	1	yes	24.4	274.6	20506	20827	9249	6549	0	44245	2487	1	227	3812	0	24
August 1, 2008 4:41:00 PM UTC	1217637660000	0	0	yes	24.2	274.7	20506	20827	9260	6478	0	44305	2518	9	157	3808	0	22
August 1, 2008 4:42:00 PM UTC	1217637720000	0	0	yes	24.0	274.9	20506	20827	9260	6478	0	44305	2508	9	182	3806	0	28
August 1, 2008 4:43:00 PM UTC	1217637780000	0	1	yes	23.8	275.0	20506	20827	9248	6554	0	44241	2456	1	221	3804	0	28
August 1, 2008 4:44:00 PM UTC	1217637840000	0	1	yes	23.6	275.1	20506	20827	9259	6483	0	44301	2478	0	236	3807	0	23
August 1, 2008 4:45:00 PM UTC	1217637900000	0	0	yes	23.4	275.3	20506	20827	9259	6483	0	44301	2466	1	181	3808	0	31
August 1, 2008 4:46:00 PM UTC	1217637960000	0	1	yes	23.2	275.4	20506	20827	9248	6554	0	44241	2412	3	203	3813	0	40
August 1, 2008 4:47:00 PM UTC	1217638020000	0	1	yes	23.0	275.6	20506	20827	9258	6483	7	44295	2439	5	262	3813	0	85
August 1, 2008 4:48:00 PM UTC	1217638080000	0	1	yes	22.8	275.7	20506	20827	9258	6472	15	44298	2424	11	202	3813	0	42
August 1, 2008 4:49:00 PM UTC	1217638140000	0	1	yes	22.6	275.8	20506	20827	9258	6472	27	44286	2407	1	249	3818	0	34
August 1, 2008 4:50:00 PM UTC	1217638200000	0	1	yes	22.4	276.0	20506	20827	9258	6500	40	44245	2398	2	206	3814	0	81
August 1, 2008 4:51:00 PM UTC	1217638260000	0	0	yes	22.2	276.1	20506	20827	9257	6582	51	44153	2368	1	162	3821	0	47
August 1, 2008 4:52:00 PM UTC	1217638320000	0	1	yes	22.0	276.3	20506	20827	9256	6590	64	44133	2346	2	243	3829	0	47
August 1, 2008 4:53:00 PM UTC	1217638380000	0	1	yes	21.8	276.4	20506	20827	9256	6590	77	44120	2336	5	268	3826	0	53
August 1, 2008 4:54:00 PM UTC	1217638440000	0	1	yes	21.6	276.5	20506	20827	9245	6660	80	44058	2284	2	311	3831	0	53
August 1, 2008 4:55:00 PM UTC	1217638500000	0	0	yes	21.4	276.7	20506	20827	9257	6581	102	44103	2310	1	166	3832	0	26
August 1, 2008 4:56:00 PM UTC	1217638560000	0	0	yes	21.2	276.8	20506	20827	9257	6581	115	44090	2292	0	152	3840	0	36
August 1, 2008 4:57:00 PM UTC	1217638620000	0	0	yes	21.0	277.0	20506	20827	9245	6660	112	44026	2239	2	123	3843	0	24
August 1, 2008 4:58:00 PM UTC	1217638680000	0	0	yes	20.8	277.1	20506	20827	9256	6518	134	44135	2277	0	135	3849	0	27
August 1, 2008 4:59:00 PM UTC	1217638740000	0	0	yes	20.6	277.2	20506	20827	9256	6518	148	44121	2262	0	117	3852	0	88
August 1, 2008 5:00:00 PM UTC	1217638800000	0	0	yes	20.4	277.4	20506	20827	9245	6588	146	44064	2216	0	57	3854	0	30
August 1, 2008 5:01:00 PM UTC	1217638860000	0	0	yes	20.2	277.5	20506	20827	9255	6517	165	44106	2228	0	48	3869	0	92
August 1, 2008 5:02:00 PM UTC	1217638920000	0	0	yes	20.0	277.7	20506	20827	9255	6517	173	44098	2217	0	63	3867	0	25
August 1, 2008 5:03:00 PM UTC	1217638980000	0	0	yes	19.8	277.8	20506	20827	9244	6587	170	44042	2171	0	37	3873	0	33
August 1, 2008 5:04:00 PM UTC	1217639040000	0	0	yes	19.6	277.9	20506	20827	9254	6516	194	44079	2188	1	81	3880	0	44
August 1, 2008 5:05:00 PM UTC	1217639100000	0	0	yes	19.4	278.1	20506	20827	9253	6526	205	44059	2171	0	66	3886	0	130
August 1, 2008 5:06:00 PM UTC	1217639160000	0	0	yes	19.2	278.2	20506	20827	9254	6517	218	44054	2154	0	112	3889	0	63
August 1, 2008 5:07:00 PM UTC	1217639220000	0	0	yes	19.0	278.4	20506	20827	9252	6518	227	44046	2135	0	85	3901	0	120
August 1, 2008 5:08:00 PM UTC	1217639280000	0	0	yes	18.8	278.5	20506	20827	9252	6518	237	44036	2123	0	110	3906	0	61
August 1, 2008 5:09:00 PM UTC	1217639340000	0	0	yes	18.6	278.6	20506	20827	9251	6518	245	44029	2107	0	50	3908	0	116
August 1, 2008 5:10:00 PM UTC	1217639400000	0	0	yes	18.4	278.8	20506	20827	9251	6518	250	44024	2094	0	36	3921	0	115
August 1, 2008 5:11:00 PM UTC	1217639460000	0	0	yes	18.2	278.9	20506	20827	9251	6518	260	44014	2077	0	65	3920	0	46
August 1, 2008 5:12:00 PM UTC	1217639520000	0	0	yes	18.0	279.0	20506	20827	9250	6516	270	44007	2064	0	62	3929	1	79
August 1, 2008 5:13:00 PM UTC	1217639580000	0	0	yes	17.8	279.2	20506	20827	9250	6547	277	43969	2038	1	87	3962	0	52
August 1, 2008 5:14:00 PM UTC	1217639640000	0	0	yes	17.6	279.3	20506	20827	9250	6547	283	43963	2031	0	64	3952	0	126
August 1, 2008 5:15:00 PM UTC	1217639700000	0	0	yes	17.4	279.5	20506	20827	9247	6558	291	43947	2009	0	38	3959	0	27
August 1, 2008 5:16:00 PM UTC	1217639760000	0	0	yes	17.2	279.6	20506	20827	9247	6558	296	43942	1991	0	29	3976	0	44
August 1, 2008 5:17:00 PM UTC	1217639820000	0	0	yes	17.0	279.7	20506	20827	9247	6558	300	43938	1975	0	95	3977	0	50
August 1, 2008 5:18:00 PM UTC	1217639880000	0	0	yes	16.8	279.9	20506	20827	9246	6558	308	43931	1960	0	88	3995	1	49
August 1, 2008 5:19:00 PM UTC	1217639940000	0	0	yes	16.6	280.0	20506	20827	9246	6558	313	43926	1948	0	89	3998	0	108
August 1, 2008 5:20:00 PM UTC	1217640000000	0	0	yes	16.4	280.2	20506	20827	9246	6558	317	43922	1931	0	58	4010	0	65
August 1, 2008 5:21:00 PM UTC	1217640060000	0	1	yes	16.2	280.3	20506	20827	9245	6558	320	43920	1914	0	109	4020	0	143
August 1, 2008 5:22:00 PM UTC	1217640120000	0	0	yes	16.0	280.4	20506	20827	9245	6558	330	43910	1901	0	64	4031	0	137
August 1, 2008 5:23:00 PM UTC	1217640180000	0	0	yes	15.8	280.6	20506	20827	9255	6485	347	43956	1913	0	152	4040	0	45
August 1, 2008 5:24:00 PM UTC	1217640240000	0	0	yes	15.6	280.7	20506	20827	9244	6497	339	43963	1875	1	85	4049	0	43
August 1, 2008 5:25:00 PM UTC	1217640300000	0	0	yes	15.4	280.8	20506	20827	9244	6497	348	43954	1853	2	12	4067	0	27
August 1, 2008 5:26:00 PM UTC	1217640360000	0	0	yes	15.2	281.0	20506	20827	9253	6428	368	43994	1867	0	11	4075	0	102
August 1, 2008 5:27:00 PM UTC	1217640420000	0	0	yes	15.0	281.1	20506	20827	9242	6501	361	43939	1827	0	15	4082	0	91
August 1, 2008 5:28:00 PM UTC	1217640480000	0	0	yes	14.8	281.3	20506	20827	9242	6501	361	43939	1807	0	41	4099	0	112
August 1, 2008 5:29:00 PM UTC	1217640540000	0	0	yes	14.6	281.4	20506	20827	9253	6427	380	43983	1820	0	24	4109	0	13
August 1, 2008 5:30:00 PM UTC	1217640600000	0	0	yes	14.4	281.5	20506	20827	9244	6483	372	43944	1773	0	21	4124	0	36
August 1, 2008 5:31:00 PM UTC	1217640660000	0	0	yes	14.2	281.7	20506	20827	9244	6483	380	43936	1765	0	51	4130	5	50
August 1, 2008 5:32:00 PM UTC	1217640720000	0	0	yes	14.0	281.8	20506	20827	9252	6454	391	43946	1760	0	107	4153	1	38
August 1, 2008 5:33:00 PM UTC	1217640780000	0	0	yes	13.8	282.0	20506	20827	9240	6591	383	43829	1710	0	6	4164	1	18
August 1, 2008 5:34:00 PM UTC	1217640840000	0	0	yes	13.6	282.1	20506	20827	9240	6591	383	43829	1695	0	12	4182	0	30
August 1, 2008 5:35:00 PM UTC	1217640900000	0	0	yes	13.4	282.2	20506	20827	9251	6522	398	43872	1704	0	26	4193	0	11
August 1, 2008 5:36:00 PM UTC	1217640960000	0	0	yes	13.2	282.4	20506	20827	9240	6592	388	43823	1659	0	27	4208	0	12
August 1, 2008 5:37:00 PM UTC	1217641020000	0	0	yes	13.0	282.5	20506	20827	9240	6626	399	43778	1645	4	39	4220	0	25
August 1, 2008 5:38:00 PM UTC	1217641080000	0	0	yes	12.9	282.7	20506	20827	9251	6558	412	43822	1656	0	3	4235	0	27
August 1, 2008 5:39:00 PM UTC	1217641140000	0	0	yes	12.7	282.8	20506	20827	9242	6609	402	43790	1620	0	1	4252	0	8
August 1, 2008 5:40:00 PM UTC	1217641200000	0	0	yes	12.5	282.9	20506	20827	9240	6626	405	43772	1590	0	0	4275	0	6
August 1, 2008 5:41:00 PM UTC	1217641260000	0	0	yes	12.3	283.1	20506	20827	9251	6556	418	43818	1606	0	26	4288	0	6
August 1, 2008 5:42:00 PM UTC	1217641320000	0	0	yes	12.1	283.2	20506	20827	9240	6625	405	43773	1565	0	0	4303	0	14
August 1, 2008 5:43:00 PM UTC	1217641380000	0	0	yes	11.9	283.3	20506	20827	9251	6554	424	43814	1577	0	0	4316	0	19
August 1, 2008 5:44:00 PM UTC	1217641440000	0	0	yes	11.7	283.5	20506	20827	9251	6553	423	43816	1557	0	3	4335	0	13
August 1, 2008 5:45:00 PM UTC	1217641500000	0	0	yes	11.5	283.6	20506	20827	9240	6623	414	43766	1514	0	0	4351	0	51
August 1, 2008 5:46:00 PM UTC	1217641560000	0	0	yes	11.3	283.8	20506	20827	9250	6554	431	43808	1520	0	11	4372	0	16
August 1, 2008 5:47:00 PM UTC	1217641620000	0	0	yes	11.1	283.9	20506	20827	9250	6554	431	43808	1501	0	1	4391	0	7
August 1, 2008 5:48:00 PM UTC	1217641680000	0	0	yes	10.9	284.0	20506	20827	9238	6637	423	43745	1462	0	25	4395	0	33
August 1, 2008 5:49:00 PM UTC	1217641740000	0	0	yes	10.7	284.2	20506	20827	9250	6502	437	43854	1479	0	4	4415	0	23
August 1, 2008 5:50:00 PM UTC	1217641800000	0	0	yes	10.5	284.3	20506	20827	9250	6502	439	43852	1466	0	32	4429	0	24
August 1, 2008 5:51:00 PM UTC	1217641860000	0	0	yes	10.3	284.5	20506	20827	9241	6571	430	43801	1422	0	24	4446	0	37
August 1, 2008 5:52:00 PM UTC	1217641920000	0	0	yes	10.1	284.6	20506	20827	9250	6500	443	43850	1423	0	22	4473	0	52
August 1, 2008 5:53:00 PM UTC	1217641980000	0	0	yes	9.9	284.7	20506	20827	9250	6500	442	43851	1410	0	44	4485	0	20
August 1, 2008 5:54:00 PM UTC	1217642040000	0	0	yes	9.7	284.9	20506	20827	9239	6569	433	43802	1370	0	36	4499	0	28
August 1, 2008 5:55:00 PM UTC	1217642100000	0	0	yes	9.5	285.0	20506	20827	9248	6517	445	43833	1377	0	12	4512	0	1
August 1, 2008 5:56:00 PM UTC	1217642160000	0	0	yes	9.3	285.2	20506	20827	9248	6517	445	43833	1360	0	10	4526	0	20
August 1, 2008 5:57:00 PM UTC	1217642220000	0	0	yes	9.2	285.3	20506	20827	9238	6584	439	43782	1323	0	0	4541	0	4
August 1, 2008 5:58:00 PM UTC	1217642280000	0	0	yes	9.0	285.4	20506	20827	9248	6516	456	43823	1329	0	6	4559	0	1
August 1, 2008 5:59:00 PM UTC	1217642340000	0	0	yes	8.8	285.6	20506	20827	9248	6516	455	43824	1300	0	5	4590	0	0
August 1, 2008 6:00:00 PM UTC	1217642400000	0	0	yes	8.6	285.7	20506	20827	9248	6514	458	43823	1292	0	9	4597	0	1
August 1, 2008 6:01:00 PM UTC	1217642460000	0	0	yes	8.4	285.9	20506	20827	9248	6514	463	43818	1275	0	5	4616	0	1
August 1, 2008 6:02:00 PM UTC	1217642520000	0	0	yes	8.2	286.0	20506	20827	9247	6555	461	43780	1257	0	3	4627	0	0
August 1, 2008 6:03:00 PM UTC	1217642580000	0	0	yes	8.0	286.1	20506	20827	9246	6556	463	43778	1242	0	0	4644	0	0
August 1, 2008 6:04:00 PM UTC	1217642640000	0	0	yes	7.8	286.3	20506	20827	9246	6556	465	43776	1227	0	43	4659	0	0
August 1, 2008 6:05:00 PM UTC	1217642700000	0	0	yes	7.6	286.4	20506	20827	9246	6556	468	43773	1212	0	0	4674	0	0
August 1, 2008 6:06:00 PM UTC	1217642760000	0	0	yes	7.4	286.6	20506	20827	9247	6554	467	43775	1196	0	10	4691	0	5
August 1, 2008 6:07:00 PM UTC	1217642820000	0	0	yes	7.2	286.7	20506	20827	9247	6554	468	43774	1180	0	0	4706	0	0
August 1, 2008 6:08:00 PM UTC	1217642880000	0	0	yes	7.0	286.9	20506	20827	9247	6554	468	43774	1159	0	33	4725	0	0
August 1, 2008 6:09:00 PM UTC	1217642940000	0	0	yes	6.8	287.0	20506	20827	9254	6504	475	43810	1160	0	36	4742	0	0
August 1, 2008 6:10:00 PM UTC	1217643000000	0	0	yes	6.6	287.1	20506	20827	9244	6572	464	43763	1121	0	59	4758	0	6
August 1, 2008 6:11:00 PM UTC	1217643060000	0	0	yes	6.5	287.3	20506	20827	9244	6572	464	43763	1106	0	44	4772	0	0
August 1, 2008 6:12:00 PM UTC	1217643120000	0	0	yes	6.3	287.4	20506	20827	9256	6433	475	43879	1120	0	44	4794	0	3
August 1, 2008 6:13:00 PM UTC	1217643180000	0	0	yes	6.1	287.6	20506	20827	9245	6495	469	43834	1085	0	36	4802	0	0
August 1, 2008 6:14:00 PM UTC	1217643240000	0	0	yes	5.9	287.7	20506	20827	9245	6495	473	43830	1074	0	35	4812	0	0
August 1, 2008 6:15:00 PM UTC	1217643300000	0	0	yes	5.7	287.9	20506	20827	9253	6458	487	43845	1067	0	44	4836	0	0
August 1, 2008 6:16:00 PM UTC	1217643360000	0	0	yes	5.5	288.0	20506	20827	9244	6524	488	43787	1033	0	12	4844	0	0
August 1, 2008 6:17:00 PM UTC	1217643420000	0	0	yes	5.3	288.1	20506	20827	9254	6451	505	43833	1037	0	2	4866	0	0
August 1, 2008 6:18:00 PM UTC	1217643480000	0	0	yes	5.1	288.3	20506	20827	9256	6430	514	43843	1023	0	27	4887	0	0
August 1, 2008 6:19:00 PM UTC	1217643540000	0	0	yes	4.9	288.4	20506	20827	9244	6495	519	43785	992	0	30	4894	0	0
August 1, 2008 6:20:00 PM UTC	1217643600000	0	0	yes	4.7	288.6	20506	20827	9255	6440	532	43816	987	0	2	4923	0	0
August 1, 2008 6:21:00 PM UTC	1217643660000	0	0	yes	4.5	288.7	20506	20827	9252	6463	535	43793	967	0	4	4934	0	0
August 1, 2008 6:22:00 PM UTC	1217643720000	0	0	yes	4.4	288.9	20506	20827	9241	6531	536	43735	934	0	2	4937	0	0
August 1, 2008 6:23:00 PM UTC	1217643780000	0	0	yes	4.2	289.0	20506	20827	9252	6463	559	43769	938	0	7	4961	0	1
August 1, 2008 6:24:00 PM UTC	1217643840000	0	0	yes	4.0	289.1	20506	20827	9252	6463	578	43750	925	0	2	4975	0	2
August 1, 2008 6:25:00 PM UTC	1217643900000	0	0	yes	3.8	289.3	20506	20827	9244	6531	586	43682	895	0	6	4982	0	0
August 1, 2008 6:26:00 PM UTC	1217643960000	0	0	yes	3.6	289.4	20506	20827	9252	6461	618	43712	896	0	8	5005	0	0
August 1, 2008 6:27:00 PM UTC	1217644020000	0	0	yes	3.4	289.6	20506	20827	9248	6484	646	43665	872	0	2	5020	0	0
August 1, 2008 6:28:00 PM UTC	1217644080000	0	0	yes	3.2	289.7	20506	20827	9237	6551	672	43583	846	0	0	5022	0	0
August 1, 2008 6:29:00 PM UTC	1217644140000	0	0	yes	3.0	289.9	20506	20827	9248	6610	716	43469	840	0	0	5040	0	1
