June 23, 2009 5:00:00 AM UTC	1245762000000	1	1	yes	5.1	64.5	20506	20827	9256	6494	486	43807	1024	111	189	4885	50	439
June 23, 2009 5:01:00 AM UTC	1245762060000	1	1	yes	5.3	64.6	20506	20827	9246	6560	471	43766	1016	114	195	4866	53	387
June 23, 2009 5:02:00 AM UTC	1245762120000	1	2	yes	5.5	64.8	20506	20827	9246	6560	466	43771	1035	114	221	4849	56	560
June 23, 2009 5:03:00 AM UTC	1245762180000	0	2	yes	5.7	64.9	20506	20827	9257	6496	480	43810	1065	78	260	4843	34	577
June 23, 2009 5:04:00 AM UTC	1245762240000	0	2	yes	5.8	65.1	20506	20827	9246	6561	463	43773	1062	76	241	4820	29	495
June 23, 2009 5:05:00 AM UTC	1245762300000	0	2	yes	6.0	65.2	20506	20827	9249	6532	463	43799	1088	79	286	4806	33	539
June 23, 2009 5:06:00 AM UTC	1245762360000	0	2	yes	6.2	65.3	20506	20827	9249	6532	465	43797	1099	85	281	4794	38	713
June 23, 2009 5:07:00 AM UTC	1245762420000	1	2	yes	6.4	65.5	20506	20827	9246	6562	456	43779	1107	86	325	4773	41	636
June 23, 2009 5:08:00 AM UTC	1245762480000	1	2	yes	6.6	65.6	20506	20827	9246	6562	453	43782	1121	86	241	4760	41	590
June 23, 2009 5:09:00 AM UTC	1245762540000	1	2	yes	6.8	65.8	20506	20827	9246	6562	458	43777	1136	97	351	4747	32	691
June 23, 2009 5:10:00 AM UTC	1245762600000	1	3	yes	6.9	65.9	20506	20827	9250	6534	460	43799	1157	130	284	4730	49	817
June 23, 2009 5:11:00 AM UTC	1245762660000	1	2	yes	7.1	66.0	20506	20827	9251	6487	462	43843	1179	103	358	4716	48	693
June 23, 2009 5:12:00 AM UTC	1245762720000	0	2	yes	7.3	66.2	20506	20827	9251	6487	466	43839	1191	65	303	4705	25	626
June 23, 2009 5:13:00 AM UTC	1245762780000	0	3	yes	7.5	66.3	20506	20827	9251	6488	470	43834	1209	70	433	4686	27	719
June 23, 2009 5:14:00 AM UTC	1245762840000	1	2	yes	7.7	66.4	20506	20827	9251	6488	463	43841	1221	72	345	4673	25	627
June 23, 2009 5:15:00 AM UTC	1245762900000	1	3	yes	7.9	66.6	20506	20827	9251	6488	463	43841	1236	74	400	4659	30	728
June 23, 2009 5:16:00 AM UTC	1245762960000	0	2	yes	8.0	66.7	20506	20827	9245	6575	454	43769	1237	65	327	4639	23	681
June 23, 2009 5:17:00 AM UTC	1245763020000	1	3	yes	8.2	66.9	20506	20827	9251	6538	461	43793	1264	101	364	4626	32	704
June 23, 2009 5:18:00 AM UTC	1245763080000	1	2	yes	8.4	67.0	20506	20827	9251	6538	457	43797	1278	77	352	4614	30	665
June 23, 2009 5:19:00 AM UTC	1245763140000	1	2	yes	8.6	67.1	20506	20827	9240	6604	447	43752	1277	102	356	4589	29	675
June 23, 2009 5:20:00 AM UTC	1245763200000	1	2	yes	8.8	67.3	20506	20827	9248	6551	455	43789	1313	82	358	4577	34	685
June 23, 2009 5:21:00 AM UTC	1245763260000	1	3	yes	9.0	67.4	20506	20827	9253	6512	458	43820	1336	100	446	4565	33	780
June 23, 2009 5:22:00 AM UTC	1245763320000	0	3	yes	9.2	67.5	20506	20827	9245	6579	443	43776	1332	74	454	4544	21	774
June 23, 2009 5:23:00 AM UTC	1245763380000	0	2	yes	9.3	67.7	20506	20827	9256	6513	449	43825	1366	85	414	4533	24	644
June 23, 2009 5:24:00 AM UTC	1245763440000	1	3	yes	9.5	67.8	20506	20827	9256	6513	448	43826	1385	92	489	4514	23	687
June 23, 2009 5:25:00 AM UTC	1245763500000	0	2	yes	9.7	68.0	20506	20827	9245	6579	433	43786	1377	84	402	4497	18	565
June 23, 2009 5:26:00 AM UTC	1245763560000	0	3	yes	9.9	68.1	20506	20827	9245	6579	438	43781	1391	83	458	4486	18	687
June 23, 2009 5:27:00 AM UTC	1245763620000	1	3	yes	10.1	68.2	20506	20827	9258	6489	444	43852	1441	105	526	4471	25	695
June 23, 2009 5:28:00 AM UTC	1245763680000	1	3	yes	10.3	68.4	20506	20827	9243	6581	433	43786	1423	106	549	4456	23	655
June 23, 2009 5:29:00 AM UTC	1245763740000	1	3	yes	10.5	68.5	20506	20827	9243	6581	433	43786	1439	106	528	4442	21	675
June 23, 2009 5:30:00 AM UTC	1245763800000	1	3	yes	10.6	68.6	20506	20827	9253	6523	441	43826	1472	119	507	4426	19	629
June 23, 2009 5:31:00 AM UTC	1245763860000	0	3	yes	10.8	68.8	20506	20827	9243	6582	430	43788	1469	78	564	4406	13	710
June 23, 2009 5:32:00 AM UTC	1245763920000	0	3	yes	11.0	68.9	20506	20827	9247	6550	434	43812	1489	85	545	4398	11	559
June 23, 2009 5:33:00 AM UTC	1245763980000	0	3	yes	11.2	69.0	20506	20827	9258	6483	440	43862	1532	97	499	4380	12	590
June 23, 2009 5:34:00 AM UTC	1245764040000	0	3	yes	11.4	69.2	20506	20827	9248	6548	429	43818	1522	95	506	4364	10	606
June 23, 2009 5:35:00 AM UTC	1245764100000	0	3	yes	11.6	69.3	20506	20827	9248	6548	425	43822	1542	97	509	4345	8	649
June 23, 2009 5:36:00 AM UTC	1245764160000	0	2	yes	11.8	69.4	20506	20827	9248	6548	421	43826	1561	83	515	4326	7	553
June 23, 2009 5:37:00 AM UTC	1245764220000	1	3	yes	12.0	69.6	20506	20827	9248	6549	419	43827	1572	101	529	4314	8	630
June 23, 2009 5:38:00 AM UTC	1245764280000	0	3	yes	12.1	69.7	20506	20827	9250	6589	416	43788	1595	103	560	4289	7	608
June 23, 2009 5:39:00 AM UTC	1245764340000	1	3	yes	12.3	69.9	20506	20827	9250	6589	414	43790	1604	101	524	4282	7	647
June 23, 2009 5:40:00 AM UTC	1245764400000	0	3	yes	12.5	70.0	20506	20827	9248	6612	407	43776	1614	84	586	4262	10	641
June 23, 2009 5:41:00 AM UTC	1245764460000	0	3	yes	12.7	70.1	20506	20827	9248	6612	405	43778	1626	89	557	4253	5	601
June 23, 2009 5:42:00 AM UTC	1245764520000	0	3	yes	12.9	70.3	20506	20827	9249	6486	411	43897	1652	72	558	4240	4	596
June 23, 2009 5:43:00 AM UTC	1245764580000	0	3	yes	13.1	70.4	20506	20827	9248	6486	406	43903	1665	118	577	4226	4	645
June 23, 2009 5:44:00 AM UTC	1245764640000	0	3	yes	13.3	70.5	20506	20827	9252	6464	401	43926	1688	107	513	4214	4	590
June 23, 2009 5:45:00 AM UTC	1245764700000	0	3	yes	13.5	70.7	20506	20827	9252	6464	396	43931	1710	113	583	4194	4	599
June 23, 2009 5:46:00 AM UTC	1245764760000	0	3	yes	13.7	70.8	20506	20827	9244	6535	383	43881	1702	107	585	4181	7	559
June 23, 2009 5:47:00 AM UTC	1245764820000	0	3	yes	13.8	70.9	20506	20827	9252	6467	391	43933	1743	109	640	4165	0	602
June 23, 2009 5:48:00 AM UTC	1245764880000	1	3	yes	14.0	71.1	20506	20827	9252	6467	386	43938	1759	134	721	4150	3	626
June 23, 2009 5:49:00 AM UTC	1245764940000	1	3	yes	14.2	71.2	20506	20827	9241	6534	365	43903	1745	130	589	4140	2	591
June 23, 2009 5:50:00 AM UTC	1245765000000	0	3	yes	14.4	71.3	20506	20827	9252	6467	379	43945	1786	75	703	4130	2	596
June 23, 2009 5:51:00 AM UTC	1245765060000	0	3	yes	14.6	71.4	20506	20827	9255	6447	382	43959	1811	102	704	4116	2	597
June 23, 2009 5:52:00 AM UTC	1245765120000	0	3	yes	14.8	71.6	20506	20827	9244	6514	369	43916	1799	111	705	4106	2	603
June 23, 2009 5:53:00 AM UTC	1245765180000	0	3	yes	15.0	71.7	20506	20827	9256	6445	373	43969	1847	95	751	4089	2	586
June 23, 2009 5:54:00 AM UTC	1245765240000	0	3	yes	15.2	71.8	20506	20827	9254	6466	362	43961	1858	126	808	4077	1	644
June 23, 2009 5:55:00 AM UTC	1245765300000	0	3	yes	15.4	72.0	20506	20827	9245	6528	345	43925	1844	99	769	4069	1	582
June 23, 2009 5:56:00 AM UTC	1245765360000	1	3	yes	15.6	72.1	20506	20827	9245	6528	337	43933	1859	151	794	4057	1	597
June 23, 2009 5:57:00 AM UTC	1245765420000	1	3	yes	15.7	72.2	20506	20827	9256	6447	347	43993	1904	137	882	4049	1	574
June 23, 2009 5:58:00 AM UTC	1245765480000	1	3	yes	15.9	72.4	20506	20827	9244	6521	332	43946	1890	177	826	4038	1	570
June 23, 2009 5:59:00 AM UTC	1245765540000	1	3	yes	16.1	72.5	20506	20827	9244	6521	327	43951	1905	175	840	4025	0	569
June 23, 2009 6:00:00 AM UTC	1245765600000	1	3	yes	16.3	72.6	20506	20827	9256	6447	329	44011	1959	148	830	4009	0	529
June 23, 2009 6:01:00 AM UTC	1245765660000	1	3	yes	16.5	72.8	20506	20827	9244	6575	308	43916	1934	184	896	4011	0	598
June 23, 2009 6:02:00 AM UTC	1245765720000	0	4	yes	16.7	72.9	20506	20827	9244	6575	303	43921	1946	103	1003	4000	0	652
June 23, 2009 6:03:00 AM UTC	1245765780000	1	4	yes	16.9	73.0	20506	20827	9254	6508	309	43972	1992	181	951	3984	0	625
June 23, 2009 6:04:00 AM UTC	1245765840000	1	3	yes	17.1	73.2	20506	20827	9247	6555	298	43943	1984	158	894	3976	0	589
June 23, 2009 6:05:00 AM UTC	1245765900000	1	4	yes	17.3	73.3	20506	20827	9247	6555	292	43949	1999	204	948	3968	0	611
June 23, 2009 6:06:00 AM UTC	1245765960000	0	4	yes	17.5	73.4	20506	20827	9247	6555	287	43954	2017	144	988	3962	0	591
June 23, 2009 6:07:00 AM UTC	1245766020000	1	3	yes	17.7	73.6	20506	20827	9246	6556	282	43959	2036	182	925	3948	0	589
June 23, 2009 6:08:00 AM UTC	1245766080000	1	4	yes	17.9	73.7	20506	20827	9246	6556	275	43966	2048	265	956	3941	0	610
June 23, 2009 6:09:00 AM UTC	1245766140000	0	4	yes	18.0	73.8	20506	20827	9246	6556	268	43973	2065	163	1015	3933	0	608
June 23, 2009 6:10:00 AM UTC	1245766200000	1	4	yes	18.2	73.9	20506	20827	9247	6558	258	43980	2078	198	1051	3925	0	644
June 23, 2009 6:11:00 AM UTC	1245766260000	1	4	yes	18.4	74.1	20506	20827	9248	6518	249	44028	2094	177	980	3921	0	606
June 23, 2009 6:12:00 AM UTC	1245766320000	1	4	yes	18.6	74.2	20506	20827	9248	6518	243	44034	2116	232	967	3911	0	601
June 23, 2009 6:13:00 AM UTC	1245766380000	1	4	yes	18.8	74.3	20506	20827	9248	6518	231	44046	2129	208	1020	3905	0	589
June 23, 2009 6:14:00 AM UTC	1245766440000	1	3	yes	19.0	74.5	20506	20827	9248	6518	219	44058	2143	223	928	3898	0	556
June 23, 2009 6:15:00 AM UTC	1245766500000	1	4	yes	19.2	74.6	20506	20827	9248	6518	211	44066	2152	236	979	3895	0	575
June 23, 2009 6:16:00 AM UTC	1245766560000	1	3	yes	19.4	74.7	20506	20827	9248	6520	203	44072	2166	314	978	3887	0	527
June 23, 2009 6:17:00 AM UTC	1245766620000	1	3	yes	19.6	74.9	20506	20827	9248	6520	192	44083	2189	289	993	3879	0	475
June 23, 2009 6:18:00 AM UTC	1245766680000	1	3	yes	19.8	75.0	20506	20827	9248	6520	183	44092	2197	281	977	3879	0	517
June 23, 2009 6:19:00 AM UTC	1245766740000	1	4	yes	20.0	75.1	20506	20827	9239	6571	165	44068	2194	227	1026	3869	0	522
June 23, 2009 6:20:00 AM UTC	1245766800000	1	4	yes	20.2	75.3	20506	20827	9250	6503	167	44123	2238	239	1057	3863	0	530
June 23, 2009 6:21:00 AM UTC	1245766860000	1	4	yes	20.4	75.4	20506	20827	9250	6503	156	44134	2252	240	1081	3858	0	524
June 23, 2009 6:22:00 AM UTC	1245766920000	1	4	yes	20.6	75.5	20506	20827	9241	6575	138	44089	2227	265	1033	3857	0	542
June 23, 2009 6:23:00 AM UTC	1245766980000	1	4	yes	20.8	75.6	20506	20827	9250	6505	139	44149	2280	319	1031	3851	0	508
June 23, 2009 6:24:00 AM UTC	1245767040000	1	4	yes	20.9	75.8	20506	20827	9250	6505	127	44161	2292	265	1069	3849	0	533
June 23, 2009 6:25:00 AM UTC	1245767100000	1	4	yes	21.1	75.9	20506	20827	9238	6574	108	44123	2274	324	1066	3840	0	536
June 23, 2009 6:26:00 AM UTC	1245767160000	1	4	yes	21.3	76.0	20506	20827	9250	6557	106	44130	2317	352	1078	3840	0	507
June 23, 2009 6:27:00 AM UTC	1245767220000	1	4	yes	21.5	76.2	20506	20827	9250	6557	95	44141	2325	321	1102	3838	0	506
June 23, 2009 6:28:00 AM UTC	1245767280000	1	4	yes	21.7	76.3	20506	20827	9240	6627	69	44107	2313	298	1126	3832	0	491
June 23, 2009 6:29:00 AM UTC	1245767340000	1	4	yes	21.9	76.4	20506	20827	9251	6558	69	44165	2358	351	1123	3826	0	458
June 23, 2009 6:30:00 AM UTC	1245767400000	1	4	yes	22.1	76.6	20506	20827	9251	6558	56	44178	2370	290	1123	3829	0	474
June 23, 2009 6:31:00 AM UTC	1245767460000	1	4	yes	22.3	76.7	20506	20827	9240	6627	35	44141	2351	287	1108	3823	0	442
June 23, 2009 6:32:00 AM UTC	1245767520000	1	4	yes	22.5	76.8	20506	20827	9240	6627	19	44157	2368	371	1085	3819	0	476
June 23, 2009 6:33:00 AM UTC	1245767580000	1	4	yes	22.7	76.9	20506	20827	9251	6556	22	44214	2414	353	1123	3818	0	475
June 23, 2009 6:34:00 AM UTC	1245767640000	1	4	yes	22.9	77.1	20506	20827	9240	6628	4	44171	2391	371	1110	3815	0	469
June 23, 2009 6:35:00 AM UTC	1245767700000	1	4	yes	23.1	77.2	20506	20827	9242	6615	1	44185	2414	383	1083	3813	0	451
June 23, 2009 6:36:00 AM UTC	1245767760000	1	3	yes	23.3	77.3	20506	20827	9251	6558	0	44234	2455	431	1081	3807	0	450
June 23, 2009 6:37:00 AM UTC	1245767820000	1	3	yes	23.5	77.5	20506	20827	9240	6629	0	44174	2435	407	1070	3807	0	441
June 23, 2009 6:38:00 AM UTC	1245767880000	1	3	yes	23.7	77.6	20506	20827	9240	6595	0	44208	2444	417	1050	3807	0	445
June 23, 2009 6:39:00 AM UTC	1245767940000	1	3	yes	23.9	77.7	20506	20827	9251	6527	0	44265	2495	452	1052	3809	0	453
June 23, 2009 6:40:00 AM UTC	1245768000000	1	3	yes	24.1	77.9	20506	20827	9240	6597	0	44206	2470	356	1061	3809	0	455
June 23, 2009 6:41:00 AM UTC	1245768060000	1	3	yes	24.3	78.0	20506	20827	9240	6597	0	44206	2486	343	1083	3804	0	439
June 23, 2009 6:42:00 AM UTC	1245768120000	1	4	yes	24.5	78.1	20506	20827	9254	6428	0	44361	2559	393	1092	3807	0	439
June 23, 2009 6:43:00 AM UTC	1245768180000	1	3	yes	24.7	78.2	20506	20827	9242	6513	0	44288	2522	412	1040	3811	0	454
June 23, 2009 6:44:00 AM UTC	1245768240000	1	3	yes	24.9	78.4	20506	20827	9242	6513	0	44288	2541	406	1045	3804	0	437
June 23, 2009 6:45:00 AM UTC	1245768300000	1	3	yes	25.1	78.5	20506	20827	9242	6513	0	44288	2552	391	1024	3803	0	375
June 23, 2009 6:46:00 AM UTC	1245768360000	1	3	yes	25.3	78.6	20506	20827	9253	6430	0	44360	2608	503	988	3810	0	391
June 23, 2009 6:47:00 AM UTC	1245768420000	1	3	yes	25.4	78.8	20506	20827	9243	6495	0	44305	2580	363	1092	3811	0	392
June 23, 2009 6:48:00 AM UTC	1245768480000	1	3	yes	25.6	78.9	20506	20827	9243	6495	0	44305	2590	420	1043	3812	0	398
June 23, 2009 6:49:00 AM UTC	1245768540000	1	3	yes	25.8	79.0	20506	20827	9253	6429	0	44361	2645	457	1042	3811	0	402
June 23, 2009 6:50:00 AM UTC	1245768600000	1	3	yes	26.0	79.2	20506	20827	9243	6507	0	44293	2620	271	1096	3813	0	384
June 23, 2009 6:51:00 AM UTC	1245768660000	1	3	yes	26.2	79.3	20506	20827	9243	6507	0	44293	2631	291	1073	3813	0	420
June 23, 2009 6:52:00 AM UTC	1245768720000	1	3	yes	26.4	79.4	20506	20827	9255	6493	0	44295	2663	276	1126	3819	0	377
June 23, 2009 6:53:00 AM UTC	1245768780000	1	3	yes	26.6	79.6	20506	20827	9245	6560	0	44238	2638	249	1130	3827	0	358
June 23, 2009 6:54:00 AM UTC	1245768840000	1	3	yes	26.8	79.7	20506	20827	9245	6560	0	44238	2648	255	1118	3822	1	362
June 23, 2009 6:55:00 AM UTC	1245768900000	1	3	yes	27.0	79.8	20506	20827	9257	6487	0	44299	2706	287	1086	3824	0	333
June 23, 2009 6:56:00 AM UTC	1245768960000	1	3	yes	27.2	79.9	20506	20827	9246	6560	0	44237	2668	256	1133	3833	0	322
June 23, 2009 6:57:00 AM UTC	1245769020000	1	3	yes	27.4	80.1	20506	20827	9246	6560	0	44237	2681	263	1094	3832	0	302
June 23, 2009 6:58:00 AM UTC	1245769080000	1	3	yes	27.6	80.2	20506	20827	9256	6489	0	44298	2730	301	1079	3836	0	304
June 23, 2009 6:59:00 AM UTC	1245769140000	1	3	yes	27.8	80.3	20506	20827	9247	6560	0	44236	2698	232	1035	3841	0	365
June 23, 2009 7:00:00 AM UTC	1245769200000	1	3	yes	28.0	80.5	20506	20827	9247	6560	0	44236	2708	210	1052	3848	0	303
June 23, 2009 7:01:00 AM UTC	1245769260000	1	3	yes	28.2	80.6	20506	20827	9258	6490	0	44295	2757	211	1049	3851	0	360
June 23, 2009 7:02:00 AM UTC	1245769320000	1	3	yes	28.4	80.7	20506	20827	9250	6549	0	44244	2737	203	1043	3847	0	324
June 23, 2009 7:03:00 AM UTC	1245769380000	1	3	yes	28.6	80.9	20506	20827	9250	6549	0	44244	2738	227	1040	3871	0	367
June 23, 2009 7:04:00 AM UTC	1245769440000	1	3	yes	28.8	81.0	20506	20827	9250	6520	0	44273	2751	204	1042	3862	0	332
June 23, 2009 7:05:00 AM UTC	1245769500000	1	3	yes	29.0	81.1	20506	20827	9251	6521	0	44271	2756	224	1024	3887	0	311
June 23, 2009 7:06:00 AM UTC	1245769560000	1	3	yes	29.2	81.3	20506	20827	9251	6521	0	44271	2763	209	1005	3885	0	326
June 23, 2009 7:07:00 AM UTC	1245769620000	1	3	yes	29.4	81.4	20506	20827	9251	6521	0	44271	2780	248	993	3878	0	322
June 23, 2009 7:08:00 AM UTC	1245769680000	1	3	yes	29.6	81.5	20506	20827	9252	6520	0	44271	2784	271	901	3894	0	306
June 23, 2009 7:09:00 AM UTC	1245769740000	1	3	yes	29.8	81.7	20506	20827	9252	6520	0	44271	2791	276	886	3903	0	325
June 23, 2009 7:10:00 AM UTC	1245769800000	0	3	yes	30.0	81.8	20506	20827	9252	6538	0	44253	2787	139	952	3911	0	309
June 23, 2009 7:11:00 AM UTC	1245769860000	1	3	yes	30.2	81.9	20506	20827	9253	6527	0	44263	2809	188	916	3919	0	258
June 23, 2009 7:12:00 AM UTC	1245769920000	1	3	yes	30.4	82.1	20506	20827	9254	6518	0	44271	2817	212	907	3923	0	287
June 23, 2009 7:13:00 AM UTC	1245769980000	1	3	yes	30.6	82.2	20506	20827	9254	6518	0	44271	2819	207	873	3938	0	244
June 23, 2009 7:14:00 AM UTC	1245770040000	1	3	yes	30.8	82.3	20506	20827	9255	6519	0	44269	2823	271	838	3948	1	259
June 23, 2009 7:15:00 AM UTC	1245770100000	1	3	yes	31.0	82.5	20506	20827	9255	6519	0	44269	2833	251	869	3952	0	272
June 23, 2009 7:16:00 AM UTC	1245770160000	1	3	yes	31.2	82.6	20506	20827	9245	6591	0	44207	2796	248	823	3962	1	265
June 23, 2009 7:17:00 AM UTC	1245770220000	1	3	yes	31.4	82.7	20506	20827	9256	6520	0	44267	2836	283	791	3975	1	305
June 23, 2009 7:18:00 AM UTC	1245770280000	1	2	yes	31.6	82.9	20506	20827	9256	6520	0	44267	2848	311	796	3986	2	252
June 23, 2009 7:19:00 AM UTC	1245770340000	1	2	yes	31.8	83.0	20506	20827	9245	6662	0	44136	2781	269	721	3996	3	325
June 23, 2009 7:20:00 AM UTC	1245770400000	1	2	yes	32.0	83.1	20506	20827	9256	6597	0	44190	2825	299	767	4010	3	287
June 23, 2009 7:21:00 AM UTC	1245770460000	1	2	yes	32.2	83.3	20506	20827	9256	6597	0	44190	2828	188	788	4023	4	277
June 23, 2009 7:22:00 AM UTC	1245770520000	1	2	yes	32.4	83.4	20506	20827	9245	6661	0	44137	2795	187	727	4029	3	328
June 23, 2009 7:23:00 AM UTC	1245770580000	1	2	yes	32.6	83.5	20506	20827	9257	6577	0	44209	2848	242	722	4046	0	314
June 23, 2009 7:24:00 AM UTC	1245770640000	1	2	yes	32.8	83.7	20506	20827	9257	6577	0	44209	2841	232	663	4065	3	273
June 23, 2009 7:25:00 AM UTC	1245770700000	1	2	yes	33.0	83.8	20506	20827	9246	6655	0	44142	2802	216	675	4078	2	276
June 23, 2009 7:26:00 AM UTC	1245770760000	1	2	yes	33.2	83.9	20506	20827	9258	6500	0	44285	2872	278	599	4089	7	291
June 23, 2009 7:27:00 AM UTC	1245770820000	1	2	yes	33.4	84.1	20506	20827	9258	6500	0	44285	2863	254	623	4115	4	270
June 23, 2009 7:28:00 AM UTC	1245770880000	1	2	yes	33.6	84.2	20506	20827	9247	6544	0	44252	2823	255	587	4127	5	266
June 23, 2009 7:29:00 AM UTC	1245770940000	1	2	yes	33.8	84.3	20506	20827	9258	6474	0	44311	2871	302	604	4140	7	314
June 23, 2009 7:30:00 AM UTC	1245771000000	0	2	yes	34.0	84.5	20506	20827	9258	6486	0	44299	2870	167	618	4156	5	279
June 23, 2009 7:31:00 AM UTC	1245771060000	0	2	yes	34.2	84.6	20506	20827	9248	6557	0	44238	2824	159	595	4173	6	272
June 23, 2009 7:32:00 AM UTC	1245771120000	1	2	yes	34.4	84.8	20506	20827	9259	6486	0	44298	2867	194	581	4194	9	289
June 23, 2009 7:33:00 AM UTC	1245771180000	1	2	yes	34.6	84.9	20506	20827	9259	6486	0	44298	2869	203	579	4210	10	285
June 23, 2009 7:34:00 AM UTC	1245771240000	1	2	yes	34.8	85.0	20506	20827	9248	6557	0	44238	2818	202	517	4228	10	295
June 23, 2009 7:35:00 AM UTC	1245771300000	1	2	yes	35.0	85.2	20506	20827	9260	6480	0	44303	2870	248	490	4244	14	266
June 23, 2009 7:36:00 AM UTC	1245771360000	1	2	yes	35.2	85.3	20506	20827	9260	6480	0	44303	2869	256	502	4261	17	287
June 23, 2009 7:37:00 AM UTC	1245771420000	1	2	yes	35.4	85.4	20506	20827	9249	6551	0	44243	2826	249	438	4274	12	308
June 23, 2009 7:38:00 AM UTC	1245771480000	1	2	yes	35.6	85.6	20506	20827	9260	6481	0	44302	2864	285	457	4301	19	283
June 23, 2009 7:39:00 AM UTC	1245771540000	1	2	yes	35.8	85.7	20506	20827	9260	6481	0	44302	2857	293	412	4322	18	270
June 23, 2009 7:40:00 AM UTC	1245771600000	0	2	yes	36.0	85.9	20506	20827	9249	6552	0	44242	2822	162	421	4326	10	271
June 23, 2009 7:41:00 AM UTC	1245771660000	1	2	yes	36.2	86.0	20506	20827	9260	6482	0	44301	2863	203	416	4349	11	289
June 23, 2009 7:42:00 AM UTC	1245771720000	1	2	yes	36.4	86.1	20506	20827	9260	6482	0	44301	2858	208	411	4369	17	234
June 23, 2009 7:43:00 AM UTC	1245771780000	1	2	yes	36.6	86.3	20506	20827	9250	6553	0	44240	2818	207	371	4379	14	270
June 23, 2009 7:44:00 AM UTC	1245771840000	1	1	yes	36.8	86.4	20506	20827	9260	6484	0	44299	2862	237	352	4396	16	248
June 23, 2009 7:45:00 AM UTC	1245771900000	1	1	yes	37.0	86.5	20506	20827	9250	6555	0	44238	2817	233	327	4409	19	254
June 23, 2009 7:46:00 AM UTC	1245771960000	1	1	yes	37.2	86.7	20506	20827	9250	6555	0	44238	2812	237	229	4429	18	213
June 23, 2009 7:47:00 AM UTC	1245772020000	1	1	yes	37.4	86.8	20506	20827	9260	6485	0	44298	2858	284	269	4453	26	222
June 23, 2009 7:48:00 AM UTC	1245772080000	1	1	yes	37.6	87.0	20506	20827	9248	6629	0	44166	2782	242	223	4466	29	205
June 23, 2009 7:49:00 AM UTC	1245772140000	1	1	yes	37.8	87.1	20506	20827	9259	6554	0	44230	2832	294	276	4490	32	207
June 23, 2009 7:50:00 AM UTC	1245772200000	0	1	yes	38.0	87.3	20506	20827	9259	6544	0	44240	2826	154	237	4509	12	217
June 23, 2009 7:51:00 AM UTC	1245772260000	0	1	yes	38.2	87.4	20506	20827	9249	6617	0	44177	2787	147	232	4515	15	218
June 23, 2009 7:52:00 AM UTC	1245772320000	1	1	yes	38.4	87.5	20506	20827	9261	6543	0	44239	2833	202	165	4532	20	192
June 23, 2009 7:53:00 AM UTC	1245772380000	1	1	yes	38.6	87.7	20506	20827	9261	6543	0	44239	2829	199	192	4552	18	181
June 23, 2009 7:54:00 AM UTC	1245772440000	1	1	yes	38.8	87.8	20506	20827	9249	6615	0	44179	2779	191	155	4573	16	180
June 23, 2009 7:55:00 AM UTC	1245772500000	1	1	yes	39.0	88.0	20506	20827	9261	6544	0	44238	2819	229	156	4593	25	138
June 23, 2009 7:56:00 AM UTC	1245772560000	1	1	yes	39.2	88.1	20506	20827	9261	6544	0	44238	2825	230	151	4604	23	183
June 23, 2009 7:57:00 AM UTC	1245772620000	1	1	yes	39.4	88.3	20506	20827	9249	6616	0	44178	2780	216	139	4617	25	148
June 23, 2009 7:58:00 AM UTC	1245772680000	1	1	yes	39.6	88.4	20506	20827	9261	6545	0	44237	2817	270	124	4651	30	110
June 23, 2009 7:59:00 AM UTC	1245772740000	0	1	yes	39.8	88.5	20506	20827	9249	6617	0	44177	2776	126	125	4653	8	140
June 23, 2009 8:00:00 AM UTC	1245772800000	0	1	yes	40.0	88.7	20506	20827	9249	6617	0	44177	2774	127	119	4671	10	88
June 23, 2009 8:01:00 AM UTC	1245772860000	0	1	yes	40.2	88.8	20506	20827	9261	6463	0	44319	2842	154	131	4697	18	85
June 23, 2009 8:02:00 AM UTC	1245772920000	0	0	yes	40.4	89.0	20506	20827	9249	6534	0	44260	2794	157	126	4710	19	58
June 23, 2009 8:03:00 AM UTC	1245772980000	1	0	yes	40.6	89.1	20506	20827	9261	6462	0	44320	2843	202	113	4732	29	28
June 23, 2009 8:04:00 AM UTC	1245773040000	1	0	yes	40.8	89.3	20506	20827	9261	6462	0	44320	2841	196	113	4751	29	29
June 23, 2009 8:05:00 AM UTC	1245773100000	1	0	yes	41.0	89.4	20506	20827	9249	6533	0	44261	2792	204	107	4760	29	28
June 23, 2009 8:06:00 AM UTC	1245773160000	1	0	yes	41.2	89.6	20506	20827	9261	6461	0	44321	2837	245	114	4789	39	30
June 23, 2009 8:07:00 AM UTC	1245773220000	1	0	yes	41.4	89.7	20506	20827	9249	6614	0	44180	2768	246	110	4791	43	27
June 23, 2009 8:08:00 AM UTC	1245773280000	0	0	yes	41.6	89.9	20506	20827	9249	6614	0	44180	2766	132	83	4809	8	31
June 23, 2009 8:09:00 AM UTC	1245773340000	1	0	yes	41.8	90.0	20506	20827	9261	6506	0	44276	2846	198	99	4835	21	35
June 23, 2009 8:10:00 AM UTC	1245773400000	1	0	yes	42.0	90.2	20506	20827	9261	6469	0	44313	2835	194	98	4856	23	36
June 23, 2009 8:11:00 AM UTC	1245773460000	1	0	yes	42.2	90.3	20506	20827	9261	6469	0	44313	2833	203	91	4874	24	33
June 23, 2009 8:12:00 AM UTC	1245773520000	1	0	yes	42.4	90.5	20506	20827	9261	6469	0	44313	2827	200	96	4895	24	33
June 23, 2009 8:13:00 AM UTC	1245773580000	1	0	yes	42.6	90.6	20506	20827	9249	6541	0	44253	2784	217	79	4895	25	28
June 23, 2009 8:14:00 AM UTC	1245773640000	1	0	yes	42.8	90.8	20506	20827	9261	6470	0	44312	2831	254	89	4927	38	31
June 23, 2009 8:15:00 AM UTC	1245773700000	1	0	yes	43.0	90.9	20506	20827	9249	6542	0	44252	2781	249	84	4926	34	29
June 23, 2009 8:16:00 AM UTC	1245773760000	1	0	yes	43.2	91.1	20506	20827	9249	6542	0	44252	2782	253	77	4947	39	33
June 23, 2009 8:17:00 AM UTC	1245773820000	1	0	yes	43.4	91.2	20506	20827	9261	6545	0	44237	2784	249	84	4975	52	29
June 23, 2009 8:18:00 AM UTC	1245773880000	0	0	yes	43.6	91.4	20506	20827	9249	6617	0	44177	2759	113	98	4976	10	25
June 23, 2009 8:19:00 AM UTC	1245773940000	0	0	yes	43.8	91.5	20506	20827	9261	6545	0	44237	2790	154	94	5007	24	30
June 23, 2009 8:20:00 AM UTC	1245774000000	0	0	yes	44.0	91.7	20506	20827	9261	6545	0	44237	2793	149	106	5024	25	29
June 23, 2009 8:21:00 AM UTC	1245774060000	0	0	yes	44.2	91.8	20506	20827	9249	6616	0	44178	2751	150	108	5031	24	29
June 23, 2009 8:22:00 AM UTC	1245774120000	1	0	yes	44.4	92.0	20506	20827	9261	6544	0	44238	2800	196	99	5054	32	23
June 23, 2009 8:23:00 AM UTC	1245774180000	1	0	yes	44.6	92.1	20506	20827	9249	6615	0	44179	2751	193	99	5059	34	31
June 23, 2009 8:24:00 AM UTC	1245774240000	1	0	yes	44.8	92.3	20506	20827	9261	6543	0	44239	2782	218	112	5089	44	29
June 23, 2009 8:25:00 AM UTC	1245774300000	1	0	yes	45.0	92.5	20506	20827	9261	6543	0	44239	2777	230	105	5106	49	30
June 23, 2009 8:26:00 AM UTC	1245774360000	1	0	yes	45.2	92.6	20506	20827	9249	6617	0	44177	2740	233	109	5114	51	31
June 23, 2009 8:27:00 AM UTC	1245774420000	0	0	yes	45.4	92.8	20506	20827	9259	6544	0	44240	2784	146	117	5144	31	15
June 23, 2009 8:28:00 AM UTC	1245774480000	0	0	yes	45.6	92.9	20506	20827	9249	6627	0	44167	2742	154	107	5142	30	20
June 23, 2009 8:29:00 AM UTC	1245774540000	1	0	yes	45.8	93.1	20506	20827	9258	6558	0	44227	2773	193	102	5176	45	16
June 23, 2009 8:30:00 AM UTC	1245774600000	1	0	yes	46.0	93.3	20506	20827	9260	6477	0	44306	2808	199	94	5191	48	12
June 23, 2009 8:31:00 AM UTC	1245774660000	1	0	yes	46.2	93.4	20506	20827	9250	6549	0	44244	2764	188	100	5194	48	15
June 23, 2009 8:32:00 AM UTC	1245774720000	1	0	yes	46.4	93.6	20506	20827	9260	6478	0	44305	2797	230	109	5228	61	15
June 23, 2009 8:33:00 AM UTC	1245774780000	1	0	yes	46.6	93.7	20506	20827	9250	6549	0	44244	2758	220	111	5230	62	16
June 23, 2009 8:34:00 AM UTC	1245774840000	1	0	yes	46.8	93.9	20506	20827	9260	6479	0	44304	2800	260	110	5257	78	12
June 23, 2009 8:35:00 AM UTC	1245774900000	0	0	yes	47.0	94.1	20506	20827	9260	6479	0	44304	2803	154	89	5274	25	27
June 23, 2009 8:36:00 AM UTC	1245774960000	0	0	yes	47.2	94.2	20506	20827	9249	6550	0	44244	2766	152	90	5272	27	26
June 23, 2009 8:37:00 AM UTC	1245775020000	1	0	yes	47.4	94.4	20506	20827	9260	6480	0	44303	2796	181	90	5308	45	28
June 23, 2009 8:38:00 AM UTC	1245775080000	1	0	yes	47.6	94.6	20506	20827	9249	6551	0	44243	2750	194	81	5307	44	28
June 23, 2009 8:39:00 AM UTC	1245775140000	1	0	yes	47.8	94.7	20506	20827	9260	6481	0	44302	2793	224	93	5339	58	28
June 23, 2009 8:40:00 AM UTC	1245775200000	1	0	yes	48.0	94.9	20506	20827	9260	6481	0	44302	2792	230	93	5351	59	33
June 23, 2009 8:41:00 AM UTC	1245775260000	1	0	yes	48.2	95.1	20506	20827	9259	6489	0	44295	2789	270	85	5368	68	27
June 23, 2009 8:42:00 AM UTC	1245775320000	1	0	yes	48.4	95.2	20506	20827	9259	6489	0	44295	2792	263	94	5378	71	28
June 23, 2009 8:43:00 AM UTC	1245775380000	1	0	yes	48.6	95.4	20506	20827	9248	6561	0	44234	2751	244	113	5377	73	30
June 23, 2009 8:44:00 AM UTC	1245775440000	1	0	yes	48.8	95.6	20506	20827	9258	6491	0	44294	2790	167	113	5407	24	23
June 23, 2009 8:45:00 AM UTC	1245775500000	1	0	yes	49.0	95.8	20506	20827	9247	6548	0	44248	2743	158	117	5410	30	25
June 23, 2009 8:46:00 AM UTC	1245775560000	1	0	yes	49.2	95.9	20506	20827	9258	6504	0	44281	2779	196	111	5438	51	31
June 23, 2009 8:47:00 AM UTC	1245775620000	1	0	yes	49.4	96.1	20506	20827	9257	6580	0	44206	2743	155	112	5449	53	34
June 23, 2009 8:48:00 AM UTC	1245775680000	1	0	yes	49.6	96.3	20506	20827	9257	6574	0	44212	2745	208	107	5462	63	26
June 23, 2009 8:49:00 AM UTC	1245775740000	1	0	yes	49.8	96.4	20506	20827	9257	6574	0	44212	2739	207	103	5482	71	30
June 23, 2009 8:50:00 AM UTC	1245775800000	1	0	yes	50.0	96.6	20506	20827	9256	6598	0	44189	2730	238	102	5488	86	27
June 23, 2009 8:51:00 AM UTC	1245775860000	1	0	yes	50.2	96.8	20506	20827	9256	6598	0	44189	2727	245	95	5504	78	24
June 23, 2009 8:52:00 AM UTC	1245775920000	0	0	yes	50.4	97.0	20506	20827	9245	6662	0	44136	2693	119	106	5497	20	19
June 23, 2009 8:53:00 AM UTC	1245775980000	0	0	yes	50.6	97.2	20506	20827	9256	6513	0	44274	2759	146	112	5535	38	21
June 23, 2009 8:54:00 AM UTC	1245776040000	0	0	yes	50.8	97.3	20506	20827	9256	6513	0	44274	2760	166	91	5551	45	30
June 23, 2009 8:55:00 AM UTC	1245776100000	1	0	yes	51.0	97.5	20506	20827	9255	6514	0	44274	2765	190	94	5564	59	31
June 23, 2009 8:56:00 AM UTC	1245776160000	1	0	yes	51.2	97.7	20506	20827	9255	6514	0	44274	2767	183	102	5577	62	25
June 23, 2009 8:57:00 AM UTC	1245776220000	1	0	yes	51.4	97.9	20506	20827	9254	6514	0	44275	2765	222	104	5588	82	31
June 23, 2009 8:58:00 AM UTC	1245776280000	1	0	yes	51.6	98.1	20506	20827	9253	6523	0	44267	2758	224	99	5603	89	29
June 23, 2009 8:59:00 AM UTC	1245776340000	1	0	yes	51.8	98.3	20506	20827	9252	6534	0	44257	2746	258	102	5609	102	22
June 23, 2009 9:00:00 AM UTC	1245776400000	0	0	yes	52.0	98.4	20506	20827	9252	6517	0	44274	2748	158	87	5633	33	31
June 23, 2009 9:01:00 AM UTC	1245776460000	1	0	yes	52.2	98.6	20506	20827	9251	6518	0	44274	2745	195	90	5632	56	36
June 23, 2009 9:02:00 AM UTC	1245776520000	1	0	yes	52.4	98.8	20506	20827	9251	6518	0	44274	2750	196	89	5659	57	32
June 23, 2009 9:03:00 AM UTC	1245776580000	1	0	yes	52.6	99.0	20506	20827	9250	6519	0	44274	2748	228	86	5656	72	28
June 23, 2009 9:04:00 AM UTC	1245776640000	1	0	yes	52.8	99.2	20506	20827	9250	6550	0	44243	2732	227	87	5689	75	34
June 23, 2009 9:05:00 AM UTC	1245776700000	1	0	yes	53.0	99.4	20506	20827	9258	6491	0	44294	2764	260	90	5705	97	34
June 23, 2009 9:06:00 AM UTC	1245776760000	1	0	yes	53.2	99.6	20506	20827	9247	6562	0	44234	2735	262	88	5699	94	25
June 23, 2009 9:07:00 AM UTC	1245776820000	1	0	yes	53.4	99.8	20506	20827	9256	6493	0	44294	2769	185	96	5723	31	23
June 23, 2009 9:08:00 AM UTC	1245776880000	1	0	yes	53.6	100.0	20506	20827	9246	6565	0	44232	2732	186	82	5714	35	24
June 23, 2009 9:09:00 AM UTC	1245776940000	1	0	yes	53.8	100.2	20506	20827	9246	6565	0	44232	2724	183	93	5730	37	34
June 23, 2009 9:10:00 AM UTC	1245777000000	1	0	yes	54.0	100.4	20506	20827	9245	6565	0	44233	2721	222	92	5739	53	25
June 23, 2009 9:11:00 AM UTC	1245777060000	1	0	yes	54.2	100.6	20506	20827	9255	6498	0	44290	2765	241	100	5767	80	26
June 23, 2009 9:12:00 AM UTC	1245777120000	1	0	yes	54.4	100.8	20506	20827	9243	6506	0	44294	2761	252	86	5759	81	26
June 23, 2009 9:13:00 AM UTC	1245777180000	1	0	yes	54.6	101.0	20506	20827	9253	6427	0	44363	2788	268	97	5791	103	28
June 23, 2009 9:14:00 AM UTC	1245777240000	1	0	yes	54.8	101.2	20506	20827	9243	6493	0	44307	2749	274	87	5780	107	28
June 23, 2009 9:15:00 AM UTC	1245777300000	1	0	yes	55.0	101.4	20506	20827	9253	6428	0	44362	2783	198	93	5806	60	27
June 23, 2009 9:16:00 AM UTC	1245777360000	1	0	yes	55.1	101.6	20506	20827	9242	6513	0	44288	2741	202	82	5789	61	29
June 23, 2009 9:17:00 AM UTC	1245777420000	1	0	yes	55.3	101.8	20506	20827	9254	6430	0	44359	2783	236	81	5824	89	29
June 23, 2009 9:18:00 AM UTC	1245777480000	1	0	yes	55.5	102.0	20506	20827	9240	6591	0	44212	2696	180	87	5802	74	27
June 23, 2009 9:19:00 AM UTC	1245777540000	1	0	yes	55.7	102.2	20506	20827	9251	6521	0	44271	2732	217	84	5831	105	29
June 23, 2009 9:20:00 AM UTC	1245777600000	1	0	yes	55.9	102.4	20506	20827	9240	6626	0	44177	2692	217	74	5811	104	33
June 23, 2009 9:21:00 AM UTC	1245777660000	0	0	yes	56.1	102.6	20506	20827	9251	6555	0	44237	2725	157	85	5843	43	30
June 23, 2009 9:22:00 AM UTC	1245777720000	0	0	yes	56.3	102.9	20506	20827	9242	6613	0	44188	2689	158	78	5828	43	31
June 23, 2009 9:23:00 AM UTC	1245777780000	1	0	yes	56.5	103.1	20506	20827	9251	6555	0	44237	2716	180	86	5858	76	30
June 23, 2009 9:24:00 AM UTC	1245777840000	1	0	yes	56.7	103.3	20506	20827	9240	6627	0	44176	2677	191	77	5836	77	23
June 23, 2009 9:25:00 AM UTC	1245777900000	1	0	yes	56.9	103.5	20506	20827	9251	6556	0	44236	2709	206	81	5861	88	26
June 23, 2009 9:26:00 AM UTC	1245777960000	1	0	yes	57.1	103.7	20506	20827	9240	6625	0	44178	2676	208	75	5844	93	30
June 23, 2009 9:27:00 AM UTC	1245778020000	1	0	yes	57.3	104.0	20506	20827	9250	6555	0	44238	2699	240	74	5875	126	36
June 23, 2009 9:28:00 AM UTC	1245778080000	0	0	yes	57.5	104.2	20506	20827	9250	6497	0	44296	2731	161	84	5880	41	30
June 23, 2009 9:29:00 AM UTC	1245778140000	0	0	yes	57.7	104.4	20506	20827	9250	6497	0	44296	2740	149	90	5884	47	25
June 23, 2009 9:30:00 AM UTC	1245778200000	1	0	yes	57.9	104.6	20506	20827	9250	6499	0	44294	2740	174	83	5888	74	27
June 23, 2009 9:31:00 AM UTC	1245778260000	1	0	yes	58.1	104.9	20506	20827	9239	6567	0	44237	2702	174	87	5866	83	30
June 23, 2009 9:32:00 AM UTC	1245778320000	1	0	yes	58.3	105.1	20506	20827	9248	6516	0	44279	2729	208	88	5884	107	34
June 23, 2009 9:33:00 AM UTC	1245778380000	1	0	yes	58.5	105.3	20506	20827	9248	6516	0	44279	2729	248	73	5886	126	27
June 23, 2009 9:34:00 AM UTC	1245778440000	0	0	yes	58.7	105.6	20506	20827	9248	6516	0	44279	2724	143	74	5889	36	23
June 23, 2009 9:35:00 AM UTC	1245778500000	1	0	yes	58.9	105.8	20506	20827	9248	6516	0	44279	2715	175	75	5891	67	29
June 23, 2009 9:36:00 AM UTC	1245778560000	1	0	yes	59.0	106.0	20506	20827	9247	6557	0	44239	2695	190	64	5885	65	23
June 23, 2009 9:37:00 AM UTC	1245778620000	1	0	yes	59.2	106.3	20506	20827	9246	6556	0	44241	2693	220	54	5887	94	25
June 23, 2009 9:38:00 AM UTC	1245778680000	1	0	yes	59.4	106.5	20506	20827	9256	6488	0	44299	2732	243	58	5915	113	15
June 23, 2009 9:39:00 AM UTC	1245778740000	1	0	yes	59.6	106.8	20506	20827	9247	6557	0	44239	2697	241	63	5888	118	18
June 23, 2009 9:40:00 AM UTC	1245778800000	1	0	yes	59.8	107.0	20506	20827	9244	6578	0	44221	2688	274	49	5876	140	24
June 23, 2009 9:41:00 AM UTC	1245778860000	1	0	yes	60.0	107.3	20506	20827	9244	6578	0	44221	2689	177	59	5878	44	25
June 23, 2009 9:42:00 AM UTC	1245778920000	1	0	yes	60.2	107.5	20506	20827	9244	6518	0	44281	2727	196	60	5882	71	23
June 23, 2009 9:43:00 AM UTC	1245778980000	1	0	yes	60.4	107.8	20506	20827	9254	6459	0	44330	2751	234	51	5904	95	19
June 23, 2009 9:44:00 AM UTC	1245779040000	1	0	yes	60.6	108.1	20506	20827	9245	6527	0	44271	2719	231	52	5878	96	17
June 23, 2009 9:45:00 AM UTC	1245779100000	1	0	yes	60.8	108.3	20506	20827	9244	6514	0	44285	2724	261	55	5886	127	18
June 23, 2009 9:46:00 AM UTC	1245779160000	1	0	yes	61.0	108.6	20506	20827	9255	6444	0	44344	2738	199	55	5908	66	13
June 23, 2009 9:47:00 AM UTC	1245779220000	1	0	yes	61.2	108.8	20506	20827	9241	6531	0	44271	2697	187	60	5871	63	15
June 23, 2009 9:48:00 AM UTC	1245779280000	1	0	yes	61.3	109.1	20506	20827	9252	6464	0	44327	2728	209	64	5899	84	9
June 23, 2009 9:49:00 AM UTC	1245779340000	1	0	yes	61.5	109.4	20506	20827	9252	6467	0	44324	2724	250	49	5900	101	6
June 23, 2009 9:50:00 AM UTC	1245779400000	1	0	yes	61.7	109.7	20506	20827	9237	6556	0	44250	2690	244	51	5867	110	9
June 23, 2009 9:51:00 AM UTC	1245779460000	1	0	yes	61.9	109.9	20506	20827	9248	6610	0	44185	2655	212	57	5880	115	9
June 23, 2009 9:52:00 AM UTC	1245779520000	1	0	yes	62.1	110.2	20506	20827	9250	6588	0	44205	2667	164	60	5889	60	10
June 23, 2009 9:53:00 AM UTC	1245779580000	1	0	yes	62.3	110.5	20506	20827	9248	6542	0	44253	2701	157	58	5888	50	7
June 23, 2009 9:54:00 AM UTC	1245779640000	1	0	yes	62.5	110.8	20506	20827	9248	6542	0	44253	2702	179	54	5887	80	11
June 23, 2009 9:55:00 AM UTC	1245779700000	1	0	yes	62.7	111.1	20506	20827	9247	6544	0	44252	2684	196	57	5889	98	9
June 23, 2009 9:56:00 AM UTC	1245779760000	1	0	yes	62.8	111.3	20506	20827	9253	6518	0	44272	2699	219	55	5897	117	4
June 23, 2009 9:57:00 AM UTC	1245779820000	0	0	yes	63.0	111.6	20506	20827	9243	6577	0	44223	2665	114	67	5879	25	8
June 23, 2009 9:58:00 AM UTC	1245779880000	1	0	yes	63.2	111.9	20506	20827	9245	6576	0	44222	2666	156	50	5876	60	5
June 23, 2009 9:59:00 AM UTC	1245779940000	1	0	yes	63.4	112.2	20506	20827	9256	6510	0	44277	2693	175	57	5899	74	6
June 23, 2009 10:00:00 AM UTC	1245780000000	1	0	yes	63.6	112.5	20506	20827	9245	6576	0	44222	2669	178	59	5876	78	6
June 23, 2009 10:01:00 AM UTC	1245780060000	1	0	yes	63.8	112.8	20506	20827	9240	6603	0	44200	2661	188	66	5868	110	9
June 23, 2009 10:02:00 AM UTC	1245780120000	0	0	yes	64.0	113.2	20506	20827	9251	6537	0	44255	2687	127	71	5890	32	5
June 23, 2009 10:03:00 AM UTC	1245780180000	1	0	yes	64.1	113.5	20506	20827	9251	6480	0	44312	2711	145	68	5894	50	6
June 23, 2009 10:04:00 AM UTC	1245780240000	1	0	yes	64.3	113.8	20506	20827	9241	6546	0	44256	2683	143	63	5873	56	8
June 23, 2009 10:05:00 AM UTC	1245780300000	1	0	yes	64.5	114.1	20506	20827	9250	6530	0	44263	2690	191	58	5887	84	6
June 23, 2009 10:06:00 AM UTC	1245780360000	1	0	yes	64.7	114.4	20506	20827	9246	6559	0	44238	2677	189	70	5881	101	7
June 23, 2009 10:07:00 AM UTC	1245780420000	1	0	yes	64.9	114.8	20506	20827	9249	6529	0	44265	2690	134	72	5894	48	6
June 23, 2009 10:08:00 AM UTC	1245780480000	1	0	yes	65.1	115.1	20506	20827	9257	6494	0	44292	2698	155	76	5905	56	5
June 23, 2009 10:09:00 AM UTC	1245780540000	1	0	yes	65.2	115.4	20506	20827	9246	6559	0	44238	2671	170	62	5883	53	9
June 23, 2009 10:10:00 AM UTC	1245780600000	1	0	yes	65.4	115.8	20506	20827	9241	6602	0	44200	2638	164	67	5868	72	6
June 23, 2009 10:11:00 AM UTC	1245780660000	1	0	yes	65.6	116.1	20506	20827	9245	6573	0	44225	2651	193	70	5880	117	6
June 23, 2009 10:12:00 AM UTC	1245780720000	1	0	yes	65.8	116.4	20506	20827	9252	6474	0	44317	2702	146	68	5900	40	14
June 23, 2009 10:13:00 AM UTC	1245780780000	1	0	yes	66.0	116.8	20506	20827	9252	6475	0	44316	2709	149	76	5898	55	8
June 23, 2009 10:14:00 AM UTC	1245780840000	1	0	yes	66.1	117.1	20506	20827	9252	6475	0	44316	2705	194	68	5895	90	8
June 23, 2009 10:15:00 AM UTC	1245780900000	1	0	yes	66.3	117.5	20506	20827	9247	6542	0	44254	2669	185	75	5888	98	8
June 23, 2009 10:16:00 AM UTC	1245780960000	0	0	yes	66.5	117.9	20506	20827	9247	6509	0	44287	2701	141	69	5882	24	6
June 23, 2009 10:17:00 AM UTC	1245781020000	1	0	yes	66.7	118.2	20506	20827	9247	6528	0	44268	2676	149	78	5882	54	5
June 23, 2009 10:18:00 AM UTC	1245781080000	1	0	yes	66.8	118.6	20506	20827	9247	6528	0	44268	2672	159	83	5882	66	4
June 23, 2009 10:19:00 AM UTC	1245781140000	1	0	yes	67.0	119.0	20506	20827	9241	6617	0	44185	2639	195	75	5867	77	2
June 23, 2009 10:20:00 AM UTC	1245781200000	0	0	yes	67.2	119.4	20506	20827	9256	6464	0	44323	2708	135	77	5909	34	8
June 23, 2009 10:21:00 AM UTC	1245781260000	1	0	yes	67.4	119.7	20506	20827	9252	6493	0	44298	2699	168	68	5899	53	6
June 23, 2009 10:22:00 AM UTC	1245781320000	1	0	yes	67.5	120.1	20506	20827	9247	6527	0	44269	2691	195	61	5885	67	3
June 23, 2009 10:23:00 AM UTC	1245781380000	1	0	yes	67.7	120.5	20506	20827	9252	6511	0	44280	2675	181	65	5899	89	5
June 23, 2009 10:24:00 AM UTC	1245781440000	0	0	yes	67.9	120.9	20506	20827	9247	6555	0	44241	2664	127	58	5882	33	2
June 23, 2009 10:25:00 AM UTC	1245781500000	1	0	yes	68.1	121.3	20506	20827	9252	6520	0	44271	2668	139	66	5895	32	4
June 23, 2009 10:26:00 AM UTC	1245781560000	1	0	yes	68.2	121.7	20506	20827	9247	6555	0	44241	2655	166	60	5881	51	3
June 23, 2009 10:27:00 AM UTC	1245781620000	1	0	yes	68.4	122.2	20506	20827	9246	6498	0	44299	2699	199	66	5887	80	0
June 23, 2009 10:28:00 AM UTC	1245781680000	0	0	yes	68.6	122.6	20506	20827	9241	6530	0	44272	2685	143	63	5874	16	3
June 23, 2009 10:29:00 AM UTC	1245781740000	1	0	yes	68.7	123.0	20506	20827	9245	6519	0	44279	2675	151	68	5885	51	2
June 23, 2009 10:30:00 AM UTC	1245781800000	1	0	yes	68.9	123.4	20506	20827	9248	6504	0	44291	2687	155	69	5894	54	1
June 23, 2009 10:31:00 AM UTC	1245781860000	1	0	yes	69.1	123.9	20506	20827	9248	6504	0	44291	2676	201	67	5891	152	0
June 23, 2009 10:32:00 AM UTC	1245781920000	1	0	yes	69.2	124.3	20506	20827	9242	6543	0	44258	2675	155	53	5873	71	1
June 23, 2009 10:33:00 AM UTC	1245781980000	1	0	yes	69.4	124.8	20506	20827	9248	6526	0	44269	2680	181	58	5893	115	0
June 23, 2009 10:34:00 AM UTC	1245782040000	1	0	yes	69.6	125.2	20506	20827	9242	6546	0	44255	2683	193	66	5884	138	0
June 23, 2009 10:35:00 AM UTC	1245782100000	1	0	yes	69.7	125.7	20506	20827	9243	6582	0	44218	2658	191	65	5882	161	0
June 23, 2009 10:36:00 AM UTC	1245782160000	1	0	yes	69.9	126.2	20506	20827	9237	6622	0	44184	2627	156	60	5868	93	0
June 23, 2009 10:37:00 AM UTC	1245782220000	1	0	yes	70.1	126.6	20506	20827	9254	6507	1	44281	2675	212	54	5904	151	0
June 23, 2009 10:38:00 AM UTC	1245782280000	1	0	yes	70.2	127.1	20506	20827	9255	6454	0	44334	2714	236	57	5911	189	0
June 23, 2009 10:39:00 AM UTC	1245782340000	1	0	yes	70.4	127.6	20506	20827	9247	6497	0	44299	2708	180	54	5897	104	1
June 23, 2009 10:40:00 AM UTC	1245782400000	1	0	yes	70.5	128.1	20506	20827	9248	6538	0	44257	2668	162	57	5889	139	1
June 23, 2009 10:41:00 AM UTC	1245782460000	1	0	yes	70.7	128.6	20506	20827	9253	6497	0	44293	2682	202	58	5905	176	1
June 23, 2009 10:42:00 AM UTC	1245782520000	1	0	yes	70.9	129.1	20506	20827	9247	6539	1	44256	2668	174	45	5888	86	0
June 23, 2009 10:43:00 AM UTC	1245782580000	1	0	yes	71.0	129.6	20506	20827	9246	6539	2	44256	2671	193	48	5889	137	0
June 23, 2009 10:44:00 AM UTC	1245782640000	1	0	yes	71.2	130.2	20506	20827	9246	6529	2	44266	2675	189	52	5892	167	0
June 23, 2009 10:45:00 AM UTC	1245782700000	1	0	yes	71.3	130.7	20506	20827	9242	6564	3	44234	2665	140	54	5876	81	0
June 23, 2009 10:46:00 AM UTC	1245782760000	1	0	yes	71.5	131.2	20506	20827	9242	6564	3	44234	2666	186	48	5877	120	0
June 23, 2009 10:47:00 AM UTC	1245782820000	1	0	yes	71.6	131.8	20506	20827	9251	6510	5	44277	2678	207	51	5899	201	0
June 23, 2009 10:48:00 AM UTC	1245782880000	1	0	yes	71.8	132.3	20506	20827	9251	6462	7	44323	2722	176	51	5907	125	0
June 23, 2009 10:49:00 AM UTC	1245782940000	1	0	yes	71.9	132.9	20506	20827	9251	6581	2	44209	2646	195	40	5896	162	0
June 23, 2009 10:50:00 AM UTC	1245783000000	1	0	yes	72.1	133.5	20506	20827	9251	6580	4	44208	2652	132	47	5893	93	0
June 23, 2009 10:51:00 AM UTC	1245783060000	1	0	yes	72.2	134.1	20506	20827	9244	6628	4	44167	2635	138	50	5876	113	0
June 23, 2009 10:52:00 AM UTC	1245783120000	1	0	yes	72.3	134.6	20506	20827	9243	6625	5	44170	2633	172	62	5877	151	0
June 23, 2009 10:53:00 AM UTC	1245783180000	1	0	yes	72.5	135.2	20506	20827	9244	6620	6	44173	2633	126	43	5877	83	0
June 23, 2009 10:54:00 AM UTC	1245783240000	1	0	yes	72.6	135.8	20506	20827	9245	6620	7	44171	2637	129	49	5875	124	0
June 23, 2009 10:55:00 AM UTC	1245783300000	1	0	yes	72.8	136.5	20506	20827	9245	6620	8	44170	2635	130	44	5876	55	0
June 23, 2009 10:56:00 AM UTC	1245783360000	1	0	yes	72.9	137.1	20506	20827	9237	6669	8	44129	2632	135	59	5858	103	0
June 23, 2009 10:57:00 AM UTC	1245783420000	1	0	yes	73.0	137.7	20506	20827	9253	6583	9	44198	2646	139	49	5889	155	0
June 23, 2009 10:58:00 AM UTC	1245783480000	1	0	yes	73.2	138.4	20506	20827	9260	6467	14	44302	2715	184	55	5916	123	0
June 23, 2009 10:59:00 AM UTC	1245783540000	1	0	yes	73.3	139.0	20506	20827	9253	6522	14	44254	2704	180	64	5898	165	0
June 23, 2009 11:00:00 AM UTC	1245783600000	1	0	yes	73.4	139.7	20506	20827	9253	6522	15	44253	2700	149	51	5899	85	0
June 23, 2009 11:01:00 AM UTC	1245783660000	1	0	yes	73.6	140.3	20506	20827	9253	6541	15	44234	2696	153	52	5892	134	0
June 23, 2009 11:02:00 AM UTC	1245783720000	1	0	yes	73.7	141.0	20506	20827	9254	6541	16	44232	2700	114	57	5894	76	0
June 23, 2009 11:03:00 AM UTC	1245783780000	1	0	yes	73.8	141.7	20506	20827	9244	6594	17	44188	2689	162	44	5876	98	0
June 23, 2009 11:04:00 AM UTC	1245783840000	1	0	yes	73.9	142.4	20506	20827	9251	6570	17	44205	2690	134	55	5891	154	0
June 23, 2009 11:05:00 AM UTC	1245783900000	1	0	yes	74.1	143.1	20506	20827	9250	6571	18	44204	2685	129	49	5893	109	0
June 23, 2009 11:06:00 AM UTC	1245783960000	1	0	yes	74.2	143.8	20506	20827	9240	6626	18	44159	2685	139	56	5875	144	0
June 23, 2009 11:07:00 AM UTC	1245784020000	1	0	yes	74.3	144.5	20506	20827	9256	6528	18	44241	2713	123	48	5896	96	0
June 23, 2009 11:08:00 AM UTC	1245784080000	1	0	yes	74.4	145.3	20506	20827	9247	6610	19	44167	2677	120	43	5883	130	0
June 23, 2009 11:09:00 AM UTC	1245784140000	1	0	yes	74.5	146.0	20506	20827	9254	6575	21	44193	2698	110	49	5892	102	0
June 23, 2009 11:10:00 AM UTC	1245784200000	1	0	yes	74.6	146.8	20506	20827	9246	6569	24	44204	2722	141	56	5876	149	0
June 23, 2009 11:11:00 AM UTC	1245784260000	1	0	yes	74.8	147.5	20506	20827	9245	6598	24	44176	2717	99	40	5873	96	0
June 23, 2009 11:12:00 AM UTC	1245784320000	1	0	yes	74.9	148.3	20506	20827	9247	6599	25	44172	2718	127	40	5874	129	0
June 23, 2009 11:13:00 AM UTC	1245784380000	1	0	yes	75.0	149.1	20506	20827	9257	6522	28	44236	2738	115	47	5905	102	0
June 23, 2009 11:14:00 AM UTC	1245784440000	1	0	yes	75.1	149.9	20506	20827	9256	6557	23	44207	2728	121	38	5900	146	0
June 23, 2009 11:15:00 AM UTC	1245784500000	1	0	yes	75.2	150.7	20506	20827	9247	6618	27	44151	2709	80	32	5882	108	0
June 23, 2009 11:16:00 AM UTC	1245784560000	1	0	yes	75.3	151.5	20506	20827	9247	6617	25	44154	2722	106	38	5881	165	0
June 23, 2009 11:17:00 AM UTC	1245784620000	1	0	yes	75.4	152.3	20506	20827	9259	6475	37	44272	2796	115	44	5911	125	0
June 23, 2009 11:18:00 AM UTC	1245784680000	1	0	yes	75.4	153.2	20506	20827	9258	6543	29	44213	2755	119	35	5902	166	0
June 23, 2009 11:19:00 AM UTC	1245784740000	1	0	yes	75.5	154.0	20506	20827	9248	6604	26	44165	2748	92	37	5878	109	0
June 23, 2009 11:20:00 AM UTC	1245784800000	0	0	yes	75.6	154.9	20506	20827	9237	6644	35	44127	2738	69	37	5856	73	0
June 23, 2009 11:21:00 AM UTC	1245784860000	1	0	yes	75.7	155.7	20506	20827	9241	6681	26	44095	2718	75	30	5863	125	0
June 23, 2009 11:22:00 AM UTC	1245784920000	1	0	yes	75.8	156.6	20506	20827	9245	6650	32	44116	2726	79	32	5875	84	0
June 23, 2009 11:23:00 AM UTC	1245784980000	1	0	yes	75.9	157.5	20506	20827	9250	6563	36	44194	2775	109	38	5888	156	0
June 23, 2009 11:24:00 AM UTC	1245785040000	0	0	yes	75.9	158.4	20506	20827	9247	6632	30	44134	2741	57	32	5883	94	0
June 23, 2009 11:25:00 AM UTC	1245785100000	1	0	yes	76.0	159.3	20506	20827	9242	6593	36	44172	2783	93	33	5879	154	0
June 23, 2009 11:26:00 AM UTC	1245785160000	1	0	yes	76.1	160.2	20506	20827	9243	6578	40	44182	2808	66	33	5880	110	0
June 23, 2009 11:27:00 AM UTC	1245785220000	0	0	yes	76.1	161.1	20506	20827	9254	6561	38	44190	2775	42	29	5908	79	0
June 23, 2009 11:28:00 AM UTC	1245785280000	1	0	yes	76.2	162.0	20506	20827	9246	6589	37	44171	2794	71	35	5885	147	0
June 23, 2009 11:29:00 AM UTC	1245785340000	0	0	yes	76.3	163.0	20506	20827	9250	6556	43	44194	2806	51	32	5894	88	0
June 23, 2009 11:30:00 AM UTC	1245785400000	0	0	yes	76.3	163.9	20506	20827	9241	6622	40	44140	2788	68	30	5870	83	0
June 23, 2009 11:31:00 AM UTC	1245785460000	1	0	yes	76.4	164.8	20506	20827	9252	6600	37	44154	2775	63	36	5897	143	0
June 23, 2009 11:32:00 AM UTC	1245785520000	1	0	yes	76.4	165.8	20506	20827	9245	6618	40	44140	2784	67	37	5880	103	0
June 23, 2009 11:33:00 AM UTC	1245785580000	1	0	yes	76.5	166.7	20506	20827	9246	6617	38	44142	2788	98	39	5881	157	0
June 23, 2009 11:34:00 AM UTC	1245785640000	1	0	yes	76.5	167.7	20506	20827	9247	6591	44	44161	2805	64	28	5888	132	0
June 23, 2009 11:35:00 AM UTC	1245785700000	0	0	yes	76.6	168.7	20506	20827	9246	6591	43	44163	2802	40	25	5891	72	0
June 23, 2009 11:36:00 AM UTC	1245785760000	1	0	yes	76.6	169.7	20506	20827	9238	6617	40	44148	2820	69	35	5873	139	0
June 23, 2009 11:37:00 AM UTC	1245785820000	0	0	yes	76.6	170.6	20506	20827	9252	6612	39	44140	2776	41	30	5897	102	0
June 23, 2009 11:38:00 AM UTC	1245785880000	0	0	yes	76.7	171.6	20506	20827	9243	6664	40	44096	2768	32	29	5875	59	0
June 23, 2009 11:39:00 AM UTC	1245785940000	1	0	yes	76.7	172.6	20506	20827	9245	6646	39	44113	2797	81	24	5874	132	0
June 23, 2009 11:40:00 AM UTC	1245786000000	0	0	yes	76.7	173.6	20506	20827	9248	6564	49	44182	2839	52	35	5881	92	0
June 23, 2009 11:41:00 AM UTC	1245786060000	0	0	yes	76.7	174.6	20506	20827	9248	6633	41	44121	2798	33	22	5877	79	0
June 23, 2009 11:42:00 AM UTC	1245786120000	1	0	yes	76.8	175.6	20506	20827	9258	6543	40	44202	2825	84	26	5902	165	0
June 23, 2009 11:43:00 AM UTC	1245786180000	1	0	yes	76.8	176.6	20506	20827	9247	6615	43	44138	2799	57	24	5882	123	0
June 23, 2009 11:44:00 AM UTC	1245786240000	0	0	yes	76.8	177.6	20506	20827	9248	6614	42	44139	2810	58	27	5882	89	0
June 23, 2009 11:45:00 AM UTC	1245786300000	1	0	yes	76.8	178.6	20506	20827	9250	6590	40	44163	2812	56	28	5882	124	0
June 23, 2009 11:46:00 AM UTC	1245786360000	1	0	yes	76.8	179.6	20506	20827	9249	6592	44	44158	2823	34	28	5882	114	0
June 23, 2009 11:47:00 AM UTC	1245786420000	1	0	yes	76.8	180.6	20506	20827	9249	6592	41	44161	2829	67	32	5885	179	0
June 23, 2009 11:48:00 AM UTC	1245786480000	0	0	yes	76.8	181.6	20506	20827	9250	6606	42	44145	2809	30	11	5880	0	0
June 23, 2009 11:49:00 AM UTC	1245786540000	0	0	yes	76.8	182.6	20506	20827	9247	6613	42	44141	2812	17	18	5883	18	0
June 23, 2009 11:50:00 AM UTC	1245786600000	0	0	yes	76.8	183.6	20506	20827	9247	6613	45	44138	2795	30	24	5881	70	0
June 23, 2009 11:51:00 AM UTC	1245786660000	0	0	yes	76.8	184.6	20506	20827	9247	6622	41	44133	2804	32	24	5877	82	0
June 23, 2009 11:52:00 AM UTC	1245786720000	0	0	yes	76.7	185.6	20506	20827	9247	6635	40	44121	2795	21	8	5873	38	0
June 23, 2009 11:53:00 AM UTC	1245786780000	0	0	yes	76.7	186.6	20506	20827	9248	6557	50	44188	2842	35	19	5882	84	0
June 23, 2009 11:54:00 AM UTC	1245786840000	0	0	yes	76.7	187.6	20506	20827	9244	6641	39	44119	2800	26	19	5877	59	0
June 23, 2009 11:55:00 AM UTC	1245786900000	0	0	yes	76.7	188.6	20506	20827	9252	6602	40	44149	2779	17	10	5898	25	0
June 23, 2009 11:56:00 AM UTC	1245786960000	0	0	yes	76.6	189.6	20506	20827	9241	6601	48	44153	2823	35	19	5875	73	0
June 23, 2009 11:57:00 AM UTC	1245787020000	0	0	yes	76.6	190.6	20506	20827	9249	6546	46	44202	2837	26	13	5895	55	0
June 23, 2009 11:58:00 AM UTC	1245787080000	0	0	yes	76.6	191.5	20506	20827	9236	6660	40	44107	2786	16	5	5859	12	0
June 23, 2009 11:59:00 AM UTC	1245787140000	0	0	yes	76.5	192.5	20506	20827	9245	6600	44	44154	2804	29	24	5882	80	0
June 23, 2009 12:00:00 PM UTC	1245787200000	0	0	yes	76.5	193.5	20506	20827	9246	6612	40	44145	2788	8	2	5882	29	0
June 23, 2009 12:01:00 PM UTC	1245787260000	0	0	yes	76.4	194.4	20506	20827	9245	6613	40	44145	2791	20	5	5880	7	0
June 23, 2009 12:02:00 PM UTC	1245787320000	0	0	yes	76.4	195.4	20506	20827	9242	6670	33	44098	2755	24	8	5870	53	0
June 23, 2009 12:03:00 PM UTC	1245787380000	0	0	yes	76.3	196.3	20506	20827	9250	6551	42	44200	2815	24	5	5893	27	0
June 23, 2009 12:04:00 PM UTC	1245787440000	0	0	yes	76.3	197.2	20506	20827	9239	6614	40	44150	2802	19	2	5872	0	0
June 23, 2009 12:05:00 PM UTC	1245787500000	0	0	yes	76.2	198.2	20506	20827	9246	6584	37	44176	2794	33	8	5884	50	0
June 23, 2009 12:06:00 PM UTC	1245787560000	0	0	yes	76.1	199.1	20506	20827	9246	6550	44	44203	2814	31	6	5892	12	0
June 23, 2009 12:07:00 PM UTC	1245787620000	0	0	yes	76.1	200.0	20506	20827	9243	6576	40	44184	2806	25	14	5880	47	0
June 23, 2009 12:08:00 PM UTC	1245787680000	0	0	yes	76.0	200.9	20506	20827	9251	6601	32	44159	2750	26	3	5895	24	0
June 23, 2009 12:09:00 PM UTC	1245787740000	0	0	yes	75.9	201.8	20506	20827	9247	6628	28	44140	2742	22	1	5884	2	0
June 23, 2009 12:10:00 PM UTC	1245787800000	0	0	yes	75.8	202.7	20506	20827	9245	6590	36	44172	2769	22	1	5879	32	0
June 23, 2009 12:11:00 PM UTC	1245787860000	0	0	yes	75.8	203.6	20506	20827	9250	6609	31	44153	2738	25	3	5888	5	0
June 23, 2009 12:12:00 PM UTC	1245787920000	0	0	yes	75.7	204.4	20506	20827	9250	6612	26	44155	2733	24	10	5888	54	0
June 23, 2009 12:13:00 PM UTC	1245787980000	0	0	yes	75.6	205.3	20506	20827	9252	6545	37	44209	2770	12	1	5894	11	0
June 23, 2009 12:14:00 PM UTC	1245788040000	0	0	yes	75.5	206.2	20506	20827	9248	6598	27	44170	2750	33	2	5877	0	0
June 23, 2009 12:15:00 PM UTC	1245788100000	0	0	yes	75.4	207.0	20506	20827	9249	6597	28	44169	2733	32	3	5879	16	0
June 23, 2009 12:16:00 PM UTC	1245788160000	0	0	yes	75.3	207.8	20506	20827	9245	6563	34	44201	2780	34	5	5874	0	0
June 23, 2009 12:17:00 PM UTC	1245788220000	0	0	yes	75.2	208.7	20506	20827	9247	6610	25	44161	2719	43	1	5877	19	0
June 23, 2009 12:18:00 PM UTC	1245788280000	0	0	yes	75.1	209.5	20506	20827	9247	6611	26	44159	2709	34	6	5881	1	0
June 23, 2009 12:19:00 PM UTC	1245788340000	0	0	yes	75.0	210.3	20506	20827	9248	6547	27	44221	2759	27	3	5885	34	0
June 23, 2009 12:20:00 PM UTC	1245788400000	0	0	yes	74.9	211.1	20506	20827	9252	6552	27	44212	2727	31	5	5889	0	0
June 23, 2009 12:21:00 PM UTC	1245788460000	0	0	yes	74.8	211.8	20506	20827	9252	6553	23	44215	2733	36	7	5887	34	0
June 23, 2009 12:22:00 PM UTC	1245788520000	0	0	yes	74.7	212.6	20506	20827	9245	6611	22	44165	2700	26	6	5867	1	0
June 23, 2009 12:23:00 PM UTC	1245788580000	0	0	yes	74.6	213.4	20506	20827	9255	6503	26	44259	2742	45	4	5898	0	0
June 23, 2009 12:24:00 PM UTC	1245788640000	0	0	yes	74.5	214.1	20506	20827	9240	6647	19	44137	2690	40	7	5866	1	0
June 23, 2009 12:25:00 PM UTC	1245788700000	0	0	yes	74.4	214.9	20506	20827	9247	6596	19	44181	2682	32	4	5873	0	0
June 23, 2009 12:26:00 PM UTC	1245788760000	0	0	yes	74.3	215.6	20506	20827	9256	6519	18	44250	2717	32	3	5917	0	0
June 23, 2009 12:27:00 PM UTC	1245788820000	0	0	yes	74.2	216.3	20506	20827	9254	6520	19	44250	2711	24	2	5908	0	0
June 23, 2009 12:28:00 PM UTC	1245788880000	0	0	yes	74.0	217.0	20506	20827	9244	6599	17	44183	2681	27	2	5881	1	0
June 23, 2009 12:29:00 PM UTC	1245788940000	0	0	yes	73.9	217.8	20506	20827	9246	6597	17	44183	2691	28	2	5872	0	0
June 23, 2009 12:30:00 PM UTC	1245789000000	0	0	yes	73.8	218.4	20506	20827	9244	6587	16	44196	2691	28	4	5876	0	0
June 23, 2009 12:31:00 PM UTC	1245789060000	0	0	yes	73.7	219.1	20506	20827	9254	6532	16	44241	2699	22	1	5892	0	0
June 23, 2009 12:32:00 PM UTC	1245789120000	0	0	yes	73.5	219.8	20506	20827	9253	6528	15	44247	2699	18	0	5896	0	0
June 23, 2009 12:33:00 PM UTC	1245789180000	0	0	yes	73.4	220.5	20506	20827	9253	6510	15	44265	2704	18	3	5898	0	0
June 23, 2009 12:34:00 PM UTC	1245789240000	0	0	yes	73.3	221.1	20506	20827	9245	6562	12	44224	2689	15	3	5878	0	0
June 23, 2009 12:35:00 PM UTC	1245789300000	0	0	yes	73.1	221.8	20506	20827	9251	6571	10	44211	2657	10	1	5892	4	0
June 23, 2009 12:36:00 PM UTC	1245789360000	0	0	yes	73.0	222.4	20506	20827	9245	6618	9	44171	2636	1	2	5875	0	0
June 23, 2009 12:37:00 PM UTC	1245789420000	0	0	yes	72.9	223.0	20506	20827	9253	6559	8	44223	2662	3	1	5897	3	0
June 23, 2009 12:38:00 PM UTC	1245789480000	0	0	yes	72.7	223.7	20506	20827	9253	6507	11	44272	2687	1	0	5898	0	0
June 23, 2009 12:39:00 PM UTC	1245789540000	0	0	yes	72.6	224.3	20506	20827	9245	6609	6	44183	2638	0	0	5876	0	0
June 23, 2009 12:40:00 PM UTC	1245789600000	0	0	yes	72.5	224.9	20506	20827	9244	6609	6	44184	2632	0	1	5876	0	0
June 23, 2009 12:41:00 PM UTC	1245789660000	0	0	yes	72.3	225.5	20506	20827	9244	6600	5	44194	2634	0	1	5875	0	0
June 23, 2009 12:42:00 PM UTC	1245789720000	0	0	yes	72.2	226.1	20506	20827	9244	6600	4	44195	2631	0	1	5873	0	0
June 23, 2009 12:43:00 PM UTC	1245789780000	0	0	yes	72.0	226.6	20506	20827	9244	6600	4	44195	2633	0	1	5874	0	0
June 23, 2009 12:44:00 PM UTC	1245789840000	0	0	yes	71.9	227.2	20506	20827	9251	6553	2	44237	2648	0	1	5895	0	0
June 23, 2009 12:45:00 PM UTC	1245789900000	0	0	yes	71.7	227.8	20506	20827	9251	6492	6	44294	2686	0	0	5901	0	0
June 23, 2009 12:46:00 PM UTC	1245789960000	0	0	yes	71.6	228.3	20506	20827	9250	6507	5	44281	2674	0	0	5895	0	0
June 23, 2009 12:47:00 PM UTC	1245790020000	0	0	yes	71.4	228.9	20506	20827	9249	6508	4	44282	2674	0	0	5895	3	0
June 23, 2009 12:48:00 PM UTC	1245790080000	0	0	yes	71.3	229.4	20506	20827	9249	6508	3	44283	2679	0	0	5892	0	0
June 23, 2009 12:49:00 PM UTC	1245790140000	0	0	yes	71.1	229.9	20506	20827	9255	6463	2	44323	2692	0	0	5911	0	0
June 23, 2009 12:50:00 PM UTC	1245790200000	0	0	yes	71.0	230.5	20506	20827	9246	6525	2	44270	2672	0	0	5888	0	0
June 23, 2009 12:51:00 PM UTC	1245790260000	0	0	yes	70.8	231.0	20506	20827	9247	6525	1	44270	2666	0	0	5888	0	0
June 23, 2009 12:52:00 PM UTC	1245790320000	0	0	yes	70.7	231.5	20506	20827	9247	6525	0	44271	2670	0	0	5891	0	0
June 23, 2009 12:53:00 PM UTC	1245790380000	0	0	yes	70.5	232.0	20506	20827	9255	6482	0	44306	2680	0	0	5909	0	0
June 23, 2009 12:54:00 PM UTC	1245790440000	0	0	yes	70.3	232.5	20506	20827	9247	6500	0	44296	2696	0	0	5892	0	0
June 23, 2009 12:55:00 PM UTC	1245790500000	0	0	yes	70.2	233.0	20506	20827	9245	6556	0	44242	2650	0	0	5885	0	0
June 23, 2009 12:56:00 PM UTC	1245790560000	0	0	yes	70.0	233.5	20506	20827	9246	6556	0	44241	2660	0	1	5883	0	0
June 23, 2009 12:57:00 PM UTC	1245790620000	0	0	yes	69.9	233.9	20506	20827	9245	6556	0	44242	2657	0	1	5883	0	0
June 23, 2009 12:58:00 PM UTC	1245790680000	0	0	yes	69.7	234.4	20506	20827	9251	6512	0	44280	2680	0	0	5911	1	0
June 23, 2009 12:59:00 PM UTC	1245790740000	0	0	yes	69.5	234.9	20506	20827	9242	6541	0	44260	2679	1	2	5889	0	0
June 23, 2009 1:00:00 PM UTC	1245790800000	0	0	yes	69.4	235.3	20506	20827	9246	6480	0	44317	2718	0	0	5889	0	0
June 23, 2009 1:01:00 PM UTC	1245790860000	0	0	yes	69.2	235.8	20506	20827	9248	6496	0	44299	2686	0	1	5894	0	0
June 23, 2009 1:02:00 PM UTC	1245790920000	0	0	yes	69.0	236.2	20506	20827	9243	6533	0	44267	2660	0	0	5876	0	0
June 23, 2009 1:03:00 PM UTC	1245790980000	0	0	yes	68.9	236.6	20506	20827	9248	6496	0	44299	2686	0	0	5894	0	0
June 23, 2009 1:04:00 PM UTC	1245791040000	0	0	yes	68.7	237.1	20506	20827	9249	6495	0	44299	2675	0	0	5893	0	0
June 23, 2009 1:05:00 PM UTC	1245791100000	0	0	yes	68.5	237.5	20506	20827	9247	6494	0	44302	2699	0	0	5888	0	0
June 23, 2009 1:06:00 PM UTC	1245791160000	0	0	yes	68.4	237.9	20506	20827	9242	6525	0	44276	2692	0	0	5876	0	0
June 23, 2009 1:07:00 PM UTC	1245791220000	0	0	yes	68.2	238.3	20506	20827	9247	6548	0	44248	2652	0	0	5881	0	0
June 23, 2009 1:08:00 PM UTC	1245791280000	0	0	yes	68.0	238.7	20506	20827	9252	6513	0	44278	2669	0	1	5894	0	0
June 23, 2009 1:09:00 PM UTC	1245791340000	0	0	yes	67.9	239.1	20506	20827	9247	6548	0	44248	2659	0	0	5881	0	0
June 23, 2009 1:10:00 PM UTC	1245791400000	0	0	yes	67.7	239.5	20506	20827	9242	6554	0	44247	2678	0	0	5875	0	0
June 23, 2009 1:11:00 PM UTC	1245791460000	0	0	yes	67.5	239.9	20506	20827	9243	6555	0	44245	2684	0	0	5877	0	0
June 23, 2009 1:12:00 PM UTC	1245791520000	0	0	yes	67.3	240.3	20506	20827	9252	6492	0	44299	2702	0	0	5899	0	0
June 23, 2009 1:13:00 PM UTC	1245791580000	0	0	yes	67.2	240.7	20506	20827	9257	6454	0	44332	2721	0	0	5912	0	0
June 23, 2009 1:14:00 PM UTC	1245791640000	0	0	yes	67.0	241.1	20506	20827	9250	6552	0	44241	2657	0	0	5892	0	0
June 23, 2009 1:15:00 PM UTC	1245791700000	0	0	yes	66.8	241.5	20506	20827	9247	6527	0	44269	2674	0	0	5884	0	0
June 23, 2009 1:16:00 PM UTC	1245791760000	0	0	yes	66.6	241.8	20506	20827	9253	6494	0	44296	2685	0	0	5896	0	0
June 23, 2009 1:17:00 PM UTC	1245791820000	0	0	yes	66.5	242.2	20506	20827	9247	6510	0	44286	2703	0	0	5879	0	0
June 23, 2009 1:18:00 PM UTC	1245791880000	0	0	yes	66.3	242.6	20506	20827	9252	6476	0	44315	2705	0	0	5901	0	0
June 23, 2009 1:19:00 PM UTC	1245791940000	0	0	yes	66.1	242.9	20506	20827	9241	6540	0	44262	2690	0	0	5866	0	0
June 23, 2009 1:20:00 PM UTC	1245792000000	0	0	yes	65.9	243.3	20506	20827	9252	6476	0	44315	2707	0	0	5898	0	0
June 23, 2009 1:21:00 PM UTC	1245792060000	0	0	yes	65.7	243.6	20506	20827	9252	6475	0	44316	2701	0	0	5901	0	0
June 23, 2009 1:22:00 PM UTC	1245792120000	0	0	yes	65.6	244.0	20506	20827	9255	6510	0	44278	2675	0	0	5903	0	0
June 23, 2009 1:23:00 PM UTC	1245792180000	0	0	yes	65.4	244.3	20506	20827	9242	6592	0	44209	2659	0	0	5871	0	0
June 23, 2009 1:24:00 PM UTC	1245792240000	0	0	yes	65.2	244.7	20506	20827	9246	6561	0	44236	2673	0	1	5884	0	0
June 23, 2009 1:25:00 PM UTC	1245792300000	0	0	yes	65.0	245.0	20506	20827	9246	6561	0	44236	2672	0	0	5883	0	0
June 23, 2009 1:26:00 PM UTC	1245792360000	0	0	yes	64.8	245.3	20506	20827	9249	6532	0	44262	2685	0	0	5894	0	0
June 23, 2009 1:27:00 PM UTC	1245792420000	0	0	yes	64.7	245.6	20506	20827	9246	6561	0	44236	2675	0	0	5881	0	0
June 23, 2009 1:28:00 PM UTC	1245792480000	0	0	yes	64.5	246.0	20506	20827	9251	6483	0	44309	2709	0	0	5896	0	0
June 23, 2009 1:29:00 PM UTC	1245792540000	0	0	yes	64.3	246.3	20506	20827	9241	6548	0	44254	2681	0	0	5873	0	0
June 23, 2009 1:30:00 PM UTC	1245792600000	0	0	yes	64.1	246.6	20506	20827	9251	6482	0	44310	2714	0	0	5896	0	0
June 23, 2009 1:31:00 PM UTC	1245792660000	0	0	yes	63.9	246.9	20506	20827	9251	6536	0	44256	2683	0	0	5892	0	0
June 23, 2009 1:32:00 PM UTC	1245792720000	0	0	yes	63.7	247.2	20506	20827	9251	6523	0	44269	2692	0	0	5895	0	0
June 23, 2009 1:33:00 PM UTC	1245792780000	0	0	yes	63.5	247.5	20506	20827	9245	6575	0	44223	2668	0	0	5876	0	0
June 23, 2009 1:34:00 PM UTC	1245792840000	0	0	yes	63.4	247.8	20506	20827	9256	6509	0	44278	2691	0	0	5899	0	0
June 23, 2009 1:35:00 PM UTC	1245792900000	0	0	yes	63.2	248.1	20506	20827	9249	6549	0	44245	2679	0	0	5886	0	0
June 23, 2009 1:36:00 PM UTC	1245792960000	0	0	yes	63.0	248.4	20506	20827	9243	6576	0	44224	2668	0	0	5874	0	0
June 23, 2009 1:37:00 PM UTC	1245793020000	0	0	yes	62.8	248.7	20506	20827	9243	6575	0	44225	2675	0	0	5875	0	0
June 23, 2009 1:38:00 PM UTC	1245793080000	0	0	yes	62.6	249.0	20506	20827	9246	6557	0	44240	2677	0	0	5885	0	0
June 23, 2009 1:39:00 PM UTC	1245793140000	0	0	yes	62.4	249.3	20506	20827	9248	6542	0	44253	2706	0	0	5887	0	0
June 23, 2009 1:40:00 PM UTC	1245793200000	0	0	yes	62.2	249.6	20506	20827	9248	6542	0	44253	2701	0	0	5884	0	0
June 23, 2009 1:41:00 PM UTC	1245793260000	0	0	yes	62.1	249.8	20506	20827	9250	6588	0	44205	2666	0	0	5886	0	0
June 23, 2009 1:42:00 PM UTC	1245793320000	0	0	yes	61.9	250.1	20506	20827	9248	6612	0	44183	2658	0	0	5879	0	0
June 23, 2009 1:43:00 PM UTC	1245793380000	0	0	yes	61.7	250.4	20506	20827	9248	6492	0	44303	2721	0	0	5890	0	0
June 23, 2009 1:44:00 PM UTC	1245793440000	0	0	yes	61.5	250.7	20506	20827	9252	6469	0	44322	2722	0	1	5900	0	0
June 23, 2009 1:45:00 PM UTC	1245793500000	0	0	yes	61.3	250.9	20506	20827	9252	6466	0	44325	2726	0	0	5899	0	0
June 23, 2009 1:46:00 PM UTC	1245793560000	0	0	yes	61.1	251.2	20506	20827	9241	6534	0	44268	2699	0	0	5871	0	0
June 23, 2009 1:47:00 PM UTC	1245793620000	0	0	yes	60.9	251.5	20506	20827	9255	6443	0	44345	2740	0	0	5910	0	0
June 23, 2009 1:48:00 PM UTC	1245793680000	0	0	yes	60.7	251.7	20506	20827	9256	6435	0	44352	2753	0	0	5911	0	0
June 23, 2009 1:49:00 PM UTC	1245793740000	0	0	yes	60.5	252.0	20506	20827	9244	6529	0	44270	2715	0	0	5877	0	0
June 23, 2009 1:50:00 PM UTC	1245793800000	0	0	yes	60.3	252.3	20506	20827	9256	6435	0	44352	2756	0	0	5910	0	0
June 23, 2009 1:51:00 PM UTC	1245793860000	0	0	yes	60.2	252.5	20506	20827	9245	6498	0	44300	2733	0	0	5887	0	0
June 23, 2009 1:52:00 PM UTC	1245793920000	0	0	yes	60.0	252.8	20506	20827	9244	6580	0	44219	2686	0	0	5882	0	0
June 23, 2009 1:53:00 PM UTC	1245793980000	0	0	yes	59.8	253.0	20506	20827	9254	6511	0	44278	2717	0	0	5902	0	0
June 23, 2009 1:54:00 PM UTC	1245794040000	0	0	yes	59.6	253.3	20506	20827	9247	6561	0	44235	2692	0	0	5886	0	0
June 23, 2009 1:55:00 PM UTC	1245794100000	0	0	yes	59.4	253.5	20506	20827	9246	6561	0	44236	2701	0	0	5886	0	0
June 23, 2009 1:56:00 PM UTC	1245794160000	0	0	yes	59.2	253.8	20506	20827	9246	6561	0	44236	2691	0	0	5886	0	0
June 23, 2009 1:57:00 PM UTC	1245794220000	0	0	yes	59.0	254.0	20506	20827	9247	6559	0	44237	2692	0	0	5884	0	0
June 23, 2009 1:58:00 PM UTC	1245794280000	0	0	yes	58.8	254.2	20506	20827	9248	6517	0	44278	2716	0	0	5890	0	0
June 23, 2009 1:59:00 PM UTC	1245794340000	0	0	yes	58.6	254.5	20506	20827	9248	6518	0	44277	2728	0	0	5889	0	0
June 23, 2009 2:00:00 PM UTC	1245794400000	0	0	yes	58.4	254.7	20506	20827	9238	6586	0	44219	2695	0	0	5862	0	0
June 23, 2009 2:01:00 PM UTC	1245794460000	0	0	yes	58.2	254.9	20506	20827	9248	6517	0	44278	2728	0	0	5887	0	0
June 23, 2009 2:02:00 PM UTC	1245794520000	0	0	yes	58.0	255.2	20506	20827	9250	6500	0	44293	2738	0	0	5889	0	0
June 23, 2009 2:03:00 PM UTC	1245794580000	0	0	yes	57.8	255.4	20506	20827	9250	6500	0	44293	2742	0	0	5887	0	0
June 23, 2009 2:04:00 PM UTC	1245794640000	0	0	yes	57.6	255.6	20506	20827	9250	6498	0	44295	2735	0	0	5884	0	0
June 23, 2009 2:05:00 PM UTC	1245794700000	0	0	yes	57.5	255.9	20506	20827	9250	6498	0	44295	2735	0	0	5880	0	0
June 23, 2009 2:06:00 PM UTC	1245794760000	0	0	yes	57.3	256.1	20506	20827	9250	6556	0	44237	2698	0	0	5876	0	0
June 23, 2009 2:07:00 PM UTC	1245794820000	0	0	yes	57.1	256.3	20506	20827	9240	6625	0	44178	2680	0	0	5840	0	0
June 23, 2009 2:08:00 PM UTC	1245794880000	0	0	yes	56.9	256.5	20506	20827	9251	6554	0	44238	2707	0	1	5862	0	0
June 23, 2009 2:09:00 PM UTC	1245794940000	0	0	yes	56.7	256.8	20506	20827	9240	6627	0	44176	2683	0	0	5835	0	0
June 23, 2009 2:10:00 PM UTC	1245795000000	0	0	yes	56.5	257.0	20506	20827	9251	6557	0	44235	2714	0	0	5858	0	0
June 23, 2009 2:11:00 PM UTC	1245795060000	0	0	yes	56.3	257.2	20506	20827	9242	6609	0	44192	2692	0	0	5828	0	0
June 23, 2009 2:12:00 PM UTC	1245795120000	0	0	yes	56.1	257.4	20506	20827	9251	6558	0	44234	2722	0	0	5838	0	0
June 23, 2009 2:13:00 PM UTC	1245795180000	0	0	yes	55.9	257.6	20506	20827	9240	6590	0	44213	2700	0	1	5812	0	0
June 23, 2009 2:14:00 PM UTC	1245795240000	0	0	yes	55.7	257.8	20506	20827	9251	6519	0	44273	2731	0	2	5828	0	0
June 23, 2009 2:15:00 PM UTC	1245795300000	0	0	yes	55.5	258.0	20506	20827	9240	6588	0	44215	2702	0	2	5797	0	0
June 23, 2009 2:16:00 PM UTC	1245795360000	0	0	yes	55.3	258.2	20506	20827	9254	6429	0	44360	2781	0	1	5825	0	0
June 23, 2009 2:17:00 PM UTC	1245795420000	0	0	yes	55.1	258.5	20506	20827	9244	6485	0	44314	2752	0	1	5794	0	0
June 23, 2009 2:18:00 PM UTC	1245795480000	0	0	yes	54.9	258.7	20506	20827	9242	6503	0	44298	2748	0	0	5780	0	0
June 23, 2009 2:19:00 PM UTC	1245795540000	0	0	yes	54.7	258.9	20506	20827	9242	6503	0	44298	2749	0	1	5776	0	0
June 23, 2009 2:20:00 PM UTC	1245795600000	0	0	yes	54.5	259.1	20506	20827	9244	6492	0	44307	2752	0	0	5769	0	0
June 23, 2009 2:21:00 PM UTC	1245795660000	0	0	yes	54.3	259.3	20506	20827	9244	6497	0	44302	2763	0	0	5759	0	0
June 23, 2009 2:22:00 PM UTC	1245795720000	0	0	yes	54.1	259.5	20506	20827	9245	6565	0	44233	2728	0	1	5744	0	0
June 23, 2009 2:23:00 PM UTC	1245795780000	0	0	yes	53.9	259.7	20506	20827	9245	6565	0	44233	2723	0	1	5734	0	0
June 23, 2009 2:24:00 PM UTC	1245795840000	0	0	yes	53.7	259.9	20506	20827	9246	6565	0	44232	2724	0	1	5725	0	0
June 23, 2009 2:25:00 PM UTC	1245795900000	0	0	yes	53.5	260.1	20506	20827	9246	6565	0	44232	2733	0	1	5714	0	0
June 23, 2009 2:26:00 PM UTC	1245795960000	0	0	yes	53.3	260.3	20506	20827	9247	6563	0	44233	2732	0	0	5698	0	0
June 23, 2009 2:27:00 PM UTC	1245796020000	0	0	yes	53.1	260.5	20506	20827	9247	6563	0	44233	2733	0	0	5695	0	0
June 23, 2009 2:28:00 PM UTC	1245796080000	0	0	yes	52.9	260.6	20506	20827	9250	6551	0	44242	2736	0	0	5686	0	0
June 23, 2009 2:29:00 PM UTC	1245796140000	0	0	yes	52.7	260.8	20506	20827	9250	6551	0	44242	2737	0	0	5684	0	0
June 23, 2009 2:30:00 PM UTC	1245796200000	0	0	yes	52.5	261.0	20506	20827	9251	6518	0	44274	2749	0	0	5654	0	0
June 23, 2009 2:31:00 PM UTC	1245796260000	0	0	yes	52.3	261.2	20506	20827	9251	6518	0	44274	2751	0	0	5653	0	0
June 23, 2009 2:32:00 PM UTC	1245796320000	0	0	yes	52.1	261.4	20506	20827	9251	6518	0	44274	2745	0	0	5628	0	0
June 23, 2009 2:33:00 PM UTC	1245796380000	0	0	yes	51.9	261.6	20506	20827	9252	6515	0	44276	2745	0	0	5629	0	0
June 23, 2009 2:34:00 PM UTC	1245796440000	0	0	yes	51.7	261.8	20506	20827	9254	6515	0	44274	2759	0	1	5605	0	0
June 23, 2009 2:35:00 PM UTC	1245796500000	0	0	yes	51.5	262.0	20506	20827	9253	6525	0	44265	2755	0	2	5603	0	0
June 23, 2009 2:36:00 PM UTC	1245796560000	0	0	yes	51.3	262.1	20506	20827	9254	6515	0	44274	2767	0	1	5585	0	0
June 23, 2009 2:37:00 PM UTC	1245796620000	0	0	yes	51.1	262.3	20506	20827	9255	6514	0	44274	2769	0	1	5571	0	0
June 23, 2009 2:38:00 PM UTC	1245796680000	0	0	yes	51.0	262.5	20506	20827	9255	6514	0	44274	2768	0	0	5562	0	0
June 23, 2009 2:39:00 PM UTC	1245796740000	0	0	yes	50.8	262.7	20506	20827	9256	6513	0	44274	2759	0	0	5549	0	0
June 23, 2009 2:40:00 PM UTC	1245796800000	0	0	yes	50.6	262.9	20506	20827	9256	6513	0	44274	2763	0	3	5531	0	0
June 23, 2009 2:41:00 PM UTC	1245796860000	0	0	yes	50.4	263.1	20506	20827	9245	6662	0	44136	2693	0	2	5496	0	0
June 23, 2009 2:42:00 PM UTC	1245796920000	0	0	yes	50.2	263.2	20506	20827	9257	6583	0	44203	2740	0	0	5501	0	0
June 23, 2009 2:43:00 PM UTC	1245796980000	0	0	yes	50.0	263.4	20506	20827	9245	6660	0	44138	2701	0	0	5468	0	0
June 23, 2009 2:44:00 PM UTC	1245797040000	0	0	yes	49.8	263.6	20506	20827	9256	6588	0	44199	2733	0	1	5476	0	0
June 23, 2009 2:45:00 PM UTC	1245797100000	0	0	yes	49.6	263.8	20506	20827	9256	6588	0	44199	2732	0	2	5458	0	0
June 23, 2009 2:46:00 PM UTC	1245797160000	0	0	yes	49.4	263.9	20506	20827	9258	6505	0	44280	2780	0	1	5448	0	0
June 23, 2009 2:47:00 PM UTC	1245797220000	0	0	yes	49.2	264.1	20506	20827	9258	6505	0	44280	2776	0	1	5436	0	0
June 23, 2009 2:48:00 PM UTC	1245797280000	0	0	yes	49.0	264.3	20506	20827	9258	6477	0	44308	2782	0	0	5422	0	0
June 23, 2009 2:49:00 PM UTC	1245797340000	0	0	yes	48.8	264.4	20506	20827	9258	6489	0	44296	2786	0	0	5406	0	0
June 23, 2009 2:50:00 PM UTC	1245797400000	0	0	yes	48.6	264.6	20506	20827	9248	6559	0	44236	2757	0	0	5371	0	0
June 23, 2009 2:51:00 PM UTC	1245797460000	0	0	yes	48.4	264.8	20506	20827	9259	6488	0	44296	2792	0	3	5376	0	0
June 23, 2009 2:52:00 PM UTC	1245797520000	0	0	yes	48.2	265.0	20506	20827	9248	6558	0	44237	2756	0	1	5348	0	0
June 23, 2009 2:53:00 PM UTC	1245797580000	0	0	yes	48.0	265.1	20506	20827	9260	6481	0	44302	2795	0	2	5351	0	0
June 23, 2009 2:54:00 PM UTC	1245797640000	0	0	yes	47.8	265.3	20506	20827	9260	6481	0	44302	2790	0	4	5335	0	0
June 23, 2009 2:55:00 PM UTC	1245797700000	0	0	yes	47.6	265.5	20506	20827	9249	6551	0	44243	2750	0	2	5307	0	0
June 23, 2009 2:56:00 PM UTC	1245797760000	0	0	yes	47.4	265.6	20506	20827	9260	6480	0	44303	2798	0	3	5303	0	0
June 23, 2009 2:57:00 PM UTC	1245797820000	0	0	yes	47.2	265.8	20506	20827	9249	6550	0	44244	2762	0	1	5270	0	0
June 23, 2009 2:58:00 PM UTC	1245797880000	0	0	yes	47.0	266.0	20506	20827	9260	6479	0	44304	2800	0	3	5271	0	0
June 23, 2009 2:59:00 PM UTC	1245797940000	0	0	yes	46.8	266.1	20506	20827	9260	6479	0	44304	2797	0	2	5254	0	0
June 23, 2009 3:00:00 PM UTC	1245798000000	0	0	yes	46.6	266.3	20506	20827	9250	6548	0	44245	2760	0	2	5224	0	0
June 23, 2009 3:01:00 PM UTC	1245798060000	0	0	yes	46.4	266.4	20506	20827	9260	6477	0	44306	2797	0	3	5226	0	0
June 23, 2009 3:02:00 PM UTC	1245798120000	0	0	yes	46.2	266.6	20506	20827	9250	6548	0	44245	2765	0	4	5192	0	0
June 23, 2009 3:03:00 PM UTC	1245798180000	0	0	yes	46.0	266.8	20506	20827	9260	6476	0	44307	2808	1	5	5188	0	0
June 23, 2009 3:04:00 PM UTC	1245798240000	0	0	yes	45.8	266.9	20506	20827	9258	6555	0	44230	2772	1	3	5171	0	0
June 23, 2009 3:05:00 PM UTC	1245798300000	0	0	yes	45.6	267.1	20506	20827	9249	6621	0	44173	2739	0	6	5142	0	0
June 23, 2009 3:06:00 PM UTC	1245798360000	0	0	yes	45.4	267.2	20506	20827	9259	6546	0	44238	2779	0	4	5141	0	0
June 23, 2009 3:07:00 PM UTC	1245798420000	0	0	yes	45.2	267.4	20506	20827	9249	6616	0	44178	2739	0	7	5105	0	0
June 23, 2009 3:08:00 PM UTC	1245798480000	0	0	yes	45.0	267.6	20506	20827	9261	6542	0	44240	2775	0	4	5104	0	0
June 23, 2009 3:09:00 PM UTC	1245798540000	0	0	yes	44.8	267.7	20506	20827	9261	6542	0	44240	2780	0	4	5088	0	0
June 23, 2009 3:10:00 PM UTC	1245798600000	0	0	yes	44.6	267.9	20506	20827	9249	6614	0	44180	2748	0	5	5059	0	0
June 23, 2009 3:11:00 PM UTC	1245798660000	0	0	yes	44.4	268.0	20506	20827	9261	6543	0	44239	2798	0	5	5054	0	0
June 23, 2009 3:12:00 PM UTC	1245798720000	0	0	yes	44.2	268.2	20506	20827	9249	6615	0	44179	2750	0	3	5029	0	0
June 23, 2009 3:13:00 PM UTC	1245798780000	0	0	yes	44.0	268.3	20506	20827	9261	6544	0	44238	2796	0	4	5017	0	0
June 23, 2009 3:14:00 PM UTC	1245798840000	0	0	yes	43.8	268.5	20506	20827	9261	6544	0	44238	2792	0	5	5001	0	0
June 23, 2009 3:15:00 PM UTC	1245798900000	0	0	yes	43.6	268.7	20506	20827	9249	6616	0	44178	2760	0	3	4970	0	0
June 23, 2009 3:16:00 PM UTC	1245798960000	0	0	yes	43.4	268.8	20506	20827	9261	6470	0	44312	2827	0	3	4968	0	0
June 23, 2009 3:17:00 PM UTC	1245799020000	0	0	yes	43.2	269.0	20506	20827	9249	6541	0	44253	2784	0	0	4940	0	0
June 23, 2009 3:18:00 PM UTC	1245799080000	0	0	yes	43.0	269.1	20506	20827	9261	6469	0	44313	2826	0	4	4942	0	8
June 23, 2009 3:19:00 PM UTC	1245799140000	0	0	yes	42.7	269.3	20506	20827	9261	6469	0	44313	2834	0	1	4918	0	0
June 23, 2009 3:20:00 PM UTC	1245799200000	0	0	yes	42.5	269.4	20506	20827	9249	6539	0	44255	2784	0	2	4891	0	0
June 23, 2009 3:21:00 PM UTC	1245799260000	0	0	yes	42.3	269.6	20506	20827	9261	6468	0	44314	2828	0	2	4888	0	0
June 23, 2009 3:22:00 PM UTC	1245799320000	0	0	yes	42.1	269.7	20506	20827	9261	6468	0	44314	2833	0	1	4867	0	0
June 23, 2009 3:23:00 PM UTC	1245799380000	0	0	yes	41.9	269.9	20506	20827	9261	6468	0	44314	2837	0	3	4848	0	0
June 23, 2009 3:24:00 PM UTC	1245799440000	0	0	yes	41.7	270.0	20506	20827	9261	6468	0	44314	2841	0	1	4835	0	0
June 23, 2009 3:25:00 PM UTC	1245799500000	0	0	yes	41.5	270.2	20506	20827	9249	6612	0	44182	2765	0	1	4806	0	0
June 23, 2009 3:26:00 PM UTC	1245799560000	0	0	yes	41.3	270.3	20506	20827	9261	6460	0	44322	2837	0	4	4803	0	1
June 23, 2009 3:27:00 PM UTC	1245799620000	0	0	yes	41.1	270.5	20506	20827	9261	6460	0	44322	2836	0	6	4786	0	7
June 23, 2009 3:28:00 PM UTC	1245799680000	0	0	yes	40.9	270.6	20506	20827	9249	6531	0	44263	2794	0	2	4753	0	0
June 23, 2009 3:29:00 PM UTC	1245799740000	0	0	yes	40.7	270.8	20506	20827	9261	6461	0	44321	2840	0	6	4749	0	0
June 23, 2009 3:30:00 PM UTC	1245799800000	0	0	yes	40.5	270.9	20506	20827	9261	6461	0	44321	2843	0	7	4727	0	0
June 23, 2009 3:31:00 PM UTC	1245799860000	0	0	yes	40.3	271.0	20506	20827	9249	6533	0	44261	2798	2	10	4700	0	0
June 23, 2009 3:32:00 PM UTC	1245799920000	0	0	yes	40.1	271.2	20506	20827	9261	6462	0	44320	2835	0	16	4695	0	4
June 23, 2009 3:33:00 PM UTC	1245799980000	0	0	yes	39.9	271.3	20506	20827	9249	6616	0	44178	2773	0	12	4670	0	8
June 23, 2009 3:34:00 PM UTC	1245800040000	0	0	yes	39.7	271.5	20506	20827	9261	6544	0	44238	2820	1	21	4660	0	17
June 23, 2009 3:35:00 PM UTC	1245800100000	0	0	yes	39.5	271.6	20506	20827	9261	6544	0	44238	2820	0	26	4645	1	19
June 23, 2009 3:36:00 PM UTC	1245800160000	0	0	yes	39.3	271.8	20506	20827	9249	6615	0	44179	2778	0	44	4615	0	21
June 23, 2009 3:37:00 PM UTC	1245800220000	0	0	yes	39.1	271.9	20506	20827	9261	6543	0	44239	2823	1	62	4602	0	20
June 23, 2009 3:38:00 PM UTC	1245800280000	0	0	yes	38.9	272.1	20506	20827	9261	6543	0	44239	2823	0	64	4589	2	23
June 23, 2009 3:39:00 PM UTC	1245800340000	0	0	yes	38.7	272.2	20506	20827	9249	6614	0	44180	2780	0	29	4571	0	33
June 23, 2009 3:40:00 PM UTC	1245800400000	0	0	yes	38.5	272.3	20506	20827	9261	6542	0	44240	2833	0	78	4550	0	58
June 23, 2009 3:41:00 PM UTC	1245800460000	0	0	yes	38.3	272.5	20506	20827	9261	6542	0	44240	2837	0	58	4527	0	43
June 23, 2009 3:42:00 PM UTC	1245800520000	0	0	yes	38.1	272.6	20506	20827	9249	6616	0	44178	2785	0	46	4516	0	43
June 23, 2009 3:43:00 PM UTC	1245800580000	0	0	yes	37.9	272.8	20506	20827	9259	6546	0	44238	2819	0	70	4506	0	33
June 23, 2009 3:44:00 PM UTC	1245800640000	0	0	yes	37.7	272.9	20506	20827	9249	6621	0	44173	2784	0	50	4483	0	68
June 23, 2009 3:45:00 PM UTC	1245800700000	0	0	yes	37.5	273.1	20506	20827	9248	6626	0	44169	2783	0	49	4463	0	65
June 23, 2009 3:46:00 PM UTC	1245800760000	0	0	yes	37.3	273.2	20506	20827	9260	6483	0	44300	2862	0	83	4446	0	81
June 23, 2009 3:47:00 PM UTC	1245800820000	0	0	yes	37.1	273.3	20506	20827	9250	6553	0	44240	2815	0	44	4423	0	82
June 23, 2009 3:48:00 PM UTC	1245800880000	0	0	yes	36.9	273.5	20506	20827	9260	6482	0	44301	2861	6	79	4413	2	92
June 23, 2009 3:49:00 PM UTC	1245800940000	0	0	yes	36.7	273.6	20506	20827	9260	6482	0	44301	2862	0	97	4395	0	77
June 23, 2009 3:50:00 PM UTC	1245801000000	0	0	yes	36.5	273.8	20506	20827	9250	6551	0	44242	2817	0	30	4379	0	55
June 23, 2009 3:51:00 PM UTC	1245801060000	0	0	yes	36.3	273.9	20506	20827	9260	6480	0	44303	2864	0	82	4361	0	79
June 23, 2009 3:52:00 PM UTC	1245801120000	0	1	yes	36.1	274.0	20506	20827	9260	6480	0	44303	2862	0	103	4345	0	116
June 23, 2009 3:53:00 PM UTC	1245801180000	0	0	yes	35.9	274.2	20506	20827	9249	6550	0	44244	2822	0	61	4323	0	90
June 23, 2009 3:54:00 PM UTC	1245801240000	0	1	yes	35.7	274.3	20506	20827	9260	6479	0	44304	2855	0	132	4317	0	97
June 23, 2009 3:55:00 PM UTC	1245801300000	0	1	yes	35.5	274.4	20506	20827	9260	6479	0	44304	2865	0	147	4293	0	87
June 23, 2009 3:56:00 PM UTC	1245801360000	0	1	yes	35.3	274.6	20506	20827	9249	6549	0	44245	2827	0	132	4272	0	88
June 23, 2009 3:57:00 PM UTC	1245801420000	0	1	yes	35.1	274.7	20506	20827	9260	6478	0	44305	2872	1	127	4257	4	72
June 23, 2009 3:58:00 PM UTC	1245801480000	0	1	yes	34.9	274.9	20506	20827	9260	6478	0	44305	2870	2	120	4242	2	96
June 23, 2009 3:59:00 PM UTC	1245801540000	0	1	yes	34.7	275.0	20506	20827	9248	6554	0	44241	2821	2	195	4222	3	125
June 23, 2009 4:00:00 PM UTC	1245801600000	0	1	yes	34.5	275.1	20506	20827	9259	6483	0	44301	2872	0	250	4202	0	151
June 23, 2009 4:01:00 PM UTC	1245801660000	0	1	yes	34.3	275.3	20506	20827	9259	6483	0	44301	2867	0	232	4191	0	166
June 23, 2009 4:02:00 PM UTC	1245801720000	0	1	yes	34.1	275.4	20506	20827	9248	6554	0	44241	2826	0	246	4170	0	151
June 23, 2009 4:03:00 PM UTC	1245801780000	0	1	yes	33.9	275.5	20506	20827	9258	6483	0	44302	2872	0	281	4151	0	164
June 23, 2009 4:04:00 PM UTC	1245801840000	0	1	yes	33.7	275.7	20506	20827	9258	6472	0	44313	2871	3	321	4137	0	120
June 23, 2009 4:05:00 PM UTC	1245801900000	0	1	yes	33.5	275.8	20506	20827	9247	6543	0	44253	2821	10	299	4126	0	112
June 23, 2009 4:06:00 PM UTC	1245801960000	0	1	yes	33.3	276.0	20506	20827	9258	6500	0	44285	2867	7	318	4106	0	115
June 23, 2009 4:07:00 PM UTC	1245802020000	0	1	yes	33.1	276.1	20506	20827	9257	6582	0	44204	2848	14	303	4086	0	103
June 23, 2009 4:08:00 PM UTC	1245802080000	0	1	yes	32.9	276.2	20506	20827	9246	6653	0	44144	2806	6	322	4073	0	113
June 23, 2009 4:09:00 PM UTC	1245802140000	0	1	yes	32.7	276.4	20506	20827	9256	6590	0	44197	2835	17	322	4064	0	131
June 23, 2009 4:10:00 PM UTC	1245802200000	0	1	yes	32.5	276.5	20506	20827	9256	6590	0	44197	2842	0	384	4043	0	117
June 23, 2009 4:11:00 PM UTC	1245802260000	0	1	yes	32.3	276.6	20506	20827	9257	6581	0	44205	2841	5	395	4027	0	68
June 23, 2009 4:12:00 PM UTC	1245802320000	0	1	yes	32.1	276.8	20506	20827	9257	6581	0	44205	2833	6	442	4020	0	80
June 23, 2009 4:13:00 PM UTC	1245802380000	0	1	yes	31.9	276.9	20506	20827	9257	6581	0	44205	2831	1	444	4009	0	73
June 23, 2009 4:14:00 PM UTC	1245802440000	0	1	yes	31.7	277.0	20506	20827	9256	6518	0	44269	2844	3	459	3996	0	77
June 23, 2009 4:15:00 PM UTC	1245802500000	0	1	yes	31.5	277.2	20506	20827	9256	6518	0	44269	2845	12	432	3985	0	77
June 23, 2009 4:16:00 PM UTC	1245802560000	0	1	yes	31.3	277.3	20506	20827	9256	6518	0	44269	2838	14	408	3974	0	67
June 23, 2009 4:17:00 PM UTC	1245802620000	0	1	yes	31.1	277.4	20506	20827	9255	6517	0	44271	2836	20	412	3960	0	62
June 23, 2009 4:18:00 PM UTC	1245802680000	0	1	yes	30.9	277.6	20506	20827	9255	6517	0	44271	2835	11	399	3949	0	79
June 23, 2009 4:19:00 PM UTC	1245802740000	0	1	yes	30.7	277.7	20506	20827	9255	6517	0	44271	2823	13	438	3943	0	95
June 23, 2009 4:20:00 PM UTC	1245802800000	0	1	yes	30.5	277.8	20506	20827	9254	6516	0	44273	2816	47	474	3939	0	94
June 23, 2009 4:21:00 PM UTC	1245802860000	0	1	yes	30.3	278.0	20506	20827	9254	6516	0	44273	2815	31	501	3925	0	102
June 23, 2009 4:22:00 PM UTC	1245802920000	0	1	yes	30.2	278.1	20506	20827	9253	6526	0	44264	2802	28	439	3919	0	103
June 23, 2009 4:23:00 PM UTC	1245802980000	0	1	yes	30.0	278.2	20506	20827	9254	6517	0	44272	2797	17	467	3904	0	114
June 23, 2009 4:24:00 PM UTC	1245803040000	0	1	yes	29.8	278.4	20506	20827	9252	6518	0	44273	2788	1	469	3902	0	104
June 23, 2009 4:25:00 PM UTC	1245803100000	0	2	yes	29.6	278.5	20506	20827	9252	6518	0	44273	2785	25	552	3891	6	105
June 23, 2009 4:26:00 PM UTC	1245803160000	0	2	yes	29.4	278.6	20506	20827	9251	6518	0	44274	2777	22	576	3877	0	121
June 23, 2009 4:27:00 PM UTC	1245803220000	0	2	yes	29.2	278.8	20506	20827	9251	6518	0	44274	2763	31	538	3884	4	131
June 23, 2009 4:28:00 PM UTC	1245803280000	0	2	yes	29.0	278.9	20506	20827	9251	6518	0	44274	2754	38	579	3864	0	139
June 23, 2009 4:29:00 PM UTC	1245803340000	0	2	yes	28.8	279.0	20506	20827	9250	6516	0	44277	2750	23	643	3860	0	157
June 23, 2009 4:30:00 PM UTC	1245803400000	0	2	yes	28.6	279.2	20506	20827	9250	6547	0	44246	2738	26	692	3870	0	150
June 23, 2009 4:31:00 PM UTC	1245803460000	0	2	yes	28.4	279.3	20506	20827	9250	6547	0	44246	2733	25	787	3843	0	129
June 23, 2009 4:32:00 PM UTC	1245803520000	0	2	yes	28.2	279.4	20506	20827	9247	6558	0	44238	2714	88	687	3851	0	164
June 23, 2009 4:33:00 PM UTC	1245803580000	0	2	yes	28.0	279.5	20506	20827	9247	6558	0	44238	2703	38	659	3851	0	123
June 23, 2009 4:34:00 PM UTC	1245803640000	0	2	yes	27.8	279.7	20506	20827	9247	6558	0	44238	2700	112	669	3837	0	145
June 23, 2009 4:35:00 PM UTC	1245803700000	0	2	yes	27.6	279.8	20506	20827	9256	6487	0	44300	2729	99	740	3835	0	119
June 23, 2009 4:36:00 PM UTC	1245803760000	0	2	yes	27.4	279.9	20506	20827	9246	6558	0	44239	2677	101	782	3833	0	116
June 23, 2009 4:37:00 PM UTC	1245803820000	0	2	yes	27.2	280.1	20506	20827	9246	6558	0	44239	2664	103	773	3833	0	221
June 23, 2009 4:38:00 PM UTC	1245803880000	0	2	yes	27.0	280.2	20506	20827	9257	6491	0	44295	2702	153	742	3822	0	158
June 23, 2009 4:39:00 PM UTC	1245803940000	0	2	yes	26.8	280.3	20506	20827	9245	6558	0	44240	2648	146	770	3821	0	154
June 23, 2009 4:40:00 PM UTC	1245804000000	0	2	yes	26.6	280.5	20506	20827	9245	6558	0	44240	2634	164	787	3827	0	222
June 23, 2009 4:41:00 PM UTC	1245804060000	1	2	yes	26.4	280.6	20506	20827	9255	6485	0	44303	2669	198	801	3814	0	170
June 23, 2009 4:42:00 PM UTC	1245804120000	1	2	yes	26.2	280.7	20506	20827	9244	6497	0	44302	2629	240	728	3816	0	169
June 23, 2009 4:43:00 PM UTC	1245804180000	0	2	yes	26.0	280.9	20506	20827	9244	6497	0	44302	2621	136	819	3811	0	174
June 23, 2009 4:44:00 PM UTC	1245804240000	1	2	yes	25.8	281.0	20506	20827	9253	6428	0	44362	2640	244	836	3808	0	215
June 23, 2009 4:45:00 PM UTC	1245804300000	1	2	yes	25.6	281.1	20506	20827	9242	6501	0	44300	2586	275	721	3810	0	174
June 23, 2009 4:46:00 PM UTC	1245804360000	1	2	yes	25.4	281.2	20506	20827	9242	6501	0	44300	2573	289	738	3812	0	199
June 23, 2009 4:47:00 PM UTC	1245804420000	1	2	yes	25.2	281.4	20506	20827	9253	6427	0	44363	2603	192	879	3808	0	216
June 23, 2009 4:48:00 PM UTC	1245804480000	1	3	yes	25.0	281.5	20506	20827	9244	6483	0	44316	2563	205	867	3802	0	245
June 23, 2009 4:49:00 PM UTC	1245804540000	1	3	yes	24.8	281.6	20506	20827	9244	6483	0	44316	2546	194	898	3808	0	256
June 23, 2009 4:50:00 PM UTC	1245804600000	1	2	yes	24.6	281.8	20506	20827	9254	6427	0	44362	2564	277	869	3813	0	197
June 23, 2009 4:51:00 PM UTC	1245804660000	1	2	yes	24.4	281.9	20506	20827	9240	6523	0	44280	2509	246	821	3802	0	252
June 23, 2009 4:52:00 PM UTC	1245804720000	1	3	yes	24.2	282.0	20506	20827	9240	6591	0	44212	2482	205	892	3808	0	228
June 23, 2009 4:53:00 PM UTC	1245804780000	1	3	yes	24.0	282.2	20506	20827	9251	6522	0	44270	2503	328	876	3810	0	304
June 23, 2009 4:54:00 PM UTC	1245804840000	1	2	yes	23.8	282.3	20506	20827	9251	6522	0	44270	2490	307	844	3810	0	206
June 23, 2009 4:55:00 PM UTC	1245804900000	1	3	yes	23.6	282.4	20506	20827	9240	6626	0	44177	2442	304	844	3806	0	276
June 23, 2009 4:56:00 PM UTC	1245804960000	1	3	yes	23.4	282.6	20506	20827	9251	6558	0	44234	2464	351	829	3810	0	315
June 23, 2009 4:57:00 PM UTC	1245805020000	1	2	yes	23.2	282.7	20506	20827	9253	6541	0	44249	2458	351	784	3813	0	248
June 23, 2009 4:58:00 PM UTC	1245805080000	1	3	yes	23.0	282.8	20506	20827	9242	6609	3	44189	2409	369	813	3814	0	307
June 23, 2009 4:59:00 PM UTC	1245805140000	1	3	yes	22.9	282.9	20506	20827	9251	6556	12	44224	2425	370	860	3815	0	279
June 23, 2009 5:00:00 PM UTC	1245805200000	1	3	yes	22.7	283.1	20506	20827	9251	6556	22	44214	2412	373	861	3817	0	333
June 23, 2009 5:01:00 PM UTC	1245805260000	1	3	yes	22.5	283.2	20506	20827	9240	6625	27	44151	2367	317	881	3817	0	261
June 23, 2009 5:02:00 PM UTC	1245805320000	1	3	yes	22.3	283.3	20506	20827	9240	6625	36	44142	2347	288	873	3825	0	255
June 23, 2009 5:03:00 PM UTC	1245805380000	1	3	yes	22.1	283.5	20506	20827	9251	6553	57	44182	2370	224	942	3825	0	272
June 23, 2009 5:04:00 PM UTC	1245805440000	1	3	yes	21.9	283.6	20506	20827	9240	6623	60	44120	2325	203	945	3825	0	273
June 23, 2009 5:05:00 PM UTC	1245805500000	1	3	yes	21.7	283.7	20506	20827	9240	6623	71	44109	2308	334	827	3833	0	308
June 23, 2009 5:06:00 PM UTC	1245805560000	1	3	yes	21.5	283.9	20506	20827	9250	6554	98	44141	2327	292	888	3835	0	289
June 23, 2009 5:07:00 PM UTC	1245805620000	1	3	yes	21.3	284.0	20506	20827	9248	6570	108	44117	2308	226	977	3840	0	278
June 23, 2009 5:08:00 PM UTC	1245805680000	0	3	yes	21.1	284.1	20506	20827	9238	6572	110	44123	2272	151	1040	3841	6	316
June 23, 2009 5:09:00 PM UTC	1245805740000	0	3	yes	20.9	284.2	20506	20827	9250	6502	131	44160	2287	165	1043	3849	0	290
June 23, 2009 5:10:00 PM UTC	1245805800000	1	3	yes	20.7	284.4	20506	20827	9250	6502	140	44151	2279	277	978	3851	0	311
June 23, 2009 5:11:00 PM UTC	1245805860000	1	3	yes	20.5	284.5	20506	20827	9241	6571	139	44092	2226	264	905	3856	0	349
June 23, 2009 5:12:00 PM UTC	1245805920000	1	3	yes	20.3	284.6	20506	20827	9250	6500	158	44135	2248	290	862	3862	0	410
June 23, 2009 5:13:00 PM UTC	1245805980000	1	3	yes	20.1	284.8	20506	20827	9250	6500	168	44125	2231	216	946	3869	0	385
June 23, 2009 5:14:00 PM UTC	1245806040000	1	3	yes	19.9	284.9	20506	20827	9239	6569	167	44068	2192	245	867	3869	0	332
June 23, 2009 5:15:00 PM UTC	1245806100000	1	3	yes	19.7	285.0	20506	20827	9248	6517	187	44091	2195	203	905	3877	0	329
June 23, 2009 5:16:00 PM UTC	1245806160000	1	3	yes	19.5	285.2	20506	20827	9248	6517	194	44084	2184	191	858	3878	0	401
June 23, 2009 5:17:00 PM UTC	1245806220000	0	3	yes	19.4	285.3	20506	20827	9238	6584	193	44028	2134	117	873	3888	0	322
June 23, 2009 5:18:00 PM UTC	1245806280000	1	2	yes	19.2	285.4	20506	20827	9248	6516	216	44063	2149	193	752	3897	0	291
June 23, 2009 5:19:00 PM UTC	1245806340000	0	3	yes	19.0	285.5	20506	20827	9248	6516	222	44057	2140	134	795	3902	0	393
June 23, 2009 5:20:00 PM UTC	1245806400000	0	3	yes	18.8	285.7	20506	20827	9248	6516	232	44047	2126	52	892	3906	0	285
June 23, 2009 5:21:00 PM UTC	1245806460000	1	3	yes	18.6	285.8	20506	20827	9248	6514	244	44037	2112	202	775	3913	0	391
June 23, 2009 5:22:00 PM UTC	1245806520000	0	3	yes	18.4	285.9	20506	20827	9250	6495	254	44044	2100	85	811	3921	0	296
June 23, 2009 5:23:00 PM UTC	1245806580000	0	3	yes	18.2	286.1	20506	20827	9247	6555	262	43979	2073	127	799	3927	0	376
June 23, 2009 5:24:00 PM UTC	1245806640000	0	3	yes	18.0	286.2	20506	20827	9246	6556	271	43970	2059	90	779	3936	0	411
June 23, 2009 5:25:00 PM UTC	1245806700000	0	2	yes	17.8	286.3	20506	20827	9246	6556	278	43963	2043	160	665	3945	0	305
June 23, 2009 5:26:00 PM UTC	1245806760000	0	2	yes	17.6	286.5	20506	20827	9246	6556	282	43959	2035	123	660	3947	0	259
June 23, 2009 5:27:00 PM UTC	1245806820000	0	2	yes	17.4	286.6	20506	20827	9247	6554	288	43954	2012	100	669	3961	0	264
June 23, 2009 5:28:00 PM UTC	1245806880000	0	2	yes	17.2	286.7	20506	20827	9247	6554	294	43948	1994	92	678	3970	0	257
June 23, 2009 5:29:00 PM UTC	1245806940000	0	2	yes	17.0	286.9	20506	20827	9247	6554	300	43942	1982	53	703	3974	0	254
June 23, 2009 5:30:00 PM UTC	1245807000000	0	2	yes	16.8	287.0	20506	20827	9254	6504	309	43976	1991	71	711	3985	0	314
June 23, 2009 5:31:00 PM UTC	1245807060000	0	2	yes	16.7	287.1	20506	20827	9244	6572	304	43923	1944	67	635	4001	0	262
June 23, 2009 5:32:00 PM UTC	1245807120000	0	2	yes	16.5	287.3	20506	20827	9244	6572	309	43918	1932	75	686	4011	0	318
June 23, 2009 5:33:00 PM UTC	1245807180000	0	2	yes	16.3	287.4	20506	20827	9256	6433	331	44023	1952	60	645	4016	0	323
June 23, 2009 5:34:00 PM UTC	1245807240000	0	2	yes	16.1	287.5	20506	20827	9245	6495	329	43974	1903	76	693	4029	1	287
June 23, 2009 5:35:00 PM UTC	1245807300000	0	2	yes	15.9	287.6	20506	20827	9245	6495	334	43969	1892	86	654	4037	1	353
June 23, 2009 5:36:00 PM UTC	1245807360000	0	2	yes	15.7	287.8	20506	20827	9256	6432	348	44007	1903	63	619	4049	0	305
June 23, 2009 5:37:00 PM UTC	1245807420000	0	2	yes	15.5	287.9	20506	20827	9244	6524	337	43938	1854	66	630	4057	2	297
June 23, 2009 5:38:00 PM UTC	1245807480000	0	2	yes	15.3	288.0	20506	20827	9244	6524	347	43928	1837	51	592	4072	0	319
June 23, 2009 5:39:00 PM UTC	1245807540000	0	2	yes	15.1	288.2	20506	20827	9254	6451	364	43974	1853	77	632	4080	0	348
June 23, 2009 5:40:00 PM UTC	1245807600000	0	2	yes	14.9	288.3	20506	20827	9256	6430	373	43984	1844	39	587	4092	0	271
June 23, 2009 5:41:00 PM UTC	1245807660000	0	2	yes	14.7	288.4	20506	20827	9244	6510	369	43920	1790	33	584	4114	0	268
June 23, 2009 5:42:00 PM UTC	1245807720000	0	2	yes	14.6	288.6	20506	20827	9255	6440	386	43962	1805	41	519	4123	0	255
June 23, 2009 5:43:00 PM UTC	1245807780000	0	2	yes	14.4	288.7	20506	20827	9252	6463	379	43949	1783	69	509	4134	0	327
June 23, 2009 5:44:00 PM UTC	1245807840000	0	2	yes	14.2	288.8	20506	20827	9241	6531	367	43904	1740	41	444	4144	0	314
June 23, 2009 5:45:00 PM UTC	1245807900000	0	2	yes	14.0	289.0	20506	20827	9252	6463	388	43940	1753	76	484	4158	6	378
June 23, 2009 5:46:00 PM UTC	1245807960000	0	2	yes	13.8	289.1	20506	20827	9252	6463	391	43937	1740	75	465	4166	2	258
June 23, 2009 5:47:00 PM UTC	1245808020000	0	2	yes	13.6	289.2	20506	20827	9244	6531	385	43883	1699	43	488	4182	4	313
June 23, 2009 5:48:00 PM UTC	1245808080000	0	2	yes	13.4	289.4	20506	20827	9252	6461	397	43933	1705	46	410	4198	0	314
June 23, 2009 5:49:00 PM UTC	1245808140000	0	2	yes	13.2	289.5	20506	20827	9248	6484	399	43912	1676	77	463	4216	4	314
June 23, 2009 5:50:00 PM UTC	1245808200000	0	2	yes	13.0	289.6	20506	20827	9237	6551	397	43858	1635	34	469	4230	0	288
June 23, 2009 5:51:00 PM UTC	1245808260000	0	1	yes	12.8	289.8	20506	20827	9249	6483	411	43900	1650	41	359	4242	0	235
June 23, 2009 5:52:00 PM UTC	1245808320000	0	1	yes	12.7	289.9	20506	20827	9248	6610	405	43780	1624	43	380	4256	3	219
June 23, 2009 5:53:00 PM UTC	1245808380000	0	1	yes	12.5	290.0	20506	20827	9248	6610	406	43779	1611	36	289	4267	0	219
June 23, 2009 5:54:00 PM UTC	1245808440000	0	1	yes	12.3	290.2	20506	20827	9250	6585	414	43794	1603	31	348	4284	0	210
June 23, 2009 5:55:00 PM UTC	1245808500000	0	1	yes	12.1	290.3	20506	20827	9250	6585	418	43790	1593	41	289	4291	0	242
June 23, 2009 5:56:00 PM UTC	1245808560000	0	1	yes	11.9	290.4	20506	20827	9248	6544	420	43831	1571	24	311	4313	0	263
June 23, 2009 5:57:00 PM UTC	1245808620000	0	1	yes	11.7	290.6	20506	20827	9248	6543	424	43828	1556	29	297	4330	0	278
June 23, 2009 5:58:00 PM UTC	1245808680000	0	1	yes	11.5	290.7	20506	20827	9248	6543	426	43826	1539	36	323	4349	2	265
June 23, 2009 5:59:00 PM UTC	1245808740000	0	1	yes	11.3	290.8	20506	20827	9248	6543	429	43823	1516	35	278	4371	0	236
June 23, 2009 6:00:00 PM UTC	1245808800000	0	1	yes	11.2	291.0	20506	20827	9246	6559	428	43810	1502	65	275	4382	0	236
June 23, 2009 6:01:00 PM UTC	1245808860000	0	1	yes	11.0	291.1	20506	20827	9246	6559	433	43805	1484	75	312	4401	4	226
June 23, 2009 6:02:00 PM UTC	1245808920000	0	1	yes	10.8	291.2	20506	20827	9243	6577	430	43793	1466	43	287	4410	0	220
June 23, 2009 6:03:00 PM UTC	1245808980000	0	1	yes	10.6	291.4	20506	20827	9254	6502	442	43845	1474	69	243	4431	0	240
June 23, 2009 6:04:00 PM UTC	1245809040000	0	1	yes	10.4	291.5	20506	20827	9243	6576	433	43791	1436	51	214	4443	0	284
June 23, 2009 6:05:00 PM UTC	1245809100000	0	1	yes	10.2	291.7	20506	20827	9243	6576	435	43789	1421	30	254	4457	0	272
June 23, 2009 6:06:00 PM UTC	1245809160000	0	1	yes	10.0	291.8	20506	20827	9258	6483	448	43854	1437	57	270	4475	0	296
June 23, 2009 6:07:00 PM UTC	1245809220000	0	1	yes	9.8	291.9	20506	20827	9245	6574	438	43786	1389	35	280	4487	0	247
June 23, 2009 6:08:00 PM UTC	1245809280000	0	1	yes	9.7	292.1	20506	20827	9245	6574	436	43788	1372	30	258	4505	1	230
June 23, 2009 6:09:00 PM UTC	1245809340000	0	1	yes	9.5	292.2	20506	20827	9256	6508	449	43830	1382	22	223	4518	3	223
June 23, 2009 6:10:00 PM UTC	1245809400000	0	1	yes	9.3	292.3	20506	20827	9245	6574	442	43782	1341	16	206	4534	0	154
June 23, 2009 6:11:00 PM UTC	1245809460000	0	1	yes	9.1	292.5	20506	20827	9245	6574	448	43776	1328	10	172	4549	0	174
June 23, 2009 6:12:00 PM UTC	1245809520000	0	1	yes	8.9	292.6	20506	20827	9253	6507	460	43823	1333	39	196	4570	0	141
June 23, 2009 6:13:00 PM UTC	1245809580000	0	1	yes	8.7	292.7	20506	20827	9251	6522	457	43813	1313	18	222	4581	0	181
June 23, 2009 6:14:00 PM UTC	1245809640000	0	1	yes	8.6	292.9	20506	20827	9240	6599	449	43755	1269	1	180	4597	0	180
June 23, 2009 6:15:00 PM UTC	1245809700000	0	1	yes	8.4	293.0	20506	20827	9251	6533	459	43800	1276	7	210	4617	0	186
June 23, 2009 6:16:00 PM UTC	1245809760000	0	1	yes	8.2	293.2	20506	20827	9251	6533	461	43798	1260	3	182	4630	0	185
June 23, 2009 6:17:00 PM UTC	1245809820000	0	1	yes	8.0	293.3	20506	20827	9245	6569	455	43774	1234	22	208	4642	0	220
June 23, 2009 6:18:00 PM UTC	1245809880000	0	1	yes	7.8	293.4	20506	20827	9251	6484	464	43844	1234	8	198	4661	0	138
June 23, 2009 6:19:00 PM UTC	1245809940000	0	1	yes	7.6	293.6	20506	20827	9251	6484	468	43840	1215	31	192	4680	0	85
June 23, 2009 6:20:00 PM UTC	1245810000000	0	1	yes	7.4	293.7	20506	20827	9241	6549	462	43791	1185	14	188	4688	0	174
June 23, 2009 6:21:00 PM UTC	1245810060000	0	1	yes	7.3	293.8	20506	20827	9251	6483	468	43841	1187	17	197	4709	0	222
June 23, 2009 6:22:00 PM UTC	1245810120000	0	1	yes	7.1	294.0	20506	20827	9251	6483	470	43839	1177	7	257	4716	0	173
June 23, 2009 6:23:00 PM UTC	1245810180000	0	1	yes	6.9	294.1	20506	20827	9250	6530	468	43795	1155	5	228	4739	0	128
June 23, 2009 6:24:00 PM UTC	1245810240000	0	1	yes	6.7	294.3	20506	20827	9246	6558	467	43772	1134	4	194	4749	0	103
June 23, 2009 6:25:00 PM UTC	1245810300000	0	1	yes	6.5	294.4	20506	20827	9246	6558	464	43775	1117	6	225	4764	0	111
June 23, 2009 6:26:00 PM UTC	1245810360000	0	1	yes	6.3	294.5	20506	20827	9246	6558	467	43772	1103	1	138	4777	0	84
June 23, 2009 6:27:00 PM UTC	1245810420000	0	0	yes	6.2	294.7	20506	20827	9249	6529	474	43791	1098	2	109	4796	0	39
June 23, 2009 6:28:00 PM UTC	1245810480000	0	1	yes	6.0	294.8	20506	20827	9249	6529	475	43790	1080	12	141	4814	0	94
June 23, 2009 6:29:00 PM UTC	1245810540000	0	1	yes	5.8	295.0	20506	20827	9246	6557	477	43763	1060	3	171	4823	0	153
June 23, 2009 6:30:00 PM UTC	1245810600000	0	0	yes	5.6	295.1	20506	20827	9246	6556	484	43757	1040	9	58	4842	0	72
June 23, 2009 6:31:00 PM UTC	1245810660000	0	1	yes	5.4	295.2	20506	20827	9246	6556	493	43748	1032	12	155	4852	0	73
June 23, 2009 6:32:00 PM UTC	1245810720000	0	0	yes	5.3	295.4	20506	20827	9246	6556	502	43739	1015	0	74	4868	0	5
June 23, 2009 6:33:00 PM UTC	1245810780000	0	0	yes	5.1	295.5	20506	20827	9256	6493	520	43774	1017	0	54	4890	0	10
June 23, 2009 6:34:00 PM UTC	1245810840000	0	0	yes	4.9	295.7	20506	20827	9242	6586	513	43702	976	0	137	4896	0	33
June 23, 2009 6:35:00 PM UTC	1245810900000	0	0	yes	4.7	295.8	20506	20827	9241	6601	523	43678	961	0	64	4908	0	12
June 23, 2009 6:36:00 PM UTC	1245810960000	0	0	yes	4.5	296.0	20506	20827	9255	6507	542	43739	969	4	46	4932	0	3
June 23, 2009 6:37:00 PM UTC	1245811020000	0	0	yes	4.4	296.1	20506	20827	9245	6570	545	43683	941	1	104	4940	0	3
June 23, 2009 6:38:00 PM UTC	1245811080000	0	0	yes	4.2	296.2	20506	20827	9241	6601	551	43650	915	1	69	4952	0	7
June 23, 2009 6:39:00 PM UTC	1245811140000	0	0	yes	4.0	296.4	20506	20827	9252	6475	575	43741	925	2	65	4975	0	4
June 23, 2009 6:40:00 PM UTC	1245811200000	0	0	yes	3.8	296.5	20506	20827	9241	6540	585	43677	895	3	55	4979	0	3
June 23, 2009 6:41:00 PM UTC	1245811260000	0	0	yes	3.6	296.7	20506	20827	9241	6540	607	43655	884	2	40	4991	0	7
June 23, 2009 6:42:00 PM UTC	1245811320000	0	0	yes	3.5	296.8	20506	20827	9252	6476	645	43670	883	0	57	5015	0	14
June 23, 2009 6:43:00 PM UTC	1245811380000	0	0	yes	3.3	297.0	20506	20827	9247	6507	672	43617	860	1	35	5030	0	23
June 23, 2009 6:44:00 PM UTC	1245811440000	0	0	yes	3.1	297.1	20506	20827	9241	6540	700	43562	838	3	29	5027	0	13
