December 24, 2010 7:17:00 AM UTC	1293203820000	1	1	yes	3.1	122.4	20506	20827	9256	6435	672	43680	869	62	3	5040	72	172
December 24, 2010 7:18:00 AM UTC	1293203880000	1	1	yes	3.3	122.6	20506	20827	9241	6530	628	43644	856	62	6	5016	50	166
December 24, 2010 7:19:00 AM UTC	1293203940000	1	1	yes	3.5	122.8	20506	20827	9249	6472	603	43719	884	76	3	5015	55	170
December 24, 2010 7:20:00 AM UTC	1293204000000	1	1	yes	3.6	122.9	20506	20827	9249	6503	573	43718	896	75	5	4997	84	133
December 24, 2010 7:21:00 AM UTC	1293204060000	1	1	yes	3.8	123.1	20506	20827	9245	6519	549	43730	901	83	4	4984	61	168
December 24, 2010 7:22:00 AM UTC	1293204120000	1	1	yes	4.0	123.2	20506	20827	9248	6504	524	43767	919	95	3	4974	85	221
December 24, 2010 7:23:00 AM UTC	1293204180000	1	1	yes	4.1	123.4	20506	20827	9248	6504	515	43776	934	100	5	4959	76	193
December 24, 2010 7:24:00 AM UTC	1293204240000	1	1	yes	4.3	123.5	20506	20827	9248	6504	519	43772	953	68	11	4941	65	255
December 24, 2010 7:25:00 AM UTC	1293204300000	1	1	yes	4.5	123.7	20506	20827	9248	6504	514	43777	964	67	35	4934	47	458
December 24, 2010 7:26:00 AM UTC	1293204360000	1	2	yes	4.6	123.9	20506	20827	9243	6543	497	43760	967	68	74	4908	53	536
December 24, 2010 7:27:00 AM UTC	1293204420000	1	2	yes	4.8	124.0	20506	20827	9257	6446	492	43848	1004	88	122	4913	46	594
December 24, 2010 7:28:00 AM UTC	1293204480000	1	2	yes	5.0	124.2	20506	20827	9248	6504	483	43808	1001	94	145	4897	44	579
December 24, 2010 7:29:00 AM UTC	1293204540000	1	2	yes	5.1	124.3	20506	20827	9242	6543	470	43788	1008	101	187	4865	62	634
December 24, 2010 7:30:00 AM UTC	1293204600000	1	2	yes	5.3	124.5	20506	20827	9252	6426	461	43904	1034	208	136	4872	64	614
December 24, 2010 7:31:00 AM UTC	1293204660000	1	2	yes	5.5	124.6	20506	20827	9246	6487	475	43835	1036	147	173	4856	35	522
December 24, 2010 7:32:00 AM UTC	1293204720000	1	2	yes	5.6	124.8	20506	20827	9248	6526	476	43793	1054	150	198	4838	39	504
December 24, 2010 7:33:00 AM UTC	1293204780000	1	2	yes	5.8	125.0	20506	20827	9251	6488	470	43834	1075	181	206	4816	80	577
December 24, 2010 7:34:00 AM UTC	1293204840000	1	2	yes	6.0	125.1	20506	20827	9242	6546	449	43806	1068	164	219	4823	95	469
December 24, 2010 7:35:00 AM UTC	1293204900000	1	2	yes	6.1	125.3	20506	20827	9242	6582	455	43764	1082	130	259	4793	96	521
December 24, 2010 7:36:00 AM UTC	1293204960000	1	2	yes	6.3	125.5	20506	20827	9245	6564	451	43783	1100	125	270	4773	95	469
December 24, 2010 7:37:00 AM UTC	1293205020000	1	2	no	6.5	125.6	20506	20827	9251	6527	461	43804	1122	129	261	4787	101	485
December 24, 2010 7:38:00 AM UTC	1293205080000	1	2	yes	6.6	125.8	20506	20827	9251	6523	464	43805	1136	115	173	4761	77	402
December 24, 2010 7:39:00 AM UTC	1293205140000	1	2	yes	6.8	125.9	20506	20827	9251	6523	464	43805	1147	114	242	4746	89	389
December 24, 2010 7:40:00 AM UTC	1293205200000	1	2	no	6.9	126.1	20506	20827	9245	6565	455	43778	1155	115	251	4730	68	367
December 24, 2010 7:41:00 AM UTC	1293205260000	1	2	no	7.1	126.3	20506	20827	9246	6565	456	43776	1166	156	258	4717	58	240
December 24, 2010 7:42:00 AM UTC	1293205320000	1	2	no	7.3	126.4	20506	20827	9252	6525	463	43803	1191	143	279	4707	49	233
December 24, 2010 7:43:00 AM UTC	1293205380000	1	2	no	7.4	126.6	20506	20827	9246	6565	456	43776	1190	146	262	4693	29	166
December 24, 2010 7:44:00 AM UTC	1293205440000	1	2	no	7.6	126.8	20506	20827	9245	6565	458	43775	1204	155	264	4680	35	133
December 24, 2010 7:45:00 AM UTC	1293205500000	1	2	yes	7.8	126.9	20506	20827	9245	6565	457	43776	1217	109	276	4669	15	125
December 24, 2010 7:46:00 AM UTC	1293205560000	1	3	yes	7.9	127.1	20506	20827	9247	6550	460	43786	1237	102	306	4652	18	98
December 24, 2010 7:47:00 AM UTC	1293205620000	1	2	yes	8.1	127.3	20506	20827	9255	6454	462	43872	1268	101	328	4641	22	49
December 24, 2010 7:48:00 AM UTC	1293205680000	1	3	yes	8.2	127.4	20506	20827	9247	6509	455	43832	1261	95	346	4634	22	57
December 24, 2010 7:49:00 AM UTC	1293205740000	1	2	no	8.4	127.6	20506	20827	9247	6497	457	43842	1282	92	312	4615	25	50
December 24, 2010 7:50:00 AM UTC	1293205800000	1	2	no	8.5	127.8	20506	20827	9247	6538	451	43807	1290	88	263	4601	23	23
December 24, 2010 7:51:00 AM UTC	1293205860000	0	2	no	8.7	127.9	20506	20827	9248	6538	456	43801	1299	50	216	4593	13	52
December 24, 2010 7:52:00 AM UTC	1293205920000	0	2	yes	8.9	128.1	20506	20827	9255	6496	460	43832	1325	58	193	4582	13	49
December 24, 2010 7:53:00 AM UTC	1293205980000	0	2	yes	9.0	128.3	20506	20827	9248	6538	452	43805	1327	66	139	4562	14	84
December 24, 2010 7:54:00 AM UTC	1293206040000	0	3	yes	9.2	128.4	20506	20827	9239	6595	441	43768	1326	58	153	4542	13	131
December 24, 2010 7:55:00 AM UTC	1293206100000	1	2	yes	9.3	128.6	20506	20827	9247	6539	445	43812	1356	65	106	4533	17	123
December 24, 2010 7:56:00 AM UTC	1293206160000	1	3	yes	9.5	128.8	20506	20827	9247	6539	438	43819	1370	85	147	4520	16	163
December 24, 2010 7:57:00 AM UTC	1293206220000	1	3	yes	9.7	128.9	20506	20827	9256	6483	447	43857	1399	90	116	4511	19	206
December 24, 2010 7:58:00 AM UTC	1293206280000	1	3	yes	9.8	129.1	20506	20827	9247	6539	442	43815	1394	92	136	4495	18	257
December 24, 2010 7:59:00 AM UTC	1293206340000	0	3	yes	10.0	129.3	20506	20827	9240	6586	434	43783	1394	52	81	4479	10	166
December 24, 2010 8:00:00 AM UTC	1293206400000	1	3	yes	10.1	129.5	20506	20827	9255	6487	443	43858	1437	79	135	4471	20	252
December 24, 2010 8:01:00 AM UTC	1293206460000	1	3	yes	10.3	129.6	20506	20827	9246	6539	438	43820	1434	87	139	4455	21	296
December 24, 2010 8:02:00 AM UTC	1293206520000	1	4	yes	10.4	129.8	20506	20827	9241	6530	429	43843	1436	88	171	4444	23	393
December 24, 2010 8:03:00 AM UTC	1293206580000	1	4	yes	10.6	130.0	20506	20827	9249	6474	439	43881	1467	96	169	4432	33	475
December 24, 2010 8:04:00 AM UTC	1293206640000	1	4	yes	10.7	130.1	20506	20827	9246	6529	434	43834	1471	130	182	4421	34	481
December 24, 2010 8:05:00 AM UTC	1293206700000	1	3	yes	10.9	130.3	20506	20827	9249	6519	430	43845	1492	102	181	4398	29	465
December 24, 2010 8:06:00 AM UTC	1293206760000	0	4	yes	11.0	130.5	20506	20827	9249	6519	431	43844	1502	81	222	4390	26	543
December 24, 2010 8:07:00 AM UTC	1293206820000	0	4	yes	11.2	130.7	20506	20827	9249	6519	430	43845	1511	103	181	4384	30	490
December 24, 2010 8:08:00 AM UTC	1293206880000	1	4	yes	11.3	130.8	20506	20827	9249	6519	429	43846	1527	99	174	4367	38	484
December 24, 2010 8:09:00 AM UTC	1293206940000	1	3	yes	11.5	131.0	20506	20827	9249	6519	425	43850	1536	110	159	4358	43	465
December 24, 2010 8:10:00 AM UTC	1293207000000	1	3	yes	11.6	131.2	20506	20827	9249	6519	422	43853	1554	114	115	4339	66	415
December 24, 2010 8:11:00 AM UTC	1293207060000	1	3	yes	11.8	131.4	20506	20827	9243	6564	418	43818	1547	113	150	4331	43	405
December 24, 2010 8:12:00 AM UTC	1293207120000	0	3	yes	11.9	131.5	20506	20827	9250	6518	426	43849	1576	76	134	4319	32	423
December 24, 2010 8:13:00 AM UTC	1293207180000	0	3	yes	12.1	131.7	20506	20827	9243	6564	413	43823	1572	53	140	4307	20	402
December 24, 2010 8:14:00 AM UTC	1293207240000	0	3	yes	12.2	131.9	20506	20827	9251	6510	417	43865	1609	71	127	4289	40	362
December 24, 2010 8:15:00 AM UTC	1293207300000	1	3	yes	12.4	132.1	20506	20827	9243	6563	404	43833	1598	75	113	4280	57	311
December 24, 2010 8:16:00 AM UTC	1293207360000	1	2	yes	12.5	132.3	20506	20827	9251	6462	417	43913	1635	84	87	4272	51	258
December 24, 2010 8:17:00 AM UTC	1293207420000	1	2	yes	12.7	132.4	20506	20827	9251	6510	406	43876	1644	92	88	4255	50	238
December 24, 2010 8:18:00 AM UTC	1293207480000	0	2	yes	12.8	132.6	20506	20827	9243	6562	401	43837	1634	37	90	4245	59	198
December 24, 2010 8:19:00 AM UTC	1293207540000	0	2	yes	13.0	132.8	20506	20827	9251	6581	406	43805	1661	61	90	4232	57	195
December 24, 2010 8:20:00 AM UTC	1293207600000	0	2	yes	13.1	133.0	20506	20827	9251	6581	402	43809	1668	56	102	4228	38	178
December 24, 2010 8:21:00 AM UTC	1293207660000	0	2	yes	13.3	133.2	20506	20827	9242	6639	391	43771	1667	65	90	4207	19	203
December 24, 2010 8:22:00 AM UTC	1293207720000	0	2	yes	13.4	133.3	20506	20827	9244	6628	389	43782	1682	69	107	4198	43	176
December 24, 2010 8:23:00 AM UTC	1293207780000	1	2	yes	13.6	133.5	20506	20827	9251	6580	395	43817	1710	76	161	4190	39	209
December 24, 2010 8:24:00 AM UTC	1293207840000	1	2	yes	13.7	133.7	20506	20827	9251	6577	386	43829	1719	93	236	4181	30	210
December 24, 2010 8:25:00 AM UTC	1293207900000	0	2	yes	13.9	133.9	20506	20827	9244	6628	379	43792	1713	47	309	4167	19	192
December 24, 2010 8:26:00 AM UTC	1293207960000	0	2	yes	14.0	134.1	20506	20827	9244	6628	370	43801	1727	54	353	4155	16	217
December 24, 2010 8:27:00 AM UTC	1293208020000	0	2	yes	14.2	134.3	20506	20827	9251	6577	382	43833	1756	77	332	4149	10	177
December 24, 2010 8:28:00 AM UTC	1293208080000	0	2	yes	14.3	134.4	20506	20827	9244	6628	368	43803	1748	88	349	4137	7	198
December 24, 2010 8:29:00 AM UTC	1293208140000	0	2	yes	14.4	134.6	20506	20827	9244	6628	365	43806	1758	84	352	4130	14	226
December 24, 2010 8:30:00 AM UTC	1293208200000	1	2	yes	14.6	134.8	20506	20827	9252	6571	370	43850	1794	128	301	4120	19	235
December 24, 2010 8:31:00 AM UTC	1293208260000	0	2	yes	14.7	135.0	20506	20827	9252	6571	368	43852	1808	129	337	4109	29	242
December 24, 2010 8:32:00 AM UTC	1293208320000	0	3	yes	14.9	135.2	20506	20827	9244	6620	359	43820	1799	105	588	4097	23	281
December 24, 2010 8:33:00 AM UTC	1293208380000	1	3	yes	15.0	135.4	20506	20827	9253	6570	362	43858	1824	133	673	4099	18	364
December 24, 2010 8:34:00 AM UTC	1293208440000	1	3	yes	15.1	135.6	20506	20827	9253	6570	361	43859	1844	172	680	4083	13	454
December 24, 2010 8:35:00 AM UTC	1293208500000	1	3	yes	15.3	135.7	20506	20827	9245	6620	344	43834	1832	268	632	4072	27	565
December 24, 2010 8:36:00 AM UTC	1293208560000	1	4	yes	15.4	135.9	20506	20827	9245	6620	340	43838	1843	342	672	4068	5	608
December 24, 2010 8:37:00 AM UTC	1293208620000	1	4	yes	15.6	136.1	20506	20827	9245	6620	333	43845	1851	384	697	4062	6	617
December 24, 2010 8:38:00 AM UTC	1293208680000	1	4	yes	15.7	136.3	20506	20827	9245	6617	329	43852	1862	395	760	4054	24	809
December 24, 2010 8:39:00 AM UTC	1293208740000	1	4	yes	15.8	136.5	20506	20827	9245	6620	325	43853	1876	446	770	4042	33	889
December 24, 2010 8:40:00 AM UTC	1293208800000	2	4	yes	16.0	136.7	20506	20827	9253	6571	331	43888	1910	505	744	4035	61	910
December 24, 2010 8:41:00 AM UTC	1293208860000	1	5	yes	16.1	136.9	20506	20827	9253	6571	327	43892	1923	422	896	4024	89	957
December 24, 2010 8:42:00 AM UTC	1293208920000	2	4	yes	16.3	137.1	20506	20827	9237	6669	305	43832	1890	562	778	4019	188	934
December 24, 2010 8:43:00 AM UTC	1293208980000	2	4	yes	16.4	137.3	20506	20827	9253	6579	318	43893	1938	666	758	4013	163	1047
December 24, 2010 8:44:00 AM UTC	1293209040000	2	5	yes	16.5	137.5	20506	20827	9253	6579	313	43898	1946	627	826	4007	179	1063
December 24, 2010 8:45:00 AM UTC	1293209100000	2	5	yes	16.7	137.7	20506	20827	9245	6630	305	43863	1939	745	742	4003	225	1060
December 24, 2010 8:46:00 AM UTC	1293209160000	3	5	yes	16.8	137.9	20506	20827	9251	6580	308	43904	1970	760	764	3998	307	1012
December 24, 2010 8:47:00 AM UTC	1293209220000	3	5	yes	16.9	138.0	20506	20827	9244	6631	295	43873	1962	813	731	3988	263	1068
December 24, 2010 8:48:00 AM UTC	1293209280000	3	6	yes	17.1	138.2	20506	20827	9251	6583	301	43908	1997	903	685	3979	268	1205
December 24, 2010 8:49:00 AM UTC	1293209340000	3	5	yes	17.2	138.4	20506	20827	9247	6566	290	43940	1989	1079	522	3976	240	1278
December 24, 2010 8:50:00 AM UTC	1293209400000	4	5	yes	17.3	138.6	20506	20827	9247	6566	285	43945	2001	1276	362	3968	321	1260
December 24, 2010 8:51:00 AM UTC	1293209460000	4	4	yes	17.5	138.8	20506	20827	9253	6522	288	43980	2027	1408	252	3967	417	1158
December 24, 2010 8:52:00 AM UTC	1293209520000	5	4	yes	17.6	139.0	20506	20827	9253	6522	284	43984	2041	1456	251	3957	426	1085
December 24, 2010 8:53:00 AM UTC	1293209580000	5	4	yes	17.7	139.2	20506	20827	9246	6569	273	43955	2032	1480	235	3953	464	1072
December 24, 2010 8:54:00 AM UTC	1293209640000	4	4	yes	17.9	139.4	20506	20827	9244	6574	271	43954	2040	1448	276	3947	419	1023
December 24, 2010 8:55:00 AM UTC	1293209700000	4	4	yes	18.0	139.6	20506	20827	9253	6522	276	43992	2073	1421	337	3941	380	952
December 24, 2010 8:56:00 AM UTC	1293209760000	4	4	yes	18.1	139.8	20506	20827	9253	6540	267	43983	2076	1384	383	3937	370	921
December 24, 2010 8:57:00 AM UTC	1293209820000	4	4	yes	18.2	140.0	20506	20827	9247	6579	254	43963	2069	1363	420	3933	362	826
December 24, 2010 8:58:00 AM UTC	1293209880000	4	4	yes	18.4	140.2	20506	20827	9246	6583	246	43968	2083	1350	454	3921	360	734
December 24, 2010 8:59:00 AM UTC	1293209940000	4	4	yes	18.5	140.4	20506	20827	9253	6541	245	44004	2110	1404	437	3918	350	717
December 24, 2010 9:00:00 AM UTC	1293210000000	4	5	yes	18.6	140.6	20506	20827	9254	6534	243	44012	2119	1364	494	3921	313	780
December 24, 2010 9:01:00 AM UTC	1293210060000	4	5	yes	18.8	140.8	20506	20827	9247	6586	231	43979	2103	1322	524	3914	289	774
December 24, 2010 9:02:00 AM UTC	1293210120000	4	5	yes	18.9	141.0	20506	20827	9254	6541	228	44020	2132	1357	532	3913	240	781
December 24, 2010 9:03:00 AM UTC	1293210180000	4	5	yes	19.0	141.2	20506	20827	9254	6541	220	44028	2148	1384	541	3903	242	776
December 24, 2010 9:04:00 AM UTC	1293210240000	4	6	yes	19.1	141.4	20506	20827	9253	6541	216	44033	2156	1371	565	3902	261	842
December 24, 2010 9:05:00 AM UTC	1293210300000	4	7	yes	19.3	141.6	20506	20827	9244	6594	199	44006	2143	1288	638	3897	235	969
December 24, 2010 9:06:00 AM UTC	1293210360000	4	7	yes	19.4	141.8	20506	20827	9253	6541	208	44041	2173	1209	754	3896	254	980
December 24, 2010 9:07:00 AM UTC	1293210420000	4	7	yes	19.5	142.0	20506	20827	9251	6551	193	44048	2177	1285	698	3893	242	967
December 24, 2010 9:08:00 AM UTC	1293210480000	4	7	yes	19.6	142.2	20506	20827	9244	6624	185	43990	2166	1449	532	3880	254	1029
December 24, 2010 9:09:00 AM UTC	1293210540000	4	7	yes	19.8	142.5	20506	20827	9243	6614	174	44012	2175	1530	467	3884	295	1010
December 24, 2010 9:10:00 AM UTC	1293210600000	4	7	yes	19.9	142.7	20506	20827	9250	6571	180	44042	2205	1457	541	3878	310	1052
December 24, 2010 9:11:00 AM UTC	1293210660000	4	8	yes	20.0	142.9	20506	20827	9250	6571	176	44046	2214	1468	509	3875	366	1122
December 24, 2010 9:12:00 AM UTC	1293210720000	4	6	yes	20.1	143.1	20506	20827	9250	6571	168	44054	2220	1422	473	3877	382	1004
December 24, 2010 9:13:00 AM UTC	1293210780000	4	6	yes	20.2	143.3	20506	20827	9250	6571	161	44061	2230	1342	478	3872	370	1057
December 24, 2010 9:14:00 AM UTC	1293210840000	4	6	yes	20.4	143.5	20506	20827	9249	6571	155	44068	2243	1306	501	3863	397	1136
December 24, 2010 9:15:00 AM UTC	1293210900000	4	6	yes	20.5	143.7	20506	20827	9254	6529	161	44099	2271	1336	445	3865	331	1062
December 24, 2010 9:16:00 AM UTC	1293210960000	4	5	yes	20.6	143.9	20506	20827	9250	6570	146	44077	2263	1356	459	3854	406	938
December 24, 2010 9:17:00 AM UTC	1293211020000	4	5	yes	20.7	144.1	20506	20827	9250	6570	139	44084	2263	1381	482	3857	405	871
December 24, 2010 9:18:00 AM UTC	1293211080000	4	5	yes	20.8	144.3	20506	20827	9249	6570	134	44090	2276	1411	529	3864	411	856
December 24, 2010 9:19:00 AM UTC	1293211140000	4	5	yes	20.9	144.5	20506	20827	9256	6528	139	44120	2309	1419	551	3838	360	868
December 24, 2010 9:20:00 AM UTC	1293211200000	4	5	yes	21.1	144.8	20506	20827	9247	6610	120	44066	2286	1432	548	3846	294	879
December 24, 2010 9:21:00 AM UTC	1293211260000	4	4	yes	21.2	145.0	20506	20827	9255	6553	121	44114	2320	1537	513	3861	302	823
December 24, 2010 9:22:00 AM UTC	1293211320000	4	4	yes	21.3	145.2	20506	20827	9247	6610	105	44081	2299	1540	470	3836	295	812
December 24, 2010 9:23:00 AM UTC	1293211380000	5	4	yes	21.4	145.4	20506	20827	9254	6570	103	44116	2328	1586	459	3848	268	781
December 24, 2010 9:24:00 AM UTC	1293211440000	4	3	yes	21.5	145.6	20506	20827	9247	6610	92	44094	2314	1533	443	3831	190	667
December 24, 2010 9:25:00 AM UTC	1293211500000	4	3	yes	21.6	145.8	20506	20827	9247	6610	81	44105	2325	1538	430	3836	171	739
December 24, 2010 9:26:00 AM UTC	1293211560000	4	3	yes	21.7	146.0	20506	20827	9254	6575	83	44131	2348	1445	522	3832	189	679
December 24, 2010 9:27:00 AM UTC	1293211620000	3	3	yes	21.9	146.3	20506	20827	9255	6512	76	44200	2370	1248	682	3825	119	656
December 24, 2010 9:28:00 AM UTC	1293211680000	3	4	yes	22.0	146.5	20506	20827	9250	6548	62	44183	2361	1126	781	3827	72	677
December 24, 2010 9:29:00 AM UTC	1293211740000	3	4	yes	22.1	146.7	20506	20827	9255	6512	58	44218	2380	970	961	3827	58	714
December 24, 2010 9:30:00 AM UTC	1293211800000	2	4	yes	22.2	146.9	20506	20827	9246	6569	45	44183	2364	751	1099	3819	58	599
December 24, 2010 9:31:00 AM UTC	1293211860000	2	4	yes	22.3	147.1	20506	20827	9255	6512	46	44230	2398	713	1151	3822	87	598
December 24, 2010 9:32:00 AM UTC	1293211920000	2	4	yes	22.4	147.3	20506	20827	9249	6581	28	44185	2373	766	1068	3827	114	590
December 24, 2010 9:33:00 AM UTC	1293211980000	2	4	yes	22.5	147.6	20506	20827	9245	6598	21	44179	2384	795	985	3814	100	609
December 24, 2010 9:34:00 AM UTC	1293212040000	2	5	yes	22.6	147.8	20506	20827	9251	6561	21	44210	2408	856	920	3820	77	576
December 24, 2010 9:35:00 AM UTC	1293212100000	2	5	yes	22.7	148.0	20506	20827	9252	6561	12	44218	2413	803	1049	3814	44	501
December 24, 2010 9:36:00 AM UTC	1293212160000	2	5	yes	22.8	148.2	20506	20827	9247	6599	5	44192	2395	830	1088	3818	56	464
December 24, 2010 9:37:00 AM UTC	1293212220000	3	6	yes	22.9	148.4	20506	20827	9252	6561	9	44221	2431	1072	853	3813	50	479
December 24, 2010 9:38:00 AM UTC	1293212280000	3	6	yes	23.0	148.7	20506	20827	9252	6561	3	44227	2436	1215	746	3816	53	720
December 24, 2010 9:39:00 AM UTC	1293212340000	3	6	yes	23.2	148.9	20506	20827	9242	6620	0	44181	2416	1169	745	3815	68	702
December 24, 2010 9:40:00 AM UTC	1293212400000	4	5	yes	23.3	149.1	20506	20827	9257	6522	0	44264	2473	1278	691	3812	150	574
December 24, 2010 9:41:00 AM UTC	1293212460000	3	6	yes	23.4	149.3	20506	20827	9243	6618	0	44182	2428	1262	713	3811	201	463
December 24, 2010 9:42:00 AM UTC	1293212520000	4	5	yes	23.5	149.6	20506	20827	9252	6560	0	44231	2464	1392	624	3806	183	398
December 24, 2010 9:43:00 AM UTC	1293212580000	4	6	yes	23.6	149.8	20506	20827	9248	6555	0	44240	2462	1479	613	3812	105	464
December 24, 2010 9:44:00 AM UTC	1293212640000	4	7	yes	23.7	150.0	20506	20827	9256	6557	0	44230	2491	1486	734	3809	99	437
December 24, 2010 9:45:00 AM UTC	1293212700000	4	7	yes	23.8	150.2	20506	20827	9241	6653	0	44149	2445	1396	819	3812	90	375
December 24, 2010 9:46:00 AM UTC	1293212760000	4	7	yes	23.9	150.5	20506	20827	9247	6618	0	44178	2476	1419	870	3809	75	376
December 24, 2010 9:47:00 AM UTC	1293212820000	4	7	yes	24.0	150.7	20506	20827	9247	6618	0	44178	2478	1471	857	3817	91	297
December 24, 2010 9:48:00 AM UTC	1293212880000	4	7	yes	24.1	150.9	20506	20827	9247	6618	0	44178	2486	1593	779	3805	74	223
December 24, 2010 9:49:00 AM UTC	1293212940000	4	7	yes	24.2	151.1	20506	20827	9253	6583	0	44207	2506	1623	795	3808	52	277
December 24, 2010 9:50:00 AM UTC	1293213000000	4	7	yes	24.2	151.4	20506	20827	9247	6617	0	44179	2499	1638	708	3801	54	319
December 24, 2010 9:51:00 AM UTC	1293213060000	4	7	yes	24.3	151.6	20506	20827	9251	6586	0	44206	2519	1678	645	3812	72	405
December 24, 2010 9:52:00 AM UTC	1293213120000	4	7	yes	24.4	151.8	20506	20827	9251	6583	0	44209	2530	1661	661	3805	113	475
December 24, 2010 9:53:00 AM UTC	1293213180000	4	7	yes	24.5	152.0	20506	20827	9253	6535	0	44255	2542	1622	694	3808	132	496
December 24, 2010 9:54:00 AM UTC	1293213240000	4	7	yes	24.6	152.3	20506	20827	9259	6475	0	44309	2567	1548	787	3812	160	540
December 24, 2010 9:55:00 AM UTC	1293213300000	4	7	yes	24.7	152.5	20506	20827	9244	6637	0	44162	2518	1446	765	3805	179	593
December 24, 2010 9:56:00 AM UTC	1293213360000	4	6	yes	24.8	152.7	20506	20827	9252	6576	0	44215	2539	1543	625	3814	186	627
December 24, 2010 9:57:00 AM UTC	1293213420000	4	6	yes	24.9	153.0	20506	20827	9249	6603	0	44191	2544	1514	582	3804	218	693
December 24, 2010 9:58:00 AM UTC	1293213480000	4	7	yes	25.0	153.2	20506	20827	9258	6543	0	44242	2577	1487	613	3809	232	753
December 24, 2010 9:59:00 AM UTC	1293213540000	4	7	yes	25.1	153.4	20506	20827	9248	6604	0	44191	2557	1412	634	3809	258	757
December 24, 2010 10:00:00 AM UTC	1293213600000	4	7	yes	25.2	153.7	20506	20827	9248	6604	0	44191	2558	1370	654	3811	292	780
December 24, 2010 10:01:00 AM UTC	1293213660000	4	7	yes	25.3	153.9	20506	20827	9248	6604	0	44191	2562	1424	549	3807	314	733
December 24, 2010 10:02:00 AM UTC	1293213720000	4	7	yes	25.4	154.1	20506	20827	9248	6604	0	44191	2574	1419	538	3806	330	735
December 24, 2010 10:03:00 AM UTC	1293213780000	4	6	yes	25.4	154.4	20506	20827	9252	6544	0	44247	2589	1476	508	3816	367	854
December 24, 2010 10:04:00 AM UTC	1293213840000	5	6	yes	25.5	154.6	20506	20827	9252	6573	0	44218	2601	1510	504	3810	387	845
December 24, 2010 10:05:00 AM UTC	1293213900000	4	6	yes	25.6	154.8	20506	20827	9247	6582	0	44214	2589	1402	602	3811	380	893
December 24, 2010 10:06:00 AM UTC	1293213960000	4	7	yes	25.7	155.1	20506	20827	9247	6582	0	44214	2597	1303	846	3815	435	931
December 24, 2010 10:07:00 AM UTC	1293214020000	4	9	yes	25.8	155.3	20506	20827	9241	6681	0	44121	2568	1259	1078	3812	455	954
December 24, 2010 10:08:00 AM UTC	1293214080000	4	10	yes	25.9	155.6	20506	20827	9250	6618	0	44175	2606	1228	1248	3816	470	934
December 24, 2010 10:09:00 AM UTC	1293214140000	4	9	yes	25.9	155.8	20506	20827	9241	6681	0	44121	2575	1335	1130	3819	455	918
December 24, 2010 10:10:00 AM UTC	1293214200000	5	8	yes	26.0	156.0	20506	20827	9254	6587	0	44202	2633	1491	1043	3818	451	895
December 24, 2010 10:11:00 AM UTC	1293214260000	4	8	yes	26.1	156.3	20506	20827	9240	6681	0	44122	2585	1427	934	3822	384	991
December 24, 2010 10:12:00 AM UTC	1293214320000	4	9	yes	26.2	156.5	20506	20827	9241	6680	0	44122	2586	1372	882	3824	348	1060
December 24, 2010 10:13:00 AM UTC	1293214380000	4	9	yes	26.3	156.8	20506	20827	9255	6588	0	44200	2635	1355	977	3824	343	1128
December 24, 2010 10:14:00 AM UTC	1293214440000	4	9	yes	26.3	157.0	20506	20827	9245	6609	0	44189	2618	1328	912	3818	289	1147
December 24, 2010 10:15:00 AM UTC	1293214500000	4	9	yes	26.4	157.2	20506	20827	9256	6523	0	44264	2669	1293	1016	3822	333	1119
December 24, 2010 10:16:00 AM UTC	1293214560000	3	10	yes	26.5	157.5	20506	20827	9250	6563	0	44230	2651	1156	1107	3821	254	1165
December 24, 2010 10:17:00 AM UTC	1293214620000	3	10	yes	26.6	157.7	20506	20827	9244	6592	0	44207	2642	1139	1160	3825	217	1232
December 24, 2010 10:18:00 AM UTC	1293214680000	3	10	yes	26.7	158.0	20506	20827	9244	6592	0	44207	2642	1061	1046	3829	205	1246
December 24, 2010 10:19:00 AM UTC	1293214740000	3	10	yes	26.7	158.2	20506	20827	9247	6632	0	44164	2652	1017	1025	3829	224	1160
December 24, 2010 10:20:00 AM UTC	1293214800000	3	11	yes	26.8	158.4	20506	20827	9239	6696	0	44108	2620	944	1067	3825	200	1150
December 24, 2010 10:21:00 AM UTC	1293214860000	2	12	yes	26.9	158.7	20506	20827	9249	6633	0	44161	2660	799	1350	3827	183	1128
December 24, 2010 10:22:00 AM UTC	1293214920000	2	12	yes	27.0	158.9	20506	20827	9238	6697	0	44108	2619	670	1573	3830	149	1086
December 24, 2010 10:23:00 AM UTC	1293214980000	2	13	yes	27.0	159.2	20506	20827	9251	6606	0	44186	2674	629	1567	3833	143	1066
December 24, 2010 10:24:00 AM UTC	1293215040000	2	13	yes	27.1	159.4	20506	20827	9249	6554	0	44240	2678	692	1520	3836	126	1025
December 24, 2010 10:25:00 AM UTC	1293215100000	2	13	yes	27.2	159.7	20506	20827	9239	6604	0	44200	2655	649	1479	3838	100	950
December 24, 2010 10:26:00 AM UTC	1293215160000	2	13	yes	27.2	159.9	20506	20827	9253	6514	0	44276	2709	729	1387	3836	86	897
December 24, 2010 10:27:00 AM UTC	1293215220000	2	13	yes	27.3	160.2	20506	20827	9243	6578	0	44222	2684	598	1400	3832	71	850
December 24, 2010 10:28:00 AM UTC	1293215280000	2	13	yes	27.4	160.4	20506	20827	9243	6579	0	44221	2685	602	1401	3838	54	728
December 24, 2010 10:29:00 AM UTC	1293215340000	2	14	yes	27.4	160.7	20506	20827	9253	6513	0	44277	2726	673	1428	3835	61	696
December 24, 2010 10:30:00 AM UTC	1293215400000	2	15	yes	27.5	160.9	20506	20827	9246	6555	0	44242	2703	658	1559	3842	47	693
December 24, 2010 10:31:00 AM UTC	1293215460000	2	16	yes	27.6	161.1	20506	20827	9245	6628	0	44170	2694	599	1453	3836	57	673
December 24, 2010 10:32:00 AM UTC	1293215520000	2	17	yes	27.6	161.4	20506	20827	9243	6610	0	44190	2685	609	1391	3844	73	648
December 24, 2010 10:33:00 AM UTC	1293215580000	2	18	yes	27.7	161.6	20506	20827	9246	6589	0	44208	2697	606	1295	3842	104	715
December 24, 2010 10:34:00 AM UTC	1293215640000	2	19	yes	27.8	161.9	20506	20827	9246	6589	0	44208	2704	519	1301	3842	119	824
December 24, 2010 10:35:00 AM UTC	1293215700000	2	20	yes	27.8	162.1	20506	20827	9246	6589	0	44208	2703	552	1182	3848	166	892
December 24, 2010 10:36:00 AM UTC	1293215760000	2	23	yes	27.9	162.4	20506	20827	9246	6578	0	44219	2717	452	1215	3842	207	928
December 24, 2010 10:37:00 AM UTC	1293215820000	2	24	yes	27.9	162.6	20506	20827	9250	6556	0	44237	2723	432	1157	3852	274	1000
December 24, 2010 10:38:00 AM UTC	1293215880000	2	26	yes	28.0	162.9	20506	20827	9250	6556	0	44237	2737	418	1073	3846	330	1048
December 24, 2010 10:39:00 AM UTC	1293215940000	2	28	yes	28.1	163.1	20506	20827	9240	6619	0	44184	2701	416	1007	3851	405	1020
December 24, 2010 10:40:00 AM UTC	1293216000000	3	29	yes	28.1	163.4	20506	20827	9253	6535	0	44255	2756	558	983	3847	425	1033
December 24, 2010 10:41:00 AM UTC	1293216060000	4	29	yes	28.2	163.6	20506	20827	9250	6556	0	44237	2743	640	1003	3853	429	1091
December 24, 2010 10:42:00 AM UTC	1293216120000	4	30	yes	28.2	163.9	20506	20827	9241	6622	0	44180	2710	835	985	3855	476	1058
December 24, 2010 10:43:00 AM UTC	1293216180000	5	31	yes	28.3	164.2	20506	20827	9249	6628	0	44166	2726	1021	925	3852	498	1111
December 24, 2010 10:44:00 AM UTC	1293216240000	5	32	yes	28.3	164.4	20506	20827	9243	6673	0	44127	2703	1127	741	3861	496	1094
December 24, 2010 10:45:00 AM UTC	1293216300000	5	33	yes	28.4	164.7	20506	20827	9242	6675	0	44126	2704	1129	736	3857	550	1060
December 24, 2010 10:46:00 AM UTC	1293216360000	5	33	yes	28.4	164.9	20506	20827	9252	6600	0	44191	2752	1183	666	3855	603	998
December 24, 2010 10:47:00 AM UTC	1293216420000	6	34	yes	28.5	165.2	20506	20827	9243	6636	0	44164	2720	1217	553	3859	634	997
December 24, 2010 10:48:00 AM UTC	1293216480000	8	35	yes	28.5	165.4	20506	20827	9245	6618	0	44180	2732	1363	456	3863	770	948
December 24, 2010 10:49:00 AM UTC	1293216540000	8	36	yes	28.6	165.7	20506	20827	9255	6548	0	44240	2777	1472	452	3860	795	974
December 24, 2010 10:50:00 AM UTC	1293216600000	8	36	yes	28.6	165.9	20506	20827	9245	6618	0	44180	2736	1413	411	3868	781	1035
December 24, 2010 10:51:00 AM UTC	1293216660000	9	36	yes	28.7	166.2	20506	20827	9245	6618	0	44180	2738	1492	316	3866	856	1024
December 24, 2010 10:52:00 AM UTC	1293216720000	9	37	yes	28.7	166.4	20506	20827	9245	6618	0	44180	2738	1504	311	3871	879	1066
December 24, 2010 10:53:00 AM UTC	1293216780000	9	38	yes	28.8	166.7	20506	20827	9246	6617	0	44180	2742	1439	389	3870	970	1088
December 24, 2010 10:54:00 AM UTC	1293216840000	9	40	yes	28.8	167.0	20506	20827	9245	6617	0	44181	2745	1481	385	3873	1017	1120
December 24, 2010 10:55:00 AM UTC	1293216900000	10	40	yes	28.9	167.2	20506	20827	9246	6611	0	44186	2743	1389	418	3876	1160	1013
December 24, 2010 10:56:00 AM UTC	1293216960000	9	43	yes	28.9	167.5	20506	20827	9245	6609	0	44189	2755	1475	394	3873	1060	1241
December 24, 2010 10:57:00 AM UTC	1293217020000	10	44	yes	29.0	167.7	20506	20827	9247	6591	0	44205	2765	1642	305	3874	1153	1208
December 24, 2010 10:58:00 AM UTC	1293217080000	11	43	yes	29.0	168.0	20506	20827	9247	6591	0	44205	2762	1795	271	3875	1285	1124
December 24, 2010 10:59:00 AM UTC	1293217140000	12	43	yes	29.1	168.2	20506	20827	9247	6591	0	44205	2770	1927	284	3881	1241	1160
December 24, 2010 11:00:00 AM UTC	1293217200000	13	43	yes	29.1	168.5	20506	20827	9246	6591	0	44206	2764	2135	189	3883	1193	1213
December 24, 2010 11:01:00 AM UTC	1293217260000	14	42	yes	29.1	168.8	20506	20827	9246	6564	0	44233	2777	2137	232	3874	1302	1055
December 24, 2010 11:02:00 AM UTC	1293217320000	15	42	yes	29.2	169.0	20506	20827	9249	6550	0	44244	2785	2245	211	3885	1367	949
December 24, 2010 11:03:00 AM UTC	1293217380000	14	45	yes	29.2	169.3	20506	20827	9241	6619	0	44183	2745	2291	181	3887	1375	986
December 24, 2010 11:04:00 AM UTC	1293217440000	14	46	yes	29.2	169.5	20506	20827	9249	6550	0	44244	2790	2395	142	3875	1448	927
December 24, 2010 11:05:00 AM UTC	1293217500000	14	45	yes	29.3	169.8	20506	20827	9249	6550	0	44244	2786	2421	136	3888	1443	969
December 24, 2010 11:06:00 AM UTC	1293217560000	13	45	yes	29.3	170.1	20506	20827	9240	6611	0	44192	2757	2387	119	3882	1333	1084
December 24, 2010 11:07:00 AM UTC	1293217620000	12	45	yes	29.3	170.3	20506	20827	9241	6605	0	44197	2757	2364	110	3892	1259	1150
December 24, 2010 11:08:00 AM UTC	1293217680000	13	45	yes	29.4	170.6	20506	20827	9252	6612	0	44179	2788	2373	90	3884	1301	1090
December 24, 2010 11:09:00 AM UTC	1293217740000	14	46	yes	29.4	170.8	20506	20827	9241	6680	0	44122	2746	2290	92	3887	1284	1175
December 24, 2010 11:10:00 AM UTC	1293217800000	14	46	yes	29.4	171.1	20506	20827	9241	6680	0	44122	2745	2286	104	3890	1195	1328
December 24, 2010 11:11:00 AM UTC	1293217860000	14	47	yes	29.5	171.4	20506	20827	9251	6614	0	44178	2790	2347	150	3890	1050	1522
December 24, 2010 11:12:00 AM UTC	1293217920000	15	45	yes	29.5	171.6	20506	20827	9243	6664	0	44136	2757	2374	118	3891	1100	1524
December 24, 2010 11:13:00 AM UTC	1293217980000	15	45	yes	29.5	171.9	20506	20827	9244	6669	0	44130	2760	2280	235	3890	1102	1435
December 24, 2010 11:14:00 AM UTC	1293218040000	15	45	yes	29.6	172.1	20506	20827	9254	6599	0	44190	2793	2294	275	3898	1257	1308
December 24, 2010 11:15:00 AM UTC	1293218100000	14	44	yes	29.6	172.4	20506	20827	9244	6646	0	44153	2763	2223	332	3896	1343	1232
December 24, 2010 11:16:00 AM UTC	1293218160000	13	46	yes	29.6	172.7	20506	20827	9245	6646	0	44152	2752	2159	389	3906	1370	1254
December 24, 2010 11:17:00 AM UTC	1293218220000	12	48	yes	29.6	172.9	20506	20827	9256	6573	0	44214	2813	2167	438	3897	1404	1202
December 24, 2010 11:18:00 AM UTC	1293218280000	12	48	yes	29.7	173.2	20506	20827	9247	6561	0	44235	2784	2125	442	3900	1355	1295
December 24, 2010 11:19:00 AM UTC	1293218340000	13	48	yes	29.7	173.5	20506	20827	9248	6564	0	44231	2788	2266	308	3899	1209	1428
December 24, 2010 11:20:00 AM UTC	1293218400000	13	49	yes	29.7	173.7	20506	20827	9259	6493	0	44291	2828	2354	288	3898	1277	1365
December 24, 2010 11:21:00 AM UTC	1293218460000	14	48	yes	29.7	174.0	20506	20827	9248	6560	0	44235	2795	2353	248	3900	1256	1455
December 24, 2010 11:22:00 AM UTC	1293218520000	14	48	yes	29.8	174.2	20506	20827	9247	6639	0	44157	2773	2342	261	3899	1180	1553
December 24, 2010 11:23:00 AM UTC	1293218580000	13	48	yes	29.8	174.5	20506	20827	9246	6639	0	44158	2772	2150	450	3903	1162	1624
December 24, 2010 11:24:00 AM UTC	1293218640000	12	49	yes	29.8	174.8	20506	20827	9248	6633	0	44162	2778	1993	638	3898	1074	1571
December 24, 2010 11:25:00 AM UTC	1293218700000	11	51	yes	29.8	175.0	20506	20827	9247	6633	0	44163	2769	1843	782	3907	814	1700
December 24, 2010 11:26:00 AM UTC	1293218760000	12	50	yes	29.8	175.3	20506	20827	9246	6638	0	44159	2781	1962	650	3899	844	1614
December 24, 2010 11:27:00 AM UTC	1293218820000	14	48	yes	29.8	175.6	20506	20827	9247	6611	0	44185	2778	2134	462	3905	997	1404
December 24, 2010 11:28:00 AM UTC	1293218880000	15	46	yes	29.9	175.8	20506	20827	9248	6613	0	44182	2788	2285	332	3906	906	1301
December 24, 2010 11:29:00 AM UTC	1293218940000	15	46	yes	29.9	176.1	20506	20827	9247	6619	0	44177	2785	2417	268	3904	761	1173
December 24, 2010 11:30:00 AM UTC	1293219000000	15	45	yes	29.9	176.4	20506	20827	9257	6550	0	44236	2824	2464	294	3908	725	1018
December 24, 2010 11:31:00 AM UTC	1293219060000	15	45	yes	29.9	176.6	20506	20827	9247	6615	0	44181	2789	2477	253	3904	728	932
December 24, 2010 11:32:00 AM UTC	1293219120000	16	44	yes	29.9	176.9	20506	20827	9246	6616	0	44181	2789	2472	227	3906	885	832
December 24, 2010 11:33:00 AM UTC	1293219180000	18	42	yes	29.9	177.1	20506	20827	9247	6615	0	44181	2785	2529	199	3909	897	761
December 24, 2010 11:34:00 AM UTC	1293219240000	20	40	yes	29.9	177.4	20506	20827	9247	6615	0	44181	2784	2600	117	3911	985	691
December 24, 2010 11:35:00 AM UTC	1293219300000	19	41	yes	29.9	177.7	20506	20827	9248	6614	0	44181	2789	2516	168	3909	973	690
December 24, 2010 11:36:00 AM UTC	1293219360000	20	40	yes	29.9	177.9	20506	20827	9249	6612	0	44182	2784	2491	170	3911	1033	623
December 24, 2010 11:37:00 AM UTC	1293219420000	19	41	yes	30.0	178.2	20506	20827	9249	6612	0	44182	2794	2427	202	3906	939	684
December 24, 2010 11:38:00 AM UTC	1293219480000	19	40	yes	30.0	178.5	20506	20827	9250	6611	0	44182	2782	2427	146	3915	951	624
December 24, 2010 11:39:00 AM UTC	1293219540000	19	40	yes	30.0	178.7	20506	20827	9250	6591	0	44202	2790	2354	160	3913	961	601
December 24, 2010 11:40:00 AM UTC	1293219600000	18	40	yes	30.0	179.0	20506	20827	9250	6591	0	44202	2793	2287	155	3910	1060	599
December 24, 2010 11:41:00 AM UTC	1293219660000	17	40	yes	30.0	179.3	20506	20827	9249	6592	0	44202	2790	2200	180	3915	1109	544
December 24, 2010 11:42:00 AM UTC	1293219720000	17	40	yes	30.0	179.5	20506	20827	9249	6592	0	44202	2794	2135	171	3911	1121	623
December 24, 2010 11:43:00 AM UTC	1293219780000	15	42	yes	30.0	179.8	20506	20827	9249	6592	0	44202	2786	2017	216	3913	970	710
December 24, 2010 11:44:00 AM UTC	1293219840000	14	43	yes	30.0	180.1	20506	20827	9249	6592	0	44202	2788	1923	255	3916	820	949
December 24, 2010 11:45:00 AM UTC	1293219900000	16	41	yes	30.0	180.3	20506	20827	9249	6592	0	44202	2792	1911	271	3912	771	996
December 24, 2010 11:46:00 AM UTC	1293219960000	15	40	yes	30.0	180.6	20506	20827	9249	6592	0	44202	2788	1822	294	3916	701	1040
December 24, 2010 11:47:00 AM UTC	1293220020000	15	38	yes	30.0	180.9	20506	20827	9249	6592	0	44202	2790	1759	317	3913	574	1150
December 24, 2010 11:48:00 AM UTC	1293220080000	15	38	yes	30.0	181.1	20506	20827	9250	6591	0	44202	2788	1778	312	3908	542	1259
December 24, 2010 11:49:00 AM UTC	1293220140000	14	37	yes	30.0	181.4	20506	20827	9250	6593	0	44200	2785	1793	306	3916	498	1313
December 24, 2010 11:50:00 AM UTC	1293220200000	14	39	yes	30.0	181.6	20506	20827	9250	6606	0	44187	2791	1842	284	3910	474	1343
December 24, 2010 11:51:00 AM UTC	1293220260000	13	39	yes	29.9	181.9	20506	20827	9249	6610	0	44184	2788	1813	298	3909	456	1300
December 24, 2010 11:52:00 AM UTC	1293220320000	13	38	yes	29.9	182.2	20506	20827	9248	6533	0	44262	2807	1768	282	3915	481	1275
December 24, 2010 11:53:00 AM UTC	1293220380000	12	38	yes	29.9	182.4	20506	20827	9248	6612	0	44183	2790	1679	338	3907	523	1207
December 24, 2010 11:54:00 AM UTC	1293220440000	12	37	yes	29.9	182.7	20506	20827	9247	6613	0	44183	2786	1555	362	3912	576	1156
December 24, 2010 11:55:00 AM UTC	1293220500000	12	36	yes	29.9	183.0	20506	20827	9246	6614	0	44183	2783	1442	373	3910	559	1198
December 24, 2010 11:56:00 AM UTC	1293220560000	11	36	yes	29.9	183.2	20506	20827	9246	6614	0	44183	2790	1292	442	3908	524	1132
December 24, 2010 11:57:00 AM UTC	1293220620000	12	35	yes	29.9	183.5	20506	20827	9247	6613	0	44183	2786	1332	368	3906	516	1157
December 24, 2010 11:58:00 AM UTC	1293220680000	12	36	yes	29.9	183.8	20506	20827	9247	6617	0	44179	2781	1261	376	3909	470	1113
December 24, 2010 11:59:00 AM UTC	1293220740000	12	35	yes	29.9	184.0	20506	20827	9258	6548	0	44237	2824	1312	312	3903	396	1111
December 24, 2010 12:00:00 PM UTC	1293220800000	12	36	yes	29.9	184.3	20506	20827	9247	6622	0	44174	2776	1309	305	3908	414	1009
December 24, 2010 12:01:00 PM UTC	1293220860000	13	36	yes	29.8	184.6	20506	20827	9247	6609	0	44187	2781	1336	326	3904	483	837
December 24, 2010 12:02:00 PM UTC	1293220920000	12	37	yes	29.8	184.8	20506	20827	9247	6628	0	44168	2775	1382	369	3905	489	704
December 24, 2010 12:03:00 PM UTC	1293220980000	13	38	yes	29.8	185.1	20506	20827	9247	6628	0	44168	2777	1452	302	3903	547	641
December 24, 2010 12:04:00 PM UTC	1293221040000	14	38	yes	29.8	185.3	20506	20827	9248	6627	0	44168	2778	1450	307	3898	606	629
December 24, 2010 12:05:00 PM UTC	1293221100000	14	38	yes	29.8	185.6	20506	20827	9247	6635	0	44161	2769	1513	219	3905	671	665
December 24, 2010 12:06:00 PM UTC	1293221160000	14	37	yes	29.7	185.9	20506	20827	9247	6635	0	44161	2765	1347	272	3902	762	696
December 24, 2010 12:07:00 PM UTC	1293221220000	14	37	yes	29.7	186.1	20506	20827	9248	6563	0	44232	2790	1306	321	3899	853	734
December 24, 2010 12:08:00 PM UTC	1293221280000	13	37	yes	29.7	186.4	20506	20827	9248	6557	0	44238	2787	1143	316	3897	881	847
December 24, 2010 12:09:00 PM UTC	1293221340000	12	39	yes	29.7	186.7	20506	20827	9248	6557	0	44238	2790	1053	405	3898	847	993
December 24, 2010 12:10:00 PM UTC	1293221400000	12	41	yes	29.7	186.9	20506	20827	9247	6562	0	44234	2786	963	501	3898	937	1059
December 24, 2010 12:11:00 PM UTC	1293221460000	13	42	yes	29.6	187.2	20506	20827	9245	6641	0	44157	2759	977	604	3898	969	1112
December 24, 2010 12:12:00 PM UTC	1293221520000	15	41	yes	29.6	187.4	20506	20827	9256	6573	0	44214	2799	994	719	3896	1019	1139
December 24, 2010 12:13:00 PM UTC	1293221580000	17	42	yes	29.6	187.7	20506	20827	9244	6641	0	44158	2765	1166	697	3887	1076	1116
December 24, 2010 12:14:00 PM UTC	1293221640000	20	41	yes	29.6	188.0	20506	20827	9244	6666	0	44133	2752	1462	441	3892	1145	1069
December 24, 2010 12:15:00 PM UTC	1293221700000	22	40	yes	29.5	188.2	20506	20827	9253	6598	0	44192	2795	1617	344	3894	1121	959
December 24, 2010 12:16:00 PM UTC	1293221760000	24	39	yes	29.5	188.5	20506	20827	9242	6672	0	44129	2747	1741	215	3897	1198	845
December 24, 2010 12:17:00 PM UTC	1293221820000	24	40	yes	29.5	188.8	20506	20827	9241	6677	0	44125	2749	1724	184	3887	1241	777
December 24, 2010 12:18:00 PM UTC	1293221880000	26	39	yes	29.4	189.0	20506	20827	9250	6610	0	44183	2775	1693	234	3897	1299	712
December 24, 2010 12:19:00 PM UTC	1293221940000	26	41	yes	29.4	189.3	20506	20827	9241	6677	0	44125	2746	1620	261	3884	1377	618
December 24, 2010 12:20:00 PM UTC	1293222000000	30	40	yes	29.4	189.5	20506	20827	9241	6601	0	44201	2763	1747	242	3887	1513	503
December 24, 2010 12:21:00 PM UTC	1293222060000	29	43	yes	29.3	189.8	20506	20827	9251	6533	0	44259	2806	1898	268	3882	1485	535
December 24, 2010 12:22:00 PM UTC	1293222120000	30	43	yes	29.3	190.1	20506	20827	9240	6607	0	44196	2750	2035	254	3884	1498	555
December 24, 2010 12:23:00 PM UTC	1293222180000	31	43	yes	29.3	190.3	20506	20827	9249	6546	0	44248	2785	2231	188	3888	1593	503
December 24, 2010 12:24:00 PM UTC	1293222240000	34	42	yes	29.2	190.6	20506	20827	9249	6546	0	44248	2787	2392	84	3884	1672	427
December 24, 2010 12:25:00 PM UTC	1293222300000	36	41	yes	29.2	190.8	20506	20827	9249	6546	0	44248	2776	2410	88	3881	1817	389
December 24, 2010 12:26:00 PM UTC	1293222360000	38	40	yes	29.2	191.1	20506	20827	9249	6546	0	44248	2788	2383	119	3886	1872	363
December 24, 2010 12:27:00 PM UTC	1293222420000	39	41	yes	29.1	191.4	20506	20827	9246	6588	0	44209	2769	2384	90	3886	1966	353
December 24, 2010 12:28:00 PM UTC	1293222480000	41	40	yes	29.1	191.6	20506	20827	9247	6588	0	44208	2769	2354	87	3872	2121	324
December 24, 2010 12:29:00 PM UTC	1293222540000	43	39	yes	29.0	191.9	20506	20827	9247	6588	0	44208	2763	2365	71	3879	2250	308
December 24, 2010 12:30:00 PM UTC	1293222600000	45	37	yes	29.0	192.1	20506	20827	9247	6588	0	44208	2763	2410	61	3880	2292	367
December 24, 2010 12:31:00 PM UTC	1293222660000	47	37	yes	29.0	192.4	20506	20827	9247	6588	0	44208	2758	2416	35	3878	2356	388
December 24, 2010 12:32:00 PM UTC	1293222720000	49	35	yes	28.9	192.6	20506	20827	9245	6606	0	44192	2749	2377	55	3876	2426	361
December 24, 2010 12:33:00 PM UTC	1293222780000	49	36	yes	28.9	192.9	20506	20827	9245	6612	0	44186	2748	2395	26	3870	2440	368
December 24, 2010 12:34:00 PM UTC	1293222840000	51	36	yes	28.8	193.2	20506	20827	9246	6612	0	44185	2745	2397	27	3871	2527	308
December 24, 2010 12:35:00 PM UTC	1293222900000	52	35	yes	28.8	193.4	20506	20827	9246	6612	0	44185	2744	2398	15	3869	2660	261
December 24, 2010 12:36:00 PM UTC	1293222960000	52	36	yes	28.7	193.7	20506	20827	9245	6613	0	44185	2743	2380	26	3869	2718	276
December 24, 2010 12:37:00 PM UTC	1293223020000	53	36	yes	28.7	193.9	20506	20827	9256	6543	0	44244	2777	2405	20	3864	2723	340
December 24, 2010 12:38:00 PM UTC	1293223080000	54	36	yes	28.6	194.2	20506	20827	9245	6613	0	44185	2734	2362	7	3866	2804	340
December 24, 2010 12:39:00 PM UTC	1293223140000	56	34	yes	28.6	194.4	20506	20827	9245	6613	0	44185	2732	2364	9	3865	2775	426
December 24, 2010 12:40:00 PM UTC	1293223200000	58	33	no	28.5	194.7	20506	20827	9252	6564	0	44227	2756	2383	6	3865	2864	337
December 24, 2010 12:41:00 PM UTC	1293223260000	61	31	yes	28.5	194.9	20506	20827	9242	6663	0	44138	2714	2315	11	3859	2930	312
December 24, 2010 12:42:00 PM UTC	1293223320000	64	28	no	28.4	195.2	20506	20827	9242	6663	0	44138	2714	2314	8	3857	2968	302
December 24, 2010 12:43:00 PM UTC	1293223380000	66	27	yes	28.4	195.5	20506	20827	9252	6603	0	44188	2740	2319	14	3858	3014	327
December 24, 2010 12:44:00 PM UTC	1293223440000	67	26	yes	28.3	195.7	20506	20827	9239	6689	0	44115	2692	2287	3	3856	3044	313
December 24, 2010 12:45:00 PM UTC	1293223500000	68	25	no	28.3	196.0	20506	20827	9249	6623	0	44171	2726	2289	6	3856	3038	295
December 24, 2010 12:46:00 PM UTC	1293223560000	70	24	no	28.2	196.2	20506	20827	9250	6551	0	44242	2742	2294	8	3857	3064	308
December 24, 2010 12:47:00 PM UTC	1293223620000	72	22	no	28.2	196.5	20506	20827	9240	6617	0	44186	2702	2277	2	3854	3223	151
December 24, 2010 12:48:00 PM UTC	1293223680000	74	21	no	28.1	196.7	20506	20827	9250	6551	0	44242	2740	2284	12	3852	3177	158
December 24, 2010 12:49:00 PM UTC	1293223740000	75	20	no	28.0	197.0	20506	20827	9250	6551	0	44242	2736	2288	2	3848	3228	84
December 24, 2010 12:50:00 PM UTC	1293223800000	76	19	no	28.0	197.2	20506	20827	9250	6551	0	44242	2733	2257	6	3847	3240	75
December 24, 2010 12:51:00 PM UTC	1293223860000	77	18	no	27.9	197.5	20506	20827	9250	6551	0	44242	2729	2243	8	3846	3216	81
December 24, 2010 12:52:00 PM UTC	1293223920000	77	18	no	27.9	197.7	20506	20827	9249	6554	0	44240	2725	2276	5	3845	3148	113
December 24, 2010 12:53:00 PM UTC	1293223980000	79	16	no	27.8	198.0	20506	20827	9246	6584	0	44213	2698	2213	12	3848	3139	100
December 24, 2010 12:54:00 PM UTC	1293224040000	80	16	no	27.7	198.2	20506	20827	9246	6584	0	44213	2700	2239	17	3842	3106	111
December 24, 2010 12:55:00 PM UTC	1293224100000	81	15	no	27.7	198.5	20506	20827	9243	6606	0	44194	2679	2230	16	3850	3059	123
December 24, 2010 12:56:00 PM UTC	1293224160000	82	14	no	27.6	198.7	20506	20827	9243	6608	0	44192	2685	2202	36	3842	3066	103
December 24, 2010 12:57:00 PM UTC	1293224220000	82	14	yes	27.5	199.0	20506	20827	9245	6621	0	44177	2683	2209	22	3844	2979	143
December 24, 2010 12:58:00 PM UTC	1293224280000	84	12	yes	27.5	199.2	20506	20827	9246	6550	0	44247	2706	2254	20	3835	2911	161
December 24, 2010 12:59:00 PM UTC	1293224340000	85	11	yes	27.4	199.5	20506	20827	9243	6573	0	44227	2681	2243	20	3841	2822	195
December 24, 2010 1:00:00 PM UTC	1293224400000	87	8	yes	27.3	199.7	20506	20827	9253	6509	0	44281	2716	2270	8	3838	2826	152
December 24, 2010 1:01:00 PM UTC	1293224460000	87	8	yes	27.3	200.0	20506	20827	9243	6576	0	44224	2674	2238	0	3833	2844	87
December 24, 2010 1:02:00 PM UTC	1293224520000	86	9	yes	27.2	200.2	20506	20827	9253	6509	0	44281	2708	2267	3	3838	2696	179
December 24, 2010 1:03:00 PM UTC	1293224580000	86	9	yes	27.1	200.4	20506	20827	9249	6549	0	44245	2683	2237	5	3835	2705	125
December 24, 2010 1:04:00 PM UTC	1293224640000	85	10	yes	27.1	200.7	20506	20827	9239	6612	0	44192	2642	2208	0	3834	2679	108
December 24, 2010 1:05:00 PM UTC	1293224700000	86	9	yes	27.0	200.9	20506	20827	9251	6601	0	44191	2671	2204	4	3830	2591	126
December 24, 2010 1:06:00 PM UTC	1293224760000	83	11	yes	26.9	201.2	20506	20827	9238	6692	0	44113	2617	2161	3	3831	2452	216
December 24, 2010 1:07:00 PM UTC	1293224820000	83	11	yes	26.8	201.4	20506	20827	9249	6627	0	44167	2653	2220	0	3830	2479	151
December 24, 2010 1:08:00 PM UTC	1293224880000	81	13	yes	26.8	201.7	20506	20827	9247	6628	0	44168	2656	2230	1	3826	2388	150
December 24, 2010 1:09:00 PM UTC	1293224940000	79	14	yes	26.7	201.9	20506	20827	9243	6656	0	44144	2634	2226	4	3827	2356	156
December 24, 2010 1:10:00 PM UTC	1293225000000	78	15	yes	26.6	202.1	20506	20827	9244	6586	0	44213	2639	2242	8	3831	2254	211
December 24, 2010 1:11:00 PM UTC	1293225060000	76	17	yes	26.5	202.4	20506	20827	9250	6558	0	44235	2656	2289	13	3822	2199	207
December 24, 2010 1:12:00 PM UTC	1293225120000	74	18	yes	26.5	202.6	20506	20827	9250	6558	0	44235	2644	2289	12	3827	2142	222
December 24, 2010 1:13:00 PM UTC	1293225180000	71	21	yes	26.4	202.9	20506	20827	9246	6592	0	44205	2626	2288	15	3823	2111	263
December 24, 2010 1:14:00 PM UTC	1293225240000	70	21	yes	26.3	203.1	20506	20827	9246	6638	0	44159	2607	2250	16	3824	2024	322
December 24, 2010 1:15:00 PM UTC	1293225300000	69	22	yes	26.2	203.4	20506	20827	9245	6648	0	44150	2606	2236	7	3821	2011	336
December 24, 2010 1:16:00 PM UTC	1293225360000	68	22	yes	26.2	203.6	20506	20827	9250	6609	0	44184	2623	2218	19	3820	2005	341
December 24, 2010 1:17:00 PM UTC	1293225420000	65	24	yes	26.1	203.8	20506	20827	9245	6644	0	44154	2601	2170	17	3822	2012	368
December 24, 2010 1:18:00 PM UTC	1293225480000	63	26	yes	26.0	204.1	20506	20827	9254	6586	0	44203	2628	2155	26	3818	2064	326
December 24, 2010 1:19:00 PM UTC	1293225540000	61	27	yes	25.9	204.3	20506	20827	9241	6675	0	44127	2575	2081	5	3819	2030	360
December 24, 2010 1:20:00 PM UTC	1293225600000	59	28	yes	25.8	204.5	20506	20827	9250	6612	0	44181	2601	1986	30	3816	2094	388
December 24, 2010 1:21:00 PM UTC	1293225660000	56	31	yes	25.7	204.8	20506	20827	9252	6545	0	44246	2613	1967	48	3814	2101	424
December 24, 2010 1:22:00 PM UTC	1293225720000	54	32	yes	25.7	205.0	20506	20827	9247	6575	0	44221	2594	1947	44	3812	2030	446
December 24, 2010 1:23:00 PM UTC	1293225780000	52	33	yes	25.6	205.3	20506	20827	9252	6545	0	44246	2600	2001	28	3816	2211	382
December 24, 2010 1:24:00 PM UTC	1293225840000	51	33	yes	25.5	205.5	20506	20827	9242	6664	0	44137	2554	1936	53	3810	2116	468
December 24, 2010 1:25:00 PM UTC	1293225900000	46	36	yes	25.4	205.7	20506	20827	9248	6598	0	44197	2567	1874	124	3816	1757	763
December 24, 2010 1:26:00 PM UTC	1293225960000	43	38	yes	25.3	206.0	20506	20827	9248	6598	0	44197	2569	1904	127	3810	1612	878
December 24, 2010 1:27:00 PM UTC	1293226020000	42	38	yes	25.2	206.2	20506	20827	9248	6598	0	44197	2560	1827	130	3812	1668	814
December 24, 2010 1:28:00 PM UTC	1293226080000	41	38	yes	25.1	206.4	20506	20827	9243	6630	0	44170	2541	1797	126	3808	1644	678
December 24, 2010 1:29:00 PM UTC	1293226140000	39	39	yes	25.1	206.7	20506	20827	9248	6598	0	44197	2544	1732	145	3812	1635	642
December 24, 2010 1:30:00 PM UTC	1293226200000	37	38	yes	25.0	206.9	20506	20827	9249	6597	0	44197	2546	1789	120	3805	1365	613
December 24, 2010 1:31:00 PM UTC	1293226260000	33	40	yes	24.9	207.1	20506	20827	9244	6629	0	44170	2519	1724	162	3804	1229	637
December 24, 2010 1:32:00 PM UTC	1293226320000	32	39	yes	24.8	207.4	20506	20827	9244	6627	0	44172	2516	1745	166	3809	1089	649
December 24, 2010 1:33:00 PM UTC	1293226380000	31	39	yes	24.7	207.6	20506	20827	9254	6501	0	44288	2561	1926	127	3804	968	756
December 24, 2010 1:34:00 PM UTC	1293226440000	29	39	yes	24.6	207.8	20506	20827	9245	6563	0	44235	2519	1896	172	3811	945	762
December 24, 2010 1:35:00 PM UTC	1293226500000	26	39	yes	24.5	208.1	20506	20827	9251	6576	0	44216	2535	1875	231	3805	862	795
December 24, 2010 1:36:00 PM UTC	1293226560000	26	38	yes	24.4	208.3	20506	20827	9242	6637	0	44164	2492	1811	371	3810	699	960
December 24, 2010 1:37:00 PM UTC	1293226620000	23	38	yes	24.3	208.5	20506	20827	9247	6610	0	44186	2502	1790	482	3808	605	1021
December 24, 2010 1:38:00 PM UTC	1293226680000	22	38	yes	24.2	208.7	20506	20827	9238	6669	0	44136	2456	1747	541	3812	622	1019
December 24, 2010 1:39:00 PM UTC	1293226740000	21	37	yes	24.1	209.0	20506	20827	9253	6576	0	44214	2505	1780	625	3810	600	1018
December 24, 2010 1:40:00 PM UTC	1293226800000	20	36	yes	24.0	209.2	20506	20827	9247	6611	0	44185	2478	1780	646	3810	615	924
December 24, 2010 1:41:00 PM UTC	1293226860000	20	36	yes	23.9	209.4	20506	20827	9247	6611	0	44185	2476	1827	604	3809	619	894
December 24, 2010 1:42:00 PM UTC	1293226920000	20	34	yes	23.8	209.6	20506	20827	9256	6551	0	44236	2504	1904	590	3807	656	806
December 24, 2010 1:43:00 PM UTC	1293226980000	20	33	yes	23.7	209.9	20506	20827	9248	6610	0	44185	2463	1835	616	3806	649	788
December 24, 2010 1:44:00 PM UTC	1293227040000	21	32	yes	23.6	210.1	20506	20827	9256	6549	0	44238	2487	2006	473	3811	670	815
December 24, 2010 1:45:00 PM UTC	1293227100000	19	33	yes	23.5	210.3	20506	20827	9248	6547	0	44248	2459	1996	442	3813	581	835
December 24, 2010 1:46:00 PM UTC	1293227160000	20	31	yes	23.4	210.5	20506	20827	9252	6552	0	44239	2460	2095	338	3808	608	808
December 24, 2010 1:47:00 PM UTC	1293227220000	19	30	yes	23.3	210.8	20506	20827	9243	6612	0	44188	2419	2047	317	3818	598	809
December 24, 2010 1:48:00 PM UTC	1293227280000	19	29	yes	23.2	211.0	20506	20827	9257	6515	0	44271	2473	2200	248	3811	684	745
December 24, 2010 1:49:00 PM UTC	1293227340000	17	29	yes	23.1	211.2	20506	20827	9252	6553	3	44235	2437	2170	226	3816	639	854
December 24, 2010 1:50:00 PM UTC	1293227400000	16	29	yes	23.0	211.4	20506	20827	9252	6553	4	44234	2433	2142	253	3815	666	893
December 24, 2010 1:51:00 PM UTC	1293227460000	16	27	yes	22.9	211.7	20506	20827	9247	6590	3	44203	2404	2064	292	3815	686	906
December 24, 2010 1:52:00 PM UTC	1293227520000	15	27	yes	22.8	211.9	20506	20827	9252	6553	12	44226	2416	1960	380	3815	729	920
December 24, 2010 1:53:00 PM UTC	1293227580000	13	27	yes	22.7	212.1	20506	20827	9251	6553	18	44221	2416	1959	339	3817	723	881
December 24, 2010 1:54:00 PM UTC	1293227640000	13	26	yes	22.6	212.3	20506	20827	9245	6592	20	44186	2385	1987	302	3818	763	930
December 24, 2010 1:55:00 PM UTC	1293227700000	13	26	yes	22.5	212.5	20506	20827	9255	6534	32	44222	2404	2115	190	3820	803	918
December 24, 2010 1:56:00 PM UTC	1293227760000	13	25	yes	22.4	212.8	20506	20827	9245	6611	34	44153	2362	2128	147	3821	876	871
December 24, 2010 1:57:00 PM UTC	1293227820000	13	25	yes	22.3	213.0	20506	20827	9255	6503	44	44241	2396	2217	120	3820	950	848
December 24, 2010 1:58:00 PM UTC	1293227880000	13	24	yes	22.1	213.2	20506	20827	9246	6560	48	44189	2355	2223	77	3827	915	857
December 24, 2010 1:59:00 PM UTC	1293227940000	12	24	yes	22.0	213.4	20506	20827	9255	6503	62	44223	2378	2209	83	3827	865	855
December 24, 2010 2:00:00 PM UTC	1293228000000	11	24	yes	21.9	213.6	20506	20827	9240	6606	61	44136	2325	2110	121	3827	798	896
December 24, 2010 2:01:00 PM UTC	1293228060000	12	22	yes	21.8	213.8	20506	20827	9255	6549	76	44163	2362	2102	138	3826	839	972
December 24, 2010 2:02:00 PM UTC	1293228120000	11	21	yes	21.7	214.1	20506	20827	9255	6549	84	44155	2351	2067	131	3839	824	957
December 24, 2010 2:03:00 PM UTC	1293228180000	11	20	yes	21.6	214.3	20506	20827	9247	6596	82	44118	2321	1987	167	3830	887	996
December 24, 2010 2:04:00 PM UTC	1293228240000	11	18	yes	21.5	214.5	20506	20827	9247	6596	92	44108	2312	1952	175	3844	938	944
December 24, 2010 2:05:00 PM UTC	1293228300000	11	17	yes	21.4	214.7	20506	20827	9247	6596	102	44098	2308	1939	147	3841	1042	856
December 24, 2010 2:06:00 PM UTC	1293228360000	11	16	yes	21.2	214.9	20506	20827	9247	6596	109	44091	2300	1889	155	3830	1078	869
December 24, 2010 2:07:00 PM UTC	1293228420000	11	15	yes	21.1	215.1	20506	20827	9247	6596	114	44086	2292	1898	138	3853	1214	900
December 24, 2010 2:08:00 PM UTC	1293228480000	12	14	yes	21.0	215.3	20506	20827	9239	6616	120	44068	2264	1905	133	3845	1335	872
December 24, 2010 2:09:00 PM UTC	1293228540000	12	13	yes	20.9	215.6	20506	20827	9256	6519	137	44131	2303	1959	133	3855	1414	939
December 24, 2010 2:10:00 PM UTC	1293228600000	13	13	yes	20.8	215.8	20506	20827	9247	6590	134	44072	2261	1915	179	3861	1506	979
December 24, 2010 2:11:00 PM UTC	1293228660000	13	13	yes	20.7	216.0	20506	20827	9250	6561	142	44090	2261	1884	217	3853	1576	988
December 24, 2010 2:12:00 PM UTC	1293228720000	12	14	yes	20.5	216.2	20506	20827	9240	6617	142	44044	2230	1839	247	3864	1667	988
December 24, 2010 2:13:00 PM UTC	1293228780000	11	15	yes	20.4	216.4	20506	20827	9254	6520	157	44112	2270	1787	323	3858	1715	965
December 24, 2010 2:14:00 PM UTC	1293228840000	10	15	yes	20.3	216.6	20506	20827	9249	6562	160	44072	2237	1769	299	3870	1785	977
December 24, 2010 2:15:00 PM UTC	1293228900000	10	14	yes	20.2	216.8	20506	20827	9250	6562	161	44070	2229	1807	239	3870	1820	982
December 24, 2010 2:16:00 PM UTC	1293228960000	10	14	yes	20.1	217.0	20506	20827	9244	6599	165	44035	2198	1841	184	3883	1834	1036
December 24, 2010 2:17:00 PM UTC	1293229020000	10	14	yes	19.9	217.2	20506	20827	9250	6562	177	44054	2211	1890	134	3881	1775	1080
December 24, 2010 2:18:00 PM UTC	1293229080000	10	13	yes	19.8	217.4	20506	20827	9250	6562	176	44055	2204	1889	128	3875	1698	1181
December 24, 2010 2:19:00 PM UTC	1293229140000	11	12	yes	19.7	217.6	20506	20827	9253	6540	192	44058	2195	1892	101	3888	1853	1050
December 24, 2010 2:20:00 PM UTC	1293229200000	11	11	yes	19.6	217.8	20506	20827	9245	6584	185	44029	2162	1914	58	3887	1962	969
December 24, 2010 2:21:00 PM UTC	1293229260000	12	10	yes	19.5	218.1	20506	20827	9259	6488	209	44087	2195	1973	13	3897	2131	804
December 24, 2010 2:22:00 PM UTC	1293229320000	13	10	yes	19.3	218.3	20506	20827	9253	6532	207	44051	2170	1942	21	3897	2222	726
December 24, 2010 2:23:00 PM UTC	1293229380000	13	10	yes	19.2	218.5	20506	20827	9244	6587	197	44015	2140	1930	13	3897	2309	673
December 24, 2010 2:24:00 PM UTC	1293229440000	13	10	yes	19.1	218.7	20506	20827	9254	6532	219	44038	2150	1889	42	3904	2271	750
December 24, 2010 2:25:00 PM UTC	1293229500000	13	10	yes	19.0	218.9	20506	20827	9245	6585	212	44001	2121	1867	42	3904	2184	867
December 24, 2010 2:26:00 PM UTC	1293229560000	12	10	yes	18.8	219.1	20506	20827	9254	6532	229	44028	2133	1885	19	3911	2038	947
December 24, 2010 2:27:00 PM UTC	1293229620000	12	10	yes	18.7	219.3	20506	20827	9247	6577	232	43987	2100	1854	14	3915	2003	955
December 24, 2010 2:28:00 PM UTC	1293229680000	12	10	yes	18.6	219.5	20506	20827	9253	6532	244	44014	2114	1864	6	3921	1944	926
December 24, 2010 2:29:00 PM UTC	1293229740000	12	10	yes	18.5	219.7	20506	20827	9253	6532	248	44010	2105	1848	9	3920	1872	971
December 24, 2010 2:30:00 PM UTC	1293229800000	12	10	yes	18.3	219.9	20506	20827	9253	6528	256	44006	2097	1829	12	3929	1756	987
December 24, 2010 2:31:00 PM UTC	1293229860000	12	10	yes	18.2	220.1	20506	20827	9245	6584	254	43960	2059	1802	3	3935	1675	1001
December 24, 2010 2:32:00 PM UTC	1293229920000	12	10	yes	18.1	220.3	20506	20827	9252	6568	269	43954	2065	1789	7	3942	1677	936
December 24, 2010 2:33:00 PM UTC	1293229980000	12	10	yes	17.9	220.5	20506	20827	9253	6510	278	44002	2073	1786	9	3940	1681	878
December 24, 2010 2:34:00 PM UTC	1293230040000	11	10	yes	17.8	220.7	20506	20827	9244	6562	271	43966	2038	1766	1	3948	1677	854
December 24, 2010 2:35:00 PM UTC	1293230100000	11	10	yes	17.7	220.9	20506	20827	9253	6510	283	43997	2046	1759	4	3957	1695	824
December 24, 2010 2:36:00 PM UTC	1293230160000	10	10	yes	17.5	221.1	20506	20827	9253	6510	286	43994	2036	1739	11	3962	1702	823
December 24, 2010 2:37:00 PM UTC	1293230220000	10	10	yes	17.4	221.3	20506	20827	9253	6510	290	43990	2027	1734	3	3966	1725	818
December 24, 2010 2:38:00 PM UTC	1293230280000	10	10	yes	17.3	221.5	20506	20827	9246	6561	286	43950	1994	1704	4	3971	1685	870
December 24, 2010 2:39:00 PM UTC	1293230340000	9	10	yes	17.1	221.7	20506	20827	9259	6463	307	44014	2029	1692	30	3975	1633	919
December 24, 2010 2:40:00 PM UTC	1293230400000	9	10	yes	17.0	221.8	20506	20827	9244	6619	293	43887	1970	1640	37	3983	1620	977
December 24, 2010 2:41:00 PM UTC	1293230460000	9	9	yes	16.9	222.0	20506	20827	9244	6619	298	43882	1954	1641	15	3994	1577	989
December 24, 2010 2:42:00 PM UTC	1293230520000	8	9	yes	16.7	222.2	20506	20827	9251	6568	311	43913	1971	1645	15	3995	1566	976
December 24, 2010 2:43:00 PM UTC	1293230580000	8	9	yes	16.6	222.4	20506	20827	9245	6618	306	43874	1937	1596	35	4003	1434	1089
December 24, 2010 2:44:00 PM UTC	1293230640000	8	10	yes	16.5	222.6	20506	20827	9253	6568	314	43908	1943	1598	29	4010	1356	1138
December 24, 2010 2:45:00 PM UTC	1293230700000	8	9	yes	16.3	222.8	20506	20827	9253	6559	319	43912	1940	1602	18	4015	1366	985
December 24, 2010 2:46:00 PM UTC	1293230760000	7	9	yes	16.2	223.0	20506	20827	9253	6559	326	43905	1920	1561	33	4027	1368	967
December 24, 2010 2:47:00 PM UTC	1293230820000	7	9	yes	16.1	223.2	20506	20827	9253	6559	331	43900	1914	1510	73	4031	1363	927
December 24, 2010 2:48:00 PM UTC	1293230880000	7	9	yes	15.9	223.4	20506	20827	9245	6609	319	43870	1881	1461	101	4041	1360	910
December 24, 2010 2:49:00 PM UTC	1293230940000	7	9	yes	15.8	223.6	20506	20827	9245	6609	328	43861	1874	1391	154	4042	1409	838
December 24, 2010 2:50:00 PM UTC	1293231000000	7	9	yes	15.6	223.8	20506	20827	9253	6507	340	43943	1887	1279	267	4053	1447	800
December 24, 2010 2:51:00 PM UTC	1293231060000	7	9	yes	15.5	224.0	20506	20827	9246	6605	337	43855	1848	1320	191	4065	1493	837
December 24, 2010 2:52:00 PM UTC	1293231120000	6	9	yes	15.4	224.1	20506	20827	9245	6609	340	43849	1838	1244	253	4070	1463	916
December 24, 2010 2:53:00 PM UTC	1293231180000	7	9	yes	15.2	224.3	20506	20827	9253	6559	357	43874	1856	1272	225	4076	1576	905
December 24, 2010 2:54:00 PM UTC	1293231240000	7	9	yes	15.1	224.5	20506	20827	9253	6560	362	43868	1834	1256	210	4092	1676	919
December 24, 2010 2:55:00 PM UTC	1293231300000	7	9	yes	14.9	224.7	20506	20827	9244	6609	354	43836	1805	1250	199	4094	1659	916
December 24, 2010 2:56:00 PM UTC	1293231360000	7	9	yes	14.8	224.9	20506	20827	9244	6609	361	43829	1792	1222	205	4103	1723	932
December 24, 2010 2:57:00 PM UTC	1293231420000	8	9	yes	14.7	225.1	20506	20827	9252	6560	369	43862	1805	1224	211	4110	1829	900
December 24, 2010 2:58:00 PM UTC	1293231480000	7	9	yes	14.5	225.3	20506	20827	9252	6548	372	43871	1787	1122	290	4123	1765	939
December 24, 2010 2:59:00 PM UTC	1293231540000	8	9	yes	14.4	225.5	20506	20827	9244	6600	365	43834	1749	1143	237	4139	1713	1022
December 24, 2010 3:00:00 PM UTC	1293231600000	7	9	yes	14.2	225.6	20506	20827	9251	6549	381	43862	1767	1125	250	4139	1547	1085
December 24, 2010 3:01:00 PM UTC	1293231660000	7	9	yes	14.1	225.8	20506	20827	9251	6549	381	43862	1754	1099	265	4151	1500	1040
December 24, 2010 3:02:00 PM UTC	1293231720000	7	9	yes	14.0	226.0	20506	20827	9244	6600	376	43823	1724	1066	230	4157	1448	1097
December 24, 2010 3:03:00 PM UTC	1293231780000	7	9	yes	13.8	226.2	20506	20827	9244	6600	379	43820	1709	1082	213	4171	1469	1091
December 24, 2010 3:04:00 PM UTC	1293231840000	7	9	yes	13.7	226.4	20506	20827	9251	6553	390	43849	1718	1060	231	4181	1493	1165
December 24, 2010 3:05:00 PM UTC	1293231900000	8	9	yes	13.5	226.6	20506	20827	9251	6553	395	43844	1704	1124	163	4195	1609	1222
December 24, 2010 3:06:00 PM UTC	1293231960000	8	9	yes	13.4	226.7	20506	20827	9244	6600	387	43812	1674	1145	119	4201	1567	1290
December 24, 2010 3:07:00 PM UTC	1293232020000	9	9	yes	13.2	226.9	20506	20827	9251	6553	402	43837	1680	1171	87	4216	1685	1208
December 24, 2010 3:08:00 PM UTC	1293232080000	9	9	yes	13.1	227.1	20506	20827	9251	6553	402	43837	1668	1161	90	4229	1773	1060
December 24, 2010 3:09:00 PM UTC	1293232140000	9	9	yes	12.9	227.3	20506	20827	9243	6600	398	43802	1640	1135	98	4236	1824	1058
December 24, 2010 3:10:00 PM UTC	1293232200000	9	9	yes	12.8	227.5	20506	20827	9243	6552	399	43849	1629	1143	84	4249	1737	1080
December 24, 2010 3:11:00 PM UTC	1293232260000	9	10	yes	12.6	227.6	20506	20827	9251	6450	410	43932	1643	1154	78	4264	1677	1044
December 24, 2010 3:12:00 PM UTC	1293232320000	9	10	yes	12.5	227.8	20506	20827	9250	6506	415	43872	1618	1151	52	4279	1718	964
December 24, 2010 3:13:00 PM UTC	1293232380000	9	9	yes	12.3	228.0	20506	20827	9243	6552	408	43840	1594	1157	28	4284	1743	895
December 24, 2010 3:14:00 PM UTC	1293232440000	10	10	yes	12.2	228.2	20506	20827	9251	6499	418	43875	1599	1171	10	4300	1917	858
December 24, 2010 3:15:00 PM UTC	1293232500000	10	9	yes	12.0	228.4	20506	20827	9250	6507	420	43866	1586	1158	5	4309	2012	836
December 24, 2010 3:16:00 PM UTC	1293232560000	11	10	yes	11.9	228.5	20506	20827	9250	6507	425	43861	1570	1127	18	4324	2171	770
December 24, 2010 3:17:00 PM UTC	1293232620000	11	10	yes	11.7	228.7	20506	20827	9251	6499	426	43867	1565	1139	0	4333	2247	767
December 24, 2010 3:18:00 PM UTC	1293232680000	12	10	yes	11.6	228.9	20506	20827	9249	6508	424	43862	1548	1124	0	4349	2334	768
December 24, 2010 3:19:00 PM UTC	1293232740000	12	9	yes	11.4	229.1	20506	20827	9249	6508	429	43857	1533	1104	0	4362	2440	775
December 24, 2010 3:20:00 PM UTC	1293232800000	12	10	yes	11.3	229.2	20506	20827	9241	6564	422	43816	1501	1079	0	4372	2482	789
December 24, 2010 3:21:00 PM UTC	1293232860000	11	9	no	11.1	229.4	20506	20827	9249	6508	431	43855	1508	1072	5	4384	2369	863
December 24, 2010 3:22:00 PM UTC	1293232920000	10	10	no	11.0	229.6	20506	20827	9249	6508	431	43855	1498	1067	0	4399	2250	1060
December 24, 2010 3:23:00 PM UTC	1293232980000	10	10	no	10.8	229.8	20506	20827	9240	6562	423	43818	1459	1034	2	4415	2145	1199
December 24, 2010 3:24:00 PM UTC	1293233040000	9	10	yes	10.7	229.9	20506	20827	9255	6463	441	43884	1483	1034	8	4428	2140	1049
December 24, 2010 3:25:00 PM UTC	1293233100000	8	9	yes	10.5	230.1	20506	20827	9249	6464	437	43893	1465	1023	5	4432	2038	1011
December 24, 2010 3:26:00 PM UTC	1293233160000	8	8	yes	10.4	230.3	20506	20827	9241	6521	430	43851	1434	998	6	4446	2047	826
December 24, 2010 3:27:00 PM UTC	1293233220000	8	7	yes	10.2	230.5	20506	20827	9246	6525	438	43834	1429	982	9	4460	2017	794
December 24, 2010 3:28:00 PM UTC	1293233280000	7	6	yes	10.1	230.6	20506	20827	9247	6525	436	43835	1411	968	5	4479	1912	882
December 24, 2010 3:29:00 PM UTC	1293233340000	7	6	yes	9.9	230.8	20506	20827	9241	6564	437	43801	1392	909	43	4483	1862	919
December 24, 2010 3:30:00 PM UTC	1293233400000	7	6	yes	9.7	231.0	20506	20827	9247	6525	443	43828	1388	903	39	4500	1958	878
December 24, 2010 3:31:00 PM UTC	1293233460000	7	6	yes	9.6	231.1	20506	20827	9247	6525	438	43833	1377	887	46	4512	2023	792
December 24, 2010 3:32:00 PM UTC	1293233520000	7	6	yes	9.4	231.3	20506	20827	9247	6525	443	43828	1360	890	24	4530	2063	704
December 24, 2010 3:33:00 PM UTC	1293233580000	8	6	yes	9.3	231.5	20506	20827	9247	6525	448	43823	1351	877	19	4538	2173	742
December 24, 2010 3:34:00 PM UTC	1293233640000	8	6	yes	9.1	231.6	20506	20827	9248	6524	453	43818	1340	861	19	4551	2212	784
December 24, 2010 3:35:00 PM UTC	1293233700000	7	7	yes	9.0	231.8	20506	20827	9248	6524	454	43817	1322	853	9	4568	2028	1060
December 24, 2010 3:36:00 PM UTC	1293233760000	7	7	yes	8.8	232.0	20506	20827	9255	6482	460	43846	1327	845	11	4582	1862	1308
December 24, 2010 3:37:00 PM UTC	1293233820000	6	8	yes	8.6	232.2	20506	20827	9240	6583	450	43770	1281	801	16	4589	1879	1390
December 24, 2010 3:38:00 PM UTC	1293233880000	7	8	yes	8.5	232.3	20506	20827	9247	6524	452	43820	1285	799	13	4602	2055	1419
December 24, 2010 3:39:00 PM UTC	1293233940000	7	8	yes	8.3	232.5	20506	20827	9247	6500	453	43843	1265	764	20	4627	2018	1443
December 24, 2010 3:40:00 PM UTC	1293234000000	7	7	yes	8.2	232.7	20506	20827	9247	6500	454	43842	1259	693	76	4633	2005	1369
December 24, 2010 3:41:00 PM UTC	1293234060000	7	6	yes	8.0	232.8	20506	20827	9255	6442	470	43876	1263	723	28	4647	1943	1166
December 24, 2010 3:42:00 PM UTC	1293234120000	7	6	yes	7.8	233.0	20506	20827	9245	6556	462	43780	1226	677	36	4659	1875	1031
December 24, 2010 3:43:00 PM UTC	1293234180000	6	6	yes	7.7	233.2	20506	20827	9245	6556	465	43777	1214	601	72	4671	1807	953
December 24, 2010 3:44:00 PM UTC	1293234240000	6	6	yes	7.5	233.3	20506	20827	9254	6498	474	43817	1218	597	68	4685	1706	932
December 24, 2010 3:45:00 PM UTC	1293234300000	5	7	yes	7.4	233.5	20506	20827	9246	6556	462	43779	1187	500	126	4695	1565	1069
December 24, 2010 3:46:00 PM UTC	1293234360000	5	7	yes	7.2	233.6	20506	20827	9252	6514	471	43806	1181	520	68	4716	1496	1012
December 24, 2010 3:47:00 PM UTC	1293234420000	4	7	yes	7.0	233.8	20506	20827	9246	6556	462	43779	1160	414	109	4728	1292	1053
December 24, 2010 3:48:00 PM UTC	1293234480000	4	7	yes	6.9	234.0	20506	20827	9245	6556	464	43778	1147	331	117	4741	1191	1094
December 24, 2010 3:49:00 PM UTC	1293234540000	3	7	yes	6.7	234.1	20506	20827	9251	6517	472	43803	1144	250	95	4752	1075	1152
December 24, 2010 3:50:00 PM UTC	1293234600000	3	7	yes	6.6	234.3	20506	20827	9243	6573	464	43763	1115	175	94	4767	900	1051
December 24, 2010 3:51:00 PM UTC	1293234660000	2	7	yes	6.4	234.5	20506	20827	9251	6512	474	43806	1119	111	119	4786	753	1112
December 24, 2010 3:52:00 PM UTC	1293234720000	2	6	yes	6.2	234.6	20506	20827	9252	6518	471	43802	1108	68	102	4781	607	1042
December 24, 2010 3:53:00 PM UTC	1293234780000	2	5	yes	6.1	234.8	20506	20827	9242	6541	468	43792	1077	74	88	4808	370	954
December 24, 2010 3:54:00 PM UTC	1293234840000	1	5	yes	5.9	234.9	20506	20827	9251	6482	479	43831	1083	110	103	4836	303	754
December 24, 2010 3:55:00 PM UTC	1293234900000	1	5	yes	5.7	235.1	20506	20827	9251	6482	488	43822	1065	112	147	4831	294	497
December 24, 2010 3:56:00 PM UTC	1293234960000	1	5	yes	5.6	235.3	20506	20827	9252	6480	496	43815	1055	153	133	4849	279	432
December 24, 2010 3:57:00 PM UTC	1293235020000	1	4	yes	5.4	235.4	20506	20827	9246	6480	492	43825	1028	170	121	4868	267	310
December 24, 2010 3:58:00 PM UTC	1293235080000	1	4	yes	5.2	235.6	20506	20827	9252	6475	505	43811	1030	167	121	4861	271	187
December 24, 2010 3:59:00 PM UTC	1293235140000	1	4	yes	5.1	235.7	20506	20827	9248	6496	513	43786	1012	176	127	4880	252	207
December 24, 2010 4:00:00 PM UTC	1293235200000	1	4	yes	4.9	235.9	20506	20827	9248	6496	517	43782	995	200	103	4905	293	159
December 24, 2010 4:01:00 PM UTC	1293235260000	2	4	yes	4.7	236.1	20506	20827	9248	6496	520	43779	983	216	138	4909	326	195
December 24, 2010 4:02:00 PM UTC	1293235320000	2	3	yes	4.6	236.2	20506	20827	9243	6533	526	43741	957	251	92	4918	399	189
December 24, 2010 4:03:00 PM UTC	1293235380000	2	3	yes	4.4	236.4	20506	20827	9248	6496	541	43758	960	236	118	4937	476	219
December 24, 2010 4:04:00 PM UTC	1293235440000	2	3	yes	4.2	236.5	20506	20827	9248	6496	550	43749	948	259	95	4946	565	274
December 24, 2010 4:05:00 PM UTC	1293235500000	2	3	yes	4.1	236.7	20506	20827	9248	6496	566	43733	931	274	75	4963	698	236
December 24, 2010 4:06:00 PM UTC	1293235560000	3	3	yes	3.9	236.9	20506	20827	9248	6496	578	43721	915	242	121	4976	760	324
December 24, 2010 4:07:00 PM UTC	1293235620000	3	3	yes	3.7	237.0	20506	20827	9239	6556	586	43662	886	217	125	4983	901	349
December 24, 2010 4:08:00 PM UTC	1293235680000	3	3	yes	3.6	237.2	20506	20827	9249	6468	618	43708	893	210	101	5005	1001	390
December 24, 2010 4:09:00 PM UTC	1293235740000	3	3	yes	3.4	237.3	20506	20827	9249	6468	652	43674	879	192	96	5017	1078	439
December 24, 2010 4:10:00 PM UTC	1293235800000	3	3	yes	3.2	237.5	20506	20827	9247	6494	675	43627	860	209	70	5024	1119	520
December 24, 2010 4:11:00 PM UTC	1293235860000	3	3	yes	3.1	237.6	20506	20827	9256	6431	713	43643	864	191	72	5048	949	735
