June 11, 2008 5:00:00 AM UTC	1213189200000	0	3	yes	5.4	65.1	20506	20827	9246	6561	493	43743	1028	94	355	4855	30	1152
June 11, 2008 5:01:00 AM UTC	1213189260000	0	3	yes	5.6	65.2	20506	20827	9249	6532	488	43774	1054	86	320	4842	33	997
June 11, 2008 5:02:00 AM UTC	1213189320000	0	4	yes	5.8	65.4	20506	20827	9249	6532	477	43785	1065	99	433	4828	34	1114
June 11, 2008 5:03:00 AM UTC	1213189380000	1	4	yes	5.9	65.5	20506	20827	9246	6562	459	43776	1074	110	409	4806	64	1281
June 11, 2008 5:04:00 AM UTC	1213189440000	0	4	yes	6.1	65.6	20506	20827	9246	6562	470	43765	1089	108	475	4792	32	1279
June 11, 2008 5:05:00 AM UTC	1213189500000	0	4	yes	6.3	65.8	20506	20827	9246	6562	467	43768	1104	85	386	4777	19	1125
June 11, 2008 5:06:00 AM UTC	1213189560000	0	3	yes	6.5	65.9	20506	20827	9250	6534	467	43792	1126	94	426	4763	20	1085
June 11, 2008 5:07:00 AM UTC	1213189620000	1	4	yes	6.7	66.1	20506	20827	9251	6487	471	43834	1143	76	510	4753	49	1141
June 11, 2008 5:08:00 AM UTC	1213189680000	0	4	yes	6.9	66.2	20506	20827	9251	6487	472	43833	1159	67	523	4736	23	1011
June 11, 2008 5:09:00 AM UTC	1213189740000	0	4	yes	7.0	66.3	20506	20827	9251	6488	470	43834	1175	67	468	4721	25	1178
June 11, 2008 5:10:00 AM UTC	1213189800000	1	4	yes	7.2	66.5	20506	20827	9251	6488	471	43833	1190	134	474	4704	29	1245
June 11, 2008 5:11:00 AM UTC	1213189860000	1	4	yes	7.4	66.6	20506	20827	9246	6527	462	43808	1193	89	553	4688	27	1157
June 11, 2008 5:12:00 AM UTC	1213189920000	1	4	yes	7.6	66.8	20506	20827	9255	6510	465	43813	1227	85	471	4673	36	1076
June 11, 2008 5:13:00 AM UTC	1213189980000	0	4	yes	7.8	66.9	20506	20827	9251	6538	466	43788	1229	69	534	4663	28	1143
June 11, 2008 5:14:00 AM UTC	1213190040000	0	4	yes	8.0	67.0	20506	20827	9240	6604	456	43743	1230	68	573	4636	25	1139
June 11, 2008 5:15:00 AM UTC	1213190100000	0	4	yes	8.2	67.2	20506	20827	9240	6604	451	43748	1242	117	539	4626	13	1109
June 11, 2008 5:16:00 AM UTC	1213190160000	0	4	yes	8.3	67.3	20506	20827	9248	6551	461	43783	1277	50	546	4612	20	1096
June 11, 2008 5:17:00 AM UTC	1213190220000	0	4	yes	8.5	67.4	20506	20827	9245	6579	452	43767	1280	95	579	4596	24	1201
June 11, 2008 5:18:00 AM UTC	1213190280000	0	4	yes	8.7	67.6	20506	20827	9245	6579	451	43768	1293	103	589	4583	17	1065
June 11, 2008 5:19:00 AM UTC	1213190340000	1	4	yes	8.9	67.7	20506	20827	9256	6513	456	43818	1330	123	600	4570	24	1113
June 11, 2008 5:20:00 AM UTC	1213190400000	1	4	yes	9.1	67.9	20506	20827	9245	6579	446	43773	1321	112	621	4554	24	1020
June 11, 2008 5:21:00 AM UTC	1213190460000	1	4	yes	9.3	68.0	20506	20827	9245	6579	441	43778	1337	110	612	4538	16	1046
June 11, 2008 5:22:00 AM UTC	1213190520000	0	4	yes	9.5	68.1	20506	20827	9258	6489	450	43846	1381	76	650	4531	8	988
June 11, 2008 5:23:00 AM UTC	1213190580000	0	4	yes	9.6	68.3	20506	20827	9243	6581	438	43781	1367	93	656	4509	14	1096
June 11, 2008 5:24:00 AM UTC	1213190640000	0	4	yes	9.8	68.4	20506	20827	9243	6581	434	43785	1382	73	702	4492	10	1063
June 11, 2008 5:25:00 AM UTC	1213190700000	0	4	yes	10.0	68.5	20506	20827	9243	6581	432	43787	1398	111	643	4476	11	1009
June 11, 2008 5:26:00 AM UTC	1213190760000	0	4	yes	10.2	68.7	20506	20827	9243	6582	431	43787	1416	92	693	4457	9	934
June 11, 2008 5:27:00 AM UTC	1213190820000	0	4	yes	10.4	68.8	20506	20827	9243	6582	428	43790	1433	72	655	4441	7	877
June 11, 2008 5:28:00 AM UTC	1213190880000	0	4	yes	10.6	68.9	20506	20827	9247	6550	435	43811	1464	104	724	4425	15	964
June 11, 2008 5:29:00 AM UTC	1213190940000	1	4	yes	10.8	69.1	20506	20827	9248	6555	433	43807	1469	113	663	4416	22	861
June 11, 2008 5:30:00 AM UTC	1213191000000	0	3	yes	10.9	69.2	20506	20827	9248	6548	430	43817	1494	91	684	4394	11	819
June 11, 2008 5:31:00 AM UTC	1213191060000	0	3	yes	11.1	69.4	20506	20827	9248	6548	433	43814	1506	73	628	4382	8	784
June 11, 2008 5:32:00 AM UTC	1213191120000	0	3	yes	11.3	69.5	20506	20827	9248	6549	428	43818	1521	85	623	4369	8	781
June 11, 2008 5:33:00 AM UTC	1213191180000	0	3	yes	11.5	69.6	20506	20827	9246	6615	423	43759	1528	83	679	4352	8	803
June 11, 2008 5:34:00 AM UTC	1213191240000	0	3	yes	11.7	69.8	20506	20827	9250	6589	425	43779	1555	79	711	4336	5	756
June 11, 2008 5:35:00 AM UTC	1213191300000	0	3	yes	11.9	69.9	20506	20827	9237	6679	406	43721	1534	117	713	4322	8	739
June 11, 2008 5:36:00 AM UTC	1213191360000	0	3	yes	12.1	70.0	20506	20827	9248	6612	412	43771	1569	89	695	4311	4	722
June 11, 2008 5:37:00 AM UTC	1213191420000	0	3	yes	12.3	70.2	20506	20827	9248	6612	412	43771	1592	73	717	4287	4	737
June 11, 2008 5:38:00 AM UTC	1213191480000	0	3	yes	12.5	70.3	20506	20827	9237	6553	403	43850	1592	99	668	4273	6	705
June 11, 2008 5:39:00 AM UTC	1213191540000	0	3	yes	12.6	70.4	20506	20827	9248	6486	409	43900	1635	102	691	4255	4	699
June 11, 2008 5:40:00 AM UTC	1213191600000	0	3	yes	12.8	70.6	20506	20827	9252	6464	409	43918	1657	91	696	4243	4	677
June 11, 2008 5:41:00 AM UTC	1213191660000	0	3	yes	13.0	70.7	20506	20827	9244	6535	397	43867	1653	50	782	4225	6	718
June 11, 2008 5:42:00 AM UTC	1213191720000	0	3	yes	13.2	70.8	20506	20827	9252	6467	405	43919	1691	51	720	4211	3	704
June 11, 2008 5:43:00 AM UTC	1213191780000	0	3	yes	13.4	71.0	20506	20827	9252	6467	401	43923	1700	52	748	4205	7	703
June 11, 2008 5:44:00 AM UTC	1213191840000	0	3	yes	13.6	71.1	20506	20827	9241	6534	383	43885	1691	72	748	4183	3	669
June 11, 2008 5:45:00 AM UTC	1213191900000	0	3	yes	13.8	71.2	20506	20827	9241	6534	380	43888	1704	55	767	4174	2	665
June 11, 2008 5:46:00 AM UTC	1213191960000	0	3	yes	14.0	71.4	20506	20827	9255	6447	392	43949	1761	67	766	4156	2	683
June 11, 2008 5:47:00 AM UTC	1213192020000	0	3	yes	14.2	71.5	20506	20827	9244	6512	379	43908	1750	99	824	4145	4	622
June 11, 2008 5:48:00 AM UTC	1213192080000	0	3	yes	14.3	71.6	20506	20827	9244	6514	375	43910	1773	74	822	4127	2	675
June 11, 2008 5:49:00 AM UTC	1213192140000	0	3	yes	14.5	71.8	20506	20827	9256	6445	381	43961	1812	97	786	4118	1	637
June 11, 2008 5:50:00 AM UTC	1213192200000	0	3	yes	14.7	71.9	20506	20827	9245	6528	362	43908	1789	69	829	4109	1	679
June 11, 2008 5:51:00 AM UTC	1213192260000	0	3	yes	14.9	72.0	20506	20827	9245	6528	358	43912	1810	97	848	4093	1	673
June 11, 2008 5:52:00 AM UTC	1213192320000	0	3	yes	15.1	72.2	20506	20827	9254	6462	367	43960	1848	58	858	4084	1	640
June 11, 2008 5:53:00 AM UTC	1213192380000	0	4	yes	15.3	72.3	20506	20827	9244	6521	348	43930	1838	60	886	4073	1	681
June 11, 2008 5:54:00 AM UTC	1213192440000	0	3	yes	15.5	72.4	20506	20827	9244	6521	340	43938	1861	114	834	4061	0	638
June 11, 2008 5:55:00 AM UTC	1213192500000	0	3	yes	15.7	72.6	20506	20827	9244	6521	338	43940	1881	95	878	4047	0	639
June 11, 2008 5:56:00 AM UTC	1213192560000	0	4	yes	15.9	72.7	20506	20827	9246	6515	329	43953	1890	103	901	4040	0	628
June 11, 2008 5:57:00 AM UTC	1213192620000	0	3	yes	16.1	72.8	20506	20827	9244	6575	318	43906	1892	127	876	4028	0	648
June 11, 2008 5:58:00 AM UTC	1213192680000	0	4	yes	16.3	73.0	20506	20827	9244	6575	317	43907	1910	97	936	4018	0	589
June 11, 2008 5:59:00 AM UTC	1213192740000	0	3	yes	16.5	73.1	20506	20827	9243	6576	315	43909	1927	119	847	4006	0	626
June 11, 2008 6:00:00 AM UTC	1213192800000	0	4	yes	16.6	73.2	20506	20827	9247	6555	312	43929	1953	76	935	3999	0	629
June 11, 2008 6:01:00 AM UTC	1213192860000	0	4	yes	16.8	73.4	20506	20827	9247	6555	306	43935	1971	48	987	3988	0	599
June 11, 2008 6:02:00 AM UTC	1213192920000	0	4	yes	17.0	73.5	20506	20827	9256	6487	309	43991	2018	121	993	3977	0	649
June 11, 2008 6:03:00 AM UTC	1213192980000	0	4	yes	17.2	73.6	20506	20827	9246	6556	293	43948	1998	125	1106	3970	0	656
June 11, 2008 6:04:00 AM UTC	1213193040000	0	4	yes	17.4	73.7	20506	20827	9246	6556	288	43953	2011	112	1054	3962	0	619
June 11, 2008 6:05:00 AM UTC	1213193100000	0	4	yes	17.6	73.9	20506	20827	9257	6488	293	44005	2052	147	1045	3954	0	638
June 11, 2008 6:06:00 AM UTC	1213193160000	0	4	yes	17.8	74.0	20506	20827	9247	6558	278	43960	2046	148	1043	3940	0	637
June 11, 2008 6:07:00 AM UTC	1213193220000	1	4	yes	18.0	74.1	20506	20827	9248	6518	276	44001	2067	163	1091	3933	0	620
June 11, 2008 6:08:00 AM UTC	1213193280000	1	4	yes	18.2	74.3	20506	20827	9248	6518	263	44014	2073	181	1049	3937	0	637
June 11, 2008 6:09:00 AM UTC	1213193340000	0	4	yes	18.4	74.4	20506	20827	9248	6518	250	44027	2096	110	1070	3920	0	591
June 11, 2008 6:10:00 AM UTC	1213193400000	0	4	yes	18.6	74.5	20506	20827	9248	6518	242	44035	2107	110	1103	3912	0	598
June 11, 2008 6:11:00 AM UTC	1213193460000	0	4	yes	18.8	74.7	20506	20827	9248	6518	234	44043	2120	102	1115	3904	0	595
June 11, 2008 6:12:00 AM UTC	1213193520000	1	4	yes	19.0	74.8	20506	20827	9248	6520	225	44050	2137	181	1128	3903	0	579
June 11, 2008 6:13:00 AM UTC	1213193580000	0	4	yes	19.2	74.9	20506	20827	9248	6520	215	44060	2157	163	1176	3892	0	621
June 11, 2008 6:14:00 AM UTC	1213193640000	1	4	yes	19.3	75.1	20506	20827	9251	6502	208	44082	2177	181	1192	3887	0	617
June 11, 2008 6:15:00 AM UTC	1213193700000	1	4	yes	19.5	75.2	20506	20827	9250	6503	198	44092	2186	179	1164	3886	0	608
June 11, 2008 6:16:00 AM UTC	1213193760000	1	4	yes	19.7	75.3	20506	20827	9250	6503	185	44105	2204	172	1178	3875	0	598
June 11, 2008 6:17:00 AM UTC	1213193820000	1	4	yes	19.9	75.4	20506	20827	9250	6503	179	44111	2221	202	1171	3872	0	582
June 11, 2008 6:18:00 AM UTC	1213193880000	0	4	yes	20.1	75.6	20506	20827	9250	6505	170	44118	2235	104	1228	3866	0	579
June 11, 2008 6:19:00 AM UTC	1213193940000	0	4	yes	20.3	75.7	20506	20827	9250	6505	160	44128	2243	124	1240	3865	0	580
June 11, 2008 6:20:00 AM UTC	1213194000000	0	4	yes	20.5	75.8	20506	20827	9250	6505	151	44137	2264	153	1253	3851	0	557
June 11, 2008 6:21:00 AM UTC	1213194060000	0	4	yes	20.7	76.0	20506	20827	9238	6641	127	44037	2226	158	1249	3850	0	565
June 11, 2008 6:22:00 AM UTC	1213194120000	0	4	yes	20.9	76.1	20506	20827	9250	6557	131	44105	2289	173	1219	3846	0	541
June 11, 2008 6:23:00 AM UTC	1213194180000	0	4	yes	21.1	76.2	20506	20827	9250	6557	121	44115	2299	140	1212	3845	0	526
June 11, 2008 6:24:00 AM UTC	1213194240000	0	4	yes	21.3	76.4	20506	20827	9240	6627	98	44078	2279	163	1173	3839	0	498
June 11, 2008 6:25:00 AM UTC	1213194300000	1	4	yes	21.5	76.5	20506	20827	9251	6558	94	44140	2329	157	1185	3831	0	488
June 11, 2008 6:26:00 AM UTC	1213194360000	1	4	yes	21.7	76.6	20506	20827	9251	6558	85	44149	2339	174	1167	3833	0	493
June 11, 2008 6:27:00 AM UTC	1213194420000	1	4	yes	21.9	76.8	20506	20827	9240	6627	64	44112	2322	169	1159	3831	0	495
June 11, 2008 6:28:00 AM UTC	1213194480000	0	4	yes	22.1	76.9	20506	20827	9251	6556	59	44177	2373	132	1300	3822	0	503
June 11, 2008 6:29:00 AM UTC	1213194540000	1	4	yes	22.3	77.0	20506	20827	9251	6556	45	44191	2390	251	1194	3819	0	530
June 11, 2008 6:30:00 AM UTC	1213194600000	0	4	yes	22.5	77.1	20506	20827	9242	6615	26	44160	2369	147	1239	3819	0	498
June 11, 2008 6:31:00 AM UTC	1213194660000	1	4	yes	22.7	77.3	20506	20827	9253	6545	24	44221	2417	222	1205	3818	0	479
June 11, 2008 6:32:00 AM UTC	1213194720000	0	4	yes	22.9	77.4	20506	20827	9251	6558	10	44224	2430	185	1296	3811	0	470
June 11, 2008 6:33:00 AM UTC	1213194780000	0	4	yes	23.0	77.5	20506	20827	9240	6629	1	44173	2402	150	1284	3810	0	465
June 11, 2008 6:34:00 AM UTC	1213194840000	1	4	yes	23.2	77.7	20506	20827	9240	6595	0	44208	2418	269	1169	3811	0	458
June 11, 2008 6:35:00 AM UTC	1213194900000	1	4	yes	23.4	77.8	20506	20827	9251	6527	0	44265	2463	268	1207	3811	0	431
June 11, 2008 6:36:00 AM UTC	1213194960000	1	4	yes	23.6	77.9	20506	20827	9240	6597	0	44206	2447	290	1159	3808	0	421
June 11, 2008 6:37:00 AM UTC	1213195020000	1	4	yes	23.8	78.1	20506	20827	9240	6597	0	44206	2460	268	1160	3802	0	450
June 11, 2008 6:38:00 AM UTC	1213195080000	1	4	yes	24.0	78.2	20506	20827	9254	6428	0	44361	2530	282	1188	3806	0	423
June 11, 2008 6:39:00 AM UTC	1213195140000	1	4	yes	24.2	78.3	20506	20827	9242	6513	0	44288	2494	245	1117	3811	0	429
June 11, 2008 6:40:00 AM UTC	1213195200000	1	4	yes	24.4	78.5	20506	20827	9242	6513	0	44288	2513	224	1140	3802	0	433
June 11, 2008 6:41:00 AM UTC	1213195260000	1	4	yes	24.6	78.6	20506	20827	9253	6430	0	44360	2573	188	1188	3802	0	429
June 11, 2008 6:42:00 AM UTC	1213195320000	1	4	yes	24.8	78.7	20506	20827	9243	6495	0	44305	2542	189	1187	3807	0	416
June 11, 2008 6:43:00 AM UTC	1213195380000	1	4	yes	25.0	78.8	20506	20827	9243	6495	0	44305	2559	209	1179	3805	0	400
June 11, 2008 6:44:00 AM UTC	1213195440000	1	4	yes	25.2	79.0	20506	20827	9253	6429	0	44361	2603	246	1219	3806	0	442
June 11, 2008 6:45:00 AM UTC	1213195500000	1	4	yes	25.4	79.1	20506	20827	9243	6503	0	44297	2580	245	1214	3808	0	409
June 11, 2008 6:46:00 AM UTC	1213195560000	1	4	yes	25.6	79.2	20506	20827	9243	6507	0	44293	2592	234	1218	3812	0	447
June 11, 2008 6:47:00 AM UTC	1213195620000	1	4	yes	25.8	79.4	20506	20827	9255	6493	0	44295	2634	310	1128	3807	0	425
June 11, 2008 6:48:00 AM UTC	1213195680000	0	4	yes	26.0	79.5	20506	20827	9245	6560	0	44238	2608	139	1190	3811	0	354
June 11, 2008 6:49:00 AM UTC	1213195740000	0	4	yes	26.2	79.6	20506	20827	9245	6560	0	44238	2618	122	1234	3811	0	406
June 11, 2008 6:50:00 AM UTC	1213195800000	0	4	yes	26.4	79.8	20506	20827	9245	6560	0	44238	2629	100	1223	3815	0	403
June 11, 2008 6:51:00 AM UTC	1213195860000	0	3	yes	26.6	79.9	20506	20827	9246	6560	0	44237	2637	111	1203	3819	0	322
June 11, 2008 6:52:00 AM UTC	1213195920000	0	3	yes	26.8	80.0	20506	20827	9246	6560	0	44237	2645	95	1162	3827	0	329
June 11, 2008 6:53:00 AM UTC	1213195980000	0	4	yes	27.0	80.2	20506	20827	9246	6560	0	44237	2659	105	1167	3826	0	362
June 11, 2008 6:54:00 AM UTC	1213196040000	0	3	yes	27.2	80.3	20506	20827	9247	6560	0	44236	2671	94	1179	3821	0	348
June 11, 2008 6:55:00 AM UTC	1213196100000	0	3	yes	27.4	80.4	20506	20827	9247	6560	0	44236	2677	99	1180	3839	0	298
June 11, 2008 6:56:00 AM UTC	1213196160000	0	3	yes	27.6	80.6	20506	20827	9247	6560	0	44236	2684	102	1132	3840	0	321
June 11, 2008 6:57:00 AM UTC	1213196220000	0	3	yes	27.8	80.7	20506	20827	9250	6549	0	44244	2707	141	1070	3824	0	324
June 11, 2008 6:58:00 AM UTC	1213196280000	0	3	yes	28.0	80.8	20506	20827	9250	6549	0	44244	2716	33	1115	3852	0	327
June 11, 2008 6:59:00 AM UTC	1213196340000	0	3	yes	28.2	81.0	20506	20827	9250	6520	0	44273	2725	42	1098	3846	0	258
June 11, 2008 7:00:00 AM UTC	1213196400000	0	3	yes	28.4	81.1	20506	20827	9251	6521	0	44271	2725	67	1063	3852	0	256
June 11, 2008 7:01:00 AM UTC	1213196460000	0	3	yes	28.6	81.2	20506	20827	9251	6521	0	44271	2742	64	1051	3865	0	268
June 11, 2008 7:02:00 AM UTC	1213196520000	0	3	yes	28.8	81.3	20506	20827	9251	6521	0	44271	2743	59	1029	3869	0	247
June 11, 2008 7:03:00 AM UTC	1213196580000	0	3	yes	29.0	81.5	20506	20827	9252	6520	0	44271	2757	83	1063	3872	0	208
June 11, 2008 7:04:00 AM UTC	1213196640000	0	3	yes	29.2	81.6	20506	20827	9252	6520	0	44271	2764	74	999	3883	0	279
June 11, 2008 7:05:00 AM UTC	1213196700000	0	3	yes	29.4	81.7	20506	20827	9252	6538	0	44253	2772	103	976	3881	0	270
June 11, 2008 7:06:00 AM UTC	1213196760000	0	3	yes	29.6	81.9	20506	20827	9253	6527	0	44263	2785	131	958	3895	0	284
June 11, 2008 7:07:00 AM UTC	1213196820000	0	3	yes	29.8	82.0	20506	20827	9254	6518	0	44271	2795	131	938	3902	0	245
June 11, 2008 7:08:00 AM UTC	1213196880000	0	3	yes	30.0	82.1	20506	20827	9254	6518	0	44271	2807	49	927	3904	0	229
June 11, 2008 7:09:00 AM UTC	1213196940000	0	3	yes	30.2	82.3	20506	20827	9255	6519	0	44269	2802	72	849	3922	0	259
June 11, 2008 7:10:00 AM UTC	1213197000000	0	3	yes	30.4	82.4	20506	20827	9255	6519	0	44269	2817	64	875	3924	0	240
June 11, 2008 7:11:00 AM UTC	1213197060000	0	2	yes	30.6	82.5	20506	20827	9255	6519	0	44269	2827	73	798	3929	0	225
June 11, 2008 7:12:00 AM UTC	1213197120000	0	2	yes	30.8	82.7	20506	20827	9256	6520	0	44267	2828	110	774	3939	0	206
June 11, 2008 7:13:00 AM UTC	1213197180000	0	2	yes	31.0	82.8	20506	20827	9256	6520	0	44267	2827	112	745	3953	0	168
June 11, 2008 7:14:00 AM UTC	1213197240000	0	2	yes	31.2	82.9	20506	20827	9256	6520	0	44267	2834	121	767	3962	1	200
June 11, 2008 7:15:00 AM UTC	1213197300000	0	2	yes	31.4	83.1	20506	20827	9256	6597	0	44190	2823	154	663	3967	0	243
June 11, 2008 7:16:00 AM UTC	1213197360000	0	2	yes	31.6	83.2	20506	20827	9256	6597	0	44190	2817	117	729	3986	0	246
June 11, 2008 7:17:00 AM UTC	1213197420000	0	2	yes	31.8	83.4	20506	20827	9256	6597	0	44190	2821	113	701	3996	0	219
June 11, 2008 7:18:00 AM UTC	1213197480000	14	4	yes	32.0	83.5	20506	20827	9257	6577	0	44209	2832	104	1067	4012	2	488
June 11, 2008 7:19:00 AM UTC	1213197540000	0	2	yes	32.2	83.6	20506	20827	9257	6577	0	44209	2840	136	678	4020	0	227
June 11, 2008 7:20:00 AM UTC	1213197600000	0	2	yes	32.3	83.8	20506	20827	9257	6577	0	44209	2837	112	702	4038	0	218
June 11, 2008 7:21:00 AM UTC	1213197660000	1	2	yes	32.5	83.9	20506	20827	9257	6583	0	44203	2842	178	632	4047	1	203
June 11, 2008 7:22:00 AM UTC	1213197720000	0	2	yes	32.7	84.0	20506	20827	9258	6500	0	44285	2869	30	705	4057	0	245
June 11, 2008 7:23:00 AM UTC	1213197780000	0	2	yes	32.9	84.2	20506	20827	9258	6474	0	44311	2865	35	712	4077	3	205
June 11, 2008 7:24:00 AM UTC	1213197840000	0	2	yes	33.1	84.3	20506	20827	9258	6474	0	44311	2868	55	672	4092	1	193
June 11, 2008 7:25:00 AM UTC	1213197900000	0	2	yes	33.3	84.4	20506	20827	9258	6486	0	44299	2869	57	605	4106	0	218
June 11, 2008 7:26:00 AM UTC	1213197960000	0	2	yes	33.5	84.6	20506	20827	9248	6557	0	44238	2832	51	560	4118	0	231
June 11, 2008 7:27:00 AM UTC	1213198020000	0	2	yes	33.7	84.7	20506	20827	9259	6486	0	44298	2867	90	595	4141	0	218
June 11, 2008 7:28:00 AM UTC	1213198080000	0	2	yes	33.9	84.8	20506	20827	9259	6486	0	44298	2873	89	571	4154	1	233
June 11, 2008 7:29:00 AM UTC	1213198140000	0	2	yes	34.1	85.0	20506	20827	9248	6557	0	44238	2825	95	555	4178	1	241
June 11, 2008 7:30:00 AM UTC	1213198200000	0	2	yes	34.3	85.1	20506	20827	9260	6480	0	44303	2874	138	507	4190	1	268
June 11, 2008 7:31:00 AM UTC	1213198260000	0	2	yes	34.5	85.3	20506	20827	9260	6480	0	44303	2871	130	560	4211	4	267
June 11, 2008 7:32:00 AM UTC	1213198320000	0	2	yes	34.7	85.4	20506	20827	9249	6551	0	44243	2826	129	482	4223	6	247
June 11, 2008 7:33:00 AM UTC	1213198380000	0	2	yes	34.9	85.5	20506	20827	9260	6481	0	44302	2866	47	476	4246	4	250
June 11, 2008 7:34:00 AM UTC	1213198440000	0	2	yes	35.1	85.7	20506	20827	9260	6481	0	44302	2863	47	459	4260	5	256
June 11, 2008 7:35:00 AM UTC	1213198500000	0	2	yes	35.3	85.8	20506	20827	9249	6552	0	44242	2826	33	421	4273	5	222
June 11, 2008 7:36:00 AM UTC	1213198560000	0	2	yes	35.5	85.9	20506	20827	9260	6482	0	44301	2869	85	449	4293	6	230
June 11, 2008 7:37:00 AM UTC	1213198620000	0	1	yes	35.7	86.1	20506	20827	9260	6482	0	44301	2864	77	382	4309	9	208
June 11, 2008 7:38:00 AM UTC	1213198680000	0	1	yes	35.9	86.2	20506	20827	9250	6553	0	44240	2818	75	370	4328	7	265
June 11, 2008 7:39:00 AM UTC	1213198740000	0	1	yes	36.1	86.4	20506	20827	9260	6484	0	44299	2863	103	328	4345	3	232
June 11, 2008 7:40:00 AM UTC	1213198800000	0	1	yes	36.3	86.5	20506	20827	9260	6484	0	44299	2864	100	317	4361	4	220
June 11, 2008 7:41:00 AM UTC	1213198860000	0	1	yes	36.5	86.6	20506	20827	9250	6555	0	44238	2815	99	297	4373	4	220
June 11, 2008 7:42:00 AM UTC	1213198920000	0	1	yes	36.7	86.8	20506	20827	9260	6485	0	44298	2857	143	287	4400	4	197
June 11, 2008 7:43:00 AM UTC	1213198980000	0	1	yes	36.9	86.9	20506	20827	9258	6558	0	44227	2831	1	263	4414	0	189
June 11, 2008 7:44:00 AM UTC	1213199040000	0	1	yes	37.1	87.1	20506	20827	9249	6627	0	44167	2784	4	255	4432	0	229
June 11, 2008 7:45:00 AM UTC	1213199100000	0	1	yes	37.3	87.2	20506	20827	9259	6544	0	44240	2835	25	263	4447	0	209
June 11, 2008 7:46:00 AM UTC	1213199160000	0	1	yes	37.5	87.4	20506	20827	9249	6617	0	44177	2790	27	208	4463	3	181
June 11, 2008 7:47:00 AM UTC	1213199220000	0	1	yes	37.8	87.5	20506	20827	9249	6614	0	44180	2792	32	192	4480	0	181
June 11, 2008 7:48:00 AM UTC	1213199280000	0	1	yes	38.0	87.6	20506	20827	9261	6543	0	44239	2831	59	183	4505	0	157
June 11, 2008 7:49:00 AM UTC	1213199340000	0	1	yes	38.2	87.8	20506	20827	9249	6615	0	44179	2790	63	173	4516	1	149
June 11, 2008 7:50:00 AM UTC	1213199400000	0	1	yes	38.4	87.9	20506	20827	9261	6544	0	44238	2815	84	166	4545	1	168
June 11, 2008 7:51:00 AM UTC	1213199460000	0	1	yes	38.6	88.1	20506	20827	9261	6544	0	44238	2824	93	167	4555	0	165
June 11, 2008 7:52:00 AM UTC	1213199520000	0	1	yes	38.8	88.2	20506	20827	9249	6616	0	44178	2782	78	140	4566	0	117
June 11, 2008 7:53:00 AM UTC	1213199580000	0	1	yes	39.0	88.4	20506	20827	9261	6545	0	44237	2823	136	137	4589	0	116
June 11, 2008 7:54:00 AM UTC	1213199640000	0	1	yes	39.2	88.5	20506	20827	9261	6545	0	44237	2817	19	116	4611	0	108
June 11, 2008 7:55:00 AM UTC	1213199700000	0	1	yes	39.4	88.6	20506	20827	9249	6617	0	44177	2773	11	100	4620	0	102
June 11, 2008 7:56:00 AM UTC	1213199760000	0	0	yes	39.6	88.8	20506	20827	9261	6545	0	44237	2816	30	107	4640	0	74
June 11, 2008 7:57:00 AM UTC	1213199820000	0	0	yes	39.8	88.9	20506	20827	9249	6534	0	44260	2808	41	97	4649	0	58
June 11, 2008 7:58:00 AM UTC	1213199880000	0	0	yes	40.0	89.1	20506	20827	9249	6534	0	44260	2800	40	103	4670	0	60
June 11, 2008 7:59:00 AM UTC	1213199940000	0	0	yes	40.2	89.2	20506	20827	9261	6462	0	44320	2844	68	107	4699	0	63
June 11, 2008 8:00:00 AM UTC	1213200000000	0	0	yes	40.4	89.4	20506	20827	9249	6533	0	44261	2797	63	106	4702	0	45
June 11, 2008 8:01:00 AM UTC	1213200060000	0	0	yes	40.6	89.5	20506	20827	9261	6461	0	44321	2842	116	104	4735	0	37
June 11, 2008 8:02:00 AM UTC	1213200120000	0	0	yes	40.8	89.7	20506	20827	9261	6461	0	44321	2844	114	94	4749	1	46
June 11, 2008 8:03:00 AM UTC	1213200180000	0	0	yes	41.0	89.8	20506	20827	9249	6614	0	44180	2770	114	101	4756	4	47
June 11, 2008 8:04:00 AM UTC	1213200240000	0	0	yes	41.2	90.0	20506	20827	9261	6506	0	44276	2849	49	90	4779	0	32
June 11, 2008 8:05:00 AM UTC	1213200300000	0	0	yes	41.4	90.1	20506	20827	9261	6469	0	44313	2843	37	85	4799	0	20
June 11, 2008 8:06:00 AM UTC	1213200360000	0	0	yes	41.6	90.3	20506	20827	9261	6469	0	44313	2839	51	91	4817	0	22
June 11, 2008 8:07:00 AM UTC	1213200420000	0	0	yes	41.8	90.4	20506	20827	9261	6469	0	44313	2833	45	87	4837	0	25
June 11, 2008 8:08:00 AM UTC	1213200480000	0	0	yes	42.0	90.6	20506	20827	9249	6541	0	44253	2785	42	93	4839	0	18
June 11, 2008 8:09:00 AM UTC	1213200540000	0	0	yes	42.2	90.7	20506	20827	9261	6470	0	44312	2830	78	106	4871	0	24
June 11, 2008 8:10:00 AM UTC	1213200600000	0	0	yes	42.4	90.9	20506	20827	9261	6470	0	44312	2833	71	96	4886	0	24
June 11, 2008 8:11:00 AM UTC	1213200660000	0	0	yes	42.6	91.0	20506	20827	9249	6542	0	44252	2789	62	98	4890	0	15
June 11, 2008 8:12:00 AM UTC	1213200720000	0	0	yes	42.8	91.2	20506	20827	9261	6471	0	44311	2834	95	106	4918	4	16
June 11, 2008 8:13:00 AM UTC	1213200780000	0	0	yes	43.0	91.3	20506	20827	9249	6617	0	44177	2759	19	86	4927	0	14
June 11, 2008 8:14:00 AM UTC	1213200840000	0	0	yes	43.2	91.5	20506	20827	9249	6617	0	44177	2756	12	57	4943	0	11
June 11, 2008 8:15:00 AM UTC	1213200900000	0	0	yes	43.4	91.6	20506	20827	9261	6545	0	44237	2799	27	76	4968	0	16
June 11, 2008 8:16:00 AM UTC	1213200960000	0	0	yes	43.6	91.8	20506	20827	9249	6616	0	44178	2752	32	75	4978	0	16
June 11, 2008 8:17:00 AM UTC	1213201020000	0	0	yes	43.8	91.9	20506	20827	9261	6544	0	44238	2807	47	99	5000	0	17
June 11, 2008 8:18:00 AM UTC	1213201080000	0	0	yes	44.0	92.1	20506	20827	9261	6544	0	44238	2799	54	99	5020	0	20
June 11, 2008 8:19:00 AM UTC	1213201140000	0	0	yes	44.2	92.3	20506	20827	9249	6615	0	44179	2752	50	94	5027	0	20
June 11, 2008 8:20:00 AM UTC	1213201200000	0	0	yes	44.4	92.4	20506	20827	9261	6543	0	44239	2777	74	102	5057	3	17
June 11, 2008 8:21:00 AM UTC	1213201260000	0	0	yes	44.6	92.6	20506	20827	9249	6617	0	44177	2745	78	96	5057	0	16
June 11, 2008 8:22:00 AM UTC	1213201320000	0	0	yes	44.8	92.7	20506	20827	9259	6544	0	44240	2786	122	94	5091	10	14
June 11, 2008 8:23:00 AM UTC	1213201380000	0	0	yes	45.0	92.9	20506	20827	9259	6554	0	44230	2786	15	73	5105	0	2
June 11, 2008 8:24:00 AM UTC	1213201440000	0	0	yes	45.2	93.0	20506	20827	9248	6629	0	44166	2736	15	68	5110	0	0
June 11, 2008 8:25:00 AM UTC	1213201500000	0	0	yes	45.4	93.2	20506	20827	9260	6477	0	44306	2810	37	84	5137	0	9
June 11, 2008 8:26:00 AM UTC	1213201560000	0	0	yes	45.6	93.4	20506	20827	9250	6549	0	44244	2768	36	89	5143	0	10
June 11, 2008 8:27:00 AM UTC	1213201620000	0	0	yes	45.8	93.5	20506	20827	9260	6478	0	44305	2807	70	86	5174	3	26
June 11, 2008 8:28:00 AM UTC	1213201680000	0	0	yes	46.0	93.7	20506	20827	9260	6478	0	44305	2804	56	107	5194	3	16
June 11, 2008 8:29:00 AM UTC	1213201740000	0	0	yes	46.2	93.9	20506	20827	9250	6549	0	44244	2762	56	100	5193	1	11
June 11, 2008 8:30:00 AM UTC	1213201800000	0	0	yes	46.4	94.0	20506	20827	9260	6479	0	44304	2804	95	108	5224	11	21
June 11, 2008 8:31:00 AM UTC	1213201860000	0	0	yes	46.6	94.2	20506	20827	9249	6550	0	44244	2763	92	112	5223	12	24
June 11, 2008 8:32:00 AM UTC	1213201920000	0	0	yes	46.8	94.3	20506	20827	9260	6480	0	44303	2800	32	86	5256	0	1
June 11, 2008 8:33:00 AM UTC	1213201980000	0	0	yes	47.0	94.5	20506	20827	9249	6551	0	44243	2749	30	79	5262	0	1
June 11, 2008 8:34:00 AM UTC	1213202040000	0	0	yes	47.2	94.7	20506	20827	9260	6481	0	44302	2797	60	100	5288	0	2
June 11, 2008 8:35:00 AM UTC	1213202100000	0	0	yes	47.4	94.8	20506	20827	9260	6481	0	44302	2801	63	100	5302	0	2
June 11, 2008 8:36:00 AM UTC	1213202160000	0	0	yes	47.6	95.0	20506	20827	9248	6559	0	44236	2757	60	105	5301	0	2
June 11, 2008 8:37:00 AM UTC	1213202220000	0	0	yes	47.8	95.2	20506	20827	9259	6489	0	44295	2793	92	104	5330	2	6
June 11, 2008 8:38:00 AM UTC	1213202280000	0	0	yes	48.0	95.4	20506	20827	9248	6561	0	44234	2750	90	107	5333	2	3
June 11, 2008 8:39:00 AM UTC	1213202340000	0	0	yes	48.2	95.5	20506	20827	9258	6491	0	44294	2788	115	114	5362	7	2
June 11, 2008 8:40:00 AM UTC	1213202400000	0	0	yes	48.4	95.7	20506	20827	9258	6478	0	44307	2780	106	117	5377	7	5
June 11, 2008 8:41:00 AM UTC	1213202460000	0	0	yes	48.6	95.9	20506	20827	9258	6478	0	44307	2789	50	90	5394	0	2
June 11, 2008 8:42:00 AM UTC	1213202520000	0	0	yes	48.8	96.0	20506	20827	9258	6504	0	44281	2785	44	90	5406	0	2
June 11, 2008 8:43:00 AM UTC	1213202580000	0	0	yes	49.0	96.2	20506	20827	9246	6652	0	44145	2701	27	82	5399	0	0
June 11, 2008 8:44:00 AM UTC	1213202640000	0	0	yes	49.2	96.4	20506	20827	9257	6574	0	44212	2740	50	92	5436	0	9
June 11, 2008 8:45:00 AM UTC	1213202700000	0	0	yes	49.4	96.6	20506	20827	9245	6661	0	44137	2704	44	94	5427	0	5
June 11, 2008 8:46:00 AM UTC	1213202760000	0	0	yes	49.6	96.7	20506	20827	9256	6598	0	44189	2731	74	108	5458	4	8
June 11, 2008 8:47:00 AM UTC	1213202820000	0	0	yes	49.8	96.9	20506	20827	9256	6598	0	44189	2729	72	105	5470	3	7
June 11, 2008 8:48:00 AM UTC	1213202880000	0	0	yes	50.0	97.1	20506	20827	9256	6513	0	44274	2772	107	101	5490	8	7
June 11, 2008 8:49:00 AM UTC	1213202940000	0	0	yes	50.2	97.3	20506	20827	9256	6513	0	44274	2770	26	71	5503	0	0
June 11, 2008 8:50:00 AM UTC	1213203000000	0	0	yes	50.4	97.5	20506	20827	9255	6514	0	44274	2766	41	96	5521	0	5
June 11, 2008 8:51:00 AM UTC	1213203060000	0	0	yes	50.6	97.6	20506	20827	9255	6514	0	44274	2770	38	96	5533	0	4
June 11, 2008 8:52:00 AM UTC	1213203120000	0	0	yes	50.8	97.8	20506	20827	9254	6514	0	44275	2768	65	101	5545	2	6
June 11, 2008 8:53:00 AM UTC	1213203180000	0	0	yes	51.0	98.0	20506	20827	9254	6514	0	44275	2767	73	93	5566	1	9
June 11, 2008 8:54:00 AM UTC	1213203240000	0	0	yes	51.2	98.2	20506	20827	9241	6604	0	44198	2712	61	98	5551	2	13
June 11, 2008 8:55:00 AM UTC	1213203300000	0	0	yes	51.4	98.4	20506	20827	9252	6517	0	44274	2748	94	105	5590	8	8
June 11, 2008 8:56:00 AM UTC	1213203360000	0	0	yes	51.6	98.6	20506	20827	9252	6517	0	44274	2755	101	94	5588	8	15
June 11, 2008 8:57:00 AM UTC	1213203420000	0	0	yes	51.8	98.7	20506	20827	9251	6518	0	44274	2756	127	100	5613	18	11
June 11, 2008 8:58:00 AM UTC	1213203480000	0	0	yes	52.0	98.9	20506	20827	9251	6518	0	44274	2756	34	82	5615	0	3
June 11, 2008 8:59:00 AM UTC	1213203540000	0	0	yes	52.2	99.1	20506	20827	9250	6550	0	44243	2738	51	99	5646	0	6
June 11, 2008 9:00:00 AM UTC	1213203600000	0	0	yes	52.4	99.3	20506	20827	9250	6550	0	44243	2738	53	96	5638	0	10
June 11, 2008 9:01:00 AM UTC	1213203660000	0	0	yes	52.5	99.5	20506	20827	9247	6562	0	44234	2735	76	107	5661	1	8
June 11, 2008 9:02:00 AM UTC	1213203720000	0	0	yes	52.7	99.7	20506	20827	9247	6562	0	44234	2736	81	106	5666	4	13
June 11, 2008 9:03:00 AM UTC	1213203780000	0	0	yes	52.9	99.9	20506	20827	9246	6565	0	44232	2732	115	108	5685	12	11
June 11, 2008 9:04:00 AM UTC	1213203840000	0	0	yes	53.1	100.1	20506	20827	9246	6565	0	44232	2732	124	101	5694	11	11
June 11, 2008 9:05:00 AM UTC	1213203900000	0	0	yes	53.3	100.3	20506	20827	9245	6565	0	44233	2724	141	113	5705	30	10
June 11, 2008 9:06:00 AM UTC	1213203960000	0	0	yes	53.5	100.5	20506	20827	9245	6565	0	44233	2731	48	95	5716	0	6
June 11, 2008 9:07:00 AM UTC	1213204020000	0	0	yes	53.7	100.7	20506	20827	9243	6506	0	44294	2763	83	98	5724	0	14
June 11, 2008 9:08:00 AM UTC	1213204080000	0	0	yes	53.9	100.9	20506	20827	9243	6506	0	44294	2768	71	105	5737	0	19
June 11, 2008 9:09:00 AM UTC	1213204140000	0	0	yes	54.1	101.1	20506	20827	9243	6493	0	44307	2755	102	101	5750	7	13
June 11, 2008 9:10:00 AM UTC	1213204200000	0	0	yes	54.3	101.3	20506	20827	9243	6493	0	44307	2753	99	97	5759	13	21
June 11, 2008 9:11:00 AM UTC	1213204260000	0	0	yes	54.5	101.5	20506	20827	9242	6513	0	44288	2738	119	109	5760	13	4
June 11, 2008 9:12:00 AM UTC	1213204320000	0	0	yes	54.7	101.7	20506	20827	9242	6513	0	44288	2745	131	103	5771	30	21
June 11, 2008 9:13:00 AM UTC	1213204380000	0	0	yes	54.9	101.9	20506	20827	9242	6501	0	44300	2750	54	112	5780	0	11
June 11, 2008 9:14:00 AM UTC	1213204440000	0	0	yes	55.1	102.1	20506	20827	9240	6591	0	44212	2703	26	92	5784	0	5
June 11, 2008 9:15:00 AM UTC	1213204500000	0	0	yes	55.3	102.3	20506	20827	9240	6590	0	44213	2704	47	93	5789	1	16
June 11, 2008 9:16:00 AM UTC	1213204560000	0	0	yes	55.5	102.5	20506	20827	9240	6626	0	44177	2696	45	101	5791	2	12
June 11, 2008 9:17:00 AM UTC	1213204620000	0	0	yes	55.7	102.7	20506	20827	9242	6613	0	44188	2695	80	109	5807	11	12
June 11, 2008 9:18:00 AM UTC	1213204680000	0	0	yes	55.9	103.0	20506	20827	9251	6555	0	44237	2717	95	118	5836	27	9
June 11, 2008 9:19:00 AM UTC	1213204740000	0	0	yes	56.1	103.2	20506	20827	9240	6627	0	44176	2679	21	81	5819	0	4
June 11, 2008 9:20:00 AM UTC	1213204800000	0	0	yes	56.3	103.4	20506	20827	9251	6558	0	44234	2717	43	104	5848	0	15
June 11, 2008 9:21:00 AM UTC	1213204860000	0	0	yes	56.5	103.6	20506	20827	9240	6625	0	44178	2674	36	93	5827	0	18
June 11, 2008 9:22:00 AM UTC	1213204920000	0	0	yes	56.7	103.8	20506	20827	9250	6555	0	44238	2712	62	103	5857	8	18
June 11, 2008 9:23:00 AM UTC	1213204980000	0	0	yes	56.9	104.1	20506	20827	9238	6566	0	44239	2704	63	106	5841	5	15
June 11, 2008 9:24:00 AM UTC	1213205040000	0	0	yes	57.1	104.3	20506	20827	9250	6497	0	44296	2738	90	106	5870	18	18
June 11, 2008 9:25:00 AM UTC	1213205100000	0	0	yes	57.3	104.5	20506	20827	9241	6569	0	44233	2709	100	100	5850	20	15
June 11, 2008 9:26:00 AM UTC	1213205160000	0	0	yes	57.5	104.7	20506	20827	9250	6499	0	44294	2743	33	90	5877	0	10
June 11, 2008 9:27:00 AM UTC	1213205220000	0	0	yes	57.6	105.0	20506	20827	9251	6498	0	44294	2735	55	95	5885	1	16
June 11, 2008 9:28:00 AM UTC	1213205280000	0	0	yes	57.8	105.2	20506	20827	9248	6516	0	44279	2727	60	91	5882	1	14
June 11, 2008 9:29:00 AM UTC	1213205340000	0	0	yes	58.0	105.4	20506	20827	9248	6516	0	44279	2724	81	97	5882	14	18
June 11, 2008 9:30:00 AM UTC	1213205400000	0	0	yes	58.2	105.7	20506	20827	9248	6516	0	44279	2725	88	93	5886	12	20
June 11, 2008 9:31:00 AM UTC	1213205460000	0	0	yes	58.4	105.9	20506	20827	9248	6516	0	44279	2721	121	92	5891	16	9
June 11, 2008 9:32:00 AM UTC	1213205520000	0	0	yes	58.6	106.1	20506	20827	9246	6556	0	44241	2702	51	87	5886	0	13
June 11, 2008 9:33:00 AM UTC	1213205580000	0	0	yes	58.8	106.4	20506	20827	9246	6556	0	44241	2700	42	92	5887	0	1
June 11, 2008 9:34:00 AM UTC	1213205640000	0	0	yes	59.0	106.6	20506	20827	9247	6557	0	44239	2700	66	95	5887	11	15
June 11, 2008 9:35:00 AM UTC	1213205700000	0	0	yes	59.2	106.9	20506	20827	9247	6557	0	44239	2695	70	92	5885	10	14
June 11, 2008 9:36:00 AM UTC	1213205760000	0	0	yes	59.4	107.1	20506	20827	9244	6578	0	44221	2684	120	81	5880	6	3
June 11, 2008 9:37:00 AM UTC	1213205820000	0	0	yes	59.6	107.4	20506	20827	9256	6444	0	44343	2763	134	86	5907	26	4
June 11, 2008 9:38:00 AM UTC	1213205880000	0	0	yes	59.8	107.6	20506	20827	9244	6518	0	44281	2728	45	80	5884	0	2
June 11, 2008 9:39:00 AM UTC	1213205940000	0	0	yes	60.0	107.9	20506	20827	9254	6459	0	44330	2748	78	82	5905	6	9
June 11, 2008 9:40:00 AM UTC	1213206000000	0	0	yes	60.1	108.1	20506	20827	9254	6465	0	44324	2743	118	75	5902	16	13
June 11, 2008 9:41:00 AM UTC	1213206060000	0	0	yes	60.3	108.4	20506	20827	9244	6514	0	44285	2731	121	76	5887	24	17
June 11, 2008 9:42:00 AM UTC	1213206120000	0	0	yes	60.5	108.7	20506	20827	9252	6464	0	44327	2736	135	69	5900	28	5
June 11, 2008 9:43:00 AM UTC	1213206180000	0	0	yes	60.7	108.9	20506	20827	9241	6531	0	44271	2703	124	73	5871	24	3
June 11, 2008 9:44:00 AM UTC	1213206240000	0	0	yes	60.9	109.2	20506	20827	9252	6464	0	44327	2733	53	74	5900	0	3
June 11, 2008 9:45:00 AM UTC	1213206300000	0	0	yes	61.1	109.4	20506	20827	9252	6467	0	44324	2733	86	81	5900	3	4
June 11, 2008 9:46:00 AM UTC	1213206360000	0	0	yes	61.3	109.7	20506	20827	9237	6556	0	44250	2695	97	78	5867	8	6
June 11, 2008 9:47:00 AM UTC	1213206420000	0	0	yes	61.5	110.0	20506	20827	9248	6610	0	44185	2659	81	74	5878	9	1
June 11, 2008 9:48:00 AM UTC	1213206480000	0	0	yes	61.7	110.3	20506	20827	9250	6588	0	44205	2669	134	60	5884	19	2
June 11, 2008 9:49:00 AM UTC	1213206540000	0	0	yes	61.9	110.6	20506	20827	9248	6542	0	44253	2704	45	80	5888	2	7
June 11, 2008 9:50:00 AM UTC	1213206600000	0	0	yes	62.0	110.8	20506	20827	9248	6542	0	44253	2696	42	76	5888	2	6
June 11, 2008 9:51:00 AM UTC	1213206660000	0	0	yes	62.2	111.1	20506	20827	9243	6577	0	44223	2669	58	82	5876	10	7
June 11, 2008 9:52:00 AM UTC	1213206720000	0	0	yes	62.4	111.4	20506	20827	9253	6518	0	44272	2689	72	74	5900	14	6
June 11, 2008 9:53:00 AM UTC	1213206780000	0	0	yes	62.6	111.7	20506	20827	9243	6577	0	44223	2675	71	74	5875	15	5
June 11, 2008 9:54:00 AM UTC	1213206840000	0	0	yes	62.8	112.0	20506	20827	9245	6576	0	44222	2672	37	83	5875	2	5
June 11, 2008 9:55:00 AM UTC	1213206900000	0	0	yes	63.0	112.3	20506	20827	9256	6510	0	44277	2701	55	76	5900	2	4
June 11, 2008 9:56:00 AM UTC	1213206960000	0	0	yes	63.2	112.6	20506	20827	9253	6510	0	44280	2694	82	77	5902	20	5
June 11, 2008 9:57:00 AM UTC	1213207020000	0	0	yes	63.3	112.9	20506	20827	9240	6603	0	44200	2664	88	75	5867	3	1
June 11, 2008 9:58:00 AM UTC	1213207080000	0	0	yes	63.5	113.2	20506	20827	9251	6537	0	44255	2686	102	79	5892	15	2
June 11, 2008 9:59:00 AM UTC	1213207140000	0	0	yes	63.7	113.5	20506	20827	9251	6480	0	44312	2707	58	67	5896	7	3
June 11, 2008 10:00:00 AM UTC	1213207200000	0	0	yes	63.9	113.8	20506	20827	9251	6481	0	44311	2708	61	86	5897	13	3
June 11, 2008 10:01:00 AM UTC	1213207260000	0	0	yes	64.1	114.1	20506	20827	9246	6559	0	44238	2676	60	80	5885	7	0
June 11, 2008 10:02:00 AM UTC	1213207320000	0	0	yes	64.3	114.5	20506	20827	9246	6559	0	44238	2677	90	80	5880	11	0
June 11, 2008 10:03:00 AM UTC	1213207380000	0	0	yes	64.4	114.8	20506	20827	9249	6529	0	44265	2686	61	64	5894	1	1
June 11, 2008 10:04:00 AM UTC	1213207440000	0	0	yes	64.6	115.1	20506	20827	9246	6559	0	44238	2674	79	69	5882	5	5
June 11, 2008 10:05:00 AM UTC	1213207500000	0	0	yes	64.8	115.4	20506	20827	9246	6559	0	44238	2677	76	75	5884	4	7
June 11, 2008 10:06:00 AM UTC	1213207560000	0	0	yes	65.0	115.8	20506	20827	9241	6602	0	44200	2646	75	75	5868	6	4
June 11, 2008 10:07:00 AM UTC	1213207620000	0	0	yes	65.2	116.1	20506	20827	9245	6573	0	44225	2653	61	67	5880	0	5
June 11, 2008 10:08:00 AM UTC	1213207680000	0	0	yes	65.3	116.4	20506	20827	9252	6474	0	44317	2713	51	72	5899	0	1
June 11, 2008 10:09:00 AM UTC	1213207740000	0	0	yes	65.5	116.8	20506	20827	9252	6475	0	44316	2706	67	85	5897	5	4
June 11, 2008 10:10:00 AM UTC	1213207800000	0	0	yes	65.7	117.1	20506	20827	9252	6475	0	44316	2712	103	76	5895	18	2
June 11, 2008 10:11:00 AM UTC	1213207860000	0	0	yes	65.9	117.5	20506	20827	9247	6542	0	44254	2671	100	81	5888	16	1
June 11, 2008 10:12:00 AM UTC	1213207920000	0	0	yes	66.1	117.9	20506	20827	9247	6509	0	44287	2707	55	78	5882	0	0
June 11, 2008 10:13:00 AM UTC	1213207980000	0	0	yes	66.2	118.2	20506	20827	9253	6496	0	44294	2683	62	63	5894	7	3
June 11, 2008 10:14:00 AM UTC	1213208040000	0	0	yes	66.4	118.6	20506	20827	9247	6528	0	44268	2675	72	80	5883	10	2
June 11, 2008 10:15:00 AM UTC	1213208100000	0	0	yes	66.6	119.0	20506	20827	9241	6617	0	44185	2630	103	79	5865	21	0
June 11, 2008 10:16:00 AM UTC	1213208160000	0	0	yes	66.8	119.3	20506	20827	9256	6464	0	44323	2712	70	67	5909	1	0
June 11, 2008 10:17:00 AM UTC	1213208220000	0	0	yes	66.9	119.7	20506	20827	9252	6493	0	44298	2699	83	75	5898	9	0
June 11, 2008 10:18:00 AM UTC	1213208280000	0	0	yes	67.1	120.1	20506	20827	9252	6493	0	44298	2692	102	73	5899	5	0
June 11, 2008 10:19:00 AM UTC	1213208340000	0	0	yes	67.3	120.5	20506	20827	9242	6555	0	44246	2672	117	66	5876	18	1
June 11, 2008 10:20:00 AM UTC	1213208400000	0	0	yes	67.5	120.9	20506	20827	9247	6555	0	44241	2667	33	82	5882	1	0
June 11, 2008 10:21:00 AM UTC	1213208460000	0	0	yes	67.6	121.3	20506	20827	9252	6520	0	44271	2674	68	82	5895	0	0
June 11, 2008 10:22:00 AM UTC	1213208520000	0	0	yes	67.8	121.7	20506	20827	9247	6555	0	44241	2667	84	81	5882	12	0
June 11, 2008 10:23:00 AM UTC	1213208580000	0	0	yes	68.0	122.1	20506	20827	9242	6535	0	44266	2689	34	73	5874	0	0
June 11, 2008 10:24:00 AM UTC	1213208640000	0	0	yes	68.1	122.5	20506	20827	9247	6493	0	44303	2707	59	76	5888	3	1
June 11, 2008 10:25:00 AM UTC	1213208700000	0	0	yes	68.3	122.9	20506	20827	9249	6503	0	44291	2693	75	66	5893	5	1
June 11, 2008 10:26:00 AM UTC	1213208760000	0	0	yes	68.5	123.4	20506	20827	9248	6504	0	44291	2681	97	77	5894	20	1
June 11, 2008 10:27:00 AM UTC	1213208820000	0	0	yes	68.6	123.8	20506	20827	9243	6543	0	44257	2675	56	68	5874	2	7
June 11, 2008 10:28:00 AM UTC	1213208880000	0	0	yes	68.8	124.2	20506	20827	9248	6504	0	44291	2678	91	63	5895	6	5
June 11, 2008 10:29:00 AM UTC	1213208940000	0	0	yes	69.0	124.7	20506	20827	9246	6487	0	44310	2713	102	68	5890	19	4
June 11, 2008 10:30:00 AM UTC	1213209000000	0	0	yes	69.1	125.1	20506	20827	9242	6546	0	44255	2680	61	76	5891	6	0
June 11, 2008 10:31:00 AM UTC	1213209060000	0	0	yes	69.3	125.6	20506	20827	9251	6527	0	44265	2661	69	74	5906	15	0
June 11, 2008 10:32:00 AM UTC	1213209120000	0	0	yes	69.5	126.0	20506	20827	9245	6565	0	44233	2654	81	85	5887	45	2
June 11, 2008 10:33:00 AM UTC	1213209180000	1	0	yes	69.6	126.5	20506	20827	9246	6565	0	44232	2660	111	75	5882	92	0
June 11, 2008 10:34:00 AM UTC	1213209240000	0	0	yes	69.8	127.0	20506	20827	9245	6565	0	44233	2652	69	65	5885	6	1
June 11, 2008 10:35:00 AM UTC	1213209300000	0	0	yes	70.0	127.5	20506	20827	9247	6509	0	44287	2702	88	71	5894	34	1
June 11, 2008 10:36:00 AM UTC	1213209360000	1	0	yes	70.1	127.9	20506	20827	9248	6538	0	44257	2670	102	70	5891	67	2
June 11, 2008 10:37:00 AM UTC	1213209420000	0	0	yes	70.3	128.4	20506	20827	9239	6595	0	44209	2654	54	62	5868	4	0
June 11, 2008 10:38:00 AM UTC	1213209480000	0	0	yes	70.4	128.9	20506	20827	9256	6483	1	44303	2690	93	74	5910	49	0
June 11, 2008 10:39:00 AM UTC	1213209540000	1	0	yes	70.6	129.4	20506	20827	9255	6487	1	44300	2685	121	81	5907	80	0
June 11, 2008 10:40:00 AM UTC	1213209600000	0	0	yes	70.7	130.0	20506	20827	9249	6474	2	44318	2724	61	70	5899	9	2
June 11, 2008 10:41:00 AM UTC	1213209660000	0	0	yes	70.9	130.5	20506	20827	9249	6519	1	44274	2675	86	63	5892	40	0
June 11, 2008 10:42:00 AM UTC	1213209720000	1	0	yes	71.0	131.0	20506	20827	9249	6519	2	44273	2680	111	64	5895	71	0
June 11, 2008 10:43:00 AM UTC	1213209780000	0	0	yes	71.2	131.5	20506	20827	9250	6518	2	44273	2677	62	57	5895	22	0
June 11, 2008 10:44:00 AM UTC	1213209840000	0	0	yes	71.3	132.1	20506	20827	9243	6563	2	44235	2667	85	66	5878	35	0
June 11, 2008 10:45:00 AM UTC	1213209900000	0	0	yes	71.5	132.6	20506	20827	9243	6562	4	44234	2670	38	50	5880	3	0
June 11, 2008 10:46:00 AM UTC	1213209960000	0	0	yes	71.6	133.2	20506	20827	9244	6628	2	44169	2637	69	56	5875	26	0
June 11, 2008 10:47:00 AM UTC	1213210020000	1	0	yes	71.8	133.8	20506	20827	9251	6577	5	44210	2648	91	66	5892	76	0
June 11, 2008 10:48:00 AM UTC	1213210080000	0	0	yes	71.9	134.3	20506	20827	9251	6577	4	44211	2653	53	73	5896	12	0
June 11, 2008 10:49:00 AM UTC	1213210140000	0	0	yes	72.1	134.9	20506	20827	9252	6571	6	44214	2657	41	53	5898	36	0
June 11, 2008 10:50:00 AM UTC	1213210200000	1	0	yes	72.2	135.5	20506	20827	9253	6570	4	44216	2654	88	53	5900	78	0
June 11, 2008 10:51:00 AM UTC	1213210260000	0	0	yes	72.4	136.1	20506	20827	9245	6620	5	44173	2637	74	64	5875	29	0
June 11, 2008 10:52:00 AM UTC	1213210320000	1	0	yes	72.5	136.7	20506	20827	9253	6571	6	44213	2656	82	63	5898	83	0
June 11, 2008 10:53:00 AM UTC	1213210380000	0	0	yes	72.6	137.3	20506	20827	9253	6579	8	44203	2644	38	39	5894	17	1
June 11, 2008 10:54:00 AM UTC	1213210440000	0	0	yes	72.8	138.0	20506	20827	9244	6631	8	44160	2638	53	60	5875	54	0
June 11, 2008 10:55:00 AM UTC	1213210500000	1	0	yes	72.9	138.6	20506	20827	9247	6566	9	44221	2673	114	66	5881	93	0
June 11, 2008 10:56:00 AM UTC	1213210560000	0	0	yes	73.0	139.2	20506	20827	9253	6522	13	44255	2690	91	66	5901	43	0
June 11, 2008 10:57:00 AM UTC	1213210620000	1	0	yes	73.2	139.9	20506	20827	9247	6579	11	44206	2678	89	58	5878	76	0
June 11, 2008 10:58:00 AM UTC	1213210680000	0	0	yes	73.3	140.5	20506	20827	9253	6541	14	44235	2678	56	58	5895	12	0
June 11, 2008 10:59:00 AM UTC	1213210740000	0	0	yes	73.4	141.2	20506	20827	9254	6541	14	44234	2692	84	69	5894	70	0
June 11, 2008 11:00:00 AM UTC	1213210800000	0	0	yes	73.5	141.9	20506	20827	9253	6541	15	44234	2684	60	57	5898	8	0
June 11, 2008 11:01:00 AM UTC	1213210860000	0	0	yes	73.7	142.6	20506	20827	9250	6571	15	44207	2679	74	50	5887	64	0
June 11, 2008 11:02:00 AM UTC	1213210920000	0	0	yes	73.8	143.3	20506	20827	9250	6571	14	44208	2683	49	39	5892	10	0
June 11, 2008 11:03:00 AM UTC	1213210980000	0	0	yes	73.9	144.0	20506	20827	9250	6570	15	44208	2682	76	53	5887	64	0
June 11, 2008 11:04:00 AM UTC	1213211040000	0	0	yes	74.0	144.7	20506	20827	9239	6683	12	44109	2639	50	34	5861	13	0
June 11, 2008 11:05:00 AM UTC	1213211100000	0	0	yes	74.1	145.4	20506	20827	9263	6512	18	44250	2697	75	41	5928	71	0
June 11, 2008 11:06:00 AM UTC	1213211160000	0	0	yes	74.2	146.2	20506	20827	9254	6575	19	44195	2690	66	36	5891	19	0
June 11, 2008 11:07:00 AM UTC	1213211220000	0	0	yes	74.4	146.9	20506	20827	9246	6569	20	44208	2723	94	49	5874	50	0
June 11, 2008 11:08:00 AM UTC	1213211280000	0	0	yes	74.5	147.7	20506	20827	9245	6598	22	44178	2708	49	40	5874	10	0
June 11, 2008 11:09:00 AM UTC	1213211340000	1	0	yes	74.6	148.4	20506	20827	9252	6561	20	44210	2719	109	46	5888	81	0
June 11, 2008 11:10:00 AM UTC	1213211400000	0	0	yes	74.7	149.2	20506	20827	9252	6560	24	44207	2723	80	39	5891	32	0
June 11, 2008 11:11:00 AM UTC	1213211460000	0	0	yes	74.8	150.0	20506	20827	9256	6557	22	44208	2716	77	40	5899	87	0
June 11, 2008 11:12:00 AM UTC	1213211520000	0	0	yes	74.9	150.8	20506	20827	9247	6618	24	44154	2709	52	34	5878	27	0
June 11, 2008 11:13:00 AM UTC	1213211580000	1	0	yes	75.0	151.6	20506	20827	9247	6617	24	44155	2710	88	45	5880	86	0
June 11, 2008 11:14:00 AM UTC	1213211640000	0	0	yes	75.1	152.4	20506	20827	9254	6510	30	44249	2774	89	49	5899	63	0
June 11, 2008 11:15:00 AM UTC	1213211700000	0	0	yes	75.2	153.2	20506	20827	9258	6543	27	44215	2745	37	35	5901	17	0
June 11, 2008 11:16:00 AM UTC	1213211760000	0	0	yes	75.2	154.0	20506	20827	9248	6604	25	44166	2732	56	36	5878	60	0
June 11, 2008 11:17:00 AM UTC	1213211820000	0	0	yes	75.3	154.9	20506	20827	9237	6644	31	44131	2735	35	35	5856	18	0
June 11, 2008 11:18:00 AM UTC	1213211880000	0	0	yes	75.4	155.7	20506	20827	9241	6681	25	44096	2696	48	37	5862	70	0
June 11, 2008 11:19:00 AM UTC	1213211940000	0	0	yes	75.5	156.6	20506	20827	9241	6680	24	44098	2705	37	26	5862	39	0
June 11, 2008 11:20:00 AM UTC	1213212000000	0	0	yes	75.6	157.4	20506	20827	9250	6563	34	44196	2766	30	32	5891	9	0
June 11, 2008 11:21:00 AM UTC	1213212060000	0	0	yes	75.7	158.3	20506	20827	9247	6632	27	44137	2721	37	28	5883	55	0
June 11, 2008 11:22:00 AM UTC	1213212120000	0	0	yes	75.7	159.2	20506	20827	9242	6593	33	44175	2773	37	23	5878	16	0
June 11, 2008 11:23:00 AM UTC	1213212180000	0	0	yes	75.8	160.1	20506	20827	9243	6578	38	44184	2785	62	29	5882	77	0
June 11, 2008 11:24:00 AM UTC	1213212240000	0	0	yes	75.9	161.0	20506	20827	9245	6626	31	44141	2744	24	18	5881	38	1
June 11, 2008 11:25:00 AM UTC	1213212300000	0	0	yes	75.9	161.9	20506	20827	9246	6589	36	44172	2768	15	19	5885	4	1
June 11, 2008 11:26:00 AM UTC	1213212360000	0	0	yes	76.0	162.8	20506	20827	9250	6556	39	44198	2787	49	28	5894	80	1
June 11, 2008 11:27:00 AM UTC	1213212420000	0	0	yes	76.0	163.7	20506	20827	9250	6556	39	44198	2797	47	32	5897	42	0
June 11, 2008 11:28:00 AM UTC	1213212480000	0	0	yes	76.1	164.7	20506	20827	9242	6675	31	44095	2737	21	14	5870	12	0
June 11, 2008 11:29:00 AM UTC	1213212540000	0	0	yes	76.2	165.6	20506	20827	9245	6618	35	44145	2767	40	31	5880	68	0
June 11, 2008 11:30:00 AM UTC	1213212600000	0	0	yes	76.2	166.5	20506	20827	9246	6617	38	44142	2770	42	25	5881	47	0
June 11, 2008 11:31:00 AM UTC	1213212660000	0	0	yes	76.2	167.5	20506	20827	9245	6609	40	44149	2780	21	13	5885	5	0
June 11, 2008 11:32:00 AM UTC	1213212720000	0	0	yes	76.3	168.4	20506	20827	9237	6654	38	44114	2771	33	28	5859	60	1
June 11, 2008 11:33:00 AM UTC	1213212780000	0	0	yes	76.3	169.4	20506	20827	9249	6550	41	44203	2816	42	20	5900	49	0
June 11, 2008 11:34:00 AM UTC	1213212840000	0	0	yes	76.4	170.3	20506	20827	9241	6605	42	44155	2802	36	18	5876	2	0
June 11, 2008 11:35:00 AM UTC	1213212900000	0	0	yes	76.4	171.3	20506	20827	9251	6614	39	44139	2765	41	23	5896	80	0
June 11, 2008 11:36:00 AM UTC	1213212960000	0	0	yes	76.4	172.3	20506	20827	9244	6646	35	44118	2775	31	22	5868	41	0
June 11, 2008 11:37:00 AM UTC	1213213020000	0	0	yes	76.4	173.3	20506	20827	9258	6493	50	44242	2842	24	19	5911	32	0
June 11, 2008 11:38:00 AM UTC	1213213080000	0	0	yes	76.5	174.2	20506	20827	9247	6639	37	44120	2778	23	23	5874	74	0
June 11, 2008 11:39:00 AM UTC	1213213140000	0	0	yes	76.5	175.2	20506	20827	9258	6564	39	44182	2793	29	18	5902	73	0
June 11, 2008 11:40:00 AM UTC	1213213200000	0	0	yes	76.5	176.2	20506	20827	9247	6619	39	44138	2790	24	11	5878	33	0
June 11, 2008 11:41:00 AM UTC	1213213260000	0	0	yes	76.5	177.2	20506	20827	9247	6615	40	44141	2791	18	12	5884	16	0
June 11, 2008 11:42:00 AM UTC	1213213320000	0	0	yes	76.5	178.2	20506	20827	9249	6612	39	44143	2793	6	13	5882	60	0
June 11, 2008 11:43:00 AM UTC	1213213380000	0	0	yes	76.5	179.1	20506	20827	9249	6592	40	44162	2808	23	17	5884	44	0
June 11, 2008 11:44:00 AM UTC	1213213440000	0	0	yes	76.5	180.1	20506	20827	9249	6592	40	44162	2806	17	23	5888	17	0
June 11, 2008 11:45:00 AM UTC	1213213500000	0	0	yes	76.5	181.1	20506	20827	9250	6591	39	44163	2816	38	22	5883	75	0
June 11, 2008 11:46:00 AM UTC	1213213560000	0	0	yes	76.5	182.1	20506	20827	9260	6464	49	44270	2869	5	5	5915	0	0
June 11, 2008 11:47:00 AM UTC	1213213620000	0	0	yes	76.5	183.1	20506	20827	9246	6614	42	44141	2792	5	5	5881	1	1
June 11, 2008 11:48:00 AM UTC	1213213680000	0	0	yes	76.5	184.1	20506	20827	9247	6622	40	44134	2788	2	0	5878	0	0
June 11, 2008 11:49:00 AM UTC	1213213740000	0	0	yes	76.5	185.1	20506	20827	9247	6628	38	44130	2780	5	1	5878	11	2
June 11, 2008 11:50:00 AM UTC	1213213800000	0	0	yes	76.5	186.0	20506	20827	9248	6563	46	44186	2834	13	3	5883	0	0
June 11, 2008 11:51:00 AM UTC	1213213860000	0	0	yes	76.4	187.0	20506	20827	9246	6638	38	44121	2770	1	0	5875	0	0
June 11, 2008 11:52:00 AM UTC	1213213920000	0	0	yes	76.4	188.0	20506	20827	9244	6666	36	44097	2757	6	5	5870	6	0
June 11, 2008 11:53:00 AM UTC	1213213980000	0	0	yes	76.4	189.0	20506	20827	9250	6610	37	44146	2770	4	2	5893	0	0
June 11, 2008 11:54:00 AM UTC	1213214040000	0	0	yes	76.4	189.9	20506	20827	9251	6527	43	44222	2826	10	2	5902	0	0
June 11, 2008 11:55:00 AM UTC	1213214100000	0	0	yes	76.3	190.9	20506	20827	9249	6546	43	44205	2821	10	5	5892	29	0
June 11, 2008 11:56:00 AM UTC	1213214160000	0	0	yes	76.3	191.8	20506	20827	9247	6588	41	44167	2789	8	4	5890	0	0
June 11, 2008 11:57:00 AM UTC	1213214220000	0	0	yes	76.2	192.8	20506	20827	9246	6606	38	44153	2787	10	5	5882	1	0
June 11, 2008 11:58:00 AM UTC	1213214280000	0	0	yes	76.2	193.7	20506	20827	9245	6613	38	44147	2771	16	0	5881	0	0
June 11, 2008 11:59:00 AM UTC	1213214340000	0	0	yes	76.1	194.7	20506	20827	9252	6564	35	44192	2788	1	2	5897	5	0
June 11, 2008 12:00:00 PM UTC	1213214400000	0	0	yes	76.1	195.6	20506	20827	9243	6671	33	44096	2734	12	1	5870	0	0
June 11, 2008 12:01:00 PM UTC	1213214460000	0	0	yes	76.0	196.5	20506	20827	9240	6617	38	44148	2783	10	3	5870	0	0
June 11, 2008 12:02:00 PM UTC	1213214520000	0	0	yes	76.0	197.4	20506	20827	9250	6551	38	44204	2793	6	2	5893	3	0
June 11, 2008 12:03:00 PM UTC	1213214580000	0	0	yes	75.9	198.4	20506	20827	9246	6584	36	44177	2777	19	2	5884	0	0
June 11, 2008 12:04:00 PM UTC	1213214640000	0	0	yes	75.8	199.3	20506	20827	9256	6484	40	44263	2818	9	1	5917	0	0
June 11, 2008 12:05:00 PM UTC	1213214700000	0	0	yes	75.8	200.2	20506	20827	9253	6509	39	44242	2796	6	3	5905	2	0
June 11, 2008 12:06:00 PM UTC	1213214760000	0	0	yes	75.7	201.0	20506	20827	9247	6627	27	44142	2729	28	0	5887	0	0
June 11, 2008 12:07:00 PM UTC	1213214820000	0	0	yes	75.6	201.9	20506	20827	9243	6656	26	44118	2715	26	3	5874	0	0
June 11, 2008 12:08:00 PM UTC	1213214880000	0	0	yes	75.6	202.8	20506	20827	9255	6526	34	44228	2780	7	1	5904	2	0
June 11, 2008 12:09:00 PM UTC	1213214940000	0	0	yes	75.5	203.7	20506	20827	9250	6609	26	44158	2721	13	2	5888	0	0
June 11, 2008 12:10:00 PM UTC	1213215000000	0	0	yes	75.4	204.5	20506	20827	9250	6612	25	44156	2714	18	3	5887	0	0
June 11, 2008 12:11:00 PM UTC	1213215060000	0	0	yes	75.3	205.4	20506	20827	9252	6545	31	44215	2761	17	4	5894	0	0
June 11, 2008 12:12:00 PM UTC	1213215120000	0	0	yes	75.2	206.2	20506	20827	9248	6598	26	44171	2738	24	4	5880	0	0
June 11, 2008 12:13:00 PM UTC	1213215180000	0	0	yes	75.1	207.0	20506	20827	9249	6597	27	44170	2735	21	3	5880	0	0
June 11, 2008 12:14:00 PM UTC	1213215240000	0	0	yes	75.0	207.8	20506	20827	9245	6563	29	44206	2765	39	4	5874	0	0
June 11, 2008 12:15:00 PM UTC	1213215300000	0	0	yes	74.9	208.7	20506	20827	9247	6610	24	44162	2709	33	6	5877	0	0
June 11, 2008 12:16:00 PM UTC	1213215360000	0	0	yes	74.9	209.5	20506	20827	9247	6611	20	44165	2707	40	6	5880	0	0
June 11, 2008 12:17:00 PM UTC	1213215420000	0	0	yes	74.8	210.2	20506	20827	9248	6547	26	44222	2748	29	4	5884	0	0
June 11, 2008 12:18:00 PM UTC	1213215480000	0	0	yes	74.6	211.0	20506	20827	9252	6552	23	44216	2731	38	4	5889	0	0
June 11, 2008 12:19:00 PM UTC	1213215540000	0	0	yes	74.5	211.8	20506	20827	9247	6590	20	44186	2711	37	3	5873	0	0
June 11, 2008 12:20:00 PM UTC	1213215600000	0	0	yes	74.4	212.6	20506	20827	9255	6534	22	44232	2719	30	4	5894	0	0
June 11, 2008 12:21:00 PM UTC	1213215660000	0	0	yes	74.3	213.3	20506	20827	9255	6503	20	44265	2741	33	4	5898	0	0
June 11, 2008 12:22:00 PM UTC	1213215720000	0	0	yes	74.2	214.0	20506	20827	9255	6549	19	44220	2703	33	3	5903	0	0
June 11, 2008 12:23:00 PM UTC	1213215780000	0	0	yes	74.1	214.8	20506	20827	9247	6596	16	44184	2678	31	2	5879	0	0
June 11, 2008 12:24:00 PM UTC	1213215840000	0	0	yes	74.0	215.5	20506	20827	9256	6519	16	44252	2706	28	3	5904	0	0
June 11, 2008 12:25:00 PM UTC	1213215900000	0	0	yes	73.9	216.2	20506	20827	9240	6617	15	44171	2668	25	2	5875	0	0
June 11, 2008 12:26:00 PM UTC	1213215960000	0	0	yes	73.8	216.9	20506	20827	9250	6562	15	44216	2686	22	3	5893	0	0
June 11, 2008 12:27:00 PM UTC	1213216020000	0	0	yes	73.6	217.6	20506	20827	9253	6540	17	44233	2689	18	3	5896	0	0
June 11, 2008 12:28:00 PM UTC	1213216080000	0	0	yes	73.5	218.3	20506	20827	9244	6587	13	44199	2674	20	1	5875	0	0
June 11, 2008 12:29:00 PM UTC	1213216140000	0	0	yes	73.4	219.0	20506	20827	9254	6532	15	44242	2691	16	0	5894	0	0
June 11, 2008 12:30:00 PM UTC	1213216200000	0	0	yes	73.3	219.6	20506	20827	9253	6532	13	44245	2674	12	1	5889	0	0
June 11, 2008 12:31:00 PM UTC	1213216260000	0	0	yes	73.1	220.3	20506	20827	9252	6568	9	44214	2657	16	1	5893	0	0
June 11, 2008 12:32:00 PM UTC	1213216320000	0	0	yes	73.0	221.0	20506	20827	9253	6510	13	44267	2688	6	0	5898	0	0
June 11, 2008 12:33:00 PM UTC	1213216380000	0	0	yes	72.9	221.6	20506	20827	9253	6510	11	44269	2687	5	0	5899	0	0
June 11, 2008 12:34:00 PM UTC	1213216440000	0	0	yes	72.7	222.2	20506	20827	9251	6568	8	44216	2655	1	0	5895	0	0
June 11, 2008 12:35:00 PM UTC	1213216500000	0	0	yes	72.6	222.8	20506	20827	9245	6611	6	44181	2631	0	1	5872	0	0
June 11, 2008 12:36:00 PM UTC	1213216560000	0	0	yes	72.5	223.5	20506	20827	9237	6658	5	44143	2641	0	0	5851	0	0
June 11, 2008 12:37:00 PM UTC	1213216620000	0	0	yes	72.3	224.1	20506	20827	9245	6609	5	44184	2631	0	0	5877	0	0
June 11, 2008 12:38:00 PM UTC	1213216680000	0	0	yes	72.2	224.7	20506	20827	9253	6560	5	44225	2657	0	1	5900	0	0
June 11, 2008 12:39:00 PM UTC	1213216740000	0	0	yes	72.0	225.3	20506	20827	9252	6548	4	44239	2656	0	1	5894	0	0
June 11, 2008 12:40:00 PM UTC	1213216800000	0	0	yes	71.9	225.8	20506	20827	9251	6549	4	44239	2650	0	1	5895	0	0
June 11, 2008 12:41:00 PM UTC	1213216860000	0	0	yes	71.7	226.4	20506	20827	9251	6553	3	44236	2651	0	0	5895	0	0
June 11, 2008 12:42:00 PM UTC	1213216920000	0	0	yes	71.6	227.0	20506	20827	9251	6553	2	44237	2650	0	0	5893	0	0
June 11, 2008 12:43:00 PM UTC	1213216980000	0	0	yes	71.5	227.5	20506	20827	9251	6499	5	44288	2688	0	0	5900	0	0
June 11, 2008 12:44:00 PM UTC	1213217040000	0	0	yes	71.3	228.1	20506	20827	9243	6552	2	44246	2670	0	0	5879	0	0
June 11, 2008 12:45:00 PM UTC	1213217100000	0	0	yes	71.2	228.6	20506	20827	9243	6552	1	44247	2665	0	0	5877	0	0
June 11, 2008 12:46:00 PM UTC	1213217160000	0	0	yes	71.0	229.2	20506	20827	9249	6508	2	44284	2681	0	0	5894	0	0
June 11, 2008 12:47:00 PM UTC	1213217220000	0	0	yes	70.9	229.7	20506	20827	9249	6508	2	44284	2677	0	0	5890	0	0
June 11, 2008 12:48:00 PM UTC	1213217280000	0	0	yes	70.7	230.2	20506	20827	9241	6521	1	44280	2703	0	0	5880	0	0
June 11, 2008 12:49:00 PM UTC	1213217340000	0	0	yes	70.5	230.7	20506	20827	9241	6564	1	44237	2660	0	0	5874	0	0
June 11, 2008 12:50:00 PM UTC	1213217400000	0	0	yes	70.4	231.2	20506	20827	9247	6525	0	44271	2676	0	0	5890	0	0
June 11, 2008 12:51:00 PM UTC	1213217460000	0	0	yes	70.2	231.7	20506	20827	9248	6524	0	44271	2669	0	0	5890	0	0
June 11, 2008 12:52:00 PM UTC	1213217520000	0	0	yes	70.1	232.2	20506	20827	9247	6524	0	44272	2671	0	0	5890	0	0
June 11, 2008 12:53:00 PM UTC	1213217580000	0	0	yes	69.9	232.7	20506	20827	9247	6500	0	44296	2697	0	0	5890	0	0
June 11, 2008 12:54:00 PM UTC	1213217640000	0	0	yes	69.8	233.2	20506	20827	9245	6556	0	44242	2651	0	0	5885	0	0
June 11, 2008 12:55:00 PM UTC	1213217700000	0	0	yes	69.6	233.6	20506	20827	9252	6514	0	44277	2672	0	0	5898	0	0
June 11, 2008 12:56:00 PM UTC	1213217760000	0	0	yes	69.4	234.1	20506	20827	9251	6517	0	44275	2673	0	0	5886	0	0
June 11, 2008 12:57:00 PM UTC	1213217820000	0	0	yes	69.3	234.6	20506	20827	9245	6555	0	44243	2659	0	1	5872	0	0
June 11, 2008 12:58:00 PM UTC	1213217880000	0	0	yes	69.1	235.0	20506	20827	9251	6482	0	44310	2701	0	1	5889	0	0
June 11, 2008 12:59:00 PM UTC	1213217940000	0	0	yes	68.9	235.5	20506	20827	9252	6420	0	44371	2729	0	0	5912	0	0
June 11, 2008 1:00:00 PM UTC	1213218000000	0	0	yes	68.8	235.9	20506	20827	9248	6496	0	44299	2681	0	0	5900	0	0
June 11, 2008 1:01:00 PM UTC	1213218060000	0	0	yes	68.6	236.3	20506	20827	9248	6496	0	44299	2685	0	0	5896	0	0
June 11, 2008 1:02:00 PM UTC	1213218120000	0	0	yes	68.4	236.8	20506	20827	9248	6496	0	44299	2681	0	0	5895	0	0
June 11, 2008 1:03:00 PM UTC	1213218180000	0	0	yes	68.3	237.2	20506	20827	9249	6468	0	44326	2724	0	0	5899	0	0
June 11, 2008 1:04:00 PM UTC	1213218240000	0	0	yes	68.1	237.6	20506	20827	9256	6431	0	44356	2722	0	0	5913	0	0
June 11, 2008 1:05:00 PM UTC	1213218300000	0	0	yes	67.9	238.0	20506	20827	9242	6525	0	44276	2699	0	0	5875	0	0
June 11, 2008 1:06:00 PM UTC	1213218360000	0	0	yes	67.8	238.4	20506	20827	9247	6548	0	44248	2661	0	0	5881	0	0
June 11, 2008 1:07:00 PM UTC	1213218420000	0	0	yes	67.6	238.8	20506	20827	9247	6548	0	44248	2660	0	0	5882	0	0
June 11, 2008 1:08:00 PM UTC	1213218480000	0	0	yes	67.4	239.2	20506	20827	9247	6548	0	44248	2666	0	0	5880	0	0
June 11, 2008 1:09:00 PM UTC	1213218540000	0	0	yes	67.2	239.6	20506	20827	9252	6492	0	44299	2692	0	0	5898	0	0
June 11, 2008 1:10:00 PM UTC	1213218600000	0	0	yes	67.1	240.0	20506	20827	9243	6555	0	44245	2669	0	0	5877	0	0
June 11, 2008 1:11:00 PM UTC	1213218660000	0	0	yes	66.9	240.4	20506	20827	9242	6554	0	44247	2682	0	0	5874	0	0
June 11, 2008 1:12:00 PM UTC	1213218720000	0	0	yes	66.7	240.8	20506	20827	9248	6517	0	44278	2694	0	0	5887	0	0
June 11, 2008 1:13:00 PM UTC	1213218780000	0	0	yes	66.5	241.2	20506	20827	9255	6465	0	44323	2693	0	0	5907	0	0
June 11, 2008 1:14:00 PM UTC	1213218840000	0	0	yes	66.4	241.5	20506	20827	9247	6527	0	44269	2673	0	0	5883	0	0
June 11, 2008 1:15:00 PM UTC	1213218900000	0	0	yes	66.2	241.9	20506	20827	9247	6509	0	44287	2695	0	0	5888	0	0
June 11, 2008 1:16:00 PM UTC	1213218960000	0	0	yes	66.0	242.3	20506	20827	9247	6510	0	44286	2708	0	0	5886	0	0
June 11, 2008 1:17:00 PM UTC	1213219020000	0	0	yes	65.8	242.6	20506	20827	9252	6476	0	44315	2707	0	0	5897	0	0
June 11, 2008 1:18:00 PM UTC	1213219080000	0	0	yes	65.7	243.0	20506	20827	9241	6540	0	44262	2691	0	0	5868	0	0
June 11, 2008 1:19:00 PM UTC	1213219140000	0	0	yes	65.5	243.3	20506	20827	9241	6540	0	44262	2680	0	0	5875	0	0
June 11, 2008 1:20:00 PM UTC	1213219200000	0	0	yes	65.3	243.7	20506	20827	9252	6475	0	44316	2711	0	0	5898	0	0
June 11, 2008 1:21:00 PM UTC	1213219260000	0	0	yes	65.1	244.0	20506	20827	9255	6510	0	44278	2673	0	0	5905	0	0
June 11, 2008 1:22:00 PM UTC	1213219320000	0	0	yes	64.9	244.3	20506	20827	9242	6592	0	44209	2668	0	0	5872	0	0
June 11, 2008 1:23:00 PM UTC	1213219380000	0	0	yes	64.8	244.7	20506	20827	9246	6561	0	44236	2671	0	0	5883	0	0
June 11, 2008 1:24:00 PM UTC	1213219440000	0	0	yes	64.6	245.0	20506	20827	9246	6561	0	44236	2672	0	0	5882	0	0
June 11, 2008 1:25:00 PM UTC	1213219500000	0	0	yes	64.4	245.3	20506	20827	9249	6532	0	44262	2684	0	0	5894	0	0
June 11, 2008 1:26:00 PM UTC	1213219560000	0	0	yes	64.2	245.7	20506	20827	9246	6561	0	44236	2676	0	0	5882	0	0
June 11, 2008 1:27:00 PM UTC	1213219620000	0	0	yes	64.0	246.0	20506	20827	9251	6483	0	44309	2705	1	1	5897	0	0
June 11, 2008 1:28:00 PM UTC	1213219680000	0	0	yes	63.9	246.3	20506	20827	9241	6548	0	44254	2681	2	0	5874	0	0
June 11, 2008 1:29:00 PM UTC	1213219740000	0	0	yes	63.7	246.6	20506	20827	9251	6482	0	44310	2713	0	0	5896	0	0
June 11, 2008 1:30:00 PM UTC	1213219800000	0	0	yes	63.5	246.9	20506	20827	9251	6536	0	44256	2686	0	0	5892	0	0
June 11, 2008 1:31:00 PM UTC	1213219860000	0	0	yes	63.3	247.2	20506	20827	9240	6602	0	44201	2663	0	0	5866	0	0
June 11, 2008 1:32:00 PM UTC	1213219920000	0	0	yes	63.1	247.5	20506	20827	9245	6575	0	44223	2672	0	0	5875	0	0
June 11, 2008 1:33:00 PM UTC	1213219980000	0	0	yes	62.9	247.8	20506	20827	9256	6509	0	44278	2705	0	0	5899	0	0
June 11, 2008 1:34:00 PM UTC	1213220040000	0	0	yes	62.7	248.1	20506	20827	9249	6549	0	44245	2684	0	0	5886	0	0
June 11, 2008 1:35:00 PM UTC	1213220100000	0	0	yes	62.6	248.4	20506	20827	9243	6576	0	44224	2676	0	0	5875	0	0
June 11, 2008 1:36:00 PM UTC	1213220160000	0	0	yes	62.4	248.7	20506	20827	9243	6575	0	44225	2666	0	0	5874	0	0
June 11, 2008 1:37:00 PM UTC	1213220220000	0	0	yes	62.2	249.0	20506	20827	9246	6557	0	44240	2673	0	0	5885	0	0
June 11, 2008 1:38:00 PM UTC	1213220280000	0	0	yes	62.0	249.3	20506	20827	9248	6542	0	44253	2696	0	0	5887	0	0
June 11, 2008 1:39:00 PM UTC	1213220340000	0	0	yes	61.8	249.5	20506	20827	9248	6542	0	44253	2708	0	0	5885	0	0
June 11, 2008 1:40:00 PM UTC	1213220400000	0	0	yes	61.6	249.8	20506	20827	9250	6588	0	44205	2668	0	0	5888	0	0
June 11, 2008 1:41:00 PM UTC	1213220460000	0	0	yes	61.4	250.1	20506	20827	9248	6612	0	44183	2663	0	0	5880	0	0
June 11, 2008 1:42:00 PM UTC	1213220520000	0	0	yes	61.2	250.4	20506	20827	9248	6492	0	44303	2720	0	1	5887	0	0
June 11, 2008 1:43:00 PM UTC	1213220580000	0	0	yes	61.1	250.6	20506	20827	9252	6469	0	44322	2731	0	0	5900	0	0
June 11, 2008 1:44:00 PM UTC	1213220640000	0	0	yes	60.9	250.9	20506	20827	9252	6466	0	44325	2726	0	0	5900	0	0
June 11, 2008 1:45:00 PM UTC	1213220700000	0	0	yes	60.7	251.2	20506	20827	9241	6534	0	44268	2707	0	0	5872	0	0
June 11, 2008 1:46:00 PM UTC	1213220760000	0	0	yes	60.5	251.4	20506	20827	9255	6443	0	44345	2746	0	0	5909	0	0
June 11, 2008 1:47:00 PM UTC	1213220820000	0	0	yes	60.3	251.7	20506	20827	9256	6435	0	44352	2762	0	0	5910	0	0
June 11, 2008 1:48:00 PM UTC	1213220880000	0	0	yes	60.1	252.0	20506	20827	9244	6529	0	44270	2711	0	0	5876	0	0
June 11, 2008 1:49:00 PM UTC	1213220940000	0	0	yes	59.9	252.2	20506	20827	9253	6461	0	44329	2744	0	0	5901	0	0
June 11, 2008 1:50:00 PM UTC	1213221000000	0	0	yes	59.7	252.5	20506	20827	9245	6498	0	44300	2732	0	0	5887	0	0
June 11, 2008 1:51:00 PM UTC	1213221060000	0	0	yes	59.5	252.7	20506	20827	9244	6580	0	44219	2686	0	0	5878	0	0
June 11, 2008 1:52:00 PM UTC	1213221120000	0	0	yes	59.3	253.0	20506	20827	9244	6580	0	44219	2682	0	0	5876	0	0
June 11, 2008 1:53:00 PM UTC	1213221180000	0	0	yes	59.1	253.2	20506	20827	9247	6561	0	44235	2696	0	0	5887	0	0
June 11, 2008 1:54:00 PM UTC	1213221240000	0	0	yes	59.0	253.5	20506	20827	9256	6492	0	44295	2730	0	0	5914	0	0
June 11, 2008 1:55:00 PM UTC	1213221300000	0	0	yes	58.8	253.7	20506	20827	9246	6561	0	44236	2702	0	0	5886	0	0
June 11, 2008 1:56:00 PM UTC	1213221360000	0	0	yes	58.6	253.9	20506	20827	9247	6559	0	44237	2704	0	0	5885	0	0
June 11, 2008 1:57:00 PM UTC	1213221420000	0	0	yes	58.4	254.2	20506	20827	9248	6517	0	44278	2724	0	0	5891	0	0
June 11, 2008 1:58:00 PM UTC	1213221480000	0	0	yes	58.2	254.4	20506	20827	9248	6518	0	44277	2724	0	0	5886	0	0
June 11, 2008 1:59:00 PM UTC	1213221540000	0	0	yes	58.0	254.7	20506	20827	9248	6518	0	44277	2730	0	0	5881	0	0
June 11, 2008 2:00:00 PM UTC	1213221600000	0	0	yes	57.8	254.9	20506	20827	9248	6517	0	44278	2726	0	0	5881	0	0
June 11, 2008 2:01:00 PM UTC	1213221660000	0	0	yes	57.6	255.1	20506	20827	9239	6569	0	44235	2704	0	0	5858	0	0
June 11, 2008 2:02:00 PM UTC	1213221720000	0	0	yes	57.4	255.3	20506	20827	9250	6500	0	44293	2744	0	1	5878	0	0
June 11, 2008 2:03:00 PM UTC	1213221780000	0	0	yes	57.2	255.6	20506	20827	9250	6498	0	44295	2744	0	0	5873	0	0
June 11, 2008 2:04:00 PM UTC	1213221840000	0	0	yes	57.0	255.8	20506	20827	9250	6498	0	44295	2738	0	2	5870	0	0
June 11, 2008 2:05:00 PM UTC	1213221900000	0	0	yes	56.8	256.0	20506	20827	9248	6572	0	44223	2697	0	0	5861	0	0
June 11, 2008 2:06:00 PM UTC	1213221960000	0	0	yes	56.6	256.2	20506	20827	9250	6556	0	44237	2709	0	0	5857	0	0
June 11, 2008 2:07:00 PM UTC	1213222020000	0	0	yes	56.4	256.5	20506	20827	9251	6554	0	44238	2714	0	1	5849	0	0
June 11, 2008 2:08:00 PM UTC	1213222080000	0	0	yes	56.2	256.7	20506	20827	9240	6627	0	44176	2681	0	0	5822	0	0
June 11, 2008 2:09:00 PM UTC	1213222140000	0	0	yes	56.0	256.9	20506	20827	9251	6557	0	44235	2718	0	2	5840	0	0
June 11, 2008 2:10:00 PM UTC	1213222200000	0	0	yes	55.8	257.1	20506	20827	9242	6609	0	44192	2695	0	3	5815	0	0
June 11, 2008 2:11:00 PM UTC	1213222260000	0	0	yes	55.7	257.3	20506	20827	9251	6558	0	44234	2721	0	1	5820	0	0
June 11, 2008 2:12:00 PM UTC	1213222320000	0	0	yes	55.5	257.5	20506	20827	9240	6626	0	44177	2696	0	1	5790	0	0
June 11, 2008 2:13:00 PM UTC	1213222380000	0	0	yes	55.3	257.8	20506	20827	9251	6519	0	44273	2735	0	1	5812	0	0
June 11, 2008 2:14:00 PM UTC	1213222440000	0	0	yes	55.1	258.0	20506	20827	9240	6588	0	44215	2706	0	1	5781	0	0
June 11, 2008 2:15:00 PM UTC	1213222500000	0	0	yes	54.9	258.2	20506	20827	9252	6458	0	44333	2767	0	0	5801	0	0
June 11, 2008 2:16:00 PM UTC	1213222560000	0	0	yes	54.7	258.4	20506	20827	9244	6485	0	44314	2756	0	0	5773	0	0
June 11, 2008 2:17:00 PM UTC	1213222620000	0	0	yes	54.5	258.6	20506	20827	9253	6429	0	44361	2780	0	1	5785	0	0
June 11, 2008 2:18:00 PM UTC	1213222680000	0	0	yes	54.3	258.8	20506	20827	9242	6503	0	44298	2749	0	2	5753	0	0
June 11, 2008 2:19:00 PM UTC	1213222740000	0	0	yes	54.1	259.0	20506	20827	9253	6428	0	44362	2785	0	1	5768	0	0
June 11, 2008 2:20:00 PM UTC	1213222800000	0	0	yes	53.9	259.2	20506	20827	9244	6497	0	44302	2765	0	0	5738	0	0
June 11, 2008 2:21:00 PM UTC	1213222860000	0	0	yes	53.7	259.4	20506	20827	9255	6492	0	44296	2767	0	0	5743	0	0
June 11, 2008 2:22:00 PM UTC	1213222920000	0	0	yes	53.5	259.6	20506	20827	9245	6565	0	44233	2726	0	0	5716	0	0
June 11, 2008 2:23:00 PM UTC	1213222980000	0	0	yes	53.3	259.8	20506	20827	9257	6498	0	44288	2760	0	0	5722	0	0
June 11, 2008 2:24:00 PM UTC	1213223040000	0	0	yes	53.1	260.0	20506	20827	9246	6565	0	44232	2730	0	0	5692	0	0
June 11, 2008 2:25:00 PM UTC	1213223100000	0	0	yes	52.9	260.2	20506	20827	9256	6493	0	44294	2769	0	0	5702	0	0
June 11, 2008 2:26:00 PM UTC	1213223160000	0	0	yes	52.7	260.4	20506	20827	9247	6563	0	44233	2733	0	0	5670	0	0
June 11, 2008 2:27:00 PM UTC	1213223220000	0	0	yes	52.5	260.6	20506	20827	9247	6563	0	44233	2734	0	0	5657	0	0
June 11, 2008 2:28:00 PM UTC	1213223280000	0	0	yes	52.3	260.8	20506	20827	9250	6551	0	44242	2740	0	0	5649	0	0
June 11, 2008 2:29:00 PM UTC	1213223340000	0	0	yes	52.1	261.0	20506	20827	9250	6519	0	44274	2745	0	0	5632	0	0
June 11, 2008 2:30:00 PM UTC	1213223400000	0	0	yes	51.9	261.1	20506	20827	9251	6518	0	44274	2756	0	2	5629	0	0
June 11, 2008 2:31:00 PM UTC	1213223460000	0	0	yes	51.7	261.3	20506	20827	9251	6518	0	44274	2756	0	2	5608	0	0
June 11, 2008 2:32:00 PM UTC	1213223520000	0	0	yes	51.5	261.5	20506	20827	9252	6515	0	44276	2750	0	0	5596	0	0
June 11, 2008 2:33:00 PM UTC	1213223580000	0	0	yes	51.3	261.7	20506	20827	9252	6515	0	44276	2748	0	0	5582	0	0
June 11, 2008 2:34:00 PM UTC	1213223640000	0	0	yes	51.1	261.9	20506	20827	9253	6525	0	44265	2753	0	0	5572	0	0
June 11, 2008 2:35:00 PM UTC	1213223700000	0	0	yes	50.9	262.1	20506	20827	9254	6515	0	44274	2768	0	0	5557	0	0
June 11, 2008 2:36:00 PM UTC	1213223760000	0	0	yes	50.7	262.3	20506	20827	9255	6514	0	44274	2770	0	3	5542	0	0
June 11, 2008 2:37:00 PM UTC	1213223820000	0	0	yes	50.5	262.4	20506	20827	9255	6514	0	44274	2773	0	2	5531	0	0
June 11, 2008 2:38:00 PM UTC	1213223880000	0	0	yes	50.3	262.6	20506	20827	9245	6584	0	44214	2731	0	2	5500	0	0
June 11, 2008 2:39:00 PM UTC	1213223940000	0	0	yes	50.1	262.8	20506	20827	9256	6513	0	44274	2760	0	2	5506	0	0
June 11, 2008 2:40:00 PM UTC	1213224000000	0	0	yes	49.9	263.0	20506	20827	9256	6513	0	44274	2769	0	1	5486	0	0
June 11, 2008 2:41:00 PM UTC	1213224060000	0	0	yes	49.7	263.2	20506	20827	9257	6583	0	44203	2740	0	0	5471	0	0
June 11, 2008 2:42:00 PM UTC	1213224120000	0	0	yes	49.5	263.3	20506	20827	9257	6583	0	44203	2739	0	0	5456	0	0
June 11, 2008 2:43:00 PM UTC	1213224180000	0	0	yes	49.3	263.5	20506	20827	9256	6588	0	44199	2736	0	0	5445	0	0
June 11, 2008 2:44:00 PM UTC	1213224240000	0	0	yes	49.1	263.7	20506	20827	9256	6588	0	44199	2739	0	0	5429	0	0
June 11, 2008 2:45:00 PM UTC	1213224300000	0	0	yes	48.9	263.9	20506	20827	9246	6652	0	44145	2705	0	0	5398	0	0
June 11, 2008 2:46:00 PM UTC	1213224360000	0	0	yes	48.7	264.0	20506	20827	9258	6505	0	44280	2786	0	0	5400	0	0
June 11, 2008 2:47:00 PM UTC	1213224420000	0	0	yes	48.5	264.2	20506	20827	9247	6548	0	44248	2748	0	0	5373	0	0
June 11, 2008 2:48:00 PM UTC	1213224480000	0	0	yes	48.3	264.4	20506	20827	9258	6477	0	44308	2785	0	0	5371	0	0
June 11, 2008 2:49:00 PM UTC	1213224540000	0	0	yes	48.1	264.5	20506	20827	9258	6489	0	44296	2788	0	0	5357	0	0
June 11, 2008 2:50:00 PM UTC	1213224600000	0	0	yes	47.9	264.7	20506	20827	9259	6488	0	44296	2799	0	1	5344	0	0
June 11, 2008 2:51:00 PM UTC	1213224660000	0	0	yes	47.7	264.9	20506	20827	9259	6488	0	44296	2795	0	2	5328	0	0
June 11, 2008 2:52:00 PM UTC	1213224720000	0	0	yes	47.5	265.1	20506	20827	9248	6558	0	44237	2760	0	3	5301	0	0
June 11, 2008 2:53:00 PM UTC	1213224780000	0	0	yes	47.3	265.2	20506	20827	9260	6481	0	44302	2801	0	2	5297	0	0
June 11, 2008 2:54:00 PM UTC	1213224840000	0	0	yes	47.1	265.4	20506	20827	9249	6551	0	44243	2756	0	2	5271	0	0
June 11, 2008 2:55:00 PM UTC	1213224900000	0	0	yes	46.9	265.6	20506	20827	9260	6480	0	44303	2795	1	3	5270	0	0
June 11, 2008 2:56:00 PM UTC	1213224960000	0	0	yes	46.7	265.7	20506	20827	9260	6480	0	44303	2805	0	2	5251	0	0
June 11, 2008 2:57:00 PM UTC	1213225020000	0	0	yes	46.5	265.9	20506	20827	9249	6550	0	44244	2764	0	3	5220	0	0
June 11, 2008 2:58:00 PM UTC	1213225080000	0	0	yes	46.3	266.0	20506	20827	9260	6479	0	44304	2804	0	3	5222	0	0
June 11, 2008 2:59:00 PM UTC	1213225140000	0	0	yes	46.1	266.2	20506	20827	9250	6548	0	44245	2763	0	5	5186	0	0
June 11, 2008 3:00:00 PM UTC	1213225200000	0	0	yes	45.9	266.4	20506	20827	9260	6477	0	44306	2805	0	3	5190	0	0
June 11, 2008 3:01:00 PM UTC	1213225260000	0	0	yes	45.7	266.5	20506	20827	9260	6477	0	44306	2804	0	2	5172	0	0
June 11, 2008 3:02:00 PM UTC	1213225320000	0	0	yes	45.5	266.7	20506	20827	9260	6476	0	44307	2808	0	0	5154	0	0
June 11, 2008 3:03:00 PM UTC	1213225380000	0	0	yes	45.3	266.9	20506	20827	9260	6476	0	44307	2808	0	2	5138	0	0
June 11, 2008 3:04:00 PM UTC	1213225440000	0	0	yes	45.1	267.0	20506	20827	9249	6621	0	44173	2739	0	2	5104	0	0
June 11, 2008 3:05:00 PM UTC	1213225500000	0	0	yes	44.9	267.2	20506	20827	9259	6546	0	44238	2789	0	4	5101	0	0
June 11, 2008 3:06:00 PM UTC	1213225560000	0	0	yes	44.7	267.3	20506	20827	9249	6616	0	44178	2747	0	4	5075	0	0
June 11, 2008 3:07:00 PM UTC	1213225620000	0	0	yes	44.5	267.5	20506	20827	9249	6613	0	44181	2750	0	4	5058	0	0
June 11, 2008 3:08:00 PM UTC	1213225680000	0	0	yes	44.3	267.7	20506	20827	9261	6542	0	44240	2777	0	5	5061	0	0
June 11, 2008 3:09:00 PM UTC	1213225740000	0	0	yes	44.1	267.8	20506	20827	9249	6614	0	44180	2752	0	3	5023	0	0
June 11, 2008 3:10:00 PM UTC	1213225800000	0	0	yes	43.9	268.0	20506	20827	9261	6543	0	44239	2800	0	0	5013	0	0
June 11, 2008 3:11:00 PM UTC	1213225860000	0	0	yes	43.7	268.1	20506	20827	9261	6543	0	44239	2804	0	0	4996	0	0
June 11, 2008 3:12:00 PM UTC	1213225920000	0	0	yes	43.5	268.3	20506	20827	9249	6615	0	44179	2751	0	1	4976	0	0
June 11, 2008 3:13:00 PM UTC	1213225980000	0	0	yes	43.3	268.4	20506	20827	9261	6544	0	44238	2800	0	1	4966	0	0
June 11, 2008 3:14:00 PM UTC	1213226040000	0	0	yes	43.1	268.6	20506	20827	9249	6616	0	44178	2757	0	1	4938	0	0
June 11, 2008 3:15:00 PM UTC	1213226100000	0	0	yes	42.9	268.7	20506	20827	9261	6544	0	44238	2793	0	1	4934	0	0
June 11, 2008 3:16:00 PM UTC	1213226160000	0	0	yes	42.7	268.9	20506	20827	9261	6470	0	44312	2829	0	2	4918	0	0
June 11, 2008 3:17:00 PM UTC	1213226220000	0	0	yes	42.5	269.0	20506	20827	9249	6541	0	44253	2786	0	0	4890	0	0
June 11, 2008 3:18:00 PM UTC	1213226280000	0	0	yes	42.3	269.2	20506	20827	9261	6469	0	44313	2838	0	3	4875	0	0
June 11, 2008 3:19:00 PM UTC	1213226340000	0	0	yes	42.1	269.3	20506	20827	9249	6539	0	44255	2786	0	3	4856	0	0
June 11, 2008 3:20:00 PM UTC	1213226400000	0	0	yes	41.9	269.5	20506	20827	9261	6468	0	44314	2831	0	5	4851	0	0
June 11, 2008 3:21:00 PM UTC	1213226460000	0	0	yes	41.7	269.6	20506	20827	9261	6468	0	44314	2835	0	3	4834	0	0
June 11, 2008 3:22:00 PM UTC	1213226520000	0	0	yes	41.5	269.8	20506	20827	9261	6468	0	44314	2838	0	4	4815	0	0
June 11, 2008 3:23:00 PM UTC	1213226580000	0	0	yes	41.3	269.9	20506	20827	9261	6468	0	44314	2841	0	4	4795	0	0
June 11, 2008 3:24:00 PM UTC	1213226640000	0	0	yes	41.1	270.1	20506	20827	9261	6467	0	44315	2845	0	3	4775	0	0
June 11, 2008 3:25:00 PM UTC	1213226700000	0	0	yes	40.9	270.2	20506	20827	9249	6612	0	44182	2769	0	1	4751	0	0
June 11, 2008 3:26:00 PM UTC	1213226760000	0	0	yes	40.7	270.4	20506	20827	9261	6460	0	44322	2842	0	4	4746	0	0
June 11, 2008 3:27:00 PM UTC	1213226820000	0	0	yes	40.5	270.5	20506	20827	9249	6531	0	44263	2789	0	4	4724	0	0
June 11, 2008 3:28:00 PM UTC	1213226880000	0	0	yes	40.3	270.7	20506	20827	9261	6460	0	44322	2850	0	5	4707	0	0
June 11, 2008 3:29:00 PM UTC	1213226940000	0	0	yes	40.1	270.8	20506	20827	9261	6461	0	44321	2846	0	4	4694	0	1
June 11, 2008 3:30:00 PM UTC	1213227000000	0	0	yes	39.9	271.0	20506	20827	9249	6533	0	44261	2800	1	9	4666	0	4
June 11, 2008 3:31:00 PM UTC	1213227060000	0	0	yes	39.7	271.1	20506	20827	9261	6462	0	44320	2850	0	4	4653	0	10
June 11, 2008 3:32:00 PM UTC	1213227120000	0	0	yes	39.5	271.3	20506	20827	9261	6544	0	44238	2815	0	6	4637	0	11
June 11, 2008 3:33:00 PM UTC	1213227180000	0	0	yes	39.3	271.4	20506	20827	9249	6616	0	44178	2777	0	4	4613	0	12
June 11, 2008 3:34:00 PM UTC	1213227240000	0	0	yes	39.1	271.6	20506	20827	9261	6544	0	44238	2821	0	17	4606	0	17
June 11, 2008 3:35:00 PM UTC	1213227300000	0	0	yes	38.9	271.7	20506	20827	9249	6615	0	44179	2781	0	1	4577	0	23
June 11, 2008 3:36:00 PM UTC	1213227360000	0	0	yes	38.7	271.9	20506	20827	9249	6615	0	44179	2787	0	2	4556	0	22
June 11, 2008 3:37:00 PM UTC	1213227420000	0	0	yes	38.5	272.0	20506	20827	9261	6543	0	44239	2820	0	18	4552	0	42
June 11, 2008 3:38:00 PM UTC	1213227480000	0	0	yes	38.3	272.1	20506	20827	9249	6614	0	44180	2777	0	3	4534	0	36
June 11, 2008 3:39:00 PM UTC	1213227540000	0	0	yes	38.1	272.3	20506	20827	9261	6542	0	44240	2838	0	26	4508	0	61
June 11, 2008 3:40:00 PM UTC	1213227600000	0	0	yes	37.9	272.4	20506	20827	9261	6542	0	44240	2841	0	21	4488	0	80
June 11, 2008 3:41:00 PM UTC	1213227660000	0	0	yes	37.7	272.6	20506	20827	9249	6616	0	44178	2786	0	23	4477	0	56
June 11, 2008 3:42:00 PM UTC	1213227720000	0	0	yes	37.5	272.7	20506	20827	9259	6546	0	44238	2832	0	35	4464	0	83
June 11, 2008 3:43:00 PM UTC	1213227780000	0	0	yes	37.3	272.9	20506	20827	9259	6546	0	44238	2831	0	30	4445	0	76
June 11, 2008 3:44:00 PM UTC	1213227840000	0	0	yes	37.1	273.0	20506	20827	9249	6621	0	44173	2792	0	41	4424	0	96
June 11, 2008 3:45:00 PM UTC	1213227900000	0	1	yes	36.9	273.1	20506	20827	9260	6483	0	44300	2858	0	116	4409	0	111
June 11, 2008 3:46:00 PM UTC	1213227960000	0	1	yes	36.7	273.3	20506	20827	9260	6483	0	44300	2855	0	111	4394	0	122
June 11, 2008 3:47:00 PM UTC	1213228020000	0	0	yes	36.5	273.4	20506	20827	9250	6553	0	44240	2818	0	84	4369	0	116
June 11, 2008 3:48:00 PM UTC	1213228080000	0	1	yes	36.3	273.6	20506	20827	9260	6482	0	44301	2859	0	151	4363	0	151
June 11, 2008 3:49:00 PM UTC	1213228140000	0	1	yes	36.1	273.7	20506	20827	9260	6482	0	44301	2861	0	153	4346	0	138
June 11, 2008 3:50:00 PM UTC	1213228200000	0	1	yes	35.9	273.8	20506	20827	9250	6551	0	44242	2818	0	167	4321	0	140
June 11, 2008 3:51:00 PM UTC	1213228260000	0	1	yes	35.7	274.0	20506	20827	9260	6480	0	44303	2867	0	193	4306	0	155
June 11, 2008 3:52:00 PM UTC	1213228320000	0	1	yes	35.5	274.1	20506	20827	9249	6550	0	44244	2822	0	218	4288	0	150
June 11, 2008 3:53:00 PM UTC	1213228380000	0	1	yes	35.3	274.3	20506	20827	9249	6550	0	44244	2823	0	207	4270	0	152
June 11, 2008 3:54:00 PM UTC	1213228440000	0	1	yes	35.1	274.4	20506	20827	9260	6479	0	44304	2867	0	225	4256	0	149
June 11, 2008 3:55:00 PM UTC	1213228500000	0	1	yes	34.9	274.5	20506	20827	9249	6549	0	44245	2830	0	290	4235	0	183
June 11, 2008 3:56:00 PM UTC	1213228560000	0	1	yes	34.7	274.7	20506	20827	9260	6478	0	44305	2872	0	314	4218	0	193
June 11, 2008 3:57:00 PM UTC	1213228620000	0	1	yes	34.5	274.8	20506	20827	9260	6478	0	44305	2870	0	368	4207	0	165
June 11, 2008 3:58:00 PM UTC	1213228680000	0	1	yes	34.3	274.9	20506	20827	9248	6554	0	44241	2824	0	388	4192	0	205
June 11, 2008 3:59:00 PM UTC	1213228740000	0	1	yes	34.1	275.1	20506	20827	9259	6483	0	44301	2864	0	432	4168	0	178
June 11, 2008 4:00:00 PM UTC	1213228800000	0	1	yes	33.9	275.2	20506	20827	9259	6483	0	44301	2870	0	451	4155	0	186
June 11, 2008 4:01:00 PM UTC	1213228860000	0	1	yes	33.7	275.4	20506	20827	9248	6554	0	44241	2829	0	437	4135	0	151
June 11, 2008 4:02:00 PM UTC	1213228920000	0	2	yes	33.5	275.5	20506	20827	9258	6483	0	44302	2881	0	525	4111	0	168
June 11, 2008 4:03:00 PM UTC	1213228980000	0	2	yes	33.3	275.6	20506	20827	9258	6472	0	44313	2868	0	593	4102	0	165
June 11, 2008 4:04:00 PM UTC	1213229040000	0	2	yes	33.1	275.8	20506	20827	9247	6543	0	44253	2822	0	499	4090	0	164
June 11, 2008 4:05:00 PM UTC	1213229100000	0	2	yes	32.9	275.9	20506	20827	9258	6500	0	44285	2870	4	559	4071	0	168
June 11, 2008 4:06:00 PM UTC	1213229160000	0	2	yes	32.7	276.0	20506	20827	9258	6500	0	44285	2866	0	661	4054	0	170
June 11, 2008 4:07:00 PM UTC	1213229220000	0	2	yes	32.5	276.2	20506	20827	9246	6653	0	44144	2796	0	648	4045	0	157
June 11, 2008 4:08:00 PM UTC	1213229280000	0	2	yes	32.3	276.3	20506	20827	9256	6590	0	44197	2826	0	679	4034	0	156
June 11, 2008 4:09:00 PM UTC	1213229340000	0	2	yes	32.1	276.4	20506	20827	9256	6590	0	44197	2834	0	696	4015	0	141
June 11, 2008 4:10:00 PM UTC	1213229400000	0	2	yes	31.9	276.6	20506	20827	9245	6660	0	44138	2780	0	666	4006	0	133
June 11, 2008 4:11:00 PM UTC	1213229460000	0	2	yes	31.7	276.7	20506	20827	9257	6581	0	44205	2829	1	783	3995	0	151
June 11, 2008 4:12:00 PM UTC	1213229520000	0	2	yes	31.5	276.8	20506	20827	9257	6581	0	44205	2822	0	745	3982	0	141
June 11, 2008 4:13:00 PM UTC	1213229580000	0	2	yes	31.3	277.0	20506	20827	9245	6660	0	44138	2777	0	747	3968	0	133
June 11, 2008 4:14:00 PM UTC	1213229640000	0	2	yes	31.1	277.1	20506	20827	9256	6518	0	44269	2834	0	745	3963	0	124
June 11, 2008 4:15:00 PM UTC	1213229700000	0	2	yes	30.9	277.2	20506	20827	9256	6518	0	44269	2829	0	822	3948	0	121
June 11, 2008 4:16:00 PM UTC	1213229760000	0	2	yes	30.7	277.4	20506	20827	9245	6588	0	44210	2785	0	691	3936	0	119
June 11, 2008 4:17:00 PM UTC	1213229820000	0	2	yes	30.5	277.5	20506	20827	9255	6517	0	44271	2822	0	724	3931	0	115
June 11, 2008 4:18:00 PM UTC	1213229880000	0	2	yes	30.3	277.6	20506	20827	9255	6517	0	44271	2811	0	805	3927	0	129
June 11, 2008 4:19:00 PM UTC	1213229940000	0	2	yes	30.1	277.8	20506	20827	9244	6587	0	44212	2766	0	704	3914	0	113
June 11, 2008 4:20:00 PM UTC	1213230000000	0	2	yes	29.9	277.9	20506	20827	9254	6516	0	44273	2806	0	732	3900	0	129
June 11, 2008 4:21:00 PM UTC	1213230060000	0	2	yes	29.7	278.0	20506	20827	9253	6526	0	44264	2791	1	729	3898	0	115
June 11, 2008 4:22:00 PM UTC	1213230120000	0	2	yes	29.5	278.2	20506	20827	9243	6588	0	44212	2740	0	742	3891	0	121
June 11, 2008 4:23:00 PM UTC	1213230180000	0	2	yes	29.3	278.3	20506	20827	9252	6518	0	44273	2770	0	838	3886	0	133
June 11, 2008 4:24:00 PM UTC	1213230240000	0	2	yes	29.1	278.4	20506	20827	9252	6518	0	44273	2762	12	823	3882	0	129
June 11, 2008 4:25:00 PM UTC	1213230300000	0	2	yes	28.9	278.6	20506	20827	9252	6518	0	44273	2753	0	798	3866	0	131
June 11, 2008 4:26:00 PM UTC	1213230360000	0	2	yes	28.7	278.7	20506	20827	9251	6518	0	44274	2748	8	840	3866	0	140
June 11, 2008 4:27:00 PM UTC	1213230420000	0	2	yes	28.5	278.8	20506	20827	9251	6518	0	44274	2741	7	830	3870	0	130
June 11, 2008 4:28:00 PM UTC	1213230480000	0	2	yes	28.3	279.0	20506	20827	9251	6518	0	44274	2727	4	888	3851	0	132
June 11, 2008 4:29:00 PM UTC	1213230540000	0	2	yes	28.1	279.1	20506	20827	9250	6547	0	44246	2722	16	831	3856	0	159
June 11, 2008 4:30:00 PM UTC	1213230600000	0	2	yes	27.9	279.2	20506	20827	9250	6547	0	44246	2713	76	797	3842	0	146
June 11, 2008 4:31:00 PM UTC	1213230660000	0	2	yes	27.7	279.4	20506	20827	9250	6547	0	44246	2704	74	859	3838	0	166
June 11, 2008 4:32:00 PM UTC	1213230720000	0	2	yes	27.5	279.5	20506	20827	9247	6558	0	44238	2684	69	828	3839	0	173
June 11, 2008 4:33:00 PM UTC	1213230780000	0	2	yes	27.3	279.6	20506	20827	9247	6558	0	44238	2675	75	865	3832	0	197
June 11, 2008 4:34:00 PM UTC	1213230840000	0	2	yes	27.1	279.8	20506	20827	9247	6558	0	44238	2669	76	879	3824	0	197
June 11, 2008 4:35:00 PM UTC	1213230900000	0	2	yes	26.9	279.9	20506	20827	9246	6558	0	44239	2653	45	882	3828	0	180
June 11, 2008 4:36:00 PM UTC	1213230960000	0	3	yes	26.7	280.0	20506	20827	9246	6558	0	44239	2647	51	927	3821	0	195
June 11, 2008 4:37:00 PM UTC	1213231020000	0	3	yes	26.6	280.2	20506	20827	9246	6558	0	44239	2638	72	909	3819	0	261
June 11, 2008 4:38:00 PM UTC	1213231080000	0	3	yes	26.4	280.3	20506	20827	9245	6558	0	44240	2631	58	912	3811	0	184
June 11, 2008 4:39:00 PM UTC	1213231140000	0	3	yes	26.2	280.4	20506	20827	9245	6558	0	44240	2614	67	957	3815	0	196
June 11, 2008 4:40:00 PM UTC	1213231200000	0	3	yes	26.0	280.6	20506	20827	9245	6558	0	44240	2605	80	935	3810	0	187
June 11, 2008 4:41:00 PM UTC	1213231260000	0	3	yes	25.8	280.7	20506	20827	9244	6497	0	44302	2604	83	951	3811	0	190
June 11, 2008 4:42:00 PM UTC	1213231320000	0	3	yes	25.6	280.8	20506	20827	9244	6497	0	44302	2588	108	919	3814	0	195
June 11, 2008 4:43:00 PM UTC	1213231380000	0	2	yes	25.4	281.0	20506	20827	9244	6493	0	44306	2582	97	856	3807	0	234
June 11, 2008 4:44:00 PM UTC	1213231440000	0	2	yes	25.2	281.1	20506	20827	9242	6501	0	44300	2562	88	897	3806	0	185
June 11, 2008 4:45:00 PM UTC	1213231500000	0	3	yes	25.0	281.2	20506	20827	9242	6501	0	44300	2554	75	919	3805	0	198
June 11, 2008 4:46:00 PM UTC	1213231560000	0	2	yes	24.8	281.3	20506	20827	9242	6501	0	44300	2545	95	903	3800	0	182
June 11, 2008 4:47:00 PM UTC	1213231620000	0	3	yes	24.6	281.5	20506	20827	9253	6427	0	44363	2571	111	927	3803	0	187
June 11, 2008 4:48:00 PM UTC	1213231680000	0	2	yes	24.4	281.6	20506	20827	9244	6483	0	44316	2519	96	870	3810	0	178
June 11, 2008 4:49:00 PM UTC	1213231740000	0	3	yes	24.2	281.7	20506	20827	9244	6483	0	44316	2505	95	868	3808	0	229
June 11, 2008 4:50:00 PM UTC	1213231800000	0	2	yes	24.0	281.9	20506	20827	9252	6454	0	44337	2518	66	901	3806	0	179
June 11, 2008 4:51:00 PM UTC	1213231860000	0	2	yes	23.8	282.0	20506	20827	9240	6591	0	44212	2458	113	866	3802	0	209
June 11, 2008 4:52:00 PM UTC	1213231920000	0	3	yes	23.6	282.1	20506	20827	9240	6591	0	44212	2445	90	934	3808	0	210
June 11, 2008 4:53:00 PM UTC	1213231980000	0	3	yes	23.4	282.3	20506	20827	9251	6522	0	44270	2463	95	938	3809	0	202
June 11, 2008 4:54:00 PM UTC	1213232040000	0	3	yes	23.2	282.4	20506	20827	9240	6592	0	44211	2415	137	920	3811	0	191
June 11, 2008 4:55:00 PM UTC	1213232100000	1	2	yes	23.0	282.5	20506	20827	9240	6626	2	44175	2399	209	827	3813	0	219
June 11, 2008 4:56:00 PM UTC	1213232160000	0	3	yes	22.8	282.7	20506	20827	9251	6558	12	44222	2423	129	957	3813	0	239
June 11, 2008 4:57:00 PM UTC	1213232220000	0	3	yes	22.6	282.8	20506	20827	9242	6609	18	44174	2381	101	900	3817	0	241
June 11, 2008 4:58:00 PM UTC	1213232280000	0	3	yes	22.4	282.9	20506	20827	9242	6609	29	44163	2365	132	930	3821	0	254
June 11, 2008 4:59:00 PM UTC	1213232340000	0	3	yes	22.2	283.0	20506	20827	9251	6556	47	44189	2387	123	978	3821	0	244
June 11, 2008 5:00:00 PM UTC	1213232400000	0	3	yes	22.0	283.2	20506	20827	9240	6625	53	44125	2337	113	943	3824	0	312
June 11, 2008 5:01:00 PM UTC	1213232460000	0	3	yes	21.8	283.3	20506	20827	9240	6625	66	44112	2318	94	949	3835	0	274
June 11, 2008 5:02:00 PM UTC	1213232520000	0	3	yes	21.6	283.4	20506	20827	9251	6554	86	44152	2343	89	887	3830	0	242
June 11, 2008 5:03:00 PM UTC	1213232580000	0	3	yes	21.4	283.6	20506	20827	9251	6553	97	44142	2327	94	870	3833	0	235
June 11, 2008 5:04:00 PM UTC	1213232640000	0	2	yes	21.3	283.7	20506	20827	9240	6623	100	44080	2276	80	784	3841	0	268
June 11, 2008 5:05:00 PM UTC	1213232700000	0	3	yes	21.1	283.8	20506	20827	9250	6554	122	44117	2295	53	852	3845	0	265
June 11, 2008 5:06:00 PM UTC	1213232760000	0	2	yes	20.9	284.0	20506	20827	9250	6554	131	44108	2287	80	830	3843	0	245
June 11, 2008 5:07:00 PM UTC	1213232820000	0	2	yes	20.7	284.1	20506	20827	9238	6572	132	44101	2236	67	787	3852	0	271
June 11, 2008 5:08:00 PM UTC	1213232880000	0	3	yes	20.5	284.2	20506	20827	9250	6502	152	44139	2262	77	854	3853	0	295
June 11, 2008 5:09:00 PM UTC	1213232940000	0	3	yes	20.3	284.3	20506	20827	9250	6502	161	44130	2242	58	876	3865	0	341
June 11, 2008 5:10:00 PM UTC	1213233000000	0	2	yes	20.1	284.5	20506	20827	9241	6571	160	44071	2195	46	799	3868	0	290
June 11, 2008 5:11:00 PM UTC	1213233060000	0	3	yes	19.9	284.6	20506	20827	9250	6500	180	44113	2218	58	830	3872	0	295
June 11, 2008 5:12:00 PM UTC	1213233120000	0	2	yes	19.7	284.7	20506	20827	9250	6500	191	44102	2199	75	646	3878	0	366
June 11, 2008 5:13:00 PM UTC	1213233180000	0	2	yes	19.5	284.9	20506	20827	9239	6569	189	44046	2156	36	638	3884	3	247
June 11, 2008 5:14:00 PM UTC	1213233240000	0	2	yes	19.3	285.0	20506	20827	9248	6517	207	44071	2163	38	511	3890	0	229
June 11, 2008 5:15:00 PM UTC	1213233300000	0	2	yes	19.1	285.1	20506	20827	9248	6517	216	44062	2153	33	582	3896	0	223
June 11, 2008 5:16:00 PM UTC	1213233360000	0	2	yes	18.9	285.3	20506	20827	9248	6517	227	44051	2131	46	520	3906	0	228
June 11, 2008 5:17:00 PM UTC	1213233420000	0	2	yes	18.7	285.4	20506	20827	9248	6516	235	44044	2118	51	583	3907	0	295
June 11, 2008 5:18:00 PM UTC	1213233480000	0	2	yes	18.5	285.5	20506	20827	9248	6516	246	44033	2106	36	608	3913	0	306
June 11, 2008 5:19:00 PM UTC	1213233540000	0	2	yes	18.3	285.7	20506	20827	9248	6516	250	44029	2090	20	658	3923	0	282
June 11, 2008 5:20:00 PM UTC	1213233600000	0	2	yes	18.1	285.8	20506	20827	9248	6514	263	44018	2077	2	584	3931	0	282
June 11, 2008 5:21:00 PM UTC	1213233660000	0	2	yes	18.0	285.9	20506	20827	9248	6514	275	44006	2062	27	650	3938	0	277
June 11, 2008 5:22:00 PM UTC	1213233720000	0	2	yes	17.8	286.1	20506	20827	9247	6555	279	43962	2043	19	667	3943	0	313
June 11, 2008 5:23:00 PM UTC	1213233780000	0	2	yes	17.6	286.2	20506	20827	9246	6556	284	43957	2019	3	497	3956	0	321
June 11, 2008 5:24:00 PM UTC	1213233840000	0	2	yes	17.4	286.3	20506	20827	9246	6556	289	43952	2010	21	596	3958	0	317
June 11, 2008 5:25:00 PM UTC	1213233900000	0	2	yes	17.2	286.4	20506	20827	9246	6556	293	43948	1998	16	509	3968	0	231
June 11, 2008 5:26:00 PM UTC	1213233960000	0	1	yes	17.0	286.6	20506	20827	9247	6554	299	43943	1982	2	443	3980	0	194
June 11, 2008 5:27:00 PM UTC	1213234020000	0	2	yes	16.8	286.7	20506	20827	9247	6554	306	43936	1963	3	510	3994	0	237
June 11, 2008 5:28:00 PM UTC	1213234080000	0	2	yes	16.6	286.8	20506	20827	9247	6554	314	43928	1950	2	532	3997	0	261
June 11, 2008 5:29:00 PM UTC	1213234140000	0	2	yes	16.4	287.0	20506	20827	9254	6504	324	43961	1952	1	526	4007	0	240
June 11, 2008 5:30:00 PM UTC	1213234200000	0	2	yes	16.2	287.1	20506	20827	9244	6572	314	43913	1906	23	532	4024	0	219
June 11, 2008 5:31:00 PM UTC	1213234260000	0	2	yes	16.0	287.2	20506	20827	9244	6572	321	43906	1894	2	534	4035	0	210
June 11, 2008 5:32:00 PM UTC	1213234320000	0	2	yes	15.8	287.4	20506	20827	9256	6433	345	44009	1919	11	475	4036	0	284
June 11, 2008 5:33:00 PM UTC	1213234380000	0	2	yes	15.7	287.5	20506	20827	9245	6495	341	43962	1881	5	457	4047	0	267
June 11, 2008 5:34:00 PM UTC	1213234440000	0	2	yes	15.5	287.6	20506	20827	9245	6495	340	43963	1855	6	389	4068	0	327
June 11, 2008 5:35:00 PM UTC	1213234500000	0	2	yes	15.3	287.8	20506	20827	9256	6432	360	43995	1867	1	485	4074	0	228
June 11, 2008 5:36:00 PM UTC	1213234560000	0	2	yes	15.1	287.9	20506	20827	9244	6524	353	43922	1816	1	439	4084	0	295
June 11, 2008 5:37:00 PM UTC	1213234620000	0	2	yes	14.9	288.0	20506	20827	9244	6524	357	43918	1798	2	367	4101	0	306
June 11, 2008 5:38:00 PM UTC	1213234680000	0	2	yes	14.7	288.2	20506	20827	9254	6451	372	43966	1815	2	376	4110	0	327
June 11, 2008 5:39:00 PM UTC	1213234740000	0	1	yes	14.5	288.3	20506	20827	9256	6430	385	43972	1809	2	344	4121	1	242
June 11, 2008 5:40:00 PM UTC	1213234800000	0	2	yes	14.3	288.4	20506	20827	9244	6495	378	43926	1769	1	378	4131	0	275
June 11, 2008 5:41:00 PM UTC	1213234860000	0	1	yes	14.1	288.6	20506	20827	9255	6440	391	43957	1770	0	335	4152	0	264
June 11, 2008 5:42:00 PM UTC	1213234920000	0	1	yes	13.9	288.7	20506	20827	9252	6463	388	43940	1751	1	295	4158	0	286
June 11, 2008 5:43:00 PM UTC	1213234980000	0	1	yes	13.7	288.8	20506	20827	9241	6531	379	43892	1700	4	264	4177	0	250
June 11, 2008 5:44:00 PM UTC	1213235040000	0	1	yes	13.6	289.0	20506	20827	9252	6463	397	43931	1715	0	234	4191	0	177
June 11, 2008 5:45:00 PM UTC	1213235100000	0	1	yes	13.4	289.1	20506	20827	9252	6463	401	43927	1702	3	233	4202	0	265
June 11, 2008 5:46:00 PM UTC	1213235160000	0	1	yes	13.2	289.2	20506	20827	9244	6531	396	43872	1662	7	269	4217	1	231
June 11, 2008 5:47:00 PM UTC	1213235220000	0	1	yes	13.0	289.4	20506	20827	9252	6461	408	43922	1672	5	255	4228	0	177
June 11, 2008 5:48:00 PM UTC	1213235280000	0	1	yes	12.8	289.5	20506	20827	9248	6484	404	43907	1644	1	284	4246	0	239
June 11, 2008 5:49:00 PM UTC	1213235340000	0	1	yes	12.6	289.6	20506	20827	9248	6484	406	43905	1630	0	246	4257	0	201
June 11, 2008 5:50:00 PM UTC	1213235400000	0	1	yes	12.4	289.8	20506	20827	9249	6483	417	43894	1616	0	206	4274	0	151
June 11, 2008 5:51:00 PM UTC	1213235460000	0	1	yes	12.2	289.9	20506	20827	9248	6610	412	43773	1588	0	179	4292	0	142
June 11, 2008 5:52:00 PM UTC	1213235520000	0	1	yes	12.0	290.0	20506	20827	9248	6610	412	43773	1567	0	233	4311	0	199
June 11, 2008 5:53:00 PM UTC	1213235580000	0	1	yes	11.9	290.2	20506	20827	9250	6585	422	43786	1562	0	254	4325	0	235
June 11, 2008 5:54:00 PM UTC	1213235640000	0	1	yes	11.7	290.3	20506	20827	9250	6585	425	43783	1553	8	210	4331	0	124
June 11, 2008 5:55:00 PM UTC	1213235700000	0	1	yes	11.5	290.4	20506	20827	9248	6544	425	43826	1529	10	201	4355	1	137
June 11, 2008 5:56:00 PM UTC	1213235760000	0	1	yes	11.3	290.6	20506	20827	9248	6543	430	43822	1517	0	217	4369	0	121
June 11, 2008 5:57:00 PM UTC	1213235820000	0	1	yes	11.1	290.7	20506	20827	9248	6543	432	43820	1506	0	230	4382	0	142
June 11, 2008 5:58:00 PM UTC	1213235880000	0	1	yes	10.9	290.8	20506	20827	9248	6543	431	43821	1488	1	217	4399	0	122
June 11, 2008 5:59:00 PM UTC	1213235940000	0	1	yes	10.7	291.0	20506	20827	9246	6559	435	43803	1470	5	210	4414	0	139
June 11, 2008 6:00:00 PM UTC	1213236000000	0	1	yes	10.5	291.1	20506	20827	9243	6577	429	43794	1447	1	180	4429	0	194
June 11, 2008 6:01:00 PM UTC	1213236060000	0	1	yes	10.4	291.3	20506	20827	9243	6577	430	43793	1428	1	246	4448	0	236
June 11, 2008 6:02:00 PM UTC	1213236120000	0	1	yes	10.2	291.4	20506	20827	9254	6502	440	43847	1436	6	239	4468	0	233
June 11, 2008 6:03:00 PM UTC	1213236180000	0	1	yes	10.0	291.5	20506	20827	9243	6576	435	43789	1399	4	235	4480	0	210
June 11, 2008 6:04:00 PM UTC	1213236240000	0	1	yes	9.8	291.7	20506	20827	9243	6576	434	43790	1378	7	276	4499	0	196
June 11, 2008 6:05:00 PM UTC	1213236300000	0	1	yes	9.6	291.8	20506	20827	9258	6483	451	43851	1397	4	241	4515	0	126
June 11, 2008 6:06:00 PM UTC	1213236360000	0	1	yes	9.4	291.9	20506	20827	9245	6574	438	43786	1349	6	232	4526	0	171
June 11, 2008 6:07:00 PM UTC	1213236420000	0	1	yes	9.2	292.1	20506	20827	9245	6574	446	43778	1336	5	195	4541	0	65
June 11, 2008 6:08:00 PM UTC	1213236480000	0	1	yes	9.0	292.2	20506	20827	9256	6508	460	43819	1341	8	199	4558	0	76
June 11, 2008 6:09:00 PM UTC	1213236540000	0	0	yes	8.9	292.3	20506	20827	9245	6574	448	43776	1306	10	128	4569	0	36
June 11, 2008 6:10:00 PM UTC	1213236600000	0	0	yes	8.7	292.5	20506	20827	9245	6574	451	43773	1293	6	179	4583	0	10
June 11, 2008 6:11:00 PM UTC	1213236660000	0	1	yes	8.5	292.6	20506	20827	9253	6507	460	43823	1302	0	217	4600	0	87
June 11, 2008 6:12:00 PM UTC	1213236720000	0	0	yes	8.3	292.8	20506	20827	9251	6522	461	43809	1278	0	143	4616	0	41
June 11, 2008 6:13:00 PM UTC	1213236780000	0	1	yes	8.1	292.9	20506	20827	9240	6599	452	43752	1238	0	174	4630	0	112
June 11, 2008 6:14:00 PM UTC	1213236840000	0	0	yes	7.9	293.0	20506	20827	9251	6533	467	43792	1245	0	142	4648	0	61
June 11, 2008 6:15:00 PM UTC	1213236900000	0	1	yes	7.8	293.2	20506	20827	9251	6533	465	43794	1228	0	189	4663	0	36
June 11, 2008 6:16:00 PM UTC	1213236960000	0	0	yes	7.6	293.3	20506	20827	9245	6569	461	43768	1205	0	83	4670	0	49
June 11, 2008 6:17:00 PM UTC	1213237020000	0	1	yes	7.4	293.4	20506	20827	9251	6484	469	43839	1200	1	184	4695	0	38
June 11, 2008 6:18:00 PM UTC	1213237080000	0	0	yes	7.2	293.6	20506	20827	9251	6484	470	43838	1189	0	78	4708	0	31
June 11, 2008 6:19:00 PM UTC	1213237140000	0	1	yes	7.0	293.7	20506	20827	9241	6549	462	43791	1152	0	103	4720	0	136
June 11, 2008 6:20:00 PM UTC	1213237200000	0	0	yes	6.8	293.9	20506	20827	9251	6483	471	43838	1160	0	102	4735	0	25
June 11, 2008 6:21:00 PM UTC	1213237260000	0	0	yes	6.6	294.0	20506	20827	9251	6483	471	43838	1141	0	73	4752	0	34
June 11, 2008 6:22:00 PM UTC	1213237320000	0	1	yes	6.5	294.1	20506	20827	9246	6559	467	43771	1116	3	169	4767	0	73
June 11, 2008 6:23:00 PM UTC	1213237380000	0	1	yes	6.3	294.3	20506	20827	9246	6558	470	43769	1102	1	190	4777	0	152
June 11, 2008 6:24:00 PM UTC	1213237440000	0	0	yes	6.1	294.4	20506	20827	9246	6558	468	43771	1084	0	84	4797	0	60
June 11, 2008 6:25:00 PM UTC	1213237500000	0	0	yes	5.9	294.6	20506	20827	9246	6558	470	43769	1072	0	104	4808	0	35
June 11, 2008 6:26:00 PM UTC	1213237560000	0	0	yes	5.7	294.7	20506	20827	9249	6529	480	43785	1066	0	80	4827	0	55
June 11, 2008 6:27:00 PM UTC	1213237620000	0	0	yes	5.6	294.8	20506	20827	9246	6557	489	43751	1043	0	71	4840	0	15
June 11, 2008 6:28:00 PM UTC	1213237680000	0	0	yes	5.4	295.0	20506	20827	9246	6557	495	43745	1026	1	66	4855	0	22
June 11, 2008 6:29:00 PM UTC	1213237740000	0	0	yes	5.2	295.1	20506	20827	9246	6556	505	43736	1014	0	87	4868	0	29
June 11, 2008 6:30:00 PM UTC	1213237800000	0	0	yes	5.0	295.3	20506	20827	9246	6556	513	43728	998	0	47	4885	0	13
June 11, 2008 6:31:00 PM UTC	1213237860000	0	0	yes	4.8	295.4	20506	20827	9246	6556	519	43722	984	0	24	4899	0	7
June 11, 2008 6:32:00 PM UTC	1213237920000	0	0	yes	4.6	295.6	20506	20827	9252	6521	531	43739	976	0	19	4921	0	29
June 11, 2008 6:33:00 PM UTC	1213237980000	0	0	yes	4.5	295.7	20506	20827	9242	6586	534	43681	945	0	9	4926	0	3
June 11, 2008 6:34:00 PM UTC	1213238040000	0	0	yes	4.3	295.8	20506	20827	9241	6601	543	43658	929	0	40	4939	0	60
June 11, 2008 6:35:00 PM UTC	1213238100000	0	0	yes	4.1	296.0	20506	20827	9255	6507	573	43708	938	0	41	4966	0	11
June 11, 2008 6:36:00 PM UTC	1213238160000	0	0	yes	3.9	296.1	20506	20827	9245	6570	577	43651	909	0	12	4971	0	27
June 11, 2008 6:37:00 PM UTC	1213238220000	0	0	yes	3.7	296.3	20506	20827	9242	6539	593	43669	888	0	38	4986	0	17
June 11, 2008 6:38:00 PM UTC	1213238280000	0	0	yes	3.6	296.4	20506	20827	9252	6475	626	43690	893	1	21	5007	0	9
June 11, 2008 6:39:00 PM UTC	1213238340000	0	0	yes	3.4	296.6	20506	20827	9241	6540	650	43612	863	0	1	5012	0	15
June 11, 2008 6:40:00 PM UTC	1213238400000	0	0	yes	3.2	296.7	20506	20827	9252	6476	693	43622	864	0	2	5034	0	8
June 11, 2008 6:41:00 PM UTC	1213238460000	0	0	yes	3.0	296.8	20506	20827	9252	6476	724	43591	848	0	7	5050	0	17
