May 16, 2014 5:00:00 AM UTC	1400245200000	10	7	no	3.6	68.7	20506	20827	9243	6582	612	43606	885	344	0	4991	2426	1086
May 16, 2014 5:01:00 AM UTC	1400245260000	10	8	no	3.8	68.9	20506	20827	9243	6582	589	43629	899	310	58	4977	2294	1152
May 16, 2014 5:02:00 AM UTC	1400245320000	11	8	no	4.0	69.0	20506	20827	9247	6550	573	43673	922	402	0	4965	2348	1233
May 16, 2014 5:03:00 AM UTC	1400245380000	11	9	no	4.2	69.1	20506	20827	9248	6548	556	43691	938	422	7	4948	2413	1264
May 16, 2014 5:04:00 AM UTC	1400245440000	12	9	no	4.3	69.3	20506	20827	9248	6548	545	43702	949	435	14	4939	2622	1251
May 16, 2014 5:05:00 AM UTC	1400245500000	12	11	no	4.5	69.4	20506	20827	9248	6548	536	43711	967	449	22	4920	2717	1213
May 16, 2014 5:06:00 AM UTC	1400245560000	12	11	no	4.7	69.6	20506	20827	9248	6549	527	43719	978	475	15	4907	2860	1126
May 16, 2014 5:07:00 AM UTC	1400245620000	12	11	no	4.9	69.7	20506	20827	9250	6589	520	43684	999	513	2	4885	2889	1028
May 16, 2014 5:08:00 AM UTC	1400245680000	13	12	no	5.1	69.9	20506	20827	9250	6589	511	43693	1012	526	8	4873	2938	1132
May 16, 2014 5:09:00 AM UTC	1400245740000	13	13	no	5.3	70.0	20506	20827	9248	6612	499	43684	1020	547	7	4858	2931	1125
May 16, 2014 5:10:00 AM UTC	1400245800000	12	14	no	5.5	70.1	20506	20827	9248	6612	487	43696	1036	555	18	4843	2926	1082
May 16, 2014 5:11:00 AM UTC	1400245860000	12	15	no	5.7	70.3	20506	20827	9237	6553	474	43779	1038	572	19	4828	2882	1192
May 16, 2014 5:12:00 AM UTC	1400245920000	12	16	no	5.8	70.4	20506	20827	9248	6486	474	43835	1071	601	18	4819	2799	1239
May 16, 2014 5:13:00 AM UTC	1400245980000	12	19	no	6.0	70.6	20506	20827	9252	6464	474	43853	1090	605	33	4810	2817	1119
May 16, 2014 5:14:00 AM UTC	1400246040000	12	23	no	6.2	70.7	20506	20827	9244	6535	465	43799	1090	576	67	4788	2892	1196
May 16, 2014 5:15:00 AM UTC	1400246100000	12	25	no	6.4	70.9	20506	20827	9252	6467	473	43851	1122	635	34	4778	2909	1165
May 16, 2014 5:16:00 AM UTC	1400246160000	12	27	no	6.6	71.0	20506	20827	9252	6467	471	43853	1137	628	54	4762	2881	1293
May 16, 2014 5:17:00 AM UTC	1400246220000	12	27	no	6.8	71.1	20506	20827	9241	6534	462	43806	1131	671	15	4740	3003	1326
May 16, 2014 5:18:00 AM UTC	1400246280000	12	27	no	7.0	71.3	20506	20827	9252	6467	473	43851	1163	670	37	4738	3014	1371
May 16, 2014 5:19:00 AM UTC	1400246340000	13	26	no	7.2	71.4	20506	20827	9255	6447	473	43868	1191	727	8	4717	3150	1342
May 16, 2014 5:20:00 AM UTC	1400246400000	13	24	no	7.4	71.6	20506	20827	9244	6514	466	43819	1189	727	11	4696	3284	1314
May 16, 2014 5:21:00 AM UTC	1400246460000	14	23	no	7.6	71.7	20506	20827	9256	6445	475	43867	1227	758	7	4683	3456	1214
May 16, 2014 5:22:00 AM UTC	1400246520000	14	22	no	7.7	71.8	20506	20827	9254	6466	468	43855	1237	779	0	4666	3498	1118
May 16, 2014 5:23:00 AM UTC	1400246580000	15	20	no	7.9	72.0	20506	20827	9245	6528	459	43811	1230	753	29	4650	3785	759
May 16, 2014 5:24:00 AM UTC	1400246640000	16	18	no	8.1	72.1	20506	20827	9254	6462	465	43862	1269	807	6	4636	3905	593
May 16, 2014 5:25:00 AM UTC	1400246700000	16	18	no	8.3	72.3	20506	20827	9256	6447	468	43872	1290	812	16	4619	3761	720
May 16, 2014 5:26:00 AM UTC	1400246760000	17	16	no	8.5	72.4	20506	20827	9244	6521	451	43827	1283	835	1	4603	3746	700
May 16, 2014 5:27:00 AM UTC	1400246820000	17	16	no	8.7	72.5	20506	20827	9244	6521	451	43827	1297	849	1	4588	3661	691
May 16, 2014 5:28:00 AM UTC	1400246880000	16	15	no	8.9	72.7	20506	20827	9246	6515	452	43830	1313	857	6	4572	3589	710
May 16, 2014 5:29:00 AM UTC	1400246940000	16	15	no	9.1	72.8	20506	20827	9244	6575	447	43777	1318	872	1	4555	3580	682
May 16, 2014 5:30:00 AM UTC	1400247000000	16	14	no	9.3	73.0	20506	20827	9244	6575	442	43782	1337	896	0	4539	3475	695
May 16, 2014 5:31:00 AM UTC	1400247060000	16	14	no	9.5	73.1	20506	20827	9243	6576	441	43783	1359	914	5	4518	3389	678
May 16, 2014 5:33:00 AM UTC	1400247180000	16	14	no	9.9	73.4	20506	20827	9247	6555	438	43803	1401	963	0	4486	3370	710
May 16, 2014 5:34:00 AM UTC	1400247240000	16	14	no	10.0	73.5	20506	20827	9246	6556	436	43805	1412	972	4	4475	3410	646
May 16, 2014 5:35:00 AM UTC	1400247300000	16	14	no	10.2	73.7	20506	20827	9246	6556	433	43808	1428	995	0	4459	3398	634
May 16, 2014 5:36:00 AM UTC	1400247360000	15	14	no	10.4	73.8	20506	20827	9246	6556	431	43810	1443	1012	0	4443	3276	694
May 16, 2014 5:37:00 AM UTC	1400247420000	15	15	no	10.6	73.9	20506	20827	9247	6558	431	43807	1451	1020	0	4434	3225	738
May 16, 2014 5:38:00 AM UTC	1400247480000	15	15	no	10.8	74.1	20506	20827	9248	6518	431	43846	1482	1051	0	4408	3095	721
May 16, 2014 5:39:00 AM UTC	1400247540000	14	15	no	11.0	74.2	20506	20827	9248	6518	431	43846	1497	1066	0	4394	2913	817
May 16, 2014 5:40:00 AM UTC	1400247600000	14	16	no	11.2	74.4	20506	20827	9248	6518	428	43849	1513	1085	0	4377	2886	789
May 16, 2014 5:41:00 AM UTC	1400247660000	13	16	no	11.4	74.5	20506	20827	9248	6518	427	43850	1530	1103	0	4358	2730	931
May 16, 2014 5:42:00 AM UTC	1400247720000	13	17	no	11.6	74.6	20506	20827	9248	6518	429	43848	1543	1114	0	4346	2623	1027
May 16, 2014 5:43:00 AM UTC	1400247780000	12	18	no	11.8	74.8	20506	20827	9248	6520	420	43855	1558	1134	4	4333	2455	1063
May 16, 2014 5:44:00 AM UTC	1400247840000	12	19	no	12.0	74.9	20506	20827	9248	6520	413	43862	1571	1155	3	4316	2468	1040
May 16, 2014 5:45:00 AM UTC	1400247900000	12	20	no	12.2	75.0	20506	20827	9251	6502	418	43872	1602	1182	2	4292	2421	991
May 16, 2014 5:46:00 AM UTC	1400247960000	12	20	no	12.4	75.2	20506	20827	9250	6503	413	43877	1615	1200	2	4280	2408	979
May 16, 2014 5:47:00 AM UTC	1400248020000	12	21	no	12.6	75.3	20506	20827	9250	6503	413	43877	1633	1218	2	4262	2343	1011
May 16, 2014 5:48:00 AM UTC	1400248080000	11	23	no	12.8	75.5	20506	20827	9250	6503	406	43884	1650	1238	6	4244	2220	1009
May 16, 2014 5:49:00 AM UTC	1400248140000	11	23	no	13.0	75.6	20506	20827	9250	6505	407	43881	1664	1252	5	4231	2132	999
May 16, 2014 5:50:00 AM UTC	1400248200000	11	24	no	13.1	75.7	20506	20827	9250	6505	402	43886	1673	1268	3	4222	2090	1048
May 16, 2014 5:51:00 AM UTC	1400248260000	11	27	no	13.3	75.9	20506	20827	9250	6505	398	43890	1696	1295	3	4200	2044	1045
May 16, 2014 5:52:00 AM UTC	1400248320000	11	27	no	13.5	76.0	20506	20827	9248	6573	391	43831	1707	1316	0	4186	1939	1019
May 16, 2014 5:53:00 AM UTC	1400248380000	11	29	no	13.7	76.1	20506	20827	9250	6557	393	43843	1725	1332	0	4172	1861	1088
May 16, 2014 5:54:00 AM UTC	1400248440000	10	31	no	13.9	76.3	20506	20827	9240	6627	377	43799	1712	1333	2	4160	1753	1077
May 16, 2014 5:55:00 AM UTC	1400248500000	9	36	yes	14.1	76.4	20506	20827	9240	6627	367	43809	1734	1354	13	4140	1569	1163
May 16, 2014 5:56:00 AM UTC	1400248560000	9	40	yes	14.3	76.6	20506	20827	9251	6558	375	43859	1767	1392	0	4134	1388	1335
May 16, 2014 5:57:00 AM UTC	1400248620000	9	47	yes	14.5	76.7	20506	20827	9240	6627	366	43810	1764	1384	14	4118	1120	1671
May 16, 2014 5:58:00 AM UTC	1400248680000	9	55	yes	14.7	76.8	20506	20827	9240	6627	363	43813	1776	1400	13	4109	1017	1865
May 16, 2014 5:59:00 AM UTC	1400248740000	9	62	yes	14.9	77.0	20506	20827	9251	6556	369	43867	1826	1428	29	4089	903	1978
May 16, 2014 6:00:00 AM UTC	1400248800000	8	66	yes	15.1	77.1	20506	20827	9242	6615	356	43830	1817	1422	38	4077	840	2081
May 16, 2014 6:01:00 AM UTC	1400248860000	9	71	yes	15.3	77.2	20506	20827	9242	6615	345	43841	1826	1468	11	4071	800	2235
May 16, 2014 6:02:00 AM UTC	1400248920000	9	74	yes	15.5	77.4	20506	20827	9251	6558	346	43888	1874	1507	19	4056	801	2266
May 16, 2014 6:03:00 AM UTC	1400248980000	9	75	yes	15.7	77.5	20506	20827	9240	6629	330	43844	1860	1514	16	4045	843	2350
May 16, 2014 6:04:00 AM UTC	1400249040000	10	76	yes	15.9	77.7	20506	20827	9240	6595	327	43881	1875	1533	15	4035	882	2311
May 16, 2014 6:05:00 AM UTC	1400249100000	11	76	yes	16.1	77.8	20506	20827	9251	6527	328	43937	1914	1563	23	4028	887	2412
May 16, 2014 6:06:00 AM UTC	1400249160000	11	76	yes	16.3	77.9	20506	20827	9240	6597	312	43894	1907	1564	31	4014	868	2495
May 16, 2014 6:07:00 AM UTC	1400249220000	13	77	yes	16.5	78.1	20506	20827	9240	6597	310	43896	1924	1590	23	4002	854	2495
May 16, 2014 6:08:00 AM UTC	1400249280000	14	76	yes	16.7	78.2	20506	20827	9254	6428	320	44041	1988	1655	13	3995	867	2590
May 16, 2014 6:09:00 AM UTC	1400249340000	14	78	yes	16.9	78.3	20506	20827	9242	6513	300	43988	1965	1649	16	3987	864	2649
May 16, 2014 6:10:00 AM UTC	1400249400000	15	77	yes	17.1	78.5	20506	20827	9242	6513	295	43993	1982	1655	32	3976	876	2669
May 16, 2014 6:11:00 AM UTC	1400249460000	17	76	yes	17.3	78.6	20506	20827	9253	6430	307	44053	2030	1705	17	3970	940	2653
May 16, 2014 6:12:00 AM UTC	1400249520000	19	75	no	17.5	78.7	20506	20827	9243	6495	286	44019	2018	1695	34	3961	1154	2553
May 16, 2014 6:13:00 AM UTC	1400249580000	19	76	yes	17.6	78.9	20506	20827	9243	6495	279	44026	2039	1683	77	3947	1273	2434
May 16, 2014 6:14:00 AM UTC	1400249640000	22	74	yes	17.8	79.0	20506	20827	9253	6429	286	44075	2082	1745	50	3941	1504	2245
May 16, 2014 6:15:00 AM UTC	1400249700000	23	74	yes	18.0	79.2	20506	20827	9243	6507	268	44025	2064	1752	44	3937	1647	2156
May 16, 2014 6:16:00 AM UTC	1400249760000	24	74	no	18.2	79.3	20506	20827	9243	6507	261	44032	2081	1810	10	3926	1924	1876
May 16, 2014 6:17:00 AM UTC	1400249820000	24	74	no	18.4	79.4	20506	20827	9255	6493	263	44032	2121	1837	20	3921	2074	1744
May 16, 2014 6:18:00 AM UTC	1400249880000	25	73	no	18.6	79.6	20506	20827	9245	6560	242	43996	2108	1824	42	3913	2371	1448
May 16, 2014 6:19:00 AM UTC	1400249940000	25	74	no	18.8	79.7	20506	20827	9245	6560	232	44006	2121	1881	8	3904	2329	1491
May 16, 2014 6:20:00 AM UTC	1400250000000	29	71	no	19.0	79.8	20506	20827	9246	6560	220	44017	2130	1903	7	3904	2922	924
May 16, 2014 6:21:00 AM UTC	1400250060000	30	70	no	19.2	80.0	20506	20827	9246	6560	208	44029	2152	1941	3	3889	3111	735
May 16, 2014 6:22:00 AM UTC	1400250120000	30	69	no	19.4	80.1	20506	20827	9246	6560	199	44038	2167	1956	11	3886	3233	617
May 16, 2014 6:23:00 AM UTC	1400250180000	31	69	no	19.6	80.2	20506	20827	9247	6560	189	44047	2176	1969	17	3878	3357	491
May 16, 2014 6:24:00 AM UTC	1400250240000	33	67	no	19.8	80.4	20506	20827	9247	6560	180	44056	2189	1984	25	3882	3467	392
May 16, 2014 6:25:00 AM UTC	1400250300000	33	67	no	20.0	80.5	20506	20827	9247	6560	169	44067	2212	2035	7	3865	3530	319
May 16, 2014 6:26:00 AM UTC	1400250360000	34	66	no	20.2	80.7	20506	20827	9250	6549	164	44080	2232	2063	5	3862	3562	298
May 16, 2014 6:27:00 AM UTC	1400250420000	35	65	no	20.4	80.8	20506	20827	9250	6549	153	44091	2247	2091	3	3865	3592	270
May 16, 2014 6:28:00 AM UTC	1400250480000	36	64	no	20.6	80.9	20506	20827	9250	6549	144	44100	2256	2100	12	3851	3627	224
May 16, 2014 6:29:00 AM UTC	1400250540000	37	63	no	20.8	81.1	20506	20827	9251	6521	135	44136	2268	2117	15	3847	3637	210
May 16, 2014 6:30:00 AM UTC	1400250600000	37	63	no	21.0	81.2	20506	20827	9251	6521	124	44147	2290	2137	29	3846	3665	181
May 16, 2014 6:31:00 AM UTC	1400250660000	38	62	no	21.2	81.3	20506	20827	9251	6521	113	44158	2302	2170	18	3837	3662	175
May 16, 2014 6:32:00 AM UTC	1400250720000	40	60	no	21.4	81.5	20506	20827	9252	6520	100	44171	2313	2197	16	3837	3714	123
May 16, 2014 6:33:00 AM UTC	1400250780000	40	60	no	21.6	81.6	20506	20827	9252	6520	84	44187	2333	2231	18	3833	3675	158
May 16, 2014 6:34:00 AM UTC	1400250840000	43	57	no	21.8	81.8	20506	20827	9252	6538	74	44179	2349	2261	14	3819	3734	85
May 16, 2014 6:35:00 AM UTC	1400250900000	44	56	no	22.0	81.9	20506	20827	9253	6527	62	44201	2360	2262	36	3829	3741	88
May 16, 2014 6:36:00 AM UTC	1400250960000	45	55	no	22.2	82.0	20506	20827	9254	6518	49	44222	2376	2285	42	3826	3794	32
May 16, 2014 6:37:00 AM UTC	1400251020000	47	53	no	22.4	82.2	20506	20827	9254	6518	36	44235	2398	2339	23	3814	3788	26
May 16, 2014 6:38:00 AM UTC	1400251080000	49	51	no	22.6	82.3	20506	20827	9255	6519	24	44245	2407	2367	16	3813	3800	13
May 16, 2014 6:39:00 AM UTC	1400251140000	51	49	no	22.8	82.4	20506	20827	9255	6519	14	44255	2420	2355	40	3814	3810	4
May 16, 2014 6:40:00 AM UTC	1400251200000	55	45	no	23.0	82.6	20506	20827	9255	6519	4	44265	2433	2410	19	3811	3811	0
May 16, 2014 6:41:00 AM UTC	1400251260000	56	44	no	23.2	82.7	20506	20827	9256	6520	1	44266	2445	2423	21	3808	3808	0
May 16, 2014 6:42:00 AM UTC	1400251320000	59	41	no	23.4	82.9	20506	20827	9256	6520	0	44267	2457	2437	19	3812	3811	1
May 16, 2014 6:43:00 AM UTC	1400251380000	61	39	no	23.6	83.0	20506	20827	9245	6662	0	44136	2419	2419	0	3808	3808	0
May 16, 2014 6:44:00 AM UTC	1400251440000	63	37	no	23.8	83.1	20506	20827	9256	6597	0	44190	2469	2464	5	3806	3781	25
May 16, 2014 6:45:00 AM UTC	1400251500000	66	34	no	24.0	83.3	20506	20827	9256	6597	0	44190	2480	2453	27	3810	3809	1
May 16, 2014 6:46:00 AM UTC	1400251560000	65	35	no	24.2	83.4	20506	20827	9245	6661	0	44137	2463	2463	0	3800	3780	20
May 16, 2014 6:47:00 AM UTC	1400251620000	67	33	no	24.4	83.6	20506	20827	9257	6577	0	44209	2519	2519	0	3801	3792	9
May 16, 2014 6:48:00 AM UTC	1400251680000	68	32	no	24.6	83.7	20506	20827	9257	6577	0	44209	2523	2523	0	3805	3805	0
May 16, 2014 6:49:00 AM UTC	1400251740000	70	30	no	24.8	83.8	20506	20827	9246	6655	0	44142	2497	2497	0	3811	3808	3
May 16, 2014 6:50:00 AM UTC	1400251800000	72	28	no	25.0	84.0	20506	20827	9258	6500	0	44285	2561	2551	10	3806	3806	0
May 16, 2014 6:51:00 AM UTC	1400251860000	72	28	no	25.2	84.1	20506	20827	9258	6500	0	44285	2574	2565	9	3811	3811	0
May 16, 2014 6:52:00 AM UTC	1400251920000	74	26	no	25.4	84.2	20506	20827	9247	6544	0	44252	2552	2547	5	3810	3810	0
May 16, 2014 6:53:00 AM UTC	1400251980000	73	27	no	25.6	84.4	20506	20827	9258	6474	0	44311	2601	2600	1	3809	3809	0
May 16, 2014 6:54:00 AM UTC	1400252040000	72	28	no	25.8	84.5	20506	20827	9258	6486	0	44299	2609	2609	0	3818	3818	0
May 16, 2014 6:55:00 AM UTC	1400252100000	73	27	no	26.0	84.7	20506	20827	9248	6557	0	44238	2589	2589	0	3813	3813	0
May 16, 2014 6:56:00 AM UTC	1400252160000	74	26	no	26.2	84.8	20506	20827	9259	6486	0	44298	2641	2641	0	3812	3812	0
May 16, 2014 6:57:00 AM UTC	1400252220000	75	25	no	26.4	84.9	20506	20827	9259	6486	0	44298	2648	2646	2	3816	3816	0
May 16, 2014 6:58:00 AM UTC	1400252280000	75	25	no	26.6	85.1	20506	20827	9259	6486	0	44298	2662	2662	0	3822	3822	0
May 16, 2014 6:59:00 AM UTC	1400252340000	76	24	no	26.8	85.2	20506	20827	9260	6480	0	44303	2678	2675	3	3822	3822	0
May 16, 2014 7:00:00 AM UTC	1400252400000	78	22	no	27.0	85.4	20506	20827	9249	6551	0	44243	2648	2648	0	3824	3824	0
May 16, 2014 7:01:00 AM UTC	1400252460000	78	22	no	27.2	85.5	20506	20827	9260	6481	0	44302	2694	2694	0	3834	3834	0
May 16, 2014 7:02:00 AM UTC	1400252520000	80	20	no	27.4	85.6	20506	20827	9260	6481	0	44302	2700	2700	0	3834	3834	0
May 16, 2014 7:03:00 AM UTC	1400252580000	80	20	no	27.6	85.8	20506	20827	9249	6552	0	44242	2668	2666	2	3843	3843	0
May 16, 2014 7:04:00 AM UTC	1400252640000	81	19	no	27.8	85.9	20506	20827	9260	6482	0	44301	2720	2720	0	3843	3843	0
May 16, 2014 7:05:00 AM UTC	1400252700000	81	19	no	28.0	86.1	20506	20827	9260	6482	0	44301	2735	2735	0	3845	3845	0
May 16, 2014 7:06:00 AM UTC	1400252760000	84	16	no	28.2	86.2	20506	20827	9250	6553	0	44240	2704	2704	0	3849	3849	0
May 16, 2014 7:07:00 AM UTC	1400252820000	85	15	no	28.4	86.4	20506	20827	9260	6484	0	44299	2751	2743	8	3858	3858	0
May 16, 2014 7:08:00 AM UTC	1400252880000	87	13	no	28.6	86.5	20506	20827	9260	6484	0	44299	2758	2757	1	3864	3864	0
May 16, 2014 7:09:00 AM UTC	1400252940000	85	15	no	28.8	86.6	20506	20827	9250	6555	0	44238	2727	2726	1	3867	3867	0
May 16, 2014 7:10:00 AM UTC	1400253000000	88	12	no	29.0	86.8	20506	20827	9260	6485	0	44298	2783	2781	2	3871	3871	0
May 16, 2014 7:11:00 AM UTC	1400253060000	89	11	no	29.2	86.9	20506	20827	9258	6558	0	44227	2761	2761	0	3886	3886	0
May 16, 2014 7:12:00 AM UTC	1400253120000	91	9	no	29.4	87.1	20506	20827	9249	6627	0	44167	2732	2732	0	3891	3891	0
May 16, 2014 7:13:00 AM UTC	1400253180000	91	9	no	29.6	87.2	20506	20827	9259	6544	0	44240	2792	2784	8	3892	3892	0
May 16, 2014 7:14:00 AM UTC	1400253240000	93	7	no	29.8	87.4	20506	20827	9249	6617	0	44177	2752	2739	13	3905	3905	0
May 16, 2014 7:15:00 AM UTC	1400253300000	94	6	no	30.0	87.5	20506	20827	9261	6543	0	44239	2798	2794	4	3911	3911	0
May 16, 2014 7:16:00 AM UTC	1400253360000	96	4	no	30.2	87.6	20506	20827	9261	6543	0	44239	2802	2801	1	3923	3923	0
May 16, 2014 7:17:00 AM UTC	1400253420000	98	2	no	30.4	87.8	20506	20827	9249	6615	0	44179	2772	2772	0	3932	3932	0
May 16, 2014 7:18:00 AM UTC	1400253480000	98	2	no	30.6	87.9	20506	20827	9261	6544	0	44238	2819	2819	0	3936	3936	0
May 16, 2014 7:19:00 AM UTC	1400253540000	99	1	no	30.8	88.1	20506	20827	9261	6544	0	44238	2829	2829	0	3941	3941	0
May 16, 2014 7:20:00 AM UTC	1400253600000	99	1	no	31.0	88.2	20506	20827	9249	6616	0	44178	2786	2786	0	3958	3958	0
May 16, 2014 7:21:00 AM UTC	1400253660000	99	1	no	31.2	88.4	20506	20827	9261	6545	0	44237	2826	2826	0	3971	3971	0
May 16, 2014 7:22:00 AM UTC	1400253720000	99	1	no	31.4	88.5	20506	20827	9261	6545	0	44237	2830	2830	0	3982	3982	0
May 16, 2014 7:23:00 AM UTC	1400253780000	99	1	no	31.6	88.7	20506	20827	9249	6617	0	44177	2800	2795	5	3986	3986	0
May 16, 2014 7:24:00 AM UTC	1400253840000	100	0	no	31.8	88.8	20506	20827	9261	6463	0	44319	2868	2868	0	4000	4000	0
May 16, 2014 7:25:00 AM UTC	1400253900000	99	1	no	32.0	89.0	20506	20827	9249	6534	0	44260	2833	2830	3	4007	4007	0
May 16, 2014 7:26:00 AM UTC	1400253960000	99	1	no	32.2	89.1	20506	20827	9261	6462	0	44320	2871	2871	0	4025	4025	0
May 16, 2014 7:27:00 AM UTC	1400254020000	99	1	no	32.4	89.2	20506	20827	9261	6462	0	44320	2880	2876	4	4035	4035	0
May 16, 2014 7:28:00 AM UTC	1400254080000	99	1	no	32.6	89.4	20506	20827	9249	6533	0	44261	2821	2821	0	4048	4048	0
May 16, 2014 7:29:00 AM UTC	1400254140000	99	1	no	32.8	89.5	20506	20827	9261	6461	0	44321	2883	2883	0	4060	4060	0
May 16, 2014 7:30:00 AM UTC	1400254200000	99	1	no	33.0	89.7	20506	20827	9261	6461	0	44321	2884	2884	0	4079	4079	0
May 16, 2014 7:31:00 AM UTC	1400254260000	99	1	no	33.2	89.8	20506	20827	9249	6614	0	44180	2819	2819	0	4091	4091	0
May 16, 2014 7:32:00 AM UTC	1400254320000	99	1	no	33.4	90.0	20506	20827	9261	6506	0	44276	2870	2870	0	4120	4120	0
May 16, 2014 7:33:00 AM UTC	1400254380000	100	0	no	33.6	90.1	20506	20827	9261	6469	0	44313	2880	2880	0	4129	4129	0
May 16, 2014 7:34:00 AM UTC	1400254440000	100	0	no	33.8	90.3	20506	20827	9261	6469	0	44313	2880	2880	0	4144	4144	0
May 16, 2014 7:35:00 AM UTC	1400254500000	100	0	no	34.0	90.4	20506	20827	9261	6469	0	44313	2885	2885	0	4158	4158	0
May 16, 2014 7:36:00 AM UTC	1400254560000	100	0	no	34.2	90.6	20506	20827	9249	6541	0	44253	2816	2816	0	4181	4181	0
May 16, 2014 7:37:00 AM UTC	1400254620000	100	0	no	34.4	90.7	20506	20827	9261	6470	0	44312	2879	2879	0	4191	4191	0
May 16, 2014 7:38:00 AM UTC	1400254680000	100	0	no	34.6	90.9	20506	20827	9261	6470	0	44312	2879	2879	0	4214	4214	0
May 16, 2014 7:39:00 AM UTC	1400254740000	100	0	no	34.8	91.0	20506	20827	9249	6542	0	44252	2835	2835	0	4226	4226	0
May 16, 2014 7:40:00 AM UTC	1400254800000	100	0	no	35.0	91.2	20506	20827	9261	6471	0	44311	2874	2874	0	4246	4246	0
May 16, 2014 7:41:00 AM UTC	1400254860000	100	0	no	35.2	91.3	20506	20827	9249	6617	0	44177	2809	2809	0	4259	4259	0
May 16, 2014 7:42:00 AM UTC	1400254920000	100	0	no	35.4	91.5	20506	20827	9261	6545	0	44237	2852	2852	0	4278	4278	0
May 16, 2014 7:43:00 AM UTC	1400254980000	100	0	no	35.6	91.6	20506	20827	9261	6545	0	44237	2846	2846	0	4302	4302	0
May 16, 2014 7:44:00 AM UTC	1400255040000	100	0	no	35.8	91.8	20506	20827	9249	6616	0	44178	2802	2802	0	4310	4310	0
May 16, 2014 7:45:00 AM UTC	1400255100000	100	0	no	36.0	92.0	20506	20827	9261	6544	0	44238	2841	2841	0	4334	4334	0
May 16, 2014 7:46:00 AM UTC	1400255160000	100	0	no	36.2	92.1	20506	20827	9249	6615	0	44179	2805	2805	0	4343	4343	0
May 16, 2014 7:47:00 AM UTC	1400255220000	100	0	no	36.4	92.3	20506	20827	9249	6615	0	44179	2796	2796	0	4368	4368	0
May 16, 2014 7:48:00 AM UTC	1400255280000	100	0	no	36.6	92.4	20506	20827	9261	6543	0	44239	2838	2838	0	4382	4382	0
May 16, 2014 7:49:00 AM UTC	1400255340000	100	0	no	36.8	92.6	20506	20827	9249	6617	0	44177	2789	2789	0	4401	4401	0
May 16, 2014 7:50:00 AM UTC	1400255400000	100	0	no	37.0	92.7	20506	20827	9259	6544	0	44240	2837	2837	0	4420	4420	0
May 16, 2014 7:51:00 AM UTC	1400255460000	100	0	no	37.2	92.9	20506	20827	9259	6554	0	44230	2830	2830	0	4440	4440	0
May 16, 2014 7:52:00 AM UTC	1400255520000	100	0	no	37.4	93.0	20506	20827	9248	6629	0	44166	2789	2789	0	4448	4448	0
May 16, 2014 7:53:00 AM UTC	1400255580000	100	0	no	37.6	93.2	20506	20827	9260	6477	0	44306	2853	2853	0	4472	4472	0
May 16, 2014 7:54:00 AM UTC	1400255640000	100	0	no	37.8	93.4	20506	20827	9250	6549	0	44244	2808	2808	0	4484	4484	0
May 16, 2014 7:55:00 AM UTC	1400255700000	100	0	no	38.0	93.5	20506	20827	9260	6478	0	44305	2846	2846	0	4509	4509	0
May 16, 2014 7:56:00 AM UTC	1400255760000	100	0	no	38.2	93.7	20506	20827	9260	6478	0	44305	2854	2854	0	4523	4523	0
May 16, 2014 7:57:00 AM UTC	1400255820000	100	0	no	38.4	93.8	20506	20827	9250	6549	0	44244	2804	2804	0	4537	4537	0
May 16, 2014 7:58:00 AM UTC	1400255880000	100	0	no	38.6	94.0	20506	20827	9260	6479	0	44304	2848	2848	0	4563	4563	0
May 16, 2014 7:59:00 AM UTC	1400255940000	100	0	no	38.8	94.2	20506	20827	9249	6550	0	44244	2801	2801	0	4577	4577	0
May 16, 2014 8:00:00 AM UTC	1400256000000	100	0	no	39.0	94.3	20506	20827	9260	6480	0	44303	2848	2848	0	4596	4596	0
May 16, 2014 8:01:00 AM UTC	1400256060000	100	0	no	39.2	94.5	20506	20827	9260	6480	0	44303	2848	2848	0	4615	4615	0
May 16, 2014 8:02:00 AM UTC	1400256120000	100	0	no	39.4	94.6	20506	20827	9249	6551	0	44243	2804	2804	0	4621	4621	0
May 16, 2014 8:03:00 AM UTC	1400256180000	100	0	no	39.6	94.8	20506	20827	9260	6481	0	44302	2840	2840	0	4650	4650	0
May 16, 2014 8:04:00 AM UTC	1400256240000	100	0	no	39.8	95.0	20506	20827	9248	6559	0	44236	2795	2795	0	4659	4659	0
May 16, 2014 8:05:00 AM UTC	1400256300000	100	0	no	40.0	95.1	20506	20827	9259	6489	0	44295	2835	2835	0	4685	4685	0
May 16, 2014 8:06:00 AM UTC	1400256360000	100	0	no	40.2	95.3	20506	20827	9259	6489	0	44295	2830	2830	0	4701	4701	0
May 16, 2014 8:07:00 AM UTC	1400256420000	100	0	no	40.4	95.5	20506	20827	9258	6491	0	44294	2828	2828	0	4720	4720	0
May 16, 2014 8:08:00 AM UTC	1400256480000	100	0	no	40.6	95.6	20506	20827	9258	6478	0	44307	2831	2831	0	4727	4727	0
May 16, 2014 8:09:00 AM UTC	1400256540000	100	0	no	40.8	95.8	20506	20827	9247	6548	0	44248	2785	2785	0	4744	4744	0
May 16, 2014 8:10:00 AM UTC	1400256600000	100	0	no	41.0	96.0	20506	20827	9258	6504	0	44281	2825	2825	0	4770	4770	0
May 16, 2014 8:11:00 AM UTC	1400256660000	100	0	no	41.2	96.1	20506	20827	9257	6580	0	44206	2791	2791	0	4789	4789	0
May 16, 2014 8:12:00 AM UTC	1400256720000	100	0	no	41.4	96.3	20506	20827	9257	6574	0	44212	2795	2795	0	4803	4803	0
May 16, 2014 8:13:00 AM UTC	1400256780000	100	0	no	41.6	96.5	20506	20827	9257	6574	0	44212	2792	2792	0	4823	4823	0
May 16, 2014 8:14:00 AM UTC	1400256840000	100	0	no	41.8	96.6	20506	20827	9256	6598	0	44189	2785	2785	0	4830	4830	0
May 16, 2014 8:15:00 AM UTC	1400256900000	100	0	no	42.0	96.8	20506	20827	9256	6598	0	44189	2778	2778	0	4850	4850	0
May 16, 2014 8:16:00 AM UTC	1400256960000	100	0	no	42.2	97.0	20506	20827	9245	6662	0	44136	2740	2740	0	4853	4853	0
May 16, 2014 8:17:00 AM UTC	1400257020000	100	0	no	42.4	97.1	20506	20827	9256	6513	0	44274	2807	2807	0	4890	4890	0
May 16, 2014 8:18:00 AM UTC	1400257080000	100	0	no	42.6	97.3	20506	20827	9256	6513	0	44274	2809	2809	0	4903	4903	0
May 16, 2014 8:19:00 AM UTC	1400257140000	100	0	no	42.8	97.5	20506	20827	9255	6514	0	44274	2809	2809	0	4924	4924	0
May 16, 2014 8:20:00 AM UTC	1400257200000	100	0	no	43.0	97.7	20506	20827	9255	6514	0	44274	2809	2809	0	4933	4933	0
May 16, 2014 8:21:00 AM UTC	1400257260000	100	0	no	43.2	97.8	20506	20827	9254	6514	0	44275	2810	2810	0	4954	4954	0
May 16, 2014 8:22:00 AM UTC	1400257320000	100	0	no	43.4	98.0	20506	20827	9254	6514	0	44275	2809	2809	0	4972	4972	0
May 16, 2014 8:23:00 AM UTC	1400257380000	100	0	no	43.6	98.2	20506	20827	9241	6604	0	44198	2759	2759	0	4973	4973	0
May 16, 2014 8:24:00 AM UTC	1400257440000	100	0	no	43.8	98.4	20506	20827	9252	6517	0	44274	2793	2793	0	5006	5006	0
May 16, 2014 8:25:00 AM UTC	1400257500000	100	0	no	44.0	98.5	20506	20827	9252	6517	0	44274	2789	2789	0	5016	5016	0
May 16, 2014 8:26:00 AM UTC	1400257560000	100	0	no	44.2	98.7	20506	20827	9251	6518	0	44274	2787	2787	0	5041	5041	0
May 16, 2014 8:27:00 AM UTC	1400257620000	99	1	no	44.4	98.9	20506	20827	9251	6518	0	44274	2797	2797	0	5042	5042	0
May 16, 2014 8:28:00 AM UTC	1400257680000	100	0	no	44.6	99.1	20506	20827	9250	6550	0	44243	2786	2786	0	5070	5070	0
May 16, 2014 8:29:00 AM UTC	1400257740000	100	0	no	44.8	99.3	20506	20827	9250	6550	0	44243	2782	2782	0	5085	5085	0
May 16, 2014 8:30:00 AM UTC	1400257800000	99	1	no	45.0	99.4	20506	20827	9247	6562	0	44234	2772	2772	0	5105	5105	0
May 16, 2014 8:31:00 AM UTC	1400257860000	99	1	no	45.2	99.6	20506	20827	9247	6562	0	44234	2775	2775	0	5123	5123	0
May 16, 2014 8:32:00 AM UTC	1400257920000	98	2	no	45.4	99.8	20506	20827	9256	6493	0	44294	2813	2813	0	5150	5150	0
May 16, 2014 8:33:00 AM UTC	1400257980000	98	2	no	45.6	100.0	20506	20827	9246	6565	0	44232	2773	2773	0	5152	5152	0
May 16, 2014 8:34:00 AM UTC	1400258040000	97	3	no	45.8	100.2	20506	20827	9257	6492	0	44294	2809	2809	0	5186	5186	0
May 16, 2014 8:35:00 AM UTC	1400258100000	98	2	no	46.0	100.4	20506	20827	9245	6565	0	44233	2771	2771	0	5187	5187	0
May 16, 2014 8:36:00 AM UTC	1400258160000	98	2	no	46.2	100.5	20506	20827	9245	6565	0	44233	2772	2772	0	5195	5195	0
May 16, 2014 8:37:00 AM UTC	1400258220000	97	3	no	46.4	100.7	20506	20827	9243	6506	0	44294	2794	2794	0	5214	5214	0
May 16, 2014 8:38:00 AM UTC	1400258280000	97	3	no	46.6	100.9	20506	20827	9243	6500	0	44300	2785	2785	0	5232	5232	0
May 16, 2014 8:39:00 AM UTC	1400258340000	98	2	no	46.8	101.1	20506	20827	9243	6493	0	44307	2785	2785	0	5249	5249	0
May 16, 2014 8:40:00 AM UTC	1400258400000	99	1	no	47.0	101.3	20506	20827	9243	6493	0	44307	2790	2790	0	5263	5263	0
May 16, 2014 8:41:00 AM UTC	1400258460000	99	1	no	47.2	101.5	20506	20827	9242	6513	0	44288	2779	2779	0	5275	5275	0
May 16, 2014 8:42:00 AM UTC	1400258520000	97	3	no	47.4	101.7	20506	20827	9242	6513	0	44288	2784	2784	0	5290	5290	0
May 16, 2014 8:43:00 AM UTC	1400258580000	98	2	no	47.6	101.9	20506	20827	9254	6430	0	44359	2821	2821	0	5322	5322	0
May 16, 2014 8:44:00 AM UTC	1400258640000	97	3	no	47.8	102.1	20506	20827	9240	6591	0	44212	2737	2737	0	5319	5319	0
May 16, 2014 8:45:00 AM UTC	1400258700000	97	3	no	48.0	102.3	20506	20827	9251	6521	0	44271	2773	2773	0	5350	5350	0
May 16, 2014 8:46:00 AM UTC	1400258760000	96	4	no	48.2	102.5	20506	20827	9240	6626	0	44177	2728	2728	0	5347	5347	0
May 16, 2014 8:47:00 AM UTC	1400258820000	96	4	no	48.3	102.7	20506	20827	9251	6555	0	44237	2764	2764	0	5378	5378	0
May 16, 2014 8:48:00 AM UTC	1400258880000	97	3	no	48.5	102.9	20506	20827	9242	6613	0	44188	2732	2732	0	5378	5378	0
May 16, 2014 8:49:00 AM UTC	1400258940000	98	2	no	48.7	103.1	20506	20827	9251	6555	0	44237	2762	2762	0	5408	5408	0
May 16, 2014 8:50:00 AM UTC	1400259000000	97	3	no	48.9	103.3	20506	20827	9240	6627	0	44176	2728	2728	0	5407	5407	0
May 16, 2014 8:51:00 AM UTC	1400259060000	96	4	no	49.1	103.5	20506	20827	9251	6556	0	44236	2756	2756	0	5437	5437	0
May 16, 2014 8:52:00 AM UTC	1400259120000	96	4	no	49.3	103.7	20506	20827	9240	6625	0	44178	2721	2721	0	5433	5433	0
May 16, 2014 8:53:00 AM UTC	1400259180000	96	4	no	49.5	103.9	20506	20827	9250	6555	0	44238	2754	2754	0	5463	5463	0
May 16, 2014 8:54:00 AM UTC	1400259240000	95	5	no	49.7	104.1	20506	20827	9238	6566	0	44239	2733	2733	0	5468	5468	0
May 16, 2014 8:55:00 AM UTC	1400259300000	95	5	no	49.9	104.3	20506	20827	9250	6497	0	44296	2774	2774	0	5494	5494	0
May 16, 2014 8:56:00 AM UTC	1400259360000	96	4	no	50.1	104.5	20506	20827	9241	6569	0	44233	2734	2734	0	5492	5492	0
May 16, 2014 8:57:00 AM UTC	1400259420000	96	4	no	50.3	104.7	20506	20827	9250	6499	0	44294	2774	2774	0	5521	5521	0
May 16, 2014 8:58:00 AM UTC	1400259480000	97	3	no	50.5	104.9	20506	20827	9239	6567	0	44237	2736	2736	0	5518	5518	0
May 16, 2014 8:59:00 AM UTC	1400259540000	97	3	no	50.7	105.1	20506	20827	9248	6516	0	44279	2757	2757	0	5545	5545	0
May 16, 2014 9:00:00 AM UTC	1400259600000	97	3	no	50.9	105.3	20506	20827	9248	6516	0	44279	2759	2759	0	5557	5557	0
May 16, 2014 9:01:00 AM UTC	1400259660000	97	3	no	51.1	105.6	20506	20827	9248	6516	0	44279	2764	2764	0	5570	5570	0
May 16, 2014 9:02:00 AM UTC	1400259720000	97	3	no	51.3	105.8	20506	20827	9248	6516	0	44279	2757	2757	0	5583	5583	0
May 16, 2014 9:03:00 AM UTC	1400259780000	99	1	no	51.5	106.0	20506	20827	9247	6557	0	44239	2741	2741	0	5590	5590	0
May 16, 2014 9:04:00 AM UTC	1400259840000	98	2	no	51.7	106.2	20506	20827	9246	6556	0	44241	2732	2732	0	5609	5609	0
May 16, 2014 9:05:00 AM UTC	1400259900000	97	3	no	51.8	106.4	20506	20827	9246	6556	0	44241	2734	2734	0	5619	5619	0
May 16, 2014 9:06:00 AM UTC	1400259960000	99	1	no	52.0	106.7	20506	20827	9247	6557	0	44239	2730	2730	0	5632	5632	0
May 16, 2014 9:07:00 AM UTC	1400260020000	98	2	no	52.2	106.9	20506	20827	9247	6557	0	44239	2737	2737	0	5640	5640	0
May 16, 2014 9:08:00 AM UTC	1400260080000	99	1	no	52.4	107.1	20506	20827	9244	6578	0	44221	2722	2722	0	5651	5651	0
May 16, 2014 9:09:00 AM UTC	1400260140000	99	1	no	52.6	107.3	20506	20827	9256	6444	0	44343	2799	2799	0	5683	5683	0
May 16, 2014 9:10:00 AM UTC	1400260200000	99	1	no	52.8	107.6	20506	20827	9244	6518	0	44281	2754	2754	0	5674	5674	0
May 16, 2014 9:11:00 AM UTC	1400260260000	99	1	no	53.0	107.8	20506	20827	9254	6459	0	44330	2782	2782	0	5698	5698	0
May 16, 2014 9:12:00 AM UTC	1400260320000	99	1	no	53.2	108.0	20506	20827	9245	6527	0	44271	2745	2745	0	5690	5690	0
May 16, 2014 9:13:00 AM UTC	1400260380000	99	1	no	53.4	108.2	20506	20827	9256	6444	0	44343	2786	2786	0	5730	5730	0
May 16, 2014 9:14:00 AM UTC	1400260440000	99	1	no	53.6	108.5	20506	20827	9244	6509	0	44290	2746	2746	0	5717	5717	0
May 16, 2014 9:15:00 AM UTC	1400260500000	99	1	no	53.8	108.7	20506	20827	9252	6464	0	44327	2768	2768	0	5738	5738	0
May 16, 2014 9:16:00 AM UTC	1400260560000	99	1	no	53.9	109.0	20506	20827	9252	6464	0	44327	2759	2759	0	5749	5749	0
May 16, 2014 9:17:00 AM UTC	1400260620000	100	0	no	54.1	109.2	20506	20827	9244	6535	0	44264	2729	2729	0	5742	5742	0
May 16, 2014 9:18:00 AM UTC	1400260680000	99	1	no	54.3	109.4	20506	20827	9252	6467	0	44324	2759	2759	0	5769	5769	0
May 16, 2014 9:19:00 AM UTC	1400260740000	99	1	no	54.5	109.7	20506	20827	9237	6556	0	44250	2721	2721	0	5748	5748	0
May 16, 2014 9:20:00 AM UTC	1400260800000	99	1	no	54.7	109.9	20506	20827	9248	6610	0	44185	2697	2697	0	5773	5773	0
May 16, 2014 9:21:00 AM UTC	1400260860000	99	1	no	54.9	110.2	20506	20827	9250	6588	0	44205	2706	2706	0	5789	5789	0
May 16, 2014 9:22:00 AM UTC	1400260920000	99	1	no	55.1	110.4	20506	20827	9248	6542	0	44253	2730	2730	0	5795	5795	0
May 16, 2014 9:23:00 AM UTC	1400260980000	99	1	no	55.3	110.7	20506	20827	9248	6542	0	44253	2730	2730	0	5804	5804	0
May 16, 2014 9:24:00 AM UTC	1400261040000	99	1	no	55.5	110.9	20506	20827	9248	6547	0	44248	2722	2722	0	5809	5809	0
May 16, 2014 9:25:00 AM UTC	1400261100000	99	1	no	55.6	111.2	20506	20827	9243	6577	0	44223	2704	2704	0	5811	5811	0
May 16, 2014 9:26:00 AM UTC	1400261160000	99	1	no	55.8	111.4	20506	20827	9243	6577	0	44223	2708	2708	0	5816	5816	0
May 16, 2014 9:27:00 AM UTC	1400261220000	99	1	no	56.0	111.7	20506	20827	9243	6577	0	44223	2707	2707	0	5822	5822	0
May 16, 2014 9:28:00 AM UTC	1400261280000	99	1	no	56.2	111.9	20506	20827	9245	6576	0	44222	2701	2701	0	5833	5833	0
May 16, 2014 9:29:00 AM UTC	1400261340000	100	0	no	56.4	112.2	20506	20827	9256	6510	0	44277	2729	2729	0	5859	5859	0
May 16, 2014 9:30:00 AM UTC	1400261400000	100	0	no	56.6	112.5	20506	20827	9245	6576	0	44222	2693	2693	0	5843	5843	0
May 16, 2014 9:31:00 AM UTC	1400261460000	100	0	no	56.8	112.7	20506	20827	9248	6549	0	44246	2704	2704	0	5862	5862	0
May 16, 2014 9:32:00 AM UTC	1400261520000	100	0	no	56.9	113.0	20506	20827	9251	6537	0	44255	2716	2716	0	5868	5868	0
May 16, 2014 9:33:00 AM UTC	1400261580000	100	0	no	57.1	113.3	20506	20827	9245	6575	0	44223	2693	2693	0	5857	5857	0
May 16, 2014 9:34:00 AM UTC	1400261640000	100	0	no	57.3	113.6	20506	20827	9251	6480	0	44312	2740	2740	0	5879	5878	1
May 16, 2014 9:35:00 AM UTC	1400261700000	100	0	no	57.5	113.8	20506	20827	9251	6481	0	44311	2736	2736	0	5883	5883	0
May 16, 2014 9:36:00 AM UTC	1400261760000	100	0	no	57.7	114.1	20506	20827	9250	6530	0	44263	2716	2716	0	5877	5877	0
May 16, 2014 9:37:00 AM UTC	1400261820000	100	0	no	57.9	114.4	20506	20827	9246	6559	0	44238	2702	2702	0	5878	5878	0
May 16, 2014 9:38:00 AM UTC	1400261880000	100	0	no	58.0	114.7	20506	20827	9249	6529	0	44265	2720	2720	0	5890	5890	0
May 16, 2014 9:39:00 AM UTC	1400261940000	100	0	no	58.2	115.0	20506	20827	9246	6559	0	44238	2706	2706	0	5879	5879	0
May 16, 2014 9:40:00 AM UTC	1400262000000	100	0	no	58.4	115.2	20506	20827	9246	6559	0	44238	2702	2702	0	5884	5884	0
May 16, 2014 9:41:00 AM UTC	1400262060000	100	0	no	58.6	115.5	20506	20827	9256	6493	0	44294	2734	2734	0	5908	5908	0
May 16, 2014 9:42:00 AM UTC	1400262120000	100	0	no	58.8	115.8	20506	20827	9241	6602	0	44200	2668	2668	0	5869	5869	0
May 16, 2014 9:43:00 AM UTC	1400262180000	100	0	no	59.0	116.1	20506	20827	9245	6573	0	44225	2674	2674	0	5879	5879	0
May 16, 2014 9:44:00 AM UTC	1400262240000	100	0	no	59.1	116.4	20506	20827	9252	6474	0	44317	2728	2728	0	5900	5900	0
May 16, 2014 9:45:00 AM UTC	1400262300000	100	0	no	59.3	116.7	20506	20827	9252	6475	0	44316	2730	2730	0	5897	5897	0
May 16, 2014 9:46:00 AM UTC	1400262360000	99	1	no	59.5	117.0	20506	20827	9236	6570	0	44237	2699	2699	0	5858	5858	0
May 16, 2014 9:47:00 AM UTC	1400262420000	100	0	no	59.7	117.3	20506	20827	9252	6475	0	44316	2737	2737	0	5893	5893	0
May 16, 2014 9:48:00 AM UTC	1400262480000	100	0	no	59.9	117.6	20506	20827	9247	6509	0	44287	2726	2726	0	5880	5880	0
May 16, 2014 9:49:00 AM UTC	1400262540000	99	1	no	60.0	117.9	20506	20827	9247	6509	0	44287	2725	2725	0	5887	5887	0
May 16, 2014 9:50:00 AM UTC	1400262600000	99	1	no	60.2	118.2	20506	20827	9247	6528	0	44268	2701	2701	0	5881	5881	0
May 16, 2014 9:51:00 AM UTC	1400262660000	99	1	no	60.4	118.6	20506	20827	9247	6528	0	44268	2690	2690	0	5883	5883	0
May 16, 2014 9:52:00 AM UTC	1400262720000	99	1	no	60.6	118.9	20506	20827	9250	6499	0	44294	2713	2713	0	5894	5894	0
May 16, 2014 9:53:00 AM UTC	1400262780000	98	2	no	60.7	119.2	20506	20827	9247	6526	0	44270	2715	2715	0	5886	5886	0
May 16, 2014 9:54:00 AM UTC	1400262840000	98	2	no	60.9	119.5	20506	20827	9242	6556	0	44245	2690	2690	0	5874	5874	0
May 16, 2014 9:55:00 AM UTC	1400262900000	98	2	no	61.1	119.9	20506	20827	9252	6493	0	44298	2727	2727	0	5898	5898	0
May 16, 2014 9:56:00 AM UTC	1400262960000	97	3	no	61.3	120.2	20506	20827	9247	6527	0	44269	2701	2701	0	5887	5887	0
May 16, 2014 9:57:00 AM UTC	1400263020000	97	3	no	61.4	120.5	20506	20827	9252	6511	0	44280	2708	2708	0	5898	5898	0
May 16, 2014 9:58:00 AM UTC	1400263080000	96	4	no	61.6	120.9	20506	20827	9247	6555	0	44241	2689	2689	0	5881	5881	0
May 16, 2014 9:59:00 AM UTC	1400263140000	97	3	no	61.8	121.2	20506	20827	9252	6520	0	44271	2691	2691	0	5895	5895	0
May 16, 2014 10:00:00 AM UTC	1400263200000	96	4	no	61.9	121.5	20506	20827	9247	6555	0	44241	2686	2686	0	5881	5881	0
May 16, 2014 10:01:00 AM UTC	1400263260000	95	5	no	62.1	121.9	20506	20827	9257	6434	0	44352	2748	2748	0	5912	5912	0
May 16, 2014 10:02:00 AM UTC	1400263320000	95	5	no	62.3	122.2	20506	20827	9256	6435	0	44352	2751	2751	0	5910	5910	0
May 16, 2014 10:03:00 AM UTC	1400263380000	94	6	no	62.5	122.6	20506	20827	9241	6530	0	44272	2711	2711	0	5872	5872	0
May 16, 2014 10:04:00 AM UTC	1400263440000	92	8	no	62.6	123.0	20506	20827	9249	6503	0	44291	2704	2704	0	5891	5891	0
May 16, 2014 10:05:00 AM UTC	1400263500000	92	8	no	62.8	123.3	20506	20827	9248	6504	0	44291	2709	2709	0	5894	5894	0
May 16, 2014 10:06:00 AM UTC	1400263560000	91	9	no	63.0	123.7	20506	20827	9248	6504	0	44291	2701	2701	0	5898	5898	0
May 16, 2014 10:07:00 AM UTC	1400263620000	88	12	no	63.1	124.1	20506	20827	9248	6504	0	44291	2701	2701	0	5898	5898	0
May 16, 2014 10:08:00 AM UTC	1400263680000	86	14	no	63.3	124.4	20506	20827	9252	6484	0	44307	2703	2703	0	5893	5893	0
May 16, 2014 10:09:00 AM UTC	1400263740000	84	16	no	63.5	124.8	20506	20827	9248	6526	0	44269	2703	2703	0	5892	5892	0
May 16, 2014 10:10:00 AM UTC	1400263800000	82	17	no	63.6	125.2	20506	20827	9242	6546	0	44255	2696	2696	0	5886	5886	0
May 16, 2014 10:11:00 AM UTC	1400263860000	81	19	no	63.8	125.6	20506	20827	9251	6527	0	44265	2695	2695	0	5905	5903	2
May 16, 2014 10:12:00 AM UTC	1400263920000	79	21	no	64.0	126.0	20506	20827	9245	6565	0	44233	2676	2676	0	5880	5880	0
May 16, 2014 10:13:00 AM UTC	1400263980000	77	23	no	64.1	126.3	20506	20827	9252	6525	0	44266	2697	2697	0	5897	5897	0
May 16, 2014 10:14:00 AM UTC	1400264040000	75	25	no	64.3	126.7	20506	20827	9245	6565	0	44233	2678	2678	0	5883	5883	0
May 16, 2014 10:15:00 AM UTC	1400264100000	73	27	no	64.4	127.1	20506	20827	9255	6454	0	44334	2737	2737	0	5911	5911	0
May 16, 2014 10:16:00 AM UTC	1400264160000	72	28	no	64.6	127.5	20506	20827	9255	6454	0	44334	2738	2738	0	5913	5913	0
May 16, 2014 10:17:00 AM UTC	1400264220000	69	31	no	64.8	128.0	20506	20827	9248	6538	0	44257	2694	2694	0	5892	5892	0
May 16, 2014 10:18:00 AM UTC	1400264280000	62	37	no	64.9	128.4	20506	20827	9248	6538	0	44257	2688	2688	0	5890	5890	0
May 16, 2014 10:19:00 AM UTC	1400264340000	56	44	no	65.1	128.8	20506	20827	9247	6539	0	44257	2692	2692	0	5890	5890	0
May 16, 2014 10:20:00 AM UTC	1400264400000	53	46	no	65.2	129.2	20506	20827	9240	6586	0	44217	2662	2662	0	5873	5873	0
May 16, 2014 10:21:00 AM UTC	1400264460000	51	48	no	65.4	129.6	20506	20827	9246	6539	0	44258	2692	2692	0	5890	5890	0
May 16, 2014 10:22:00 AM UTC	1400264520000	50	49	no	65.5	130.1	20506	20827	9255	6474	0	44314	2714	2714	0	5911	5911	0
May 16, 2014 10:23:00 AM UTC	1400264580000	48	51	no	65.7	130.5	20506	20827	9249	6519	0	44275	2699	2699	0	5896	5896	0
May 16, 2014 10:24:00 AM UTC	1400264640000	46	53	no	65.8	130.9	20506	20827	9249	6519	0	44275	2698	2698	0	5895	5868	27
May 16, 2014 10:25:00 AM UTC	1400264700000	45	53	no	66.0	131.4	20506	20827	9243	6564	0	44236	2672	2672	0	5877	5870	7
May 16, 2014 10:26:00 AM UTC	1400264760000	46	53	no	66.1	131.8	20506	20827	9251	6510	0	44282	2698	2687	11	5898	5868	30
May 16, 2014 10:27:00 AM UTC	1400264820000	46	52	no	66.3	132.3	20506	20827	9251	6462	0	44330	2733	2712	21	5906	5813	93
May 16, 2014 10:28:00 AM UTC	1400264880000	45	52	no	66.4	132.7	20506	20827	9243	6628	0	44172	2648	2618	30	5877	5729	148
May 16, 2014 10:29:00 AM UTC	1400264940000	44	54	no	66.6	133.2	20506	20827	9244	6628	0	44171	2652	2651	1	5877	5589	288
May 16, 2014 10:30:00 AM UTC	1400265000000	43	54	no	66.7	133.7	20506	20827	9258	6529	0	44256	2691	2691	0	5912	5500	412
May 16, 2014 10:32:00 AM UTC	1400265120000	42	54	no	67.0	134.6	20506	20827	9244	6628	0	44171	2653	2651	2	5874	5127	747
May 16, 2014 10:33:00 AM UTC	1400265180000	41	54	no	67.2	135.1	20506	20827	9244	6623	0	44176	2650	2650	0	5874	5010	864
May 16, 2014 10:34:00 AM UTC	1400265240000	40	55	no	67.3	135.6	20506	20827	9245	6620	0	44178	2653	2653	0	5876	4665	1206
May 16, 2014 10:35:00 AM UTC	1400265300000	40	56	no	67.4	136.1	20506	20827	9245	6620	0	44178	2658	2657	1	5876	4549	1327
May 16, 2014 10:36:00 AM UTC	1400265360000	42	55	no	67.6	136.6	20506	20827	9245	6620	0	44178	2649	2649	0	5874	4372	1484
May 16, 2014 10:37:00 AM UTC	1400265420000	40	57	no	67.7	137.1	20506	20827	9237	6669	0	44137	2643	2643	0	5858	4325	1521
May 16, 2014 10:38:00 AM UTC	1400265480000	39	57	no	67.9	137.6	20506	20827	9245	6630	0	44168	2646	2637	9	5871	4148	1675
May 16, 2014 10:39:00 AM UTC	1400265540000	39	57	no	68.0	138.1	20506	20827	9244	6631	0	44168	2646	2628	18	5875	3831	1977
May 16, 2014 10:40:00 AM UTC	1400265600000	41	55	no	68.1	138.6	20506	20827	9247	6566	0	44230	2684	2682	2	5883	3877	1934
May 16, 2014 10:41:00 AM UTC	1400265660000	42	54	no	68.3	139.2	20506	20827	9246	6569	0	44228	2678	2678	0	5883	3866	1886
May 16, 2014 10:42:00 AM UTC	1400265720000	44	52	no	68.4	139.7	20506	20827	9252	6572	0	44219	2663	2663	0	5894	4077	1716
May 16, 2014 10:43:00 AM UTC	1400265780000	45	51	no	68.5	140.2	20506	20827	9246	6583	0	44214	2673	2671	2	5875	3841	1917
May 16, 2014 10:44:00 AM UTC	1400265840000	45	50	no	68.6	140.8	20506	20827	9247	6586	0	44210	2671	2671	0	5875	3739	2011
May 16, 2014 10:45:00 AM UTC	1400265900000	47	50	no	68.8	141.3	20506	20827	9254	6541	0	44248	2686	2686	0	5894	3881	1837
May 16, 2014 10:46:00 AM UTC	1400265960000	48	49	no	68.9	141.9	20506	20827	9253	6541	0	44249	2685	2685	0	5898	4074	1722
May 16, 2014 10:47:00 AM UTC	1400266020000	88	11	no	69.0	142.5	20506	20827	9243	6614	0	44186	2666	2666	0	5877	5754	123
May 16, 2014 10:48:00 AM UTC	1400266080000	86	13	no	69.1	143.0	20506	20827	9243	6620	0	44180	2659	2659	0	5876	5754	122
May 16, 2014 10:49:00 AM UTC	1400266140000	86	14	no	69.3	143.6	20506	20827	9249	6571	0	44223	2669	2669	0	5890	5787	103
May 16, 2014 10:50:00 AM UTC	1400266200000	85	14	no	69.4	144.2	20506	20827	9243	6627	0	44173	2658	2658	0	5868	5720	147
May 16, 2014 10:51:00 AM UTC	1400266260000	87	13	no	69.5	144.8	20506	20827	9247	6610	0	44186	2652	2652	0	5883	5704	174
May 16, 2014 10:52:00 AM UTC	1400266320000	88	12	no	69.6	145.3	20506	20827	9254	6570	0	44219	2676	2676	0	5903	5724	179
May 16, 2014 10:53:00 AM UTC	1400266380000	87	12	no	69.7	145.9	20506	20827	9254	6575	0	44214	2671	2671	0	5899	5610	289
May 16, 2014 10:54:00 AM UTC	1400266440000	90	9	no	69.8	146.5	20506	20827	9255	6512	0	44276	2704	2704	0	5898	5746	152
May 16, 2014 10:55:00 AM UTC	1400266500000	93	7	yes	69.9	147.1	20506	20827	9252	6531	1	44259	2698	2697	0	5888	5760	128
May 16, 2014 10:56:00 AM UTC	1400266560000	92	7	yes	70.1	147.8	20506	20827	9251	6561	0	44231	2681	2681	0	5890	5719	171
May 16, 2014 10:57:00 AM UTC	1400266620000	93	7	no	70.2	148.4	20506	20827	9243	6619	0	44181	2669	2669	0	5867	5735	132
May 16, 2014 10:58:00 AM UTC	1400266680000	92	8	no	70.3	149.0	20506	20827	9257	6522	0	44264	2689	2689	0	5904	5744	160
May 16, 2014 10:59:00 AM UTC	1400266740000	93	7	no	70.4	149.6	20506	20827	9248	6583	1	44211	2677	2676	0	5881	5741	140
May 16, 2014 11:00:00 AM UTC	1400266800000	93	7	no	70.5	150.3	20506	20827	9247	6618	1	44177	2652	2638	13	5879	5837	42
May 16, 2014 11:01:00 AM UTC	1400266860000	93	7	no	70.6	150.9	20506	20827	9247	6618	0	44178	2653	2640	13	5880	5772	108
May 16, 2014 11:02:00 AM UTC	1400266920000	96	4	no	70.7	151.6	20506	20827	9247	6617	0	44179	2654	2639	15	5880	5864	16
May 16, 2014 11:03:00 AM UTC	1400266980000	97	3	no	70.8	152.2	20506	20827	9253	6508	2	44280	2718	2696	20	5898	5866	32
May 16, 2014 11:04:00 AM UTC	1400267040000	97	3	no	70.8	152.9	20506	20827	9244	6636	0	44163	2650	2599	51	5868	5826	42
May 16, 2014 11:05:00 AM UTC	1400267100000	97	3	no	70.9	153.5	20506	20827	9248	6604	0	44191	2662	2657	5	5878	5853	25
May 16, 2014 11:06:00 AM UTC	1400267160000	98	2	no	71.0	154.2	20506	20827	9248	6604	0	44191	2653	2653	0	5879	5857	22
May 16, 2014 11:07:00 AM UTC	1400267220000	98	2	no	71.1	154.9	20506	20827	9237	6644	1	44161	2664	2663	0	5860	5854	6
May 16, 2014 11:08:00 AM UTC	1400267280000	98	2	no	71.2	155.6	20506	20827	9250	6618	1	44174	2642	2641	0	5887	5886	1
May 16, 2014 11:09:00 AM UTC	1400267340000	99	1	no	71.3	156.3	20506	20827	9240	6681	1	44121	2623	2622	0	5864	5861	3
May 16, 2014 11:10:00 AM UTC	1400267400000	99	1	no	71.4	157.0	20506	20827	9245	6609	3	44186	2654	2651	0	5876	5850	26
May 16, 2014 11:11:00 AM UTC	1400267460000	99	1	no	71.4	157.7	20506	20827	9244	6592	4	44203	2679	2675	0	5875	5855	20
May 16, 2014 11:12:00 AM UTC	1400267520000	100	0	no	71.5	158.4	20506	20827	9247	6632	1	44163	2632	2631	0	5884	5884	0
May 16, 2014 11:13:00 AM UTC	1400267580000	99	1	no	71.6	159.1	20506	20827	9251	6606	2	44184	2642	2640	0	5895	5870	25
May 16, 2014 11:14:00 AM UTC	1400267640000	99	1	no	71.7	159.8	20506	20827	9239	6604	4	44196	2687	2683	0	5873	5869	4
May 16, 2014 11:15:00 AM UTC	1400267700000	99	0	no	71.7	160.5	20506	20827	9243	6579	4	44217	2686	2682	0	5881	5877	4
May 16, 2014 11:16:00 AM UTC	1400267760000	99	1	no	71.8	161.2	20506	20827	9243	6610	4	44186	2660	2656	0	5876	5876	0
May 16, 2014 11:17:00 AM UTC	1400267820000	99	1	no	71.9	162.0	20506	20827	9246	6589	4	44204	2663	2659	0	5884	5883	1
May 16, 2014 11:18:00 AM UTC	1400267880000	99	1	no	71.9	162.7	20506	20827	9239	6624	4	44176	2664	2660	0	5870	5869	1
May 16, 2014 11:19:00 AM UTC	1400267940000	99	1	no	72.0	163.4	20506	20827	9250	6556	6	44231	2686	2680	0	5896	5896	0
May 16, 2014 11:20:00 AM UTC	1400268000000	99	1	no	72.0	164.2	20506	20827	9249	6628	1	44165	2640	2639	0	5883	5883	0
May 16, 2014 11:21:00 AM UTC	1400268060000	99	1	no	72.1	164.9	20506	20827	9252	6600	5	44186	2656	2651	0	5894	5893	1
May 16, 2014 11:22:00 AM UTC	1400268120000	99	1	no	72.1	165.7	20506	20827	9255	6548	5	44235	2677	2672	0	5906	5906	0
May 16, 2014 11:23:00 AM UTC	1400268180000	99	1	no	72.2	166.4	20506	20827	9245	6618	4	44176	2652	2648	0	5882	5882	0
May 16, 2014 11:26:00 AM UTC	1400268360000	99	1	no	72.3	168.7	20506	20827	9246	6591	7	44199	2673	2666	0	5889	5889	0
May 16, 2014 11:27:00 AM UTC	1400268420000	99	0	no	72.3	169.5	20506	20827	9249	6550	7	44237	2690	2683	0	5893	5893	0
May 16, 2014 11:28:00 AM UTC	1400268480000	99	1	no	72.4	170.2	20506	20827	9251	6537	9	44246	2696	2687	0	5905	5905	0
May 16, 2014 11:29:00 AM UTC	1400268540000	99	1	no	72.4	171.0	20506	20827	9250	6609	7	44177	2649	2642	0	5894	5894	0
May 16, 2014 11:30:00 AM UTC	1400268600000	99	1	no	72.4	171.8	20506	20827	9253	6601	7	44182	2650	2643	0	5898	5898	0
May 16, 2014 11:31:00 AM UTC	1400268660000	99	1	no	72.5	172.6	20506	20827	9256	6578	5	44204	2651	2646	0	5899	5899	0
May 16, 2014 11:32:00 AM UTC	1400268720000	98	1	no	72.5	173.4	20506	20827	9248	6564	8	44223	2703	2695	0	5882	5882	0
May 16, 2014 11:33:00 AM UTC	1400268780000	99	1	no	72.5	174.1	20506	20827	9247	6639	6	44151	2651	2645	0	5874	5874	0
May 16, 2014 11:34:00 AM UTC	1400268840000	99	0	no	72.5	174.9	20506	20827	9247	6633	6	44157	2651	2645	0	5877	5877	0
May 16, 2014 11:35:00 AM UTC	1400268900000	99	0	no	72.6	175.7	20506	20827	9248	6613	5	44177	2658	2653	0	5881	5881	0
May 16, 2014 11:36:00 AM UTC	1400268960000	99	0	no	72.6	176.5	20506	20827	9247	6615	7	44174	2658	2651	0	5881	5881	0
May 16, 2014 11:37:00 AM UTC	1400269020000	99	1	no	72.6	177.3	20506	20827	9247	6615	7	44174	2654	2647	0	5884	5884	0
May 16, 2014 11:38:00 AM UTC	1400269080000	99	0	no	72.6	178.1	20506	20827	9249	6612	6	44176	2658	2652	0	5883	5883	0
May 16, 2014 11:39:00 AM UTC	1400269140000	99	0	no	72.6	178.9	20506	20827	9250	6591	5	44197	2662	2657	0	5883	5883	0
May 16, 2014 11:40:00 AM UTC	1400269200000	99	1	no	72.6	179.6	20506	20827	9249	6592	7	44195	2664	2657	0	5885	5885	0
May 16, 2014 11:41:00 AM UTC	1400269260000	99	1	no	72.6	180.4	20506	20827	9249	6592	7	44195	2663	2656	0	5888	5888	0
May 16, 2014 11:42:00 AM UTC	1400269320000	99	1	no	72.6	181.2	20506	20827	9250	6591	6	44196	2664	2658	0	5883	5883	0
May 16, 2014 11:43:00 AM UTC	1400269380000	99	1	no	72.6	182.0	20506	20827	9249	6610	6	44178	2659	2653	0	5882	5882	0
May 16, 2014 11:44:00 AM UTC	1400269440000	99	1	no	72.6	182.8	20506	20827	9247	6613	7	44176	2653	2646	0	5883	5883	0
May 16, 2014 11:45:00 AM UTC	1400269500000	99	1	yes	72.6	183.6	20506	20827	9247	6613	7	44176	2663	2656	0	5881	5881	0
May 16, 2014 11:46:00 AM UTC	1400269560000	99	1	yes	72.6	184.4	20506	20827	9247	6609	6	44181	2652	2646	0	5877	5877	0
May 16, 2014 11:47:00 AM UTC	1400269620000	99	1	no	72.5	185.2	20506	20827	9257	6559	8	44219	2673	2665	0	5902	5896	6
May 16, 2014 11:48:00 AM UTC	1400269680000	99	1	yes	72.5	185.9	20506	20827	9259	6491	10	44283	2724	2714	0	5908	5897	11
May 16, 2014 11:49:00 AM UTC	1400269740000	98	2	no	72.5	186.7	20506	20827	9258	6491	10	44284	2724	2705	9	5910	5906	4
May 16, 2014 11:50:00 AM UTC	1400269800000	97	2	yes	72.5	187.5	20506	20827	9256	6573	6	44208	2655	2649	0	5894	5884	10
May 16, 2014 11:51:00 AM UTC	1400269860000	97	3	yes	72.4	188.3	20506	20827	9253	6598	7	44185	2650	2641	2	5897	5874	23
May 16, 2014 11:52:00 AM UTC	1400269920000	94	5	no	72.4	189.1	20506	20827	9250	6610	6	44177	2648	2636	6	5893	5839	54
May 16, 2014 11:53:00 AM UTC	1400269980000	93	7	yes	72.4	189.8	20506	20827	9251	6533	9	44250	2699	2636	54	5902	5884	18
May 16, 2014 11:54:00 AM UTC	1400270040000	91	9	no	72.4	190.6	20506	20827	9249	6546	7	44241	2688	2612	69	5899	5704	195
May 16, 2014 11:55:00 AM UTC	1400270100000	89	10	no	72.3	191.4	20506	20827	9246	6588	7	44202	2670	2617	46	5894	5836	58
May 16, 2014 11:56:00 AM UTC	1400270160000	90	9	no	72.3	192.1	20506	20827	9247	6588	5	44203	2681	2669	7	5891	5706	185
May 16, 2014 11:57:00 AM UTC	1400270220000	89	9	yes	72.2	192.9	20506	20827	9245	6612	6	44180	2653	2644	3	5881	5704	177
May 16, 2014 11:58:00 AM UTC	1400270280000	89	9	yes	72.2	193.7	20506	20827	9245	6613	4	44181	2651	2646	1	5882	5685	197
May 16, 2014 11:59:00 AM UTC	1400270340000	90	9	yes	72.1	194.4	20506	20827	9245	6613	5	44180	2654	2649	0	5880	5671	209
May 16, 2014 12:00:00 PM UTC	1400270400000	91	8	yes	72.1	195.2	20506	20827	9252	6597	4	44190	2656	2652	0	5896	5766	130
May 16, 2014 12:01:00 PM UTC	1400270460000	91	8	no	72.0	195.9	20506	20827	9249	6623	1	44170	2638	2637	0	5888	5654	234
May 16, 2014 12:02:00 PM UTC	1400270520000	74	24	no	72.0	196.6	20506	20827	9250	6551	6	44236	2690	2684	0	5897	4591	1306
May 16, 2014 12:03:00 PM UTC	1400270580000	89	9	no	71.9	197.4	20506	20827	9250	6551	5	44237	2686	2681	0	5893	5593	300
May 16, 2014 12:04:00 PM UTC	1400270640000	89	9	no	71.9	198.1	20506	20827	9246	6584	4	44209	2662	2658	0	5884	5676	208
May 16, 2014 12:05:00 PM UTC	1400270700000	91	6	no	71.8	198.8	20506	20827	9245	6620	3	44175	2650	2647	0	5883	5793	90
May 16, 2014 12:06:00 PM UTC	1400270760000	93	4	no	71.7	199.6	20506	20827	9243	6573	3	44224	2689	2686	0	5881	5861	20
May 16, 2014 12:07:00 PM UTC	1400270820000	95	4	no	71.7	200.3	20506	20827	9239	6598	4	44202	2688	2684	0	5871	5855	16
May 16, 2014 12:08:00 PM UTC	1400270880000	96	3	no	71.6	201.0	20506	20827	9251	6601	2	44189	2643	2641	0	5895	5888	7
May 16, 2014 12:09:00 PM UTC	1400270940000	95	3	no	71.5	201.7	20506	20827	9247	6628	1	44167	2635	2634	0	5882	5862	20
May 16, 2014 12:10:00 PM UTC	1400271000000	96	3	no	71.4	202.4	20506	20827	9250	6558	4	44231	2685	2681	0	5892	5887	5
May 16, 2014 12:11:00 PM UTC	1400271060000	96	2	no	71.4	203.1	20506	20827	9246	6638	2	44157	2636	2634	0	5874	5871	3
May 16, 2014 12:12:00 PM UTC	1400271120000	97	2	no	71.3	203.8	20506	20827	9240	6675	1	44127	2622	2621	0	5864	5864	0
May 16, 2014 12:13:00 PM UTC	1400271180000	98	2	no	71.2	204.5	20506	20827	9250	6612	1	44180	2644	2643	0	5887	5886	1
May 16, 2014 12:14:00 PM UTC	1400271240000	97	2	no	71.1	205.2	20506	20827	9252	6545	1	44245	2692	2691	0	5897	5897	0
May 16, 2014 12:15:00 PM UTC	1400271300000	96	3	no	71.0	205.9	20506	20827	9248	6598	0	44197	2654	2654	0	5877	5877	0
May 16, 2014 12:16:00 PM UTC	1400271360000	97	3	no	70.9	206.5	20506	20827	9248	6598	0	44197	2658	2658	0	5878	5875	3
May 16, 2014 12:17:00 PM UTC	1400271420000	97	3	no	70.8	207.2	20506	20827	9252	6566	1	44224	2672	2671	0	5891	5891	0
May 16, 2014 12:18:00 PM UTC	1400271480000	97	3	no	70.8	207.9	20506	20827	9245	6563	1	44234	2696	2695	0	5873	5873	0
May 16, 2014 12:19:00 PM UTC	1400271540000	97	3	no	70.7	208.5	20506	20827	9247	6610	0	44186	2652	2652	0	5879	5872	7
May 16, 2014 12:20:00 PM UTC	1400271600000	97	3	no	70.6	209.2	20506	20827	9256	6551	0	44236	2673	2673	0	5895	5894	1
May 16, 2014 12:21:00 PM UTC	1400271660000	97	3	no	70.5	209.8	20506	20827	9241	6646	0	44156	2642	2642	0	5862	5862	0
May 16, 2014 12:22:00 PM UTC	1400271720000	95	5	no	70.4	210.4	20506	20827	9252	6552	1	44238	2684	2683	0	5889	5885	4
May 16, 2014 12:23:00 PM UTC	1400271780000	95	5	no	70.3	211.1	20506	20827	9252	6552	0	44239	2679	2679	0	5889	5888	1
May 16, 2014 12:24:00 PM UTC	1400271840000	95	5	no	70.2	211.7	20506	20827	9247	6590	0	44206	2677	2677	0	5875	5868	7
May 16, 2014 12:25:00 PM UTC	1400271900000	94	5	no	70.1	212.3	20506	20827	9245	6592	0	44206	2669	2669	0	5873	5861	12
May 16, 2014 12:26:00 PM UTC	1400271960000	95	5	no	69.9	212.9	20506	20827	9255	6503	0	44285	2706	2706	0	5898	5898	0
May 16, 2014 12:27:00 PM UTC	1400272020000	95	4	no	69.8	213.5	20506	20827	9249	6547	0	44247	2688	2688	0	5885	5885	0
May 16, 2014 12:28:00 PM UTC	1400272080000	96	4	no	69.7	214.1	20506	20827	9240	6647	0	44156	2645	2645	0	5865	5865	0
May 16, 2014 12:29:00 PM UTC	1400272140000	96	4	no	69.6	214.7	20506	20827	9247	6596	0	44200	2662	2662	0	5883	5882	1
May 16, 2014 12:30:00 PM UTC	1400272200000	95	4	no	69.5	215.3	20506	20827	9239	6674	0	44130	2605	2605	0	5859	5855	4
May 16, 2014 12:31:00 PM UTC	1400272260000	96	4	no	69.4	215.9	20506	20827	9250	6561	0	44232	2679	2679	0	5883	5883	0
May 16, 2014 12:32:00 PM UTC	1400272320000	95	4	no	69.3	216.5	20506	20827	9249	6562	0	44232	2668	2668	0	5891	5891	0
May 16, 2014 12:33:00 PM UTC	1400272380000	96	4	no	69.1	217.1	20506	20827	9244	6599	0	44200	2663	2663	0	5879	5870	9
May 16, 2014 12:34:00 PM UTC	1400272440000	95	5	no	69.0	217.6	20506	20827	9253	6540	0	44250	2684	2684	0	5896	5889	7
May 16, 2014 12:35:00 PM UTC	1400272500000	65	34	no	68.9	218.2	20506	20827	9253	6532	0	44258	2682	2682	0	5895	5846	49
May 16, 2014 12:36:00 PM UTC	1400272560000	65	35	no	68.8	218.7	20506	20827	9254	6532	0	44257	2684	2684	0	5893	5752	141
May 16, 2014 12:37:00 PM UTC	1400272620000	67	32	no	68.6	219.3	20506	20827	9247	6577	0	44219	2669	2669	0	5877	5765	112
May 16, 2014 12:38:00 PM UTC	1400272680000	62	37	no	68.5	219.8	20506	20827	9253	6528	0	44262	2684	2684	0	5897	5732	165
May 16, 2014 12:39:00 PM UTC	1400272740000	63	36	no	68.4	220.4	20506	20827	9253	6510	0	44280	2702	2702	0	5899	5777	122
May 16, 2014 12:40:00 PM UTC	1400272800000	62	37	no	68.3	220.9	20506	20827	9253	6510	0	44280	2696	2696	0	5899	5734	164
May 16, 2014 12:41:00 PM UTC	1400272860000	63	36	no	68.1	221.4	20506	20827	9246	6561	0	44236	2685	2685	0	5881	5719	162
May 16, 2014 12:42:00 PM UTC	1400272920000	64	36	no	68.0	222.0	20506	20827	9244	6619	0	44180	2650	2650	0	5875	5781	94
May 16, 2014 12:43:00 PM UTC	1400272980000	65	34	no	67.9	222.5	20506	20827	9245	6618	0	44180	2652	2652	0	5873	5758	114
May 16, 2014 12:44:00 PM UTC	1400273040000	66	33	no	67.7	223.0	20506	20827	9245	6608	0	44190	2657	2657	0	5875	5686	189
May 16, 2014 12:45:00 PM UTC	1400273100000	66	34	no	67.6	223.5	20506	20827	9245	6609	0	44189	2651	2651	0	5875	5768	107
May 16, 2014 12:46:00 PM UTC	1400273160000	65	34	no	67.4	224.0	20506	20827	9246	6605	0	44192	2660	2660	0	5880	5741	139
May 16, 2014 12:47:00 PM UTC	1400273220000	63	37	no	67.3	224.5	20506	20827	9253	6560	0	44230	2670	2667	3	5900	5726	174
May 16, 2014 12:48:00 PM UTC	1400273280000	60	39	no	67.2	225.0	20506	20827	9252	6560	0	44231	2667	2667	0	5896	5735	161
May 16, 2014 12:49:00 PM UTC	1400273340000	61	38	no	67.0	225.5	20506	20827	9244	6600	0	44199	2648	2648	0	5874	5656	217
May 16, 2014 12:50:00 PM UTC	1400273400000	62	38	no	66.9	225.9	20506	20827	9244	6600	0	44199	2649	2649	0	5875	5695	180
May 16, 2014 12:51:00 PM UTC	1400273460000	61	38	no	66.7	226.4	20506	20827	9251	6553	0	44239	2669	2669	0	5895	5607	288
May 16, 2014 12:52:00 PM UTC	1400273520000	61	39	no	66.6	226.9	20506	20827	9251	6553	0	44239	2667	2667	0	5895	5482	410
May 16, 2014 12:53:00 PM UTC	1400273580000	60	39	no	66.4	227.3	20506	20827	9243	6552	0	44248	2685	2685	0	5879	5338	486
May 16, 2014 12:54:00 PM UTC	1400273640000	61	39	no	66.3	227.8	20506	20827	9244	6545	0	44254	2681	2681	0	5881	5426	455
May 16, 2014 12:55:00 PM UTC	1400273700000	60	39	no	66.1	228.2	20506	20827	9251	6499	0	44293	2699	2699	0	5900	5322	543
May 16, 2014 12:56:00 PM UTC	1400273760000	61	39	no	66.0	228.7	20506	20827	9251	6499	0	44293	2694	2694	0	5899	5254	572
May 16, 2014 12:57:00 PM UTC	1400273820000	61	38	no	65.8	229.1	20506	20827	9249	6508	0	44286	2700	2700	0	5894	5160	700
May 16, 2014 12:58:00 PM UTC	1400273880000	62	37	no	65.7	229.6	20506	20827	9249	6508	0	44286	2697	2697	0	5897	5129	665
May 16, 2014 12:59:00 PM UTC	1400273940000	63	37	no	65.5	230.0	20506	20827	9249	6464	0	44330	2731	2731	0	5897	5053	781
May 16, 2014 1:00:00 PM UTC	1400274000000	61	38	no	65.4	230.4	20506	20827	9246	6525	0	44272	2689	2689	0	5889	4892	926
May 16, 2014 1:01:00 PM UTC	1400274060000	62	38	no	65.2	230.9	20506	20827	9247	6525	0	44271	2679	2679	0	5888	4718	1098
May 16, 2014 1:02:00 PM UTC	1400274120000	59	40	no	65.1	231.3	20506	20827	9247	6525	0	44271	2689	2689	0	5891	4602	1119
May 16, 2014 1:03:00 PM UTC	1400274180000	59	40	no	64.9	231.7	20506	20827	9248	6524	0	44271	2688	2688	0	5890	4604	1199
May 16, 2014 1:04:00 PM UTC	1400274240000	60	40	no	64.8	232.1	20506	20827	9245	6554	0	44244	2683	2683	0	5884	4439	1287
May 16, 2014 1:05:00 PM UTC	1400274300000	59	39	no	64.6	232.5	20506	20827	9247	6500	0	44296	2718	2718	0	5893	4176	1618
May 16, 2014 1:06:00 PM UTC	1400274360000	58	40	no	64.4	232.9	20506	20827	9238	6597	0	44208	2661	2661	0	5869	4287	1462
May 16, 2014 1:07:00 PM UTC	1400274420000	58	40	no	64.3	233.3	20506	20827	9254	6498	0	44291	2701	2701	0	5904	4216	1534
May 16, 2014 1:08:00 PM UTC	1400274480000	58	39	no	64.1	233.7	20506	20827	9246	6556	0	44241	2677	2677	0	5883	3864	1840
May 16, 2014 1:09:00 PM UTC	1400274540000	55	42	no	64.0	234.1	20506	20827	9251	6517	0	44275	2689	2689	0	5896	3760	2041
May 16, 2014 1:10:00 PM UTC	1400274600000	58	39	no	63.8	234.5	20506	20827	9245	6555	0	44243	2677	2677	0	5882	4052	1711
May 16, 2014 1:11:00 PM UTC	1400274660000	56	41	no	63.6	234.9	20506	20827	9242	6541	0	44260	2693	2693	0	5893	3918	1917
May 16, 2014 1:12:00 PM UTC	1400274720000	55	41	no	63.5	235.3	20506	20827	9252	6480	0	44311	2721	2721	0	5905	4028	1868
May 16, 2014 1:13:00 PM UTC	1400274780000	54	41	no	63.3	235.7	20506	20827	9242	6534	0	44267	2685	2685	0	5871	3713	2110
May 16, 2014 1:14:00 PM UTC	1400274840000	53	41	no	63.1	236.0	20506	20827	9257	6436	0	44350	2728	2728	0	5917	3912	2005
May 16, 2014 1:15:00 PM UTC	1400274900000	53	40	no	63.0	236.4	20506	20827	9248	6496	0	44299	2699	2699	0	5896	3833	2006
May 16, 2014 1:16:00 PM UTC	1400274960000	53	40	no	62.8	236.8	20506	20827	9248	6496	0	44299	2709	2698	11	5894	3728	2097
May 16, 2014 1:17:00 PM UTC	1400275020000	52	39	no	62.6	237.1	20506	20827	9249	6495	0	44299	2702	2700	2	5893	3995	1791
May 16, 2014 1:18:00 PM UTC	1400275080000	51	40	no	62.5	237.5	20506	20827	9247	6494	0	44302	2722	2722	0	5884	4038	1753
May 16, 2014 1:19:00 PM UTC	1400275140000	51	39	no	62.3	237.8	20506	20827	9246	6489	0	44308	2729	2709	20	5889	4011	1728
May 16, 2014 1:20:00 PM UTC	1400275200000	50	41	no	62.1	238.2	20506	20827	9257	6429	0	44357	2747	2723	24	5912	4003	1866
May 16, 2014 1:21:00 PM UTC	1400275260000	44	47	no	62.0	238.5	20506	20827	9247	6548	0	44248	2682	2644	38	5881	3594	2213
May 16, 2014 1:22:00 PM UTC	1400275320000	43	49	no	61.8	238.9	20506	20827	9247	6548	0	44248	2684	2658	26	5882	3819	2054
May 16, 2014 1:23:00 PM UTC	1400275380000	39	52	no	61.6	239.2	20506	20827	9247	6548	0	44248	2683	2654	29	5881	3649	2221
May 16, 2014 1:24:00 PM UTC	1400275440000	40	52	no	61.4	239.6	20506	20827	9242	6554	0	44247	2700	2689	11	5876	4067	1809
May 16, 2014 1:25:00 PM UTC	1400275500000	40	53	no	61.3	239.9	20506	20827	9252	6492	0	44299	2715	2715	0	5899	4331	1549
May 16, 2014 1:26:00 PM UTC	1400275560000	41	53	no	61.1	240.2	20506	20827	9252	6492	0	44299	2725	2722	3	5899	4362	1537
May 16, 2014 1:27:00 PM UTC	1400275620000	42	52	no	60.9	240.6	20506	20827	9248	6514	0	44281	2711	2696	15	5887	4515	1372
May 16, 2014 1:28:00 PM UTC	1400275680000	42	52	no	60.7	240.9	20506	20827	9243	6550	0	44250	2701	2701	0	5875	4671	1204
May 16, 2014 1:29:00 PM UTC	1400275740000	41	52	no	60.6	241.2	20506	20827	9255	6465	0	44323	2721	2721	0	5909	4723	1168
May 16, 2014 1:30:00 PM UTC	1400275800000	42	52	no	60.4	241.5	20506	20827	9247	6527	0	44269	2693	2693	0	5882	4841	965
May 16, 2014 1:31:00 PM UTC	1400275860000	42	53	no	60.2	241.8	20506	20827	9253	6494	0	44296	2715	2715	0	5895	4868	1019
May 16, 2014 1:32:00 PM UTC	1400275920000	41	54	no	60.0	242.1	20506	20827	9247	6510	0	44286	2723	2723	0	5882	4907	974
May 16, 2014 1:33:00 PM UTC	1400275980000	40	55	no	59.9	242.5	20506	20827	9253	6478	0	44312	2734	2662	72	5891	5078	812
May 16, 2014 1:34:00 PM UTC	1400276040000	39	57	no	59.7	242.8	20506	20827	9252	6476	0	44315	2735	2695	40	5900	5158	739
May 16, 2014 1:35:00 PM UTC	1400276100000	39	58	no	59.5	243.1	20506	20827	9247	6507	0	44289	2720	2705	15	5888	5096	792
May 16, 2014 1:36:00 PM UTC	1400276160000	39	57	no	59.3	243.4	20506	20827	9241	6540	0	44262	2705	2690	15	5875	5235	637
May 16, 2014 1:37:00 PM UTC	1400276220000	40	55	no	59.1	243.7	20506	20827	9252	6475	0	44316	2727	2722	5	5899	5302	597
May 16, 2014 1:38:00 PM UTC	1400276280000	41	54	no	59.0	244.0	20506	20827	9255	6510	0	44278	2709	2709	0	5903	5283	620
May 16, 2014 1:39:00 PM UTC	1400276340000	39	57	no	58.8	244.3	20506	20827	9241	6604	0	44198	2666	2663	3	5869	5279	590
May 16, 2014 1:40:00 PM UTC	1400276400000	38	58	no	58.6	244.6	20506	20827	9256	6498	0	44289	2732	2729	3	5906	5457	449
May 16, 2014 1:41:00 PM UTC	1400276460000	38	58	no	58.4	244.8	20506	20827	9246	6561	0	44236	2705	2681	24	5882	5473	409
May 16, 2014 1:42:00 PM UTC	1400276520000	38	58	no	58.2	245.1	20506	20827	9246	6561	0	44236	2706	2667	39	5878	5475	403
May 16, 2014 1:43:00 PM UTC	1400276580000	40	55	no	58.1	245.4	20506	20827	9246	6561	0	44236	2707	2657	50	5877	5511	366
May 16, 2014 1:44:00 PM UTC	1400276640000	41	54	no	57.9	245.7	20506	20827	9246	6561	0	44236	2702	2697	5	5877	5596	281
May 16, 2014 1:45:00 PM UTC	1400276700000	41	52	no	57.7	246.0	20506	20827	9251	6483	0	44309	2736	2734	2	5887	5561	326
May 16, 2014 1:46:00 PM UTC	1400276760000	43	48	no	57.5	246.3	20506	20827	9241	6548	0	44254	2710	2710	0	5861	5494	367
May 16, 2014 1:47:00 PM UTC	1400276820000	44	47	no	57.3	246.5	20506	20827	9251	6482	0	44310	2738	2738	0	5880	5489	391
May 16, 2014 1:48:00 PM UTC	1400276880000	44	46	no	57.1	246.8	20506	20827	9251	6536	0	44256	2711	2711	0	5872	5489	383
May 16, 2014 1:49:00 PM UTC	1400276940000	43	46	no	57.0	247.1	20506	20827	9240	6602	0	44201	2682	2682	0	5846	5332	514
May 16, 2014 1:50:00 PM UTC	1400277000000	45	44	no	56.8	247.3	20506	20827	9251	6523	0	44269	2718	2718	0	5868	5413	455
May 16, 2014 1:51:00 PM UTC	1400277060000	46	42	no	56.6	247.6	20506	20827	9245	6575	0	44223	2694	2694	0	5843	5257	557
May 16, 2014 1:52:00 PM UTC	1400277120000	46	42	no	56.4	247.9	20506	20827	9245	6575	0	44223	2704	2704	0	5837	5264	516
May 16, 2014 1:53:00 PM UTC	1400277180000	47	43	no	56.2	248.1	20506	20827	9258	6483	0	44302	2744	2744	0	5865	5210	619
May 16, 2014 1:54:00 PM UTC	1400277240000	48	43	no	56.0	248.4	20506	20827	9243	6576	0	44224	2708	2708	0	5823	5130	688
May 16, 2014 1:55:00 PM UTC	1400277300000	46	46	no	55.8	248.7	20506	20827	9254	6501	0	44288	2740	2740	0	5841	4969	836
May 16, 2014 1:56:00 PM UTC	1400277360000	48	47	no	55.7	248.9	20506	20827	9246	6557	0	44240	2710	2710	0	5819	4954	843
May 16, 2014 1:57:00 PM UTC	1400277420000	48	47	no	55.5	249.2	20506	20827	9248	6542	0	44253	2729	2729	0	5810	4846	952
May 16, 2014 1:58:00 PM UTC	1400277480000	49	48	no	55.3	249.4	20506	20827	9248	6542	0	44253	2728	2728	0	5802	4783	981
May 16, 2014 1:59:00 PM UTC	1400277540000	51	47	no	55.1	249.7	20506	20827	9247	6608	0	44188	2700	2700	0	5790	4751	937
May 16, 2014 2:00:00 PM UTC	1400277600000	52	46	no	54.9	249.9	20506	20827	9237	6679	0	44127	2667	2667	0	5763	4536	1116
May 16, 2014 2:01:00 PM UTC	1400277660000	53	46	no	54.7	250.2	20506	20827	9248	6612	0	44183	2694	2694	0	5774	4348	1328
May 16, 2014 2:02:00 PM UTC	1400277720000	54	45	no	54.5	250.4	20506	20827	9248	6492	0	44303	2751	2751	0	5771	4126	1451
May 16, 2014 2:03:00 PM UTC	1400277780000	54	45	no	54.3	250.6	20506	20827	9252	6469	0	44322	2762	2762	0	5769	3957	1608
May 16, 2014 2:04:00 PM UTC	1400277840000	55	43	no	54.1	250.9	20506	20827	9252	6466	0	44325	2763	2763	0	5761	3841	1735
May 16, 2014 2:05:00 PM UTC	1400277900000	55	44	no	54.0	251.1	20506	20827	9241	6534	0	44268	2730	2730	0	5725	3806	1700
May 16, 2014 2:06:00 PM UTC	1400277960000	58	41	no	53.8	251.4	20506	20827	9255	6443	0	44345	2778	2778	0	5745	4164	1361
May 16, 2014 2:07:00 PM UTC	1400278020000	59	40	no	53.6	251.6	20506	20827	9244	6501	0	44298	2752	2752	0	5718	3881	1528
May 16, 2014 2:08:00 PM UTC	1400278080000	58	41	no	53.4	251.8	20506	20827	9254	6456	0	44333	2775	2775	0	5723	3933	1482
May 16, 2014 2:09:00 PM UTC	1400278140000	56	42	no	53.2	252.1	20506	20827	9244	6529	0	44270	2737	2737	0	5689	3429	1910
May 16, 2014 2:10:00 PM UTC	1400278200000	56	42	no	53.0	252.3	20506	20827	9245	6498	0	44300	2760	2760	0	5685	3316	1914
May 16, 2014 2:11:00 PM UTC	1400278260000	56	41	no	52.8	252.5	20506	20827	9245	6498	0	44300	2763	2763	0	5676	3272	1948
May 16, 2014 2:12:00 PM UTC	1400278320000	54	42	no	52.6	252.8	20506	20827	9244	6580	0	44219	2725	2725	0	5665	3182	1888
May 16, 2014 2:13:00 PM UTC	1400278380000	53	42	no	52.4	253.0	20506	20827	9244	6580	0	44219	2721	2721	0	5648	2956	2063
May 16, 2014 2:14:00 PM UTC	1400278440000	54	41	no	52.2	253.2	20506	20827	9247	6561	0	44235	2736	2732	4	5642	3014	1981
May 16, 2014 2:15:00 PM UTC	1400278500000	52	40	no	52.0	253.4	20506	20827	9256	6492	0	44295	2766	2716	50	5650	2788	2149
May 16, 2014 2:16:00 PM UTC	1400278560000	49	41	no	51.9	253.7	20506	20827	9246	6561	0	44236	2732	2629	103	5615	2628	2248
May 16, 2014 2:17:00 PM UTC	1400278620000	48	41	no	51.7	253.9	20506	20827	9257	6492	0	44294	2764	2532	232	5626	2819	2109
May 16, 2014 2:18:00 PM UTC	1400278680000	47	43	no	51.5	254.1	20506	20827	9248	6517	0	44278	2756	2605	151	5598	2574	2431
May 16, 2014 2:19:00 PM UTC	1400278740000	40	46	no	51.3	254.3	20506	20827	9248	6518	0	44277	2758	2496	262	5582	2265	2895
May 16, 2014 2:20:00 PM UTC	1400278800000	38	49	no	51.1	254.5	20506	20827	9248	6518	0	44277	2764	2424	340	5567	2354	2678
May 16, 2014 2:21:00 PM UTC	1400278860000	32	53	no	50.9	254.7	20506	20827	9248	6517	0	44278	2759	2117	642	5556	2379	2789
May 16, 2014 2:22:00 PM UTC	1400278920000	29	54	no	50.7	255.0	20506	20827	9248	6517	0	44278	2762	2275	487	5543	2514	2685
May 16, 2014 2:23:00 PM UTC	1400278980000	28	53	no	50.5	255.2	20506	20827	9250	6500	0	44293	2772	2271	501	5534	2612	2602
May 16, 2014 2:24:00 PM UTC	1400279040000	27	53	no	50.3	255.4	20506	20827	9250	6500	0	44293	2775	2308	467	5519	2603	2755
May 16, 2014 2:25:00 PM UTC	1400279100000	27	46	no	50.1	255.6	20506	20827	9250	6498	0	44295	2774	2507	267	5506	2829	2472
May 16, 2014 2:26:00 PM UTC	1400279160000	27	45	no	49.9	255.8	20506	20827	9250	6498	0	44295	2771	2677	94	5495	2903	2509
May 16, 2014 2:27:00 PM UTC	1400279220000	26	41	no	49.7	256.0	20506	20827	9248	6572	0	44223	2735	2655	80	5481	3001	2399
May 16, 2014 2:28:00 PM UTC	1400279280000	27	39	no	49.5	256.2	20506	20827	9250	6556	0	44237	2754	2715	39	5463	3166	2286
May 16, 2014 2:29:00 PM UTC	1400279340000	27	39	no	49.3	256.4	20506	20827	9240	6625	0	44178	2724	2724	0	5432	3291	2110
May 16, 2014 2:30:00 PM UTC	1400279400000	26	39	no	49.1	256.6	20506	20827	9251	6557	0	44235	2769	2766	3	5437	3407	2030
May 16, 2014 2:31:00 PM UTC	1400279460000	26	38	no	48.9	256.8	20506	20827	9240	6627	0	44176	2730	2704	26	5403	3403	1998
May 16, 2014 2:32:00 PM UTC	1400279520000	27	37	no	48.7	257.0	20506	20827	9251	6557	0	44235	2753	2657	96	5410	3529	1857
May 16, 2014 2:33:00 PM UTC	1400279580000	26	38	no	48.6	257.2	20506	20827	9242	6609	0	44192	2733	2665	68	5379	3595	1749
May 16, 2014 2:34:00 PM UTC	1400279640000	26	40	no	48.4	257.4	20506	20827	9251	6558	0	44234	2768	2730	38	5376	3648	1673
May 16, 2014 2:35:00 PM UTC	1400279700000	27	40	no	48.2	257.6	20506	20827	9240	6590	0	44213	2743	2720	23	5345	3692	1635
May 16, 2014 2:36:00 PM UTC	1400279760000	27	40	no	48.0	257.8	20506	20827	9251	6519	0	44273	2769	2752	17	5351	3818	1519
May 16, 2014 2:37:00 PM UTC	1400279820000	28	38	no	47.8	258.0	20506	20827	9240	6588	0	44215	2736	2732	4	5319	3891	1390
May 16, 2014 2:38:00 PM UTC	1400279880000	29	37	no	47.6	258.2	20506	20827	9254	6429	0	44360	2815	2815	0	5326	3951	1339
May 16, 2014 2:39:00 PM UTC	1400279940000	30	37	no	47.4	258.4	20506	20827	9244	6485	0	44314	2789	2789	0	5296	3989	1288
May 16, 2014 2:40:00 PM UTC	1400280000000	31	37	no	47.2	258.6	20506	20827	9253	6429	0	44361	2818	2818	0	5293	4071	1175
May 16, 2014 2:41:00 PM UTC	1400280060000	31	37	no	47.0	258.8	20506	20827	9242	6503	0	44298	2781	2781	0	5264	4085	1149
May 16, 2014 2:42:00 PM UTC	1400280120000	33	39	no	46.8	259.0	20506	20827	9253	6428	0	44362	2820	2820	0	5265	4139	1051
May 16, 2014 2:43:00 PM UTC	1400280180000	34	41	no	46.6	259.2	20506	20827	9244	6497	0	44302	2801	2801	0	5236	4196	956
May 16, 2014 2:44:00 PM UTC	1400280240000	35	41	no	46.4	259.4	20506	20827	9244	6497	0	44302	2798	2798	0	5215	4143	978
May 16, 2014 2:45:00 PM UTC	1400280300000	37	41	no	46.2	259.5	20506	20827	9245	6565	0	44233	2772	2772	0	5201	4177	895
May 16, 2014 2:46:00 PM UTC	1400280360000	39	41	no	46.0	259.7	20506	20827	9245	6565	0	44233	2770	2770	0	5186	4213	884
May 16, 2014 2:47:00 PM UTC	1400280420000	41	41	no	45.8	259.9	20506	20827	9246	6565	0	44232	2766	2766	0	5171	4335	665
May 16, 2014 2:48:00 PM UTC	1400280480000	44	40	no	45.6	260.1	20506	20827	9246	6565	0	44232	2771	2771	0	5157	4377	638
May 16, 2014 2:49:00 PM UTC	1400280540000	47	40	no	45.4	260.3	20506	20827	9247	6563	0	44233	2778	2778	0	5129	4472	527
May 16, 2014 2:50:00 PM UTC	1400280600000	50	40	no	45.2	260.5	20506	20827	9247	6563	0	44233	2776	2776	0	5121	4527	529
May 16, 2014 2:51:00 PM UTC	1400280660000	54	39	no	45.0	260.6	20506	20827	9250	6551	0	44242	2778	2778	0	5105	4586	490
May 16, 2014 2:52:00 PM UTC	1400280720000	58	35	no	44.8	260.8	20506	20827	9250	6551	0	44242	2782	2782	0	5101	4556	508
May 16, 2014 2:53:00 PM UTC	1400280780000	64	31	no	44.6	261.0	20506	20827	9260	6449	0	44334	2828	2828	0	5081	4626	449
May 16, 2014 2:54:00 PM UTC	1400280840000	72	24	no	44.4	261.2	20506	20827	9251	6518	0	44274	2786	2786	0	5068	4803	264
May 16, 2014 2:55:00 PM UTC	1400280900000	78	20	no	44.2	261.4	20506	20827	9251	6518	0	44274	2794	2794	0	5034	4861	173
May 16, 2014 2:56:00 PM UTC	1400280960000	82	16	no	44.0	261.5	20506	20827	9252	6515	0	44276	2793	2793	0	5027	4898	129
May 16, 2014 2:57:00 PM UTC	1400281020000	88	10	no	43.8	261.7	20506	20827	9254	6515	0	44274	2804	2804	0	5003	4918	85
May 16, 2014 2:58:00 PM UTC	1400281080000	90	9	no	43.6	261.9	20506	20827	9253	6525	0	44265	2798	2798	0	4993	4927	66
May 16, 2014 2:59:00 PM UTC	1400281140000	91	8	no	43.4	262.1	20506	20827	9254	6515	0	44274	2808	2808	0	4971	4856	109
May 16, 2014 3:00:00 PM UTC	1400281200000	92	7	no	43.2	262.3	20506	20827	9255	6514	0	44274	2811	2811	0	4949	4849	100
May 16, 2014 3:01:00 PM UTC	1400281260000	92	7	no	43.0	262.4	20506	20827	9255	6514	0	44274	2808	2808	0	4940	4902	38
May 16, 2014 3:02:00 PM UTC	1400281320000	94	5	no	42.8	262.6	20506	20827	9245	6584	0	44214	2767	2767	0	4913	4886	27
May 16, 2014 3:03:00 PM UTC	1400281380000	95	4	no	42.6	262.8	20506	20827	9256	6513	0	44274	2816	2816	0	4900	4865	35
May 16, 2014 3:04:00 PM UTC	1400281440000	96	4	no	42.4	262.9	20506	20827	9256	6513	0	44274	2818	2818	0	4885	4860	25
May 16, 2014 3:05:00 PM UTC	1400281500000	96	3	no	42.2	263.1	20506	20827	9257	6583	0	44203	2785	2785	0	4867	4832	35
May 16, 2014 3:06:00 PM UTC	1400281560000	97	2	no	42.0	263.3	20506	20827	9257	6583	0	44203	2787	2787	0	4853	4847	6
May 16, 2014 3:07:00 PM UTC	1400281620000	97	2	no	41.8	263.5	20506	20827	9245	6659	0	44139	2748	2748	0	4822	4816	6
May 16, 2014 3:08:00 PM UTC	1400281680000	98	1	no	41.6	263.6	20506	20827	9256	6588	0	44199	2788	2788	0	4817	4813	4
May 16, 2014 3:09:00 PM UTC	1400281740000	98	2	no	41.4	263.8	20506	20827	9246	6652	0	44145	2749	2749	0	4794	4787	7
May 16, 2014 3:10:00 PM UTC	1400281800000	99	1	no	41.2	264.0	20506	20827	9258	6505	0	44280	2825	2825	0	4788	4787	1
May 16, 2014 3:11:00 PM UTC	1400281860000	99	1	no	41.0	264.1	20506	20827	9258	6477	0	44308	2830	2830	0	4769	4762	7
May 16, 2014 3:12:00 PM UTC	1400281920000	99	1	no	40.8	264.3	20506	20827	9258	6477	0	44308	2831	2831	0	4750	4750	0
May 16, 2014 3:13:00 PM UTC	1400281980000	99	1	no	40.6	264.5	20506	20827	9258	6489	0	44296	2832	2832	0	4733	4731	2
May 16, 2014 3:14:00 PM UTC	1400282040000	98	1	no	40.4	264.6	20506	20827	9248	6559	0	44236	2791	2791	0	4711	4710	1
May 16, 2014 3:15:00 PM UTC	1400282100000	99	1	no	40.2	264.8	20506	20827	9259	6488	0	44296	2834	2834	0	4698	4698	0
May 16, 2014 3:16:00 PM UTC	1400282160000	98	1	no	40.0	265.0	20506	20827	9248	6558	0	44237	2794	2792	2	4674	4673	1
May 16, 2014 3:17:00 PM UTC	1400282220000	98	2	no	39.8	265.1	20506	20827	9260	6481	0	44302	2837	2836	1	4668	4668	0
May 16, 2014 3:18:00 PM UTC	1400282280000	97	3	no	39.6	265.3	20506	20827	9260	6481	0	44302	2844	2844	0	4650	4650	0
May 16, 2014 3:19:00 PM UTC	1400282340000	97	3	no	39.4	265.5	20506	20827	9249	6551	0	44243	2805	2805	0	4627	4627	0
May 16, 2014 3:20:00 PM UTC	1400282400000	96	4	no	39.2	265.6	20506	20827	9260	6480	0	44303	2844	2844	0	4617	4617	0
May 16, 2014 3:21:00 PM UTC	1400282460000	96	4	no	39.0	265.8	20506	20827	9249	6550	0	44244	2805	2805	0	4592	4592	0
May 16, 2014 3:22:00 PM UTC	1400282520000	94	6	no	38.8	265.9	20506	20827	9260	6479	0	44304	2844	2837	7	4581	4580	1
May 16, 2014 3:23:00 PM UTC	1400282580000	91	9	no	38.6	266.1	20506	20827	9260	6479	0	44304	2855	2855	0	4559	4559	0
May 16, 2014 3:24:00 PM UTC	1400282640000	88	12	no	38.4	266.3	20506	20827	9250	6548	0	44245	2812	2796	16	4535	4532	3
May 16, 2014 3:25:00 PM UTC	1400282700000	83	17	no	38.2	266.4	20506	20827	9260	6477	0	44306	2848	2839	9	4530	4501	29
May 16, 2014 3:26:00 PM UTC	1400282760000	81	19	no	38.0	266.6	20506	20827	9250	6548	0	44245	2803	2711	92	4508	4489	19
May 16, 2014 3:27:00 PM UTC	1400282820000	78	21	no	37.8	266.7	20506	20827	9260	6476	0	44307	2854	2775	79	4488	4430	58
May 16, 2014 3:28:00 PM UTC	1400282880000	77	22	no	37.6	266.9	20506	20827	9260	6476	0	44307	2859	2813	46	4472	4441	31
May 16, 2014 3:29:00 PM UTC	1400282940000	76	22	no	37.4	267.0	20506	20827	9249	6621	0	44173	2787	2759	28	4450	4436	14
May 16, 2014 3:30:00 PM UTC	1400283000000	77	20	no	37.2	267.2	20506	20827	9259	6546	0	44238	2834	2834	0	4439	4419	20
May 16, 2014 3:31:00 PM UTC	1400283060000	75	22	no	37.0	267.4	20506	20827	9249	6616	0	44178	2790	2790	0	4418	4407	11
May 16, 2014 3:32:00 PM UTC	1400283120000	75	22	no	36.8	267.5	20506	20827	9261	6542	0	44240	2841	2841	0	4403	4403	0
May 16, 2014 3:33:00 PM UTC	1400283180000	75	23	no	36.6	267.7	20506	20827	9261	6542	0	44240	2839	2839	0	4385	4385	0
May 16, 2014 3:34:00 PM UTC	1400283240000	73	24	no	36.4	267.8	20506	20827	9249	6614	0	44180	2799	2799	0	4364	4351	13
May 16, 2014 3:35:00 PM UTC	1400283300000	71	26	no	36.2	268.0	20506	20827	9261	6543	0	44239	2842	2842	0	4346	4346	0
May 16, 2014 3:36:00 PM UTC	1400283360000	69	29	no	36.0	268.1	20506	20827	9249	6615	0	44179	2802	2802	0	4329	4329	0
May 16, 2014 3:37:00 PM UTC	1400283420000	69	30	no	35.8	268.3	20506	20827	9249	6615	0	44179	2801	2801	0	4318	4318	0
May 16, 2014 3:38:00 PM UTC	1400283480000	70	29	no	35.6	268.4	20506	20827	9261	6544	0	44238	2846	2846	0	4300	4300	0
May 16, 2014 3:39:00 PM UTC	1400283540000	71	29	no	35.4	268.6	20506	20827	9249	6616	0	44178	2805	2805	0	4277	4277	0
May 16, 2014 3:40:00 PM UTC	1400283600000	73	26	no	35.2	268.8	20506	20827	9261	6544	0	44238	2846	2846	0	4268	4268	0
May 16, 2014 3:41:00 PM UTC	1400283660000	75	24	no	35.0	268.9	20506	20827	9261	6470	0	44312	2873	2873	0	4251	4251	0
May 16, 2014 3:42:00 PM UTC	1400283720000	77	22	no	34.8	269.1	20506	20827	9249	6541	0	44253	2834	2834	0	4231	4231	0
May 16, 2014 3:43:00 PM UTC	1400283780000	80	20	no	34.6	269.2	20506	20827	9261	6469	0	44313	2878	2878	0	4216	4216	0
May 16, 2014 3:44:00 PM UTC	1400283840000	81	19	no	34.4	269.4	20506	20827	9249	6539	0	44255	2826	2826	0	4193	4193	0
May 16, 2014 3:45:00 PM UTC	1400283900000	85	15	no	34.2	269.5	20506	20827	9261	6468	0	44314	2875	2875	0	4183	4183	0
May 16, 2014 3:46:00 PM UTC	1400283960000	88	12	no	34.0	269.7	20506	20827	9261	6468	0	44314	2887	2887	0	4159	4159	0
May 16, 2014 3:47:00 PM UTC	1400284020000	88	12	no	33.8	269.8	20506	20827	9261	6468	0	44314	2882	2882	0	4142	4142	0
May 16, 2014 3:48:00 PM UTC	1400284080000	91	9	no	33.6	270.0	20506	20827	9261	6468	0	44314	2884	2884	0	4133	4133	0
May 16, 2014 3:49:00 PM UTC	1400284140000	92	8	no	33.4	270.1	20506	20827	9261	6467	0	44315	2884	2884	0	4112	4112	0
May 16, 2014 3:50:00 PM UTC	1400284200000	94	6	no	33.2	270.3	20506	20827	9249	6612	0	44182	2817	2817	0	4095	4095	0
May 16, 2014 3:51:00 PM UTC	1400284260000	95	5	no	33.0	270.4	20506	20827	9261	6460	0	44322	2886	2885	1	4079	4079	0
May 16, 2014 3:52:00 PM UTC	1400284320000	95	5	no	32.8	270.6	20506	20827	9249	6531	0	44263	2825	2825	0	4067	4067	0
May 16, 2014 3:53:00 PM UTC	1400284380000	97	3	no	32.6	270.7	20506	20827	9261	6460	0	44322	2878	2878	0	4054	4054	0
May 16, 2014 3:54:00 PM UTC	1400284440000	97	3	no	32.4	270.8	20506	20827	9261	6461	0	44321	2879	2878	1	4034	4034	0
May 16, 2014 3:55:00 PM UTC	1400284500000	98	2	no	32.2	271.0	20506	20827	9249	6533	0	44261	2838	2838	0	4028	4028	0
May 16, 2014 3:56:00 PM UTC	1400284560000	99	1	no	32.0	271.1	20506	20827	9261	6462	0	44320	2870	2870	0	4014	4014	0
May 16, 2014 3:57:00 PM UTC	1400284620000	98	2	no	31.8	271.3	20506	20827	9261	6544	0	44238	2849	2849	0	3999	3999	0
May 16, 2014 3:58:00 PM UTC	1400284680000	97	3	no	31.6	271.4	20506	20827	9249	6616	0	44178	2796	2796	0	3990	3990	0
May 16, 2014 3:59:00 PM UTC	1400284740000	96	4	no	31.4	271.6	20506	20827	9261	6544	0	44238	2832	2832	0	3984	3984	0
May 16, 2014 4:00:00 PM UTC	1400284800000	95	5	no	31.2	271.7	20506	20827	9249	6615	0	44179	2792	2792	0	3968	3968	0
May 16, 2014 4:01:00 PM UTC	1400284860000	92	8	no	31.0	271.9	20506	20827	9249	6615	0	44179	2788	2785	3	3956	3956	0
May 16, 2014 4:02:00 PM UTC	1400284920000	89	11	no	30.8	272.0	20506	20827	9261	6543	0	44239	2822	2822	0	3949	3949	0
May 16, 2014 4:03:00 PM UTC	1400284980000	87	13	no	30.6	272.2	20506	20827	9249	6614	0	44180	2769	2762	7	3944	3944	0
May 16, 2014 4:04:00 PM UTC	1400285040000	84	16	no	30.4	272.3	20506	20827	9261	6542	0	44240	2816	2808	8	3924	3924	0
May 16, 2014 4:05:00 PM UTC	1400285100000	82	18	no	30.2	272.5	20506	20827	9261	6542	0	44240	2809	2809	0	3914	3914	0
May 16, 2014 4:06:00 PM UTC	1400285160000	80	20	no	30.0	272.6	20506	20827	9249	6616	0	44178	2754	2752	2	3913	3913	0
May 16, 2014 4:07:00 PM UTC	1400285220000	79	21	no	29.8	272.7	20506	20827	9259	6546	0	44238	2797	2796	1	3901	3901	0
May 16, 2014 4:08:00 PM UTC	1400285280000	78	22	no	29.6	272.9	20506	20827	9259	6551	0	44233	2782	2777	5	3897	3897	0
May 16, 2014 4:09:00 PM UTC	1400285340000	77	23	no	29.4	273.0	20506	20827	9248	6626	0	44169	2733	2723	10	3890	3890	0
May 16, 2014 4:10:00 PM UTC	1400285400000	76	24	no	29.2	273.2	20506	20827	9260	6483	0	44300	2786	2771	15	3881	3881	0
May 16, 2014 4:11:00 PM UTC	1400285460000	74	26	no	29.0	273.3	20506	20827	9250	6553	0	44240	2740	2740	0	3874	3874	0
May 16, 2014 4:12:00 PM UTC	1400285520000	75	25	no	28.8	273.5	20506	20827	9250	6553	0	44240	2729	2729	0	3867	3867	0
May 16, 2014 4:13:00 PM UTC	1400285580000	75	25	no	28.6	273.6	20506	20827	9260	6482	0	44301	2759	2754	5	3866	3866	0
May 16, 2014 4:14:00 PM UTC	1400285640000	73	27	no	28.4	273.7	20506	20827	9250	6551	0	44242	2711	2711	0	3856	3856	0
May 16, 2014 4:15:00 PM UTC	1400285700000	74	26	no	28.2	273.9	20506	20827	9260	6480	0	44303	2742	2726	16	3855	3855	0
May 16, 2014 4:16:00 PM UTC	1400285760000	76	24	no	28.0	274.0	20506	20827	9260	6480	0	44303	2733	2731	2	3848	3848	0
May 16, 2014 4:17:00 PM UTC	1400285820000	76	24	no	27.8	274.2	20506	20827	9249	6550	0	44244	2684	2679	5	3842	3842	0
May 16, 2014 4:18:00 PM UTC	1400285880000	80	20	no	27.6	274.3	20506	20827	9260	6479	0	44304	2720	2719	1	3834	3834	0
May 16, 2014 4:19:00 PM UTC	1400285940000	83	17	no	27.4	274.4	20506	20827	9260	6479	0	44304	2705	2701	4	3835	3835	0
May 16, 2014 4:20:00 PM UTC	1400286000000	84	16	no	27.2	274.6	20506	20827	9249	6549	0	44245	2656	2656	0	3831	3831	0
May 16, 2014 4:21:00 PM UTC	1400286060000	84	16	no	27.0	274.7	20506	20827	9260	6478	0	44305	2692	2690	2	3822	3822	0
May 16, 2014 4:22:00 PM UTC	1400286120000	85	15	no	26.8	274.9	20506	20827	9260	6478	0	44305	2672	2672	0	3827	3827	0
May 16, 2014 4:23:00 PM UTC	1400286180000	89	11	no	26.6	275.0	20506	20827	9248	6554	0	44241	2620	2620	0	3820	3820	0
May 16, 2014 4:24:00 PM UTC	1400286240000	91	9	no	26.4	275.2	20506	20827	9259	6483	0	44301	2649	2649	0	3817	3817	0
May 16, 2014 4:25:00 PM UTC	1400286300000	94	6	no	26.2	275.3	20506	20827	9259	6483	0	44301	2643	2643	0	3814	3814	0
May 16, 2014 4:26:00 PM UTC	1400286360000	96	4	no	26.0	275.4	20506	20827	9248	6554	0	44241	2590	2590	0	3813	3813	0
May 16, 2014 4:27:00 PM UTC	1400286420000	97	3	no	25.8	275.6	20506	20827	9258	6483	0	44302	2621	2621	0	3809	3809	0
May 16, 2014 4:28:00 PM UTC	1400286480000	98	2	no	25.6	275.7	20506	20827	9258	6472	0	44313	2603	2603	0	3807	3807	0
May 16, 2014 4:29:00 PM UTC	1400286540000	99	1	no	25.4	275.9	20506	20827	9258	6472	0	44313	2588	2588	0	3811	3811	0
May 16, 2014 4:30:00 PM UTC	1400286600000	100	0	no	25.2	276.0	20506	20827	9258	6500	0	44285	2582	2582	0	3802	3802	0
May 16, 2014 4:31:00 PM UTC	1400286660000	100	0	no	25.0	276.1	20506	20827	9257	6582	0	44204	2552	2552	0	3805	3805	0
May 16, 2014 4:32:00 PM UTC	1400286720000	100	0	no	24.8	276.3	20506	20827	9256	6590	0	44197	2533	2533	0	3804	3804	0
May 16, 2014 4:33:00 PM UTC	1400286780000	100	0	no	24.6	276.4	20506	20827	9256	6590	0	44197	2519	2518	1	3807	3807	0
May 16, 2014 4:34:00 PM UTC	1400286840000	100	0	no	24.4	276.5	20506	20827	9245	6660	0	44138	2476	2476	0	3802	3802	0
May 16, 2014 4:35:00 PM UTC	1400286900000	100	0	no	24.2	276.7	20506	20827	9257	6581	0	44205	2501	2500	1	3805	3805	0
May 16, 2014 4:36:00 PM UTC	1400286960000	100	0	no	24.0	276.8	20506	20827	9257	6581	0	44205	2481	2481	0	3810	3810	0
May 16, 2014 4:37:00 PM UTC	1400287020000	100	0	no	23.8	277.0	20506	20827	9245	6660	0	44138	2434	2434	0	3805	3805	0
May 16, 2014 4:38:00 PM UTC	1400287080000	100	0	no	23.6	277.1	20506	20827	9256	6518	0	44269	2474	2474	0	3808	3808	0
May 16, 2014 4:39:00 PM UTC	1400287140000	100	0	no	23.4	277.2	20506	20827	9256	6518	0	44269	2461	2461	0	3809	3809	0
May 16, 2014 4:40:00 PM UTC	1400287200000	100	0	no	23.2	277.4	20506	20827	9245	6588	0	44210	2412	2409	3	3809	3809	0
May 16, 2014 4:41:00 PM UTC	1400287260000	100	0	no	23.0	277.5	20506	20827	9255	6517	3	44268	2435	2419	12	3814	3814	0
May 16, 2014 4:42:00 PM UTC	1400287320000	100	0	no	22.8	277.7	20506	20827	9255	6517	12	44259	2419	2390	17	3814	3814	0
May 16, 2014 4:43:00 PM UTC	1400287380000	100	0	no	22.6	277.8	20506	20827	9244	6587	16	44196	2370	2344	10	3816	3816	0
May 16, 2014 4:44:00 PM UTC	1400287440000	100	0	no	22.4	277.9	20506	20827	9254	6516	34	44239	2394	2353	7	3820	3820	0
May 16, 2014 4:45:00 PM UTC	1400287500000	100	0	no	22.2	278.1	20506	20827	9253	6526	46	44218	2376	2322	8	3825	3825	0
May 16, 2014 4:46:00 PM UTC	1400287560000	99	1	no	22.0	278.2	20506	20827	9254	6517	62	44210	2369	2306	1	3820	3820	0
May 16, 2014 4:47:00 PM UTC	1400287620000	100	0	no	21.8	278.3	20506	20827	9252	6518	73	44200	2353	2273	7	3826	3826	0
May 16, 2014 4:48:00 PM UTC	1400287680000	100	0	no	21.6	278.5	20506	20827	9252	6518	84	44189	2327	2240	3	3837	3837	0
May 16, 2014 4:49:00 PM UTC	1400287740000	100	0	no	21.4	278.6	20506	20827	9251	6518	95	44179	2321	2216	10	3828	3828	0
May 16, 2014 4:50:00 PM UTC	1400287800000	100	0	no	21.2	278.8	20506	20827	9251	6518	110	44164	2305	2195	0	3842	3842	0
May 16, 2014 4:51:00 PM UTC	1400287860000	100	0	no	21.0	278.9	20506	20827	9251	6518	124	44150	2291	2157	10	3833	3833	0
May 16, 2014 4:52:00 PM UTC	1400287920000	100	0	no	20.8	279.0	20506	20827	9250	6516	132	44145	2274	2124	18	3844	3844	0
May 16, 2014 4:53:00 PM UTC	1400287980000	100	0	no	20.6	279.2	20506	20827	9250	6547	142	44104	2263	2105	16	3858	3858	0
May 16, 2014 4:54:00 PM UTC	1400288040000	100	0	no	20.4	279.3	20506	20827	9250	6547	152	44094	2251	2093	6	3841	3841	0
May 16, 2014 4:55:00 PM UTC	1400288100000	100	0	no	20.3	279.4	20506	20827	9247	6558	160	44078	2229	2051	18	3860	3860	0
May 16, 2014 4:56:00 PM UTC	1400288160000	100	0	no	20.1	279.6	20506	20827	9247	6558	169	44069	2211	2034	8	3873	3873	0
May 16, 2014 4:57:00 PM UTC	1400288220000	100	0	no	19.9	279.7	20506	20827	9247	6558	182	44056	2194	1985	27	3870	3870	0
May 16, 2014 4:58:00 PM UTC	1400288280000	99	1	no	19.7	279.9	20506	20827	9246	6558	188	44051	2189	1981	19	3875	3875	0
May 16, 2014 4:59:00 PM UTC	1400288340000	98	2	no	19.5	280.0	20506	20827	9246	6558	198	44041	2170	1963	7	3881	3881	0
May 16, 2014 5:00:00 PM UTC	1400288400000	99	1	no	19.3	280.1	20506	20827	9246	6558	206	44033	2149	1915	27	3897	3897	0
May 16, 2014 5:01:00 PM UTC	1400288460000	99	1	no	19.1	280.3	20506	20827	9245	6558	218	44022	2136	1907	11	3897	3897	0
May 16, 2014 5:02:00 PM UTC	1400288520000	98	2	no	18.9	280.4	20506	20827	9245	6558	231	44009	2123	1882	10	3906	3906	0
May 16, 2014 5:03:00 PM UTC	1400288580000	97	3	no	18.7	280.5	20506	20827	9245	6558	241	43999	2110	1856	9	3909	3909	0
May 16, 2014 5:04:00 PM UTC	1400288640000	96	4	no	18.5	280.7	20506	20827	9244	6497	250	44052	2101	1837	13	3919	3919	0
May 16, 2014 5:05:00 PM UTC	1400288700000	94	6	no	18.3	280.8	20506	20827	9244	6497	256	44046	2088	1809	21	3926	3926	0
May 16, 2014 5:06:00 PM UTC	1400288760000	92	8	no	18.1	280.9	20506	20827	9244	6493	269	44037	2067	1790	8	3935	3935	0
May 16, 2014 5:07:00 PM UTC	1400288820000	90	10	no	17.9	281.1	20506	20827	9242	6501	275	44025	2053	1765	13	3937	3937	0
May 16, 2014 5:08:00 PM UTC	1400288880000	87	13	no	17.7	281.2	20506	20827	9242	6501	281	44019	2036	1745	9	3951	3951	0
May 16, 2014 5:09:00 PM UTC	1400288940000	85	15	no	17.5	281.4	20506	20827	9253	6427	299	44064	2052	1736	17	3959	3959	0
May 16, 2014 5:10:00 PM UTC	1400289000000	86	14	no	17.3	281.5	20506	20827	9244	6483	294	44022	2008	1702	12	3963	3963	0
May 16, 2014 5:11:00 PM UTC	1400289060000	84	16	no	17.1	281.6	20506	20827	9244	6483	299	44017	1992	1680	13	3976	3976	0
May 16, 2014 5:12:00 PM UTC	1400289120000	85	15	no	16.9	281.8	20506	20827	9254	6427	313	44049	2005	1684	8	3985	3985	0
May 16, 2014 5:13:00 PM UTC	1400289180000	86	14	no	16.7	281.9	20506	20827	9240	6523	305	43975	1950	1640	5	3990	3990	0
May 16, 2014 5:14:00 PM UTC	1400289240000	86	14	no	16.5	282.0	20506	20827	9240	6591	311	43901	1925	1613	1	4004	4004	0
May 16, 2014 5:15:00 PM UTC	1400289300000	86	14	no	16.3	282.2	20506	20827	9251	6522	325	43945	1940	1609	6	4012	4012	0
May 16, 2014 5:16:00 PM UTC	1400289360000	84	16	no	16.1	282.3	20506	20827	9240	6592	320	43891	1889	1560	9	4025	4025	0
May 16, 2014 5:17:00 PM UTC	1400289420000	86	14	no	15.9	282.5	20506	20827	9240	6626	328	43849	1879	1542	9	4029	4029	0
May 16, 2014 5:18:00 PM UTC	1400289480000	88	12	no	15.7	282.6	20506	20827	9251	6558	340	43894	1887	1540	7	4044	4044	0
May 16, 2014 5:19:00 PM UTC	1400289540000	89	11	no	15.5	282.7	20506	20827	9253	6541	351	43898	1877	1521	5	4058	4058	0
May 16, 2014 5:20:00 PM UTC	1400289600000	92	8	no	15.3	282.9	20506	20827	9242	6609	343	43849	1839	1487	7	4064	4064	0
May 16, 2014 5:21:00 PM UTC	1400289660000	92	8	no	15.1	283.0	20506	20827	9251	6556	363	43873	1842	1477	2	4075	4075	0
May 16, 2014 5:22:00 PM UTC	1400289720000	94	6	no	14.9	283.1	20506	20827	9251	6556	371	43865	1828	1446	11	4087	4087	0
May 16, 2014 5:23:00 PM UTC	1400289780000	92	8	no	14.7	283.3	20506	20827	9240	6625	349	43829	1780	1414	13	4105	4105	0
May 16, 2014 5:24:00 PM UTC	1400289840000	94	6	no	14.6	283.4	20506	20827	9251	6554	357	43881	1798	1427	14	4111	4111	0
May 16, 2014 5:25:00 PM UTC	1400289900000	92	8	no	14.4	283.6	20506	20827	9251	6553	355	43884	1779	1415	9	4127	4127	0
May 16, 2014 5:26:00 PM UTC	1400289960000	94	6	no	14.2	283.7	20506	20827	9240	6623	350	43830	1730	1378	2	4144	4144	0
May 16, 2014 5:27:00 PM UTC	1400290020000	93	7	no	14.0	283.8	20506	20827	9250	6554	376	43863	1744	1364	4	4156	4156	0
May 16, 2014 5:28:00 PM UTC	1400290080000	94	6	no	13.8	284.0	20506	20827	9250	6554	379	43860	1731	1332	19	4164	4164	0
May 16, 2014 5:29:00 PM UTC	1400290140000	94	6	no	13.6	284.1	20506	20827	9238	6572	375	43858	1692	1312	5	4178	4178	0
May 16, 2014 5:30:00 PM UTC	1400290200000	94	6	no	13.4	284.2	20506	20827	9250	6502	395	43896	1698	1297	6	4198	4198	0
May 16, 2014 5:31:00 PM UTC	1400290260000	94	6	no	13.2	284.4	20506	20827	9250	6502	400	43891	1687	1281	6	4209	4209	0
May 16, 2014 5:32:00 PM UTC	1400290320000	94	6	no	13.0	284.5	20506	20827	9241	6571	395	43836	1638	1243	0	4230	4230	0
May 16, 2014 5:33:00 PM UTC	1400290380000	92	8	no	12.8	284.7	20506	20827	9250	6500	403	43890	1646	1243	0	4249	4249	0
May 16, 2014 5:34:00 PM UTC	1400290440000	89	11	no	12.6	284.8	20506	20827	9250	6500	408	43885	1634	1226	0	4261	4261	0
May 16, 2014 5:35:00 PM UTC	1400290500000	88	12	no	12.4	284.9	20506	20827	9251	6499	411	43882	1621	1209	1	4273	4273	0
May 16, 2014 5:36:00 PM UTC	1400290560000	86	14	no	12.2	285.1	20506	20827	9248	6517	414	43864	1601	1187	0	4288	4288	0
May 16, 2014 5:37:00 PM UTC	1400290620000	84	16	no	12.0	285.2	20506	20827	9248	6517	417	43861	1579	1162	0	4310	4310	0
May 16, 2014 5:38:00 PM UTC	1400290680000	83	17	no	11.8	285.3	20506	20827	9248	6516	419	43860	1559	1137	3	4328	4328	0
May 16, 2014 5:39:00 PM UTC	1400290740000	83	17	no	11.6	285.5	20506	20827	9248	6516	424	43855	1544	1120	0	4344	4343	1
May 16, 2014 5:40:00 PM UTC	1400290800000	80	20	no	11.4	285.6	20506	20827	9248	6516	423	43856	1530	1106	0	4359	4357	2
May 16, 2014 5:41:00 PM UTC	1400290860000	78	21	no	11.3	285.8	20506	20827	9248	6514	424	43857	1516	1092	0	4374	4373	1
May 16, 2014 5:42:00 PM UTC	1400290920000	78	22	no	11.1	285.9	20506	20827	9248	6514	422	43859	1501	1079	0	4391	4391	0
May 16, 2014 5:43:00 PM UTC	1400290980000	76	24	no	10.9	286.0	20506	20827	9247	6555	418	43823	1482	1061	1	4401	4401	0
May 16, 2014 5:44:00 PM UTC	1400291040000	78	22	no	10.7	286.2	20506	20827	9246	6556	426	43815	1464	1037	1	4422	4420	2
May 16, 2014 5:45:00 PM UTC	1400291100000	78	22	no	10.5	286.3	20506	20827	9246	6556	428	43813	1445	1017	0	4440	4440	0
May 16, 2014 5:46:00 PM UTC	1400291160000	79	21	no	10.3	286.4	20506	20827	9246	6556	431	43810	1425	994	0	4461	4455	6
May 16, 2014 5:47:00 PM UTC	1400291220000	76	23	no	10.1	286.6	20506	20827	9247	6554	436	43806	1413	977	0	4473	4462	11
May 16, 2014 5:48:00 PM UTC	1400291280000	74	26	no	9.9	286.7	20506	20827	9247	6554	439	43803	1402	963	0	4485	4472	13
May 16, 2014 5:49:00 PM UTC	1400291340000	73	27	no	9.7	286.9	20506	20827	9247	6554	441	43801	1387	946	0	4497	4460	37
May 16, 2014 5:50:00 PM UTC	1400291400000	71	28	no	9.5	287.0	20506	20827	9244	6572	439	43788	1361	923	0	4515	4472	41
May 16, 2014 5:51:00 PM UTC	1400291460000	69	30	no	9.3	287.1	20506	20827	9244	6572	443	43784	1346	899	5	4532	4465	64
May 16, 2014 5:52:00 PM UTC	1400291520000	68	32	no	9.1	287.3	20506	20827	9244	6572	447	43780	1331	885	0	4547	4496	50
May 16, 2014 5:53:00 PM UTC	1400291580000	67	32	no	8.9	287.4	20506	20827	9256	6433	462	43892	1340	872	9	4574	4488	81
May 16, 2014 5:54:00 PM UTC	1400291640000	62	37	yes	8.8	287.6	20506	20827	9245	6495	454	43849	1298	843	5	4589	4519	66
May 16, 2014 5:55:00 PM UTC	1400291700000	59	40	no	8.6	287.7	20506	20827	9245	6495	457	43846	1288	834	1	4597	4536	57
May 16, 2014 5:56:00 PM UTC	1400291760000	54	45	no	8.4	287.8	20506	20827	9253	6458	462	43870	1284	808	20	4619	4540	71
May 16, 2014 5:57:00 PM UTC	1400291820000	53	46	no	8.2	288.0	20506	20827	9244	6524	455	43820	1247	793	7	4628	4506	114
May 16, 2014 5:58:00 PM UTC	1400291880000	51	48	yes	8.0	288.1	20506	20827	9254	6451	468	43870	1257	741	52	4645	4466	168
May 16, 2014 5:59:00 PM UTC	1400291940000	48	51	yes	7.8	288.3	20506	20827	9256	6430	474	43883	1244	762	19	4666	4385	270
May 16, 2014 6:00:00 PM UTC	1400292000000	45	53	no	7.6	288.4	20506	20827	9244	6495	468	43836	1214	743	14	4671	4344	306
May 16, 2014 6:01:00 PM UTC	1400292060000	42	56	no	7.4	288.5	20506	20827	9255	6440	472	43876	1213	748	6	4695	4180	483
May 16, 2014 6:02:00 PM UTC	1400292120000	39	59	yes	7.2	288.7	20506	20827	9252	6463	471	43857	1190	725	10	4709	4271	422
May 16, 2014 6:03:00 PM UTC	1400292180000	36	61	no	7.0	288.8	20506	20827	9241	6531	461	43810	1151	701	6	4721	4201	503
May 16, 2014 6:04:00 PM UTC	1400292240000	33	63	no	6.9	289.0	20506	20827	9252	6463	473	43855	1161	696	9	4740	4224	499
May 16, 2014 6:05:00 PM UTC	1400292300000	28	67	no	6.7	289.1	20506	20827	9252	6463	471	43857	1141	669	19	4758	3986	747
May 16, 2014 6:06:00 PM UTC	1400292360000	26	67	no	6.5	289.3	20506	20827	9244	6531	465	43803	1105	631	27	4772	3552	1196
May 16, 2014 6:07:00 PM UTC	1400292420000	24	68	no	6.3	289.4	20506	20827	9252	6461	472	43858	1108	616	39	4792	3377	1390
May 16, 2014 6:08:00 PM UTC	1400292480000	22	65	no	6.1	289.5	20506	20827	9248	6484	470	43841	1086	559	78	4803	3480	1290
May 16, 2014 6:09:00 PM UTC	1400292540000	21	62	no	5.9	289.7	20506	20827	9237	6551	464	43791	1057	583	32	4809	3416	1363
May 16, 2014 6:10:00 PM UTC	1400292600000	21	57	no	5.7	289.8	20506	20827	9249	6525	479	43790	1056	562	42	4831	3471	1322
May 16, 2014 6:11:00 PM UTC	1400292660000	21	53	no	5.5	290.0	20506	20827	9248	6610	488	43697	1039	544	35	4841	3499	1285
May 16, 2014 6:12:00 PM UTC	1400292720000	20	46	no	5.3	290.1	20506	20827	9237	6676	488	43642	1004	530	15	4853	3448	1318
May 16, 2014 6:13:00 PM UTC	1400292780000	20	42	no	5.2	290.2	20506	20827	9250	6585	510	43698	1015	466	71	4876	3506	1267
May 16, 2014 6:14:00 PM UTC	1400292840000	20	35	no	5.0	290.4	20506	20827	9248	6544	518	43733	1000	476	39	4890	3384	1343
May 16, 2014 6:15:00 PM UTC	1400292900000	19	33	no	4.8	290.5	20506	20827	9248	6543	526	43726	983	462	32	4905	3320	1417
May 16, 2014 6:16:00 PM UTC	1400292960000	18	29	no	4.6	290.7	20506	20827	9248	6543	533	43719	973	446	29	4914	3284	1409
May 16, 2014 6:17:00 PM UTC	1400293020000	17	28	no	4.4	290.8	20506	20827	9248	6543	543	43709	955	410	43	4931	3375	1350
May 16, 2014 6:18:00 PM UTC	1400293080000	17	24	no	4.2	291.0	20506	20827	9257	6494	564	43728	958	354	86	4950	3562	1185
May 16, 2014 6:19:00 PM UTC	1400293140000	17	22	no	4.0	291.1	20506	20827	9246	6559	568	43670	923	369	37	4962	3530	1150
May 16, 2014 6:20:00 PM UTC	1400293200000	16	20	no	3.8	291.3	20506	20827	9243	6577	581	43642	903	296	83	4973	3366	1307
May 16, 2014 6:21:00 PM UTC	1400293260000	14	18	no	3.7	291.4	20506	20827	9254	6502	612	43675	908	300	64	4996	3225	1397
May 16, 2014 6:22:00 PM UTC	1400293320000	13	17	no	3.5	291.5	20506	20827	9243	6576	635	43589	874	290	30	5003	3205	1321
May 16, 2014 6:23:00 PM UTC	1400293380000	12	14	no	3.3	291.7	20506	20827	9243	6576	668	43556	862	272	25	5013	2936	1377
May 16, 2014 6:24:00 PM UTC	1400293440000	12	13	no	3.1	291.8	20506	20827	9258	6483	718	43584	869	264	5	5042	2854	1569
