January 5, 2010 7:19:00 AM UTC	1262704740000	2	10	yes	3.0	121.2	20506	20827	9252	6520	669	43602	853	171	93	5042	405	160
January 5, 2010 7:20:00 AM UTC	1262704800000	3	13	yes	3.2	121.4	20506	20827	9255	6494	629	43665	868	257	76	5035	484	612
January 5, 2010 7:21:00 AM UTC	1262704860000	3	17	yes	3.4	121.5	20506	20827	9247	6555	588	43653	861	344	22	5020	554	1273
January 5, 2010 7:22:00 AM UTC	1262704920000	3	22	yes	3.6	121.7	20506	20827	9247	6555	591	43650	878	349	8	5003	625	1676
January 5, 2010 7:23:00 AM UTC	1262704980000	5	26	yes	3.7	121.8	20506	20827	9257	6434	571	43781	911	397	5	5002	1220	1509
January 5, 2010 7:24:00 AM UTC	1262705040000	7	30	yes	3.9	122.0	20506	20827	9242	6535	535	43731	908	426	0	4965	1735	1122
January 5, 2010 7:25:00 AM UTC	1262705100000	8	33	yes	4.1	122.2	20506	20827	9246	6498	525	43774	925	449	3	4961	1935	1132
January 5, 2010 7:26:00 AM UTC	1262705160000	9	37	yes	4.2	122.3	20506	20827	9256	6435	516	43836	956	487	0	4956	2323	1083
January 5, 2010 7:27:00 AM UTC	1262705220000	11	38	yes	4.4	122.5	20506	20827	9247	6493	499	43804	954	499	0	4936	2408	1692
January 5, 2010 7:28:00 AM UTC	1262705280000	11	37	yes	4.6	122.6	20506	20827	9241	6530	482	43790	949	506	1	4924	2537	1892
January 5, 2010 7:29:00 AM UTC	1262705340000	14	33	yes	4.7	122.8	20506	20827	9249	6472	504	43818	984	506	12	4915	2811	1792
January 5, 2010 7:30:00 AM UTC	1262705400000	16	30	yes	4.9	122.9	20506	20827	9249	6503	497	43794	994	526	7	4899	3448	1306
January 5, 2010 7:31:00 AM UTC	1262705460000	18	25	yes	5.1	123.1	20506	20827	9254	6466	476	43847	1023	575	6	4882	3959	816
January 5, 2010 7:32:00 AM UTC	1262705520000	19	22	yes	5.2	123.3	20506	20827	9248	6504	468	43823	1026	582	8	4869	4410	357
January 5, 2010 7:33:00 AM UTC	1262705580000	19	18	yes	5.4	123.4	20506	20827	9248	6504	464	43827	1036	603	1	4857	4429	292
January 5, 2010 7:34:00 AM UTC	1262705640000	19	15	no	5.6	123.6	20506	20827	9248	6504	446	43845	1051	633	1	4843	4426	202
January 5, 2010 7:35:00 AM UTC	1262705700000	19	13	no	5.7	123.7	20506	20827	9243	6543	440	43817	1050	634	3	4828	4293	212
January 5, 2010 7:36:00 AM UTC	1262705760000	19	11	no	5.9	123.9	20506	20827	9248	6504	455	43836	1080	631	14	4812	4201	174
January 5, 2010 7:37:00 AM UTC	1262705820000	20	9	no	6.1	124.1	20506	20827	9248	6504	442	43849	1090	657	9	4809	4088	166
January 5, 2010 7:38:00 AM UTC	1262705880000	20	8	yes	6.2	124.2	20506	20827	9248	6504	441	43850	1105	663	15	4790	3915	247
January 5, 2010 7:39:00 AM UTC	1262705940000	19	7	yes	6.4	124.4	20506	20827	9242	6543	439	43819	1107	677	7	4761	3825	295
January 5, 2010 7:40:00 AM UTC	1262706000000	19	7	yes	6.6	124.6	20506	20827	9246	6487	432	43878	1125	705	5	4771	3806	343
January 5, 2010 7:41:00 AM UTC	1262706060000	19	6	yes	6.7	124.7	20506	20827	9248	6526	432	43837	1147	727	4	4751	3789	333
January 5, 2010 7:42:00 AM UTC	1262706120000	18	5	yes	6.9	124.9	20506	20827	9251	6488	431	43873	1162	741	8	4734	3729	327
January 5, 2010 7:43:00 AM UTC	1262706180000	17	4	yes	7.1	125.0	20506	20827	9251	6488	453	43851	1184	729	17	4736	3721	334
January 5, 2010 7:44:00 AM UTC	1262706240000	16	4	yes	7.2	125.2	20506	20827	9242	6546	443	43812	1172	728	15	4713	3667	253
January 5, 2010 7:45:00 AM UTC	1262706300000	14	3	yes	7.4	125.4	20506	20827	9252	6521	440	43830	1204	755	19	4688	3526	203
January 5, 2010 7:46:00 AM UTC	1262706360000	14	3	yes	7.6	125.5	20506	20827	9251	6527	435	43830	1212	760	26	4691	3377	179
January 5, 2010 7:47:00 AM UTC	1262706420000	12	2	yes	7.7	125.7	20506	20827	9243	6582	441	43777	1212	770	12	4671	3096	256
January 5, 2010 7:48:00 AM UTC	1262706480000	11	2	yes	7.9	125.9	20506	20827	9251	6523	456	43813	1245	783	15	4652	2803	342
January 5, 2010 7:49:00 AM UTC	1262706540000	11	2	yes	8.1	126.0	20506	20827	9245	6565	449	43784	1242	798	3	4645	2507	408
January 5, 2010 7:50:00 AM UTC	1262706600000	9	2	yes	8.2	126.2	20506	20827	9246	6565	432	43800	1258	758	68	4630	2193	429
January 5, 2010 7:51:00 AM UTC	1262706660000	8	2	yes	8.4	126.4	20506	20827	9252	6525	439	43827	1279	709	91	4618	1868	407
January 5, 2010 7:52:00 AM UTC	1262706720000	8	2	yes	8.5	126.5	20506	20827	9246	6565	428	43804	1286	667	103	4596	1662	387
January 5, 2010 7:53:00 AM UTC	1262706780000	7	2	yes	8.7	126.7	20506	20827	9254	6507	427	43855	1315	610	136	4588	1497	408
January 5, 2010 7:54:00 AM UTC	1262706840000	6	2	yes	8.9	126.9	20506	20827	9245	6565	416	43817	1311	506	159	4574	1396	357
January 5, 2010 7:55:00 AM UTC	1262706900000	6	1	yes	9.0	127.0	20506	20827	9245	6565	419	43814	1324	448	123	4561	1252	283
January 5, 2010 7:56:00 AM UTC	1262706960000	5	1	yes	9.2	127.2	20506	20827	9255	6454	418	43916	1361	374	132	4549	1157	247
January 5, 2010 7:57:00 AM UTC	1262707020000	4	1	yes	9.3	127.4	20506	20827	9247	6509	429	43858	1358	275	103	4535	1038	256
January 5, 2010 7:58:00 AM UTC	1262707080000	4	1	yes	9.5	127.5	20506	20827	9247	6509	425	43862	1366	204	155	4526	931	201
January 5, 2010 7:59:00 AM UTC	1262707140000	3	1	yes	9.7	127.7	20506	20827	9247	6538	419	43839	1382	173	136	4507	832	177
January 5, 2010 8:00:00 AM UTC	1262707200000	3	1	yes	9.8	127.9	20506	20827	9248	6538	424	43833	1389	196	77	4502	762	140
January 5, 2010 8:01:00 AM UTC	1262707260000	3	1	yes	10.0	128.0	20506	20827	9255	6496	429	43863	1426	168	75	4483	692	116
January 5, 2010 8:02:00 AM UTC	1262707320000	3	1	yes	10.1	128.2	20506	20827	9248	6538	421	43836	1423	147	71	4468	647	96
January 5, 2010 8:03:00 AM UTC	1262707380000	2	1	yes	10.3	128.4	20506	20827	9248	6538	424	43833	1435	146	54	4453	585	110
January 5, 2010 8:04:00 AM UTC	1262707440000	2	1	yes	10.4	128.6	20506	20827	9247	6539	428	43829	1446	106	42	4442	518	110
January 5, 2010 8:05:00 AM UTC	1262707500000	2	0	yes	10.6	128.7	20506	20827	9247	6539	424	43833	1459	100	39	4431	472	88
January 5, 2010 8:06:00 AM UTC	1262707560000	2	1	yes	10.8	128.9	20506	20827	9247	6539	417	43840	1477	88	48	4413	409	178
January 5, 2010 8:07:00 AM UTC	1262707620000	1	1	yes	10.9	129.1	20506	20827	9247	6539	400	43857	1480	111	28	4408	366	174
January 5, 2010 8:08:00 AM UTC	1262707680000	1	1	yes	11.1	129.3	20506	20827	9240	6586	403	43814	1482	86	22	4390	309	126
January 5, 2010 8:09:00 AM UTC	1262707740000	1	1	yes	11.2	129.4	20506	20827	9255	6487	434	43867	1532	86	28	4376	277	117
January 5, 2010 8:10:00 AM UTC	1262707800000	1	1	yes	11.4	129.6	20506	20827	9246	6539	430	43828	1529	69	30	4360	225	171
January 5, 2010 8:11:00 AM UTC	1262707860000	1	1	yes	11.5	129.8	20506	20827	9241	6530	417	43855	1525	47	31	4354	204	259
January 5, 2010 8:12:00 AM UTC	1262707920000	1	1	yes	11.7	130.0	20506	20827	9249	6474	422	43898	1560	59	45	4339	184	285
January 5, 2010 8:13:00 AM UTC	1262707980000	1	1	yes	11.8	130.1	20506	20827	9246	6529	418	43850	1566	64	92	4327	166	254
January 5, 2010 8:14:00 AM UTC	1262708040000	1	1	yes	12.0	130.3	20506	20827	9240	6574	412	43817	1560	74	113	4312	147	215
January 5, 2010 8:15:00 AM UTC	1262708100000	1	1	yes	12.2	130.5	20506	20827	9249	6519	419	43856	1591	93	100	4301	94	218
January 5, 2010 8:16:00 AM UTC	1262708160000	1	1	yes	12.3	130.7	20506	20827	9249	6519	416	43859	1605	88	116	4290	60	200
January 5, 2010 8:17:00 AM UTC	1262708220000	0	1	yes	12.5	130.8	20506	20827	9249	6519	411	43864	1623	89	101	4270	17	146
January 5, 2010 8:18:00 AM UTC	1262708280000	0	1	yes	12.6	131.0	20506	20827	9249	6519	408	43867	1629	89	100	4265	19	145
January 5, 2010 8:19:00 AM UTC	1262708340000	0	1	yes	12.8	131.2	20506	20827	9249	6519	408	43867	1641	79	109	4252	12	113
January 5, 2010 8:20:00 AM UTC	1262708400000	0	0	yes	12.9	131.4	20506	20827	9243	6564	399	43837	1641	96	75	4238	2	95
January 5, 2010 8:21:00 AM UTC	1262708460000	1	1	yes	13.1	131.6	20506	20827	9250	6518	404	43871	1671	101	139	4224	1	81
January 5, 2010 8:22:00 AM UTC	1262708520000	1	0	yes	13.2	131.7	20506	20827	9243	6564	396	43840	1664	101	95	4215	1	73
January 5, 2010 8:23:00 AM UTC	1262708580000	0	0	yes	13.4	131.9	20506	20827	9243	6563	389	43848	1673	58	90	4207	0	41
January 5, 2010 8:24:00 AM UTC	1262708640000	0	0	yes	13.5	132.1	20506	20827	9243	6563	386	43851	1688	49	77	4195	0	37
January 5, 2010 8:25:00 AM UTC	1262708700000	0	0	yes	13.7	132.3	20506	20827	9251	6462	398	43932	1728	75	77	4185	0	24
January 5, 2010 8:26:00 AM UTC	1262708760000	0	0	yes	13.8	132.5	20506	20827	9251	6510	388	43894	1738	67	65	4169	0	3
January 5, 2010 8:27:00 AM UTC	1262708820000	0	0	yes	14.0	132.6	20506	20827	9243	6562	378	43860	1722	67	77	4168	0	10
January 5, 2010 8:28:00 AM UTC	1262708880000	0	0	yes	14.1	132.8	20506	20827	9251	6581	383	43828	1752	89	56	4157	0	0
January 5, 2010 8:29:00 AM UTC	1262708940000	0	0	yes	14.2	133.0	20506	20827	9251	6581	379	43832	1764	38	35	4143	0	2
January 5, 2010 8:30:00 AM UTC	1262709000000	0	0	yes	14.4	133.2	20506	20827	9250	6587	377	43829	1776	49	32	4130	0	0
January 5, 2010 8:31:00 AM UTC	1262709060000	0	0	yes	14.5	133.4	20506	20827	9244	6628	363	43808	1769	55	28	4120	0	0
January 5, 2010 8:32:00 AM UTC	1262709120000	0	0	yes	14.7	133.6	20506	20827	9251	6580	369	43843	1798	59	30	4116	0	0
January 5, 2010 8:33:00 AM UTC	1262709180000	0	0	yes	14.8	133.7	20506	20827	9251	6577	362	43853	1816	73	56	4101	0	16
January 5, 2010 8:34:00 AM UTC	1262709240000	0	0	yes	15.0	133.9	20506	20827	9244	6628	354	43817	1806	77	23	4091	0	5
January 5, 2010 8:35:00 AM UTC	1262709300000	0	0	yes	15.1	134.1	20506	20827	9251	6580	359	43853	1837	86	20	4086	0	2
January 5, 2010 8:36:00 AM UTC	1262709360000	0	0	yes	15.3	134.3	20506	20827	9251	6577	352	43863	1843	48	54	4083	0	22
January 5, 2010 8:37:00 AM UTC	1262709420000	0	0	yes	15.4	134.5	20506	20827	9244	6628	337	43834	1838	46	47	4069	0	20
January 5, 2010 8:38:00 AM UTC	1262709480000	0	0	yes	15.5	134.7	20506	20827	9243	6625	338	43837	1852	67	39	4061	0	27
January 5, 2010 8:39:00 AM UTC	1262709540000	0	0	yes	15.7	134.9	20506	20827	9252	6571	341	43879	1892	70	46	4047	0	27
January 5, 2010 8:40:00 AM UTC	1262709600000	0	0	yes	15.8	135.1	20506	20827	9244	6623	324	43852	1871	72	44	4049	0	29
January 5, 2010 8:41:00 AM UTC	1262709660000	0	0	yes	16.0	135.2	20506	20827	9244	6620	323	43856	1887	80	27	4036	0	0
January 5, 2010 8:42:00 AM UTC	1262709720000	0	0	yes	16.1	135.4	20506	20827	9253	6570	329	43891	1921	48	40	4030	0	46
January 5, 2010 8:43:00 AM UTC	1262709780000	0	0	yes	16.3	135.6	20506	20827	9245	6620	317	43861	1908	49	19	4022	0	0
January 5, 2010 8:44:00 AM UTC	1262709840000	0	0	yes	16.4	135.8	20506	20827	9245	6620	308	43870	1920	65	22	4015	0	2
January 5, 2010 8:45:00 AM UTC	1262709900000	0	0	yes	16.5	136.0	20506	20827	9254	6517	317	43955	1957	86	23	4013	0	4
January 5, 2010 8:46:00 AM UTC	1262709960000	0	0	yes	16.7	136.2	20506	20827	9245	6617	301	43880	1945	89	20	3998	0	7
January 5, 2010 8:47:00 AM UTC	1262710020000	0	0	yes	16.8	136.4	20506	20827	9245	6620	299	43879	1952	88	25	3995	0	0
January 5, 2010 8:48:00 AM UTC	1262710080000	0	0	yes	17.0	136.6	20506	20827	9245	6620	293	43885	1964	47	26	3985	0	5
January 5, 2010 8:49:00 AM UTC	1262710140000	0	0	yes	17.1	136.8	20506	20827	9253	6571	299	43920	1991	60	27	3986	0	2
January 5, 2010 8:50:00 AM UTC	1262710200000	0	0	yes	17.2	137.0	20506	20827	9253	6571	295	43924	2007	65	36	3975	0	3
January 5, 2010 8:51:00 AM UTC	1262710260000	0	0	yes	17.4	137.2	20506	20827	9253	6570	292	43928	2020	91	29	3968	0	0
January 5, 2010 8:52:00 AM UTC	1262710320000	0	0	yes	17.5	137.4	20506	20827	9253	6579	286	43925	2028	76	42	3959	0	3
January 5, 2010 8:53:00 AM UTC	1262710380000	0	0	yes	17.6	137.6	20506	20827	9245	6630	274	43894	2017	83	33	3957	0	9
January 5, 2010 8:54:00 AM UTC	1262710440000	0	0	yes	17.8	137.8	20506	20827	9251	6580	282	43930	2050	65	22	3952	0	21
January 5, 2010 8:55:00 AM UTC	1262710500000	0	0	yes	17.9	138.0	20506	20827	9244	6631	265	43903	2039	63	37	3946	0	59
January 5, 2010 8:56:00 AM UTC	1262710560000	0	0	yes	18.0	138.2	20506	20827	9244	6631	260	43908	2048	59	26	3940	0	21
January 5, 2010 8:57:00 AM UTC	1262710620000	0	0	yes	18.2	138.4	20506	20827	9260	6467	273	44043	2115	90	39	3929	0	20
January 5, 2010 8:58:00 AM UTC	1262710680000	0	0	yes	18.3	138.5	20506	20827	9247	6566	250	43980	2072	101	52	3933	0	33
January 5, 2010 8:59:00 AM UTC	1262710740000	1	0	yes	18.4	138.7	20506	20827	9253	6522	250	44018	2107	117	36	3926	0	21
January 5, 2010 9:00:00 AM UTC	1262710800000	0	0	yes	18.6	138.9	20506	20827	9253	6522	246	44022	2116	68	38	3920	0	5
January 5, 2010 9:01:00 AM UTC	1262710860000	0	0	yes	18.7	139.1	20506	20827	9246	6569	233	43995	2109	57	55	3914	0	30
January 5, 2010 9:02:00 AM UTC	1262710920000	0	0	yes	18.8	139.3	20506	20827	9244	6574	225	44000	2113	64	60	3913	0	33
January 5, 2010 9:03:00 AM UTC	1262710980000	0	0	yes	19.0	139.5	20506	20827	9253	6522	226	44042	2151	86	51	3904	0	30
January 5, 2010 9:04:00 AM UTC	1262711040000	0	1	yes	19.1	139.8	20506	20827	9245	6627	206	43965	2119	87	54	3908	0	96
January 5, 2010 9:05:00 AM UTC	1262711100000	0	0	yes	19.2	140.0	20506	20827	9247	6579	204	44013	2145	43	43	3896	0	13
January 5, 2010 9:06:00 AM UTC	1262711160000	0	0	yes	19.4	140.2	20506	20827	9254	6530	204	44055	2174	51	47	3894	0	22
January 5, 2010 9:07:00 AM UTC	1262711220000	0	0	yes	19.5	140.4	20506	20827	9253	6541	201	44048	2182	62	47	3883	0	68
January 5, 2010 9:08:00 AM UTC	1262711280000	0	0	yes	19.6	140.6	20506	20827	9253	6541	191	44058	2193	58	61	3885	0	37
January 5, 2010 9:09:00 AM UTC	1262711340000	0	0	yes	19.7	140.8	20506	20827	9247	6586	178	44032	2177	75	51	3883	0	37
January 5, 2010 9:10:00 AM UTC	1262711400000	0	0	yes	19.9	141.0	20506	20827	9254	6541	181	44067	2209	87	58	3878	0	26
January 5, 2010 9:11:00 AM UTC	1262711460000	0	0	yes	20.0	141.2	20506	20827	9254	6541	171	44077	2218	45	48	3876	0	38
January 5, 2010 9:12:00 AM UTC	1262711520000	0	0	yes	20.1	141.4	20506	20827	9253	6541	172	44077	2232	55	39	3868	0	17
January 5, 2010 9:13:00 AM UTC	1262711580000	0	0	yes	20.2	141.6	20506	20827	9244	6594	153	44052	2216	67	67	3867	0	40
January 5, 2010 9:14:00 AM UTC	1262711640000	0	0	yes	20.4	141.8	20506	20827	9253	6541	155	44094	2245	74	57	3869	0	37
January 5, 2010 9:15:00 AM UTC	1262711700000	0	0	yes	20.5	142.0	20506	20827	9251	6551	144	44097	2246	97	48	3865	0	30
January 5, 2010 9:16:00 AM UTC	1262711760000	0	0	yes	20.6	142.2	20506	20827	9244	6653	132	44014	2232	89	77	3855	0	28
January 5, 2010 9:17:00 AM UTC	1262711820000	0	0	yes	20.7	142.4	20506	20827	9243	6614	127	44059	2243	42	49	3859	0	38
January 5, 2010 9:18:00 AM UTC	1262711880000	0	0	yes	20.9	142.6	20506	20827	9250	6571	132	44090	2282	56	35	3851	0	31
January 5, 2010 9:19:00 AM UTC	1262711940000	0	0	yes	21.0	142.8	20506	20827	9258	6516	132	44137	2315	78	35	3850	0	32
January 5, 2010 9:20:00 AM UTC	1262712000000	0	0	yes	21.1	143.1	20506	20827	9250	6571	118	44104	2291	94	45	3853	0	35
January 5, 2010 9:21:00 AM UTC	1262712060000	0	0	yes	21.2	143.3	20506	20827	9250	6571	109	44113	2305	93	46	3845	0	26
January 5, 2010 9:22:00 AM UTC	1262712120000	0	0	yes	21.3	143.5	20506	20827	9249	6571	104	44119	2316	29	40	3840	0	19
January 5, 2010 9:23:00 AM UTC	1262712180000	0	0	yes	21.5	143.7	20506	20827	9254	6529	103	44157	2345	52	61	3841	0	25
January 5, 2010 9:24:00 AM UTC	1262712240000	0	0	yes	21.6	143.9	20506	20827	9250	6570	92	44131	2330	67	42	3839	0	23
January 5, 2010 9:25:00 AM UTC	1262712300000	0	0	yes	21.7	144.1	20506	20827	9250	6570	84	44139	2334	72	54	3833	0	1
January 5, 2010 9:26:00 AM UTC	1262712360000	0	1	yes	21.8	144.3	20506	20827	9249	6570	72	44152	2342	94	105	3846	0	10
January 5, 2010 9:27:00 AM UTC	1262712420000	0	0	yes	21.9	144.5	20506	20827	9256	6528	71	44188	2379	112	54	3818	0	8
January 5, 2010 9:28:00 AM UTC	1262712480000	0	0	yes	22.0	144.8	20506	20827	9247	6610	56	44130	2349	50	33	3833	0	9
January 5, 2010 9:29:00 AM UTC	1262712540000	0	1	yes	22.2	145.0	20506	20827	9255	6553	52	44183	2395	69	46	3839	0	3
January 5, 2010 9:30:00 AM UTC	1262712600000	0	1	yes	22.3	145.2	20506	20827	9247	6610	38	44148	2367	71	42	3822	0	7
January 5, 2010 9:31:00 AM UTC	1262712660000	0	1	yes	22.4	145.4	20506	20827	9263	6512	42	44226	2422	129	75	3834	0	7
January 5, 2010 9:32:00 AM UTC	1262712720000	0	1	yes	22.5	145.6	20506	20827	9247	6610	27	44159	2381	118	83	3815	0	6
January 5, 2010 9:33:00 AM UTC	1262712780000	0	1	yes	22.6	145.8	20506	20827	9247	6610	18	44168	2393	25	81	3822	0	6
January 5, 2010 9:34:00 AM UTC	1262712840000	0	1	yes	22.7	146.1	20506	20827	9254	6575	16	44198	2421	70	47	3819	0	11
January 5, 2010 9:35:00 AM UTC	1262712900000	0	1	yes	22.8	146.3	20506	20827	9246	6567	10	44220	2409	77	45	3811	0	7
January 5, 2010 9:36:00 AM UTC	1262712960000	0	1	yes	23.0	146.5	20506	20827	9250	6548	5	44240	2425	117	45	3819	0	7
January 5, 2010 9:37:00 AM UTC	1262713020000	0	1	yes	23.1	146.7	20506	20827	9246	6569	2	44226	2416	123	53	3815	0	8
January 5, 2010 9:38:00 AM UTC	1262713080000	1	1	yes	23.2	146.9	20506	20827	9255	6512	2	44274	2454	161	64	3811	0	10
January 5, 2010 9:39:00 AM UTC	1262713140000	0	1	yes	23.3	147.2	20506	20827	9252	6531	0	44260	2450	78	47	3816	0	2
January 5, 2010 9:40:00 AM UTC	1262713200000	0	1	yes	23.4	147.4	20506	20827	9249	6581	0	44213	2443	75	68	3810	0	14
January 5, 2010 9:41:00 AM UTC	1262713260000	0	1	yes	23.5	147.6	20506	20827	9245	6598	0	44200	2443	92	58	3812	0	0
January 5, 2010 9:42:00 AM UTC	1262713320000	1	1	yes	23.6	147.8	20506	20827	9251	6561	0	44231	2476	119	78	3811	2	31
January 5, 2010 9:43:00 AM UTC	1262713380000	1	1	yes	23.7	148.1	20506	20827	9252	6561	0	44230	2477	160	48	3811	7	54
January 5, 2010 9:44:00 AM UTC	1262713440000	0	1	yes	23.8	148.3	20506	20827	9247	6599	0	44197	2463	50	43	3808	16	123
January 5, 2010 9:45:00 AM UTC	1262713500000	1	1	yes	23.9	148.5	20506	20827	9252	6561	0	44230	2492	101	54	3808	43	166
January 5, 2010 9:46:00 AM UTC	1262713560000	1	1	yes	24.0	148.7	20506	20827	9252	6561	0	44230	2504	107	46	3802	91	175
January 5, 2010 9:47:00 AM UTC	1262713620000	1	1	yes	24.1	149.0	20506	20827	9252	6560	0	44231	2510	125	73	3809	142	206
January 5, 2010 9:48:00 AM UTC	1262713680000	1	1	yes	24.2	149.2	20506	20827	9252	6560	0	44231	2521	155	89	3804	223	203
January 5, 2010 9:49:00 AM UTC	1262713740000	1	1	yes	24.3	149.4	20506	20827	9252	6560	0	44231	2520	105	146	3807	240	207
January 5, 2010 9:50:00 AM UTC	1262713800000	1	1	yes	24.4	149.6	20506	20827	9248	6583	0	44212	2510	154	145	3810	216	189
January 5, 2010 9:51:00 AM UTC	1262713860000	1	1	yes	24.5	149.9	20506	20827	9256	6557	0	44230	2549	194	159	3803	198	173
January 5, 2010 9:52:00 AM UTC	1262713920000	1	1	yes	24.6	150.1	20506	20827	9248	6617	0	44178	2515	215	136	3814	162	167
January 5, 2010 9:53:00 AM UTC	1262713980000	1	1	yes	24.7	150.3	20506	20827	9247	6618	0	44178	2526	244	147	3807	122	164
January 5, 2010 9:54:00 AM UTC	1262714040000	1	1	yes	24.8	150.5	20506	20827	9247	6618	0	44178	2528	283	159	3816	111	149
January 5, 2010 9:55:00 AM UTC	1262714100000	1	1	yes	24.9	150.8	20506	20827	9247	6618	0	44178	2540	171	138	3808	102	125
January 5, 2010 9:56:00 AM UTC	1262714160000	1	1	yes	25.0	151.0	20506	20827	9253	6583	0	44207	2565	224	135	3813	80	131
January 5, 2010 9:57:00 AM UTC	1262714220000	1	1	yes	25.1	151.2	20506	20827	9253	6583	0	44207	2569	209	152	3810	81	120
January 5, 2010 9:58:00 AM UTC	1262714280000	1	1	yes	25.2	151.5	20506	20827	9247	6617	0	44179	2554	203	185	3810	74	112
January 5, 2010 9:59:00 AM UTC	1262714340000	1	1	yes	25.3	151.7	20506	20827	9242	6644	0	44157	2548	238	175	3809	60	121
January 5, 2010 10:00:00 AM UTC	1262714400000	0	1	yes	25.4	151.9	20506	20827	9251	6583	0	44209	2587	132	169	3811	49	111
January 5, 2010 10:01:00 AM UTC	1262714460000	0	1	yes	25.5	152.2	20506	20827	9245	6569	0	44229	2578	128	178	3810	56	97
January 5, 2010 10:02:00 AM UTC	1262714520000	1	1	yes	25.6	152.4	20506	20827	9254	6510	0	44279	2611	159	212	3814	50	101
January 5, 2010 10:03:00 AM UTC	1262714580000	0	1	yes	25.7	152.6	20506	20827	9244	6637	0	44162	2576	159	183	3810	38	97
January 5, 2010 10:04:00 AM UTC	1262714640000	1	1	yes	25.8	152.9	20506	20827	9244	6636	0	44163	2575	178	161	3815	45	75
January 5, 2010 10:05:00 AM UTC	1262714700000	0	1	yes	25.9	153.1	20506	20827	9249	6603	0	44191	2595	70	166	3813	26	88
January 5, 2010 10:06:00 AM UTC	1262714760000	0	1	yes	26.0	153.3	20506	20827	9248	6604	0	44191	2604	100	167	3812	40	57
January 5, 2010 10:07:00 AM UTC	1262714820000	0	1	yes	26.1	153.6	20506	20827	9243	6636	0	44164	2586	84	162	3821	23	66
January 5, 2010 10:08:00 AM UTC	1262714880000	1	1	yes	26.1	153.8	20506	20827	9248	6604	0	44191	2619	153	178	3812	41	27
January 5, 2010 10:09:00 AM UTC	1262714940000	1	1	yes	26.2	154.1	20506	20827	9259	6543	0	44241	2653	172	188	3822	19	33
January 5, 2010 10:10:00 AM UTC	1262715000000	0	1	yes	26.3	154.3	20506	20827	9248	6604	0	44191	2625	67	140	3821	23	28
January 5, 2010 10:11:00 AM UTC	1262715060000	0	1	yes	26.4	154.5	20506	20827	9252	6573	0	44218	2650	108	147	3823	10	22
January 5, 2010 10:12:00 AM UTC	1262715120000	0	0	yes	26.5	154.8	20506	20827	9252	6552	0	44239	2654	117	114	3823	6	17
January 5, 2010 10:13:00 AM UTC	1262715180000	0	0	yes	26.6	155.0	20506	20827	9247	6582	0	44214	2639	149	91	3826	1	20
January 5, 2010 10:14:00 AM UTC	1262715240000	0	1	yes	26.7	155.3	20506	20827	9252	6618	0	44173	2647	147	105	3823	0	11
January 5, 2010 10:15:00 AM UTC	1262715300000	0	0	yes	26.8	155.5	20506	20827	9250	6618	0	44175	2654	54	94	3822	0	6
January 5, 2010 10:16:00 AM UTC	1262715360000	0	0	yes	26.8	155.7	20506	20827	9241	6681	0	44121	2625	65	60	3829	0	3
January 5, 2010 10:17:00 AM UTC	1262715420000	0	0	yes	26.9	156.0	20506	20827	9254	6587	0	44202	2684	115	59	3827	0	0
January 5, 2010 10:18:00 AM UTC	1262715480000	0	0	yes	27.0	156.2	20506	20827	9240	6681	0	44122	2639	112	54	3828	0	3
January 5, 2010 10:19:00 AM UTC	1262715540000	0	0	yes	27.1	156.5	20506	20827	9241	6680	0	44122	2637	151	44	3835	0	2
January 5, 2010 10:20:00 AM UTC	1262715600000	0	0	yes	27.2	156.7	20506	20827	9245	6650	0	44148	2663	47	43	3831	0	3
January 5, 2010 10:21:00 AM UTC	1262715660000	0	0	yes	27.2	157.0	20506	20827	9245	6609	0	44189	2665	96	40	3838	0	2
January 5, 2010 10:22:00 AM UTC	1262715720000	0	0	yes	27.3	157.2	20506	20827	9256	6523	0	44264	2712	130	39	3838	0	3
January 5, 2010 10:23:00 AM UTC	1262715780000	0	1	yes	27.4	157.4	20506	20827	9250	6563	0	44230	2697	134	43	3836	0	5
January 5, 2010 10:24:00 AM UTC	1262715840000	0	1	yes	27.5	157.7	20506	20827	9244	6592	0	44207	2679	184	27	3846	0	0
January 5, 2010 10:25:00 AM UTC	1262715900000	0	1	yes	27.5	157.9	20506	20827	9244	6592	0	44207	2691	50	37	3838	0	0
January 5, 2010 10:26:00 AM UTC	1262715960000	0	1	yes	27.6	158.2	20506	20827	9247	6632	0	44164	2688	89	37	3849	0	0
January 5, 2010 10:27:00 AM UTC	1262716020000	0	1	yes	27.7	158.4	20506	20827	9239	6696	0	44108	2664	86	36	3841	0	0
January 5, 2010 10:28:00 AM UTC	1262716080000	0	1	yes	27.8	158.7	20506	20827	9249	6633	0	44161	2698	120	38	3848	0	0
January 5, 2010 10:29:00 AM UTC	1262716140000	0	1	yes	27.8	158.9	20506	20827	9238	6697	0	44108	2672	131	37	3847	0	0
January 5, 2010 10:30:00 AM UTC	1262716200000	0	1	yes	27.9	159.2	20506	20827	9251	6606	0	44186	2721	50	48	3851	0	0
January 5, 2010 10:31:00 AM UTC	1262716260000	0	1	yes	28.0	159.4	20506	20827	9249	6554	0	44240	2727	85	46	3853	0	0
January 5, 2010 10:32:00 AM UTC	1262716320000	0	1	yes	28.1	159.7	20506	20827	9239	6604	0	44200	2695	93	39	3853	0	19
January 5, 2010 10:33:00 AM UTC	1262716380000	0	1	yes	28.1	159.9	20506	20827	9253	6514	0	44276	2745	140	45	3862	0	15
January 5, 2010 10:34:00 AM UTC	1262716440000	0	1	yes	28.2	160.2	20506	20827	9243	6578	0	44222	2718	140	46	3854	0	31
January 5, 2010 10:35:00 AM UTC	1262716500000	0	2	yes	28.3	160.4	20506	20827	9243	6579	0	44221	2724	63	154	3858	0	144
January 5, 2010 10:36:00 AM UTC	1262716560000	1	3	yes	28.3	160.7	20506	20827	9256	6490	0	44297	2779	254	324	3856	43	222
January 5, 2010 10:37:00 AM UTC	1262716620000	1	2	yes	28.4	160.9	20506	20827	9246	6555	0	44242	2745	433	304	3865	93	276
January 5, 2010 10:38:00 AM UTC	1262716680000	2	3	yes	28.5	161.2	20506	20827	9245	6628	0	44170	2727	584	236	3863	104	470
January 5, 2010 10:39:00 AM UTC	1262716740000	2	3	yes	28.5	161.4	20506	20827	9243	6610	0	44190	2726	631	234	3864	104	533
January 5, 2010 10:40:00 AM UTC	1262716800000	2	2	yes	28.6	161.7	20506	20827	9246	6589	0	44208	2737	552	294	3870	191	482
January 5, 2010 10:41:00 AM UTC	1262716860000	2	3	yes	28.6	161.9	20506	20827	9246	6589	0	44208	2744	591	374	3868	211	529
January 5, 2010 10:42:00 AM UTC	1262716920000	2	3	yes	28.7	162.2	20506	20827	9246	6589	0	44208	2745	587	474	3868	204	603
January 5, 2010 10:43:00 AM UTC	1262716980000	2	2	yes	28.8	162.4	20506	20827	9246	6578	0	44219	2755	738	372	3871	233	478
January 5, 2010 10:44:00 AM UTC	1262717040000	2	2	yes	28.8	162.7	20506	20827	9239	6624	0	44180	2725	672	331	3871	250	355
January 5, 2010 10:45:00 AM UTC	1262717100000	2	2	yes	28.9	162.9	20506	20827	9250	6556	0	44237	2768	736	346	3878	246	288
January 5, 2010 10:46:00 AM UTC	1262717160000	2	2	yes	28.9	163.2	20506	20827	9250	6556	0	44237	2775	770	346	3875	190	236
January 5, 2010 10:47:00 AM UTC	1262717220000	2	2	yes	29.0	163.5	20506	20827	9240	6622	0	44181	2734	735	374	3882	143	212
January 5, 2010 10:48:00 AM UTC	1262717280000	2	2	yes	29.1	163.7	20506	20827	9250	6556	0	44237	2779	735	427	3883	131	189
January 5, 2010 10:49:00 AM UTC	1262717340000	2	2	yes	29.1	164.0	20506	20827	9241	6622	0	44180	2745	594	414	3880	104	181
January 5, 2010 10:50:00 AM UTC	1262717400000	1	2	yes	29.2	164.2	20506	20827	9239	6694	0	44110	2720	527	485	3888	74	160
January 5, 2010 10:51:00 AM UTC	1262717460000	1	2	yes	29.2	164.5	20506	20827	9252	6608	0	44183	2781	540	526	3878	67	216
January 5, 2010 10:52:00 AM UTC	1262717520000	1	2	yes	29.3	164.7	20506	20827	9242	6675	0	44126	2737	517	647	3890	70	270
January 5, 2010 10:53:00 AM UTC	1262717580000	2	3	yes	29.3	165.0	20506	20827	9242	6667	0	44134	2757	574	871	3882	76	260
January 5, 2010 10:54:00 AM UTC	1262717640000	1	4	yes	29.4	165.3	20506	20827	9252	6570	0	44221	2788	539	1152	3896	49	248
January 5, 2010 10:55:00 AM UTC	1262717700000	2	5	yes	29.4	165.5	20506	20827	9245	6618	0	44180	2772	773	1274	3886	30	288
January 5, 2010 10:56:00 AM UTC	1262717760000	2	5	yes	29.5	165.8	20506	20827	9245	6618	0	44180	2768	1010	1177	3891	24	379
January 5, 2010 10:57:00 AM UTC	1262717820000	3	5	yes	29.5	166.0	20506	20827	9245	6618	0	44180	2772	1226	1082	3894	15	519
January 5, 2010 10:58:00 AM UTC	1262717880000	3	5	yes	29.6	166.3	20506	20827	9245	6618	0	44180	2778	1256	1075	3893	11	539
January 5, 2010 10:59:00 AM UTC	1262717940000	3	5	yes	29.6	166.5	20506	20827	9246	6617	0	44180	2770	1241	1042	3903	29	570
January 5, 2010 11:00:00 AM UTC	1262718000000	3	5	yes	29.7	166.8	20506	20827	9246	6617	0	44180	2779	1251	1079	3894	50	527
January 5, 2010 11:01:00 AM UTC	1262718060000	3	5	yes	29.7	167.1	20506	20827	9245	6617	0	44181	2779	1270	1110	3903	45	507
January 5, 2010 11:02:00 AM UTC	1262718120000	3	6	yes	29.8	167.3	20506	20827	9245	6611	0	44187	2782	1337	1084	3902	48	483
January 5, 2010 11:03:00 AM UTC	1262718180000	3	5	yes	29.8	167.6	20506	20827	9247	6591	0	44205	2796	1442	1022	3902	41	403
January 5, 2010 11:04:00 AM UTC	1262718240000	3	6	yes	29.9	167.9	20506	20827	9247	6591	0	44205	2795	1408	1038	3909	35	468
January 5, 2010 11:05:00 AM UTC	1262718300000	3	6	yes	29.9	168.1	20506	20827	9247	6591	0	44205	2804	1396	1102	3903	40	478
January 5, 2010 11:06:00 AM UTC	1262718360000	3	7	yes	29.9	168.4	20506	20827	9247	6591	0	44205	2795	1409	1114	3910	51	425
January 5, 2010 11:07:00 AM UTC	1262718420000	4	7	yes	30.0	168.6	20506	20827	9246	6591	0	44206	2803	1452	1061	3914	67	454
January 5, 2010 11:08:00 AM UTC	1262718480000	4	6	yes	30.0	168.9	20506	20827	9249	6550	0	44244	2812	1538	933	3921	78	506
January 5, 2010 11:09:00 AM UTC	1262718540000	4	7	yes	30.1	169.2	20506	20827	9249	6550	0	44244	2814	1586	968	3909	73	663
January 5, 2010 11:10:00 AM UTC	1262718600000	4	7	yes	30.1	169.4	20506	20827	9249	6550	0	44244	2819	1601	969	3913	77	756
January 5, 2010 11:11:00 AM UTC	1262718660000	4	6	yes	30.1	169.7	20506	20827	9249	6550	0	44244	2817	1659	865	3921	106	909
January 5, 2010 11:12:00 AM UTC	1262718720000	4	6	yes	30.2	170.0	20506	20827	9239	6624	0	44180	2777	1711	694	3914	119	952
January 5, 2010 11:13:00 AM UTC	1262718780000	4	6	yes	30.2	170.2	20506	20827	9251	6537	0	44255	2831	1717	670	3921	139	1001
January 5, 2010 11:14:00 AM UTC	1262718840000	4	6	yes	30.2	170.5	20506	20827	9252	6537	0	44254	2830	1711	560	3920	170	969
January 5, 2010 11:15:00 AM UTC	1262718900000	4	7	yes	30.3	170.7	20506	20827	9241	6680	0	44122	2770	1630	619	3924	225	822
January 5, 2010 11:16:00 AM UTC	1262718960000	4	7	yes	30.3	171.0	20506	20827	9250	6609	0	44184	2814	1581	917	3924	192	836
January 5, 2010 11:17:00 AM UTC	1262719020000	4	8	yes	30.3	171.3	20506	20827	9251	6614	0	44178	2815	1548	902	3926	189	819
January 5, 2010 11:18:00 AM UTC	1262719080000	4	8	yes	30.4	171.5	20506	20827	9243	6664	0	44136	2781	1471	944	3931	175	771
January 5, 2010 11:19:00 AM UTC	1262719140000	4	9	yes	30.4	171.8	20506	20827	9253	6601	0	44189	2824	1463	933	3929	157	802
January 5, 2010 11:20:00 AM UTC	1262719200000	4	9	yes	30.4	172.1	20506	20827	9254	6599	0	44190	2825	1507	905	3924	131	800
January 5, 2010 11:21:00 AM UTC	1262719260000	4	8	yes	30.4	172.3	20506	20827	9244	6646	0	44153	2790	1555	848	3927	165	956
January 5, 2010 11:22:00 AM UTC	1262719320000	4	9	yes	30.5	172.6	20506	20827	9245	6646	0	44152	2782	1578	858	3935	164	1186
January 5, 2010 11:23:00 AM UTC	1262719380000	4	13	yes	30.5	172.9	20506	20827	9255	6581	0	44207	2838	1410	1080	3934	214	1557
January 5, 2010 11:24:00 AM UTC	1262719440000	3	15	yes	30.5	173.1	20506	20827	9247	6561	0	44235	2811	1226	1348	3940	251	1863
January 5, 2010 11:25:00 AM UTC	1262719500000	4	15	yes	30.5	173.4	20506	20827	9248	6564	0	44231	2817	1354	1261	3934	244	1949
January 5, 2010 11:26:00 AM UTC	1262719560000	4	14	yes	30.6	173.7	20506	20827	9259	6493	0	44291	2855	1593	1099	3939	252	1838
January 5, 2010 11:27:00 AM UTC	1262719620000	5	14	yes	30.6	173.9	20506	20827	9248	6560	0	44235	2820	1773	932	3937	312	1698
January 5, 2010 11:28:00 AM UTC	1262719680000	5	14	yes	30.6	174.2	20506	20827	9247	6639	0	44157	2796	1745	955	3935	433	1517
January 5, 2010 11:29:00 AM UTC	1262719740000	5	16	yes	30.6	174.5	20506	20827	9256	6571	0	44216	2840	1859	905	3938	472	1644
January 5, 2010 11:30:00 AM UTC	1262719800000	6	16	yes	30.6	174.7	20506	20827	9248	6633	0	44162	2807	1928	812	3935	509	1798
January 5, 2010 11:31:00 AM UTC	1262719860000	7	15	yes	30.7	175.0	20506	20827	9247	6633	0	44163	2799	2214	536	3939	683	1676
January 5, 2010 11:32:00 AM UTC	1262719920000	7	14	yes	30.7	175.3	20506	20827	9246	6638	0	44159	2804	2257	504	3940	699	1851
January 5, 2010 11:33:00 AM UTC	1262719980000	8	13	yes	30.7	175.5	20506	20827	9247	6611	0	44185	2799	2220	552	3945	920	1798
January 5, 2010 11:34:00 AM UTC	1262720040000	8	12	yes	30.7	175.8	20506	20827	9248	6613	0	44182	2817	2340	451	3937	919	1733
January 5, 2010 11:35:00 AM UTC	1262720100000	8	11	yes	30.7	176.1	20506	20827	9247	6619	0	44177	2802	2412	377	3947	978	1710
January 5, 2010 11:36:00 AM UTC	1262720160000	8	10	yes	30.7	176.3	20506	20827	9247	6619	0	44177	2816	2371	425	3940	973	1656
January 5, 2010 11:37:00 AM UTC	1262720220000	7	10	yes	30.8	176.6	20506	20827	9247	6615	0	44181	2809	2310	465	3947	892	1649
January 5, 2010 11:38:00 AM UTC	1262720280000	7	11	yes	30.8	176.9	20506	20827	9246	6616	0	44181	2815	2146	556	3944	810	1624
January 5, 2010 11:39:00 AM UTC	1262720340000	7	10	yes	30.8	177.1	20506	20827	9247	6615	0	44181	2815	2036	664	3943	828	1524
January 5, 2010 11:40:00 AM UTC	1262720400000	6	10	yes	30.8	177.4	20506	20827	9247	6615	0	44181	2810	1964	664	3948	758	1498
January 5, 2010 11:41:00 AM UTC	1262720460000	6	9	yes	30.8	177.7	20506	20827	9248	6614	0	44181	2817	1976	587	3946	765	1421
January 5, 2010 11:42:00 AM UTC	1262720520000	6	9	yes	30.8	178.0	20506	20827	9249	6612	0	44182	2808	1930	599	3952	707	1486
January 5, 2010 11:43:00 AM UTC	1262720580000	6	9	yes	30.8	178.2	20506	20827	9249	6612	0	44182	2818	1831	654	3945	597	1323
January 5, 2010 11:44:00 AM UTC	1262720640000	6	9	yes	30.8	178.5	20506	20827	9250	6611	0	44182	2807	1899	640	3953	561	1201
January 5, 2010 11:45:00 AM UTC	1262720700000	5	9	yes	30.8	178.8	20506	20827	9250	6591	0	44202	2819	1920	770	3949	478	1181
January 5, 2010 11:46:00 AM UTC	1262720760000	5	9	yes	30.8	179.0	20506	20827	9250	6591	0	44202	2811	1925	833	3953	411	1096
January 5, 2010 11:47:00 AM UTC	1262720820000	5	10	yes	30.8	179.3	20506	20827	9249	6592	0	44202	2819	1857	918	3950	383	1066
January 5, 2010 11:48:00 AM UTC	1262720880000	5	9	yes	30.8	179.6	20506	20827	9249	6592	0	44202	2814	1938	826	3952	411	951
January 5, 2010 11:49:00 AM UTC	1262720940000	5	9	yes	30.8	179.8	20506	20827	9249	6592	0	44202	2821	1915	857	3951	393	919
January 5, 2010 11:50:00 AM UTC	1262721000000	5	9	yes	30.8	180.1	20506	20827	9249	6592	0	44202	2817	1978	809	3949	385	1122
January 5, 2010 11:51:00 AM UTC	1262721060000	5	8	yes	30.8	180.4	20506	20827	9249	6592	0	44202	2818	1930	843	3949	416	1042
January 5, 2010 11:52:00 AM UTC	1262721120000	5	9	yes	30.8	180.6	20506	20827	9249	6592	0	44202	2820	1931	854	3947	412	998
January 5, 2010 11:53:00 AM UTC	1262721180000	5	8	yes	30.8	180.9	20506	20827	9249	6592	0	44202	2808	1902	857	3954	424	970
January 5, 2010 11:54:00 AM UTC	1262721240000	5	8	yes	30.8	181.2	20506	20827	9250	6591	0	44202	2821	1844	918	3946	438	911
January 5, 2010 11:55:00 AM UTC	1262721300000	5	8	yes	30.8	181.4	20506	20827	9250	6593	0	44200	2809	1765	946	3950	424	891
January 5, 2010 11:56:00 AM UTC	1262721360000	5	7	yes	30.8	181.7	20506	20827	9250	6609	0	44184	2817	1690	949	3948	391	831
January 5, 2010 11:57:00 AM UTC	1262721420000	5	7	yes	30.8	182.0	20506	20827	9249	6610	0	44184	2809	1602	995	3952	376	788
January 5, 2010 11:58:00 AM UTC	1262721480000	4	8	yes	30.8	182.3	20506	20827	9248	6612	0	44183	2814	1497	1118	3948	329	756
January 5, 2010 11:59:00 AM UTC	1262721540000	4	7	yes	30.8	182.5	20506	20827	9247	6613	0	44183	2814	1463	1085	3944	287	717
January 5, 2010 12:00:00 PM UTC	1262721600000	4	7	yes	30.8	182.8	20506	20827	9247	6613	0	44183	2816	1403	1089	3947	264	737
January 5, 2010 12:01:00 PM UTC	1262721660000	4	7	yes	30.8	183.1	20506	20827	9246	6614	0	44183	2812	1388	1036	3945	255	704
January 5, 2010 12:02:00 PM UTC	1262721720000	4	7	yes	30.8	183.3	20506	20827	9247	6613	0	44183	2810	1370	978	3947	247	722
January 5, 2010 12:03:00 PM UTC	1262721780000	4	6	yes	30.7	183.6	20506	20827	9247	6613	0	44183	2815	1361	866	3940	226	667
January 5, 2010 12:04:00 PM UTC	1262721840000	4	6	yes	30.7	183.9	20506	20827	9247	6617	0	44179	2805	1343	761	3949	238	626
January 5, 2010 12:05:00 PM UTC	1262721900000	4	6	yes	30.7	184.1	20506	20827	9247	6622	0	44174	2812	1232	751	3938	248	662
January 5, 2010 12:06:00 PM UTC	1262721960000	3	6	yes	30.7	184.4	20506	20827	9258	6540	0	44245	2844	1197	762	3940	251	691
January 5, 2010 12:07:00 PM UTC	1262722020000	3	6	yes	30.7	184.7	20506	20827	9247	6622	0	44174	2809	951	874	3941	257	721
January 5, 2010 12:08:00 PM UTC	1262722080000	3	6	yes	30.7	184.9	20506	20827	9247	6628	0	44168	2799	841	887	3940	273	775
January 5, 2010 12:09:00 PM UTC	1262722140000	3	6	yes	30.7	185.2	20506	20827	9257	6559	0	44227	2849	753	890	3936	253	828
January 5, 2010 12:10:00 PM UTC	1262722200000	2	5	yes	30.6	185.5	20506	20827	9248	6627	0	44168	2801	726	914	3938	237	778
January 5, 2010 12:11:00 PM UTC	1262722260000	2	5	yes	30.6	185.7	20506	20827	9247	6635	0	44161	2796	734	933	3937	198	794
January 5, 2010 12:12:00 PM UTC	1262722320000	2	5	yes	30.6	186.0	20506	20827	9248	6563	0	44232	2817	837	845	3934	156	782
January 5, 2010 12:13:00 PM UTC	1262722380000	3	5	yes	30.6	186.3	20506	20827	9248	6563	0	44232	2815	972	711	3938	136	813
January 5, 2010 12:14:00 PM UTC	1262722440000	3	4	yes	30.6	186.5	20506	20827	9248	6557	0	44238	2820	918	689	3932	136	769
January 5, 2010 12:15:00 PM UTC	1262722500000	2	4	yes	30.5	186.8	20506	20827	9247	6562	0	44234	2811	843	679	3940	123	674
January 5, 2010 12:16:00 PM UTC	1262722560000	2	4	yes	30.5	187.1	20506	20827	9256	6570	0	44217	2840	837	626	3931	124	635
January 5, 2010 12:17:00 PM UTC	1262722620000	2	4	yes	30.5	187.3	20506	20827	9245	6641	0	44157	2785	744	627	3937	132	597
January 5, 2010 12:18:00 PM UTC	1262722680000	2	3	yes	30.5	187.6	20506	20827	9244	6641	0	44158	2788	668	551	3934	126	538
January 5, 2010 12:19:00 PM UTC	1262722740000	1	3	yes	30.4	187.9	20506	20827	9254	6597	0	44192	2824	451	572	3929	138	493
January 5, 2010 12:20:00 PM UTC	1262722800000	2	4	yes	30.4	188.1	20506	20827	9244	6666	0	44133	2781	453	730	3931	208	634
January 5, 2010 12:21:00 PM UTC	1262722860000	2	4	yes	30.4	188.4	20506	20827	9242	6672	0	44129	2781	469	686	3929	193	623
January 5, 2010 12:22:00 PM UTC	1262722920000	2	4	yes	30.3	188.7	20506	20827	9251	6607	0	44185	2818	505	677	3926	150	608
January 5, 2010 12:23:00 PM UTC	1262722980000	1	4	yes	30.3	188.9	20506	20827	9241	6677	0	44125	2775	391	744	3925	182	640
January 5, 2010 12:24:00 PM UTC	1262723040000	1	4	yes	30.3	189.2	20506	20827	9241	6677	0	44125	2771	417	819	3923	190	665
January 5, 2010 12:25:00 PM UTC	1262723100000	2	5	yes	30.2	189.5	20506	20827	9252	6609	0	44182	2818	484	961	3920	225	671
January 5, 2010 12:26:00 PM UTC	1262723160000	2	5	yes	30.2	189.7	20506	20827	9251	6533	0	44259	2834	628	1028	3920	229	723
January 5, 2010 12:27:00 PM UTC	1262723220000	2	5	yes	30.2	190.0	20506	20827	9240	6607	0	44196	2780	716	1105	3918	241	672
January 5, 2010 12:28:00 PM UTC	1262723280000	2	5	yes	30.1	190.3	20506	20827	9249	6546	0	44248	2816	851	995	3923	177	688
January 5, 2010 12:29:00 PM UTC	1262723340000	3	5	yes	30.1	190.5	20506	20827	9249	6546	0	44248	2819	954	965	3911	138	652
January 5, 2010 12:30:00 PM UTC	1262723400000	2	5	yes	30.1	190.8	20506	20827	9241	6614	0	44188	2776	928	968	3911	111	565
January 5, 2010 12:31:00 PM UTC	1262723460000	2	5	yes	30.0	191.0	20506	20827	9249	6546	0	44248	2814	867	1039	3918	92	543
January 5, 2010 12:32:00 PM UTC	1262723520000	2	5	yes	30.0	191.3	20506	20827	9246	6588	0	44209	2805	766	904	3913	118	477
January 5, 2010 12:33:00 PM UTC	1262723580000	2	5	yes	30.0	191.6	20506	20827	9236	6660	0	44147	2754	631	896	3905	82	559
January 5, 2010 12:34:00 PM UTC	1262723640000	1	5	yes	29.9	191.8	20506	20827	9247	6588	0	44208	2803	489	891	3907	59	430
January 5, 2010 12:35:00 PM UTC	1262723700000	1	5	yes	29.9	192.1	20506	20827	9247	6588	0	44208	2792	441	843	3912	67	406
January 5, 2010 12:36:00 PM UTC	1262723760000	1	5	yes	29.8	192.4	20506	20827	9247	6588	0	44208	2794	475	886	3911	52	370
January 5, 2010 12:37:00 PM UTC	1262723820000	2	5	yes	29.8	192.6	20506	20827	9245	6606	0	44192	2777	558	793	3905	61	387
January 5, 2010 12:38:00 PM UTC	1262723880000	1	5	yes	29.7	192.9	20506	20827	9245	6612	0	44186	2779	477	655	3905	73	407
January 5, 2010 12:39:00 PM UTC	1262723940000	1	4	yes	29.7	193.1	20506	20827	9246	6612	0	44185	2778	484	558	3897	109	464
January 5, 2010 12:40:00 PM UTC	1262724000000	2	5	yes	29.6	193.4	20506	20827	9246	6612	0	44185	2774	524	458	3902	133	597
January 5, 2010 12:41:00 PM UTC	1262724060000	2	5	yes	29.6	193.7	20506	20827	9245	6613	0	44185	2771	549	294	3897	177	665
January 5, 2010 12:42:00 PM UTC	1262724120000	2	5	yes	29.6	193.9	20506	20827	9256	6543	0	44244	2813	523	427	3893	268	624
January 5, 2010 12:43:00 PM UTC	1262724180000	2	5	yes	29.5	194.2	20506	20827	9245	6613	0	44185	2763	653	459	3896	231	620
January 5, 2010 12:44:00 PM UTC	1262724240000	2	5	yes	29.5	194.4	20506	20827	9245	6613	0	44185	2771	721	411	3891	232	681
January 5, 2010 12:45:00 PM UTC	1262724300000	2	5	yes	29.4	194.7	20506	20827	9252	6564	0	44227	2786	718	395	3895	281	742
January 5, 2010 12:46:00 PM UTC	1262724360000	2	5	yes	29.4	195.0	20506	20827	9242	6663	0	44138	2752	659	405	3884	240	825
January 5, 2010 12:47:00 PM UTC	1262724420000	2	6	yes	29.3	195.2	20506	20827	9242	6670	0	44131	2738	654	451	3890	306	820
January 5, 2010 12:48:00 PM UTC	1262724480000	2	6	yes	29.2	195.5	20506	20827	9252	6603	0	44188	2777	588	534	3884	283	799
January 5, 2010 12:49:00 PM UTC	1262724540000	3	6	yes	29.2	195.7	20506	20827	9239	6689	0	44115	2724	698	525	3887	301	855
January 5, 2010 12:50:00 PM UTC	1262724600000	3	7	yes	29.1	196.0	20506	20827	9249	6623	0	44171	2763	731	527	3882	273	822
January 5, 2010 12:51:00 PM UTC	1262724660000	3	7	yes	29.1	196.2	20506	20827	9250	6551	0	44242	2779	809	488	3880	255	878
January 5, 2010 12:52:00 PM UTC	1262724720000	3	8	yes	29.0	196.5	20506	20827	9240	6617	0	44186	2735	854	578	3885	338	793
January 5, 2010 12:53:00 PM UTC	1262724780000	4	8	yes	29.0	196.7	20506	20827	9250	6551	0	44242	2777	989	614	3874	377	724
January 5, 2010 12:54:00 PM UTC	1262724840000	4	8	yes	28.9	197.0	20506	20827	9250	6551	0	44242	2771	1124	645	3876	377	701
January 5, 2010 12:55:00 PM UTC	1262724900000	5	7	yes	28.9	197.3	20506	20827	9239	6614	0	44190	2728	1376	612	3875	355	663
January 5, 2010 12:56:00 PM UTC	1262724960000	5	8	yes	28.8	197.5	20506	20827	9250	6551	0	44242	2765	1600	526	3872	377	602
January 5, 2010 12:57:00 PM UTC	1262725020000	6	8	yes	28.7	197.8	20506	20827	9249	6554	0	44240	2765	1710	493	3868	374	611
January 5, 2010 12:58:00 PM UTC	1262725080000	6	8	yes	28.7	198.0	20506	20827	9246	6584	0	44213	2742	1723	441	3872	382	611
January 5, 2010 12:59:00 PM UTC	1262725140000	6	8	yes	28.6	198.3	20506	20827	9246	6584	0	44213	2741	1810	412	3868	375	597
January 5, 2010 1:00:00 PM UTC	1262725200000	6	8	yes	28.5	198.5	20506	20827	9243	6608	0	44192	2722	1873	386	3870	373	616
January 5, 2010 1:01:00 PM UTC	1262725260000	6	8	yes	28.5	198.8	20506	20827	9243	6608	0	44192	2718	1920	371	3864	367	660
January 5, 2010 1:02:00 PM UTC	1262725320000	6	8	yes	28.4	199.0	20506	20827	9246	6550	0	44247	2750	1927	415	3858	355	732
January 5, 2010 1:03:00 PM UTC	1262725380000	6	9	yes	28.4	199.3	20506	20827	9256	6484	0	44303	2778	1859	487	3863	389	721
January 5, 2010 1:04:00 PM UTC	1262725440000	5	9	yes	28.3	199.5	20506	20827	9243	6573	0	44227	2727	1802	493	3859	410	754
January 5, 2010 1:05:00 PM UTC	1262725500000	5	8	yes	28.2	199.8	20506	20827	9243	6576	0	44224	2716	1747	498	3857	474	737
January 5, 2010 1:06:00 PM UTC	1262725560000	6	7	yes	28.1	200.0	20506	20827	9253	6509	0	44281	2750	1879	431	3857	590	706
January 5, 2010 1:07:00 PM UTC	1262725620000	6	8	yes	28.1	200.3	20506	20827	9239	6598	0	44206	2698	1826	429	3854	687	647
January 5, 2010 1:08:00 PM UTC	1262725680000	6	7	yes	28.0	200.5	20506	20827	9249	6549	0	44245	2727	1840	440	3850	729	611
January 5, 2010 1:09:00 PM UTC	1262725740000	6	7	yes	27.9	200.8	20506	20827	9242	6588	0	44213	2707	1765	505	3850	768	556
January 5, 2010 1:10:00 PM UTC	1262725800000	6	7	yes	27.9	201.0	20506	20827	9251	6601	0	44191	2722	1761	407	3849	761	555
January 5, 2010 1:11:00 PM UTC	1262725860000	6	7	yes	27.8	201.3	20506	20827	9249	6627	0	44167	2698	1711	381	3852	796	530
January 5, 2010 1:12:00 PM UTC	1262725920000	6	8	yes	27.7	201.5	20506	20827	9239	6691	0	44113	2662	1695	394	3844	764	594
January 5, 2010 1:13:00 PM UTC	1262725980000	6	8	yes	27.6	201.8	20506	20827	9247	6628	0	44168	2691	1620	424	3848	757	698
January 5, 2010 1:14:00 PM UTC	1262726040000	5	8	yes	27.6	202.0	20506	20827	9244	6586	0	44213	2691	1547	406	3841	765	807
January 5, 2010 1:15:00 PM UTC	1262726100000	5	9	yes	27.5	202.3	20506	20827	9244	6586	0	44213	2680	1487	417	3844	813	903
January 5, 2010 1:16:00 PM UTC	1262726160000	5	9	yes	27.4	202.5	20506	20827	9250	6558	0	44235	2697	1454	416	3834	831	1037
January 5, 2010 1:17:00 PM UTC	1262726220000	5	9	yes	27.3	202.8	20506	20827	9245	6590	0	44208	2675	1355	401	3837	946	1186
January 5, 2010 1:18:00 PM UTC	1262726280000	5	10	yes	27.3	203.0	20506	20827	9246	6602	0	44195	2665	1195	356	3836	1014	1286
January 5, 2010 1:19:00 PM UTC	1262726340000	5	10	yes	27.2	203.2	20506	20827	9255	6582	0	44206	2700	1056	404	3828	1152	1299
January 5, 2010 1:20:00 PM UTC	1262726400000	5	11	yes	27.1	203.5	20506	20827	9241	6674	0	44128	2636	902	527	3836	1303	1188
January 5, 2010 1:21:00 PM UTC	1262726460000	6	12	yes	27.0	203.7	20506	20827	9240	6675	0	44128	2640	917	613	3828	1345	1139
January 5, 2010 1:22:00 PM UTC	1262726520000	6	12	yes	26.9	204.0	20506	20827	9254	6586	0	44203	2678	1091	615	3832	1303	1173
January 5, 2010 1:23:00 PM UTC	1262726580000	6	12	yes	26.9	204.2	20506	20827	9241	6675	0	44127	2626	1238	538	3827	1177	1214
January 5, 2010 1:24:00 PM UTC	1262726640000	6	12	yes	26.8	204.5	20506	20827	9250	6612	0	44181	2655	1399	451	3823	1094	1220
January 5, 2010 1:25:00 PM UTC	1262726700000	7	12	yes	26.7	204.7	20506	20827	9241	6675	0	44127	2614	1510	358	3826	1085	1175
January 5, 2010 1:26:00 PM UTC	1262726760000	7	13	yes	26.6	204.9	20506	20827	9247	6575	0	44221	2646	1615	431	3823	1118	1142
January 5, 2010 1:27:00 PM UTC	1262726820000	7	13	yes	26.5	205.2	20506	20827	9252	6545	0	44246	2657	1696	538	3827	1198	1224
January 5, 2010 1:28:00 PM UTC	1262726880000	7	14	yes	26.4	205.4	20506	20827	9252	6568	0	44223	2653	1691	557	3823	1249	1246
January 5, 2010 1:29:00 PM UTC	1262726940000	8	14	yes	26.4	205.7	20506	20827	9248	6598	0	44197	2628	1649	487	3818	1391	1188
January 5, 2010 1:30:00 PM UTC	1262727000000	9	14	yes	26.3	205.9	20506	20827	9248	6598	0	44197	2617	1613	442	3824	1583	1097
January 5, 2010 1:31:00 PM UTC	1262727060000	9	13	yes	26.2	206.1	20506	20827	9248	6598	0	44197	2618	1731	359	3815	1667	1060
January 5, 2010 1:32:00 PM UTC	1262727120000	9	12	yes	26.1	206.4	20506	20827	9253	6570	0	44220	2622	1890	241	3818	1556	1060
January 5, 2010 1:33:00 PM UTC	1262727180000	9	11	yes	26.0	206.6	20506	20827	9248	6598	0	44197	2601	2068	122	3814	1461	1107
January 5, 2010 1:34:00 PM UTC	1262727240000	9	11	yes	25.9	206.8	20506	20827	9258	6536	0	44249	2627	2185	86	3816	1479	1107
January 5, 2010 1:35:00 PM UTC	1262727300000	9	11	yes	25.8	207.1	20506	20827	9244	6629	0	44170	2575	2186	94	3817	1487	1029
January 5, 2010 1:36:00 PM UTC	1262727360000	10	12	yes	25.7	207.3	20506	20827	9252	6566	0	44225	2614	2213	186	3809	1522	1003
January 5, 2010 1:37:00 PM UTC	1262727420000	10	13	yes	25.6	207.6	20506	20827	9254	6501	0	44288	2616	2207	211	3814	1564	968
January 5, 2010 1:38:00 PM UTC	1262727480000	11	14	yes	25.5	207.8	20506	20827	9245	6563	0	44235	2582	2185	238	3808	1727	935
January 5, 2010 1:39:00 PM UTC	1262727540000	12	15	yes	25.5	208.0	20506	20827	9251	6576	0	44216	2589	2236	239	3812	1869	1033
January 5, 2010 1:40:00 PM UTC	1262727600000	13	15	yes	25.4	208.3	20506	20827	9242	6637	0	44164	2548	2291	199	3810	1933	1079
January 5, 2010 1:41:00 PM UTC	1262727660000	12	16	yes	25.3	208.5	20506	20827	9247	6610	0	44186	2555	2317	202	3813	1894	1218
January 5, 2010 1:42:00 PM UTC	1262727720000	11	17	yes	25.2	208.7	20506	20827	9247	6610	0	44186	2550	2263	240	3807	1834	1379
January 5, 2010 1:43:00 PM UTC	1262727780000	11	18	yes	25.1	208.9	20506	20827	9253	6576	0	44214	2567	2300	226	3811	1694	1507
January 5, 2010 1:44:00 PM UTC	1262727840000	12	19	yes	25.0	209.2	20506	20827	9256	6551	0	44236	2571	2362	178	3806	1956	1281
January 5, 2010 1:45:00 PM UTC	1262727900000	13	18	yes	24.9	209.4	20506	20827	9247	6611	0	44185	2531	2412	116	3813	2128	1136
January 5, 2010 1:46:00 PM UTC	1262727960000	13	18	yes	24.8	209.6	20506	20827	9256	6551	0	44236	2562	2488	74	3805	2151	1042
January 5, 2010 1:47:00 PM UTC	1262728020000	13	20	yes	24.7	209.9	20506	20827	9248	6610	0	44185	2522	2422	97	3807	2119	961
January 5, 2010 1:48:00 PM UTC	1262728080000	13	20	yes	24.6	210.1	20506	20827	9256	6549	0	44238	2548	2471	76	3808	2164	918
January 5, 2010 1:49:00 PM UTC	1262728140000	13	22	yes	24.5	210.3	20506	20827	9248	6547	0	44248	2524	2429	95	3809	2161	892
January 5, 2010 1:50:00 PM UTC	1262728200000	13	22	yes	24.4	210.6	20506	20827	9252	6552	0	44239	2523	2434	89	3810	2056	1047
January 5, 2010 1:51:00 PM UTC	1262728260000	13	24	yes	24.3	210.8	20506	20827	9243	6612	0	44188	2489	2459	30	3804	1921	1200
January 5, 2010 1:52:00 PM UTC	1262728320000	13	25	yes	24.2	211.0	20506	20827	9257	6515	0	44271	2532	2500	32	3808	1856	1341
January 5, 2010 1:53:00 PM UTC	1262728380000	12	27	yes	24.1	211.2	20506	20827	9252	6553	0	44238	2504	2361	143	3807	1758	1474
January 5, 2010 1:54:00 PM UTC	1262728440000	12	29	yes	24.0	211.5	20506	20827	9252	6553	0	44238	2489	2330	159	3813	1646	1606
January 5, 2010 1:55:00 PM UTC	1262728500000	12	31	yes	23.9	211.7	20506	20827	9247	6590	0	44206	2466	2347	119	3807	1482	1837
January 5, 2010 1:56:00 PM UTC	1262728560000	12	31	yes	23.8	211.9	20506	20827	9252	6553	0	44238	2477	2414	63	3814	1544	1841
January 5, 2010 1:57:00 PM UTC	1262728620000	13	31	yes	23.6	212.1	20506	20827	9251	6553	0	44239	2477	2458	19	3810	1626	1734
January 5, 2010 1:58:00 PM UTC	1262728680000	14	30	yes	23.5	212.4	20506	20827	9245	6592	0	44206	2442	2426	16	3814	1967	1343
January 5, 2010 1:59:00 PM UTC	1262728740000	15	30	yes	23.4	212.6	20506	20827	9255	6534	0	44254	2469	2435	34	3811	2008	1285
January 5, 2010 2:00:00 PM UTC	1262728800000	16	30	yes	23.3	212.8	20506	20827	9255	6474	0	44314	2472	2470	2	3812	1944	1274
January 5, 2010 2:01:00 PM UTC	1262728860000	16	30	yes	23.2	213.0	20506	20827	9255	6503	0	44285	2457	2426	31	3813	1911	1159
January 5, 2010 2:02:00 PM UTC	1262728920000	16	30	yes	23.1	213.2	20506	20827	9246	6560	0	44237	2424	2408	16	3811	2048	984
January 5, 2010 2:03:00 PM UTC	1262728980000	16	31	yes	23.0	213.5	20506	20827	9255	6503	8	44277	2449	2425	16	3815	1998	1030
January 5, 2010 2:04:00 PM UTC	1262729040000	16	31	yes	22.9	213.7	20506	20827	9246	6562	6	44229	2415	2328	81	3812	2063	924
January 5, 2010 2:05:00 PM UTC	1262729100000	16	31	yes	22.8	213.9	20506	20827	9255	6549	16	44223	2426	2296	114	3816	2184	811
January 5, 2010 2:06:00 PM UTC	1262729160000	16	33	yes	22.7	214.1	20506	20827	9240	6647	11	44145	2373	2221	141	3822	2218	746
January 5, 2010 2:07:00 PM UTC	1262729220000	16	33	yes	22.5	214.3	20506	20827	9247	6596	22	44178	2384	2185	165	3814	2173	731
January 5, 2010 2:08:00 PM UTC	1262729280000	16	33	yes	22.4	214.6	20506	20827	9247	6596	29	44171	2379	2221	112	3833	2196	737
January 5, 2010 2:09:00 PM UTC	1262729340000	17	33	yes	22.3	214.8	20506	20827	9247	6596	36	44164	2370	2175	137	3825	2254	690
January 5, 2010 2:10:00 PM UTC	1262729400000	16	33	yes	22.2	215.0	20506	20827	9247	6596	44	44156	2367	2119	169	3806	2186	767
January 5, 2010 2:11:00 PM UTC	1262729460000	16	34	yes	22.1	215.2	20506	20827	9247	6596	53	44147	2353	1910	305	3836	2303	787
January 5, 2010 2:12:00 PM UTC	1262729520000	16	35	yes	22.0	215.4	20506	20827	9246	6575	59	44163	2354	1794	361	3818	2239	981
January 5, 2010 2:13:00 PM UTC	1262729580000	15	36	yes	21.9	215.6	20506	20827	9247	6590	66	44140	2336	1694	424	3848	2273	1141
January 5, 2010 2:14:00 PM UTC	1262729640000	15	36	yes	21.7	215.8	20506	20827	9243	6618	70	44112	2312	1725	410	3834	2167	1301
January 5, 2010 2:15:00 PM UTC	1262729700000	15	37	yes	21.6	216.1	20506	20827	9250	6561	88	44144	2337	1726	430	3833	2052	1468
January 5, 2010 2:16:00 PM UTC	1262729760000	15	38	yes	21.5	216.3	20506	20827	9246	6573	93	44131	2323	1794	385	3843	1968	1662
January 5, 2010 2:17:00 PM UTC	1262729820000	15	38	yes	21.4	216.5	20506	20827	9249	6562	103	44129	2318	1823	335	3839	2035	1586
January 5, 2010 2:18:00 PM UTC	1262729880000	15	40	yes	21.3	216.7	20506	20827	9240	6623	100	44080	2276	1702	395	3846	2142	1536
January 5, 2010 2:19:00 PM UTC	1262729940000	14	40	yes	21.1	216.9	20506	20827	9250	6562	115	44116	2297	1721	353	3850	2129	1447
January 5, 2010 2:20:00 PM UTC	1262730000000	14	40	yes	21.0	217.1	20506	20827	9250	6562	122	44109	2288	1652	350	3849	2017	1580
January 5, 2010 2:21:00 PM UTC	1262730060000	15	40	yes	20.9	217.3	20506	20827	9250	6562	130	44101	2284	1745	292	3846	2134	1471
January 5, 2010 2:22:00 PM UTC	1262730120000	16	40	yes	20.8	217.5	20506	20827	9243	6605	125	44070	2246	1783	296	3859	2077	1415
January 5, 2010 2:23:00 PM UTC	1262730180000	16	40	yes	20.7	217.8	20506	20827	9246	6597	132	44068	2243	1763	308	3856	2037	1202
January 5, 2010 2:24:00 PM UTC	1262730240000	16	41	yes	20.5	218.0	20506	20827	9251	6542	143	44107	2253	1810	225	3864	1820	1310
January 5, 2010 2:25:00 PM UTC	1262730300000	17	42	yes	20.4	218.2	20506	20827	9253	6532	153	44105	2249	1858	157	3867	1741	1307
January 5, 2010 2:26:00 PM UTC	1262730360000	18	44	yes	20.3	218.4	20506	20827	9244	6587	151	44061	2216	1865	150	3868	1704	1328
January 5, 2010 2:27:00 PM UTC	1262730420000	18	45	yes	20.2	218.6	20506	20827	9253	6532	171	44087	2237	1932	131	3866	1639	1404
January 5, 2010 2:28:00 PM UTC	1262730480000	19	47	yes	20.0	218.8	20506	20827	9254	6532	168	44089	2220	1913	136	3876	1695	1471
January 5, 2010 2:29:00 PM UTC	1262730540000	19	49	yes	19.9	219.0	20506	20827	9254	6532	181	44076	2212	1922	98	3877	1680	1538
January 5, 2010 2:30:00 PM UTC	1262730600000	20	50	yes	19.8	219.2	20506	20827	9247	6577	177	44042	2179	1944	55	3882	1681	1594
January 5, 2010 2:31:00 PM UTC	1262730660000	19	53	yes	19.7	219.4	20506	20827	9253	6532	188	44070	2194	1985	20	3885	1661	1696
January 5, 2010 2:32:00 PM UTC	1262730720000	19	55	yes	19.5	219.6	20506	20827	9253	6532	198	44060	2192	1959	28	3881	1690	1682
January 5, 2010 2:33:00 PM UTC	1262730780000	20	55	yes	19.4	219.8	20506	20827	9253	6528	201	44061	2176	1933	27	3895	1608	1817
January 5, 2010 2:34:00 PM UTC	1262730840000	21	54	yes	19.3	220.0	20506	20827	9245	6584	203	44011	2145	1911	9	3895	1737	1643
January 5, 2010 2:35:00 PM UTC	1262730900000	23	52	yes	19.1	220.2	20506	20827	9252	6531	214	44046	2152	1917	8	3907	1708	1639
January 5, 2010 2:36:00 PM UTC	1262730960000	22	52	yes	19.0	220.4	20506	20827	9253	6510	222	44058	2155	1922	5	3902	1729	1613
January 5, 2010 2:37:00 PM UTC	1262731020000	24	48	yes	18.9	220.6	20506	20827	9244	6562	222	44015	2121	1898	1	3905	1913	1500
January 5, 2010 2:38:00 PM UTC	1262731080000	27	43	yes	18.8	220.8	20506	20827	9246	6557	229	44011	2111	1837	45	3913	2183	1218
January 5, 2010 2:39:00 PM UTC	1262731140000	23	43	yes	18.6	221.0	20506	20827	9253	6510	244	44036	2118	1820	54	3920	2046	1310
January 5, 2010 2:40:00 PM UTC	1262731200000	18	44	yes	18.5	221.2	20506	20827	9253	6510	248	44032	2112	1788	76	3924	1922	1386
January 5, 2010 2:41:00 PM UTC	1262731260000	15	43	yes	18.4	221.4	20506	20827	9246	6561	247	43989	2079	1766	66	3927	1874	1200
January 5, 2010 2:42:00 PM UTC	1262731320000	13	42	yes	18.2	221.6	20506	20827	9259	6463	271	44050	2116	1788	57	3928	1808	1186
January 5, 2010 2:43:00 PM UTC	1262731380000	13	38	yes	18.1	221.8	20506	20827	9244	6619	259	43921	2054	1740	53	3936	1872	1151
January 5, 2010 2:44:00 PM UTC	1262731440000	13	34	yes	18.0	222.0	20506	20827	9244	6619	264	43916	2039	1703	69	3946	1952	1044
January 5, 2010 2:45:00 PM UTC	1262731500000	14	29	yes	17.8	222.2	20506	20827	9251	6568	281	43943	2053	1711	56	3950	2054	1055
January 5, 2010 2:46:00 PM UTC	1262731560000	13	26	yes	17.7	222.4	20506	20827	9245	6618	272	43908	2019	1646	99	3957	2097	1180
January 5, 2010 2:47:00 PM UTC	1262731620000	13	24	yes	17.6	222.6	20506	20827	9253	6568	282	43940	2030	1692	54	3960	2135	1233
January 5, 2010 2:48:00 PM UTC	1262731680000	13	23	yes	17.4	222.8	20506	20827	9253	6559	291	43940	2019	1639	88	3972	2149	1253
January 5, 2010 2:49:00 PM UTC	1262731740000	12	23	yes	17.3	223.0	20506	20827	9253	6559	294	43937	2014	1596	120	3970	2168	1259
January 5, 2010 2:50:00 PM UTC	1262731800000	12	22	yes	17.1	223.2	20506	20827	9253	6559	299	43932	1993	1535	149	3987	2164	1211
January 5, 2010 2:51:00 PM UTC	1262731860000	11	21	yes	17.0	223.4	20506	20827	9245	6609	292	43897	1970	1548	129	3983	1964	1187
January 5, 2010 2:52:00 PM UTC	1262731920000	11	19	yes	16.9	223.6	20506	20827	9245	6609	297	43892	1956	1552	101	3990	1832	1294
January 5, 2010 2:53:00 PM UTC	1262731980000	10	18	yes	16.7	223.8	20506	20827	9253	6507	310	43973	1972	1542	115	3997	1813	1259
January 5, 2010 2:54:00 PM UTC	1262732040000	10	17	yes	16.6	224.0	20506	20827	9246	6605	305	43887	1934	1519	100	4007	1886	1155
January 5, 2010 2:55:00 PM UTC	1262732100000	10	17	yes	16.5	224.2	20506	20827	9245	6609	307	43882	1925	1487	121	4009	1940	1108
January 5, 2010 2:56:00 PM UTC	1262732160000	11	17	yes	16.3	224.3	20506	20827	9253	6559	326	43905	1945	1566	44	4015	2099	979
January 5, 2010 2:57:00 PM UTC	1262732220000	11	17	yes	16.2	224.5	20506	20827	9253	6560	326	43904	1925	1536	55	4028	2151	939
January 5, 2010 2:58:00 PM UTC	1262732280000	10	18	yes	16.0	224.7	20506	20827	9244	6609	320	43870	1893	1414	155	4029	2179	987
January 5, 2010 2:59:00 PM UTC	1262732340000	10	18	yes	15.9	224.9	20506	20827	9244	6609	324	43866	1875	1416	133	4047	2177	1020
January 5, 2010 3:00:00 PM UTC	1262732400000	10	17	yes	15.7	225.1	20506	20827	9252	6560	338	43893	1895	1424	129	4046	2227	950
January 5, 2010 3:01:00 PM UTC	1262732460000	10	17	yes	15.6	225.3	20506	20827	9243	6598	336	43866	1855	1397	113	4059	2112	1117
January 5, 2010 3:02:00 PM UTC	1262732520000	9	17	yes	15.5	225.5	20506	20827	9244	6600	337	43862	1846	1383	118	4063	2037	1282
January 5, 2010 3:03:00 PM UTC	1262732580000	9	18	yes	15.3	225.7	20506	20827	9251	6549	350	43893	1851	1362	139	4077	2070	1325
January 5, 2010 3:04:00 PM UTC	1262732640000	9	17	yes	15.2	225.9	20506	20827	9251	6552	357	43883	1842	1359	126	4083	1958	1507
January 5, 2010 3:05:00 PM UTC	1262732700000	9	17	yes	15.0	226.0	20506	20827	9244	6600	351	43848	1812	1343	118	4087	1888	1491
January 5, 2010 3:06:00 PM UTC	1262732760000	9	15	yes	14.9	226.2	20506	20827	9251	6548	365	43879	1818	1384	69	4099	1956	1325
January 5, 2010 3:07:00 PM UTC	1262732820000	9	15	yes	14.7	226.4	20506	20827	9251	6553	368	43871	1807	1378	61	4108	2005	1276
January 5, 2010 3:08:00 PM UTC	1262732880000	9	15	yes	14.6	226.6	20506	20827	9244	6600	362	43837	1772	1363	47	4118	2117	1127
January 5, 2010 3:09:00 PM UTC	1262732940000	10	14	yes	14.5	226.8	20506	20827	9244	6600	367	43832	1765	1394	4	4126	2201	1065
January 5, 2010 3:10:00 PM UTC	1262733000000	10	14	yes	14.3	227.0	20506	20827	9251	6553	379	43860	1768	1387	2	4140	2270	979
January 5, 2010 3:11:00 PM UTC	1262733060000	10	15	yes	14.2	227.2	20506	20827	9251	6553	382	43857	1757	1364	11	4151	2306	951
January 5, 2010 3:12:00 PM UTC	1262733120000	11	15	yes	14.0	227.3	20506	20827	9243	6552	378	43870	1722	1343	1	4167	2390	966
January 5, 2010 3:13:00 PM UTC	1262733180000	11	16	yes	13.9	227.5	20506	20827	9251	6499	385	43908	1740	1355	0	4169	2387	1017
January 5, 2010 3:14:00 PM UTC	1262733240000	11	16	yes	13.7	227.7	20506	20827	9251	6450	395	43947	1731	1335	1	4181	2375	1123
January 5, 2010 3:15:00 PM UTC	1262733300000	12	17	yes	13.6	227.9	20506	20827	9243	6552	384	43864	1694	1310	0	4188	2468	1106
January 5, 2010 3:16:00 PM UTC	1262733360000	12	18	yes	13.4	228.1	20506	20827	9243	6552	387	43861	1680	1276	17	4202	2503	1148
January 5, 2010 3:17:00 PM UTC	1262733420000	11	20	yes	13.3	228.3	20506	20827	9251	6499	404	43889	1690	1277	9	4212	2460	1314
January 5, 2010 3:18:00 PM UTC	1262733480000	11	22	yes	13.1	228.4	20506	20827	9250	6507	401	43885	1673	1271	1	4224	2108	1816
January 5, 2010 3:19:00 PM UTC	1262733540000	11	23	yes	13.0	228.6	20506	20827	9243	6552	397	43851	1642	1245	0	4236	2012	1963
January 5, 2010 3:20:00 PM UTC	1262733600000	11	24	yes	12.8	228.8	20506	20827	9242	6553	401	43847	1630	1229	0	4247	2021	2004
January 5, 2010 3:21:00 PM UTC	1262733660000	12	25	yes	12.7	229.0	20506	20827	9249	6508	408	43878	1634	1223	3	4259	2122	1991
January 5, 2010 3:22:00 PM UTC	1262733720000	12	25	yes	12.5	229.1	20506	20827	9249	6508	412	43874	1626	1212	2	4268	2341	1734
January 5, 2010 3:23:00 PM UTC	1262733780000	13	26	yes	12.4	229.3	20506	20827	9249	6508	409	43877	1608	1199	0	4286	2377	1652
January 5, 2010 3:24:00 PM UTC	1262733840000	13	27	yes	12.2	229.5	20506	20827	9249	6508	420	43866	1597	1170	7	4299	2484	1593
January 5, 2010 3:25:00 PM UTC	1262733900000	13	27	yes	12.1	229.7	20506	20827	9249	6508	419	43867	1588	1157	12	4302	2587	1602
January 5, 2010 3:26:00 PM UTC	1262733960000	13	27	yes	11.9	229.9	20506	20827	9246	6518	420	43859	1571	1128	23	4321	2605	1668
January 5, 2010 3:27:00 PM UTC	1262734020000	13	27	yes	11.8	230.0	20506	20827	9249	6464	426	43904	1566	1129	11	4333	2788	1538
January 5, 2010 3:28:00 PM UTC	1262734080000	13	28	yes	11.6	230.2	20506	20827	9241	6521	419	43862	1529	1089	17	4351	2793	1538
January 5, 2010 3:29:00 PM UTC	1262734140000	13	30	yes	11.4	230.4	20506	20827	9246	6525	431	43841	1532	1072	29	4356	2809	1513
January 5, 2010 3:30:00 PM UTC	1262734200000	14	30	yes	11.3	230.6	20506	20827	9256	6466	437	43884	1536	1079	20	4373	2793	1539
January 5, 2010 3:31:00 PM UTC	1262734260000	14	31	yes	11.1	230.7	20506	20827	9241	6564	423	43815	1493	1057	13	4380	2673	1664
January 5, 2010 3:32:00 PM UTC	1262734320000	15	30	yes	11.0	230.9	20506	20827	9247	6525	429	43842	1491	1056	5	4397	2710	1587
January 5, 2010 3:33:00 PM UTC	1262734380000	15	30	yes	10.8	231.1	20506	20827	9247	6525	433	43838	1481	1039	9	4407	2678	1564
January 5, 2010 3:34:00 PM UTC	1262734440000	16	29	yes	10.7	231.3	20506	20827	9247	6525	435	43836	1467	989	43	4423	2740	1463
January 5, 2010 3:35:00 PM UTC	1262734500000	17	30	yes	10.5	231.4	20506	20827	9247	6525	435	43836	1450	1013	2	4439	2864	1397
January 5, 2010 3:36:00 PM UTC	1262734560000	18	33	yes	10.4	231.6	20506	20827	9239	6580	428	43796	1420	985	7	4446	2987	1255
January 5, 2010 3:37:00 PM UTC	1262734620000	18	35	yes	10.2	231.8	20506	20827	9248	6524	439	43832	1425	983	3	4465	3139	1131
January 5, 2010 3:38:00 PM UTC	1262734680000	18	37	yes	10.0	231.9	20506	20827	9255	6482	446	43860	1429	982	1	4478	3291	891
January 5, 2010 3:39:00 PM UTC	1262734740000	19	39	yes	9.9	232.1	20506	20827	9245	6554	438	43806	1389	945	6	4495	3454	734
January 5, 2010 3:40:00 PM UTC	1262734800000	20	41	yes	9.7	232.3	20506	20827	9247	6524	439	43833	1387	933	15	4503	3516	723
January 5, 2010 3:41:00 PM UTC	1262734860000	20	42	yes	9.6	232.5	20506	20827	9255	6442	451	43895	1393	926	17	4520	3457	867
January 5, 2010 3:42:00 PM UTC	1262734920000	21	43	yes	9.4	232.6	20506	20827	9247	6500	445	43851	1359	891	23	4534	3538	856
January 5, 2010 3:43:00 PM UTC	1262734980000	22	45	yes	9.2	232.8	20506	20827	9255	6442	456	43890	1363	896	13	4548	3698	764
January 5, 2010 3:44:00 PM UTC	1262735040000	23	46	yes	9.1	233.0	20506	20827	9238	6597	444	43764	1314	862	9	4555	3789	696
January 5, 2010 3:45:00 PM UTC	1262735100000	25	47	no	8.9	233.1	20506	20827	9245	6556	451	43791	1317	859	7	4569	3908	601
January 5, 2010 3:46:00 PM UTC	1262735160000	25	49	no	8.8	233.3	20506	20827	9254	6498	461	43830	1317	855	5	4586	3943	590
January 5, 2010 3:47:00 PM UTC	1262735220000	27	49	no	8.6	233.5	20506	20827	9246	6556	452	43789	1288	838	2	4594	3827	723
January 5, 2010 3:48:00 PM UTC	1262735280000	28	51	no	8.4	233.6	20506	20827	9252	6514	460	43817	1282	824	3	4616	3731	846
January 5, 2010 3:49:00 PM UTC	1262735340000	29	53	no	8.3	233.8	20506	20827	9246	6556	458	43783	1260	807	2	4628	3814	778
January 5, 2010 3:50:00 PM UTC	1262735400000	30	54	no	8.1	234.0	20506	20827	9245	6556	459	43783	1248	786	11	4638	3919	700
January 5, 2010 3:51:00 PM UTC	1262735460000	32	54	no	8.0	234.1	20506	20827	9251	6517	463	43812	1248	781	8	4648	4040	599
January 5, 2010 3:52:00 PM UTC	1262735520000	34	54	no	7.8	234.3	20506	20827	9243	6573	459	43768	1217	758	7	4665	4077	579
January 5, 2010 3:53:00 PM UTC	1262735580000	37	54	no	7.6	234.5	20506	20827	9251	6512	468	43812	1218	754	7	4687	4164	512
January 5, 2010 3:54:00 PM UTC	1262735640000	40	52	no	7.5	234.6	20506	20827	9252	6518	467	43806	1206	749	1	4683	4368	304
January 5, 2010 3:55:00 PM UTC	1262735700000	42	52	no	7.3	234.8	20506	20827	9242	6541	461	43799	1178	730	0	4707	4384	310
January 5, 2010 3:56:00 PM UTC	1262735760000	44	51	no	7.1	235.0	20506	20827	9251	6482	470	43840	1187	730	0	4733	4483	237
January 5, 2010 3:57:00 PM UTC	1262735820000	46	49	no	7.0	235.1	20506	20827	9251	6482	472	43838	1168	713	0	4728	4517	194
January 5, 2010 3:58:00 PM UTC	1262735880000	46	50	no	6.8	235.3	20506	20827	9252	6480	475	43836	1159	700	0	4746	4585	145
January 5, 2010 3:59:00 PM UTC	1262735940000	47	50	no	6.6	235.4	20506	20827	9246	6480	467	43850	1129	679	0	4768	4737	14
January 5, 2010 4:00:00 PM UTC	1262736000000	51	47	no	6.5	235.6	20506	20827	9242	6534	467	43800	1111	664	0	4758	4738	0
January 5, 2010 4:01:00 PM UTC	1262736060000	52	47	no	6.3	235.8	20506	20827	9248	6496	471	43828	1111	659	0	4784	4765	0
January 5, 2010 4:02:00 PM UTC	1262736120000	55	44	no	6.1	235.9	20506	20827	9248	6496	472	43827	1097	644	0	4802	4770	13
January 5, 2010 4:03:00 PM UTC	1262736180000	56	43	no	6.0	236.1	20506	20827	9248	6496	476	43823	1087	633	0	4806	4691	93
January 5, 2010 4:04:00 PM UTC	1262736240000	57	43	no	5.8	236.2	20506	20827	9243	6533	477	43790	1054	603	0	4824	4703	95
January 5, 2010 4:05:00 PM UTC	1262736300000	57	42	no	5.6	236.4	20506	20827	9248	6496	486	43813	1053	596	0	4842	4519	294
January 5, 2010 4:06:00 PM UTC	1262736360000	57	42	no	5.5	236.6	20506	20827	9248	6496	494	43805	1044	581	0	4850	4373	446
January 5, 2010 4:07:00 PM UTC	1262736420000	57	42	no	5.3	236.7	20506	20827	9248	6496	500	43799	1029	561	0	4866	4181	653
January 5, 2010 4:08:00 PM UTC	1262736480000	54	45	no	5.1	236.9	20506	20827	9254	6459	512	43818	1026	548	0	4878	3994	850
January 5, 2010 4:09:00 PM UTC	1262736540000	50	49	no	5.0	237.0	20506	20827	9249	6495	515	43784	1000	521	0	4892	3859	997
January 5, 2010 4:10:00 PM UTC	1262736600000	48	51	yes	4.8	237.2	20506	20827	9249	6468	525	43801	988	500	0	4910	3928	945
January 5, 2010 4:11:00 PM UTC	1262736660000	44	54	yes	4.6	237.4	20506	20827	9241	6531	522	43749	956	473	0	4914	4000	875
January 5, 2010 4:12:00 PM UTC	1262736720000	37	61	yes	4.5	237.5	20506	20827	9247	6494	540	43762	958	462	0	4930	3953	916
January 5, 2010 4:13:00 PM UTC	1262736780000	37	61	yes	4.3	237.7	20506	20827	9256	6431	560	43796	960	445	0	4952	4100	697
January 5, 2010 4:14:00 PM UTC	1262736840000	32	63	yes	4.1	237.8	20506	20827	9246	6489	560	43748	929	419	0	4960	3968	739
January 5, 2010 4:15:00 PM UTC	1262736900000	30	62	yes	4.0	238.0	20506	20827	9242	6525	566	43710	913	398	0	4962	3764	598
January 5, 2010 4:16:00 PM UTC	1262736960000	26	56	yes	3.8	238.1	20506	20827	9257	6429	596	43761	916	381	1	4996	3524	493
January 5, 2010 4:17:00 PM UTC	1262737020000	23	47	yes	3.6	238.3	20506	20827	9247	6548	607	43641	884	308	1	4997	3304	594
January 5, 2010 4:18:00 PM UTC	1262737080000	20	39	yes	3.5	238.5	20506	20827	9247	6548	632	43616	868	205	9	5013	2779	991
January 5, 2010 4:19:00 PM UTC	1262737140000	16	34	yes	3.3	238.6	20506	20827	9255	6487	680	43621	873	143	17	5030	2059	1543
January 5, 2010 4:20:00 PM UTC	1262737200000	12	31	yes	3.1	238.8	20506	20827	9252	6513	706	43572	857	89	6	5038	1432	1511
