May 5, 2007 5:07:00 AM UTC	1178370420000	1	2	no	3.1	72.0	20506	20827	9245	6528	705	43565	841	130	54	5039	36	229
May 5, 2007 5:08:00 AM UTC	1178370480000	1	2	no	3.3	72.1	20506	20827	9254	6462	679	43648	874	155	35	5032	56	177
May 5, 2007 5:09:00 AM UTC	1178370540000	1	3	no	3.5	72.3	20506	20827	9244	6521	635	43643	874	171	56	5009	55	337
May 5, 2007 5:10:00 AM UTC	1178370600000	1	3	yes	3.6	72.4	20506	20827	9244	6521	603	43675	891	201	78	4993	122	373
May 5, 2007 5:11:00 AM UTC	1178370660000	1	3	yes	3.8	72.6	20506	20827	9256	6447	594	43746	922	188	95	4992	73	381
May 5, 2007 5:12:00 AM UTC	1178370720000	1	3	yes	4.0	72.7	20506	20827	9244	6575	565	43659	915	184	127	4963	50	442
May 5, 2007 5:13:00 AM UTC	1178370780000	0	2	yes	4.2	72.9	20506	20827	9244	6575	551	43673	929	151	157	4951	24	460
May 5, 2007 5:14:00 AM UTC	1178370840000	0	3	yes	4.4	73.0	20506	20827	9254	6508	553	43728	963	172	141	4938	15	619
May 5, 2007 5:15:00 AM UTC	1178370900000	1	3	yes	4.6	73.2	20506	20827	9247	6555	531	43710	965	219	135	4921	44	661
May 5, 2007 5:16:00 AM UTC	1178370960000	1	3	yes	4.8	73.3	20506	20827	9247	6555	520	43721	978	161	197	4909	45	735
May 5, 2007 5:17:00 AM UTC	1178371020000	1	3	yes	5.0	73.4	20506	20827	9256	6487	525	43775	1019	173	206	4896	24	784
May 5, 2007 5:18:00 AM UTC	1178371080000	1	2	yes	5.2	73.6	20506	20827	9246	6556	508	43733	1012	209	174	4874	46	766
May 5, 2007 5:19:00 AM UTC	1178371140000	1	3	yes	5.4	73.7	20506	20827	9246	6556	500	43741	1033	207	227	4854	20	881
May 5, 2007 5:20:00 AM UTC	1178371200000	1	3	yes	5.6	73.9	20506	20827	9257	6488	496	43802	1064	234	229	4848	41	1023
May 5, 2007 5:21:00 AM UTC	1178371260000	1	3	yes	5.8	74.0	20506	20827	9247	6558	478	43760	1060	257	245	4826	69	1153
May 5, 2007 5:22:00 AM UTC	1178371320000	1	4	yes	6.0	74.2	20506	20827	9248	6518	477	43800	1080	225	302	4811	19	1241
May 5, 2007 5:23:00 AM UTC	1178371380000	1	4	yes	6.1	74.3	20506	20827	9248	6518	474	43803	1091	240	298	4799	22	1195
May 5, 2007 5:24:00 AM UTC	1178371440000	1	4	yes	6.3	74.5	20506	20827	9248	6518	473	43804	1110	243	293	4780	44	1228
May 5, 2007 5:25:00 AM UTC	1178371500000	1	4	yes	6.5	74.6	20506	20827	9248	6518	469	43808	1123	276	315	4766	7	1322
May 5, 2007 5:26:00 AM UTC	1178371560000	1	4	yes	6.7	74.7	20506	20827	9248	6520	467	43808	1134	285	308	4754	2	1287
May 5, 2007 5:27:00 AM UTC	1178371620000	1	3	yes	6.9	74.9	20506	20827	9248	6520	468	43807	1158	245	334	4732	24	1144
May 5, 2007 5:28:00 AM UTC	1178371680000	1	4	yes	7.1	75.0	20506	20827	9251	6502	469	43821	1179	247	337	4716	4	1264
May 5, 2007 5:29:00 AM UTC	1178371740000	1	4	yes	7.3	75.2	20506	20827	9250	6503	467	43823	1197	250	386	4698	6	1279
May 5, 2007 5:30:00 AM UTC	1178371800000	1	4	yes	7.5	75.3	20506	20827	9250	6503	467	43823	1212	274	354	4682	27	1358
May 5, 2007 5:31:00 AM UTC	1178371860000	1	4	yes	7.7	75.5	20506	20827	9250	6503	464	43826	1228	251	392	4667	28	1236
May 5, 2007 5:32:00 AM UTC	1178371920000	1	4	yes	7.9	75.6	20506	20827	9250	6505	462	43826	1240	297	399	4655	64	1472
May 5, 2007 5:33:00 AM UTC	1178371980000	1	4	yes	8.1	75.7	20506	20827	9250	6505	461	43827	1254	184	491	4641	10	1315
May 5, 2007 5:34:00 AM UTC	1178372040000	1	4	yes	8.3	75.9	20506	20827	9238	6574	450	43781	1247	220	472	4619	13	1474
May 5, 2007 5:35:00 AM UTC	1178372100000	0	5	yes	8.5	76.0	20506	20827	9248	6573	456	43766	1284	159	560	4604	0	1397
May 5, 2007 5:36:00 AM UTC	1178372160000	1	5	yes	8.7	76.2	20506	20827	9250	6557	457	43779	1310	186	561	4581	12	1526
May 5, 2007 5:37:00 AM UTC	1178372220000	0	4	yes	8.9	76.3	20506	20827	9240	6627	448	43728	1299	114	611	4567	15	1258
May 5, 2007 5:38:00 AM UTC	1178372280000	1	4	yes	9.1	76.4	20506	20827	9251	6558	451	43783	1335	236	542	4556	81	1406
May 5, 2007 5:39:00 AM UTC	1178372340000	0	5	yes	9.3	76.6	20506	20827	9251	6558	451	43783	1357	121	672	4535	16	1279
May 5, 2007 5:40:00 AM UTC	1178372400000	0	5	yes	9.5	76.7	20506	20827	9240	6627	439	43737	1344	127	678	4524	63	1544
May 5, 2007 5:41:00 AM UTC	1178372460000	0	5	yes	9.6	76.9	20506	20827	9251	6556	445	43791	1391	137	714	4505	34	1370
May 5, 2007 5:42:00 AM UTC	1178372520000	1	4	yes	9.8	77.0	20506	20827	9251	6556	443	43793	1410	177	600	4485	55	1159
May 5, 2007 5:43:00 AM UTC	1178372580000	0	5	yes	10.0	77.1	20506	20827	9242	6615	435	43751	1404	61	738	4467	61	1277
May 5, 2007 5:44:00 AM UTC	1178372640000	1	4	yes	10.2	77.3	20506	20827	9253	6545	441	43804	1443	174	696	4453	39	1164
May 5, 2007 5:45:00 AM UTC	1178372700000	0	5	yes	10.4	77.4	20506	20827	9251	6558	437	43797	1451	114	720	4440	42	1322
May 5, 2007 5:46:00 AM UTC	1178372760000	1	5	yes	10.6	77.6	20506	20827	9240	6629	421	43753	1441	193	750	4425	47	1221
May 5, 2007 5:47:00 AM UTC	1178372820000	1	5	yes	10.8	77.7	20506	20827	9251	6527	433	43832	1485	145	803	4409	47	1231
May 5, 2007 5:48:00 AM UTC	1178372880000	1	4	yes	11.0	77.9	20506	20827	9240	6597	423	43783	1480	204	703	4388	57	1186
May 5, 2007 5:49:00 AM UTC	1178372940000	1	5	yes	11.2	78.0	20506	20827	9240	6597	425	43781	1499	232	791	4368	96	1249
May 5, 2007 5:50:00 AM UTC	1178373000000	0	4	yes	11.4	78.1	20506	20827	9254	6428	435	43926	1548	113	804	4361	4	948
May 5, 2007 5:51:00 AM UTC	1178373060000	0	4	yes	11.6	78.3	20506	20827	9242	6513	425	43863	1537	70	839	4341	31	1042
May 5, 2007 5:52:00 AM UTC	1178373120000	0	4	yes	11.8	78.4	20506	20827	9242	6513	421	43867	1550	137	834	4328	25	970
May 5, 2007 5:53:00 AM UTC	1178373180000	1	4	yes	12.0	78.6	20506	20827	9253	6430	431	43929	1597	141	809	4313	41	912
May 5, 2007 5:54:00 AM UTC	1178373240000	0	4	yes	12.2	78.7	20506	20827	9243	6495	417	43888	1594	81	849	4289	0	879
May 5, 2007 5:55:00 AM UTC	1178373300000	0	4	yes	12.4	78.8	20506	20827	9243	6495	411	43894	1609	91	923	4274	0	933
May 5, 2007 5:56:00 AM UTC	1178373360000	0	4	yes	12.6	79.0	20506	20827	9253	6429	417	43944	1653	51	946	4256	1	882
May 5, 2007 5:57:00 AM UTC	1178373420000	0	4	yes	12.8	79.1	20506	20827	9243	6507	405	43888	1635	83	802	4247	0	981
May 5, 2007 5:58:00 AM UTC	1178373480000	0	4	yes	13.0	79.3	20506	20827	9243	6507	406	43887	1660	47	930	4224	10	888
May 5, 2007 5:59:00 AM UTC	1178373540000	0	4	yes	13.2	79.4	20506	20827	9255	6493	415	43880	1699	59	866	4205	0	868
May 5, 2007 6:00:00 AM UTC	1178373600000	0	4	yes	13.4	79.5	20506	20827	9245	6560	396	43842	1685	84	877	4198	14	889
May 5, 2007 6:01:00 AM UTC	1178373660000	0	4	yes	13.6	79.7	20506	20827	9245	6560	388	43850	1701	51	929	4180	1	954
May 5, 2007 6:02:00 AM UTC	1178373720000	0	4	yes	13.8	79.8	20506	20827	9257	6487	397	43902	1742	85	978	4171	10	941
May 5, 2007 6:03:00 AM UTC	1178373780000	0	4	yes	14.0	80.0	20506	20827	9246	6560	383	43854	1734	62	975	4154	8	857
May 5, 2007 6:04:00 AM UTC	1178373840000	0	4	yes	14.2	80.1	20506	20827	9246	6560	375	43862	1747	94	959	4145	7	899
May 5, 2007 6:05:00 AM UTC	1178373900000	0	4	yes	14.4	80.2	20506	20827	9247	6560	377	43859	1768	92	982	4121	5	864
May 5, 2007 6:06:00 AM UTC	1178373960000	0	4	yes	14.6	80.4	20506	20827	9247	6560	375	43861	1782	80	1025	4117	0	860
May 5, 2007 6:07:00 AM UTC	1178374020000	0	4	yes	14.8	80.5	20506	20827	9247	6560	368	43868	1799	117	923	4101	3	894
May 5, 2007 6:08:00 AM UTC	1178374080000	0	4	yes	15.0	80.7	20506	20827	9250	6549	362	43882	1820	122	956	4090	1	840
May 5, 2007 6:09:00 AM UTC	1178374140000	0	4	yes	15.2	80.8	20506	20827	9250	6549	357	43887	1832	87	986	4091	19	853
May 5, 2007 6:10:00 AM UTC	1178374200000	0	4	yes	15.4	80.9	20506	20827	9250	6520	354	43919	1856	125	1039	4059	0	863
May 5, 2007 6:11:00 AM UTC	1178374260000	1	4	yes	15.6	81.1	20506	20827	9251	6521	343	43928	1868	199	928	4047	0	855
May 5, 2007 6:12:00 AM UTC	1178374320000	0	4	yes	15.8	81.2	20506	20827	9251	6521	337	43934	1880	152	966	4049	0	885
May 5, 2007 6:13:00 AM UTC	1178374380000	1	5	yes	16.0	81.4	20506	20827	9251	6521	333	43938	1901	175	1018	4027	10	952
May 5, 2007 6:14:00 AM UTC	1178374440000	1	5	yes	16.2	81.5	20506	20827	9252	6520	329	43942	1918	240	1042	4018	15	979
May 5, 2007 6:15:00 AM UTC	1178374500000	1	4	yes	16.4	81.6	20506	20827	9252	6520	320	43951	1933	196	995	4010	11	919
May 5, 2007 6:16:00 AM UTC	1178374560000	0	5	yes	16.6	81.8	20506	20827	9252	6538	313	43940	1948	172	1085	3995	6	925
May 5, 2007 6:17:00 AM UTC	1178374620000	0	5	yes	16.7	81.9	20506	20827	9253	6527	311	43952	1971	169	1093	3989	8	892
May 5, 2007 6:18:00 AM UTC	1178374680000	1	5	yes	16.9	82.1	20506	20827	9254	6518	306	43965	1984	179	1163	3981	6	853
May 5, 2007 6:19:00 AM UTC	1178374740000	1	4	yes	17.1	82.2	20506	20827	9244	6588	285	43926	1970	187	1038	3973	1	855
May 5, 2007 6:20:00 AM UTC	1178374800000	1	4	yes	17.3	82.3	20506	20827	9255	6519	292	43977	2017	202	1103	3959	5	832
May 5, 2007 6:21:00 AM UTC	1178374860000	1	5	yes	17.5	82.5	20506	20827	9255	6519	290	43979	2032	234	1190	3956	0	921
May 5, 2007 6:22:00 AM UTC	1178374920000	1	5	yes	17.7	82.6	20506	20827	9245	6591	266	43941	2016	254	1156	3942	11	903
May 5, 2007 6:23:00 AM UTC	1178374980000	1	5	yes	17.9	82.8	20506	20827	9256	6520	275	43992	2060	283	1135	3938	5	914
May 5, 2007 6:24:00 AM UTC	1178375040000	1	5	yes	18.1	82.9	20506	20827	9256	6520	265	44002	2075	250	1214	3933	3	903
May 5, 2007 6:25:00 AM UTC	1178375100000	1	5	yes	18.3	83.1	20506	20827	9245	6662	238	43898	2052	282	1156	3918	3	893
May 5, 2007 6:26:00 AM UTC	1178375160000	1	4	yes	18.5	83.2	20506	20827	9256	6597	238	43952	2098	341	1146	3914	74	762
May 5, 2007 6:27:00 AM UTC	1178375220000	1	4	yes	18.7	83.3	20506	20827	9256	6597	234	43956	2112	292	1161	3908	64	789
May 5, 2007 6:28:00 AM UTC	1178375280000	1	4	yes	18.9	83.5	20506	20827	9257	6577	227	43982	2131	298	1207	3902	102	741
May 5, 2007 6:29:00 AM UTC	1178375340000	1	4	yes	19.1	83.6	20506	20827	9257	6577	215	43994	2147	301	1105	3892	97	660
May 5, 2007 6:30:00 AM UTC	1178375400000	1	4	yes	19.3	83.8	20506	20827	9257	6577	206	44003	2163	323	1169	3889	116	654
May 5, 2007 6:31:00 AM UTC	1178375460000	1	4	yes	19.5	83.9	20506	20827	9257	6583	195	44008	2176	306	1180	3885	80	690
May 5, 2007 6:32:00 AM UTC	1178375520000	1	4	yes	19.7	84.0	20506	20827	9258	6500	186	44099	2204	322	1167	3875	74	660
May 5, 2007 6:33:00 AM UTC	1178375580000	1	4	yes	19.9	84.2	20506	20827	9247	6544	166	44086	2187	321	1159	3872	71	732
May 5, 2007 6:34:00 AM UTC	1178375640000	1	5	yes	20.1	84.3	20506	20827	9258	6474	168	44143	2242	339	1249	3858	91	724
May 5, 2007 6:35:00 AM UTC	1178375700000	1	4	yes	20.3	84.5	20506	20827	9258	6486	158	44141	2249	360	1208	3860	111	667
May 5, 2007 6:36:00 AM UTC	1178375760000	1	4	yes	20.5	84.6	20506	20827	9248	6557	138	44100	2229	392	1196	3858	107	684
May 5, 2007 6:37:00 AM UTC	1178375820000	1	4	yes	20.7	84.7	20506	20827	9259	6486	142	44156	2283	371	1248	3845	122	657
May 5, 2007 6:38:00 AM UTC	1178375880000	1	4	yes	20.9	84.9	20506	20827	9259	6486	131	44167	2298	381	1228	3845	79	673
May 5, 2007 6:39:00 AM UTC	1178375940000	1	4	yes	21.1	85.0	20506	20827	9248	6557	110	44128	2275	379	1211	3842	134	619
May 5, 2007 6:40:00 AM UTC	1178376000000	1	4	yes	21.3	85.2	20506	20827	9260	6480	108	44195	2328	404	1219	3836	150	569
May 5, 2007 6:41:00 AM UTC	1178376060000	1	4	yes	21.5	85.3	20506	20827	9260	6480	97	44206	2340	407	1220	3833	155	576
May 5, 2007 6:42:00 AM UTC	1178376120000	1	4	yes	21.7	85.5	20506	20827	9249	6551	74	44169	2323	436	1176	3831	152	602
May 5, 2007 6:43:00 AM UTC	1178376180000	1	4	yes	21.9	85.6	20506	20827	9260	6481	69	44233	2372	403	1196	3828	166	574
May 5, 2007 6:44:00 AM UTC	1178376240000	1	4	yes	22.1	85.7	20506	20827	9260	6481	55	44247	2389	347	1354	3822	202	554
May 5, 2007 6:45:00 AM UTC	1178376300000	1	4	yes	22.3	85.9	20506	20827	9249	6552	34	44208	2362	290	1366	3825	200	543
May 5, 2007 6:46:00 AM UTC	1178376360000	1	4	yes	22.5	86.0	20506	20827	9260	6482	27	44274	2415	319	1323	3817	234	530
May 5, 2007 6:47:00 AM UTC	1178376420000	1	4	yes	22.7	86.2	20506	20827	9250	6553	12	44228	2392	329	1305	3813	207	530
May 5, 2007 6:48:00 AM UTC	1178376480000	2	4	yes	22.9	86.3	20506	20827	9260	6484	9	44290	2435	389	1320	3817	224	610
May 5, 2007 6:49:00 AM UTC	1178376540000	2	4	yes	23.1	86.5	20506	20827	9260	6484	1	44298	2454	356	1300	3813	296	534
May 5, 2007 6:50:00 AM UTC	1178376600000	1	4	yes	23.3	86.6	20506	20827	9250	6555	0	44238	2431	271	1338	3810	336	504
May 5, 2007 6:51:00 AM UTC	1178376660000	2	4	yes	23.5	86.7	20506	20827	9260	6485	0	44298	2475	305	1351	3812	374	538
May 5, 2007 6:52:00 AM UTC	1178376720000	2	4	yes	23.7	86.9	20506	20827	9260	6485	0	44298	2492	312	1371	3806	353	572
May 5, 2007 6:53:00 AM UTC	1178376780000	2	4	yes	23.9	87.0	20506	20827	9249	6627	0	44167	2453	294	1307	3804	364	585
May 5, 2007 6:54:00 AM UTC	1178376840000	2	4	yes	24.1	87.2	20506	20827	9259	6544	0	44240	2503	304	1308	3809	455	561
May 5, 2007 6:55:00 AM UTC	1178376900000	2	4	yes	24.3	87.3	20506	20827	9259	6544	0	44240	2519	283	1316	3808	485	575
May 5, 2007 6:56:00 AM UTC	1178376960000	2	4	yes	24.5	87.5	20506	20827	9249	6614	0	44180	2497	240	1337	3807	524	513
May 5, 2007 6:57:00 AM UTC	1178377020000	2	4	yes	24.7	87.6	20506	20827	9261	6543	0	44239	2542	302	1259	3810	543	492
May 5, 2007 6:58:00 AM UTC	1178377080000	2	4	yes	24.9	87.8	20506	20827	9249	6615	0	44179	2517	196	1316	3811	491	527
May 5, 2007 6:59:00 AM UTC	1178377140000	2	4	yes	25.1	87.9	20506	20827	9261	6544	0	44238	2575	208	1302	3806	445	542
May 5, 2007 7:00:00 AM UTC	1178377200000	2	4	yes	25.3	88.1	20506	20827	9261	6544	0	44238	2582	208	1317	3807	453	500
May 5, 2007 7:01:00 AM UTC	1178377260000	2	4	yes	25.5	88.2	20506	20827	9249	6616	0	44178	2552	178	1292	3811	466	488
May 5, 2007 7:02:00 AM UTC	1178377320000	2	5	yes	25.7	88.3	20506	20827	9261	6545	0	44237	2596	189	1360	3811	451	503
May 5, 2007 7:03:00 AM UTC	1178377380000	2	4	yes	25.9	88.5	20506	20827	9261	6545	0	44237	2611	171	1323	3814	414	477
May 5, 2007 7:04:00 AM UTC	1178377440000	2	5	yes	26.1	88.6	20506	20827	9249	6617	0	44177	2583	159	1366	3818	351	546
May 5, 2007 7:05:00 AM UTC	1178377500000	2	5	yes	26.3	88.8	20506	20827	9261	6545	0	44237	2641	145	1369	3816	321	509
May 5, 2007 7:06:00 AM UTC	1178377560000	2	4	yes	26.5	88.9	20506	20827	9249	6534	0	44260	2632	163	1261	3823	306	453
May 5, 2007 7:07:00 AM UTC	1178377620000	1	4	yes	26.7	89.1	20506	20827	9249	6534	0	44260	2637	181	1331	3826	273	493
May 5, 2007 7:08:00 AM UTC	1178377680000	1	4	yes	27.0	89.2	20506	20827	9261	6462	0	44320	2687	204	1319	3827	237	502
May 5, 2007 7:09:00 AM UTC	1178377740000	1	4	yes	27.2	89.4	20506	20827	9249	6533	0	44261	2636	175	1322	3827	246	394
May 5, 2007 7:10:00 AM UTC	1178377800000	1	4	yes	27.4	89.5	20506	20827	9261	6461	0	44321	2708	193	1261	3834	245	355
May 5, 2007 7:11:00 AM UTC	1178377860000	1	4	yes	27.6	89.7	20506	20827	9261	6461	0	44321	2716	186	1334	3841	188	412
May 5, 2007 7:12:00 AM UTC	1178377920000	1	4	yes	27.8	89.8	20506	20827	9249	6614	0	44180	2669	188	1262	3842	215	377
May 5, 2007 7:13:00 AM UTC	1178377980000	1	4	yes	28.0	90.0	20506	20827	9261	6506	0	44276	2739	186	1157	3848	242	384
May 5, 2007 7:14:00 AM UTC	1178378040000	1	4	yes	28.2	90.1	20506	20827	9261	6469	0	44313	2748	182	1207	3852	292	408
May 5, 2007 7:15:00 AM UTC	1178378100000	1	4	yes	28.4	90.3	20506	20827	9261	6469	0	44313	2760	154	1199	3855	320	397
May 5, 2007 7:16:00 AM UTC	1178378160000	1	4	yes	28.6	90.4	20506	20827	9261	6469	0	44313	2769	111	1229	3861	369	424
May 5, 2007 7:17:00 AM UTC	1178378220000	1	4	yes	28.8	90.6	20506	20827	9249	6541	0	44253	2708	69	1239	3874	406	429
May 5, 2007 7:18:00 AM UTC	1178378280000	1	4	yes	29.0	90.7	20506	20827	9261	6470	0	44312	2782	40	1249	3872	369	488
May 5, 2007 7:19:00 AM UTC	1178378340000	1	4	yes	29.2	90.9	20506	20827	9261	6470	0	44312	2791	47	1239	3882	407	520
May 5, 2007 7:20:00 AM UTC	1178378400000	1	4	yes	29.4	91.0	20506	20827	9249	6542	0	44252	2765	60	1168	3886	420	528
May 5, 2007 7:21:00 AM UTC	1178378460000	1	4	yes	29.6	91.2	20506	20827	9261	6471	0	44311	2801	54	1136	3899	414	542
May 5, 2007 7:22:00 AM UTC	1178378520000	1	4	yes	29.8	91.3	20506	20827	9249	6617	0	44177	2746	38	1096	3906	370	601
May 5, 2007 7:23:00 AM UTC	1178378580000	1	4	yes	30.0	91.5	20506	20827	9249	6617	0	44177	2751	42	1164	3914	370	606
May 5, 2007 7:24:00 AM UTC	1178378640000	1	4	yes	30.2	91.6	20506	20827	9261	6545	0	44237	2804	39	1086	3918	430	553
May 5, 2007 7:25:00 AM UTC	1178378700000	1	4	yes	30.4	91.8	20506	20827	9249	6616	0	44178	2769	46	1035	3928	451	602
May 5, 2007 7:26:00 AM UTC	1178378760000	1	4	yes	30.6	91.9	20506	20827	9261	6544	0	44238	2817	31	1104	3935	479	612
May 5, 2007 7:27:00 AM UTC	1178378820000	1	4	yes	30.8	92.1	20506	20827	9261	6544	0	44238	2823	20	1082	3948	489	623
May 5, 2007 7:28:00 AM UTC	1178378880000	1	4	yes	31.0	92.2	20506	20827	9249	6615	0	44179	2782	4	1023	3959	482	650
May 5, 2007 7:29:00 AM UTC	1178378940000	1	4	yes	31.2	92.4	20506	20827	9261	6543	0	44239	2839	4	991	3963	519	635
May 5, 2007 7:30:00 AM UTC	1178379000000	1	4	yes	31.4	92.5	20506	20827	9249	6614	0	44180	2798	1	984	3975	558	584
May 5, 2007 7:31:00 AM UTC	1178379060000	1	4	yes	31.6	92.7	20506	20827	9259	6544	0	44240	2837	11	943	3992	565	585
May 5, 2007 7:32:00 AM UTC	1178379120000	2	3	yes	31.8	92.9	20506	20827	9259	6544	0	44240	2848	16	948	3999	670	507
May 5, 2007 7:33:00 AM UTC	1178379180000	2	3	yes	32.0	93.0	20506	20827	9249	6627	0	44167	2794	32	866	4015	691	525
May 5, 2007 7:34:00 AM UTC	1178379240000	2	3	yes	32.2	93.2	20506	20827	9260	6477	0	44306	2869	49	878	4022	692	527
May 5, 2007 7:35:00 AM UTC	1178379300000	2	3	yes	32.4	93.3	20506	20827	9250	6549	0	44244	2828	46	842	4037	640	577
May 5, 2007 7:36:00 AM UTC	1178379360000	2	3	yes	32.6	93.5	20506	20827	9260	6478	0	44305	2876	49	868	4046	597	640
May 5, 2007 7:37:00 AM UTC	1178379420000	2	3	yes	32.8	93.6	20506	20827	9260	6478	0	44305	2875	54	810	4064	581	676
May 5, 2007 7:38:00 AM UTC	1178379480000	2	3	yes	33.0	93.8	20506	20827	9250	6549	0	44244	2829	44	756	4079	551	725
May 5, 2007 7:39:00 AM UTC	1178379540000	2	3	yes	33.2	93.9	20506	20827	9260	6479	0	44304	2875	41	777	4096	581	719
May 5, 2007 7:40:00 AM UTC	1178379600000	1	4	yes	33.4	94.1	20506	20827	9260	6479	0	44304	2877	37	763	4107	527	790
May 5, 2007 7:41:00 AM UTC	1178379660000	1	4	yes	33.6	94.3	20506	20827	9260	6480	0	44303	2876	33	782	4127	530	808
May 5, 2007 7:42:00 AM UTC	1178379720000	1	4	yes	33.8	94.4	20506	20827	9260	6480	0	44303	2872	33	734	4147	518	795
May 5, 2007 7:43:00 AM UTC	1178379780000	1	4	yes	34.0	94.6	20506	20827	9249	6551	0	44243	2829	22	726	4160	479	829
May 5, 2007 7:44:00 AM UTC	1178379840000	1	3	yes	34.2	94.7	20506	20827	9260	6481	0	44302	2872	18	666	4176	465	827
May 5, 2007 7:45:00 AM UTC	1178379900000	1	3	yes	34.4	94.9	20506	20827	9260	6481	0	44302	2871	12	651	4193	501	840
May 5, 2007 7:46:00 AM UTC	1178379960000	1	4	yes	34.6	95.1	20506	20827	9259	6489	0	44295	2865	11	693	4209	478	880
May 5, 2007 7:47:00 AM UTC	1178380020000	2	3	yes	34.8	95.2	20506	20827	9259	6489	0	44295	2868	10	661	4224	596	789
May 5, 2007 7:48:00 AM UTC	1178380080000	2	3	yes	35.0	95.4	20506	20827	9248	6561	0	44234	2820	6	570	4242	595	811
May 5, 2007 7:49:00 AM UTC	1178380140000	2	3	yes	35.2	95.5	20506	20827	9258	6491	0	44294	2856	13	566	4265	655	785
May 5, 2007 7:50:00 AM UTC	1178380200000	2	3	yes	35.4	95.7	20506	20827	9258	6478	0	44307	2856	3	555	4277	685	761
May 5, 2007 7:51:00 AM UTC	1178380260000	2	3	yes	35.6	95.9	20506	20827	9258	6478	0	44307	2859	10	518	4292	732	697
May 5, 2007 7:52:00 AM UTC	1178380320000	2	3	yes	35.8	96.0	20506	20827	9258	6504	0	44281	2865	1	441	4305	704	667
May 5, 2007 7:53:00 AM UTC	1178380380000	2	2	yes	36.0	96.2	20506	20827	9246	6652	0	44145	2784	0	358	4325	644	684
May 5, 2007 7:54:00 AM UTC	1178380440000	2	2	yes	36.2	96.4	20506	20827	9257	6574	0	44212	2830	0	378	4343	674	629
May 5, 2007 7:55:00 AM UTC	1178380500000	2	2	yes	36.4	96.5	20506	20827	9257	6574	0	44212	2830	0	306	4361	621	614
May 5, 2007 7:56:00 AM UTC	1178380560000	2	2	yes	36.6	96.7	20506	20827	9256	6598	0	44189	2816	0	340	4379	661	537
May 5, 2007 7:57:00 AM UTC	1178380620000	2	2	yes	36.8	96.9	20506	20827	9256	6598	0	44189	2811	2	263	4399	590	533
May 5, 2007 7:58:00 AM UTC	1178380680000	2	2	yes	37.0	97.0	20506	20827	9256	6513	0	44274	2841	0	221	4412	611	490
May 5, 2007 7:59:00 AM UTC	1178380740000	1	2	yes	37.2	97.2	20506	20827	9256	6513	0	44274	2845	0	186	4429	571	539
May 5, 2007 8:00:00 AM UTC	1178380800000	1	2	yes	37.4	97.4	20506	20827	9245	6585	0	44213	2803	0	174	4439	565	453
May 5, 2007 8:01:00 AM UTC	1178380860000	2	2	yes	37.6	97.5	20506	20827	9255	6514	0	44274	2834	0	181	4471	607	454
May 5, 2007 8:02:00 AM UTC	1178380920000	2	1	yes	37.8	97.7	20506	20827	9255	6514	0	44274	2839	0	121	4483	597	424
May 5, 2007 8:03:00 AM UTC	1178380980000	2	1	yes	38.0	97.9	20506	20827	9254	6514	0	44275	2840	1	120	4498	564	386
May 5, 2007 8:04:00 AM UTC	1178381040000	1	1	yes	38.2	98.0	20506	20827	9253	6523	0	44267	2836	0	50	4517	532	371
May 5, 2007 8:05:00 AM UTC	1178381100000	1	1	yes	38.4	98.2	20506	20827	9252	6534	0	44257	2822	0	47	4530	509	337
May 5, 2007 8:06:00 AM UTC	1178381160000	1	1	yes	38.6	98.4	20506	20827	9252	6517	0	44274	2828	0	40	4556	447	384
May 5, 2007 8:07:00 AM UTC	1178381220000	1	1	yes	38.8	98.6	20506	20827	9252	6517	0	44274	2823	2	78	4561	387	418
May 5, 2007 8:08:00 AM UTC	1178381280000	1	1	yes	39.0	98.7	20506	20827	9251	6518	0	44274	2821	14	67	4591	391	360
May 5, 2007 8:09:00 AM UTC	1178381340000	1	2	yes	39.2	98.9	20506	20827	9251	6518	0	44274	2819	16	96	4599	331	401
May 5, 2007 8:10:00 AM UTC	1178381400000	1	2	yes	39.4	99.1	20506	20827	9250	6550	0	44243	2814	10	87	4622	323	356
May 5, 2007 8:11:00 AM UTC	1178381460000	1	2	yes	39.6	99.3	20506	20827	9250	6550	0	44243	2813	0	23	4634	257	407
May 5, 2007 8:12:00 AM UTC	1178381520000	1	2	yes	39.7	99.4	20506	20827	9247	6562	0	44234	2811	3	17	4653	228	362
May 5, 2007 8:13:00 AM UTC	1178381580000	1	2	yes	39.9	99.6	20506	20827	9247	6562	0	44234	2808	0	16	4677	185	317
May 5, 2007 8:14:00 AM UTC	1178381640000	1	1	yes	40.1	99.8	20506	20827	9256	6493	0	44294	2841	0	21	4701	146	201
May 5, 2007 8:15:00 AM UTC	1178381700000	1	1	yes	40.3	100.0	20506	20827	9246	6565	0	44232	2807	5	43	4708	92	157
May 5, 2007 8:16:00 AM UTC	1178381760000	1	1	yes	40.5	100.1	20506	20827	9246	6565	0	44232	2802	5	70	4728	74	144
May 5, 2007 8:17:00 AM UTC	1178381820000	1	1	yes	40.7	100.3	20506	20827	9245	6565	0	44233	2799	2	52	4742	57	136
May 5, 2007 8:18:00 AM UTC	1178381880000	1	1	yes	40.9	100.5	20506	20827	9245	6565	0	44233	2798	0	0	4758	38	87
May 5, 2007 8:19:00 AM UTC	1178381940000	1	1	yes	41.1	100.7	20506	20827	9243	6506	0	44294	2816	0	1	4776	27	77
May 5, 2007 8:20:00 AM UTC	1178382000000	1	1	yes	41.3	100.9	20506	20827	9243	6506	0	44294	2814	0	26	4799	23	78
May 5, 2007 8:21:00 AM UTC	1178382060000	2	1	yes	41.5	101.1	20506	20827	9253	6427	0	44363	2845	8	70	4827	18	78
May 5, 2007 8:22:00 AM UTC	1178382120000	1	1	yes	41.7	101.2	20506	20827	9243	6493	0	44307	2811	4	45	4829	21	106
May 5, 2007 8:23:00 AM UTC	1178382180000	1	1	yes	41.9	101.4	20506	20827	9253	6428	0	44362	2851	2	59	4852	23	111
May 5, 2007 8:24:00 AM UTC	1178382240000	1	1	yes	42.1	101.6	20506	20827	9242	6513	0	44288	2808	30	85	4855	32	125
May 5, 2007 8:25:00 AM UTC	1178382300000	2	2	yes	42.3	101.8	20506	20827	9254	6430	0	44359	2852	199	171	4882	89	115
May 5, 2007 8:26:00 AM UTC	1178382360000	3	2	yes	42.5	102.0	20506	20827	9240	6591	0	44212	2763	517	212	4891	71	108
May 5, 2007 8:27:00 AM UTC	1178382420000	3	2	yes	42.7	102.2	20506	20827	9251	6521	0	44271	2801	457	128	4921	201	115
May 5, 2007 8:28:00 AM UTC	1178382480000	3	2	yes	42.9	102.4	20506	20827	9240	6590	0	44213	2767	282	116	4925	446	138
May 5, 2007 8:29:00 AM UTC	1178382540000	4	2	yes	43.1	102.5	20506	20827	9251	6555	0	44237	2804	350	129	4949	664	150
May 5, 2007 8:30:00 AM UTC	1178382600000	4	2	yes	43.3	102.7	20506	20827	9253	6542	0	44248	2807	548	140	4968	643	198
May 5, 2007 8:31:00 AM UTC	1178382660000	5	3	yes	43.5	102.9	20506	20827	9240	6626	0	44177	2759	440	183	4968	687	828
May 5, 2007 8:32:00 AM UTC	1178382720000	5	4	yes	43.7	103.1	20506	20827	9251	6555	0	44237	2792	484	271	5002	910	1111
May 5, 2007 8:33:00 AM UTC	1178382780000	5	2	yes	43.9	103.3	20506	20827	9240	6627	0	44176	2757	544	139	5007	940	364
May 5, 2007 8:34:00 AM UTC	1178382840000	6	2	yes	44.1	103.5	20506	20827	9251	6556	0	44236	2783	720	124	5034	902	354
May 5, 2007 8:35:00 AM UTC	1178382900000	6	3	yes	44.3	103.7	20506	20827	9240	6625	0	44178	2747	605	102	5041	990	370
May 5, 2007 8:36:00 AM UTC	1178382960000	6	3	yes	44.5	103.9	20506	20827	9250	6555	0	44238	2780	333	80	5066	1133	404
May 5, 2007 8:37:00 AM UTC	1178383020000	6	3	yes	44.7	104.1	20506	20827	9238	6566	0	44239	2765	153	45	5070	1289	416
May 5, 2007 8:38:00 AM UTC	1178383080000	6	3	yes	44.9	104.3	20506	20827	9250	6497	0	44296	2800	89	89	5100	1369	337
May 5, 2007 8:39:00 AM UTC	1178383140000	7	3	yes	45.1	104.5	20506	20827	9241	6569	0	44233	2768	165	139	5100	1229	385
May 5, 2007 8:40:00 AM UTC	1178383200000	7	3	yes	45.2	104.7	20506	20827	9250	6499	0	44294	2802	116	80	5130	1070	437
May 5, 2007 8:41:00 AM UTC	1178383260000	7	3	yes	45.4	104.9	20506	20827	9239	6567	0	44237	2760	55	84	5133	1032	426
May 5, 2007 8:42:00 AM UTC	1178383320000	8	4	yes	45.6	105.1	20506	20827	9248	6516	0	44279	2787	362	292	5160	937	451
May 5, 2007 8:43:00 AM UTC	1178383380000	7	3	yes	45.8	105.3	20506	20827	9238	6585	0	44220	2750	287	257	5161	935	380
May 5, 2007 8:44:00 AM UTC	1178383440000	8	5	yes	46.0	105.5	20506	20827	9248	6516	0	44279	2791	151	268	5190	955	957
May 5, 2007 8:45:00 AM UTC	1178383500000	8	4	yes	46.2	105.7	20506	20827	9248	6516	0	44279	2787	275	303	5204	885	811
May 5, 2007 8:46:00 AM UTC	1178383560000	8	4	yes	46.4	105.9	20506	20827	9248	6516	0	44279	2786	650	188	5224	734	349
May 5, 2007 8:47:00 AM UTC	1178383620000	9	4	yes	46.6	106.1	20506	20827	9247	6557	0	44239	2763	671	146	5238	787	648
May 5, 2007 8:48:00 AM UTC	1178383680000	9	3	yes	46.8	106.3	20506	20827	9246	6556	0	44241	2761	526	134	5255	865	414
May 5, 2007 8:49:00 AM UTC	1178383740000	9	4	yes	47.0	106.5	20506	20827	9256	6488	0	44299	2795	661	107	5285	1020	468
May 5, 2007 8:50:00 AM UTC	1178383800000	9	4	yes	47.2	106.7	20506	20827	9247	6557	0	44239	2759	589	111	5285	1267	577
May 5, 2007 8:51:00 AM UTC	1178383860000	10	4	yes	47.4	107.0	20506	20827	9254	6510	0	44279	2785	463	167	5306	1613	791
May 5, 2007 8:52:00 AM UTC	1178383920000	11	4	yes	47.6	107.2	20506	20827	9244	6578	0	44221	2754	677	149	5303	1885	622
May 5, 2007 8:53:00 AM UTC	1178383980000	12	4	yes	47.8	107.4	20506	20827	9256	6444	0	44343	2816	951	132	5343	2103	585
May 5, 2007 8:54:00 AM UTC	1178384040000	13	3	yes	47.9	107.6	20506	20827	9244	6518	0	44281	2779	908	118	5343	2311	434
May 5, 2007 8:55:00 AM UTC	1178384100000	12	3	yes	48.1	107.8	20506	20827	9254	6459	0	44330	2808	479	101	5369	2426	374
May 5, 2007 8:56:00 AM UTC	1178384160000	12	4	yes	48.3	108.0	20506	20827	9245	6527	0	44271	2767	149	68	5365	2408	438
May 5, 2007 8:57:00 AM UTC	1178384220000	12	4	yes	48.5	108.3	20506	20827	9256	6444	0	44343	2811	64	99	5408	2406	476
May 5, 2007 8:58:00 AM UTC	1178384280000	14	5	yes	48.7	108.5	20506	20827	9244	6509	0	44290	2765	426	128	5399	2273	462
May 5, 2007 8:59:00 AM UTC	1178384340000	15	5	yes	48.9	108.7	20506	20827	9252	6464	0	44327	2790	705	123	5427	2055	450
May 5, 2007 9:00:00 AM UTC	1178384400000	16	6	yes	49.1	108.9	20506	20827	9241	6531	0	44271	2753	572	145	5420	2152	508
May 5, 2007 9:01:00 AM UTC	1178384460000	19	7	yes	49.3	109.1	20506	20827	9252	6464	0	44327	2789	673	245	5452	2213	538
May 5, 2007 9:02:00 AM UTC	1178384520000	22	7	yes	49.5	109.4	20506	20827	9252	6467	0	44324	2787	1267	263	5464	2219	627
May 5, 2007 9:03:00 AM UTC	1178384580000	24	7	yes	49.7	109.6	20506	20827	9248	6489	0	44306	2773	1550	256	5474	2356	600
May 5, 2007 9:04:00 AM UTC	1178384640000	25	6	no	49.8	109.8	20506	20827	9249	6534	0	44260	2761	1615	297	5484	2430	633
May 5, 2007 9:05:00 AM UTC	1178384700000	26	7	no	50.0	110.1	20506	20827	9248	6610	0	44185	2727	2159	135	5496	2332	703
May 5, 2007 9:06:00 AM UTC	1178384760000	28	6	no	50.2	110.3	20506	20827	9250	6588	0	44205	2728	2443	85	5514	2356	670
May 5, 2007 9:07:00 AM UTC	1178384820000	29	6	no	50.4	110.5	20506	20827	9248	6542	0	44253	2746	2406	110	5529	2303	649
May 5, 2007 9:08:00 AM UTC	1178384880000	30	5	no	50.6	110.8	20506	20827	9248	6542	0	44253	2759	2476	63	5536	2444	623
May 5, 2007 9:09:00 AM UTC	1178384940000	30	6	no	50.8	111.0	20506	20827	9247	6544	0	44252	2748	2635	51	5552	2451	662
May 5, 2007 9:10:00 AM UTC	1178385000000	31	6	no	51.0	111.2	20506	20827	9243	6577	0	44223	2736	2716	15	5555	2603	705
May 5, 2007 9:11:00 AM UTC	1178385060000	33	6	no	51.2	111.5	20506	20827	9243	6577	0	44223	2732	2670	41	5562	2885	622
May 5, 2007 9:12:00 AM UTC	1178385120000	33	6	no	51.3	111.7	20506	20827	9243	6577	0	44223	2723	2497	66	5579	3100	720
May 5, 2007 9:13:00 AM UTC	1178385180000	32	6	no	51.5	112.0	20506	20827	9245	6576	0	44222	2724	2522	81	5593	3402	680
May 5, 2007 9:14:00 AM UTC	1178385240000	31	6	no	51.7	112.2	20506	20827	9256	6510	0	44277	2755	2600	58	5621	3521	655
May 5, 2007 9:15:00 AM UTC	1178385300000	31	6	no	51.9	112.4	20506	20827	9245	6576	0	44222	2722	2597	53	5617	3576	611
May 5, 2007 9:16:00 AM UTC	1178385360000	29	6	no	52.1	112.7	20506	20827	9248	6549	0	44246	2736	2363	149	5636	3608	575
May 5, 2007 9:17:00 AM UTC	1178385420000	29	6	no	52.3	112.9	20506	20827	9240	6603	0	44200	2709	1957	140	5631	3589	575
May 5, 2007 9:18:00 AM UTC	1178385480000	29	6	no	52.5	113.2	20506	20827	9251	6537	0	44255	2739	1692	109	5662	3682	520
May 5, 2007 9:19:00 AM UTC	1178385540000	29	6	yes	52.6	113.4	20506	20827	9251	6480	0	44312	2765	1670	130	5676	3708	536
May 5, 2007 9:20:00 AM UTC	1178385600000	28	6	yes	52.8	113.7	20506	20827	9251	6480	0	44312	2760	1196	184	5688	3678	616
May 5, 2007 9:21:00 AM UTC	1178385660000	26	6	yes	53.0	114.0	20506	20827	9251	6481	0	44311	2759	750	277	5700	3659	761
May 5, 2007 9:22:00 AM UTC	1178385720000	24	6	yes	53.2	114.2	20506	20827	9246	6559	0	44238	2730	516	182	5699	3755	797
May 5, 2007 9:23:00 AM UTC	1178385780000	24	6	yes	53.4	114.5	20506	20827	9246	6559	0	44238	2728	366	191	5707	3954	834
May 5, 2007 9:24:00 AM UTC	1178385840000	22	7	yes	53.6	114.7	20506	20827	9249	6529	0	44265	2736	141	86	5731	4001	852
May 5, 2007 9:25:00 AM UTC	1178385900000	21	7	yes	53.7	115.0	20506	20827	9246	6559	0	44238	2724	12	32	5728	3983	839
May 5, 2007 9:26:00 AM UTC	1178385960000	21	6	yes	53.9	115.3	20506	20827	9246	6559	0	44238	2719	15	56	5741	3802	957
May 5, 2007 9:27:00 AM UTC	1178386020000	21	6	yes	54.1	115.5	20506	20827	9256	6493	0	44294	2756	96	63	5770	3605	945
May 5, 2007 9:28:00 AM UTC	1178386080000	22	6	yes	54.3	115.8	20506	20827	9241	6602	0	44200	2690	202	95	5744	3409	879
May 5, 2007 9:29:00 AM UTC	1178386140000	22	5	yes	54.5	116.1	20506	20827	9245	6573	0	44225	2708	648	117	5769	3297	791
May 5, 2007 9:30:00 AM UTC	1178386200000	21	5	yes	54.7	116.3	20506	20827	9252	6474	0	44317	2758	815	111	5789	3070	640
May 5, 2007 9:31:00 AM UTC	1178386260000	19	5	yes	54.8	116.6	20506	20827	9241	6538	0	44264	2731	369	105	5776	2624	719
May 5, 2007 9:32:00 AM UTC	1178386320000	18	5	yes	55.0	116.9	20506	20827	9252	6475	0	44316	2753	316	177	5809	2387	748
May 5, 2007 9:33:00 AM UTC	1178386380000	19	6	yes	55.2	117.2	20506	20827	9252	6475	0	44316	2753	644	204	5811	2136	701
May 5, 2007 9:34:00 AM UTC	1178386440000	19	6	yes	55.4	117.5	20506	20827	9252	6475	0	44316	2757	759	230	5824	2097	687
May 5, 2007 9:35:00 AM UTC	1178386500000	20	6	yes	55.5	117.7	20506	20827	9247	6509	0	44287	2734	864	189	5820	2120	639
May 5, 2007 9:36:00 AM UTC	1178386560000	20	6	yes	55.7	118.0	20506	20827	9247	6509	0	44287	2731	756	214	5827	2195	613
May 5, 2007 9:37:00 AM UTC	1178386620000	20	6	yes	55.9	118.3	20506	20827	9247	6528	0	44268	2713	607	134	5828	2177	575
May 5, 2007 9:38:00 AM UTC	1178386680000	20	5	yes	56.1	118.6	20506	20827	9247	6528	0	44268	2715	711	130	5837	2154	589
May 5, 2007 9:39:00 AM UTC	1178386740000	20	5	no	56.3	118.9	20506	20827	9250	6554	0	44239	2708	1117	154	5845	1998	608
May 5, 2007 9:40:00 AM UTC	1178386800000	21	5	yes	56.4	119.2	20506	20827	9247	6526	0	44270	2730	1425	199	5852	2087	510
May 5, 2007 9:41:00 AM UTC	1178386860000	22	5	yes	56.6	119.5	20506	20827	9247	6527	0	44269	2734	1433	100	5853	2036	672
May 5, 2007 9:42:00 AM UTC	1178386920000	23	6	no	56.8	119.8	20506	20827	9252	6493	0	44298	2746	1635	166	5869	2132	564
May 5, 2007 9:43:00 AM UTC	1178386980000	22	6	no	57.0	120.1	20506	20827	9252	6493	0	44298	2743	1287	240	5880	2079	628
May 5, 2007 9:44:00 AM UTC	1178387040000	23	6	no	57.1	120.4	20506	20827	9252	6493	0	44298	2741	1056	197	5881	2134	598
May 5, 2007 9:45:00 AM UTC	1178387100000	23	7	yes	57.3	120.7	20506	20827	9252	6511	0	44280	2720	981	141	5880	2081	621
May 5, 2007 9:46:00 AM UTC	1178387160000	24	7	yes	57.5	121.0	20506	20827	9247	6555	0	44241	2699	969	139	5875	2106	567
May 5, 2007 9:47:00 AM UTC	1178387220000	25	7	yes	57.6	121.3	20506	20827	9252	6520	0	44271	2712	1001	141	5883	2151	668
May 5, 2007 9:48:00 AM UTC	1178387280000	24	8	yes	57.8	121.6	20506	20827	9247	6555	0	44241	2701	704	91	5878	2175	712
May 5, 2007 9:49:00 AM UTC	1178387340000	23	8	yes	58.0	122.0	20506	20827	9242	6535	0	44266	2715	255	50	5870	2122	805
May 5, 2007 9:50:00 AM UTC	1178387400000	23	7	yes	58.2	122.3	20506	20827	9256	6435	0	44352	2772	37	12	5911	2046	848
May 5, 2007 9:51:00 AM UTC	1178387460000	23	7	yes	58.3	122.6	20506	20827	9241	6530	0	44272	2716	5	19	5872	1919	935
May 5, 2007 9:52:00 AM UTC	1178387520000	24	8	yes	58.5	122.9	20506	20827	9249	6503	0	44291	2724	12	40	5893	1865	964
May 5, 2007 9:53:00 AM UTC	1178387580000	26	9	yes	58.7	123.3	20506	20827	9248	6504	0	44291	2719	31	65	5894	1855	1124
May 5, 2007 9:54:00 AM UTC	1178387640000	27	10	yes	58.8	123.6	20506	20827	9248	6504	0	44291	2719	33	57	5894	1936	1080
May 5, 2007 9:55:00 AM UTC	1178387700000	29	10	yes	59.0	123.9	20506	20827	9248	6504	0	44291	2723	230	153	5892	1929	1102
May 5, 2007 9:56:00 AM UTC	1178387760000	30	10	yes	59.2	124.3	20506	20827	9248	6504	0	44291	2726	405	184	5892	1877	909
May 5, 2007 9:57:00 AM UTC	1178387820000	32	9	yes	59.3	124.6	20506	20827	9246	6487	0	44310	2742	679	118	5894	1873	701
May 5, 2007 9:58:00 AM UTC	1178387880000	31	8	yes	59.5	124.9	20506	20827	9251	6488	0	44304	2744	360	195	5893	1935	651
May 5, 2007 9:59:00 AM UTC	1178387940000	30	8	yes	59.7	125.3	20506	20827	9242	6582	0	44219	2679	191	132	5876	2143	584
May 5, 2007 10:00:00 AM UTC	1178388000000	30	8	yes	59.8	125.6	20506	20827	9243	6582	0	44218	2687	216	99	5886	2465	527
May 5, 2007 10:01:00 AM UTC	1178388060000	31	8	yes	60.0	126.0	20506	20827	9245	6565	0	44233	2689	230	54	5884	2618	510
May 5, 2007 10:02:00 AM UTC	1178388120000	33	8	yes	60.1	126.3	20506	20827	9252	6525	0	44266	2707	653	110	5896	2729	470
May 5, 2007 10:03:00 AM UTC	1178388180000	34	8	yes	60.3	126.7	20506	20827	9254	6507	0	44282	2715	677	112	5903	2579	565
May 5, 2007 10:04:00 AM UTC	1178388240000	35	8	yes	60.5	127.1	20506	20827	9238	6607	0	44198	2682	371	40	5869	2395	579
May 5, 2007 10:05:00 AM UTC	1178388300000	36	8	yes	60.6	127.4	20506	20827	9247	6509	0	44287	2734	118	38	5895	2488	525
May 5, 2007 10:06:00 AM UTC	1178388360000	38	9	yes	60.8	127.8	20506	20827	9247	6538	0	44258	2713	11	43	5890	2594	501
May 5, 2007 10:07:00 AM UTC	1178388420000	42	8	yes	60.9	128.2	20506	20827	9248	6538	0	44257	2702	8	11	5890	2673	520
May 5, 2007 10:08:00 AM UTC	1178388480000	47	8	yes	61.1	128.5	20506	20827	9247	6539	0	44257	2711	21	16	5887	2777	584
May 5, 2007 10:09:00 AM UTC	1178388540000	53	9	yes	61.3	128.9	20506	20827	9247	6539	0	44257	2704	212	161	5890	2839	637
May 5, 2007 10:10:00 AM UTC	1178388600000	57	8	yes	61.4	129.3	20506	20827	9240	6586	0	44217	2679	672	94	5872	2824	591
May 5, 2007 10:11:00 AM UTC	1178388660000	60	8	yes	61.6	129.7	20506	20827	9246	6539	0	44258	2703	938	126	5889	2737	639
May 5, 2007 10:12:00 AM UTC	1178388720000	61	8	yes	61.7	130.1	20506	20827	9255	6474	0	44314	2730	1193	99	5911	2559	580
May 5, 2007 10:13:00 AM UTC	1178388780000	61	9	no	61.9	130.5	20506	20827	9249	6519	0	44275	2713	1589	220	5892	2411	562
May 5, 2007 10:14:00 AM UTC	1178388840000	61	10	no	62.0	130.8	20506	20827	9249	6519	0	44275	2714	2116	275	5894	2392	560
May 5, 2007 10:15:00 AM UTC	1178388900000	59	11	no	62.2	131.2	20506	20827	9242	6564	0	44237	2690	1784	191	5877	2409	558
May 5, 2007 10:16:00 AM UTC	1178388960000	57	10	no	62.3	131.6	20506	20827	9250	6518	0	44275	2711	1287	196	5895	2506	568
May 5, 2007 10:17:00 AM UTC	1178389020000	57	9	yes	62.5	132.0	20506	20827	9243	6563	0	44237	2687	1612	280	5877	2673	584
May 5, 2007 10:18:00 AM UTC	1178389080000	56	8	yes	62.6	132.5	20506	20827	9251	6510	0	44282	2718	1912	176	5900	2945	576
May 5, 2007 10:19:00 AM UTC	1178389140000	56	8	yes	62.8	132.9	20506	20827	9251	6581	0	44211	2683	1771	156	5895	3065	602
May 5, 2007 10:20:00 AM UTC	1178389200000	57	8	no	62.9	133.3	20506	20827	9244	6628	0	44171	2665	1643	122	5874	3106	513
May 5, 2007 10:21:00 AM UTC	1178389260000	56	9	no	63.1	133.7	20506	20827	9251	6577	0	44215	2689	1475	151	5893	3217	415
May 5, 2007 10:22:00 AM UTC	1178389320000	57	11	no	63.2	134.1	20506	20827	9251	6580	0	44212	2683	958	139	5896	3246	432
May 5, 2007 10:23:00 AM UTC	1178389380000	59	13	no	63.4	134.6	20506	20827	9244	6628	0	44171	2667	729	308	5875	3285	343
May 5, 2007 10:24:00 AM UTC	1178389440000	64	12	yes	63.5	135.0	20506	20827	9252	6571	0	44220	2682	979	471	5896	3354	413
May 5, 2007 10:25:00 AM UTC	1178389500000	68	12	yes	63.6	135.4	20506	20827	9253	6570	0	44220	2688	1154	526	5901	3557	425
May 5, 2007 10:26:00 AM UTC	1178389560000	72	11	yes	63.8	135.9	20506	20827	9245	6620	0	44178	2665	1303	775	5874	3801	371
May 5, 2007 10:27:00 AM UTC	1178389620000	76	9	yes	63.9	136.3	20506	20827	9245	6617	0	44181	2673	1523	737	5875	3971	432
May 5, 2007 10:28:00 AM UTC	1178389680000	80	9	yes	64.1	136.8	20506	20827	9253	6571	0	44219	2681	1444	894	5897	4246	413
May 5, 2007 10:29:00 AM UTC	1178389740000	79	12	no	64.2	137.2	20506	20827	9253	6570	0	44220	2688	1386	1027	5895	4263	593
May 5, 2007 10:30:00 AM UTC	1178389800000	80	11	no	64.3	137.7	20506	20827	9245	6630	0	44168	2659	1872	361	5874	4376	708
May 5, 2007 10:31:00 AM UTC	1178389860000	81	11	no	64.5	138.1	20506	20827	9244	6631	0	44168	2651	2096	270	5875	4490	694
May 5, 2007 10:32:00 AM UTC	1178389920000	82	10	no	64.6	138.6	20506	20827	9247	6566	0	44230	2699	2296	319	5881	4427	741
May 5, 2007 10:33:00 AM UTC	1178389980000	83	8	no	64.7	139.1	20506	20827	9253	6522	0	44268	2701	2594	107	5898	4506	720
May 5, 2007 10:34:00 AM UTC	1178390040000	83	8	yes	64.9	139.5	20506	20827	9253	6522	0	44268	2716	2559	118	5898	4483	688
May 5, 2007 10:35:00 AM UTC	1178390100000	82	10	yes	65.0	140.0	20506	20827	9247	6579	0	44217	2679	2206	175	5878	4715	642
May 5, 2007 10:36:00 AM UTC	1178390160000	82	11	yes	65.1	140.5	20506	20827	9253	6541	0	44249	2704	1998	635	5893	5102	426
May 5, 2007 10:37:00 AM UTC	1178390220000	85	8	yes	65.3	141.0	20506	20827	9254	6541	0	44248	2700	2312	388	5893	5338	327
May 5, 2007 10:38:00 AM UTC	1178390280000	86	6	yes	65.4	141.5	20506	20827	9253	6541	0	44249	2705	2481	224	5896	5402	291
May 5, 2007 10:39:00 AM UTC	1178390340000	87	5	yes	65.5	141.9	20506	20827	9259	6497	0	44287	2722	2529	189	5913	5574	177
May 5, 2007 10:40:00 AM UTC	1178390400000	87	5	yes	65.6	142.4	20506	20827	9243	6614	0	44186	2674	2429	222	5876	5675	105
May 5, 2007 10:41:00 AM UTC	1178390460000	86	5	yes	65.7	142.9	20506	20827	9243	6620	0	44180	2677	2132	280	5877	5798	22
May 5, 2007 10:42:00 AM UTC	1178390520000	85	5	yes	65.9	143.5	20506	20827	9249	6571	0	44223	2691	1954	351	5892	5825	19
May 5, 2007 10:43:00 AM UTC	1178390580000	84	5	yes	66.0	144.0	20506	20827	9250	6570	0	44223	2687	1920	263	5889	5845	3
May 5, 2007 10:44:00 AM UTC	1178390640000	83	5	yes	66.1	144.5	20506	20827	9256	6528	0	44259	2700	2163	207	5907	5890	5
May 5, 2007 10:45:00 AM UTC	1178390700000	83	5	yes	66.2	145.0	20506	20827	9255	6553	0	44235	2689	2393	136	5885	5865	5
May 5, 2007 10:46:00 AM UTC	1178390760000	82	6	yes	66.3	145.5	20506	20827	9247	6610	0	44186	2672	2557	74	5884	5871	3
May 5, 2007 10:47:00 AM UTC	1178390820000	80	7	yes	66.4	146.1	20506	20827	9254	6575	0	44214	2680	2306	235	5895	5888	4
May 5, 2007 10:48:00 AM UTC	1178390880000	80	7	yes	66.6	146.6	20506	20827	9255	6512	0	44276	2718	2324	220	5898	5892	2
May 5, 2007 10:49:00 AM UTC	1178390940000	80	8	yes	66.7	147.1	20506	20827	9252	6531	0	44260	2704	2327	208	5889	5875	9
May 5, 2007 10:50:00 AM UTC	1178391000000	79	9	yes	66.8	147.7	20506	20827	9245	6598	0	44200	2681	2347	290	5875	5833	19
May 5, 2007 10:51:00 AM UTC	1178391060000	79	9	yes	66.9	148.2	20506	20827	9247	6599	0	44197	2679	2525	154	5873	5741	41
May 5, 2007 10:52:00 AM UTC	1178391120000	79	10	yes	67.0	148.8	20506	20827	9252	6561	0	44230	2693	2401	292	5887	5643	55
May 5, 2007 10:53:00 AM UTC	1178391180000	79	10	yes	67.1	149.3	20506	20827	9243	6618	0	44182	2664	2222	439	5869	5434	99
May 5, 2007 10:54:00 AM UTC	1178391240000	80	10	yes	67.2	149.9	20506	20827	9256	6557	0	44230	2687	1961	725	5899	5238	96
May 5, 2007 10:55:00 AM UTC	1178391300000	82	9	yes	67.3	150.4	20506	20827	9247	6618	0	44178	2661	1804	827	5879	5040	124
May 5, 2007 10:56:00 AM UTC	1178391360000	84	9	yes	67.4	151.0	20506	20827	9253	6583	0	44207	2674	1950	723	5894	4980	217
May 5, 2007 10:57:00 AM UTC	1178391420000	85	8	yes	67.5	151.6	20506	20827	9247	6617	0	44179	2666	2068	595	5881	4835	327
May 5, 2007 10:58:00 AM UTC	1178391480000	88	6	yes	67.6	152.2	20506	20827	9245	6569	0	44229	2706	2484	222	5874	4846	456
May 5, 2007 10:59:00 AM UTC	1178391540000	91	5	yes	67.7	152.7	20506	20827	9252	6576	0	44215	2683	2642	41	5889	4820	528
May 5, 2007 11:00:00 AM UTC	1178391600000	92	4	yes	67.8	153.3	20506	20827	9248	6604	0	44191	2667	2667	0	5878	4714	476
May 5, 2007 11:01:00 AM UTC	1178391660000	93	4	no	67.9	153.9	20506	20827	9248	6604	0	44191	2665	2665	0	5878	4701	372
May 5, 2007 11:02:00 AM UTC	1178391720000	93	3	no	67.9	154.5	20506	20827	9246	6610	0	44187	2665	2665	0	5878	4680	389
May 5, 2007 11:03:00 AM UTC	1178391780000	95	3	no	68.0	155.1	20506	20827	9252	6552	0	44239	2702	2702	0	5893	4711	422
May 5, 2007 11:04:00 AM UTC	1178391840000	96	2	no	68.1	155.7	20506	20827	9241	6681	0	44121	2632	2632	0	5862	4837	346
May 5, 2007 11:05:00 AM UTC	1178391900000	96	2	no	68.2	156.3	20506	20827	9250	6620	0	44173	2653	2653	0	5886	4908	357
May 5, 2007 11:06:00 AM UTC	1178391960000	96	2	no	68.3	156.9	20506	20827	9245	6609	0	44189	2665	2665	0	5879	4996	291
May 5, 2007 11:07:00 AM UTC	1178392020000	97	1	no	68.4	157.5	20506	20827	9250	6563	0	44230	2694	2694	0	5894	5155	214
May 5, 2007 11:08:00 AM UTC	1178392080000	97	1	no	68.4	158.2	20506	20827	9247	6632	0	44164	2646	2646	0	5884	5228	220
May 5, 2007 11:09:00 AM UTC	1178392140000	97	1	no	68.5	158.8	20506	20827	9249	6633	0	44161	2646	2646	0	5881	5270	234
May 5, 2007 11:10:00 AM UTC	1178392200000	97	2	no	68.6	159.4	20506	20827	9249	6554	0	44240	2692	2692	0	5893	5322	255
May 5, 2007 11:11:00 AM UTC	1178392260000	97	2	no	68.6	160.0	20506	20827	9243	6578	0	44222	2699	2699	0	5881	5408	223
May 5, 2007 11:12:00 AM UTC	1178392320000	97	2	no	68.7	160.7	20506	20827	9256	6490	0	44297	2725	2725	0	5914	5502	204
May 5, 2007 11:13:00 AM UTC	1178392380000	97	2	no	68.8	161.3	20506	20827	9243	6610	0	44190	2666	2666	0	5876	5541	174
May 5, 2007 11:14:00 AM UTC	1178392440000	96	2	no	68.8	161.9	20506	20827	9246	6589	0	44208	2676	2676	0	5885	5614	154
May 5, 2007 11:15:00 AM UTC	1178392500000	96	3	no	68.9	162.6	20506	20827	9250	6556	0	44237	2693	2693	0	5895	5672	160
May 5, 2007 11:16:00 AM UTC	1178392560000	95	3	no	69.0	163.2	20506	20827	9250	6556	0	44237	2698	2698	0	5895	5755	129
May 5, 2007 11:17:00 AM UTC	1178392620000	95	3	no	69.0	163.9	20506	20827	9241	6622	0	44180	2675	2675	0	5870	5805	60
May 5, 2007 11:18:00 AM UTC	1178392680000	95	3	no	69.1	164.5	20506	20827	9252	6608	0	44183	2652	2652	0	5892	5871	21
May 5, 2007 11:19:00 AM UTC	1178392740000	94	3	no	69.1	165.2	20506	20827	9243	6636	0	44164	2664	2664	0	5873	5857	16
May 5, 2007 11:20:00 AM UTC	1178392800000	95	3	no	69.2	165.9	20506	20827	9245	6618	0	44180	2670	2670	0	5880	5872	8
May 5, 2007 11:21:00 AM UTC	1178392860000	95	2	no	69.2	166.5	20506	20827	9246	6617	0	44180	2664	2664	0	5881	5881	0
May 5, 2007 11:22:00 AM UTC	1178392920000	95	3	no	69.3	167.2	20506	20827	9245	6686	0	44112	2614	2614	0	5874	5874	0
May 5, 2007 11:23:00 AM UTC	1178392980000	96	2	no	69.3	167.9	20506	20827	9247	6591	0	44205	2678	2678	0	5891	5891	0
May 5, 2007 11:24:00 AM UTC	1178393040000	96	2	yes	69.4	168.5	20506	20827	9246	6591	0	44206	2676	2676	0	5892	5892	0
May 5, 2007 11:25:00 AM UTC	1178393100000	96	3	no	69.4	169.2	20506	20827	9241	6619	0	44183	2669	2669	0	5862	5862	0
May 5, 2007 11:26:00 AM UTC	1178393160000	96	3	yes	69.4	169.9	20506	20827	9249	6550	0	44244	2699	2699	0	5893	5893	0
May 5, 2007 11:27:00 AM UTC	1178393220000	96	2	yes	69.5	170.5	20506	20827	9252	6612	0	44179	2655	2655	0	5895	5895	0
May 5, 2007 11:28:00 AM UTC	1178393280000	97	1	yes	69.5	171.2	20506	20827	9241	6680	0	44122	2638	2638	0	5868	5866	2
May 5, 2007 11:29:00 AM UTC	1178393340000	96	2	yes	69.5	171.9	20506	20827	9244	6669	0	44130	2632	2632	0	5874	5869	5
May 5, 2007 11:30:00 AM UTC	1178393400000	96	3	no	69.6	172.6	20506	20827	9245	6646	0	44152	2644	2644	0	5871	5840	31
May 5, 2007 11:31:00 AM UTC	1178393460000	96	2	no	69.6	173.3	20506	20827	9258	6493	0	44292	2726	2726	0	5910	5860	50
May 5, 2007 11:32:00 AM UTC	1178393520000	95	3	no	69.6	174.0	20506	20827	9248	6560	0	44235	2711	2711	0	5884	5801	75
May 5, 2007 11:33:00 AM UTC	1178393580000	94	4	no	69.6	174.6	20506	20827	9248	6633	0	44162	2661	2661	0	5877	5733	134
May 5, 2007 11:34:00 AM UTC	1178393640000	91	6	no	69.6	175.3	20506	20827	9246	6638	0	44159	2660	2660	0	5876	5692	142
May 5, 2007 11:35:00 AM UTC	1178393700000	89	8	no	69.7	176.0	20506	20827	9247	6619	0	44177	2666	2666	0	5878	5657	123
May 5, 2007 11:36:00 AM UTC	1178393760000	87	9	no	69.7	176.7	20506	20827	9247	6615	0	44181	2660	2660	0	5882	5617	150
May 5, 2007 11:37:00 AM UTC	1178393820000	84	11	no	69.7	177.4	20506	20827	9247	6615	0	44181	2669	2669	0	5883	5579	181
May 5, 2007 11:38:00 AM UTC	1178393880000	81	11	no	69.7	178.1	20506	20827	9249	6612	0	44182	2665	2665	0	5881	5587	155
May 5, 2007 11:39:00 AM UTC	1178393940000	79	10	no	69.7	178.8	20506	20827	9250	6591	0	44202	2669	2669	0	5883	5594	181
May 5, 2007 11:40:00 AM UTC	1178394000000	76	9	no	69.7	179.5	20506	20827	9249	6592	0	44202	2669	2669	0	5884	5641	153
May 5, 2007 11:41:00 AM UTC	1178394060000	73	8	no	69.7	180.2	20506	20827	9249	6592	0	44202	2669	2667	2	5887	5648	160
May 5, 2007 11:42:00 AM UTC	1178394120000	70	7	no	69.7	180.9	20506	20827	9249	6592	0	44202	2676	2676	0	5883	5692	125
May 5, 2007 11:43:00 AM UTC	1178394180000	66	7	yes	69.7	181.5	20506	20827	9250	6606	0	44187	2667	2667	0	5882	5707	139
May 5, 2007 11:44:00 AM UTC	1178394240000	63	7	yes	69.7	182.2	20506	20827	9248	6612	0	44183	2670	2670	0	5884	5752	114
May 5, 2007 11:45:00 AM UTC	1178394300000	60	7	yes	69.7	182.9	20506	20827	9246	6614	0	44183	2666	2654	12	5883	5767	97
May 5, 2007 11:46:00 AM UTC	1178394360000	58	8	yes	69.7	183.6	20506	20827	9247	6613	0	44183	2663	2496	135	5881	5796	85
May 5, 2007 11:47:00 AM UTC	1178394420000	56	8	yes	69.6	184.3	20506	20827	9247	6622	0	44174	2663	2183	272	5878	5806	72
May 5, 2007 11:48:00 AM UTC	1178394480000	54	8	yes	69.6	185.0	20506	20827	9247	6628	0	44168	2650	1840	428	5878	5842	36
May 5, 2007 11:49:00 AM UTC	1178394540000	52	8	yes	69.6	185.7	20506	20827	9247	6635	0	44161	2657	1701	283	5874	5860	14
May 5, 2007 11:50:00 AM UTC	1178394600000	50	8	yes	69.6	186.4	20506	20827	9259	6491	0	44293	2726	1390	388	5908	5899	9
May 5, 2007 11:51:00 AM UTC	1178394660000	47	9	yes	69.6	187.0	20506	20827	9256	6570	0	44217	2682	1108	350	5902	5902	0
May 5, 2007 11:52:00 AM UTC	1178394720000	44	9	yes	69.5	187.7	20506	20827	9244	6641	0	44158	2645	871	396	5868	5862	6
May 5, 2007 11:53:00 AM UTC	1178394780000	43	10	yes	69.5	188.4	20506	20827	9242	6672	0	44129	2638	837	490	5872	5817	55
May 5, 2007 11:54:00 AM UTC	1178394840000	43	10	yes	69.5	189.1	20506	20827	9250	6610	0	44183	2659	581	467	5892	5762	113
May 5, 2007 11:55:00 AM UTC	1178394900000	42	10	yes	69.5	189.8	20506	20827	9251	6533	0	44259	2708	730	350	5904	5694	158
May 5, 2007 11:56:00 AM UTC	1178394960000	41	10	yes	69.4	190.4	20506	20827	9238	6614	0	44191	2675	988	254	5868	5455	276
May 5, 2007 11:57:00 AM UTC	1178395020000	40	9	no	69.4	191.1	20506	20827	9237	6614	0	44192	2676	1090	192	5882	5257	340
May 5, 2007 11:58:00 AM UTC	1178395080000	38	9	no	69.3	191.8	20506	20827	9247	6588	0	44208	2684	945	134	5893	5116	383
May 5, 2007 11:59:00 AM UTC	1178395140000	37	10	yes	69.3	192.5	20506	20827	9245	6600	0	44198	2677	706	170	5884	5127	305
May 5, 2007 12:00:00 PM UTC	1178395200000	37	9	yes	69.3	193.1	20506	20827	9257	6545	0	44241	2685	542	248	5910	5093	324
May 5, 2007 12:01:00 PM UTC	1178395260000	36	9	yes	69.2	193.8	20506	20827	9245	6613	0	44185	2661	241	253	5880	5017	302
May 5, 2007 12:02:00 PM UTC	1178395320000	35	10	yes	69.2	194.5	20506	20827	9245	6613	0	44185	2666	83	136	5879	4820	396
May 5, 2007 12:03:00 PM UTC	1178395380000	35	10	yes	69.1	195.1	20506	20827	9252	6597	0	44194	2666	22	107	5894	4548	574
May 5, 2007 12:04:00 PM UTC	1178395440000	35	10	yes	69.1	195.8	20506	20827	9239	6689	0	44115	2627	163	112	5862	4372	698
May 5, 2007 12:05:00 PM UTC	1178395500000	36	10	yes	69.0	196.4	20506	20827	9240	6617	0	44186	2677	199	111	5869	4287	765
May 5, 2007 12:06:00 PM UTC	1178395560000	35	9	yes	68.9	197.1	20506	20827	9250	6551	0	44242	2697	459	122	5895	4091	781
May 5, 2007 12:07:00 PM UTC	1178395620000	35	9	yes	68.9	197.7	20506	20827	9249	6554	0	44240	2690	710	161	5893	3912	897
May 5, 2007 12:08:00 PM UTC	1178395680000	35	9	yes	68.8	198.4	20506	20827	9246	6584	0	44213	2672	804	244	5884	3975	887
May 5, 2007 12:09:00 PM UTC	1178395740000	33	10	yes	68.8	199.0	20506	20827	9245	6621	0	44177	2657	503	255	5882	3849	1050
May 5, 2007 12:10:00 PM UTC	1178395800000	32	10	yes	68.7	199.6	20506	20827	9243	6573	0	44227	2696	200	157	5882	4010	905
May 5, 2007 12:11:00 PM UTC	1178395860000	31	9	yes	68.6	200.3	20506	20827	9239	6598	0	44206	2692	89	88	5870	3991	955
May 5, 2007 12:12:00 PM UTC	1178395920000	30	9	yes	68.6	200.9	20506	20827	9251	6601	0	44191	2647	160	81	5894	4111	795
May 5, 2007 12:13:00 PM UTC	1178395980000	30	9	yes	68.5	201.5	20506	20827	9239	6691	0	44113	2625	205	116	5860	4043	704
May 5, 2007 12:14:00 PM UTC	1178396040000	29	9	yes	68.4	202.1	20506	20827	9244	6586	0	44213	2681	81	65	5879	3934	651
May 5, 2007 12:15:00 PM UTC	1178396100000	29	10	yes	68.3	202.8	20506	20827	9245	6590	0	44208	2682	2	6	5879	3802	613
May 5, 2007 12:16:00 PM UTC	1178396160000	30	10	yes	68.3	203.4	20506	20827	9245	6648	0	44150	2637	226	155	5875	3728	579
May 5, 2007 12:17:00 PM UTC	1178396220000	32	10	yes	68.2	204.0	20506	20827	9254	6586	0	44203	2661	560	156	5898	3668	632
May 5, 2007 12:18:00 PM UTC	1178396280000	33	9	yes	68.1	204.6	20506	20827	9250	6612	0	44181	2655	594	95	5888	3657	638
May 5, 2007 12:19:00 PM UTC	1178396340000	33	8	yes	68.0	205.2	20506	20827	9252	6545	0	44246	2697	489	86	5897	3659	663
May 5, 2007 12:20:00 PM UTC	1178396400000	33	9	yes	67.9	205.8	20506	20827	9248	6598	0	44197	2666	373	110	5879	3702	663
May 5, 2007 12:21:00 PM UTC	1178396460000	33	9	yes	67.8	206.4	20506	20827	9253	6570	0	44220	2677	347	110	5889	3722	659
May 5, 2007 12:22:00 PM UTC	1178396520000	33	9	yes	67.7	207.0	20506	20827	9249	6597	0	44197	2666	156	61	5879	3820	598
May 5, 2007 12:23:00 PM UTC	1178396580000	35	10	yes	67.6	207.5	20506	20827	9254	6501	0	44288	2725	123	25	5899	3808	577
May 5, 2007 12:24:00 PM UTC	1178396640000	38	11	yes	67.6	208.1	20506	20827	9251	6576	0	44216	2671	120	43	5890	3794	571
May 5, 2007 12:25:00 PM UTC	1178396700000	42	12	yes	67.5	208.7	20506	20827	9247	6610	0	44186	2669	635	173	5878	3756	594
May 5, 2007 12:26:00 PM UTC	1178396760000	45	13	yes	67.4	209.3	20506	20827	9247	6611	0	44185	2664	845	246	5881	3818	621
May 5, 2007 12:27:00 PM UTC	1178396820000	50	14	yes	67.3	209.8	20506	20827	9248	6610	0	44185	2668	831	210	5875	3988	542
May 5, 2007 12:28:00 PM UTC	1178396880000	57	14	yes	67.2	210.4	20506	20827	9252	6552	0	44239	2693	1274	318	5888	4171	472
May 5, 2007 12:29:00 PM UTC	1178396940000	62	14	yes	67.1	211.0	20506	20827	9257	6515	0	44271	2702	1520	227	5904	4200	526
May 5, 2007 12:30:00 PM UTC	1178397000000	66	12	yes	67.0	211.5	20506	20827	9252	6553	0	44238	2694	2041	64	5889	4492	444
May 5, 2007 12:31:00 PM UTC	1178397060000	67	14	yes	66.9	212.1	20506	20827	9260	6495	0	44288	2712	2374	46	5909	4734	475
May 5, 2007 12:32:00 PM UTC	1178397120000	68	13	no	66.7	212.6	20506	20827	9245	6611	0	44187	2672	2542	48	5867	4790	459
May 5, 2007 12:33:00 PM UTC	1178397180000	68	14	no	66.6	213.1	20506	20827	9246	6560	0	44237	2695	2674	12	5877	4814	393
May 5, 2007 12:34:00 PM UTC	1178397240000	69	14	no	66.5	213.7	20506	20827	9246	6562	0	44235	2691	2673	10	5875	4733	380
May 5, 2007 12:35:00 PM UTC	1178397300000	68	16	no	66.4	214.2	20506	20827	9247	6596	0	44200	2669	2638	26	5881	4608	494
May 5, 2007 12:36:00 PM UTC	1178397360000	66	16	no	66.3	214.7	20506	20827	9247	6596	0	44200	2673	2544	124	5882	4737	371
May 5, 2007 12:37:00 PM UTC	1178397420000	65	16	no	66.2	215.3	20506	20827	9240	6638	0	44165	2658	2357	253	5868	4774	298
May 5, 2007 12:38:00 PM UTC	1178397480000	65	15	yes	66.1	215.8	20506	20827	9247	6590	0	44206	2671	2052	413	5885	4818	265
May 5, 2007 12:39:00 PM UTC	1178397540000	65	15	yes	66.0	216.3	20506	20827	9254	6520	0	44269	2702	1813	541	5911	4917	199
May 5, 2007 12:40:00 PM UTC	1178397600000	65	14	yes	65.8	216.8	20506	20827	9250	6562	0	44231	2691	1578	634	5890	4839	175
May 5, 2007 12:41:00 PM UTC	1178397660000	64	13	yes	65.7	217.3	20506	20827	9250	6562	0	44231	2692	1442	569	5888	4729	178
May 5, 2007 12:42:00 PM UTC	1178397720000	64	12	yes	65.6	217.8	20506	20827	9244	6639	0	44160	2645	1388	409	5865	4617	187
May 5, 2007 12:43:00 PM UTC	1178397780000	63	13	yes	65.5	218.3	20506	20827	9244	6587	0	44212	2683	1399	377	5876	4444	223
May 5, 2007 12:44:00 PM UTC	1178397840000	62	14	yes	65.3	218.8	20506	20827	9254	6532	0	44257	2698	1344	541	5896	4311	240
May 5, 2007 12:45:00 PM UTC	1178397900000	61	15	yes	65.2	219.3	20506	20827	9247	6577	0	44219	2683	1301	604	5877	4096	302
May 5, 2007 12:46:00 PM UTC	1178397960000	61	18	yes	65.1	219.8	20506	20827	9245	6581	0	44217	2675	1287	804	5875	3906	347
May 5, 2007 12:47:00 PM UTC	1178398020000	62	19	yes	65.0	220.3	20506	20827	9252	6568	0	44223	2669	1451	759	5893	3798	350
May 5, 2007 12:48:00 PM UTC	1178398080000	63	20	yes	64.8	220.7	20506	20827	9253	6510	0	44280	2711	1663	788	5899	3605	368
May 5, 2007 12:49:00 PM UTC	1178398140000	64	20	yes	64.7	221.2	20506	20827	9253	6510	0	44280	2705	1944	585	5900	3455	354
May 5, 2007 12:50:00 PM UTC	1178398200000	65	22	yes	64.6	221.7	20506	20827	9259	6463	0	44321	2728	2160	475	5918	3213	474
May 5, 2007 12:51:00 PM UTC	1178398260000	66	23	yes	64.4	222.1	20506	20827	9251	6568	0	44224	2675	2396	255	5897	2976	612
May 5, 2007 12:52:00 PM UTC	1178398320000	67	22	yes	64.3	222.6	20506	20827	9253	6568	0	44222	2688	2399	250	5894	2824	708
May 5, 2007 12:53:00 PM UTC	1178398380000	69	21	yes	64.2	223.0	20506	20827	9253	6559	0	44231	2680	2487	163	5897	2655	805
May 5, 2007 12:54:00 PM UTC	1178398440000	70	21	no	64.0	223.5	20506	20827	9245	6609	0	44189	2666	2493	172	5874	2555	783
May 5, 2007 12:55:00 PM UTC	1178398500000	73	21	no	63.9	223.9	20506	20827	9246	6605	0	44192	2665	2622	43	5876	2573	948
May 5, 2007 12:56:00 PM UTC	1178398560000	76	18	no	63.7	224.4	20506	20827	9245	6609	0	44189	2672	2672	0	5877	2834	826
May 5, 2007 12:57:00 PM UTC	1178398620000	82	14	no	63.6	224.8	20506	20827	9244	6609	0	44190	2669	2669	0	5875	2937	836
May 5, 2007 12:58:00 PM UTC	1178398680000	86	11	no	63.5	225.2	20506	20827	9252	6548	0	44243	2692	2692	0	5894	3126	1144
May 5, 2007 12:59:00 PM UTC	1178398740000	89	8	no	63.3	225.7	20506	20827	9251	6549	0	44243	2682	2682	0	5895	3375	1224
May 5, 2007 1:00:00 PM UTC	1178398800000	91	6	no	63.2	226.1	20506	20827	9244	6600	0	44199	2665	2665	0	5874	3639	1231
May 5, 2007 1:01:00 PM UTC	1178398860000	94	4	no	63.0	226.5	20506	20827	9251	6553	0	44239	2684	2684	0	5894	4003	1059
May 5, 2007 1:02:00 PM UTC	1178398920000	94	5	no	62.9	226.9	20506	20827	9251	6553	0	44239	2684	2684	0	5893	4235	1103
May 5, 2007 1:03:00 PM UTC	1178398980000	95	4	no	62.7	227.4	20506	20827	9243	6552	0	44248	2694	2694	0	5880	4677	830
May 5, 2007 1:04:00 PM UTC	1178399040000	96	3	no	62.6	227.8	20506	20827	9251	6492	0	44300	2715	2715	0	5900	5044	599
May 5, 2007 1:05:00 PM UTC	1178399100000	96	4	no	62.4	228.2	20506	20827	9251	6499	0	44293	2714	2714	0	5899	5195	569
May 5, 2007 1:06:00 PM UTC	1178399160000	97	3	no	62.3	228.6	20506	20827	9243	6552	0	44248	2693	2693	0	5878	5399	384
May 5, 2007 1:07:00 PM UTC	1178399220000	96	4	no	62.1	229.0	20506	20827	9249	6508	0	44286	2711	2711	0	5894	5449	374
May 5, 2007 1:08:00 PM UTC	1178399280000	96	4	no	62.0	229.4	20506	20827	9249	6508	0	44286	2716	2716	0	5894	5500	350
May 5, 2007 1:09:00 PM UTC	1178399340000	96	3	no	61.8	229.8	20506	20827	9240	6562	0	44241	2690	2690	0	5873	5557	287
May 5, 2007 1:10:00 PM UTC	1178399400000	96	4	no	61.7	230.2	20506	20827	9241	6521	0	44281	2718	2718	0	5880	5597	276
May 5, 2007 1:11:00 PM UTC	1178399460000	96	4	no	61.5	230.6	20506	20827	9256	6466	0	44321	2730	2730	0	5910	5791	119
May 5, 2007 1:12:00 PM UTC	1178399520000	96	4	no	61.4	230.9	20506	20827	9247	6525	0	44271	2698	2698	0	5889	5792	95
May 5, 2007 1:13:00 PM UTC	1178399580000	97	3	no	61.2	231.3	20506	20827	9247	6525	0	44271	2711	2711	0	5890	5803	87
May 5, 2007 1:14:00 PM UTC	1178399640000	97	2	no	61.1	231.7	20506	20827	9248	6524	0	44271	2701	2701	0	5890	5819	69
May 5, 2007 1:15:00 PM UTC	1178399700000	97	2	no	60.9	232.1	20506	20827	9245	6554	0	44244	2702	2702	0	5885	5819	66
May 5, 2007 1:16:00 PM UTC	1178399760000	97	3	no	60.7	232.4	20506	20827	9255	6442	0	44346	2744	2744	0	5913	5906	7
May 5, 2007 1:17:00 PM UTC	1178399820000	96	3	no	60.6	232.8	20506	20827	9255	6442	0	44346	2752	2752	0	5910	5908	2
May 5, 2007 1:18:00 PM UTC	1178399880000	96	3	no	60.4	233.2	20506	20827	9245	6556	0	44242	2692	2692	0	5886	5884	2
May 5, 2007 1:19:00 PM UTC	1178399940000	96	3	no	60.3	233.5	20506	20827	9252	6514	0	44277	2708	2708	0	5899	5897	2
May 5, 2007 1:20:00 PM UTC	1178400000000	96	3	no	60.1	233.9	20506	20827	9245	6556	0	44242	2686	2686	0	5886	5886	0
May 5, 2007 1:21:00 PM UTC	1178400060000	96	4	no	59.9	234.2	20506	20827	9251	6517	0	44275	2709	2709	0	5896	5896	0
May 5, 2007 1:22:00 PM UTC	1178400120000	95	4	no	59.8	234.6	20506	20827	9245	6555	0	44243	2698	2698	0	5873	5873	0
May 5, 2007 1:23:00 PM UTC	1178400180000	95	4	no	59.6	234.9	20506	20827	9251	6482	0	44310	2741	2741	0	5919	5919	0
May 5, 2007 1:24:00 PM UTC	1178400240000	95	4	no	59.4	235.3	20506	20827	9252	6480	0	44311	2741	2741	0	5905	5905	0
May 5, 2007 1:25:00 PM UTC	1178400300000	95	4	no	59.3	235.6	20506	20827	9242	6534	0	44267	2704	2704	0	5869	5869	0
May 5, 2007 1:26:00 PM UTC	1178400360000	95	4	no	59.1	236.0	20506	20827	9248	6496	0	44299	2723	2723	0	5897	5897	0
May 5, 2007 1:27:00 PM UTC	1178400420000	96	4	no	58.9	236.3	20506	20827	9243	6533	0	44267	2709	2709	0	5879	5879	0
May 5, 2007 1:28:00 PM UTC	1178400480000	95	4	no	58.8	236.6	20506	20827	9248	6496	0	44299	2715	2715	0	5893	5893	0
May 5, 2007 1:29:00 PM UTC	1178400540000	96	4	no	58.6	237.0	20506	20827	9244	6526	0	44273	2711	2711	0	5881	5881	0
May 5, 2007 1:30:00 PM UTC	1178400600000	96	4	no	58.4	237.3	20506	20827	9249	6468	0	44326	2744	2744	0	5897	5897	0
May 5, 2007 1:31:00 PM UTC	1178400660000	96	4	no	58.3	237.6	20506	20827	9256	6431	0	44356	2770	2770	0	5913	5913	0
May 5, 2007 1:32:00 PM UTC	1178400720000	97	3	no	58.1	237.9	20506	20827	9242	6525	0	44276	2723	2723	0	5873	5873	0
May 5, 2007 1:33:00 PM UTC	1178400780000	96	4	no	57.9	238.2	20506	20827	9247	6548	0	44248	2696	2696	0	5877	5877	0
May 5, 2007 1:34:00 PM UTC	1178400840000	96	4	no	57.8	238.6	20506	20827	9247	6548	0	44248	2700	2700	0	5876	5876	0
May 5, 2007 1:35:00 PM UTC	1178400900000	95	4	no	57.6	238.9	20506	20827	9247	6548	0	44248	2700	2700	0	5873	5873	0
May 5, 2007 1:36:00 PM UTC	1178400960000	97	3	no	57.4	239.2	20506	20827	9247	6548	0	44248	2698	2698	0	5874	5874	0
May 5, 2007 1:37:00 PM UTC	1178401020000	98	2	no	57.3	239.5	20506	20827	9251	6522	0	44270	2714	2714	0	5877	5877	0
May 5, 2007 1:38:00 PM UTC	1178401080000	99	1	no	57.1	239.8	20506	20827	9252	6492	0	44299	2742	2742	0	5879	5879	0
May 5, 2007 1:39:00 PM UTC	1178401140000	99	1	no	56.9	240.1	20506	20827	9252	6492	0	44299	2746	2746	0	5876	5876	0
May 5, 2007 1:40:00 PM UTC	1178401200000	99	1	no	56.7	240.4	20506	20827	9242	6554	0	44247	2720	2720	0	5846	5846	0
May 5, 2007 1:41:00 PM UTC	1178401260000	99	0	no	56.6	240.7	20506	20827	9257	6454	0	44332	2766	2766	0	5879	5879	0
May 5, 2007 1:42:00 PM UTC	1178401320000	99	1	no	56.4	241.0	20506	20827	9241	6615	0	44187	2680	2680	0	5828	5828	0
May 5, 2007 1:43:00 PM UTC	1178401380000	99	1	no	56.2	241.3	20506	20827	9247	6527	0	44269	2717	2717	0	5838	5838	0
May 5, 2007 1:44:00 PM UTC	1178401440000	98	1	no	56.0	241.6	20506	20827	9258	6464	0	44321	2730	2730	0	5857	5857	0
May 5, 2007 1:45:00 PM UTC	1178401500000	98	2	no	55.9	241.9	20506	20827	9247	6527	0	44269	2718	2718	0	5825	5825	0
May 5, 2007 1:46:00 PM UTC	1178401560000	98	2	no	55.7	242.2	20506	20827	9247	6510	0	44286	2740	2740	0	5817	5817	0
May 5, 2007 1:47:00 PM UTC	1178401620000	97	3	no	55.5	242.5	20506	20827	9253	6478	0	44312	2749	2749	0	5823	5823	0
May 5, 2007 1:48:00 PM UTC	1178401680000	96	3	no	55.3	242.7	20506	20827	9252	6476	0	44315	2761	2761	0	5822	5822	0
May 5, 2007 1:49:00 PM UTC	1178401740000	95	5	no	55.1	243.0	20506	20827	9247	6507	0	44289	2733	2733	0	5809	5809	0
May 5, 2007 1:50:00 PM UTC	1178401800000	93	7	no	55.0	243.3	20506	20827	9252	6476	0	44315	2754	2754	0	5804	5804	0
May 5, 2007 1:51:00 PM UTC	1178401860000	91	9	no	54.8	243.6	20506	20827	9252	6475	0	44316	2758	2758	0	5796	5796	0
May 5, 2007 1:52:00 PM UTC	1178401920000	90	9	no	54.6	243.9	20506	20827	9245	6573	0	44225	2705	2705	0	5773	5773	0
May 5, 2007 1:53:00 PM UTC	1178401980000	88	11	yes	54.4	244.1	20506	20827	9255	6510	0	44278	2743	2743	0	5779	5779	0
May 5, 2007 1:54:00 PM UTC	1178402040000	88	11	yes	54.2	244.4	20506	20827	9242	6592	0	44209	2708	2708	0	5746	5746	0
May 5, 2007 1:55:00 PM UTC	1178402100000	89	9	yes	54.1	244.7	20506	20827	9246	6561	0	44236	2721	2721	0	5749	5749	0
May 5, 2007 1:56:00 PM UTC	1178402160000	90	7	yes	53.9	244.9	20506	20827	9257	6495	0	44291	2751	2751	0	5757	5757	0
May 5, 2007 1:57:00 PM UTC	1178402220000	90	6	yes	53.7	245.2	20506	20827	9249	6532	0	44262	2737	2737	0	5736	5736	0
May 5, 2007 1:58:00 PM UTC	1178402280000	89	7	no	53.5	245.5	20506	20827	9246	6561	0	44236	2728	2728	0	5715	5715	0
May 5, 2007 1:59:00 PM UTC	1178402340000	87	9	no	53.3	245.7	20506	20827	9246	6561	0	44236	2733	2733	0	5702	5702	0
May 5, 2007 2:00:00 PM UTC	1178402400000	87	9	no	53.2	246.0	20506	20827	9251	6483	0	44309	2759	2759	0	5706	5706	0
May 5, 2007 2:01:00 PM UTC	1178402460000	85	9	no	53.0	246.2	20506	20827	9241	6548	0	44254	2728	2728	0	5677	5677	0
May 5, 2007 2:02:00 PM UTC	1178402520000	85	9	no	52.8	246.5	20506	20827	9251	6482	0	44310	2762	2762	0	5683	5683	0
May 5, 2007 2:03:00 PM UTC	1178402580000	85	11	no	52.6	246.7	20506	20827	9245	6574	0	44224	2714	2714	0	5659	5659	0
May 5, 2007 2:04:00 PM UTC	1178402640000	85	12	no	52.4	247.0	20506	20827	9251	6536	0	44256	2739	2739	0	5663	5663	0
May 5, 2007 2:05:00 PM UTC	1178402700000	86	12	no	52.2	247.2	20506	20827	9251	6523	0	44269	2749	2749	0	5650	5649	1
May 5, 2007 2:06:00 PM UTC	1178402760000	89	11	no	52.0	247.5	20506	20827	9245	6575	0	44223	2722	2722	0	5627	5625	2
May 5, 2007 2:07:00 PM UTC	1178402820000	95	5	no	51.9	247.7	20506	20827	9256	6509	0	44278	2755	2755	0	5633	5633	0
May 5, 2007 2:08:00 PM UTC	1178402880000	97	3	no	51.7	248.0	20506	20827	9245	6575	0	44223	2724	2724	0	5601	5601	0
May 5, 2007 2:09:00 PM UTC	1178402940000	97	3	yes	51.5	248.2	20506	20827	9258	6483	0	44302	2775	2775	0	5615	5615	0
May 5, 2007 2:10:00 PM UTC	1178403000000	97	3	yes	51.3	248.5	20506	20827	9243	6576	0	44224	2731	2731	0	5581	5581	0
May 5, 2007 2:11:00 PM UTC	1178403060000	96	3	yes	51.1	248.7	20506	20827	9243	6575	0	44225	2730	2730	0	5567	5567	0
May 5, 2007 2:12:00 PM UTC	1178403120000	97	2	yes	50.9	249.0	20506	20827	9246	6557	0	44240	2742	2742	0	5558	5558	0
May 5, 2007 2:13:00 PM UTC	1178403180000	97	2	no	50.7	249.2	20506	20827	9248	6542	0	44253	2754	2754	0	5548	5548	0
May 5, 2007 2:14:00 PM UTC	1178403240000	98	1	no	50.6	249.4	20506	20827	9248	6542	0	44253	2755	2755	0	5532	5532	0
May 5, 2007 2:15:00 PM UTC	1178403300000	99	1	no	50.4	249.7	20506	20827	9247	6608	0	44188	2723	2723	0	5517	5517	0
May 5, 2007 2:16:00 PM UTC	1178403360000	99	1	no	50.2	249.9	20506	20827	9237	6679	0	44127	2686	2686	0	5491	5491	0
May 5, 2007 2:17:00 PM UTC	1178403420000	99	1	no	50.0	250.1	20506	20827	9248	6612	0	44183	2725	2725	0	5491	5491	0
May 5, 2007 2:18:00 PM UTC	1178403480000	99	1	no	49.8	250.4	20506	20827	9237	6559	0	44247	2744	2744	0	5469	5466	3
May 5, 2007 2:19:00 PM UTC	1178403540000	99	1	no	49.6	250.6	20506	20827	9252	6469	0	44322	2784	2784	0	5475	5471	4
May 5, 2007 2:20:00 PM UTC	1178403600000	98	1	no	49.4	250.8	20506	20827	9252	6466	0	44325	2783	2783	0	5463	5459	4
May 5, 2007 2:21:00 PM UTC	1178403660000	97	2	no	49.2	251.0	20506	20827	9252	6466	0	44325	2786	2786	0	5448	5444	4
May 5, 2007 2:22:00 PM UTC	1178403720000	97	2	no	49.0	251.3	20506	20827	9252	6466	0	44325	2786	2786	0	5435	5424	11
May 5, 2007 2:23:00 PM UTC	1178403780000	96	2	no	48.9	251.5	20506	20827	9244	6513	0	44286	2764	2764	0	5407	5393	14
May 5, 2007 2:24:00 PM UTC	1178403840000	95	3	no	48.7	251.7	20506	20827	9256	6435	0	44352	2806	2806	0	5412	5405	7
May 5, 2007 2:25:00 PM UTC	1178403900000	94	4	no	48.5	251.9	20506	20827	9244	6529	0	44270	2757	2757	0	5376	5356	19
May 5, 2007 2:26:00 PM UTC	1178403960000	92	6	no	48.3	252.1	20506	20827	9253	6461	0	44329	2805	2805	0	5378	5347	27
May 5, 2007 2:27:00 PM UTC	1178404020000	92	6	no	48.1	252.4	20506	20827	9245	6498	0	44300	2787	2787	0	5352	5298	43
May 5, 2007 2:28:00 PM UTC	1178404080000	95	4	no	47.9	252.6	20506	20827	9256	6435	0	44352	2824	2824	0	5355	5325	20
May 5, 2007 2:29:00 PM UTC	1178404140000	96	4	no	47.7	252.8	20506	20827	9244	6580	0	44219	2747	2706	41	5315	5283	21
May 5, 2007 2:30:00 PM UTC	1178404200000	93	6	no	47.5	253.0	20506	20827	9254	6511	0	44278	2783	2765	18	5319	5276	27
May 5, 2007 2:31:00 PM UTC	1178404260000	91	7	no	47.3	253.2	20506	20827	9247	6561	0	44235	2760	2602	151	5293	5253	18
May 5, 2007 2:32:00 PM UTC	1178404320000	90	8	no	47.1	253.4	20506	20827	9256	6492	0	44295	2800	2423	308	5295	5251	31
May 5, 2007 2:33:00 PM UTC	1178404380000	90	8	no	46.9	253.6	20506	20827	9246	6561	0	44236	2763	2684	73	5261	5225	29
May 5, 2007 2:34:00 PM UTC	1178404440000	92	6	no	46.7	253.9	20506	20827	9246	6561	0	44236	2762	2721	41	5250	5204	30
May 5, 2007 2:35:00 PM UTC	1178404500000	96	3	no	46.6	254.1	20506	20827	9250	6499	0	44294	2794	2748	31	5238	5214	13
May 5, 2007 2:36:00 PM UTC	1178404560000	98	2	no	46.4	254.3	20506	20827	9248	6517	0	44278	2781	2642	124	5222	5211	3
May 5, 2007 2:37:00 PM UTC	1178404620000	99	1	no	46.2	254.5	20506	20827	9248	6518	0	44277	2789	2789	0	5203	5203	0
May 5, 2007 2:38:00 PM UTC	1178404680000	100	0	no	46.0	254.7	20506	20827	9248	6518	0	44277	2781	2781	0	5191	5189	2
May 5, 2007 2:39:00 PM UTC	1178404740000	100	0	no	45.8	254.9	20506	20827	9248	6517	0	44278	2782	2782	0	5175	5173	2
May 5, 2007 2:40:00 PM UTC	1178404800000	99	0	no	45.6	255.1	20506	20827	9239	6569	0	44235	2756	2756	0	5146	5145	1
May 5, 2007 2:41:00 PM UTC	1178404860000	99	0	no	45.4	255.3	20506	20827	9250	6500	0	44293	2804	2804	0	5142	5141	1
May 5, 2007 2:42:00 PM UTC	1178404920000	99	0	no	45.2	255.5	20506	20827	9241	6569	0	44233	2762	2752	10	5116	5116	0
May 5, 2007 2:43:00 PM UTC	1178404980000	99	1	no	45.0	255.7	20506	20827	9250	6498	0	44295	2805	2767	38	5109	5109	0
May 5, 2007 2:44:00 PM UTC	1178405040000	99	1	no	44.8	255.9	20506	20827	9238	6568	0	44237	2762	2762	0	5080	5033	47
May 5, 2007 2:45:00 PM UTC	1178405100000	99	1	no	44.6	256.1	20506	20827	9250	6556	0	44237	2778	2760	18	5077	4970	107
May 5, 2007 2:46:00 PM UTC	1178405160000	97	2	yes	44.4	256.3	20506	20827	9240	6625	0	44178	2743	2539	204	5052	4849	203
May 5, 2007 2:47:00 PM UTC	1178405220000	96	3	no	44.2	256.5	20506	20827	9251	6554	0	44238	2786	2666	120	5046	4748	276
May 5, 2007 2:48:00 PM UTC	1178405280000	97	3	no	44.0	256.7	20506	20827	9240	6627	0	44176	2756	2756	0	5020	4670	306
May 5, 2007 2:49:00 PM UTC	1178405340000	97	3	no	43.8	256.9	20506	20827	9251	6557	0	44235	2793	2793	0	5013	4760	211
May 5, 2007 2:50:00 PM UTC	1178405400000	97	3	no	43.6	257.1	20506	20827	9251	6557	0	44235	2788	2670	118	4996	4847	149
May 5, 2007 2:51:00 PM UTC	1178405460000	97	3	yes	43.4	257.2	20506	20827	9242	6609	0	44192	2766	2677	89	4968	4936	32
May 5, 2007 2:52:00 PM UTC	1178405520000	97	3	yes	43.2	257.4	20506	20827	9251	6558	0	44234	2801	2681	120	4960	4944	4
May 5, 2007 2:53:00 PM UTC	1178405580000	94	6	yes	43.1	257.6	20506	20827	9240	6590	0	44213	2765	2404	350	4938	4888	38
May 5, 2007 2:54:00 PM UTC	1178405640000	92	7	yes	42.9	257.8	20506	20827	9251	6519	0	44273	2806	2137	657	4930	4842	88
May 5, 2007 2:55:00 PM UTC	1178405700000	92	6	no	42.7	258.0	20506	20827	9240	6588	0	44215	2772	2423	349	4905	4401	457
May 5, 2007 2:56:00 PM UTC	1178405760000	94	3	no	42.5	258.2	20506	20827	9252	6458	0	44333	2841	2841	0	4895	4246	303
May 5, 2007 2:57:00 PM UTC	1178405820000	94	3	no	42.3	258.4	20506	20827	9244	6485	0	44314	2820	2820	0	4869	4475	204
May 5, 2007 2:58:00 PM UTC	1178405880000	92	4	no	42.1	258.6	20506	20827	9253	6429	0	44361	2850	2850	0	4865	4706	123
May 5, 2007 2:59:00 PM UTC	1178405940000	88	7	no	41.9	258.8	20506	20827	9242	6503	0	44298	2804	2804	0	4844	4818	26
May 5, 2007 3:00:00 PM UTC	1178406000000	82	8	no	41.7	258.9	20506	20827	9242	6503	0	44298	2811	2811	0	4821	4821	0
May 5, 2007 3:01:00 PM UTC	1178406060000	74	11	no	41.5	259.1	20506	20827	9244	6497	0	44302	2822	2822	0	4810	4810	0
May 5, 2007 3:02:00 PM UTC	1178406120000	68	12	yes	41.3	259.3	20506	20827	9244	6497	0	44302	2820	2808	9	4789	4776	3
May 5, 2007 3:03:00 PM UTC	1178406180000	63	10	no	41.1	259.5	20506	20827	9245	6565	0	44233	2794	2794	0	4774	4774	0
May 5, 2007 3:04:00 PM UTC	1178406240000	58	11	no	40.9	259.7	20506	20827	9245	6565	0	44233	2800	2779	21	4752	4752	0
May 5, 2007 3:05:00 PM UTC	1178406300000	53	8	no	40.7	259.8	20506	20827	9246	6565	0	44232	2805	2805	0	4739	4739	0
May 5, 2007 3:06:00 PM UTC	1178406360000	49	9	no	40.5	260.0	20506	20827	9246	6565	0	44232	2803	2803	0	4722	4722	0
May 5, 2007 3:07:00 PM UTC	1178406420000	46	7	no	40.3	260.2	20506	20827	9256	6493	0	44294	2837	2837	0	4716	4716	0
May 5, 2007 3:08:00 PM UTC	1178406480000	43	7	no	40.1	260.4	20506	20827	9247	6563	0	44233	2805	2773	32	4690	4684	6
May 5, 2007 3:09:00 PM UTC	1178406540000	40	8	no	39.9	260.6	20506	20827	9247	6563	0	44233	2802	2754	48	4671	4664	7
May 5, 2007 3:10:00 PM UTC	1178406600000	39	8	no	39.7	260.7	20506	20827	9250	6551	0	44242	2816	2613	203	4644	4587	57
May 5, 2007 3:11:00 PM UTC	1178406660000	38	7	no	39.5	260.9	20506	20827	9250	6551	0	44242	2815	2749	66	4634	4471	161
May 5, 2007 3:12:00 PM UTC	1178406720000	36	6	no	39.3	261.1	20506	20827	9251	6518	0	44274	2820	2729	91	4609	4398	201
May 5, 2007 3:13:00 PM UTC	1178406780000	34	6	no	39.1	261.3	20506	20827	9251	6518	0	44274	2818	2632	186	4607	4326	238
May 5, 2007 3:14:00 PM UTC	1178406840000	33	6	no	38.9	261.4	20506	20827	9252	6515	0	44276	2823	2764	59	4575	4257	231
May 5, 2007 3:15:00 PM UTC	1178406900000	32	5	no	38.7	261.6	20506	20827	9252	6515	0	44276	2824	2821	3	4568	4194	196
May 5, 2007 3:16:00 PM UTC	1178406960000	30	5	no	38.5	261.8	20506	20827	9254	6515	0	44274	2831	2831	0	4543	4117	113
May 5, 2007 3:17:00 PM UTC	1178407020000	29	5	no	38.3	261.9	20506	20827	9253	6525	0	44265	2832	2832	0	4532	3905	133
May 5, 2007 3:18:00 PM UTC	1178407080000	27	5	no	38.1	262.1	20506	20827	9254	6515	0	44274	2839	2839	0	4512	3704	136
May 5, 2007 3:19:00 PM UTC	1178407140000	26	5	no	37.9	262.3	20506	20827	9255	6514	0	44274	2836	2769	59	4503	3524	153
May 5, 2007 3:20:00 PM UTC	1178407200000	25	5	no	37.7	262.5	20506	20827	9255	6514	0	44274	2832	2475	117	4486	3334	219
May 5, 2007 3:21:00 PM UTC	1178407260000	25	6	yes	37.5	262.6	20506	20827	9245	6584	0	44214	2802	2231	135	4455	3282	260
May 5, 2007 3:22:00 PM UTC	1178407320000	24	6	yes	37.3	262.8	20506	20827	9256	6513	0	44274	2845	2083	93	4440	3194	236
May 5, 2007 3:23:00 PM UTC	1178407380000	24	6	yes	37.1	263.0	20506	20827	9256	6513	0	44274	2843	1861	131	4428	3207	304
May 5, 2007 3:24:00 PM UTC	1178407440000	24	6	yes	36.9	263.1	20506	20827	9257	6583	0	44203	2816	1664	232	4411	3167	397
May 5, 2007 3:25:00 PM UTC	1178407500000	23	7	yes	36.7	263.3	20506	20827	9257	6583	0	44203	2823	1451	379	4392	3093	348
May 5, 2007 3:26:00 PM UTC	1178407560000	23	9	yes	36.5	263.5	20506	20827	9256	6588	0	44199	2817	1337	389	4378	3074	394
May 5, 2007 3:27:00 PM UTC	1178407620000	23	12	yes	36.3	263.6	20506	20827	9256	6588	0	44199	2813	1291	265	4363	3115	582
May 5, 2007 3:28:00 PM UTC	1178407680000	25	16	yes	36.1	263.8	20506	20827	9246	6652	0	44145	2784	1173	322	4340	3214	692
May 5, 2007 3:29:00 PM UTC	1178407740000	28	21	yes	35.9	264.0	20506	20827	9258	6505	0	44280	2859	1602	427	4320	3422	451
May 5, 2007 3:30:00 PM UTC	1178407800000	30	23	yes	35.7	264.1	20506	20827	9258	6477	0	44308	2859	1756	242	4309	3424	395
May 5, 2007 3:31:00 PM UTC	1178407860000	30	27	yes	35.5	264.3	20506	20827	9258	6477	0	44308	2857	1997	286	4291	3161	545
May 5, 2007 3:32:00 PM UTC	1178407920000	28	32	yes	35.3	264.5	20506	20827	9258	6489	0	44296	2863	2185	609	4275	2956	634
May 5, 2007 3:33:00 PM UTC	1178407980000	28	31	yes	35.1	264.6	20506	20827	9248	6559	0	44236	2826	2183	640	4254	2738	824
May 5, 2007 3:34:00 PM UTC	1178408040000	27	28	yes	34.9	264.8	20506	20827	9259	6488	0	44296	2859	2201	657	4245	2418	1116
May 5, 2007 3:35:00 PM UTC	1178408100000	28	25	yes	34.7	264.9	20506	20827	9259	6488	0	44296	2864	2338	509	4225	2166	1019
May 5, 2007 3:36:00 PM UTC	1178408160000	25	26	yes	34.5	265.1	20506	20827	9260	6481	0	44302	2867	2356	461	4206	1995	996
May 5, 2007 3:37:00 PM UTC	1178408220000	21	25	yes	34.3	265.3	20506	20827	9260	6481	0	44302	2876	2023	501	4187	1904	1329
May 5, 2007 3:38:00 PM UTC	1178408280000	19	21	yes	34.1	265.4	20506	20827	9249	6551	0	44243	2821	1217	1005	4175	1982	1214
May 5, 2007 3:39:00 PM UTC	1178408340000	18	14	yes	33.9	265.6	20506	20827	9260	6480	0	44303	2871	1171	722	4157	2007	665
May 5, 2007 3:40:00 PM UTC	1178408400000	17	10	yes	33.7	265.7	20506	20827	9260	6480	0	44303	2878	1280	342	4135	2035	543
May 5, 2007 3:41:00 PM UTC	1178408460000	13	9	yes	33.5	265.9	20506	20827	9260	6479	0	44304	2879	1017	340	4117	2045	494
May 5, 2007 3:42:00 PM UTC	1178408520000	12	7	yes	33.3	266.1	20506	20827	9260	6479	0	44304	2869	1223	396	4113	2177	587
May 5, 2007 3:43:00 PM UTC	1178408580000	13	6	yes	33.1	266.2	20506	20827	9250	6548	0	44245	2827	1192	463	4091	2280	513
May 5, 2007 3:44:00 PM UTC	1178408640000	13	5	yes	32.9	266.4	20506	20827	9260	6477	0	44306	2881	1370	347	4072	2095	543
May 5, 2007 3:45:00 PM UTC	1178408700000	12	5	yes	32.7	266.5	20506	20827	9260	6477	0	44306	2879	1566	361	4055	1911	549
May 5, 2007 3:46:00 PM UTC	1178408760000	12	5	yes	32.5	266.7	20506	20827	9250	6548	0	44245	2832	1554	460	4045	1784	574
May 5, 2007 3:47:00 PM UTC	1178408820000	13	5	yes	32.3	266.8	20506	20827	9260	6476	0	44307	2874	1738	601	4031	1880	518
May 5, 2007 3:48:00 PM UTC	1178408880000	13	6	yes	32.1	267.0	20506	20827	9249	6621	0	44173	2804	1708	618	4020	1607	592
May 5, 2007 3:49:00 PM UTC	1178408940000	13	6	yes	31.9	267.2	20506	20827	9259	6546	0	44238	2851	1711	541	4004	1436	559
May 5, 2007 3:50:00 PM UTC	1178409000000	12	6	yes	31.7	267.3	20506	20827	9259	6546	0	44238	2843	1736	558	3999	1320	479
May 5, 2007 3:51:00 PM UTC	1178409060000	11	6	yes	31.5	267.5	20506	20827	9249	6613	0	44181	2801	1621	501	3986	1291	492
May 5, 2007 3:52:00 PM UTC	1178409120000	10	5	yes	31.3	267.6	20506	20827	9261	6542	0	44240	2836	1594	364	3978	1310	461
May 5, 2007 3:53:00 PM UTC	1178409180000	10	4	yes	31.1	267.8	20506	20827	9249	6614	0	44180	2790	1657	303	3970	1314	535
May 5, 2007 3:54:00 PM UTC	1178409240000	10	4	yes	30.9	267.9	20506	20827	9261	6543	0	44239	2826	1764	245	3955	1348	475
May 5, 2007 3:55:00 PM UTC	1178409300000	9	4	yes	30.7	268.1	20506	20827	9261	6543	0	44239	2824	1470	535	3940	1383	455
May 5, 2007 3:56:00 PM UTC	1178409360000	8	5	yes	30.5	268.2	20506	20827	9249	6615	0	44179	2777	1147	541	3931	1283	661
May 5, 2007 3:57:00 PM UTC	1178409420000	8	5	yes	30.3	268.4	20506	20827	9261	6544	0	44238	2805	1194	451	3925	1096	845
May 5, 2007 3:58:00 PM UTC	1178409480000	8	5	yes	30.1	268.5	20506	20827	9249	6616	0	44178	2762	1180	390	3916	1005	767
May 5, 2007 3:59:00 PM UTC	1178409540000	8	5	yes	29.9	268.7	20506	20827	9261	6544	0	44238	2800	1258	386	3910	1031	936
May 5, 2007 4:00:00 PM UTC	1178409600000	9	5	yes	29.7	268.9	20506	20827	9261	6470	0	44312	2807	1250	408	3904	1051	1060
May 5, 2007 4:01:00 PM UTC	1178409660000	8	5	yes	29.5	269.0	20506	20827	9249	6541	0	44253	2770	1165	330	3893	898	963
May 5, 2007 4:02:00 PM UTC	1178409720000	8	5	yes	29.3	269.2	20506	20827	9261	6469	0	44313	2794	1153	360	3885	850	1020
May 5, 2007 4:03:00 PM UTC	1178409780000	8	5	yes	29.1	269.3	20506	20827	9261	6468	0	44314	2785	1026	509	3882	953	848
May 5, 2007 4:04:00 PM UTC	1178409840000	9	5	yes	28.9	269.5	20506	20827	9249	6539	0	44255	2715	928	518	3879	1137	794
May 5, 2007 4:05:00 PM UTC	1178409900000	9	5	yes	28.7	269.6	20506	20827	9261	6468	0	44314	2775	951	536	3866	1114	762
May 5, 2007 4:06:00 PM UTC	1178409960000	10	5	yes	28.5	269.8	20506	20827	9261	6468	0	44314	2763	1034	379	3861	1222	609
May 5, 2007 4:07:00 PM UTC	1178410020000	11	5	yes	28.3	269.9	20506	20827	9261	6468	0	44314	2752	1011	336	3858	1310	435
May 5, 2007 4:08:00 PM UTC	1178410080000	12	6	yes	28.1	270.1	20506	20827	9261	6468	0	44314	2743	1191	333	3855	1227	402
May 5, 2007 4:09:00 PM UTC	1178410140000	14	6	yes	27.9	270.2	20506	20827	9249	6612	0	44182	2674	1059	285	3847	1028	422
May 5, 2007 4:10:00 PM UTC	1178410200000	16	6	yes	27.7	270.4	20506	20827	9261	6460	0	44322	2725	878	193	3841	1042	390
May 5, 2007 4:11:00 PM UTC	1178410260000	18	6	yes	27.5	270.5	20506	20827	9261	6460	0	44322	2716	831	124	3836	867	357
May 5, 2007 4:12:00 PM UTC	1178410320000	19	7	yes	27.3	270.6	20506	20827	9249	6531	0	44263	2653	782	166	3829	679	365
May 5, 2007 4:13:00 PM UTC	1178410380000	21	7	yes	27.1	270.8	20506	20827	9261	6461	0	44321	2690	829	122	3835	573	341
May 5, 2007 4:14:00 PM UTC	1178410440000	24	6	yes	26.9	270.9	20506	20827	9249	6533	0	44261	2646	785	166	3831	582	304
May 5, 2007 4:15:00 PM UTC	1178410500000	24	7	yes	26.7	271.1	20506	20827	9261	6462	0	44320	2675	895	147	3821	526	219
May 5, 2007 4:16:00 PM UTC	1178410560000	24	7	yes	26.5	271.2	20506	20827	9261	6544	0	44238	2651	781	149	3819	439	183
May 5, 2007 4:17:00 PM UTC	1178410620000	23	7	yes	26.3	271.4	20506	20827	9249	6616	0	44178	2592	741	120	3821	328	194
May 5, 2007 4:18:00 PM UTC	1178410680000	21	7	yes	26.1	271.5	20506	20827	9261	6544	0	44238	2620	854	167	3814	259	161
May 5, 2007 4:19:00 PM UTC	1178410740000	20	5	yes	25.9	271.7	20506	20827	9261	6544	0	44238	2610	853	128	3812	176	100
May 5, 2007 4:20:00 PM UTC	1178410800000	19	4	yes	25.7	271.8	20506	20827	9249	6615	0	44179	2561	831	149	3814	154	60
May 5, 2007 4:21:00 PM UTC	1178410860000	16	5	yes	25.5	272.0	20506	20827	9261	6543	0	44239	2593	753	193	3807	106	76
May 5, 2007 4:22:00 PM UTC	1178410920000	12	5	yes	25.3	272.1	20506	20827	9249	6614	0	44180	2542	640	217	3806	122	123
May 5, 2007 4:23:00 PM UTC	1178410980000	10	4	yes	25.1	272.3	20506	20827	9249	6614	0	44180	2526	512	291	3811	153	119
May 5, 2007 4:24:00 PM UTC	1178411040000	8	4	yes	24.9	272.4	20506	20827	9261	6542	0	44240	2551	475	349	3809	150	124
May 5, 2007 4:25:00 PM UTC	1178411100000	6	4	yes	24.7	272.6	20506	20827	9249	6616	0	44178	2502	416	443	3809	150	148
May 5, 2007 4:26:00 PM UTC	1178411160000	6	4	yes	24.5	272.7	20506	20827	9259	6546	0	44238	2528	403	416	3808	150	165
May 5, 2007 4:27:00 PM UTC	1178411220000	5	4	yes	24.3	272.8	20506	20827	9259	6546	0	44238	2513	374	369	3812	160	182
May 5, 2007 4:28:00 PM UTC	1178411280000	4	4	yes	24.1	273.0	20506	20827	9249	6621	0	44173	2463	232	443	3808	159	185
May 5, 2007 4:29:00 PM UTC	1178411340000	4	4	yes	23.9	273.1	20506	20827	9260	6483	0	44300	2507	234	503	3805	133	202
May 5, 2007 4:30:00 PM UTC	1178411400000	4	4	yes	23.7	273.3	20506	20827	9260	6483	0	44300	2493	226	513	3805	123	198
May 5, 2007 4:31:00 PM UTC	1178411460000	4	5	yes	23.5	273.4	20506	20827	9250	6553	0	44240	2443	87	565	3806	84	182
May 5, 2007 4:32:00 PM UTC	1178411520000	5	5	yes	23.3	273.6	20506	20827	9260	6482	0	44301	2464	52	415	3810	54	171
May 5, 2007 4:33:00 PM UTC	1178411580000	5	5	yes	23.1	273.7	20506	20827	9250	6551	1	44241	2410	56	385	3813	9	166
May 5, 2007 4:34:00 PM UTC	1178411640000	5	6	yes	22.9	273.9	20506	20827	9250	6551	4	44238	2404	22	340	3810	17	163
May 5, 2007 4:35:00 PM UTC	1178411700000	6	6	yes	22.7	274.0	20506	20827	9260	6480	23	44280	2426	32	196	3820	83	84
May 5, 2007 4:36:00 PM UTC	1178411760000	7	7	yes	22.5	274.1	20506	20827	9249	6550	24	44220	2372	0	31	3821	176	64
May 5, 2007 4:37:00 PM UTC	1178411820000	8	7	yes	22.3	274.3	20506	20827	9260	6479	43	44261	2396	0	12	3821	169	68
May 5, 2007 4:38:00 PM UTC	1178411880000	9	8	yes	22.1	274.4	20506	20827	9260	6479	57	44247	2384	19	29	3824	78	65
May 5, 2007 4:39:00 PM UTC	1178411940000	10	8	yes	21.9	274.6	20506	20827	9249	6549	58	44187	2334	88	41	3825	14	38
May 5, 2007 4:40:00 PM UTC	1178412000000	11	9	yes	21.7	274.7	20506	20827	9260	6478	86	44219	2348	22	36	3836	34	47
May 5, 2007 4:41:00 PM UTC	1178412060000	12	10	yes	21.5	274.9	20506	20827	9260	6478	98	44207	2343	53	22	3833	16	46
May 5, 2007 4:42:00 PM UTC	1178412120000	12	10	yes	21.3	275.0	20506	20827	9248	6554	98	44143	2288	22	56	3838	28	35
May 5, 2007 4:43:00 PM UTC	1178412180000	12	10	yes	21.1	275.1	20506	20827	9259	6483	120	44181	2311	6	48	3840	97	19
May 5, 2007 4:44:00 PM UTC	1178412240000	11	10	yes	20.9	275.3	20506	20827	9259	6483	133	44168	2293	6	47	3849	211	55
May 5, 2007 4:45:00 PM UTC	1178412300000	11	9	yes	20.7	275.4	20506	20827	9248	6554	134	44107	2241	43	29	3856	331	89
May 5, 2007 4:46:00 PM UTC	1178412360000	12	9	yes	20.5	275.6	20506	20827	9258	6483	150	44152	2265	28	57	3854	445	173
May 5, 2007 4:47:00 PM UTC	1178412420000	11	8	yes	20.3	275.7	20506	20827	9258	6472	163	44150	2249	96	60	3856	606	253
May 5, 2007 4:48:00 PM UTC	1178412480000	12	8	yes	20.1	275.9	20506	20827	9258	6472	168	44145	2235	100	151	3865	806	260
May 5, 2007 4:49:00 PM UTC	1178412540000	11	8	yes	19.9	276.0	20506	20827	9258	6500	181	44104	2214	287	200	3871	713	286
May 5, 2007 4:50:00 PM UTC	1178412600000	10	7	yes	19.7	276.1	20506	20827	9246	6653	178	43966	2158	392	179	3876	703	320
May 5, 2007 4:51:00 PM UTC	1178412660000	10	7	yes	19.5	276.3	20506	20827	9256	6590	199	43998	2169	436	266	3885	704	356
May 5, 2007 4:52:00 PM UTC	1178412720000	10	7	yes	19.3	276.4	20506	20827	9256	6590	207	43990	2158	499	211	3886	780	395
May 5, 2007 4:53:00 PM UTC	1178412780000	10	6	yes	19.1	276.6	20506	20827	9245	6660	201	43937	2108	387	423	3891	942	564
May 5, 2007 4:54:00 PM UTC	1178412840000	10	7	yes	18.9	276.7	20506	20827	9257	6581	222	43983	2129	538	548	3902	945	600
May 5, 2007 4:55:00 PM UTC	1178412900000	10	7	yes	18.7	276.8	20506	20827	9257	6581	234	43971	2118	820	681	3904	946	738
May 5, 2007 4:56:00 PM UTC	1178412960000	10	7	yes	18.5	277.0	20506	20827	9245	6660	229	43909	2062	875	769	3915	1149	938
May 5, 2007 4:57:00 PM UTC	1178413020000	9	7	yes	18.3	277.1	20506	20827	9256	6518	257	44012	2085	810	787	3931	1290	999
May 5, 2007 4:58:00 PM UTC	1178413080000	8	8	yes	18.1	277.3	20506	20827	9256	6518	267	44002	2075	814	877	3930	1357	1231
May 5, 2007 4:59:00 PM UTC	1178413140000	8	7	yes	17.9	277.4	20506	20827	9245	6588	262	43948	2032	863	808	3937	1404	1291
May 5, 2007 5:00:00 PM UTC	1178413200000	7	6	yes	17.7	277.5	20506	20827	9255	6517	283	43988	2045	791	616	3949	1503	1216
May 5, 2007 5:01:00 PM UTC	1178413260000	7	6	yes	17.5	277.7	20506	20827	9255	6517	287	43984	2026	947	643	3956	1400	1186
May 5, 2007 5:02:00 PM UTC	1178413320000	7	6	yes	17.3	277.8	20506	20827	9254	6516	292	43981	2011	926	600	3966	1367	1081
May 5, 2007 5:03:00 PM UTC	1178413380000	6	5	yes	17.1	278.0	20506	20827	9254	6516	300	43973	2000	966	597	3972	1155	1023
May 5, 2007 5:04:00 PM UTC	1178413440000	5	5	yes	16.9	278.1	20506	20827	9253	6526	306	43958	1980	900	645	3983	975	962
May 5, 2007 5:05:00 PM UTC	1178413500000	4	5	yes	16.7	278.3	20506	20827	9254	6517	307	43965	1965	865	699	3988	777	1025
May 5, 2007 5:06:00 PM UTC	1178413560000	4	5	yes	16.5	278.4	20506	20827	9252	6518	311	43962	1944	854	630	4007	656	1014
May 5, 2007 5:07:00 PM UTC	1178413620000	4	4	yes	16.3	278.5	20506	20827	9252	6518	318	43955	1929	844	630	4009	544	930
May 5, 2007 5:08:00 PM UTC	1178413680000	4	4	yes	16.1	278.7	20506	20827	9251	6518	327	43947	1917	776	597	4019	546	853
May 5, 2007 5:09:00 PM UTC	1178413740000	4	4	yes	15.9	278.8	20506	20827	9251	6518	331	43943	1896	743	460	4042	585	923
May 5, 2007 5:10:00 PM UTC	1178413800000	4	4	yes	15.7	279.0	20506	20827	9251	6518	334	43940	1884	542	606	4037	690	890
May 5, 2007 5:11:00 PM UTC	1178413860000	3	4	yes	15.5	279.1	20506	20827	9250	6547	346	43900	1864	507	575	4059	743	934
May 5, 2007 5:12:00 PM UTC	1178413920000	3	4	yes	15.3	279.2	20506	20827	9250	6547	353	43893	1851	491	482	4067	735	1007
May 5, 2007 5:13:00 PM UTC	1178413980000	3	4	yes	15.1	279.4	20506	20827	9250	6547	355	43891	1831	389	418	4081	897	881
May 5, 2007 5:14:00 PM UTC	1178414040000	3	4	yes	14.9	279.5	20506	20827	9247	6558	365	43873	1812	217	582	4091	883	858
May 5, 2007 5:15:00 PM UTC	1178414100000	3	4	yes	14.7	279.7	20506	20827	9247	6558	368	43870	1797	143	589	4101	893	783
May 5, 2007 5:16:00 PM UTC	1178414160000	2	3	yes	14.6	279.8	20506	20827	9256	6487	384	43916	1807	92	521	4116	713	804
May 5, 2007 5:17:00 PM UTC	1178414220000	1	3	yes	14.4	279.9	20506	20827	9246	6558	376	43863	1767	52	493	4125	552	788
May 5, 2007 5:18:00 PM UTC	1178414280000	1	3	yes	14.2	280.1	20506	20827	9246	6558	379	43860	1751	56	502	4140	374	799
May 5, 2007 5:19:00 PM UTC	1178414340000	1	3	yes	14.0	280.2	20506	20827	9257	6491	392	43903	1761	73	551	4155	244	728
May 5, 2007 5:20:00 PM UTC	1178414400000	1	2	yes	13.8	280.4	20506	20827	9245	6558	384	43856	1718	46	436	4167	164	484
May 5, 2007 5:21:00 PM UTC	1178414460000	0	2	yes	13.6	280.5	20506	20827	9245	6558	390	43850	1697	43	502	4185	92	489
May 5, 2007 5:22:00 PM UTC	1178414520000	0	2	yes	13.4	280.6	20506	20827	9253	6499	406	43885	1708	29	485	4193	73	471
May 5, 2007 5:23:00 PM UTC	1178414580000	0	2	yes	13.2	280.8	20506	20827	9244	6497	404	43898	1674	32	371	4213	44	423
May 5, 2007 5:24:00 PM UTC	1178414640000	0	2	yes	13.0	280.9	20506	20827	9244	6493	405	43901	1657	48	442	4228	18	438
May 5, 2007 5:25:00 PM UTC	1178414700000	0	2	yes	12.8	281.1	20506	20827	9253	6428	413	43949	1669	55	430	4240	1	331
May 5, 2007 5:26:00 PM UTC	1178414760000	0	2	yes	12.6	281.2	20506	20827	9242	6501	405	43895	1620	46	541	4261	0	410
May 5, 2007 5:27:00 PM UTC	1178414820000	0	2	yes	12.4	281.3	20506	20827	9242	6501	413	43887	1605	55	461	4274	0	451
May 5, 2007 5:28:00 PM UTC	1178414880000	0	2	yes	12.2	281.5	20506	20827	9244	6483	417	43899	1594	70	440	4290	3	406
May 5, 2007 5:29:00 PM UTC	1178414940000	0	2	yes	12.0	281.6	20506	20827	9244	6483	418	43898	1577	17	452	4307	0	342
May 5, 2007 5:30:00 PM UTC	1178415000000	0	2	yes	11.8	281.8	20506	20827	9254	6427	433	43929	1582	33	411	4327	1	288
May 5, 2007 5:31:00 PM UTC	1178415060000	0	2	yes	11.6	281.9	20506	20827	9240	6523	421	43859	1524	49	384	4347	1	286
May 5, 2007 5:32:00 PM UTC	1178415120000	0	2	yes	11.4	282.0	20506	20827	9240	6591	424	43788	1510	39	553	4358	0	396
May 5, 2007 5:33:00 PM UTC	1178415180000	0	2	yes	11.2	282.2	20506	20827	9251	6522	431	43839	1519	31	419	4377	0	336
May 5, 2007 5:34:00 PM UTC	1178415240000	0	2	yes	11.0	282.3	20506	20827	9240	6592	420	43791	1479	61	593	4388	0	388
May 5, 2007 5:35:00 PM UTC	1178415300000	0	2	yes	10.8	282.5	20506	20827	9240	6626	425	43752	1461	54	561	4404	0	467
May 5, 2007 5:36:00 PM UTC	1178415360000	0	2	yes	10.6	282.6	20506	20827	9251	6558	436	43798	1466	37	372	4426	0	354
May 5, 2007 5:37:00 PM UTC	1178415420000	0	2	yes	10.4	282.7	20506	20827	9242	6609	429	43763	1430	55	489	4442	3	373
May 5, 2007 5:38:00 PM UTC	1178415480000	0	2	yes	10.2	282.9	20506	20827	9242	6609	433	43759	1415	57	482	4457	8	377
May 5, 2007 5:39:00 PM UTC	1178415540000	0	2	yes	10.0	283.0	20506	20827	9251	6556	441	43795	1425	63	540	4468	1	408
May 5, 2007 5:40:00 PM UTC	1178415600000	0	2	yes	9.8	283.2	20506	20827	9240	6625	433	43745	1382	68	329	4486	1	407
May 5, 2007 5:41:00 PM UTC	1178415660000	0	1	yes	9.6	283.3	20506	20827	9240	6625	436	43742	1370	31	337	4497	3	276
May 5, 2007 5:42:00 PM UTC	1178415720000	0	1	yes	9.4	283.5	20506	20827	9251	6553	449	43790	1368	61	269	4524	0	316
May 5, 2007 5:43:00 PM UTC	1178415780000	0	1	yes	9.2	283.6	20506	20827	9240	6623	441	43739	1324	79	207	4541	6	351
May 5, 2007 5:44:00 PM UTC	1178415840000	0	2	yes	9.1	283.7	20506	20827	9250	6554	457	43782	1336	75	311	4555	1	365
May 5, 2007 5:45:00 PM UTC	1178415900000	0	1	yes	8.9	283.9	20506	20827	9250	6554	457	43782	1321	25	276	4573	2	292
May 5, 2007 5:46:00 PM UTC	1178415960000	0	1	yes	8.7	284.0	20506	20827	9238	6637	445	43723	1279	66	330	4579	4	248
May 5, 2007 5:47:00 PM UTC	1178416020000	0	1	yes	8.5	284.2	20506	20827	9250	6502	460	43831	1296	28	399	4597	11	210
May 5, 2007 5:48:00 PM UTC	1178416080000	0	1	yes	8.3	284.3	20506	20827	9250	6502	459	43832	1274	17	201	4621	3	159
May 5, 2007 5:49:00 PM UTC	1178416140000	0	1	yes	8.1	284.4	20506	20827	9241	6571	451	43780	1232	15	263	4636	0	322
May 5, 2007 5:50:00 PM UTC	1178416200000	0	1	yes	7.9	284.6	20506	20827	9250	6500	464	43829	1237	11	207	4658	0	65
May 5, 2007 5:51:00 PM UTC	1178416260000	0	2	yes	7.7	284.7	20506	20827	9250	6500	466	43827	1225	27	275	4669	4	411
May 5, 2007 5:52:00 PM UTC	1178416320000	0	1	yes	7.5	284.9	20506	20827	9239	6569	455	43780	1188	12	315	4680	0	271
May 5, 2007 5:53:00 PM UTC	1178416380000	0	1	yes	7.3	285.0	20506	20827	9248	6517	465	43813	1190	70	279	4699	16	238
May 5, 2007 5:54:00 PM UTC	1178416440000	0	1	yes	7.1	285.2	20506	20827	9248	6517	466	43812	1177	24	213	4710	0	207
May 5, 2007 5:55:00 PM UTC	1178416500000	0	1	yes	6.9	285.3	20506	20827	9238	6584	458	43763	1136	15	284	4728	5	181
May 5, 2007 5:56:00 PM UTC	1178416560000	0	1	yes	6.7	285.4	20506	20827	9248	6516	469	43810	1142	66	273	4747	12	379
May 5, 2007 5:57:00 PM UTC	1178416620000	0	1	yes	6.5	285.6	20506	20827	9248	6516	470	43809	1120	40	218	4769	10	243
May 5, 2007 5:58:00 PM UTC	1178416680000	0	1	yes	6.3	285.7	20506	20827	9248	6514	469	43812	1105	66	239	4787	13	307
May 5, 2007 5:59:00 PM UTC	1178416740000	0	1	yes	6.1	285.9	20506	20827	9248	6514	472	43809	1093	12	209	4798	1	152
May 5, 2007 6:00:00 PM UTC	1178416800000	0	1	yes	6.0	286.0	20506	20827	9247	6555	470	43771	1072	27	209	4814	0	232
May 5, 2007 6:01:00 PM UTC	1178416860000	0	1	yes	5.8	286.2	20506	20827	9246	6556	480	43761	1062	26	166	4824	0	154
May 5, 2007 6:02:00 PM UTC	1178416920000	0	1	yes	5.6	286.3	20506	20827	9246	6556	489	43752	1043	21	202	4842	0	110
May 5, 2007 6:03:00 PM UTC	1178416980000	0	1	yes	5.4	286.5	20506	20827	9246	6556	497	43744	1031	53	90	4854	4	174
May 5, 2007 6:04:00 PM UTC	1178417040000	0	0	yes	5.2	286.6	20506	20827	9247	6554	508	43734	1017	48	72	4869	0	132
May 5, 2007 6:05:00 PM UTC	1178417100000	0	0	yes	5.0	286.7	20506	20827	9247	6554	513	43729	998	31	84	4888	8	53
May 5, 2007 6:06:00 PM UTC	1178417160000	0	1	yes	4.8	286.9	20506	20827	9243	6573	516	43711	980	50	66	4896	2	155
May 5, 2007 6:07:00 PM UTC	1178417220000	0	0	yes	4.6	287.0	20506	20827	9244	6572	528	43699	960	38	53	4916	0	126
May 5, 2007 6:08:00 PM UTC	1178417280000	0	0	yes	4.4	287.2	20506	20827	9244	6572	533	43694	942	60	56	4931	12	111
May 5, 2007 6:09:00 PM UTC	1178417340000	0	0	yes	4.2	287.3	20506	20827	9256	6433	562	43792	950	23	54	4961	4	47
May 5, 2007 6:10:00 PM UTC	1178417400000	0	0	yes	4.0	287.5	20506	20827	9245	6495	567	43736	918	17	54	4970	0	95
May 5, 2007 6:11:00 PM UTC	1178417460000	0	0	yes	3.8	287.6	20506	20827	9245	6495	583	43720	906	28	8	4982	3	87
May 5, 2007 6:12:00 PM UTC	1178417520000	0	0	yes	3.7	287.8	20506	20827	9256	6432	618	43737	902	13	62	5008	0	51
May 5, 2007 6:13:00 PM UTC	1178417580000	0	0	yes	3.5	287.9	20506	20827	9244	6524	629	43646	868	17	43	5007	12	21
May 5, 2007 6:14:00 PM UTC	1178417640000	0	0	yes	3.3	288.0	20506	20827	9244	6524	667	43608	853	6	18	5022	1	18
May 5, 2007 6:15:00 PM UTC	1178417700000	0	0	yes	3.1	288.2	20506	20827	9254	6451	714	43624	857	10	11	5047	10	12
