June 22, 2008 5:00:00 AM UTC	1214139600000	1	6	yes	5.2	64.5	20506	20827	9256	6494	516	43777	1025	173	357	4882	134	2415
June 22, 2008 5:01:00 AM UTC	1214139660000	1	6	yes	5.3	64.6	20506	20827	9246	6560	496	43741	1021	160	368	4862	119	2169
June 22, 2008 5:02:00 AM UTC	1214139720000	1	6	yes	5.5	64.8	20506	20827	9246	6560	491	43746	1036	171	375	4847	90	2231
June 22, 2008 5:03:00 AM UTC	1214139780000	1	6	yes	5.7	64.9	20506	20827	9257	6496	489	43801	1069	182	409	4837	133	2179
June 22, 2008 5:04:00 AM UTC	1214139840000	1	7	yes	5.9	65.1	20506	20827	9246	6561	471	43765	1064	143	420	4819	157	2397
June 22, 2008 5:05:00 AM UTC	1214139900000	1	7	yes	6.1	65.2	20506	20827	9249	6532	471	43791	1092	165	432	4803	111	2411
June 22, 2008 5:06:00 AM UTC	1214139960000	1	6	yes	6.2	65.4	20506	20827	9249	6532	472	43790	1102	221	427	4791	88	2266
June 22, 2008 5:07:00 AM UTC	1214140020000	1	7	yes	6.4	65.5	20506	20827	9246	6562	454	43781	1111	188	450	4769	130	2435
June 22, 2008 5:08:00 AM UTC	1214140080000	1	7	yes	6.6	65.6	20506	20827	9246	6562	452	43783	1122	144	471	4759	111	2359
June 22, 2008 5:09:00 AM UTC	1214140140000	1	7	yes	6.8	65.8	20506	20827	9246	6562	468	43767	1139	163	518	4743	82	2522
June 22, 2008 5:10:00 AM UTC	1214140200000	1	7	yes	7.0	65.9	20506	20827	9250	6534	466	43793	1158	173	530	4730	99	2418
June 22, 2008 5:11:00 AM UTC	1214140260000	1	7	yes	7.2	66.0	20506	20827	9251	6487	470	43835	1181	175	544	4714	82	2332
June 22, 2008 5:12:00 AM UTC	1214140320000	1	7	yes	7.3	66.2	20506	20827	9251	6487	468	43837	1194	222	484	4702	131	2498
June 22, 2008 5:13:00 AM UTC	1214140380000	1	7	yes	7.5	66.3	20506	20827	9251	6488	470	43834	1211	176	566	4686	76	2377
June 22, 2008 5:14:00 AM UTC	1214140440000	1	7	yes	7.7	66.5	20506	20827	9251	6488	464	43840	1227	209	560	4669	170	2379
June 22, 2008 5:15:00 AM UTC	1214140500000	1	7	yes	7.9	66.6	20506	20827	9255	6462	464	43862	1248	152	630	4658	99	2471
June 22, 2008 5:16:00 AM UTC	1214140560000	1	7	yes	8.1	66.7	20506	20827	9245	6575	454	43769	1240	214	568	4636	140	2514
June 22, 2008 5:17:00 AM UTC	1214140620000	1	7	yes	8.3	66.9	20506	20827	9251	6538	450	43804	1264	230	569	4628	151	2347
June 22, 2008 5:18:00 AM UTC	1214140680000	1	8	yes	8.4	67.0	20506	20827	9251	6538	458	43796	1283	153	653	4607	141	2550
June 22, 2008 5:19:00 AM UTC	1214140740000	1	7	yes	8.6	67.2	20506	20827	9240	6604	447	43752	1279	149	631	4589	121	2336
June 22, 2008 5:20:00 AM UTC	1214140800000	1	7	yes	8.8	67.3	20506	20827	9248	6551	455	43789	1318	256	602	4572	216	2446
June 22, 2008 5:21:00 AM UTC	1214140860000	1	7	yes	9.0	67.4	20506	20827	9253	6512	458	43820	1340	184	692	4561	120	2413
June 22, 2008 5:22:00 AM UTC	1214140920000	1	8	yes	9.2	67.6	20506	20827	9245	6579	442	43777	1335	228	658	4541	187	2505
June 22, 2008 5:23:00 AM UTC	1214140980000	1	7	yes	9.4	67.7	20506	20827	9256	6513	446	43828	1371	179	730	4529	160	2396
June 22, 2008 5:24:00 AM UTC	1214141040000	2	7	yes	9.6	67.8	20506	20827	9256	6513	445	43829	1387	322	613	4513	292	2362
June 22, 2008 5:25:00 AM UTC	1214141100000	2	7	yes	9.7	68.0	20506	20827	9245	6579	431	43788	1382	303	641	4494	259	2265
June 22, 2008 5:26:00 AM UTC	1214141160000	2	7	yes	9.9	68.1	20506	20827	9249	6554	438	43802	1405	407	553	4481	306	2316
June 22, 2008 5:27:00 AM UTC	1214141220000	1	7	yes	10.1	68.2	20506	20827	9254	6515	441	43833	1434	258	666	4468	194	2107
June 22, 2008 5:28:00 AM UTC	1214141280000	1	6	yes	10.3	68.4	20506	20827	9243	6581	433	43786	1427	321	665	4451	206	2062
June 22, 2008 5:29:00 AM UTC	1214141340000	1	6	yes	10.5	68.5	20506	20827	9243	6581	433	43786	1442	278	712	4430	208	1978
June 22, 2008 5:30:00 AM UTC	1214141400000	1	6	yes	10.7	68.7	20506	20827	9253	6523	438	43829	1473	256	699	4424	140	1971
June 22, 2008 5:31:00 AM UTC	1214141460000	1	6	yes	10.9	68.8	20506	20827	9243	6582	430	43788	1471	273	688	4403	137	2031
June 22, 2008 5:32:00 AM UTC	1214141520000	1	6	yes	11.1	68.9	20506	20827	9247	6550	432	43814	1494	242	803	4394	118	1956
June 22, 2008 5:33:00 AM UTC	1214141580000	1	7	yes	11.2	69.1	20506	20827	9258	6483	437	43865	1533	243	821	4379	150	1979
June 22, 2008 5:34:00 AM UTC	1214141640000	1	6	yes	11.4	69.2	20506	20827	9248	6548	425	43822	1528	154	854	4359	116	1854
June 22, 2008 5:35:00 AM UTC	1214141700000	1	7	yes	11.6	69.3	20506	20827	9248	6548	423	43824	1547	228	870	4341	111	1918
June 22, 2008 5:36:00 AM UTC	1214141760000	1	6	yes	11.8	69.5	20506	20827	9248	6548	421	43826	1562	145	980	4326	112	1764
June 22, 2008 5:37:00 AM UTC	1214141820000	1	6	yes	12.0	69.6	20506	20827	9248	6549	418	43828	1574	141	907	4315	114	1740
June 22, 2008 5:38:00 AM UTC	1214141880000	1	6	yes	12.2	69.7	20506	20827	9250	6589	415	43789	1597	225	927	4287	114	1713
June 22, 2008 5:39:00 AM UTC	1214141940000	1	6	yes	12.4	69.9	20506	20827	9250	6589	414	43790	1606	203	941	4279	96	1658
June 22, 2008 5:40:00 AM UTC	1214142000000	1	6	yes	12.6	70.0	20506	20827	9248	6612	408	43775	1616	160	1021	4261	78	1692
June 22, 2008 5:41:00 AM UTC	1214142060000	1	6	yes	12.7	70.1	20506	20827	9248	6612	405	43778	1631	208	979	4249	77	1683
June 22, 2008 5:42:00 AM UTC	1214142120000	1	6	yes	12.9	70.3	20506	20827	9249	6486	411	43897	1656	243	896	4238	75	1700
June 22, 2008 5:43:00 AM UTC	1214142180000	1	6	yes	13.1	70.4	20506	20827	9248	6486	404	43905	1669	174	1047	4223	52	1663
June 22, 2008 5:44:00 AM UTC	1214142240000	1	6	yes	13.3	70.5	20506	20827	9252	6464	401	43926	1692	249	989	4209	75	1627
June 22, 2008 5:45:00 AM UTC	1214142300000	1	6	yes	13.5	70.7	20506	20827	9252	6464	396	43931	1716	217	1016	4190	77	1529
June 22, 2008 5:46:00 AM UTC	1214142360000	1	6	yes	13.7	70.8	20506	20827	9244	6535	383	43881	1704	139	1041	4178	80	1551
June 22, 2008 5:47:00 AM UTC	1214142420000	1	6	yes	13.9	70.9	20506	20827	9252	6467	390	43934	1744	175	1074	4163	78	1489
June 22, 2008 5:48:00 AM UTC	1214142480000	1	6	yes	14.1	71.1	20506	20827	9252	6467	384	43940	1759	183	1015	4154	37	1564
June 22, 2008 5:49:00 AM UTC	1214142540000	1	6	yes	14.3	71.2	20506	20827	9241	6534	364	43904	1745	222	1080	4138	83	1472
June 22, 2008 5:50:00 AM UTC	1214142600000	1	6	yes	14.4	71.3	20506	20827	9252	6467	381	43943	1791	224	1097	4126	81	1492
June 22, 2008 5:51:00 AM UTC	1214142660000	1	6	yes	14.6	71.5	20506	20827	9255	6447	381	43960	1814	230	1070	4114	84	1443
June 22, 2008 5:52:00 AM UTC	1214142720000	1	6	yes	14.8	71.6	20506	20827	9244	6514	366	43919	1801	251	1046	4103	79	1469
June 22, 2008 5:53:00 AM UTC	1214142780000	1	6	yes	15.0	71.7	20506	20827	9256	6445	371	43971	1851	255	1117	4087	46	1473
June 22, 2008 5:54:00 AM UTC	1214142840000	1	6	yes	15.2	71.9	20506	20827	9254	6466	360	43963	1860	227	1096	4076	79	1432
June 22, 2008 5:55:00 AM UTC	1214142900000	1	6	yes	15.4	72.0	20506	20827	9245	6528	346	43924	1846	236	1127	4067	93	1468
June 22, 2008 5:56:00 AM UTC	1214142960000	1	6	yes	15.6	72.1	20506	20827	9245	6528	335	43935	1863	290	1128	4054	91	1488
June 22, 2008 5:57:00 AM UTC	1214143020000	1	6	yes	15.8	72.3	20506	20827	9256	6447	347	43993	1907	254	1166	4048	86	1427
June 22, 2008 5:58:00 AM UTC	1214143080000	1	6	yes	16.0	72.4	20506	20827	9244	6521	332	43946	1892	299	1171	4037	102	1419
June 22, 2008 5:59:00 AM UTC	1214143140000	1	6	yes	16.2	72.5	20506	20827	9244	6521	326	43952	1910	270	1194	4023	33	1433
June 22, 2008 6:00:00 AM UTC	1214143200000	1	6	yes	16.4	72.6	20506	20827	9256	6447	328	44012	1961	344	1146	4009	92	1389
June 22, 2008 6:01:00 AM UTC	1214143260000	1	6	yes	16.5	72.8	20506	20827	9244	6575	308	43916	1935	305	1195	4000	88	1345
June 22, 2008 6:02:00 AM UTC	1214143320000	1	6	yes	16.7	72.9	20506	20827	9244	6575	303	43921	1951	291	1199	3996	87	1365
June 22, 2008 6:03:00 AM UTC	1214143380000	1	6	yes	16.9	73.0	20506	20827	9254	6508	307	43974	1997	310	1182	3979	94	1289
June 22, 2008 6:04:00 AM UTC	1214143440000	1	6	yes	17.1	73.2	20506	20827	9247	6555	297	43944	1986	296	1234	3976	3	1372
June 22, 2008 6:05:00 AM UTC	1214143500000	1	6	yes	17.3	73.3	20506	20827	9247	6555	292	43949	2004	315	1227	3964	37	1380
June 22, 2008 6:06:00 AM UTC	1214143560000	1	6	yes	17.5	73.4	20506	20827	9256	6487	297	44003	2052	268	1257	3958	37	1272
June 22, 2008 6:07:00 AM UTC	1214143620000	1	6	yes	17.7	73.6	20506	20827	9246	6556	281	43960	2041	317	1249	3947	41	1258
June 22, 2008 6:08:00 AM UTC	1214143680000	1	6	yes	17.9	73.7	20506	20827	9246	6556	275	43966	2053	239	1308	3940	38	1249
June 22, 2008 6:09:00 AM UTC	1214143740000	1	6	yes	18.1	73.8	20506	20827	9246	6556	267	43974	2063	319	1251	3935	41	1231
June 22, 2008 6:10:00 AM UTC	1214143800000	1	5	yes	18.3	74.0	20506	20827	9247	6558	258	43980	2078	410	1168	3923	38	1208
June 22, 2008 6:11:00 AM UTC	1214143860000	1	6	yes	18.5	74.1	20506	20827	9248	6518	248	44029	2094	363	1223	3921	41	1235
June 22, 2008 6:12:00 AM UTC	1214143920000	1	6	yes	18.7	74.2	20506	20827	9248	6518	241	44036	2120	356	1225	3912	43	1193
June 22, 2008 6:13:00 AM UTC	1214143980000	1	6	yes	18.9	74.4	20506	20827	9248	6518	229	44048	2132	389	1260	3904	102	1183
June 22, 2008 6:14:00 AM UTC	1214144040000	1	6	yes	19.0	74.5	20506	20827	9248	6518	218	44059	2146	383	1242	3894	70	1207
June 22, 2008 6:15:00 AM UTC	1214144100000	1	6	yes	19.2	74.6	20506	20827	9248	6518	209	44068	2159	294	1311	3892	37	1211
June 22, 2008 6:16:00 AM UTC	1214144160000	1	6	yes	19.4	74.7	20506	20827	9248	6520	200	44075	2168	281	1387	3887	94	1105
June 22, 2008 6:17:00 AM UTC	1214144220000	1	6	yes	19.6	74.9	20506	20827	9248	6520	191	44084	2194	277	1358	3877	102	1115
June 22, 2008 6:18:00 AM UTC	1214144280000	1	6	yes	19.8	75.0	20506	20827	9248	6520	182	44093	2200	339	1317	3878	28	1181
June 22, 2008 6:19:00 AM UTC	1214144340000	1	6	yes	20.0	75.1	20506	20827	9239	6571	162	44071	2196	290	1355	3869	31	1092
June 22, 2008 6:20:00 AM UTC	1214144400000	1	6	yes	20.2	75.3	20506	20827	9250	6503	164	44126	2240	350	1390	3861	0	1146
June 22, 2008 6:21:00 AM UTC	1214144460000	1	6	yes	20.4	75.4	20506	20827	9250	6503	155	44135	2253	292	1388	3859	16	1047
June 22, 2008 6:22:00 AM UTC	1214144520000	1	6	yes	20.6	75.5	20506	20827	9241	6575	136	44091	2233	298	1341	3855	4	1081
June 22, 2008 6:23:00 AM UTC	1214144580000	1	6	yes	20.8	75.7	20506	20827	9250	6505	138	44150	2282	186	1535	3851	4	1038
June 22, 2008 6:24:00 AM UTC	1214144640000	1	6	yes	21.0	75.8	20506	20827	9250	6505	126	44162	2295	238	1452	3847	5	1018
June 22, 2008 6:25:00 AM UTC	1214144700000	1	5	yes	21.2	75.9	20506	20827	9238	6574	104	44127	2278	259	1414	3843	14	960
June 22, 2008 6:26:00 AM UTC	1214144760000	1	6	yes	21.4	76.0	20506	20827	9250	6557	103	44133	2321	266	1432	3833	10	1032
June 22, 2008 6:27:00 AM UTC	1214144820000	1	5	yes	21.6	76.2	20506	20827	9250	6557	91	44145	2328	209	1385	3839	6	997
June 22, 2008 6:28:00 AM UTC	1214144880000	1	6	yes	21.8	76.3	20506	20827	9240	6627	68	44108	2312	202	1491	3832	7	1001
June 22, 2008 6:29:00 AM UTC	1214144940000	1	6	yes	22.0	76.4	20506	20827	9251	6558	65	44169	2358	348	1433	3826	3	1010
June 22, 2008 6:30:00 AM UTC	1214145000000	1	6	yes	22.2	76.6	20506	20827	9251	6558	54	44180	2372	273	1532	3828	23	1040
June 22, 2008 6:31:00 AM UTC	1214145060000	1	6	yes	22.4	76.7	20506	20827	9240	6627	33	44143	2356	267	1628	3821	22	1073
June 22, 2008 6:32:00 AM UTC	1214145120000	1	6	yes	22.5	76.8	20506	20827	9240	6627	19	44157	2370	370	1541	3819	19	1128
June 22, 2008 6:33:00 AM UTC	1214145180000	1	6	yes	22.7	77.0	20506	20827	9251	6556	19	44217	2417	275	1546	3820	19	1053
June 22, 2008 6:34:00 AM UTC	1214145240000	1	6	yes	22.9	77.1	20506	20827	9242	6615	5	44181	2399	381	1504	3815	5	1098
June 22, 2008 6:35:00 AM UTC	1214145300000	1	6	yes	23.1	77.2	20506	20827	9242	6615	1	44185	2417	299	1525	3810	0	1095
June 22, 2008 6:36:00 AM UTC	1214145360000	1	6	yes	23.3	77.3	20506	20827	9251	6558	0	44234	2457	376	1494	3808	1	1117
June 22, 2008 6:37:00 AM UTC	1214145420000	1	6	yes	23.5	77.5	20506	20827	9240	6629	0	44174	2438	358	1517	3804	0	1106
June 22, 2008 6:38:00 AM UTC	1214145480000	1	6	yes	23.7	77.6	20506	20827	9240	6595	0	44208	2450	346	1537	3806	20	1118
June 22, 2008 6:39:00 AM UTC	1214145540000	1	6	yes	23.9	77.7	20506	20827	9251	6527	0	44265	2495	435	1468	3810	15	1151
June 22, 2008 6:40:00 AM UTC	1214145600000	1	6	yes	24.1	77.9	20506	20827	9240	6597	0	44206	2474	393	1479	3807	14	1142
June 22, 2008 6:41:00 AM UTC	1214145660000	1	6	yes	24.3	78.0	20506	20827	9240	6597	0	44206	2492	427	1418	3801	17	1112
June 22, 2008 6:42:00 AM UTC	1214145720000	2	6	yes	24.5	78.1	20506	20827	9254	6428	0	44361	2565	544	1386	3804	84	1068
June 22, 2008 6:43:00 AM UTC	1214145780000	1	6	yes	24.7	78.3	20506	20827	9242	6513	0	44288	2524	362	1447	3811	17	1082
June 22, 2008 6:44:00 AM UTC	1214145840000	1	6	yes	24.9	78.4	20506	20827	9242	6513	0	44288	2543	381	1443	3804	18	1102
June 22, 2008 6:45:00 AM UTC	1214145900000	1	6	yes	25.1	78.5	20506	20827	9242	6513	0	44288	2553	363	1456	3804	18	1021
June 22, 2008 6:46:00 AM UTC	1214145960000	1	6	yes	25.3	78.7	20506	20827	9243	6495	0	44305	2572	484	1366	3809	16	1051
June 22, 2008 6:47:00 AM UTC	1214146020000	1	6	yes	25.5	78.8	20506	20827	9243	6495	0	44305	2584	391	1438	3811	19	1045
June 22, 2008 6:48:00 AM UTC	1214146080000	1	6	yes	25.7	78.9	20506	20827	9243	6495	0	44305	2592	356	1464	3811	0	1032
June 22, 2008 6:49:00 AM UTC	1214146140000	1	6	yes	25.9	79.0	20506	20827	9243	6503	0	44297	2606	420	1408	3814	13	1018
June 22, 2008 6:50:00 AM UTC	1214146200000	1	5	yes	26.1	79.2	20506	20827	9243	6507	0	44293	2620	465	1374	3813	13	1015
June 22, 2008 6:51:00 AM UTC	1214146260000	1	6	yes	26.3	79.3	20506	20827	9243	6507	0	44293	2632	338	1494	3816	0	1016
June 22, 2008 6:52:00 AM UTC	1214146320000	1	6	yes	26.5	79.4	20506	20827	9245	6560	0	44238	2627	375	1414	3819	0	1027
June 22, 2008 6:53:00 AM UTC	1214146380000	1	6	yes	26.7	79.6	20506	20827	9245	6560	0	44238	2640	332	1426	3826	0	995
June 22, 2008 6:54:00 AM UTC	1214146440000	1	5	yes	26.9	79.7	20506	20827	9245	6560	0	44238	2652	360	1411	3823	2	956
June 22, 2008 6:55:00 AM UTC	1214146500000	1	5	yes	27.1	79.8	20506	20827	9246	6560	0	44237	2665	284	1470	3827	3	930
June 22, 2008 6:56:00 AM UTC	1214146560000	1	5	yes	27.3	80.0	20506	20827	9246	6560	0	44237	2669	242	1482	3834	12	867
June 22, 2008 6:57:00 AM UTC	1214146620000	1	5	yes	27.5	80.1	20506	20827	9246	6560	0	44237	2681	335	1372	3834	0	916
June 22, 2008 6:58:00 AM UTC	1214146680000	1	5	yes	27.7	80.2	20506	20827	9256	6489	0	44298	2732	360	1407	3835	0	942
June 22, 2008 6:59:00 AM UTC	1214146740000	1	5	yes	27.9	80.4	20506	20827	9247	6560	0	44236	2701	310	1466	3843	0	912
June 22, 2008 7:00:00 AM UTC	1214146800000	1	5	yes	28.1	80.5	20506	20827	9247	6560	0	44236	2712	323	1390	3848	0	905
June 22, 2008 7:01:00 AM UTC	1214146860000	1	5	yes	28.3	80.6	20506	20827	9258	6490	0	44295	2759	367	1380	3850	0	904
June 22, 2008 7:02:00 AM UTC	1214146920000	1	5	yes	28.4	80.7	20506	20827	9250	6549	0	44244	2733	257	1444	3854	0	842
June 22, 2008 7:03:00 AM UTC	1214146980000	1	5	yes	28.6	80.9	20506	20827	9250	6549	0	44244	2742	321	1350	3871	0	867
June 22, 2008 7:04:00 AM UTC	1214147040000	1	5	yes	28.8	81.0	20506	20827	9260	6451	0	44332	2795	291	1347	3862	0	870
June 22, 2008 7:05:00 AM UTC	1214147100000	1	5	yes	29.0	81.1	20506	20827	9251	6521	0	44271	2757	187	1437	3887	0	861
June 22, 2008 7:06:00 AM UTC	1214147160000	1	5	yes	29.2	81.3	20506	20827	9251	6521	0	44271	2764	207	1407	3886	0	911
June 22, 2008 7:07:00 AM UTC	1214147220000	1	5	yes	29.4	81.4	20506	20827	9242	6581	0	44220	2745	221	1392	3879	0	908
June 22, 2008 7:08:00 AM UTC	1214147280000	1	5	yes	29.6	81.5	20506	20827	9252	6520	0	44271	2784	194	1458	3897	0	943
June 22, 2008 7:09:00 AM UTC	1214147340000	1	5	yes	29.8	81.7	20506	20827	9252	6520	0	44271	2792	258	1366	3903	0	943
June 22, 2008 7:10:00 AM UTC	1214147400000	1	5	yes	30.0	81.8	20506	20827	9241	6608	0	44194	2745	226	1350	3913	0	907
June 22, 2008 7:11:00 AM UTC	1214147460000	1	5	yes	30.2	81.9	20506	20827	9253	6527	0	44263	2810	358	1231	3919	1	885
June 22, 2008 7:12:00 AM UTC	1214147520000	1	5	yes	30.4	82.1	20506	20827	9254	6518	0	44271	2822	219	1434	3923	0	870
June 22, 2008 7:13:00 AM UTC	1214147580000	1	5	yes	30.6	82.2	20506	20827	9244	6588	0	44211	2778	194	1429	3942	1	908
June 22, 2008 7:14:00 AM UTC	1214147640000	0	5	yes	30.8	82.3	20506	20827	9255	6519	0	44269	2825	144	1409	3949	1	890
June 22, 2008 7:15:00 AM UTC	1214147700000	0	5	yes	31.0	82.5	20506	20827	9255	6519	0	44269	2835	153	1404	3953	1	865
June 22, 2008 7:16:00 AM UTC	1214147760000	0	5	yes	31.2	82.6	20506	20827	9245	6591	0	44207	2793	153	1336	3964	1	921
June 22, 2008 7:17:00 AM UTC	1214147820000	1	5	yes	31.4	82.7	20506	20827	9256	6520	0	44267	2840	179	1379	3976	2	931
June 22, 2008 7:18:00 AM UTC	1214147880000	1	5	yes	31.6	82.9	20506	20827	9256	6520	0	44267	2846	202	1314	3990	2	863
June 22, 2008 7:19:00 AM UTC	1214147940000	0	5	yes	31.8	83.0	20506	20827	9245	6662	0	44136	2781	151	1306	3997	2	851
June 22, 2008 7:20:00 AM UTC	1214148000000	1	5	yes	32.0	83.1	20506	20827	9256	6597	0	44190	2825	186	1297	4015	5	881
June 22, 2008 7:21:00 AM UTC	1214148060000	1	5	yes	32.2	83.3	20506	20827	9256	6597	0	44190	2833	183	1280	4026	4	915
June 22, 2008 7:22:00 AM UTC	1214148120000	1	5	yes	32.4	83.4	20506	20827	9245	6661	0	44137	2796	186	1256	4032	4	858
June 22, 2008 7:23:00 AM UTC	1214148180000	1	5	yes	32.6	83.5	20506	20827	9257	6577	0	44209	2844	206	1205	4051	4	872
June 22, 2008 7:24:00 AM UTC	1214148240000	0	5	yes	32.8	83.7	20506	20827	9257	6577	0	44209	2842	111	1252	4067	4	866
June 22, 2008 7:25:00 AM UTC	1214148300000	0	5	yes	33.0	83.8	20506	20827	9246	6655	0	44142	2802	119	1221	4082	5	874
June 22, 2008 7:26:00 AM UTC	1214148360000	0	5	yes	33.2	83.9	20506	20827	9258	6500	0	44285	2874	144	1213	4091	7	829
June 22, 2008 7:27:00 AM UTC	1214148420000	0	5	yes	33.4	84.1	20506	20827	9258	6500	0	44285	2861	138	1222	4118	12	905
June 22, 2008 7:28:00 AM UTC	1214148480000	0	4	yes	33.6	84.2	20506	20827	9247	6544	0	44252	2824	149	1117	4129	11	838
June 22, 2008 7:29:00 AM UTC	1214148540000	1	5	yes	33.8	84.4	20506	20827	9258	6474	0	44311	2870	201	1120	4146	15	886
June 22, 2008 7:30:00 AM UTC	1214148600000	1	4	yes	34.0	84.5	20506	20827	9258	6486	0	44299	2868	190	1113	4166	20	851
June 22, 2008 7:31:00 AM UTC	1214148660000	1	5	yes	34.2	84.6	20506	20827	9248	6557	0	44238	2821	164	1112	4179	24	860
June 22, 2008 7:32:00 AM UTC	1214148720000	1	4	yes	34.4	84.8	20506	20827	9259	6486	0	44298	2869	274	1031	4195	22	835
June 22, 2008 7:33:00 AM UTC	1214148780000	1	4	yes	34.6	84.9	20506	20827	9259	6486	0	44298	2866	295	919	4212	12	818
June 22, 2008 7:34:00 AM UTC	1214148840000	0	4	yes	34.8	85.0	20506	20827	9248	6557	0	44238	2818	76	1060	4233	8	863
June 22, 2008 7:35:00 AM UTC	1214148900000	0	4	yes	35.0	85.2	20506	20827	9260	6480	0	44303	2872	136	1016	4245	15	810
June 22, 2008 7:36:00 AM UTC	1214148960000	0	4	yes	35.2	85.3	20506	20827	9260	6480	0	44303	2870	115	1031	4264	28	841
June 22, 2008 7:37:00 AM UTC	1214149020000	0	4	yes	35.4	85.4	20506	20827	9249	6551	0	44243	2824	109	965	4280	17	768
June 22, 2008 7:38:00 AM UTC	1214149080000	1	4	yes	35.6	85.6	20506	20827	9260	6481	0	44302	2862	187	889	4304	13	819
June 22, 2008 7:39:00 AM UTC	1214149140000	1	4	yes	35.8	85.7	20506	20827	9260	6481	0	44302	2859	176	901	4324	11	783
June 22, 2008 7:40:00 AM UTC	1214149200000	0	4	yes	36.0	85.9	20506	20827	9249	6552	0	44242	2819	136	891	4331	27	773
June 22, 2008 7:41:00 AM UTC	1214149260000	1	4	yes	36.2	86.0	20506	20827	9260	6482	0	44301	2865	181	813	4353	22	830
June 22, 2008 7:42:00 AM UTC	1214149320000	1	4	yes	36.4	86.1	20506	20827	9260	6482	0	44301	2858	168	801	4371	22	782
June 22, 2008 7:43:00 AM UTC	1214149380000	0	4	yes	36.6	86.3	20506	20827	9250	6553	0	44240	2818	54	814	4381	13	759
June 22, 2008 7:44:00 AM UTC	1214149440000	0	4	yes	36.8	86.4	20506	20827	9260	6484	0	44299	2858	97	804	4402	28	732
June 22, 2008 7:45:00 AM UTC	1214149500000	0	3	yes	37.0	86.6	20506	20827	9250	6555	0	44238	2816	84	741	4412	19	706
June 22, 2008 7:46:00 AM UTC	1214149560000	0	3	yes	37.2	86.7	20506	20827	9260	6485	0	44298	2857	115	715	4435	17	649
June 22, 2008 7:47:00 AM UTC	1214149620000	0	3	yes	37.4	86.8	20506	20827	9260	6485	0	44298	2855	105	660	4456	31	660
June 22, 2008 7:48:00 AM UTC	1214149680000	0	3	yes	37.6	87.0	20506	20827	9248	6629	0	44166	2784	77	608	4471	18	704
June 22, 2008 7:49:00 AM UTC	1214149740000	0	3	yes	37.8	87.1	20506	20827	9259	6554	0	44230	2829	108	650	4492	19	731
June 22, 2008 7:50:00 AM UTC	1214149800000	0	3	yes	38.0	87.3	20506	20827	9259	6544	0	44240	2832	117	564	4509	29	675
June 22, 2008 7:51:00 AM UTC	1214149860000	0	3	yes	38.2	87.4	20506	20827	9249	6617	0	44177	2788	126	536	4515	34	670
June 22, 2008 7:52:00 AM UTC	1214149920000	1	3	yes	38.4	87.5	20506	20827	9261	6543	0	44239	2836	166	500	4533	25	678
June 22, 2008 7:53:00 AM UTC	1214149980000	0	3	yes	38.6	87.7	20506	20827	9261	6543	0	44239	2828	46	518	4557	15	696
June 22, 2008 7:54:00 AM UTC	1214150040000	0	3	yes	38.8	87.8	20506	20827	9249	6615	0	44179	2780	48	450	4574	11	683
June 22, 2008 7:55:00 AM UTC	1214150100000	0	3	yes	39.0	88.0	20506	20827	9261	6544	0	44238	2814	70	450	4599	19	700
June 22, 2008 7:56:00 AM UTC	1214150160000	0	3	yes	39.2	88.1	20506	20827	9261	6544	0	44238	2819	68	450	4611	13	685
June 22, 2008 7:57:00 AM UTC	1214150220000	0	2	yes	39.4	88.3	20506	20827	9249	6616	0	44178	2775	55	374	4624	8	661
June 22, 2008 7:58:00 AM UTC	1214150280000	0	2	yes	39.6	88.4	20506	20827	9261	6545	0	44237	2816	95	361	4653	19	659
June 22, 2008 7:59:00 AM UTC	1214150340000	0	2	yes	39.8	88.6	20506	20827	9249	6617	0	44177	2777	92	362	4657	11	605
June 22, 2008 8:00:00 AM UTC	1214150400000	0	2	yes	40.0	88.7	20506	20827	9249	6617	0	44177	2775	98	301	4671	17	604
June 22, 2008 8:01:00 AM UTC	1214150460000	0	2	yes	40.2	88.8	20506	20827	9261	6463	0	44319	2845	123	356	4701	25	632
June 22, 2008 8:02:00 AM UTC	1214150520000	0	2	yes	40.4	89.0	20506	20827	9249	6534	0	44260	2796	29	285	4711	0	646
June 22, 2008 8:03:00 AM UTC	1214150580000	0	2	yes	40.6	89.1	20506	20827	9261	6462	0	44320	2846	60	316	4738	1	656
June 22, 2008 8:04:00 AM UTC	1214150640000	0	2	yes	40.8	89.3	20506	20827	9261	6462	0	44320	2841	63	291	4752	0	622
June 22, 2008 8:05:00 AM UTC	1214150700000	0	2	yes	41.0	89.4	20506	20827	9249	6533	0	44261	2792	54	242	4760	0	602
June 22, 2008 8:06:00 AM UTC	1214150760000	0	2	yes	41.2	89.6	20506	20827	9261	6461	0	44321	2834	102	257	4793	2	557
June 22, 2008 8:07:00 AM UTC	1214150820000	0	2	yes	41.4	89.7	20506	20827	9249	6614	0	44180	2769	98	186	4794	0	569
June 22, 2008 8:08:00 AM UTC	1214150880000	0	2	yes	41.6	89.9	20506	20827	9249	6614	0	44180	2768	111	169	4810	0	599
June 22, 2008 8:09:00 AM UTC	1214150940000	0	2	yes	41.8	90.0	20506	20827	9261	6506	0	44276	2844	175	141	4840	7	528
June 22, 2008 8:10:00 AM UTC	1214151000000	0	2	yes	42.0	90.2	20506	20827	9261	6469	0	44313	2838	165	176	4857	10	566
June 22, 2008 8:11:00 AM UTC	1214151060000	0	2	yes	42.2	90.3	20506	20827	9261	6469	0	44313	2830	37	149	4876	0	603
June 22, 2008 8:12:00 AM UTC	1214151120000	0	2	yes	42.4	90.5	20506	20827	9261	6469	0	44313	2828	46	134	4898	0	535
June 22, 2008 8:13:00 AM UTC	1214151180000	0	1	yes	42.6	90.6	20506	20827	9249	6541	0	44253	2786	41	131	4896	0	485
June 22, 2008 8:14:00 AM UTC	1214151240000	0	1	yes	42.8	90.8	20506	20827	9261	6470	0	44312	2831	71	120	4930	0	494
June 22, 2008 8:15:00 AM UTC	1214151300000	0	1	yes	43.0	90.9	20506	20827	9249	6542	0	44252	2784	75	118	4927	0	475
June 22, 2008 8:16:00 AM UTC	1214151360000	0	1	yes	43.2	91.1	20506	20827	9249	6542	0	44252	2783	70	108	4950	0	372
June 22, 2008 8:17:00 AM UTC	1214151420000	0	1	yes	43.4	91.2	20506	20827	9261	6545	0	44237	2787	65	105	4978	0	383
June 22, 2008 8:18:00 AM UTC	1214151480000	0	1	yes	43.6	91.4	20506	20827	9249	6617	0	44177	2753	68	91	4982	1	317
June 22, 2008 8:19:00 AM UTC	1214151540000	0	1	yes	43.8	91.5	20506	20827	9261	6545	0	44237	2786	111	113	5011	2	214
June 22, 2008 8:20:00 AM UTC	1214151600000	0	1	yes	44.0	91.7	20506	20827	9261	6545	0	44237	2795	31	81	5028	0	214
June 22, 2008 8:21:00 AM UTC	1214151660000	0	1	yes	44.2	91.8	20506	20827	9249	6616	0	44178	2752	25	89	5031	0	178
June 22, 2008 8:22:00 AM UTC	1214151720000	0	1	yes	44.4	92.0	20506	20827	9261	6544	0	44238	2798	46	91	5057	0	164
June 22, 2008 8:23:00 AM UTC	1214151780000	0	1	yes	44.6	92.2	20506	20827	9249	6615	0	44179	2750	48	100	5063	0	134
June 22, 2008 8:24:00 AM UTC	1214151840000	0	1	yes	44.8	92.3	20506	20827	9261	6543	0	44239	2782	77	101	5089	2	98
June 22, 2008 8:25:00 AM UTC	1214151900000	0	1	yes	45.0	92.5	20506	20827	9261	6543	0	44239	2775	80	92	5114	0	116
June 22, 2008 8:26:00 AM UTC	1214151960000	0	1	yes	45.2	92.6	20506	20827	9249	6617	0	44177	2745	72	94	5117	0	93
June 22, 2008 8:27:00 AM UTC	1214152020000	0	0	yes	45.4	92.8	20506	20827	9259	6544	0	44240	2783	120	94	5149	9	68
June 22, 2008 8:28:00 AM UTC	1214152080000	0	1	yes	45.6	92.9	20506	20827	9249	6627	0	44167	2733	118	102	5150	16	82
June 22, 2008 8:29:00 AM UTC	1214152140000	0	0	yes	45.8	93.1	20506	20827	9260	6477	0	44306	2803	35	93	5182	0	42
June 22, 2008 8:30:00 AM UTC	1214152200000	0	0	yes	46.0	93.3	20506	20827	9260	6477	0	44306	2805	34	92	5195	0	37
June 22, 2008 8:31:00 AM UTC	1214152260000	0	0	yes	46.2	93.4	20506	20827	9250	6549	0	44244	2767	33	90	5195	0	31
June 22, 2008 8:32:00 AM UTC	1214152320000	0	0	yes	46.4	93.6	20506	20827	9260	6478	0	44305	2798	69	100	5229	1	35
June 22, 2008 8:33:00 AM UTC	1214152380000	0	0	yes	46.6	93.8	20506	20827	9250	6549	0	44244	2758	71	99	5234	0	27
June 22, 2008 8:34:00 AM UTC	1214152440000	0	0	yes	46.8	93.9	20506	20827	9260	6479	0	44304	2802	108	90	5259	12	39
June 22, 2008 8:35:00 AM UTC	1214152500000	0	0	yes	47.0	94.1	20506	20827	9260	6479	0	44304	2803	96	93	5274	10	38
June 22, 2008 8:36:00 AM UTC	1214152560000	0	0	yes	47.2	94.2	20506	20827	9249	6550	0	44244	2766	107	104	5275	15	33
June 22, 2008 8:37:00 AM UTC	1214152620000	0	0	yes	47.4	94.4	20506	20827	9260	6480	0	44303	2797	150	105	5310	25	32
June 22, 2008 8:38:00 AM UTC	1214152680000	0	0	yes	47.6	94.6	20506	20827	9249	6551	0	44243	2751	40	87	5311	0	7
June 22, 2008 8:39:00 AM UTC	1214152740000	0	0	yes	47.8	94.7	20506	20827	9260	6481	0	44302	2793	73	108	5341	0	9
June 22, 2008 8:40:00 AM UTC	1214152800000	0	0	yes	48.0	94.9	20506	20827	9259	6487	0	44297	2793	77	102	5352	0	13
June 22, 2008 8:41:00 AM UTC	1214152860000	0	0	yes	48.2	95.1	20506	20827	9259	6489	0	44295	2786	104	105	5366	3	7
June 22, 2008 8:42:00 AM UTC	1214152920000	0	0	yes	48.4	95.3	20506	20827	9259	6489	0	44295	2794	112	99	5383	3	10
June 22, 2008 8:43:00 AM UTC	1214152980000	0	0	yes	48.6	95.4	20506	20827	9248	6561	0	44234	2748	106	98	5383	2	5
June 22, 2008 8:44:00 AM UTC	1214153040000	0	0	yes	48.8	95.6	20506	20827	9258	6491	0	44294	2788	138	98	5413	13	8
June 22, 2008 8:45:00 AM UTC	1214153100000	0	0	yes	49.0	95.8	20506	20827	9247	6548	0	44248	2741	131	112	5414	8	13
June 22, 2008 8:46:00 AM UTC	1214153160000	0	0	yes	49.2	95.9	20506	20827	9258	6504	0	44281	2777	62	92	5442	0	8
June 22, 2008 8:47:00 AM UTC	1214153220000	0	0	yes	49.4	96.1	20506	20827	9257	6580	0	44206	2743	36	75	5454	0	4
June 22, 2008 8:48:00 AM UTC	1214153280000	0	0	yes	49.6	96.3	20506	20827	9257	6574	0	44212	2742	72	83	5469	0	8
June 22, 2008 8:49:00 AM UTC	1214153340000	0	0	yes	49.8	96.5	20506	20827	9257	6574	0	44212	2738	69	88	5486	0	8
June 22, 2008 8:50:00 AM UTC	1214153400000	0	0	yes	50.0	96.6	20506	20827	9256	6598	0	44189	2731	98	87	5491	7	17
June 22, 2008 8:51:00 AM UTC	1214153460000	0	0	yes	50.2	96.8	20506	20827	9256	6598	0	44189	2725	97	88	5506	5	11
June 22, 2008 8:52:00 AM UTC	1214153520000	0	0	yes	50.4	97.0	20506	20827	9245	6662	0	44136	2693	92	87	5499	1	4
June 22, 2008 8:53:00 AM UTC	1214153580000	0	0	yes	50.6	97.2	20506	20827	9256	6513	0	44274	2756	128	92	5538	15	10
June 22, 2008 8:54:00 AM UTC	1214153640000	0	0	yes	50.8	97.4	20506	20827	9245	6585	0	44213	2727	131	90	5532	18	10
June 22, 2008 8:55:00 AM UTC	1214153700000	0	0	yes	51.0	97.5	20506	20827	9255	6514	0	44274	2763	50	91	5567	0	0
June 22, 2008 8:56:00 AM UTC	1214153760000	0	0	yes	51.2	97.7	20506	20827	9255	6514	0	44274	2767	51	89	5578	0	10
June 22, 2008 8:57:00 AM UTC	1214153820000	0	0	yes	51.4	97.9	20506	20827	9254	6514	0	44275	2765	86	96	5588	5	13
June 22, 2008 8:58:00 AM UTC	1214153880000	0	0	yes	51.6	98.1	20506	20827	9253	6523	0	44267	2755	84	93	5605	4	9
June 22, 2008 8:59:00 AM UTC	1214153940000	0	0	yes	51.8	98.3	20506	20827	9252	6534	0	44257	2742	123	86	5615	11	12
June 22, 2008 9:00:00 AM UTC	1214154000000	0	0	yes	52.0	98.5	20506	20827	9252	6517	0	44274	2749	120	90	5636	7	4
June 22, 2008 9:01:00 AM UTC	1214154060000	0	0	yes	52.2	98.6	20506	20827	9251	6518	0	44274	2751	148	92	5633	22	9
June 22, 2008 9:02:00 AM UTC	1214154120000	0	0	yes	52.4	98.8	20506	20827	9251	6518	0	44274	2752	151	89	5661	24	8
June 22, 2008 9:03:00 AM UTC	1214154180000	0	0	yes	52.6	99.0	20506	20827	9250	6519	0	44274	2750	67	95	5660	0	10
June 22, 2008 9:04:00 AM UTC	1214154240000	0	0	yes	52.8	99.2	20506	20827	9250	6550	0	44243	2733	61	95	5686	0	11
June 22, 2008 9:05:00 AM UTC	1214154300000	0	0	yes	53.0	99.4	20506	20827	9247	6562	0	44234	2735	100	100	5685	6	10
June 22, 2008 9:06:00 AM UTC	1214154360000	0	0	yes	53.2	99.6	20506	20827	9247	6562	0	44234	2732	106	99	5703	9	11
June 22, 2008 9:07:00 AM UTC	1214154420000	0	0	yes	53.4	99.8	20506	20827	9256	6493	0	44294	2769	137	96	5727	13	4
June 22, 2008 9:08:00 AM UTC	1214154480000	0	0	yes	53.6	100.0	20506	20827	9246	6565	0	44232	2731	141	91	5717	15	7
June 22, 2008 9:09:00 AM UTC	1214154540000	1	0	yes	53.8	100.2	20506	20827	9257	6492	0	44294	2762	174	97	5755	29	4
June 22, 2008 9:10:00 AM UTC	1214154600000	1	0	yes	54.0	100.4	20506	20827	9245	6565	0	44233	2721	182	87	5743	30	5
June 22, 2008 9:11:00 AM UTC	1214154660000	0	0	yes	54.2	100.6	20506	20827	9255	6498	0	44290	2763	98	96	5768	1	9
June 22, 2008 9:12:00 AM UTC	1214154720000	0	0	yes	54.4	100.8	20506	20827	9243	6506	0	44294	2760	93	91	5760	3	17
June 22, 2008 9:13:00 AM UTC	1214154780000	0	0	yes	54.6	101.0	20506	20827	9253	6427	0	44363	2789	122	92	5794	19	17
June 22, 2008 9:14:00 AM UTC	1214154840000	0	0	yes	54.8	101.2	20506	20827	9243	6493	0	44307	2753	128	91	5781	10	12
June 22, 2008 9:15:00 AM UTC	1214154900000	1	0	yes	55.0	101.4	20506	20827	9253	6428	0	44362	2781	147	91	5813	31	15
June 22, 2008 9:16:00 AM UTC	1214154960000	1	0	yes	55.2	101.6	20506	20827	9242	6513	0	44288	2737	149	95	5793	28	17
June 22, 2008 9:17:00 AM UTC	1214155020000	1	0	yes	55.4	101.8	20506	20827	9254	6430	0	44359	2784	190	87	5829	56	16
June 22, 2008 9:18:00 AM UTC	1214155080000	0	0	yes	55.6	102.0	20506	20827	9240	6591	0	44212	2693	38	97	5802	0	10
June 22, 2008 9:19:00 AM UTC	1214155140000	0	0	yes	55.8	102.2	20506	20827	9251	6521	0	44271	2731	65	105	5833	9	13
June 22, 2008 9:20:00 AM UTC	1214155200000	0	0	yes	56.0	102.4	20506	20827	9240	6626	0	44177	2689	78	88	5811	6	8
June 22, 2008 9:21:00 AM UTC	1214155260000	0	0	yes	56.2	102.7	20506	20827	9251	6555	0	44237	2724	97	103	5840	18	21
June 22, 2008 9:22:00 AM UTC	1214155320000	0	0	yes	56.4	102.9	20506	20827	9242	6613	0	44188	2688	109	95	5830	18	7
June 22, 2008 9:23:00 AM UTC	1214155380000	0	0	yes	56.6	103.1	20506	20827	9251	6555	0	44237	2717	132	96	5859	38	6
June 22, 2008 9:24:00 AM UTC	1214155440000	0	0	yes	56.8	103.3	20506	20827	9240	6627	0	44176	2680	52	75	5837	0	14
June 22, 2008 9:25:00 AM UTC	1214155500000	0	0	yes	56.9	103.5	20506	20827	9251	6556	0	44236	2707	64	97	5864	3	21
June 22, 2008 9:26:00 AM UTC	1214155560000	0	0	yes	57.1	103.7	20506	20827	9250	6555	0	44238	2705	99	93	5869	12	16
June 22, 2008 9:27:00 AM UTC	1214155620000	0	0	yes	57.3	104.0	20506	20827	9248	6571	0	44224	2693	91	98	5874	15	19
June 22, 2008 9:28:00 AM UTC	1214155680000	0	0	yes	57.5	104.2	20506	20827	9250	6497	0	44296	2728	128	91	5882	26	14
June 22, 2008 9:29:00 AM UTC	1214155740000	0	0	yes	57.7	104.4	20506	20827	9241	6569	0	44233	2710	119	95	5859	25	16
June 22, 2008 9:30:00 AM UTC	1214155800000	1	0	yes	57.9	104.7	20506	20827	9250	6499	0	44294	2736	157	90	5888	56	18
June 22, 2008 9:31:00 AM UTC	1214155860000	0	0	yes	58.1	104.9	20506	20827	9239	6567	0	44237	2703	60	84	5866	1	7
June 22, 2008 9:32:00 AM UTC	1214155920000	0	0	yes	58.3	105.1	20506	20827	9248	6516	0	44279	2726	88	77	5889	12	16
June 22, 2008 9:33:00 AM UTC	1214155980000	0	0	yes	58.5	105.4	20506	20827	9248	6516	0	44279	2732	120	81	5888	22	12
June 22, 2008 9:34:00 AM UTC	1214156040000	0	0	yes	58.7	105.6	20506	20827	9248	6516	0	44279	2723	126	90	5889	29	18
June 22, 2008 9:35:00 AM UTC	1214156100000	1	0	yes	58.9	105.8	20506	20827	9248	6516	0	44279	2716	156	71	5891	40	7
June 22, 2008 9:36:00 AM UTC	1214156160000	1	0	yes	59.1	106.1	20506	20827	9247	6557	0	44239	2694	144	84	5885	51	18
June 22, 2008 9:37:00 AM UTC	1214156220000	0	0	yes	59.3	106.3	20506	20827	9246	6556	0	44241	2695	95	84	5885	8	12
June 22, 2008 9:38:00 AM UTC	1214156280000	0	0	yes	59.5	106.6	20506	20827	9256	6488	0	44299	2729	125	72	5915	12	5
June 22, 2008 9:39:00 AM UTC	1214156340000	0	0	yes	59.7	106.8	20506	20827	9247	6557	0	44239	2694	115	75	5889	12	6
June 22, 2008 9:40:00 AM UTC	1214156400000	0	0	yes	59.9	107.1	20506	20827	9244	6578	0	44221	2689	137	84	5873	28	8
June 22, 2008 9:41:00 AM UTC	1214156460000	1	0	yes	60.0	107.3	20506	20827	9246	6511	0	44286	2732	148	70	5885	35	11
June 22, 2008 9:42:00 AM UTC	1214156520000	1	0	yes	60.2	107.6	20506	20827	9244	6518	0	44281	2727	179	63	5884	51	10
June 22, 2008 9:43:00 AM UTC	1214156580000	0	0	yes	60.4	107.8	20506	20827	9254	6459	0	44330	2750	121	63	5905	9	7
June 22, 2008 9:44:00 AM UTC	1214156640000	0	0	yes	60.6	108.1	20506	20827	9245	6527	0	44271	2720	130	54	5877	4	6
June 22, 2008 9:45:00 AM UTC	1214156700000	0	0	yes	60.8	108.3	20506	20827	9244	6514	0	44285	2725	146	73	5884	33	13
June 22, 2008 9:46:00 AM UTC	1214156760000	1	0	yes	61.0	108.6	20506	20827	9255	6444	0	44344	2738	156	70	5909	35	4
June 22, 2008 9:47:00 AM UTC	1214156820000	1	0	yes	61.2	108.9	20506	20827	9241	6531	0	44271	2696	158	68	5872	34	4
June 22, 2008 9:48:00 AM UTC	1214156880000	0	0	yes	61.4	109.1	20506	20827	9252	6464	0	44327	2731	85	72	5900	6	7
June 22, 2008 9:49:00 AM UTC	1214156940000	0	0	yes	61.6	109.4	20506	20827	9252	6467	0	44324	2726	109	68	5900	7	3
June 22, 2008 9:50:00 AM UTC	1214157000000	0	0	yes	61.8	109.7	20506	20827	9237	6556	0	44250	2692	121	65	5866	16	10
June 22, 2008 9:51:00 AM UTC	1214157060000	0	0	yes	61.9	110.0	20506	20827	9248	6610	0	44185	2654	102	61	5880	10	2
June 22, 2008 9:52:00 AM UTC	1214157120000	0	0	yes	62.1	110.2	20506	20827	9250	6588	0	44205	2666	133	70	5891	43	4
June 22, 2008 9:53:00 AM UTC	1214157180000	1	0	yes	62.3	110.5	20506	20827	9248	6542	0	44253	2699	140	65	5890	36	2
June 22, 2008 9:54:00 AM UTC	1214157240000	0	0	yes	62.5	110.8	20506	20827	9248	6542	0	44253	2703	65	71	5886	2	2
June 22, 2008 9:55:00 AM UTC	1214157300000	0	0	yes	62.7	111.1	20506	20827	9247	6544	0	44252	2684	87	58	5888	9	1
June 22, 2008 9:56:00 AM UTC	1214157360000	0	0	yes	62.9	111.4	20506	20827	9253	6518	0	44272	2695	102	70	5901	24	4
June 22, 2008 9:57:00 AM UTC	1214157420000	0	0	yes	63.1	111.7	20506	20827	9243	6577	0	44223	2661	101	64	5877	23	6
June 22, 2008 9:58:00 AM UTC	1214157480000	1	0	yes	63.3	112.0	20506	20827	9245	6576	0	44222	2664	144	61	5878	54	7
June 22, 2008 9:59:00 AM UTC	1214157540000	0	0	yes	63.4	112.3	20506	20827	9256	6510	0	44277	2690	76	64	5900	6	3
June 22, 2008 10:00:00 AM UTC	1214157600000	0	0	yes	63.6	112.6	20506	20827	9253	6510	0	44280	2694	105	68	5901	19	6
June 22, 2008 10:01:00 AM UTC	1214157660000	0	0	yes	63.8	112.9	20506	20827	9240	6603	0	44200	2661	109	72	5864	18	2
June 22, 2008 10:02:00 AM UTC	1214157720000	0	0	yes	64.0	113.2	20506	20827	9251	6537	0	44255	2689	122	82	5891	30	6
June 22, 2008 10:03:00 AM UTC	1214157780000	1	0	yes	64.2	113.5	20506	20827	9251	6480	0	44312	2709	141	70	5895	51	7
June 22, 2008 10:04:00 AM UTC	1214157840000	0	0	yes	64.4	113.8	20506	20827	9251	6481	0	44311	2710	80	74	5896	5	3
June 22, 2008 10:05:00 AM UTC	1214157900000	0	0	yes	64.5	114.1	20506	20827	9246	6559	0	44238	2675	81	71	5884	4	0
June 22, 2008 10:06:00 AM UTC	1214157960000	0	0	yes	64.7	114.5	20506	20827	9246	6559	0	44238	2675	114	63	5880	23	8
June 22, 2008 10:07:00 AM UTC	1214158020000	1	0	yes	64.9	114.8	20506	20827	9249	6529	0	44265	2688	151	65	5895	53	4
June 22, 2008 10:08:00 AM UTC	1214158080000	1	0	yes	65.1	115.1	20506	20827	9246	6559	0	44238	2673	164	67	5882	68	6
June 22, 2008 10:09:00 AM UTC	1214158140000	0	0	yes	65.3	115.4	20506	20827	9256	6493	0	44294	2697	113	67	5908	9	6
June 22, 2008 10:10:00 AM UTC	1214158200000	0	0	yes	65.5	115.8	20506	20827	9241	6602	0	44200	2639	92	68	5867	17	5
June 22, 2008 10:11:00 AM UTC	1214158260000	1	0	yes	65.6	116.1	20506	20827	9245	6573	0	44225	2649	122	69	5880	35	5
June 22, 2008 10:12:00 AM UTC	1214158320000	1	0	yes	65.8	116.5	20506	20827	9252	6474	0	44317	2705	143	64	5899	39	4
June 22, 2008 10:13:00 AM UTC	1214158380000	0	0	yes	66.0	116.8	20506	20827	9252	6475	0	44316	2707	95	62	5898	4	5
June 22, 2008 10:14:00 AM UTC	1214158440000	0	0	yes	66.2	117.2	20506	20827	9252	6475	0	44316	2709	115	61	5900	19	2
June 22, 2008 10:15:00 AM UTC	1214158500000	1	0	yes	66.4	117.5	20506	20827	9253	6477	0	44313	2706	139	66	5891	27	3
June 22, 2008 10:16:00 AM UTC	1214158560000	1	0	yes	66.5	117.9	20506	20827	9247	6509	0	44287	2698	138	59	5885	38	5
June 22, 2008 10:17:00 AM UTC	1214158620000	0	0	yes	66.7	118.3	20506	20827	9247	6528	0	44268	2674	75	61	5882	1	0
June 22, 2008 10:18:00 AM UTC	1214158680000	0	0	yes	66.9	118.6	20506	20827	9247	6528	0	44268	2669	79	66	5881	15	3
June 22, 2008 10:19:00 AM UTC	1214158740000	0	0	yes	67.1	119.0	20506	20827	9241	6617	0	44185	2643	115	66	5866	20	1
June 22, 2008 10:20:00 AM UTC	1214158800000	1	0	yes	67.2	119.4	20506	20827	9256	6464	0	44323	2705	140	60	5908	35	0
June 22, 2008 10:21:00 AM UTC	1214158860000	0	0	yes	67.4	119.8	20506	20827	9252	6493	0	44298	2701	90	59	5898	5	3
June 22, 2008 10:22:00 AM UTC	1214158920000	0	0	yes	67.6	120.2	20506	20827	9247	6527	0	44269	2692	110	55	5886	4	0
June 22, 2008 10:23:00 AM UTC	1214158980000	0	0	yes	67.8	120.6	20506	20827	9252	6511	0	44280	2680	125	62	5897	23	3
June 22, 2008 10:24:00 AM UTC	1214159040000	1	0	yes	67.9	121.0	20506	20827	9247	6555	0	44241	2667	143	57	5886	35	1
June 22, 2008 10:25:00 AM UTC	1214159100000	0	0	yes	68.1	121.4	20506	20827	9255	6494	0	44294	2678	88	63	5903	10	2
June 22, 2008 10:26:00 AM UTC	1214159160000	0	0	yes	68.3	121.8	20506	20827	9257	6434	0	44352	2718	101	69	5911	16	5
June 22, 2008 10:27:00 AM UTC	1214159220000	0	0	yes	68.4	122.2	20506	20827	9246	6498	0	44299	2701	121	70	5887	5	0
June 22, 2008 10:28:00 AM UTC	1214159280000	1	0	yes	68.6	122.6	20506	20827	9241	6530	0	44272	2683	147	67	5873	19	0
June 22, 2008 10:29:00 AM UTC	1214159340000	0	0	yes	68.8	123.1	20506	20827	9245	6519	0	44279	2675	65	66	5885	6	1
June 22, 2008 10:30:00 AM UTC	1214159400000	0	0	yes	68.9	123.5	20506	20827	9239	6563	0	44241	2669	92	65	5871	12	1
June 22, 2008 10:31:00 AM UTC	1214159460000	1	0	yes	69.1	123.9	20506	20827	9248	6504	0	44291	2678	135	59	5892	78	0
June 22, 2008 10:32:00 AM UTC	1214159520000	1	0	yes	69.3	124.4	20506	20827	9242	6543	0	44258	2676	151	67	5869	78	0
June 22, 2008 10:33:00 AM UTC	1214159580000	1	0	yes	69.4	124.8	20506	20827	9248	6526	0	44269	2678	104	71	5890	44	0
June 22, 2008 10:34:00 AM UTC	1214159640000	0	0	yes	69.6	125.3	20506	20827	9242	6582	0	44219	2656	88	61	5875	60	0
June 22, 2008 10:35:00 AM UTC	1214159700000	1	0	yes	69.8	125.8	20506	20827	9251	6523	0	44269	2674	157	65	5897	129	0
June 22, 2008 10:36:00 AM UTC	1214159760000	0	0	yes	69.9	126.2	20506	20827	9246	6565	0	44232	2650	87	70	5886	41	0
June 22, 2008 10:37:00 AM UTC	1214159820000	1	0	yes	70.1	126.7	20506	20827	9254	6507	1	44281	2676	122	61	5903	72	0
June 22, 2008 10:38:00 AM UTC	1214159880000	1	0	yes	70.3	127.2	20506	20827	9255	6454	0	44334	2715	139	67	5910	119	1
June 22, 2008 10:39:00 AM UTC	1214159940000	1	0	yes	70.4	127.7	20506	20827	9247	6538	0	44258	2674	141	60	5887	128	0
June 22, 2008 10:40:00 AM UTC	1214160000000	1	0	yes	70.6	128.2	20506	20827	9248	6538	0	44257	2670	112	46	5889	63	1
June 22, 2008 10:41:00 AM UTC	1214160060000	1	0	yes	70.7	128.7	20506	20827	9247	6539	0	44257	2673	128	75	5891	90	2
June 22, 2008 10:42:00 AM UTC	1214160120000	1	0	yes	70.9	129.2	20506	20827	9240	6586	1	44216	2652	139	67	5871	108	0
June 22, 2008 10:43:00 AM UTC	1214160180000	1	0	yes	71.0	129.7	20506	20827	9241	6530	2	44270	2703	118	58	5879	47	0
June 22, 2008 10:44:00 AM UTC	1214160240000	1	0	yes	71.2	130.2	20506	20827	9240	6574	2	44227	2664	107	61	5874	83	0
June 22, 2008 10:45:00 AM UTC	1214160300000	1	0	yes	71.3	130.8	20506	20827	9241	6573	4	44225	2665	154	59	5873	110	0
June 22, 2008 10:46:00 AM UTC	1214160360000	1	0	yes	71.5	131.3	20506	20827	9243	6564	3	44233	2665	86	61	5878	54	0
June 22, 2008 10:47:00 AM UTC	1214160420000	1	0	yes	71.7	131.9	20506	20827	9251	6510	5	44277	2680	124	58	5902	88	0
June 22, 2008 10:48:00 AM UTC	1214160480000	1	0	yes	71.8	132.4	20506	20827	9251	6510	6	44276	2682	126	49	5899	117	0
June 22, 2008 10:49:00 AM UTC	1214160540000	1	0	yes	71.9	133.0	20506	20827	9251	6581	3	44208	2643	107	43	5894	65	1
June 22, 2008 10:50:00 AM UTC	1214160600000	1	0	yes	72.1	133.6	20506	20827	9251	6580	4	44208	2648	129	47	5895	103	0
June 22, 2008 10:51:00 AM UTC	1214160660000	0	0	yes	72.2	134.1	20506	20827	9251	6580	4	44208	2647	87	54	5896	34	0
June 22, 2008 10:52:00 AM UTC	1214160720000	1	0	yes	72.4	134.7	20506	20827	9252	6577	7	44207	2644	129	45	5894	87	0
June 22, 2008 10:53:00 AM UTC	1214160780000	1	0	yes	72.5	135.3	20506	20827	9244	6620	6	44173	2631	110	42	5878	93	0
June 22, 2008 10:54:00 AM UTC	1214160840000	0	0	yes	72.7	135.9	20506	20827	9245	6620	7	44171	2638	62	53	5877	59	1
June 22, 2008 10:55:00 AM UTC	1214160900000	1	0	yes	72.8	136.5	20506	20827	9237	6670	8	44128	2635	112	60	5851	84	0
June 22, 2008 10:56:00 AM UTC	1214160960000	1	0	yes	72.9	137.2	20506	20827	9253	6570	10	44210	2659	106	56	5894	74	0
June 22, 2008 10:57:00 AM UTC	1214161020000	1	0	yes	73.1	137.8	20506	20827	9251	6580	9	44203	2649	116	45	5895	99	0
June 22, 2008 10:58:00 AM UTC	1214161080000	1	0	yes	73.2	138.4	20506	20827	9247	6566	13	44217	2689	174	45	5882	141	0
June 22, 2008 10:59:00 AM UTC	1214161140000	1	0	yes	73.3	139.1	20506	20827	9253	6522	14	44254	2700	120	61	5899	99	0
June 22, 2008 11:00:00 AM UTC	1214161200000	1	0	yes	73.5	139.8	20506	20827	9245	6627	11	44160	2650	124	58	5873	126	1
June 22, 2008 11:01:00 AM UTC	1214161260000	1	0	yes	73.6	140.4	20506	20827	9253	6541	16	44233	2698	102	55	5892	77	0
June 22, 2008 11:02:00 AM UTC	1214161320000	1	0	yes	73.7	141.1	20506	20827	9245	6595	15	44188	2684	130	55	5876	120	0
June 22, 2008 11:03:00 AM UTC	1214161380000	1	0	yes	73.9	141.8	20506	20827	9253	6541	18	44231	2706	120	49	5896	73	0
June 22, 2008 11:04:00 AM UTC	1214161440000	1	0	yes	74.0	142.5	20506	20827	9250	6571	17	44205	2694	110	51	5896	142	0
June 22, 2008 11:05:00 AM UTC	1214161500000	1	0	yes	74.1	143.2	20506	20827	9250	6571	18	44204	2693	108	40	5889	75	0
June 22, 2008 11:06:00 AM UTC	1214161560000	1	0	yes	74.2	143.9	20506	20827	9250	6570	19	44204	2703	136	47	5891	135	2
June 22, 2008 11:07:00 AM UTC	1214161620000	1	0	yes	74.3	144.6	20506	20827	9239	6626	18	44160	2686	100	42	5864	82	0
June 22, 2008 11:08:00 AM UTC	1214161680000	1	0	yes	74.4	145.4	20506	20827	9254	6570	20	44199	2688	112	37	5905	120	0
June 22, 2008 11:09:00 AM UTC	1214161740000	1	0	yes	74.6	146.1	20506	20827	9254	6575	20	44194	2702	101	38	5889	78	0
June 22, 2008 11:10:00 AM UTC	1214161800000	1	0	yes	74.7	146.9	20506	20827	9246	6569	25	44203	2722	158	43	5876	117	0
June 22, 2008 11:11:00 AM UTC	1214161860000	1	0	yes	74.8	147.7	20506	20827	9245	6598	23	44177	2720	96	38	5875	80	0
June 22, 2008 11:12:00 AM UTC	1214161920000	1	0	yes	74.9	148.4	20506	20827	9252	6561	26	44204	2726	135	41	5889	151	0
June 22, 2008 11:13:00 AM UTC	1214161980000	1	0	yes	75.0	149.2	20506	20827	9243	6618	26	44156	2718	98	36	5868	93	0
June 22, 2008 11:14:00 AM UTC	1214162040000	0	0	yes	75.1	150.0	20506	20827	9256	6557	23	44207	2732	60	32	5899	51	1
June 22, 2008 11:15:00 AM UTC	1214162100000	1	0	yes	75.2	150.8	20506	20827	9256	6558	29	44200	2724	91	31	5897	110	0
June 22, 2008 11:16:00 AM UTC	1214162160000	0	0	yes	75.3	151.6	20506	20827	9251	6586	25	44181	2736	72	34	5891	57	0
June 22, 2008 11:17:00 AM UTC	1214162220000	1	0	yes	75.4	152.5	20506	20827	9254	6510	38	44241	2782	129	36	5898	120	0
June 22, 2008 11:18:00 AM UTC	1214162280000	0	0	yes	75.5	153.3	20506	20827	9248	6604	27	44164	2737	74	36	5878	87	1
June 22, 2008 11:19:00 AM UTC	1214162340000	1	0	yes	75.6	154.1	20506	20827	9248	6604	29	44162	2749	109	28	5877	149	0
June 22, 2008 11:20:00 AM UTC	1214162400000	1	0	yes	75.6	155.0	20506	20827	9247	6582	34	44180	2751	87	32	5885	106	1
June 22, 2008 11:21:00 AM UTC	1214162460000	1	0	yes	75.7	155.9	20506	20827	9254	6587	28	44174	2742	102	33	5898	170	0
June 22, 2008 11:22:00 AM UTC	1214162520000	1	0	yes	75.8	156.7	20506	20827	9245	6650	32	44116	2726	78	27	5877	102	0
June 22, 2008 11:23:00 AM UTC	1214162580000	0	0	yes	75.9	157.6	20506	20827	9250	6563	35	44195	2782	72	30	5889	78	0
June 22, 2008 11:24:00 AM UTC	1214162640000	1	0	yes	76.0	158.5	20506	20827	9249	6633	30	44131	2743	84	26	5883	154	0
June 22, 2008 11:25:00 AM UTC	1214162700000	1	0	yes	76.0	159.4	20506	20827	9249	6554	37	44203	2793	74	33	5893	111	0
June 22, 2008 11:26:00 AM UTC	1214162760000	0	0	yes	76.1	160.3	20506	20827	9253	6514	41	44235	2823	63	25	5906	87	0
June 22, 2008 11:27:00 AM UTC	1214162820000	1	0	yes	76.2	161.2	20506	20827	9243	6610	38	44152	2786	77	27	5875	125	0
June 22, 2008 11:28:00 AM UTC	1214162880000	1	0	yes	76.2	162.2	20506	20827	9246	6589	38	44170	2796	69	30	5885	91	0
June 22, 2008 11:29:00 AM UTC	1214162940000	1	0	yes	76.3	163.1	20506	20827	9240	6619	43	44141	2794	96	28	5871	151	0
June 22, 2008 11:30:00 AM UTC	1214163000000	1	0	yes	76.4	164.0	20506	20827	9249	6628	34	44132	2759	57	27	5884	118	0
June 22, 2008 11:31:00 AM UTC	1214163060000	0	0	yes	76.4	165.0	20506	20827	9242	6667	34	44100	2760	54	24	5870	92	0
June 22, 2008 11:32:00 AM UTC	1214163120000	0	0	yes	76.5	165.9	20506	20827	9245	6618	38	44142	2785	40	20	5881	61	0
June 22, 2008 11:33:00 AM UTC	1214163180000	1	0	yes	76.5	166.9	20506	20827	9245	6617	40	44141	2790	91	22	5883	135	0
June 22, 2008 11:34:00 AM UTC	1214163240000	0	0	yes	76.5	167.9	20506	20827	9247	6591	43	44162	2805	46	19	5891	98	0
June 22, 2008 11:35:00 AM UTC	1214163300000	0	0	yes	76.6	168.8	20506	20827	9237	6617	42	44147	2814	41	20	5861	55	0
June 22, 2008 11:36:00 AM UTC	1214163360000	1	0	yes	76.6	169.8	20506	20827	9249	6550	41	44203	2837	77	31	5893	133	0
June 22, 2008 11:37:00 AM UTC	1214163420000	0	0	yes	76.7	170.8	20506	20827	9241	6680	37	44085	2767	40	20	5868	79	0
June 22, 2008 11:38:00 AM UTC	1214163480000	0	0	yes	76.7	171.8	20506	20827	9253	6601	41	44148	2786	34	22	5897	71	0
June 22, 2008 11:39:00 AM UTC	1214163540000	1	0	yes	76.7	172.8	20506	20827	9245	6646	37	44115	2796	70	27	5869	116	0
June 22, 2008 11:40:00 AM UTC	1214163600000	0	0	yes	76.7	173.8	20506	20827	9248	6560	49	44186	2840	58	27	5885	97	0
June 22, 2008 11:41:00 AM UTC	1214163660000	0	0	yes	76.8	174.8	20506	20827	9248	6633	41	44121	2796	15	12	5876	59	0
June 22, 2008 11:42:00 AM UTC	1214163720000	1	0	yes	76.8	175.8	20506	20827	9248	6613	39	44143	2805	55	28	5881	137	0
June 22, 2008 11:43:00 AM UTC	1214163780000	1	0	yes	76.8	176.8	20506	20827	9256	6547	41	44199	2825	62	21	5911	125	0
June 22, 2008 11:44:00 AM UTC	1214163840000	0	0	yes	76.8	177.8	20506	20827	9248	6614	43	44138	2809	27	24	5883	74	0
June 22, 2008 11:45:00 AM UTC	1214163900000	1	0	yes	76.8	178.8	20506	20827	9250	6591	43	44159	2816	48	26	5884	133	0
June 22, 2008 11:46:00 AM UTC	1214163960000	0	0	yes	76.8	179.8	20506	20827	9249	6592	44	44158	2829	30	12	5882	95	0
June 22, 2008 11:47:00 AM UTC	1214164020000	0	0	yes	76.8	180.8	20506	20827	9249	6592	43	44159	2823	39	25	5883	81	0
June 22, 2008 11:48:00 AM UTC	1214164080000	1	0	yes	76.8	181.8	20506	20827	9249	6610	42	44142	2809	81	25	5881	157	0
June 22, 2008 11:49:00 AM UTC	1214164140000	0	0	yes	76.8	182.8	20506	20827	9247	6613	43	44140	2810	10	1	5882	0	0
June 22, 2008 11:50:00 AM UTC	1214164200000	0	0	yes	76.8	183.8	20506	20827	9247	6617	43	44136	2795	18	3	5878	1	0
June 22, 2008 11:51:00 AM UTC	1214164260000	0	0	yes	76.8	184.8	20506	20827	9258	6559	42	44184	2821	21	10	5902	84	0
June 22, 2008 11:52:00 AM UTC	1214164320000	0	0	yes	76.7	185.8	20506	20827	9247	6635	41	44120	2793	18	6	5873	36	0
June 22, 2008 11:53:00 AM UTC	1214164380000	0	0	yes	76.7	186.8	20506	20827	9247	6562	49	44185	2844	22	2	5884	9	0
June 22, 2008 11:54:00 AM UTC	1214164440000	0	0	yes	76.7	187.8	20506	20827	9244	6641	39	44119	2799	31	3	5874	59	0
June 22, 2008 11:55:00 AM UTC	1214164500000	0	0	yes	76.7	188.8	20506	20827	9241	6677	38	44087	2764	11	1	5868	25	0
June 22, 2008 11:56:00 AM UTC	1214164560000	0	0	yes	76.6	189.7	20506	20827	9251	6533	50	44209	2842	13	2	5904	10	0
June 22, 2008 11:57:00 AM UTC	1214164620000	0	0	yes	76.6	190.7	20506	20827	9241	6614	45	44143	2814	29	9	5875	61	0
June 22, 2008 11:58:00 AM UTC	1214164680000	0	0	yes	76.6	191.7	20506	20827	9247	6588	43	44165	2804	20	5	5890	40	0
June 22, 2008 11:59:00 AM UTC	1214164740000	0	0	yes	76.5	192.7	20506	20827	9245	6606	42	44150	2807	23	2	5883	0	0
June 22, 2008 12:00:00 PM UTC	1214164800000	0	0	yes	76.5	193.6	20506	20827	9245	6613	40	44145	2790	20	3	5881	62	0
June 22, 2008 12:01:00 PM UTC	1214164860000	0	0	yes	76.4	194.6	20506	20827	9245	6613	42	44143	2792	21	1	5880	15	0
June 22, 2008 12:02:00 PM UTC	1214164920000	0	0	yes	76.4	195.5	20506	20827	9252	6603	35	44153	2772	25	2	5892	1	0
June 22, 2008 12:03:00 PM UTC	1214164980000	0	0	yes	76.3	196.5	20506	20827	9240	6617	42	44144	2797	23	3	5870	41	0
June 22, 2008 12:04:00 PM UTC	1214165040000	0	0	yes	76.3	197.4	20506	20827	9250	6551	41	44201	2817	27	0	5895	18	0
June 22, 2008 12:05:00 PM UTC	1214165100000	0	0	yes	76.2	198.3	20506	20827	9246	6584	37	44176	2793	29	4	5885	0	0
June 22, 2008 12:06:00 PM UTC	1214165160000	0	0	yes	76.1	199.3	20506	20827	9256	6484	45	44258	2832	27	8	5917	56	0
June 22, 2008 12:07:00 PM UTC	1214165220000	0	0	yes	76.1	200.2	20506	20827	9253	6509	42	44239	2819	19	3	5906	6	0
June 22, 2008 12:08:00 PM UTC	1214165280000	0	0	yes	76.0	201.1	20506	20827	9238	6692	31	44082	2727	20	5	5860	48	0
June 22, 2008 12:09:00 PM UTC	1214165340000	0	0	yes	75.9	202.0	20506	20827	9234	6650	33	44126	2771	29	0	5855	8	0
June 22, 2008 12:10:00 PM UTC	1214165400000	0	0	yes	75.8	202.9	20506	20827	9246	6592	38	44167	2767	24	2	5877	0	0
June 22, 2008 12:11:00 PM UTC	1214165460000	0	0	yes	75.8	203.7	20506	20827	9240	6675	29	44099	2719	28	2	5865	30	0
June 22, 2008 12:12:00 PM UTC	1214165520000	0	0	yes	75.7	204.6	20506	20827	9241	6675	26	44101	2712	33	1	5863	0	0
June 22, 2008 12:13:00 PM UTC	1214165580000	0	0	yes	75.6	205.5	20506	20827	9252	6568	33	44190	2748	35	1	5894	0	0
June 22, 2008 12:14:00 PM UTC	1214165640000	0	0	yes	75.5	206.3	20506	20827	9248	6598	27	44170	2749	34	1	5879	0	0
June 22, 2008 12:15:00 PM UTC	1214165700000	0	0	yes	75.4	207.2	20506	20827	9252	6566	31	44194	2740	35	4	5891	0	0
June 22, 2008 12:16:00 PM UTC	1214165760000	0	0	yes	75.3	208.0	20506	20827	9251	6576	26	44190	2738	35	2	5891	17	0
June 22, 2008 12:17:00 PM UTC	1214165820000	0	0	yes	75.2	208.8	20506	20827	9253	6576	25	44189	2723	39	3	5893	0	0
June 22, 2008 12:18:00 PM UTC	1214165880000	0	0	yes	75.1	209.6	20506	20827	9256	6551	28	44208	2727	36	2	5898	15	0
June 22, 2008 12:19:00 PM UTC	1214165940000	0	0	yes	75.0	210.4	20506	20827	9252	6552	25	44214	2747	44	3	5887	0	0
June 22, 2008 12:20:00 PM UTC	1214166000000	0	0	yes	74.9	211.2	20506	20827	9252	6553	27	44211	2726	45	3	5887	31	0
June 22, 2008 12:21:00 PM UTC	1214166060000	0	0	yes	74.8	212.0	20506	20827	9252	6553	22	44216	2734	44	6	5887	0	0
June 22, 2008 12:22:00 PM UTC	1214166120000	0	0	yes	74.7	212.8	20506	20827	9251	6552	24	44216	2715	40	4	5890	23	0
June 22, 2008 12:23:00 PM UTC	1214166180000	0	0	yes	74.6	213.5	20506	20827	9249	6547	24	44223	2734	56	3	5886	0	0
June 22, 2008 12:24:00 PM UTC	1214166240000	0	0	yes	74.5	214.3	20506	20827	9247	6596	20	44180	2697	40	5	5876	0	0
June 22, 2008 12:25:00 PM UTC	1214166300000	0	0	yes	74.4	215.0	20506	20827	9255	6541	19	44228	2699	32	4	5919	0	0
June 22, 2008 12:26:00 PM UTC	1214166360000	0	0	yes	74.3	215.8	20506	20827	9247	6590	17	44189	2692	34	5	5888	0	0
June 22, 2008 12:27:00 PM UTC	1214166420000	0	0	yes	74.2	216.5	20506	20827	9249	6562	18	44214	2702	34	0	5891	0	0
June 22, 2008 12:28:00 PM UTC	1214166480000	0	0	yes	74.0	217.2	20506	20827	9258	6507	18	44260	2711	28	2	5915	0	0
June 22, 2008 12:29:00 PM UTC	1214166540000	0	0	yes	73.9	217.9	20506	20827	9251	6542	18	44232	2710	32	2	5890	0	0
June 22, 2008 12:30:00 PM UTC	1214166600000	0	0	yes	73.8	218.6	20506	20827	9253	6532	17	44241	2704	27	0	5895	0	0
June 22, 2008 12:31:00 PM UTC	1214166660000	0	0	yes	73.7	219.3	20506	20827	9247	6577	15	44204	2688	22	0	5876	0	0
June 22, 2008 12:32:00 PM UTC	1214166720000	0	0	yes	73.5	219.9	20506	20827	9253	6528	16	44246	2701	22	2	5896	0	0
June 22, 2008 12:33:00 PM UTC	1214166780000	0	0	yes	73.4	220.6	20506	20827	9244	6562	15	44222	2688	19	2	5879	0	0
June 22, 2008 12:34:00 PM UTC	1214166840000	0	0	yes	73.3	221.3	20506	20827	9253	6510	15	44265	2704	15	0	5898	0	0
June 22, 2008 12:35:00 PM UTC	1214166900000	0	0	yes	73.1	221.9	20506	20827	9244	6619	9	44171	2637	8	0	5874	0	0
June 22, 2008 12:36:00 PM UTC	1214166960000	0	0	yes	73.0	222.5	20506	20827	9253	6568	11	44211	2652	3	1	5893	0	0
June 22, 2008 12:37:00 PM UTC	1214167020000	0	0	yes	72.9	223.2	20506	20827	9253	6559	7	44224	2656	3	1	5897	0	0
June 22, 2008 12:38:00 PM UTC	1214167080000	0	0	yes	72.7	223.8	20506	20827	9253	6507	11	44272	2685	1	1	5897	0	0
June 22, 2008 12:39:00 PM UTC	1214167140000	0	0	yes	72.6	224.4	20506	20827	9245	6609	7	44182	2637	0	0	5876	0	0
June 22, 2008 12:40:00 PM UTC	1214167200000	0	0	yes	72.4	225.0	20506	20827	9252	6560	8	44223	2650	0	0	5895	0	3
June 22, 2008 12:41:00 PM UTC	1214167260000	0	0	yes	72.3	225.6	20506	20827	9251	6549	5	44238	2646	0	0	5895	1	2
June 22, 2008 12:42:00 PM UTC	1214167320000	0	0	yes	72.2	226.2	20506	20827	9244	6600	4	44195	2630	0	0	5874	0	1
June 22, 2008 12:43:00 PM UTC	1214167380000	0	0	yes	72.0	226.8	20506	20827	9244	6600	3	44196	2633	0	0	5879	0	0
June 22, 2008 12:44:00 PM UTC	1214167440000	0	0	yes	71.9	227.3	20506	20827	9243	6552	5	44243	2669	0	0	5880	0	0
June 22, 2008 12:45:00 PM UTC	1214167500000	0	0	yes	71.7	227.9	20506	20827	9243	6552	5	44243	2668	0	0	5877	0	0
June 22, 2008 12:46:00 PM UTC	1214167560000	0	0	yes	71.6	228.4	20506	20827	9250	6507	4	44282	2675	0	0	5895	0	0
June 22, 2008 12:47:00 PM UTC	1214167620000	0	0	yes	71.4	229.0	20506	20827	9249	6508	4	44282	2679	0	0	5894	0	0
June 22, 2008 12:48:00 PM UTC	1214167680000	0	0	yes	71.3	229.5	20506	20827	9249	6508	3	44283	2678	0	0	5892	0	0
June 22, 2008 12:49:00 PM UTC	1214167740000	0	0	yes	71.1	230.1	20506	20827	9249	6464	2	44328	2722	0	0	5898	0	0
June 22, 2008 12:50:00 PM UTC	1214167800000	0	0	yes	71.0	230.6	20506	20827	9256	6466	1	44320	2688	0	0	5910	0	0
June 22, 2008 12:51:00 PM UTC	1214167860000	0	0	yes	70.8	231.1	20506	20827	9247	6525	0	44271	2666	0	0	5889	0	0
June 22, 2008 12:52:00 PM UTC	1214167920000	0	0	yes	70.6	231.6	20506	20827	9239	6580	0	44224	2650	0	0	5867	0	1
June 22, 2008 12:53:00 PM UTC	1214167980000	0	0	yes	70.5	232.1	20506	20827	9245	6554	0	44244	2654	0	0	5885	8	4
June 22, 2008 12:54:00 PM UTC	1214168040000	0	0	yes	70.3	232.6	20506	20827	9247	6500	0	44296	2698	0	0	5893	12	9
June 22, 2008 12:55:00 PM UTC	1214168100000	0	0	yes	70.2	233.1	20506	20827	9245	6556	1	44241	2653	0	0	5886	12	14
June 22, 2008 12:56:00 PM UTC	1214168160000	0	0	yes	70.0	233.6	20506	20827	9252	6514	0	44277	2672	0	0	5899	0	33
June 22, 2008 12:57:00 PM UTC	1214168220000	0	0	yes	69.8	234.0	20506	20827	9245	6556	0	44242	2661	0	0	5882	9	59
June 22, 2008 12:58:00 PM UTC	1214168280000	0	0	yes	69.7	234.5	20506	20827	9245	6555	0	44243	2664	0	2	5884	1	60
June 22, 2008 12:59:00 PM UTC	1214168340000	0	0	yes	69.5	235.0	20506	20827	9251	6482	0	44310	2700	0	0	5920	17	47
June 22, 2008 1:00:00 PM UTC	1214168400000	0	0	yes	69.4	235.4	20506	20827	9246	6480	0	44317	2720	0	0	5894	9	33
June 22, 2008 1:01:00 PM UTC	1214168460000	0	0	yes	69.2	235.9	20506	20827	9248	6496	0	44299	2685	0	0	5900	0	10
June 22, 2008 1:02:00 PM UTC	1214168520000	0	0	yes	69.0	236.3	20506	20827	9243	6533	0	44267	2664	0	0	5879	0	0
June 22, 2008 1:03:00 PM UTC	1214168580000	0	0	yes	68.9	236.7	20506	20827	9248	6496	0	44299	2685	0	0	5895	0	0
June 22, 2008 1:04:00 PM UTC	1214168640000	0	0	yes	68.7	237.2	20506	20827	9249	6468	0	44326	2702	0	0	5899	0	0
June 22, 2008 1:05:00 PM UTC	1214168700000	0	0	yes	68.5	237.6	20506	20827	9256	6431	0	44356	2723	0	0	5914	0	0
June 22, 2008 1:06:00 PM UTC	1214168760000	0	0	yes	68.3	238.0	20506	20827	9242	6525	0	44276	2692	0	0	5875	0	0
June 22, 2008 1:07:00 PM UTC	1214168820000	0	0	yes	68.2	238.4	20506	20827	9247	6548	0	44248	2648	0	0	5881	0	0
June 22, 2008 1:08:00 PM UTC	1214168880000	0	0	yes	68.0	238.8	20506	20827	9252	6513	0	44278	2671	0	0	5896	0	0
June 22, 2008 1:09:00 PM UTC	1214168940000	0	0	yes	67.8	239.2	20506	20827	9247	6548	0	44248	2657	0	0	5879	0	14
June 22, 2008 1:10:00 PM UTC	1214169000000	0	0	yes	67.7	239.6	20506	20827	9252	6492	0	44299	2696	0	0	5898	5	53
June 22, 2008 1:11:00 PM UTC	1214169060000	0	0	yes	67.5	240.0	20506	20827	9243	6555	0	44245	2683	0	0	5878	12	47
June 22, 2008 1:12:00 PM UTC	1214169120000	0	0	yes	67.3	240.4	20506	20827	9242	6554	0	44247	2675	0	0	5875	22	52
June 22, 2008 1:13:00 PM UTC	1214169180000	0	0	yes	67.1	240.8	20506	20827	9248	6517	0	44278	2701	0	0	5887	19	67
June 22, 2008 1:14:00 PM UTC	1214169240000	0	0	yes	67.0	241.2	20506	20827	9255	6465	0	44323	2692	0	0	5909	42	77
June 22, 2008 1:15:00 PM UTC	1214169300000	0	0	yes	66.8	241.6	20506	20827	9258	6464	0	44321	2695	0	0	5905	79	58
June 22, 2008 1:16:00 PM UTC	1214169360000	0	0	yes	66.6	241.9	20506	20827	9247	6509	0	44287	2695	0	0	5885	102	68
June 22, 2008 1:17:00 PM UTC	1214169420000	0	0	yes	66.4	242.3	20506	20827	9247	6510	0	44286	2702	0	0	5886	105	81
June 22, 2008 1:18:00 PM UTC	1214169480000	0	0	yes	66.3	242.7	20506	20827	9252	6476	0	44315	2706	0	0	5895	81	89
June 22, 2008 1:19:00 PM UTC	1214169540000	0	0	yes	66.1	243.0	20506	20827	9247	6507	0	44289	2697	0	0	5890	88	45
June 22, 2008 1:20:00 PM UTC	1214169600000	0	0	yes	65.9	243.4	20506	20827	9241	6540	0	44262	2682	0	0	5875	108	50
June 22, 2008 1:21:00 PM UTC	1214169660000	0	0	yes	65.7	243.7	20506	20827	9252	6475	0	44316	2702	0	0	5898	132	51
June 22, 2008 1:22:00 PM UTC	1214169720000	0	0	yes	65.5	244.1	20506	20827	9255	6510	0	44278	2678	0	0	5903	150	69
June 22, 2008 1:23:00 PM UTC	1214169780000	1	0	yes	65.4	244.4	20506	20827	9242	6592	0	44209	2659	0	1	5872	172	75
June 22, 2008 1:24:00 PM UTC	1214169840000	1	0	yes	65.2	244.7	20506	20827	9246	6561	0	44236	2675	0	0	5883	186	74
June 22, 2008 1:25:00 PM UTC	1214169900000	1	1	yes	65.0	245.1	20506	20827	9246	6561	0	44236	2672	0	0	5881	165	112
June 22, 2008 1:26:00 PM UTC	1214169960000	1	0	yes	64.8	245.4	20506	20827	9250	6532	0	44261	2686	0	0	5893	141	93
June 22, 2008 1:27:00 PM UTC	1214170020000	1	0	yes	64.6	245.7	20506	20827	9246	6561	0	44236	2674	0	0	5879	131	119
June 22, 2008 1:28:00 PM UTC	1214170080000	0	0	yes	64.4	246.0	20506	20827	9251	6483	0	44309	2715	0	0	5895	89	104
June 22, 2008 1:29:00 PM UTC	1214170140000	0	1	yes	64.3	246.4	20506	20827	9251	6482	0	44310	2708	0	0	5895	63	151
June 22, 2008 1:30:00 PM UTC	1214170200000	0	1	yes	64.1	246.7	20506	20827	9245	6584	0	44214	2654	0	0	5875	80	123
June 22, 2008 1:31:00 PM UTC	1214170260000	1	1	yes	63.9	247.0	20506	20827	9251	6536	0	44256	2683	0	0	5893	114	158
June 22, 2008 1:32:00 PM UTC	1214170320000	1	1	yes	63.7	247.3	20506	20827	9251	6523	0	44269	2692	0	0	5895	173	156
June 22, 2008 1:33:00 PM UTC	1214170380000	1	1	yes	63.5	247.6	20506	20827	9245	6575	0	44223	2664	0	1	5877	233	164
June 22, 2008 1:34:00 PM UTC	1214170440000	1	1	yes	63.3	247.9	20506	20827	9245	6575	0	44223	2664	0	0	5876	280	174
June 22, 2008 1:35:00 PM UTC	1214170500000	2	1	yes	63.2	248.2	20506	20827	9258	6483	0	44302	2709	0	0	5911	373	159
June 22, 2008 1:36:00 PM UTC	1214170560000	2	1	yes	63.0	248.5	20506	20827	9243	6576	0	44224	2671	0	0	5879	448	185
June 22, 2008 1:37:00 PM UTC	1214170620000	2	1	yes	62.8	248.8	20506	20827	9243	6575	0	44225	2674	0	0	5875	447	195
June 22, 2008 1:38:00 PM UTC	1214170680000	2	1	yes	62.6	249.1	20506	20827	9247	6553	0	44243	2682	0	0	5884	417	223
June 22, 2008 1:39:00 PM UTC	1214170740000	1	1	yes	62.4	249.4	20506	20827	9248	6542	0	44253	2702	0	0	5888	424	210
June 22, 2008 1:40:00 PM UTC	1214170800000	1	1	yes	62.2	249.6	20506	20827	9247	6608	0	44188	2660	0	0	5882	327	293
June 22, 2008 1:41:00 PM UTC	1214170860000	1	1	yes	62.0	249.9	20506	20827	9237	6679	0	44127	2630	0	0	5857	320	292
June 22, 2008 1:42:00 PM UTC	1214170920000	1	1	yes	61.8	250.2	20506	20827	9249	6491	0	44303	2717	0	0	5891	375	288
June 22, 2008 1:43:00 PM UTC	1214170980000	2	1	yes	61.7	250.5	20506	20827	9248	6492	0	44303	2718	0	0	5889	534	313
June 22, 2008 1:44:00 PM UTC	1214171040000	2	1	yes	61.5	250.7	20506	20827	9244	6536	0	44263	2697	0	0	5878	570	343
June 22, 2008 1:45:00 PM UTC	1214171100000	2	1	yes	61.3	251.0	20506	20827	9252	6466	0	44325	2728	0	0	5899	584	305
June 22, 2008 1:46:00 PM UTC	1214171160000	2	1	yes	61.1	251.3	20506	20827	9252	6466	0	44325	2731	28	24	5899	478	327
June 22, 2008 1:47:00 PM UTC	1214171220000	3	1	yes	60.9	251.5	20506	20827	9244	6513	0	44286	2713	149	44	5882	373	303
June 22, 2008 1:48:00 PM UTC	1214171280000	3	1	yes	60.7	251.8	20506	20827	9254	6456	0	44333	2743	299	55	5903	280	293
June 22, 2008 1:49:00 PM UTC	1214171340000	3	1	yes	60.5	252.1	20506	20827	9244	6529	0	44270	2713	438	66	5875	278	247
June 22, 2008 1:50:00 PM UTC	1214171400000	3	2	yes	60.3	252.3	20506	20827	9245	6498	0	44300	2727	431	121	5886	303	261
June 22, 2008 1:51:00 PM UTC	1214171460000	3	2	yes	60.1	252.6	20506	20827	9256	6435	0	44352	2756	325	62	5914	335	256
June 22, 2008 1:52:00 PM UTC	1214171520000	3	2	yes	59.9	252.8	20506	20827	9244	6580	0	44219	2687	222	53	5873	354	243
June 22, 2008 1:53:00 PM UTC	1214171580000	2	2	yes	59.7	253.1	20506	20827	9254	6511	0	44278	2718	128	97	5905	315	263
June 22, 2008 1:54:00 PM UTC	1214171640000	2	2	yes	59.6	253.3	20506	20827	9247	6561	0	44235	2697	79	34	5888	332	263
June 22, 2008 1:55:00 PM UTC	1214171700000	2	2	yes	59.4	253.6	20506	20827	9246	6561	0	44236	2700	98	42	5886	323	287
June 22, 2008 1:56:00 PM UTC	1214171760000	2	2	yes	59.2	253.8	20506	20827	9246	6561	0	44236	2689	101	41	5886	340	286
June 22, 2008 1:57:00 PM UTC	1214171820000	3	2	yes	59.0	254.1	20506	20827	9250	6499	0	44294	2724	58	28	5896	348	288
June 22, 2008 1:58:00 PM UTC	1214171880000	4	2	yes	58.8	254.3	20506	20827	9248	6518	0	44277	2719	25	43	5889	400	288
June 22, 2008 1:59:00 PM UTC	1214171940000	5	3	yes	58.6	254.5	20506	20827	9248	6518	0	44277	2731	4	10	5888	428	269
June 22, 2008 2:00:00 PM UTC	1214172000000	5	3	yes	58.4	254.8	20506	20827	9248	6517	0	44278	2719	0	1	5891	479	305
June 22, 2008 2:01:00 PM UTC	1214172060000	5	3	yes	58.2	255.0	20506	20827	9248	6517	0	44278	2731	0	0	5888	542	341
June 22, 2008 2:02:00 PM UTC	1214172120000	6	3	yes	58.0	255.2	20506	20827	9250	6500	0	44293	2737	0	0	5889	559	406
June 22, 2008 2:03:00 PM UTC	1214172180000	6	4	yes	57.8	255.5	20506	20827	9250	6500	0	44293	2738	0	0	5885	603	460
June 22, 2008 2:04:00 PM UTC	1214172240000	7	4	yes	57.6	255.7	20506	20827	9250	6498	0	44295	2734	0	0	5883	655	431
June 22, 2008 2:05:00 PM UTC	1214172300000	8	4	yes	57.4	255.9	20506	20827	9238	6568	0	44237	2703	0	0	5858	704	431
June 22, 2008 2:06:00 PM UTC	1214172360000	9	4	yes	57.2	256.1	20506	20827	9250	6556	0	44237	2696	0	0	5873	819	380
June 22, 2008 2:07:00 PM UTC	1214172420000	10	4	yes	57.0	256.4	20506	20827	9240	6625	0	44178	2677	14	11	5841	822	401
June 22, 2008 2:08:00 PM UTC	1214172480000	10	4	yes	56.8	256.6	20506	20827	9251	6557	0	44235	2717	52	27	5863	817	405
June 22, 2008 2:09:00 PM UTC	1214172540000	10	4	yes	56.6	256.8	20506	20827	9240	6627	0	44176	2685	94	10	5834	846	407
June 22, 2008 2:10:00 PM UTC	1214172600000	10	4	yes	56.5	257.0	20506	20827	9251	6557	0	44235	2709	153	21	5856	805	501
June 22, 2008 2:11:00 PM UTC	1214172660000	10	4	yes	56.3	257.2	20506	20827	9242	6609	0	44192	2695	204	29	5827	840	517
June 22, 2008 2:12:00 PM UTC	1214172720000	10	4	yes	56.1	257.5	20506	20827	9251	6558	0	44234	2720	264	40	5840	883	484
June 22, 2008 2:13:00 PM UTC	1214172780000	9	4	yes	55.9	257.7	20506	20827	9240	6590	0	44213	2699	371	68	5809	846	490
June 22, 2008 2:14:00 PM UTC	1214172840000	9	4	yes	55.7	257.9	20506	20827	9240	6588	0	44215	2695	623	85	5806	802	507
June 22, 2008 2:15:00 PM UTC	1214172900000	10	3	yes	55.5	258.1	20506	20827	9240	6527	0	44276	2736	918	139	5798	837	417
June 22, 2008 2:16:00 PM UTC	1214172960000	10	4	no	55.3	258.3	20506	20827	9244	6485	0	44314	2753	1162	127	5804	777	455
June 22, 2008 2:17:00 PM UTC	1214173020000	11	4	no	55.1	258.5	20506	20827	9244	6485	0	44314	2755	1438	129	5794	656	473
June 22, 2008 2:18:00 PM UTC	1214173080000	11	4	no	54.9	258.7	20506	20827	9242	6503	0	44298	2748	1739	163	5781	621	475
June 22, 2008 2:19:00 PM UTC	1214173140000	12	4	no	54.7	258.9	20506	20827	9242	6503	0	44298	2752	1982	127	5774	596	444
June 22, 2008 2:20:00 PM UTC	1214173200000	13	4	no	54.5	259.1	20506	20827	9244	6497	0	44302	2763	2115	44	5766	568	414
June 22, 2008 2:21:00 PM UTC	1214173260000	15	4	no	54.3	259.3	20506	20827	9244	6497	0	44302	2764	2021	50	5755	516	375
June 22, 2008 2:22:00 PM UTC	1214173320000	16	4	no	54.1	259.5	20506	20827	9245	6565	0	44233	2729	1813	60	5743	501	341
June 22, 2008 2:23:00 PM UTC	1214173380000	18	5	no	53.9	259.7	20506	20827	9245	6565	0	44233	2721	1632	92	5733	470	329
June 22, 2008 2:24:00 PM UTC	1214173440000	19	5	yes	53.7	259.9	20506	20827	9246	6565	0	44232	2727	1465	80	5722	389	347
June 22, 2008 2:25:00 PM UTC	1214173500000	22	5	yes	53.5	260.1	20506	20827	9246	6565	0	44232	2732	1222	74	5715	349	397
June 22, 2008 2:26:00 PM UTC	1214173560000	23	5	yes	53.3	260.3	20506	20827	9247	6563	0	44233	2734	1023	91	5698	398	397
June 22, 2008 2:27:00 PM UTC	1214173620000	25	5	yes	53.1	260.5	20506	20827	9247	6563	0	44233	2731	875	100	5693	439	392
June 22, 2008 2:28:00 PM UTC	1214173680000	27	4	yes	52.9	260.7	20506	20827	9250	6551	0	44242	2737	777	98	5673	481	334
June 22, 2008 2:29:00 PM UTC	1214173740000	28	4	yes	52.7	260.9	20506	20827	9250	6551	0	44242	2738	715	60	5680	538	353
June 22, 2008 2:30:00 PM UTC	1214173800000	29	4	yes	52.5	261.1	20506	20827	9251	6518	0	44274	2751	664	63	5652	607	338
June 22, 2008 2:31:00 PM UTC	1214173860000	31	4	yes	52.3	261.3	20506	20827	9251	6518	0	44274	2751	545	64	5650	651	317
June 22, 2008 2:32:00 PM UTC	1214173920000	30	4	yes	52.1	261.5	20506	20827	9252	6515	0	44276	2748	542	61	5625	616	319
June 22, 2008 2:33:00 PM UTC	1214173980000	31	5	yes	51.9	261.6	20506	20827	9252	6515	0	44276	2744	509	26	5626	625	384
June 22, 2008 2:34:00 PM UTC	1214174040000	30	5	yes	51.7	261.8	20506	20827	9243	6586	0	44214	2723	405	27	5586	676	422
June 22, 2008 2:35:00 PM UTC	1214174100000	30	4	yes	51.5	262.0	20506	20827	9254	6515	0	44274	2761	347	38	5603	702	383
June 22, 2008 2:36:00 PM UTC	1214174160000	28	5	yes	51.3	262.2	20506	20827	9254	6515	0	44274	2767	280	36	5585	662	398
June 22, 2008 2:37:00 PM UTC	1214174220000	25	6	yes	51.1	262.4	20506	20827	9255	6514	0	44274	2769	267	27	5570	598	393
June 22, 2008 2:38:00 PM UTC	1214174280000	22	6	yes	50.9	262.6	20506	20827	9255	6514	0	44274	2767	229	18	5559	495	420
June 22, 2008 2:39:00 PM UTC	1214174340000	19	6	yes	50.7	262.7	20506	20827	9256	6513	0	44274	2758	164	19	5547	395	384
June 22, 2008 2:40:00 PM UTC	1214174400000	17	6	yes	50.5	262.9	20506	20827	9256	6513	0	44274	2765	130	34	5529	397	343
June 22, 2008 2:41:00 PM UTC	1214174460000	17	6	yes	50.3	263.1	20506	20827	9257	6583	0	44203	2738	87	29	5514	420	323
June 22, 2008 2:42:00 PM UTC	1214174520000	16	6	yes	50.1	263.3	20506	20827	9257	6583	0	44203	2742	29	13	5500	443	341
June 22, 2008 2:43:00 PM UTC	1214174580000	15	6	yes	49.9	263.5	20506	20827	9245	6659	0	44139	2696	0	1	5468	434	349
June 22, 2008 2:44:00 PM UTC	1214174640000	15	5	yes	49.7	263.6	20506	20827	9256	6588	0	44199	2735	10	3	5473	505	340
June 22, 2008 2:45:00 PM UTC	1214174700000	15	5	yes	49.5	263.8	20506	20827	9246	6652	0	44145	2696	49	20	5441	527	324
June 22, 2008 2:46:00 PM UTC	1214174760000	15	5	yes	49.3	264.0	20506	20827	9258	6505	0	44280	2781	132	16	5444	558	320
June 22, 2008 2:47:00 PM UTC	1214174820000	15	5	yes	49.1	264.2	20506	20827	9258	6477	0	44308	2778	197	19	5433	480	356
June 22, 2008 2:48:00 PM UTC	1214174880000	15	4	yes	48.9	264.3	20506	20827	9258	6477	0	44308	2783	248	29	5418	433	332
June 22, 2008 2:49:00 PM UTC	1214174940000	16	4	yes	48.7	264.5	20506	20827	9258	6489	0	44296	2785	256	28	5405	346	328
June 22, 2008 2:50:00 PM UTC	1214175000000	15	4	yes	48.5	264.7	20506	20827	9248	6559	0	44236	2757	221	30	5371	276	302
June 22, 2008 2:51:00 PM UTC	1214175060000	14	4	yes	48.3	264.8	20506	20827	9259	6488	0	44296	2795	197	38	5374	231	317
June 22, 2008 2:52:00 PM UTC	1214175120000	13	4	yes	48.1	265.0	20506	20827	9248	6558	0	44237	2757	153	26	5341	190	272
June 22, 2008 2:53:00 PM UTC	1214175180000	13	3	yes	47.9	265.2	20506	20827	9260	6481	0	44302	2798	175	58	5349	208	236
June 22, 2008 2:54:00 PM UTC	1214175240000	12	4	yes	47.7	265.3	20506	20827	9260	6481	0	44302	2791	250	94	5333	233	279
June 22, 2008 2:55:00 PM UTC	1214175300000	11	4	yes	47.5	265.5	20506	20827	9260	6480	0	44303	2791	287	138	5317	239	276
June 22, 2008 2:56:00 PM UTC	1214175360000	11	5	yes	47.3	265.7	20506	20827	9260	6480	0	44303	2801	292	157	5300	254	321
June 22, 2008 2:57:00 PM UTC	1214175420000	10	4	yes	47.1	265.8	20506	20827	9249	6550	0	44244	2764	254	120	5268	329	324
June 22, 2008 2:58:00 PM UTC	1214175480000	10	4	yes	46.9	266.0	20506	20827	9260	6479	0	44304	2800	349	81	5269	422	342
June 22, 2008 2:59:00 PM UTC	1214175540000	10	4	yes	46.7	266.2	20506	20827	9250	6548	0	44245	2761	467	87	5235	463	314
June 22, 2008 3:00:00 PM UTC	1214175600000	9	4	yes	46.5	266.3	20506	20827	9260	6477	0	44306	2799	499	102	5236	455	387
June 22, 2008 3:01:00 PM UTC	1214175660000	9	4	yes	46.3	266.5	20506	20827	9260	6477	0	44306	2801	528	91	5220	506	396
June 22, 2008 3:02:00 PM UTC	1214175720000	8	4	yes	46.1	266.7	20506	20827	9250	6548	0	44245	2763	467	92	5192	603	409
June 22, 2008 3:03:00 PM UTC	1214175780000	8	4	yes	45.9	266.8	20506	20827	9260	6476	0	44307	2809	443	122	5187	624	443
June 22, 2008 3:04:00 PM UTC	1214175840000	7	4	yes	45.7	267.0	20506	20827	9248	6626	0	44169	2732	470	91	5154	647	485
June 22, 2008 3:05:00 PM UTC	1214175900000	7	4	yes	45.5	267.1	20506	20827	9259	6569	0	44215	2779	410	121	5154	768	503
June 22, 2008 3:06:00 PM UTC	1214175960000	7	4	yes	45.3	267.3	20506	20827	9259	6546	0	44238	2777	376	97	5142	894	536
June 22, 2008 3:07:00 PM UTC	1214176020000	7	4	yes	45.1	267.4	20506	20827	9249	6616	0	44178	2736	360	63	5110	1010	528
June 22, 2008 3:08:00 PM UTC	1214176080000	7	4	yes	44.9	267.6	20506	20827	9261	6542	0	44240	2780	317	67	5103	1127	496
June 22, 2008 3:09:00 PM UTC	1214176140000	7	4	yes	44.7	267.8	20506	20827	9249	6614	0	44180	2745	196	91	5077	1157	542
June 22, 2008 3:10:00 PM UTC	1214176200000	6	4	yes	44.5	267.9	20506	20827	9261	6543	0	44239	2791	121	103	5068	1023	595
June 22, 2008 3:11:00 PM UTC	1214176260000	5	4	yes	44.3	268.1	20506	20827	9261	6543	0	44239	2801	114	91	5049	847	567
June 22, 2008 3:12:00 PM UTC	1214176320000	5	4	yes	44.1	268.2	20506	20827	9249	6615	0	44179	2748	191	80	5027	620	589
June 22, 2008 3:13:00 PM UTC	1214176380000	5	4	yes	43.9	268.4	20506	20827	9261	6544	0	44238	2793	280	128	5016	602	600
June 22, 2008 3:14:00 PM UTC	1214176440000	5	4	yes	43.7	268.5	20506	20827	9249	6616	0	44178	2750	357	175	4990	582	451
June 22, 2008 3:15:00 PM UTC	1214176500000	5	4	yes	43.5	268.7	20506	20827	9249	6616	0	44178	2758	307	209	4970	448	447
June 22, 2008 3:16:00 PM UTC	1214176560000	4	4	yes	43.3	268.8	20506	20827	9261	6470	0	44312	2828	144	208	4968	344	358
June 22, 2008 3:17:00 PM UTC	1214176620000	4	3	yes	43.1	269.0	20506	20827	9249	6541	0	44253	2781	44	116	4938	334	368
June 22, 2008 3:18:00 PM UTC	1214176680000	4	4	yes	42.9	269.2	20506	20827	9261	6469	0	44313	2828	93	110	4935	358	430
June 22, 2008 3:19:00 PM UTC	1214176740000	5	5	yes	42.7	269.3	20506	20827	9261	6468	0	44314	2834	245	356	4917	451	1101
June 22, 2008 3:20:00 PM UTC	1214176800000	5	4	yes	42.5	269.5	20506	20827	9249	6539	0	44255	2786	389	173	4886	420	672
June 22, 2008 3:21:00 PM UTC	1214176860000	5	4	yes	42.3	269.6	20506	20827	9261	6468	0	44314	2831	458	189	4885	410	525
June 22, 2008 3:22:00 PM UTC	1214176920000	6	6	yes	42.1	269.8	20506	20827	9261	6468	0	44314	2834	460	498	4865	419	993
June 22, 2008 3:23:00 PM UTC	1214176980000	6	4	yes	41.9	269.9	20506	20827	9261	6468	0	44314	2839	615	146	4845	355	417
June 22, 2008 3:24:00 PM UTC	1214177040000	7	4	yes	41.7	270.1	20506	20827	9261	6468	0	44314	2844	652	170	4831	358	259
June 22, 2008 3:25:00 PM UTC	1214177100000	6	4	yes	41.5	270.2	20506	20827	9249	6612	0	44182	2767	387	156	4804	311	214
June 22, 2008 3:26:00 PM UTC	1214177160000	6	4	yes	41.3	270.4	20506	20827	9261	6460	0	44322	2837	164	103	4800	266	187
June 22, 2008 3:27:00 PM UTC	1214177220000	5	4	yes	41.1	270.5	20506	20827	9261	6460	0	44322	2836	59	41	4782	219	216
June 22, 2008 3:28:00 PM UTC	1214177280000	5	3	yes	40.9	270.6	20506	20827	9249	6531	0	44263	2793	24	39	4754	199	249
June 22, 2008 3:29:00 PM UTC	1214177340000	5	3	yes	40.7	270.8	20506	20827	9261	6461	0	44321	2843	9	18	4749	216	290
June 22, 2008 3:30:00 PM UTC	1214177400000	4	4	yes	40.5	270.9	20506	20827	9249	6533	0	44261	2794	8	36	4716	235	429
June 22, 2008 3:31:00 PM UTC	1214177460000	4	4	yes	40.3	271.1	20506	20827	9261	6462	0	44320	2845	6	45	4707	244	507
June 22, 2008 3:32:00 PM UTC	1214177520000	4	3	yes	40.1	271.2	20506	20827	9261	6544	0	44238	2806	12	69	4690	217	543
June 22, 2008 3:33:00 PM UTC	1214177580000	3	4	yes	39.9	271.4	20506	20827	9249	6616	0	44178	2774	11	113	4667	216	645
June 22, 2008 3:34:00 PM UTC	1214177640000	3	4	yes	39.7	271.5	20506	20827	9261	6544	0	44238	2817	1	187	4658	229	695
June 22, 2008 3:35:00 PM UTC	1214177700000	3	4	yes	39.5	271.7	20506	20827	9261	6544	0	44238	2821	0	177	4640	275	722
June 22, 2008 3:36:00 PM UTC	1214177760000	3	4	yes	39.3	271.8	20506	20827	9249	6615	0	44179	2780	0	135	4611	325	668
June 22, 2008 3:37:00 PM UTC	1214177820000	3	4	yes	39.1	272.0	20506	20827	9261	6543	0	44239	2820	0	173	4604	377	697
June 22, 2008 3:38:00 PM UTC	1214177880000	3	4	yes	38.9	272.1	20506	20827	9261	6543	0	44239	2825	0	237	4588	386	791
June 22, 2008 3:39:00 PM UTC	1214177940000	3	4	yes	38.7	272.2	20506	20827	9249	6614	0	44180	2784	0	262	4567	336	728
June 22, 2008 3:40:00 PM UTC	1214178000000	3	4	yes	38.5	272.4	20506	20827	9261	6542	0	44240	2833	0	283	4547	340	728
June 22, 2008 3:41:00 PM UTC	1214178060000	3	4	yes	38.3	272.5	20506	20827	9249	6613	0	44181	2788	0	273	4527	339	688
June 22, 2008 3:42:00 PM UTC	1214178120000	2	4	yes	38.1	272.7	20506	20827	9249	6616	0	44178	2786	0	371	4510	332	695
June 22, 2008 3:43:00 PM UTC	1214178180000	2	4	yes	37.9	272.8	20506	20827	9259	6546	0	44238	2826	0	414	4501	343	688
June 22, 2008 3:44:00 PM UTC	1214178240000	3	4	yes	37.7	273.0	20506	20827	9249	6621	0	44173	2789	3	395	4475	373	613
June 22, 2008 3:45:00 PM UTC	1214178300000	3	5	yes	37.5	273.1	20506	20827	9258	6555	0	44230	2824	9	622	4467	375	707
June 22, 2008 3:46:00 PM UTC	1214178360000	3	5	yes	37.3	273.2	20506	20827	9260	6483	0	44300	2858	19	602	4445	383	611
June 22, 2008 3:47:00 PM UTC	1214178420000	3	4	yes	37.1	273.4	20506	20827	9250	6553	0	44240	2818	21	556	4421	381	602
June 22, 2008 3:48:00 PM UTC	1214178480000	3	4	yes	36.9	273.5	20506	20827	9260	6482	0	44301	2859	38	600	4412	441	619
June 22, 2008 3:49:00 PM UTC	1214178540000	3	4	yes	36.7	273.7	20506	20827	9260	6482	0	44301	2862	65	636	4391	505	660
June 22, 2008 3:50:00 PM UTC	1214178600000	3	5	yes	36.5	273.8	20506	20827	9250	6551	0	44242	2817	42	626	4372	519	716
June 22, 2008 3:51:00 PM UTC	1214178660000	3	5	yes	36.3	273.9	20506	20827	9260	6480	0	44303	2865	56	705	4357	555	716
June 22, 2008 3:52:00 PM UTC	1214178720000	3	5	yes	36.1	274.1	20506	20827	9260	6480	0	44303	2859	74	717	4344	566	734
June 22, 2008 3:53:00 PM UTC	1214178780000	3	5	yes	35.9	274.2	20506	20827	9249	6550	0	44244	2819	81	770	4324	562	713
June 22, 2008 3:54:00 PM UTC	1214178840000	3	5	yes	35.7	274.3	20506	20827	9260	6479	0	44304	2857	92	810	4313	522	774
June 22, 2008 3:55:00 PM UTC	1214178900000	3	5	yes	35.5	274.5	20506	20827	9260	6479	0	44304	2867	119	784	4291	495	815
June 22, 2008 3:56:00 PM UTC	1214178960000	3	5	yes	35.3	274.6	20506	20827	9249	6549	0	44245	2826	124	748	4267	404	905
June 22, 2008 3:57:00 PM UTC	1214179020000	2	5	yes	35.1	274.8	20506	20827	9260	6478	0	44305	2875	161	779	4251	393	840
June 22, 2008 3:58:00 PM UTC	1214179080000	2	5	yes	34.9	274.9	20506	20827	9260	6478	0	44305	2873	158	848	4238	323	844
June 22, 2008 3:59:00 PM UTC	1214179140000	2	5	yes	34.7	275.0	20506	20827	9248	6554	0	44241	2821	202	744	4222	340	790
June 22, 2008 4:00:00 PM UTC	1214179200000	2	5	yes	34.5	275.2	20506	20827	9259	6483	0	44301	2872	129	792	4200	292	807
June 22, 2008 4:01:00 PM UTC	1214179260000	2	5	yes	34.3	275.3	20506	20827	9259	6483	0	44301	2867	227	775	4189	312	760
June 22, 2008 4:02:00 PM UTC	1214179320000	2	4	yes	34.1	275.4	20506	20827	9258	6483	0	44302	2873	167	832	4167	295	695
June 22, 2008 4:03:00 PM UTC	1214179380000	2	5	yes	33.9	275.6	20506	20827	9258	6483	0	44302	2870	190	982	4151	281	700
June 22, 2008 4:04:00 PM UTC	1214179440000	2	5	yes	33.7	275.7	20506	20827	9258	6472	0	44313	2870	307	980	4136	339	597
June 22, 2008 4:05:00 PM UTC	1214179500000	2	4	yes	33.5	275.9	20506	20827	9258	6472	0	44313	2869	293	1028	4120	368	537
June 22, 2008 4:06:00 PM UTC	1214179560000	2	4	yes	33.3	276.0	20506	20827	9258	6500	0	44285	2863	325	963	4104	355	602
June 22, 2008 4:07:00 PM UTC	1214179620000	2	4	yes	33.1	276.1	20506	20827	9257	6582	0	44204	2849	340	1024	4084	321	579
June 22, 2008 4:08:00 PM UTC	1214179680000	2	5	yes	32.9	276.3	20506	20827	9256	6590	0	44197	2841	343	1042	4072	292	558
June 22, 2008 4:09:00 PM UTC	1214179740000	2	5	yes	32.7	276.4	20506	20827	9256	6590	0	44197	2836	317	1087	4063	273	598
June 22, 2008 4:10:00 PM UTC	1214179800000	2	5	yes	32.5	276.5	20506	20827	9256	6590	0	44197	2840	381	1077	4040	223	658
June 22, 2008 4:11:00 PM UTC	1214179860000	2	5	yes	32.3	276.7	20506	20827	9257	6581	0	44205	2841	416	1112	4027	218	765
June 22, 2008 4:12:00 PM UTC	1214179920000	2	5	yes	32.1	276.8	20506	20827	9257	6581	0	44205	2833	448	1045	4018	198	722
June 22, 2008 4:13:00 PM UTC	1214179980000	2	5	yes	31.9	276.9	20506	20827	9257	6581	0	44205	2831	394	1112	4003	184	804
June 22, 2008 4:14:00 PM UTC	1214180040000	3	6	yes	31.7	277.1	20506	20827	9256	6518	0	44269	2846	441	1057	3995	210	832
June 22, 2008 4:15:00 PM UTC	1214180100000	3	6	yes	31.5	277.2	20506	20827	9256	6518	0	44269	2846	395	1074	3978	195	895
June 22, 2008 4:16:00 PM UTC	1214180160000	3	6	yes	31.3	277.3	20506	20827	9256	6518	0	44269	2835	411	1049	3973	199	908
June 22, 2008 4:17:00 PM UTC	1214180220000	3	6	yes	31.1	277.5	20506	20827	9255	6517	0	44271	2835	367	1075	3959	179	917
June 22, 2008 4:18:00 PM UTC	1214180280000	3	6	yes	30.9	277.6	20506	20827	9255	6517	0	44271	2826	353	1097	3953	151	953
June 22, 2008 4:19:00 PM UTC	1214180340000	3	6	yes	30.7	277.7	20506	20827	9255	6517	0	44271	2821	354	1144	3943	155	959
June 22, 2008 4:20:00 PM UTC	1214180400000	2	6	yes	30.5	277.9	20506	20827	9254	6516	0	44273	2818	322	1183	3933	153	934
June 22, 2008 4:21:00 PM UTC	1214180460000	3	6	yes	30.3	278.0	20506	20827	9254	6516	0	44273	2815	444	1077	3926	172	938
June 22, 2008 4:22:00 PM UTC	1214180520000	3	6	yes	30.1	278.1	20506	20827	9253	6526	0	44264	2802	412	1137	3916	195	911
June 22, 2008 4:23:00 PM UTC	1214180580000	3	6	yes	29.9	278.3	20506	20827	9254	6517	0	44272	2795	446	1179	3906	262	938
June 22, 2008 4:24:00 PM UTC	1214180640000	3	6	yes	29.7	278.4	20506	20827	9252	6518	0	44273	2786	434	1191	3904	325	948
June 22, 2008 4:25:00 PM UTC	1214180700000	3	6	yes	29.5	278.5	20506	20827	9252	6518	0	44273	2778	485	1167	3890	431	991
June 22, 2008 4:26:00 PM UTC	1214180760000	3	6	yes	29.3	278.7	20506	20827	9251	6518	0	44274	2770	531	1175	3883	509	1045
June 22, 2008 4:27:00 PM UTC	1214180820000	4	6	yes	29.1	278.8	20506	20827	9251	6518	0	44274	2763	586	1123	3883	655	1091
June 22, 2008 4:28:00 PM UTC	1214180880000	4	6	yes	28.9	278.9	20506	20827	9251	6518	0	44274	2753	528	1094	3865	874	971
June 22, 2008 4:29:00 PM UTC	1214180940000	5	7	yes	28.7	279.1	20506	20827	9250	6516	0	44277	2750	474	1154	3859	878	1091
June 22, 2008 4:30:00 PM UTC	1214181000000	5	6	yes	28.5	279.2	20506	20827	9250	6547	0	44246	2736	552	1131	3870	1017	992
June 22, 2008 4:31:00 PM UTC	1214181060000	6	6	yes	28.3	279.3	20506	20827	9250	6547	0	44246	2737	666	995	3834	1150	858
June 22, 2008 4:32:00 PM UTC	1214181120000	7	6	yes	28.1	279.4	20506	20827	9247	6558	0	44238	2710	682	1091	3853	1181	901
June 22, 2008 4:33:00 PM UTC	1214181180000	8	7	yes	27.9	279.6	20506	20827	9247	6558	0	44238	2701	799	1115	3854	1215	897
June 22, 2008 4:34:00 PM UTC	1214181240000	8	7	yes	27.7	279.7	20506	20827	9247	6558	0	44238	2699	800	1115	3831	1230	899
June 22, 2008 4:35:00 PM UTC	1214181300000	8	7	yes	27.5	279.8	20506	20827	9246	6558	0	44239	2688	786	1223	3836	1124	1036
June 22, 2008 4:36:00 PM UTC	1214181360000	8	7	yes	27.3	280.0	20506	20827	9246	6558	0	44239	2674	781	1274	3834	1146	1034
June 22, 2008 4:37:00 PM UTC	1214181420000	8	8	yes	27.2	280.1	20506	20827	9246	6558	0	44239	2662	843	1214	3832	1166	1006
June 22, 2008 4:38:00 PM UTC	1214181480000	8	7	yes	27.0	280.2	20506	20827	9245	6558	0	44240	2661	1043	1038	3823	1295	884
June 22, 2008 4:39:00 PM UTC	1214181540000	9	7	yes	26.8	280.4	20506	20827	9245	6558	0	44240	2647	1157	958	3821	1408	829
June 22, 2008 4:40:00 PM UTC	1214181600000	10	6	yes	26.6	280.5	20506	20827	9245	6558	0	44240	2636	1232	879	3821	1420	831
June 22, 2008 4:41:00 PM UTC	1214181660000	11	7	yes	26.4	280.6	20506	20827	9255	6485	0	44303	2667	1382	799	3816	1300	946
June 22, 2008 4:42:00 PM UTC	1214181720000	11	7	yes	26.2	280.8	20506	20827	9244	6497	0	44302	2630	1404	806	3814	1342	910
June 22, 2008 4:43:00 PM UTC	1214181780000	12	6	yes	26.0	280.9	20506	20827	9244	6493	0	44306	2615	1484	718	3813	1328	928
June 22, 2008 4:44:00 PM UTC	1214181840000	12	7	yes	25.8	281.0	20506	20827	9253	6428	0	44362	2637	1490	772	3809	1184	1063
June 22, 2008 4:45:00 PM UTC	1214181900000	13	7	yes	25.6	281.2	20506	20827	9242	6501	0	44300	2586	1585	644	3811	1170	1092
June 22, 2008 4:46:00 PM UTC	1214181960000	13	8	yes	25.4	281.3	20506	20827	9242	6501	0	44300	2572	1217	1062	3810	1196	1072
June 22, 2008 4:47:00 PM UTC	1214182020000	13	8	yes	25.2	281.4	20506	20827	9253	6427	0	44363	2604	1132	1138	3808	1123	1143
June 22, 2008 4:48:00 PM UTC	1214182080000	13	8	yes	25.0	281.5	20506	20827	9244	6483	0	44316	2557	1059	1120	3805	1136	1089
June 22, 2008 4:49:00 PM UTC	1214182140000	13	9	yes	24.8	281.7	20506	20827	9244	6483	0	44316	2542	1066	1102	3810	1149	1076
June 22, 2008 4:50:00 PM UTC	1214182200000	12	8	yes	24.6	281.8	20506	20827	9254	6427	0	44362	2562	1011	1219	3811	1043	1090
June 22, 2008 4:51:00 PM UTC	1214182260000	12	9	yes	24.4	281.9	20506	20827	9240	6591	0	44212	2494	900	1247	3803	1029	1061
June 22, 2008 4:52:00 PM UTC	1214182320000	11	8	yes	24.2	282.1	20506	20827	9240	6591	0	44212	2484	801	1205	3807	1057	934
June 22, 2008 4:53:00 PM UTC	1214182380000	11	8	yes	24.0	282.2	20506	20827	9251	6522	0	44270	2497	658	1338	3814	1106	954
June 22, 2008 4:54:00 PM UTC	1214182440000	11	8	yes	23.8	282.3	20506	20827	9240	6592	0	44211	2456	640	1210	3808	1089	902
June 22, 2008 4:55:00 PM UTC	1214182500000	11	8	yes	23.6	282.5	20506	20827	9240	6626	0	44177	2442	737	1294	3805	1016	1039
June 22, 2008 4:56:00 PM UTC	1214182560000	11	8	yes	23.4	282.6	20506	20827	9251	6558	0	44234	2460	988	1218	3811	1068	1091
June 22, 2008 4:57:00 PM UTC	1214182620000	12	8	yes	23.2	282.7	20506	20827	9253	6541	0	44249	2454	1207	1138	3813	1012	1216
June 22, 2008 4:58:00 PM UTC	1214182680000	12	7	yes	23.0	282.8	20506	20827	9242	6609	3	44189	2407	1499	859	3813	1158	1163
June 22, 2008 4:59:00 PM UTC	1214182740000	13	7	yes	22.8	283.0	20506	20827	9251	6556	12	44224	2422	1636	750	3816	1114	1228
June 22, 2008 5:00:00 PM UTC	1214182800000	13	7	yes	22.6	283.1	20506	20827	9251	6556	22	44214	2411	1579	715	3815	1132	1134
June 22, 2008 5:01:00 PM UTC	1214182860000	14	8	yes	22.4	283.2	20506	20827	9240	6625	28	44150	2365	1614	693	3817	1309	1367
June 22, 2008 5:02:00 PM UTC	1214182920000	14	8	yes	22.2	283.4	20506	20827	9251	6554	44	44194	2378	1602	673	3826	1172	1299
June 22, 2008 5:03:00 PM UTC	1214182980000	13	9	yes	22.0	283.5	20506	20827	9251	6553	60	44179	2366	1494	752	3827	933	1412
June 22, 2008 5:04:00 PM UTC	1214183040000	13	8	yes	21.9	283.6	20506	20827	9240	6623	63	44117	2320	1452	728	3827	978	1369
June 22, 2008 5:05:00 PM UTC	1214183100000	13	9	yes	21.7	283.8	20506	20827	9250	6554	83	44156	2338	1467	698	3835	872	1451
June 22, 2008 5:06:00 PM UTC	1214183160000	13	9	yes	21.5	283.9	20506	20827	9250	6554	98	44141	2326	1401	735	3838	688	1631
June 22, 2008 5:07:00 PM UTC	1214183220000	13	9	yes	21.3	284.0	20506	20827	9238	6637	98	44070	2267	1158	918	3839	673	1527
June 22, 2008 5:08:00 PM UTC	1214183280000	14	9	yes	21.1	284.1	20506	20827	9250	6502	121	44170	2303	1138	990	3843	515	1403
June 22, 2008 5:09:00 PM UTC	1214183340000	14	10	yes	20.9	284.3	20506	20827	9250	6502	132	44159	2283	972	1161	3853	272	1462
June 22, 2008 5:10:00 PM UTC	1214183400000	14	10	yes	20.7	284.4	20506	20827	9250	6502	141	44150	2275	943	1186	3854	244	1392
June 22, 2008 5:11:00 PM UTC	1214183460000	13	10	yes	20.5	284.5	20506	20827	9250	6500	151	44142	2258	976	1120	3855	244	1397
June 22, 2008 5:12:00 PM UTC	1214183520000	12	10	yes	20.3	284.7	20506	20827	9250	6500	159	44134	2245	999	1050	3863	272	1424
June 22, 2008 5:13:00 PM UTC	1214183580000	12	10	yes	20.1	284.8	20506	20827	9250	6500	168	44125	2231	864	1114	3868	271	1259
June 22, 2008 5:14:00 PM UTC	1214183640000	11	9	yes	19.9	284.9	20506	20827	9251	6499	180	44113	2217	633	1250	3874	209	1145
June 22, 2008 5:15:00 PM UTC	1214183700000	11	10	yes	19.7	285.1	20506	20827	9248	6517	188	44090	2196	563	1261	3876	250	1011
June 22, 2008 5:16:00 PM UTC	1214183760000	10	9	yes	19.5	285.2	20506	20827	9248	6517	194	44084	2178	440	1278	3881	245	833
June 22, 2008 5:17:00 PM UTC	1214183820000	9	9	yes	19.3	285.3	20506	20827	9238	6584	193	44028	2133	490	1217	3886	259	849
June 22, 2008 5:18:00 PM UTC	1214183880000	9	10	yes	19.1	285.5	20506	20827	9248	6516	215	44064	2148	540	1171	3898	309	933
June 22, 2008 5:19:00 PM UTC	1214183940000	8	10	yes	18.9	285.6	20506	20827	9248	6516	223	44056	2141	313	1437	3900	234	954
June 22, 2008 5:20:00 PM UTC	1214184000000	8	10	yes	18.7	285.7	20506	20827	9238	6583	225	43997	2090	384	1249	3909	185	917
June 22, 2008 5:21:00 PM UTC	1214184060000	7	10	yes	18.6	285.8	20506	20827	9248	6514	245	44036	2108	284	1254	3915	96	957
June 22, 2008 5:22:00 PM UTC	1214184120000	7	10	yes	18.4	286.0	20506	20827	9247	6555	252	43989	2084	188	1321	3922	62	932
June 22, 2008 5:23:00 PM UTC	1214184180000	8	10	yes	18.2	286.1	20506	20827	9247	6555	263	43978	2067	275	1213	3933	79	931
June 22, 2008 5:24:00 PM UTC	1214184240000	8	10	yes	18.0	286.2	20506	20827	9246	6556	273	43968	2057	217	1187	3939	87	924
June 22, 2008 5:25:00 PM UTC	1214184300000	9	10	yes	17.8	286.4	20506	20827	9246	6556	277	43964	2040	202	1137	3948	85	881
June 22, 2008 5:26:00 PM UTC	1214184360000	9	10	yes	17.6	286.5	20506	20827	9246	6556	285	43956	2032	43	1161	3951	93	770
June 22, 2008 5:27:00 PM UTC	1214184420000	10	9	yes	17.4	286.6	20506	20827	9247	6554	290	43952	2009	74	973	3963	119	662
June 22, 2008 5:28:00 PM UTC	1214184480000	11	9	yes	17.2	286.8	20506	20827	9247	6554	296	43946	1993	20	687	3970	138	628
June 22, 2008 5:29:00 PM UTC	1214184540000	11	10	yes	17.0	286.9	20506	20827	9243	6573	294	43933	1973	20	687	3977	185	572
June 22, 2008 5:30:00 PM UTC	1214184600000	11	10	yes	16.8	287.0	20506	20827	9244	6572	299	43928	1958	7	701	3986	201	568
June 22, 2008 5:31:00 PM UTC	1214184660000	12	9	yes	16.6	287.2	20506	20827	9244	6572	304	43923	1941	5	652	3999	211	538
June 22, 2008 5:32:00 PM UTC	1214184720000	13	9	yes	16.4	287.3	20506	20827	9246	6502	312	43983	1936	6	523	4011	226	476
June 22, 2008 5:33:00 PM UTC	1214184780000	14	9	yes	16.2	287.4	20506	20827	9256	6433	334	44020	1952	2	564	4020	213	475
June 22, 2008 5:34:00 PM UTC	1214184840000	13	10	yes	16.1	287.5	20506	20827	9245	6495	330	43973	1903	5	420	4029	204	422
June 22, 2008 5:35:00 PM UTC	1214184900000	13	10	yes	15.9	287.7	20506	20827	9245	6495	334	43969	1891	0	526	4037	231	504
June 22, 2008 5:36:00 PM UTC	1214184960000	12	10	yes	15.7	287.8	20506	20827	9253	6458	344	43988	1893	26	629	4051	243	509
June 22, 2008 5:37:00 PM UTC	1214185020000	11	10	yes	15.5	287.9	20506	20827	9244	6524	341	43934	1853	1	678	4058	211	588
June 22, 2008 5:38:00 PM UTC	1214185080000	11	10	yes	15.3	288.1	20506	20827	9244	6524	348	43927	1835	28	622	4070	209	673
June 22, 2008 5:39:00 PM UTC	1214185140000	11	10	yes	15.1	288.2	20506	20827	9254	6451	364	43974	1849	34	788	4084	206	650
June 22, 2008 5:40:00 PM UTC	1214185200000	10	10	yes	14.9	288.3	20506	20827	9244	6495	363	43941	1815	35	868	4092	200	705
June 22, 2008 5:41:00 PM UTC	1214185260000	9	11	yes	14.7	288.5	20506	20827	9244	6510	370	43919	1790	38	833	4110	200	798
June 22, 2008 5:42:00 PM UTC	1214185320000	8	11	yes	14.5	288.6	20506	20827	9255	6440	386	43962	1805	111	947	4123	212	865
June 22, 2008 5:43:00 PM UTC	1214185380000	7	12	yes	14.3	288.7	20506	20827	9252	6463	380	43948	1784	145	1020	4133	197	1035
June 22, 2008 5:44:00 PM UTC	1214185440000	7	11	yes	14.1	288.9	20506	20827	9241	6531	369	43902	1740	294	901	4144	202	1235
June 22, 2008 5:45:00 PM UTC	1214185500000	6	11	yes	14.0	289.0	20506	20827	9252	6463	388	43940	1753	331	906	4156	224	1267
June 22, 2008 5:46:00 PM UTC	1214185560000	5	10	yes	13.8	289.1	20506	20827	9252	6463	391	43937	1737	282	933	4170	165	1233
June 22, 2008 5:47:00 PM UTC	1214185620000	4	10	yes	13.6	289.3	20506	20827	9244	6531	385	43883	1697	247	892	4184	123	1188
June 22, 2008 5:48:00 PM UTC	1214185680000	4	10	yes	13.4	289.4	20506	20827	9252	6461	398	43932	1703	321	849	4201	67	1152
June 22, 2008 5:49:00 PM UTC	1214185740000	4	9	yes	13.2	289.5	20506	20827	9248	6484	399	43912	1675	299	836	4217	76	1042
June 22, 2008 5:50:00 PM UTC	1214185800000	3	9	yes	13.0	289.7	20506	20827	9237	6551	397	43858	1635	217	814	4233	46	1021
June 22, 2008 5:51:00 PM UTC	1214185860000	3	10	yes	12.8	289.8	20506	20827	9249	6483	412	43899	1649	208	890	4244	58	1078
June 22, 2008 5:52:00 PM UTC	1214185920000	3	10	yes	12.6	289.9	20506	20827	9248	6610	406	43779	1620	160	909	4260	59	1134
June 22, 2008 5:53:00 PM UTC	1214185980000	3	10	yes	12.4	290.1	20506	20827	9248	6610	407	43778	1607	184	898	4273	78	1126
June 22, 2008 5:54:00 PM UTC	1214186040000	3	10	yes	12.3	290.2	20506	20827	9250	6585	417	43791	1602	204	872	4287	88	1147
June 22, 2008 5:55:00 PM UTC	1214186100000	3	10	yes	12.1	290.3	20506	20827	9247	6605	415	43776	1580	209	857	4299	74	1209
June 22, 2008 5:56:00 PM UTC	1214186160000	3	9	yes	11.9	290.5	20506	20827	9248	6544	420	43831	1569	303	751	4318	102	1243
June 22, 2008 5:57:00 PM UTC	1214186220000	3	9	yes	11.7	290.6	20506	20827	9248	6543	424	43828	1550	287	779	4335	73	1354
June 22, 2008 5:58:00 PM UTC	1214186280000	3	9	yes	11.5	290.7	20506	20827	9248	6543	427	43825	1537	340	743	4350	99	1341
June 22, 2008 5:59:00 PM UTC	1214186340000	3	8	yes	11.3	290.9	20506	20827	9248	6543	429	43823	1512	391	690	4374	160	1365
June 22, 2008 6:00:00 PM UTC	1214186400000	3	9	yes	11.1	291.0	20506	20827	9246	6559	429	43809	1499	426	640	4385	99	1551
June 22, 2008 6:01:00 PM UTC	1214186460000	3	9	yes	10.9	291.1	20506	20827	9243	6577	429	43794	1476	423	624	4400	121	1605
June 22, 2008 6:02:00 PM UTC	1214186520000	3	9	yes	10.8	291.3	20506	20827	9243	6577	429	43794	1462	442	590	4414	175	1687
June 22, 2008 6:03:00 PM UTC	1214186580000	3	9	yes	10.6	291.4	20506	20827	9254	6502	442	43845	1474	415	606	4429	163	1828
June 22, 2008 6:04:00 PM UTC	1214186640000	4	9	yes	10.4	291.6	20506	20827	9243	6576	432	43792	1433	539	462	4443	264	1802
June 22, 2008 6:05:00 PM UTC	1214186700000	4	9	yes	10.2	291.7	20506	20827	9243	6576	433	43791	1419	497	483	4456	318	1780
June 22, 2008 6:06:00 PM UTC	1214186760000	4	9	yes	10.0	291.8	20506	20827	9258	6483	451	43851	1431	539	434	4480	311	1752
June 22, 2008 6:07:00 PM UTC	1214186820000	5	9	yes	9.8	292.0	20506	20827	9245	6574	435	43789	1387	599	353	4490	354	1832
June 22, 2008 6:08:00 PM UTC	1214186880000	4	9	yes	9.6	292.1	20506	20827	9245	6574	435	43789	1371	558	378	4505	273	1914
June 22, 2008 6:09:00 PM UTC	1214186940000	4	9	yes	9.5	292.2	20506	20827	9256	6508	450	43829	1379	579	349	4520	277	1996
June 22, 2008 6:10:00 PM UTC	1214187000000	4	9	yes	9.3	292.4	20506	20827	9245	6574	443	43781	1340	566	328	4536	262	2028
June 22, 2008 6:11:00 PM UTC	1214187060000	4	9	yes	9.1	292.5	20506	20827	9245	6574	445	43779	1327	492	385	4550	302	1958
June 22, 2008 6:12:00 PM UTC	1214187120000	4	8	yes	8.9	292.6	20506	20827	9253	6507	460	43823	1334	559	318	4568	294	1935
June 22, 2008 6:13:00 PM UTC	1214187180000	3	9	yes	8.7	292.8	20506	20827	9251	6522	457	43813	1309	454	398	4584	193	1928
June 22, 2008 6:14:00 PM UTC	1214187240000	3	9	yes	8.5	292.9	20506	20827	9240	6599	450	43754	1269	443	365	4599	217	1920
June 22, 2008 6:15:00 PM UTC	1214187300000	3	8	yes	8.3	293.1	20506	20827	9251	6533	460	43799	1274	435	385	4615	154	1867
June 22, 2008 6:16:00 PM UTC	1214187360000	3	8	yes	8.2	293.2	20506	20827	9251	6533	462	43797	1259	430	348	4632	162	1916
June 22, 2008 6:17:00 PM UTC	1214187420000	3	9	yes	8.0	293.3	20506	20827	9245	6581	454	43763	1226	399	360	4649	151	1950
June 22, 2008 6:18:00 PM UTC	1214187480000	3	9	yes	7.8	293.5	20506	20827	9251	6484	466	43842	1232	357	416	4662	153	2054
June 22, 2008 6:19:00 PM UTC	1214187540000	3	9	yes	7.6	293.6	20506	20827	9251	6484	472	43836	1215	316	387	4680	120	2177
June 22, 2008 6:20:00 PM UTC	1214187600000	2	10	yes	7.4	293.7	20506	20827	9241	6549	462	43791	1185	281	402	4688	92	2175
June 22, 2008 6:21:00 PM UTC	1214187660000	3	9	yes	7.2	293.9	20506	20827	9251	6483	468	43841	1184	310	419	4710	161	1927
June 22, 2008 6:22:00 PM UTC	1214187720000	2	10	yes	7.1	294.0	20506	20827	9251	6483	468	43841	1173	254	441	4723	85	2039
June 22, 2008 6:23:00 PM UTC	1214187780000	2	9	yes	6.9	294.2	20506	20827	9246	6559	466	43772	1145	277	404	4737	90	2148
June 22, 2008 6:24:00 PM UTC	1214187840000	2	9	yes	6.7	294.3	20506	20827	9246	6558	468	43771	1133	221	405	4747	74	1911
June 22, 2008 6:25:00 PM UTC	1214187900000	2	9	yes	6.5	294.4	20506	20827	9246	6558	465	43774	1117	247	368	4763	160	1932
June 22, 2008 6:26:00 PM UTC	1214187960000	2	9	yes	6.3	294.6	20506	20827	9246	6558	468	43771	1101	246	402	4779	87	1923
June 22, 2008 6:27:00 PM UTC	1214188020000	2	9	yes	6.1	294.7	20506	20827	9249	6529	474	43791	1097	201	389	4798	90	1923
June 22, 2008 6:28:00 PM UTC	1214188080000	2	8	yes	6.0	294.9	20506	20827	9246	6557	471	43769	1068	160	405	4814	28	1795
June 22, 2008 6:29:00 PM UTC	1214188140000	2	8	yes	5.8	295.0	20506	20827	9246	6557	478	43762	1057	146	419	4825	21	1753
June 22, 2008 6:30:00 PM UTC	1214188200000	2	8	yes	5.6	295.1	20506	20827	9246	6556	489	43752	1040	111	412	4843	20	1571
June 22, 2008 6:31:00 PM UTC	1214188260000	2	8	yes	5.4	295.3	20506	20827	9246	6556	494	43747	1030	108	439	4853	64	1570
June 22, 2008 6:32:00 PM UTC	1214188320000	2	8	yes	5.2	295.4	20506	20827	9246	6556	505	43736	1012	130	411	4871	55	1487
June 22, 2008 6:33:00 PM UTC	1214188380000	2	8	yes	5.1	295.6	20506	20827	9252	6521	518	43752	1009	145	351	4888	77	1539
June 22, 2008 6:34:00 PM UTC	1214188440000	2	7	yes	4.9	295.7	20506	20827	9242	6586	512	43703	973	97	344	4899	45	1472
June 22, 2008 6:35:00 PM UTC	1214188500000	1	8	yes	4.7	295.8	20506	20827	9246	6572	527	43698	969	101	349	4910	44	1389
June 22, 2008 6:36:00 PM UTC	1214188560000	1	8	yes	4.5	296.0	20506	20827	9255	6507	544	43737	966	27	371	4938	32	1486
June 22, 2008 6:37:00 PM UTC	1214188620000	2	7	yes	4.3	296.1	20506	20827	9245	6570	545	43683	937	37	372	4943	50	1485
June 22, 2008 6:38:00 PM UTC	1214188680000	1	7	yes	4.1	296.3	20506	20827	9242	6539	556	43706	916	26	351	4959	45	1417
June 22, 2008 6:39:00 PM UTC	1214188740000	1	7	yes	4.0	296.4	20506	20827	9252	6475	577	43739	920	32	347	4981	38	1402
June 22, 2008 6:40:00 PM UTC	1214188800000	1	7	yes	3.8	296.6	20506	20827	9241	6540	587	43675	894	22	310	4980	104	1288
June 22, 2008 6:41:00 PM UTC	1214188860000	2	7	yes	3.6	296.7	20506	20827	9252	6476	619	43696	893	18	273	5005	63	1507
June 22, 2008 6:42:00 PM UTC	1214188920000	2	7	yes	3.4	296.8	20506	20827	9252	6476	647	43668	884	7	270	5014	72	1381
June 22, 2008 6:43:00 PM UTC	1214188980000	2	6	yes	3.3	297.0	20506	20827	9247	6507	675	43614	861	74	136	5029	105	1426
June 22, 2008 6:44:00 PM UTC	1214189040000	2	6	yes	3.1	297.1	20506	20827	9252	6476	716	43599	855	22	126	5040	105	1328
