June 6, 2007 5:00:00 AM UTC	1181134800000	0	2	yes	5.3	65.6	20506	20827	9246	6562	500	43735	1022	37	214	4859	13	682
June 6, 2007 5:01:00 AM UTC	1181134860000	0	2	yes	5.5	65.8	20506	20827	9246	6562	488	43747	1038	42	253	4845	31	774
June 6, 2007 5:02:00 AM UTC	1181134920000	0	3	yes	5.7	65.9	20506	20827	9250	6534	484	43775	1059	30	265	4829	33	832
June 6, 2007 5:03:00 AM UTC	1181134980000	0	2	yes	5.9	66.0	20506	20827	9251	6487	478	43827	1079	46	277	4816	5	740
June 6, 2007 5:04:00 AM UTC	1181135040000	0	3	yes	6.0	66.2	20506	20827	9251	6487	476	43829	1091	15	329	4805	25	776
June 6, 2007 5:05:00 AM UTC	1181135100000	0	2	yes	6.2	66.3	20506	20827	9251	6488	472	43832	1107	44	283	4790	15	733
June 6, 2007 5:06:00 AM UTC	1181135160000	0	3	yes	6.4	66.5	20506	20827	9251	6488	473	43831	1120	59	305	4776	37	897
June 6, 2007 5:07:00 AM UTC	1181135220000	0	3	yes	6.6	66.6	20506	20827	9255	6462	476	43850	1145	42	335	4760	29	788
June 6, 2007 5:08:00 AM UTC	1181135280000	0	3	yes	6.8	66.7	20506	20827	9245	6575	461	43762	1138	70	313	4737	20	921
June 6, 2007 5:09:00 AM UTC	1181135340000	0	2	yes	7.0	66.9	20506	20827	9251	6538	465	43789	1164	37	274	4729	9	763
June 6, 2007 5:10:00 AM UTC	1181135400000	0	3	yes	7.1	67.0	20506	20827	9251	6538	469	43785	1181	80	350	4709	31	868
June 6, 2007 5:11:00 AM UTC	1181135460000	0	3	yes	7.3	67.2	20506	20827	9240	6604	460	43739	1174	31	326	4694	16	800
June 6, 2007 5:12:00 AM UTC	1181135520000	0	3	yes	7.5	67.3	20506	20827	9248	6551	467	43777	1211	85	327	4679	22	880
June 6, 2007 5:13:00 AM UTC	1181135580000	0	3	yes	7.7	67.4	20506	20827	9245	6579	458	43761	1212	47	339	4664	25	785
June 6, 2007 5:14:00 AM UTC	1181135640000	0	3	yes	7.9	67.6	20506	20827	9245	6579	459	43760	1226	76	361	4651	31	845
June 6, 2007 5:15:00 AM UTC	1181135700000	0	3	yes	8.1	67.7	20506	20827	9256	6513	463	43811	1260	53	375	4640	22	819
June 6, 2007 5:16:00 AM UTC	1181135760000	0	3	yes	8.3	67.9	20506	20827	9245	6579	456	43763	1254	73	396	4621	20	836
June 6, 2007 5:17:00 AM UTC	1181135820000	0	2	yes	8.4	68.0	20506	20827	9245	6579	453	43766	1268	55	318	4607	15	746
June 6, 2007 5:18:00 AM UTC	1181135880000	0	3	yes	8.6	68.1	20506	20827	9258	6489	468	43828	1317	66	361	4595	11	741
June 6, 2007 5:19:00 AM UTC	1181135940000	0	3	yes	8.8	68.3	20506	20827	9243	6581	449	43770	1301	46	350	4574	24	739
June 6, 2007 5:20:00 AM UTC	1181136000000	0	3	yes	9.0	68.4	20506	20827	9243	6581	450	43769	1315	67	365	4559	23	731
June 6, 2007 5:21:00 AM UTC	1181136060000	0	3	yes	9.2	68.5	20506	20827	9243	6581	448	43771	1331	49	396	4544	18	700
June 6, 2007 5:22:00 AM UTC	1181136120000	0	3	yes	9.4	68.7	20506	20827	9243	6582	440	43778	1344	69	364	4530	6	726
June 6, 2007 5:23:00 AM UTC	1181136180000	0	2	yes	9.6	68.8	20506	20827	9243	6582	438	43780	1365	31	346	4509	7	674
June 6, 2007 5:24:00 AM UTC	1181136240000	0	2	yes	9.7	69.0	20506	20827	9247	6550	442	43804	1388	36	328	4499	10	657
June 6, 2007 5:25:00 AM UTC	1181136300000	0	2	yes	9.9	69.1	20506	20827	9248	6555	437	43803	1407	56	355	4478	14	673
June 6, 2007 5:26:00 AM UTC	1181136360000	0	2	yes	10.1	69.2	20506	20827	9248	6548	438	43809	1423	32	365	4464	12	580
June 6, 2007 5:27:00 AM UTC	1181136420000	0	2	yes	10.3	69.4	20506	20827	9248	6548	438	43809	1438	22	382	4450	4	624
June 6, 2007 5:28:00 AM UTC	1181136480000	0	2	yes	10.5	69.5	20506	20827	9248	6549	434	43812	1456	42	409	4432	7	579
June 6, 2007 5:29:00 AM UTC	1181136540000	0	2	yes	10.7	69.6	20506	20827	9246	6615	434	43748	1459	38	416	4421	6	615
June 6, 2007 5:30:00 AM UTC	1181136600000	0	2	yes	10.9	69.8	20506	20827	9250	6589	436	43768	1487	51	440	4404	5	570
June 6, 2007 5:31:00 AM UTC	1181136660000	0	3	yes	11.1	69.9	20506	20827	9237	6679	419	43708	1467	62	475	4390	11	604
June 6, 2007 5:32:00 AM UTC	1181136720000	0	2	yes	11.3	70.0	20506	20827	9248	6612	427	43756	1505	12	394	4375	3	435
June 6, 2007 5:33:00 AM UTC	1181136780000	0	2	yes	11.4	70.2	20506	20827	9249	6529	427	43838	1527	39	380	4361	4	443
June 6, 2007 5:34:00 AM UTC	1181136840000	0	2	yes	11.6	70.3	20506	20827	9237	6553	412	43841	1522	20	437	4343	4	508
June 6, 2007 5:35:00 AM UTC	1181136900000	0	2	yes	11.8	70.5	20506	20827	9248	6486	419	43890	1563	26	422	4325	4	452
June 6, 2007 5:36:00 AM UTC	1181136960000	0	2	yes	12.0	70.6	20506	20827	9252	6464	419	43908	1593	6	342	4306	0	415
June 6, 2007 5:37:00 AM UTC	1181137020000	0	2	yes	12.2	70.7	20506	20827	9244	6535	410	43854	1586	10	395	4292	3	426
June 6, 2007 5:38:00 AM UTC	1181137080000	0	2	yes	12.4	70.9	20506	20827	9252	6467	416	43908	1619	15	371	4281	2	467
June 6, 2007 5:39:00 AM UTC	1181137140000	0	2	yes	12.6	71.0	20506	20827	9252	6467	409	43915	1636	10	435	4264	3	404
June 6, 2007 5:40:00 AM UTC	1181137200000	0	2	yes	12.8	71.1	20506	20827	9241	6534	396	43872	1624	13	358	4247	2	401
June 6, 2007 5:41:00 AM UTC	1181137260000	0	2	yes	13.0	71.3	20506	20827	9252	6467	412	43912	1666	9	417	4236	2	416
June 6, 2007 5:42:00 AM UTC	1181137320000	0	2	yes	13.1	71.4	20506	20827	9255	6447	412	43929	1689	5	293	4222	2	417
June 6, 2007 5:43:00 AM UTC	1181137380000	0	2	yes	13.3	71.5	20506	20827	9244	6512	393	43894	1684	13	371	4201	2	457
June 6, 2007 5:44:00 AM UTC	1181137440000	0	2	yes	13.5	71.7	20506	20827	9244	6514	390	43895	1701	2	387	4186	1	331
June 6, 2007 5:45:00 AM UTC	1181137500000	0	2	yes	13.7	71.8	20506	20827	9254	6466	391	43932	1735	14	481	4174	1	415
June 6, 2007 5:46:00 AM UTC	1181137560000	0	2	yes	13.9	71.9	20506	20827	9245	6528	377	43893	1724	30	376	4160	1	344
June 6, 2007 5:47:00 AM UTC	1181137620000	0	2	yes	14.1	72.1	20506	20827	9245	6528	371	43899	1740	9	420	4148	0	414
June 6, 2007 5:48:00 AM UTC	1181137680000	0	2	yes	14.3	72.2	20506	20827	9254	6462	382	43945	1784	20	501	4136	1	326
June 6, 2007 5:49:00 AM UTC	1181137740000	0	2	yes	14.5	72.3	20506	20827	9244	6521	373	43905	1774	25	468	4122	0	332
June 6, 2007 5:50:00 AM UTC	1181137800000	0	2	yes	14.7	72.5	20506	20827	9244	6521	371	43907	1789	12	508	4110	0	320
June 6, 2007 5:51:00 AM UTC	1181137860000	0	2	yes	14.9	72.6	20506	20827	9256	6447	373	43967	1836	11	386	4101	0	338
June 6, 2007 5:52:00 AM UTC	1181137920000	0	2	yes	15.1	72.7	20506	20827	9244	6575	352	43872	1818	10	398	4086	0	332
June 6, 2007 5:53:00 AM UTC	1181137980000	0	2	yes	15.2	72.9	20506	20827	9244	6575	348	43876	1832	5	395	4078	0	288
June 6, 2007 5:54:00 AM UTC	1181138040000	0	2	yes	15.4	73.0	20506	20827	9244	6575	342	43882	1847	5	405	4061	0	362
June 6, 2007 5:55:00 AM UTC	1181138100000	0	2	yes	15.6	73.1	20506	20827	9247	6555	341	43900	1873	8	526	4048	0	273
June 6, 2007 5:56:00 AM UTC	1181138160000	0	2	yes	15.8	73.3	20506	20827	9247	6555	337	43904	1881	16	477	4045	0	297
June 6, 2007 5:57:00 AM UTC	1181138220000	0	2	yes	16.0	73.4	20506	20827	9247	6555	332	43909	1904	15	443	4027	0	304
June 6, 2007 5:58:00 AM UTC	1181138280000	0	2	yes	16.2	73.5	20506	20827	9246	6556	324	43917	1919	0	383	4023	0	279
June 6, 2007 5:59:00 AM UTC	1181138340000	0	2	yes	16.4	73.7	20506	20827	9246	6556	317	43924	1936	4	474	4007	0	337
June 6, 2007 6:00:00 AM UTC	1181138400000	0	2	yes	16.6	73.8	20506	20827	9246	6556	314	43927	1949	28	525	4000	0	348
June 6, 2007 6:01:00 AM UTC	1181138460000	0	2	yes	16.8	73.9	20506	20827	9247	6558	309	43929	1964	35	511	3987	0	297
June 6, 2007 6:02:00 AM UTC	1181138520000	0	2	yes	17.0	74.1	20506	20827	9250	6499	303	43991	1989	14	422	3980	0	287
June 6, 2007 6:03:00 AM UTC	1181138580000	0	2	yes	17.2	74.2	20506	20827	9248	6518	294	43983	1996	9	442	3976	0	248
June 6, 2007 6:04:00 AM UTC	1181138640000	0	2	yes	17.4	74.3	20506	20827	9248	6518	291	43986	2016	5	554	3964	0	256
June 6, 2007 6:05:00 AM UTC	1181138700000	0	2	yes	17.6	74.4	20506	20827	9248	6518	288	43989	2029	16	493	3957	0	240
June 6, 2007 6:06:00 AM UTC	1181138760000	0	2	yes	17.8	74.6	20506	20827	9248	6518	279	43998	2045	9	380	3946	0	348
June 6, 2007 6:07:00 AM UTC	1181138820000	0	2	yes	17.9	74.7	20506	20827	9238	6587	262	43956	2025	19	572	3939	0	294
June 6, 2007 6:08:00 AM UTC	1181138880000	0	2	yes	18.1	74.8	20506	20827	9248	6520	269	44006	2074	13	567	3928	0	248
June 6, 2007 6:09:00 AM UTC	1181138940000	0	2	yes	18.3	75.0	20506	20827	9248	6520	253	44022	2091	8	558	3923	0	326
June 6, 2007 6:10:00 AM UTC	1181139000000	0	2	yes	18.5	75.1	20506	20827	9239	6571	237	43996	2082	41	493	3916	0	341
June 6, 2007 6:11:00 AM UTC	1181139060000	0	2	yes	18.7	75.2	20506	20827	9250	6503	242	44048	2127	29	513	3910	0	347
June 6, 2007 6:12:00 AM UTC	1181139120000	0	2	yes	18.9	75.4	20506	20827	9250	6503	228	44062	2140	4	401	3903	0	266
June 6, 2007 6:13:00 AM UTC	1181139180000	0	2	yes	19.1	75.5	20506	20827	9241	6575	208	44019	2125	28	508	3892	0	246
June 6, 2007 6:14:00 AM UTC	1181139240000	0	2	yes	19.3	75.6	20506	20827	9250	6505	210	44078	2170	38	547	3893	0	217
June 6, 2007 6:15:00 AM UTC	1181139300000	0	2	yes	19.5	75.8	20506	20827	9250	6505	199	44089	2184	30	527	3887	0	226
June 6, 2007 6:16:00 AM UTC	1181139360000	0	2	yes	19.7	75.9	20506	20827	9238	6574	180	44051	2175	22	518	3872	0	231
June 6, 2007 6:17:00 AM UTC	1181139420000	0	2	yes	19.9	76.0	20506	20827	9250	6557	182	44054	2215	40	555	3872	0	258
June 6, 2007 6:18:00 AM UTC	1181139480000	0	2	yes	20.1	76.2	20506	20827	9250	6557	170	44066	2222	48	525	3869	0	270
June 6, 2007 6:19:00 AM UTC	1181139540000	0	2	yes	20.3	76.3	20506	20827	9240	6627	151	44025	2206	39	656	3862	0	290
June 6, 2007 6:20:00 AM UTC	1181139600000	0	2	yes	20.5	76.4	20506	20827	9251	6558	152	44082	2261	29	582	3852	0	206
June 6, 2007 6:21:00 AM UTC	1181139660000	0	2	yes	20.7	76.6	20506	20827	9251	6558	145	44089	2267	43	672	3854	0	226
June 6, 2007 6:22:00 AM UTC	1181139720000	0	2	yes	20.9	76.7	20506	20827	9240	6627	126	44050	2255	38	575	3845	0	241
June 6, 2007 6:23:00 AM UTC	1181139780000	0	2	yes	21.1	76.8	20506	20827	9240	6627	115	44061	2265	41	598	3843	0	314
June 6, 2007 6:24:00 AM UTC	1181139840000	0	2	yes	21.3	77.0	20506	20827	9251	6556	113	44123	2314	57	623	3838	0	203
June 6, 2007 6:25:00 AM UTC	1181139900000	0	2	yes	21.4	77.1	20506	20827	9240	6628	90	44085	2300	60	638	3832	0	227
June 6, 2007 6:26:00 AM UTC	1181139960000	0	2	yes	21.6	77.2	20506	20827	9242	6615	79	44107	2313	55	648	3832	0	180
June 6, 2007 6:27:00 AM UTC	1181140020000	0	2	yes	21.8	77.3	20506	20827	9251	6558	75	44159	2355	70	594	3828	0	266
June 6, 2007 6:28:00 AM UTC	1181140080000	0	2	yes	22.0	77.5	20506	20827	9240	6629	52	44122	2335	107	647	3819	0	216
June 6, 2007 6:29:00 AM UTC	1181140140000	0	2	yes	22.2	77.6	20506	20827	9240	6595	37	44171	2353	103	680	3820	0	210
June 6, 2007 6:30:00 AM UTC	1181140200000	0	2	yes	22.4	77.7	20506	20827	9251	6527	36	44229	2397	75	591	3823	0	158
June 6, 2007 6:31:00 AM UTC	1181140260000	0	2	yes	22.6	77.9	20506	20827	9240	6597	17	44189	2382	71	582	3814	0	209
June 6, 2007 6:32:00 AM UTC	1181140320000	0	2	yes	22.8	78.0	20506	20827	9240	6597	10	44196	2397	81	597	3810	0	233
June 6, 2007 6:33:00 AM UTC	1181140380000	0	2	yes	23.0	78.1	20506	20827	9254	6428	8	44353	2459	115	654	3814	0	207
June 6, 2007 6:34:00 AM UTC	1181140440000	0	2	yes	23.2	78.3	20506	20827	9242	6513	0	44288	2438	72	655	3811	0	170
June 6, 2007 6:35:00 AM UTC	1181140500000	0	2	yes	23.4	78.4	20506	20827	9242	6513	0	44288	2449	45	688	3808	0	184
June 6, 2007 6:36:00 AM UTC	1181140560000	0	2	yes	23.6	78.5	20506	20827	9253	6430	0	44360	2502	63	693	3809	0	164
June 6, 2007 6:37:00 AM UTC	1181140620000	0	2	yes	23.8	78.7	20506	20827	9243	6495	0	44305	2482	65	585	3804	0	220
June 6, 2007 6:38:00 AM UTC	1181140680000	0	2	yes	24.0	78.8	20506	20827	9243	6495	0	44305	2495	41	630	3805	0	166
June 6, 2007 6:39:00 AM UTC	1181140740000	0	2	yes	24.2	78.9	20506	20827	9243	6495	0	44305	2508	39	713	3806	0	209
June 6, 2007 6:40:00 AM UTC	1181140800000	0	2	yes	24.4	79.1	20506	20827	9243	6503	0	44297	2521	45	666	3801	0	220
June 6, 2007 6:41:00 AM UTC	1181140860000	0	2	yes	24.6	79.2	20506	20827	9243	6507	0	44293	2534	51	686	3806	0	136
June 6, 2007 6:42:00 AM UTC	1181140920000	0	2	yes	24.8	79.3	20506	20827	9243	6507	0	44293	2541	51	592	3805	0	155
June 6, 2007 6:43:00 AM UTC	1181140980000	0	2	yes	25.0	79.5	20506	20827	9245	6560	0	44238	2546	45	603	3809	0	114
June 6, 2007 6:44:00 AM UTC	1181141040000	0	2	yes	25.2	79.6	20506	20827	9245	6560	0	44238	2564	40	681	3805	0	139
June 6, 2007 6:45:00 AM UTC	1181141100000	0	2	yes	25.4	79.7	20506	20827	9245	6560	0	44238	2574	41	637	3804	0	114
June 6, 2007 6:46:00 AM UTC	1181141160000	0	2	yes	25.6	79.8	20506	20827	9246	6560	0	44237	2584	27	621	3809	0	191
June 6, 2007 6:47:00 AM UTC	1181141220000	0	2	yes	25.8	80.0	20506	20827	9246	6560	0	44237	2591	10	676	3811	0	131
June 6, 2007 6:48:00 AM UTC	1181141280000	0	2	yes	26.0	80.1	20506	20827	9246	6560	0	44237	2607	26	631	3812	0	160
June 6, 2007 6:49:00 AM UTC	1181141340000	0	2	yes	26.2	80.2	20506	20827	9247	6560	0	44236	2610	23	550	3813	0	114
June 6, 2007 6:50:00 AM UTC	1181141400000	0	2	yes	26.4	80.4	20506	20827	9247	6560	0	44236	2625	13	576	3820	0	118
June 6, 2007 6:51:00 AM UTC	1181141460000	0	2	yes	26.6	80.5	20506	20827	9247	6560	0	44236	2637	13	689	3818	0	123
June 6, 2007 6:52:00 AM UTC	1181141520000	0	1	yes	26.8	80.6	20506	20827	9250	6549	0	44244	2655	8	508	3823	0	114
June 6, 2007 6:53:00 AM UTC	1181141580000	0	2	yes	27.0	80.8	20506	20827	9250	6549	0	44244	2668	6	639	3824	0	128
June 6, 2007 6:54:00 AM UTC	1181141640000	0	2	yes	27.2	80.9	20506	20827	9250	6549	0	44244	2679	6	595	3826	0	101
June 6, 2007 6:55:00 AM UTC	1181141700000	0	2	yes	27.4	81.0	20506	20827	9251	6521	0	44271	2685	6	649	3825	0	97
June 6, 2007 6:56:00 AM UTC	1181141760000	0	2	yes	27.6	81.2	20506	20827	9251	6521	0	44271	2688	3	662	3847	0	112
June 6, 2007 6:57:00 AM UTC	1181141820000	0	2	yes	27.8	81.3	20506	20827	9251	6521	0	44271	2705	2	657	3838	0	137
June 6, 2007 6:58:00 AM UTC	1181141880000	0	2	yes	28.0	81.4	20506	20827	9252	6520	0	44271	2711	8	600	3836	0	93
June 6, 2007 6:59:00 AM UTC	1181141940000	0	2	yes	28.2	81.6	20506	20827	9252	6520	0	44271	2722	11	643	3857	0	94
June 6, 2007 7:00:00 AM UTC	1181142000000	0	2	yes	28.4	81.7	20506	20827	9252	6520	0	44271	2727	6	620	3856	0	102
June 6, 2007 7:01:00 AM UTC	1181142060000	0	1	yes	28.5	81.8	20506	20827	9253	6527	0	44263	2742	0	541	3861	0	84
June 6, 2007 7:02:00 AM UTC	1181142120000	0	1	yes	28.7	82.0	20506	20827	9253	6527	0	44263	2752	0	529	3869	0	92
June 6, 2007 7:03:00 AM UTC	1181142180000	0	1	yes	28.9	82.1	20506	20827	9254	6518	0	44271	2767	0	522	3868	0	87
June 6, 2007 7:04:00 AM UTC	1181142240000	0	1	yes	29.1	82.2	20506	20827	9255	6519	0	44269	2772	1	543	3877	0	84
June 6, 2007 7:05:00 AM UTC	1181142300000	0	1	yes	29.3	82.4	20506	20827	9255	6519	0	44269	2778	0	541	3883	0	89
June 6, 2007 7:06:00 AM UTC	1181142360000	0	1	yes	29.5	82.5	20506	20827	9255	6519	0	44269	2786	0	514	3895	0	58
June 6, 2007 7:07:00 AM UTC	1181142420000	0	1	yes	29.7	82.6	20506	20827	9245	6591	0	44207	2750	1	490	3896	0	63
June 6, 2007 7:08:00 AM UTC	1181142480000	0	1	yes	29.9	82.8	20506	20827	9256	6520	0	44267	2801	14	485	3906	0	77
June 6, 2007 7:09:00 AM UTC	1181142540000	0	1	yes	30.1	82.9	20506	20827	9256	6520	0	44267	2800	8	495	3923	0	65
June 6, 2007 7:10:00 AM UTC	1181142600000	0	1	yes	30.3	83.0	20506	20827	9245	6662	0	44136	2746	0	482	3924	0	84
June 6, 2007 7:11:00 AM UTC	1181142660000	0	1	yes	30.5	83.2	20506	20827	9256	6597	0	44190	2803	0	441	3927	0	79
June 6, 2007 7:12:00 AM UTC	1181142720000	0	1	yes	30.7	83.3	20506	20827	9256	6597	0	44190	2800	0	407	3943	0	72
June 6, 2007 7:13:00 AM UTC	1181142780000	0	1	yes	30.9	83.5	20506	20827	9246	6647	0	44150	2773	0	370	3950	0	58
June 6, 2007 7:14:00 AM UTC	1181142840000	0	1	yes	31.1	83.6	20506	20827	9257	6577	0	44209	2818	5	351	3961	0	65
June 6, 2007 7:15:00 AM UTC	1181142900000	0	1	yes	31.3	83.7	20506	20827	9257	6577	0	44209	2829	3	304	3970	0	67
June 6, 2007 7:16:00 AM UTC	1181142960000	0	1	yes	31.5	83.9	20506	20827	9246	6655	0	44142	2784	3	236	3983	0	53
June 6, 2007 7:17:00 AM UTC	1181143020000	0	1	yes	31.7	84.0	20506	20827	9258	6500	0	44285	2850	10	221	3998	0	61
June 6, 2007 7:18:00 AM UTC	1181143080000	0	1	yes	31.9	84.1	20506	20827	9258	6474	0	44311	2861	10	196	4008	0	51
June 6, 2007 7:19:00 AM UTC	1181143140000	0	1	yes	32.1	84.3	20506	20827	9247	6544	0	44252	2819	11	190	4020	0	48
June 6, 2007 7:20:00 AM UTC	1181143200000	0	1	yes	32.3	84.4	20506	20827	9258	6486	0	44299	2868	28	220	4033	0	62
June 6, 2007 7:21:00 AM UTC	1181143260000	0	0	yes	32.5	84.5	20506	20827	9258	6486	0	44299	2872	0	117	4045	0	26
June 6, 2007 7:22:00 AM UTC	1181143320000	0	0	yes	32.7	84.7	20506	20827	9248	6557	0	44238	2831	0	80	4056	0	26
June 6, 2007 7:23:00 AM UTC	1181143380000	0	0	yes	32.9	84.8	20506	20827	9259	6486	0	44298	2864	0	74	4077	0	23
June 6, 2007 7:24:00 AM UTC	1181143440000	0	0	yes	33.1	85.0	20506	20827	9259	6486	0	44298	2868	3	68	4094	0	10
June 6, 2007 7:25:00 AM UTC	1181143500000	0	0	yes	33.3	85.1	20506	20827	9259	6486	0	44298	2876	5	84	4104	0	22
June 6, 2007 7:26:00 AM UTC	1181143560000	0	0	yes	33.5	85.2	20506	20827	9260	6480	0	44303	2882	3	62	4117	0	14
June 6, 2007 7:27:00 AM UTC	1181143620000	0	0	yes	33.7	85.4	20506	20827	9249	6551	0	44243	2829	3	65	4141	0	23
June 6, 2007 7:28:00 AM UTC	1181143680000	0	0	yes	33.9	85.5	20506	20827	9260	6481	0	44302	2876	17	93	4153	0	16
June 6, 2007 7:29:00 AM UTC	1181143740000	0	0	yes	34.1	85.6	20506	20827	9260	6481	0	44302	2876	26	69	4174	0	15
June 6, 2007 7:30:00 AM UTC	1181143800000	0	0	yes	34.3	85.8	20506	20827	9249	6552	0	44242	2827	0	11	4189	0	23
June 6, 2007 7:31:00 AM UTC	1181143860000	0	0	yes	34.5	85.9	20506	20827	9260	6482	0	44301	2874	0	24	4205	0	17
June 6, 2007 7:32:00 AM UTC	1181143920000	0	0	yes	34.7	86.1	20506	20827	9260	6482	0	44301	2866	0	13	4228	0	12
June 6, 2007 7:33:00 AM UTC	1181143980000	0	0	yes	34.9	86.2	20506	20827	9250	6553	0	44240	2822	0	16	4240	0	20
June 6, 2007 7:34:00 AM UTC	1181144040000	0	0	yes	35.1	86.3	20506	20827	9260	6484	0	44299	2864	2	39	4258	0	12
June 6, 2007 7:35:00 AM UTC	1181144100000	0	0	yes	35.3	86.5	20506	20827	9260	6484	0	44299	2872	2	44	4271	0	12
June 6, 2007 7:36:00 AM UTC	1181144160000	0	0	yes	35.5	86.6	20506	20827	9250	6555	0	44238	2822	3	50	4288	0	8
June 6, 2007 7:37:00 AM UTC	1181144220000	0	0	yes	35.7	86.8	20506	20827	9260	6485	0	44298	2869	16	69	4304	0	9
June 6, 2007 7:38:00 AM UTC	1181144280000	0	0	yes	35.9	86.9	20506	20827	9260	6485	0	44298	2861	17	71	4331	0	12
June 6, 2007 7:39:00 AM UTC	1181144340000	0	0	yes	36.1	87.0	20506	20827	9249	6627	0	44167	2792	9	44	4343	0	8
June 6, 2007 7:40:00 AM UTC	1181144400000	0	0	yes	36.3	87.2	20506	20827	9259	6544	0	44240	2838	0	3	4364	0	6
June 6, 2007 7:41:00 AM UTC	1181144460000	0	0	yes	36.5	87.3	20506	20827	9259	6544	0	44240	2841	0	3	4378	0	3
June 6, 2007 7:42:00 AM UTC	1181144520000	0	0	yes	36.7	87.5	20506	20827	9249	6614	0	44180	2795	0	6	4398	0	6
June 6, 2007 7:43:00 AM UTC	1181144580000	0	0	yes	36.9	87.6	20506	20827	9261	6543	0	44239	2837	2	30	4416	0	0
June 6, 2007 7:44:00 AM UTC	1181144640000	0	0	yes	37.1	87.8	20506	20827	9249	6615	0	44179	2797	3	29	4427	0	5
June 6, 2007 7:45:00 AM UTC	1181144700000	0	0	yes	37.3	87.9	20506	20827	9249	6615	0	44179	2793	4	28	4444	0	2
June 6, 2007 7:46:00 AM UTC	1181144760000	0	0	yes	37.5	88.0	20506	20827	9261	6544	0	44238	2830	5	45	4465	0	6
June 6, 2007 7:47:00 AM UTC	1181144820000	0	0	yes	37.7	88.2	20506	20827	9249	6616	0	44178	2791	13	42	4476	0	4
June 6, 2007 7:48:00 AM UTC	1181144880000	0	0	yes	37.9	88.3	20506	20827	9261	6545	0	44237	2836	31	63	4497	0	5
June 6, 2007 7:49:00 AM UTC	1181144940000	0	0	yes	38.1	88.5	20506	20827	9261	6545	0	44237	2834	0	3	4517	0	0
June 6, 2007 7:50:00 AM UTC	1181145000000	0	0	yes	38.3	88.6	20506	20827	9249	6617	0	44177	2778	0	12	4536	0	0
June 6, 2007 7:51:00 AM UTC	1181145060000	0	0	yes	38.5	88.8	20506	20827	9261	6545	0	44237	2824	14	16	4553	0	0
June 6, 2007 7:52:00 AM UTC	1181145120000	0	0	yes	38.7	88.9	20506	20827	9261	6463	0	44319	2854	14	20	4566	0	0
June 6, 2007 7:53:00 AM UTC	1181145180000	0	0	yes	38.9	89.1	20506	20827	9249	6534	0	44260	2810	3	25	4581	0	0
June 6, 2007 7:54:00 AM UTC	1181145240000	0	0	yes	39.1	89.2	20506	20827	9261	6462	0	44320	2851	1	52	4604	0	1
June 6, 2007 7:55:00 AM UTC	1181145300000	0	0	yes	39.3	89.3	20506	20827	9249	6533	0	44261	2799	14	40	4620	0	0
June 6, 2007 7:56:00 AM UTC	1181145360000	0	0	yes	39.5	89.5	20506	20827	9261	6461	0	44321	2850	36	71	4640	0	1
June 6, 2007 7:57:00 AM UTC	1181145420000	0	0	yes	39.7	89.6	20506	20827	9261	6461	0	44321	2848	23	75	4659	0	3
June 6, 2007 7:58:00 AM UTC	1181145480000	0	0	yes	39.9	89.8	20506	20827	9249	6614	0	44180	2772	0	4	4672	0	0
June 6, 2007 7:59:00 AM UTC	1181145540000	0	0	yes	40.1	89.9	20506	20827	9261	6468	0	44314	2843	0	50	4697	0	0
June 6, 2007 8:00:00 AM UTC	1181145600000	0	0	yes	40.3	90.1	20506	20827	9261	6469	0	44313	2846	0	43	4713	0	0
June 6, 2007 8:01:00 AM UTC	1181145660000	0	0	yes	40.5	90.2	20506	20827	9261	6469	0	44313	2839	11	55	4730	0	0
June 6, 2007 8:02:00 AM UTC	1181145720000	0	0	yes	40.7	90.4	20506	20827	9261	6469	0	44313	2843	2	48	4747	0	0
June 6, 2007 8:03:00 AM UTC	1181145780000	0	0	yes	40.9	90.5	20506	20827	9249	6541	0	44253	2790	12	42	4755	0	0
June 6, 2007 8:04:00 AM UTC	1181145840000	0	0	yes	41.1	90.7	20506	20827	9261	6470	0	44312	2848	28	79	4778	0	0
June 6, 2007 8:05:00 AM UTC	1181145900000	0	0	yes	41.4	90.8	20506	20827	9261	6470	0	44312	2838	25	62	4802	0	0
June 6, 2007 8:06:00 AM UTC	1181145960000	0	0	yes	41.6	91.0	20506	20827	9249	6542	0	44252	2791	0	18	4809	0	0
June 6, 2007 8:07:00 AM UTC	1181146020000	0	0	yes	41.8	91.1	20506	20827	9261	6471	0	44311	2836	5	41	4835	0	0
June 6, 2007 8:08:00 AM UTC	1181146080000	0	0	yes	42.0	91.3	20506	20827	9261	6545	0	44237	2795	0	15	4852	0	0
June 6, 2007 8:09:00 AM UTC	1181146140000	0	0	yes	42.2	91.5	20506	20827	9249	6617	0	44177	2767	0	16	4854	0	0
June 6, 2007 8:10:00 AM UTC	1181146200000	0	0	yes	42.4	91.6	20506	20827	9261	6545	0	44237	2798	7	32	4886	0	0
June 6, 2007 8:11:00 AM UTC	1181146260000	0	0	yes	42.6	91.8	20506	20827	9249	6616	0	44178	2759	5	42	4892	0	0
June 6, 2007 8:12:00 AM UTC	1181146320000	0	0	yes	42.8	91.9	20506	20827	9261	6544	0	44238	2798	16	59	4918	0	0
June 6, 2007 8:13:00 AM UTC	1181146380000	0	0	yes	43.0	92.1	20506	20827	9261	6544	0	44238	2802	0	2	4933	0	0
June 6, 2007 8:14:00 AM UTC	1181146440000	0	0	yes	43.2	92.2	20506	20827	9249	6615	0	44179	2755	0	3	4948	0	0
June 6, 2007 8:15:00 AM UTC	1181146500000	0	0	yes	43.4	92.4	20506	20827	9261	6543	0	44239	2793	0	23	4971	0	0
June 6, 2007 8:16:00 AM UTC	1181146560000	0	0	yes	43.6	92.5	20506	20827	9249	6614	0	44180	2751	0	18	4982	0	0
June 6, 2007 8:17:00 AM UTC	1181146620000	0	0	yes	43.8	92.7	20506	20827	9259	6544	0	44240	2794	7	40	5006	0	0
June 6, 2007 8:18:00 AM UTC	1181146680000	0	0	yes	44.0	92.9	20506	20827	9259	6567	0	44217	2794	6	44	5020	0	0
June 6, 2007 8:19:00 AM UTC	1181146740000	0	0	yes	44.2	93.0	20506	20827	9249	6627	0	44167	2738	6	41	5029	0	0
June 6, 2007 8:20:00 AM UTC	1181146800000	0	0	yes	44.4	93.2	20506	20827	9260	6477	0	44306	2806	20	65	5062	0	0
June 6, 2007 8:21:00 AM UTC	1181146860000	0	0	yes	44.6	93.3	20506	20827	9250	6549	0	44244	2773	0	9	5060	0	0
June 6, 2007 8:22:00 AM UTC	1181146920000	0	0	yes	44.8	93.5	20506	20827	9260	6478	0	44305	2815	0	37	5090	0	0
June 6, 2007 8:23:00 AM UTC	1181146980000	0	0	yes	45.0	93.7	20506	20827	9260	6478	0	44305	2811	0	38	5104	0	0
June 6, 2007 8:24:00 AM UTC	1181147040000	0	0	yes	45.2	93.8	20506	20827	9250	6549	0	44244	2770	0	32	5113	0	0
June 6, 2007 8:25:00 AM UTC	1181147100000	0	0	yes	45.4	94.0	20506	20827	9260	6479	0	44304	2806	8	50	5139	0	0
June 6, 2007 8:26:00 AM UTC	1181147160000	0	0	yes	45.6	94.1	20506	20827	9249	6550	0	44244	2764	8	54	5148	0	0
June 6, 2007 8:27:00 AM UTC	1181147220000	0	0	yes	45.8	94.3	20506	20827	9260	6480	0	44303	2805	28	74	5173	0	0
June 6, 2007 8:28:00 AM UTC	1181147280000	0	0	yes	46.0	94.5	20506	20827	9260	6480	0	44303	2806	0	18	5194	0	0
June 6, 2007 8:29:00 AM UTC	1181147340000	0	0	yes	46.2	94.6	20506	20827	9249	6551	0	44243	2762	0	14	5191	0	0
June 6, 2007 8:30:00 AM UTC	1181147400000	0	0	yes	46.4	94.8	20506	20827	9260	6481	0	44302	2801	7	40	5223	0	0
June 6, 2007 8:31:00 AM UTC	1181147460000	0	0	yes	46.6	95.0	20506	20827	9248	6559	0	44236	2761	5	44	5224	0	0
June 6, 2007 8:32:00 AM UTC	1181147520000	0	0	yes	46.8	95.1	20506	20827	9259	6489	0	44295	2793	20	53	5257	0	0
June 6, 2007 8:33:00 AM UTC	1181147580000	0	0	yes	47.0	95.3	20506	20827	9259	6489	0	44295	2797	19	54	5267	0	0
June 6, 2007 8:34:00 AM UTC	1181147640000	0	0	yes	47.2	95.5	20506	20827	9258	6491	0	44294	2796	34	57	5280	0	0
June 6, 2007 8:35:00 AM UTC	1181147700000	0	0	yes	47.4	95.7	20506	20827	9258	6478	0	44307	2799	31	65	5296	0	0
June 6, 2007 8:36:00 AM UTC	1181147760000	0	0	yes	47.6	95.8	20506	20827	9247	6548	0	44248	2756	0	22	5300	0	0
June 6, 2007 8:37:00 AM UTC	1181147820000	0	0	yes	47.8	96.0	20506	20827	9258	6504	0	44281	2786	3	47	5331	0	0
June 6, 2007 8:38:00 AM UTC	1181147880000	0	0	yes	48.0	96.2	20506	20827	9246	6652	0	44145	2711	0	14	5326	0	0
June 6, 2007 8:39:00 AM UTC	1181147940000	0	0	yes	48.2	96.3	20506	20827	9257	6574	0	44212	2752	3	35	5355	0	0
June 6, 2007 8:40:00 AM UTC	1181148000000	0	0	yes	48.4	96.5	20506	20827	9257	6574	0	44212	2744	5	40	5372	0	0
June 6, 2007 8:41:00 AM UTC	1181148060000	0	0	yes	48.6	96.7	20506	20827	9256	6598	0	44189	2737	14	60	5386	0	0
June 6, 2007 8:42:00 AM UTC	1181148120000	0	0	yes	48.8	96.9	20506	20827	9256	6598	0	44189	2736	15	53	5398	0	0
June 6, 2007 8:43:00 AM UTC	1181148180000	0	0	yes	49.0	97.0	20506	20827	9256	6513	0	44274	2767	30	71	5422	0	0
June 6, 2007 8:44:00 AM UTC	1181148240000	0	0	yes	49.2	97.2	20506	20827	9256	6513	0	44274	2769	1	19	5433	0	0
June 6, 2007 8:45:00 AM UTC	1181148300000	0	0	yes	49.4	97.4	20506	20827	9245	6585	0	44213	2743	2	20	5428	0	0
June 6, 2007 8:46:00 AM UTC	1181148360000	0	0	yes	49.6	97.6	20506	20827	9255	6514	0	44274	2774	1	36	5461	0	0
June 6, 2007 8:47:00 AM UTC	1181148420000	0	0	yes	49.8	97.8	20506	20827	9255	6514	0	44274	2772	0	44	5476	0	0
June 6, 2007 8:48:00 AM UTC	1181148480000	0	0	yes	49.9	97.9	20506	20827	9254	6514	0	44275	2768	14	65	5491	0	0
June 6, 2007 8:49:00 AM UTC	1181148540000	0	0	yes	50.1	98.1	20506	20827	9253	6523	0	44267	2761	14	68	5506	0	0
June 6, 2007 8:50:00 AM UTC	1181148600000	0	0	yes	50.3	98.3	20506	20827	9252	6517	0	44274	2761	30	76	5514	0	0
June 6, 2007 8:51:00 AM UTC	1181148660000	0	0	yes	50.5	98.5	20506	20827	9252	6517	0	44274	2759	0	26	5530	0	0
June 6, 2007 8:52:00 AM UTC	1181148720000	0	0	yes	50.7	98.7	20506	20827	9251	6518	0	44274	2760	4	47	5541	0	0
June 6, 2007 8:53:00 AM UTC	1181148780000	0	0	yes	50.9	98.9	20506	20827	9251	6518	0	44274	2753	0	42	5571	0	0
June 6, 2007 8:54:00 AM UTC	1181148840000	0	0	yes	51.1	99.0	20506	20827	9250	6519	0	44274	2751	8	64	5567	0	0
June 6, 2007 8:55:00 AM UTC	1181148900000	0	0	yes	51.3	99.2	20506	20827	9250	6550	0	44243	2743	8	66	5585	0	0
June 6, 2007 8:56:00 AM UTC	1181148960000	0	0	yes	51.5	99.4	20506	20827	9247	6562	0	44234	2744	24	79	5593	0	0
June 6, 2007 8:57:00 AM UTC	1181149020000	0	0	yes	51.7	99.6	20506	20827	9247	6562	0	44234	2743	26	75	5610	0	0
June 6, 2007 8:58:00 AM UTC	1181149080000	0	0	yes	51.9	99.8	20506	20827	9256	6493	0	44294	2777	3	48	5643	0	0
June 6, 2007 8:59:00 AM UTC	1181149140000	0	0	yes	52.1	100.0	20506	20827	9246	6565	0	44232	2731	6	46	5633	0	0
June 6, 2007 9:00:00 AM UTC	1181149200000	0	0	yes	52.3	100.2	20506	20827	9257	6492	0	44294	2771	15	68	5666	0	0
June 6, 2007 9:01:00 AM UTC	1181149260000	0	0	yes	52.5	100.4	20506	20827	9245	6565	0	44233	2735	20	71	5658	0	0
June 6, 2007 9:02:00 AM UTC	1181149320000	0	0	yes	52.7	100.6	20506	20827	9255	6498	0	44290	2772	26	78	5684	0	0
June 6, 2007 9:03:00 AM UTC	1181149380000	0	0	yes	52.9	100.8	20506	20827	9243	6506	0	44294	2761	26	87	5684	0	0
June 6, 2007 9:04:00 AM UTC	1181149440000	0	0	yes	53.1	101.0	20506	20827	9253	6427	0	44363	2792	1	42	5714	0	0
June 6, 2007 9:05:00 AM UTC	1181149500000	0	0	yes	53.3	101.2	20506	20827	9243	6493	0	44307	2754	0	38	5705	0	0
June 6, 2007 9:06:00 AM UTC	1181149560000	0	0	yes	53.5	101.4	20506	20827	9253	6428	0	44362	2795	5	61	5734	0	0
June 6, 2007 9:07:00 AM UTC	1181149620000	0	0	yes	53.7	101.6	20506	20827	9242	6513	0	44288	2751	5	61	5720	0	0
June 6, 2007 9:08:00 AM UTC	1181149680000	0	0	yes	53.9	101.8	20506	20827	9254	6430	0	44359	2791	23	86	5757	0	0
June 6, 2007 9:09:00 AM UTC	1181149740000	0	0	yes	54.1	102.0	20506	20827	9240	6591	0	44212	2710	3	55	5733	0	0
June 6, 2007 9:10:00 AM UTC	1181149800000	0	0	yes	54.3	102.2	20506	20827	9251	6521	0	44271	2740	17	58	5765	0	2
June 6, 2007 9:11:00 AM UTC	1181149860000	0	0	yes	54.5	102.4	20506	20827	9240	6626	0	44177	2690	1	21	5751	0	0
June 6, 2007 9:12:00 AM UTC	1181149920000	0	0	yes	54.7	102.6	20506	20827	9251	6555	0	44237	2726	1	32	5786	0	0
June 6, 2007 9:13:00 AM UTC	1181149980000	0	0	yes	54.9	102.8	20506	20827	9242	6613	0	44188	2698	2	30	5773	0	0
June 6, 2007 9:14:00 AM UTC	1181150040000	0	0	yes	55.1	103.1	20506	20827	9251	6555	0	44237	2728	9	58	5801	0	0
June 6, 2007 9:15:00 AM UTC	1181150100000	0	0	yes	55.3	103.3	20506	20827	9240	6627	0	44176	2689	10	47	5787	0	0
June 6, 2007 9:16:00 AM UTC	1181150160000	0	0	yes	55.5	103.5	20506	20827	9251	6556	0	44236	2719	12	56	5816	0	1
June 6, 2007 9:17:00 AM UTC	1181150220000	0	0	yes	55.7	103.7	20506	20827	9240	6625	0	44178	2676	1	11	5803	0	0
June 6, 2007 9:18:00 AM UTC	1181150280000	0	0	yes	55.9	103.9	20506	20827	9250	6555	0	44238	2710	2	28	5832	0	0
June 6, 2007 9:19:00 AM UTC	1181150340000	0	0	yes	56.1	104.1	20506	20827	9250	6497	0	44296	2739	5	57	5839	0	0
June 6, 2007 9:20:00 AM UTC	1181150400000	0	0	yes	56.2	104.4	20506	20827	9250	6497	0	44296	2747	6	46	5846	0	0
June 6, 2007 9:21:00 AM UTC	1181150460000	0	0	yes	56.4	104.6	20506	20827	9250	6499	0	44294	2736	16	69	5856	0	0
June 6, 2007 9:22:00 AM UTC	1181150520000	0	0	yes	56.6	104.8	20506	20827	9250	6499	0	44294	2742	12	67	5860	0	0
June 6, 2007 9:23:00 AM UTC	1181150580000	0	0	yes	56.8	105.0	20506	20827	9248	6516	0	44279	2722	3	18	5858	0	0
June 6, 2007 9:24:00 AM UTC	1181150640000	0	0	yes	57.0	105.3	20506	20827	9248	6516	0	44279	2731	4	36	5864	0	0
June 6, 2007 9:25:00 AM UTC	1181150700000	0	0	yes	57.2	105.5	20506	20827	9248	6516	0	44279	2728	9	66	5870	0	0
June 6, 2007 9:26:00 AM UTC	1181150760000	0	0	yes	57.4	105.7	20506	20827	9248	6516	0	44279	2732	17	79	5877	0	0
June 6, 2007 9:27:00 AM UTC	1181150820000	0	0	yes	57.6	106.0	20506	20827	9247	6557	0	44239	2711	15	71	5874	0	0
June 6, 2007 9:28:00 AM UTC	1181150880000	0	0	yes	57.8	106.2	20506	20827	9246	6556	0	44241	2711	2	28	5878	0	0
June 6, 2007 9:29:00 AM UTC	1181150940000	0	0	yes	58.0	106.4	20506	20827	9246	6556	0	44241	2700	3	31	5880	0	0
June 6, 2007 9:30:00 AM UTC	1181151000000	0	0	yes	58.2	106.7	20506	20827	9247	6557	0	44239	2698	9	55	5884	0	0
June 6, 2007 9:31:00 AM UTC	1181151060000	0	0	yes	58.4	106.9	20506	20827	9254	6510	0	44279	2716	19	68	5904	0	1
June 6, 2007 9:32:00 AM UTC	1181151120000	0	0	yes	58.6	107.2	20506	20827	9244	6578	0	44221	2695	16	65	5873	0	1
June 6, 2007 9:33:00 AM UTC	1181151180000	0	0	yes	58.8	107.4	20506	20827	9256	6444	0	44343	2767	0	42	5914	0	0
June 6, 2007 9:34:00 AM UTC	1181151240000	0	0	yes	58.9	107.7	20506	20827	9244	6518	0	44281	2733	2	29	5882	0	0
June 6, 2007 9:35:00 AM UTC	1181151300000	0	0	yes	59.1	107.9	20506	20827	9245	6527	0	44271	2726	8	53	5879	0	0
June 6, 2007 9:36:00 AM UTC	1181151360000	0	0	yes	59.3	108.2	20506	20827	9254	6465	0	44324	2756	16	71	5903	0	0
June 6, 2007 9:37:00 AM UTC	1181151420000	0	0	yes	59.5	108.4	20506	20827	9244	6514	0	44285	2723	24	78	5885	0	1
June 6, 2007 9:38:00 AM UTC	1181151480000	0	0	yes	59.7	108.7	20506	20827	9252	6464	0	44327	2733	35	75	5900	0	2
June 6, 2007 9:39:00 AM UTC	1181151540000	0	0	yes	59.9	109.0	20506	20827	9252	6464	0	44327	2735	6	41	5898	0	0
June 6, 2007 9:40:00 AM UTC	1181151600000	0	0	yes	60.1	109.2	20506	20827	9244	6535	0	44264	2704	8	34	5879	0	0
June 6, 2007 9:41:00 AM UTC	1181151660000	0	0	yes	60.3	109.5	20506	20827	9252	6467	0	44324	2733	10	57	5899	0	0
June 6, 2007 9:42:00 AM UTC	1181151720000	0	0	yes	60.5	109.7	20506	20827	9249	6489	0	44305	2720	28	73	5891	0	1
June 6, 2007 9:43:00 AM UTC	1181151780000	0	0	yes	60.7	110.0	20506	20827	9248	6610	0	44185	2661	6	51	5877	0	0
June 6, 2007 9:44:00 AM UTC	1181151840000	0	0	yes	60.8	110.3	20506	20827	9250	6588	0	44205	2674	3	15	5884	0	0
June 6, 2007 9:45:00 AM UTC	1181151900000	0	0	yes	61.0	110.6	20506	20827	9248	6542	0	44253	2706	7	32	5887	0	0
June 6, 2007 9:46:00 AM UTC	1181151960000	0	0	yes	61.2	110.8	20506	20827	9248	6542	0	44253	2706	9	31	5887	0	0
June 6, 2007 9:47:00 AM UTC	1181152020000	0	0	yes	61.4	111.1	20506	20827	9243	6577	0	44223	2678	13	39	5875	0	1
June 6, 2007 9:48:00 AM UTC	1181152080000	0	0	yes	61.6	111.4	20506	20827	9253	6518	0	44272	2700	1	9	5900	0	0
June 6, 2007 9:49:00 AM UTC	1181152140000	0	0	yes	61.8	111.7	20506	20827	9243	6577	0	44223	2676	2	15	5875	0	0
June 6, 2007 9:50:00 AM UTC	1181152200000	0	0	yes	62.0	112.0	20506	20827	9245	6576	0	44222	2674	9	19	5874	0	0
June 6, 2007 9:51:00 AM UTC	1181152260000	0	0	yes	62.2	112.3	20506	20827	9256	6510	0	44277	2701	7	33	5899	0	0
June 6, 2007 9:52:00 AM UTC	1181152320000	0	0	yes	62.3	112.6	20506	20827	9253	6510	0	44280	2695	18	50	5901	0	0
June 6, 2007 9:53:00 AM UTC	1181152380000	0	0	yes	62.5	112.9	20506	20827	9240	6603	0	44200	2660	6	17	5866	0	0
June 6, 2007 9:54:00 AM UTC	1181152440000	0	0	yes	62.7	113.2	20506	20827	9251	6537	0	44255	2685	10	28	5890	0	0
June 6, 2007 9:55:00 AM UTC	1181152500000	0	0	yes	62.9	113.5	20506	20827	9251	6480	0	44312	2716	10	33	5894	1	1
June 6, 2007 9:56:00 AM UTC	1181152560000	0	0	yes	63.1	113.8	20506	20827	9241	6546	0	44256	2685	12	31	5873	2	0
June 6, 2007 9:57:00 AM UTC	1181152620000	0	0	yes	63.3	114.1	20506	20827	9250	6530	0	44263	2701	4	7	5889	0	0
June 6, 2007 9:58:00 AM UTC	1181152680000	0	0	yes	63.4	114.4	20506	20827	9246	6559	0	44238	2685	7	20	5882	0	0
June 6, 2007 9:59:00 AM UTC	1181152740000	0	0	yes	63.6	114.7	20506	20827	9249	6529	0	44265	2695	8	42	5894	0	0
June 6, 2007 10:00:00 AM UTC	1181152800000	0	0	yes	63.8	115.0	20506	20827	9257	6494	0	44292	2704	28	44	5906	0	0
June 6, 2007 10:01:00 AM UTC	1181152860000	0	0	yes	64.0	115.4	20506	20827	9246	6559	0	44238	2676	3	15	5883	0	0
June 6, 2007 10:02:00 AM UTC	1181152920000	0	0	yes	64.2	115.7	20506	20827	9242	6587	0	44214	2667	9	25	5872	0	0
June 6, 2007 10:03:00 AM UTC	1181152980000	0	0	yes	64.4	116.0	20506	20827	9255	6508	0	44280	2680	4	30	5904	0	0
June 6, 2007 10:04:00 AM UTC	1181153040000	0	0	yes	64.5	116.3	20506	20827	9252	6474	0	44317	2712	14	44	5900	0	1
June 6, 2007 10:05:00 AM UTC	1181153100000	0	0	yes	64.7	116.7	20506	20827	9241	6538	0	44264	2690	2	10	5874	0	0
June 6, 2007 10:06:00 AM UTC	1181153160000	0	0	yes	64.9	117.0	20506	20827	9241	6539	0	44263	2686	5	21	5868	0	0
June 6, 2007 10:07:00 AM UTC	1181153220000	0	0	yes	65.1	117.4	20506	20827	9252	6475	0	44316	2709	4	34	5896	0	0
June 6, 2007 10:08:00 AM UTC	1181153280000	0	0	yes	65.2	117.7	20506	20827	9247	6509	0	44287	2707	12	58	5886	0	0
June 6, 2007 10:09:00 AM UTC	1181153340000	0	0	yes	65.4	118.1	20506	20827	9247	6509	0	44287	2698	5	23	5886	0	0
June 6, 2007 10:10:00 AM UTC	1181153400000	0	0	yes	65.6	118.4	20506	20827	9258	6465	0	44320	2699	6	25	5904	0	0
June 6, 2007 10:11:00 AM UTC	1181153460000	0	0	yes	65.8	118.8	20506	20827	9255	6466	0	44322	2700	9	39	5910	0	0
June 6, 2007 10:12:00 AM UTC	1181153520000	0	0	yes	66.0	119.2	20506	20827	9242	6560	0	44241	2680	11	44	5874	0	0
June 6, 2007 10:13:00 AM UTC	1181153580000	0	0	yes	66.1	119.5	20506	20827	9242	6556	0	44245	2684	8	21	5874	0	0
June 6, 2007 10:14:00 AM UTC	1181153640000	0	0	yes	66.3	119.9	20506	20827	9252	6493	0	44298	2712	5	25	5898	0	0
June 6, 2007 10:15:00 AM UTC	1181153700000	0	0	yes	66.5	120.3	20506	20827	9252	6493	0	44298	2705	19	49	5899	0	0
June 6, 2007 10:16:00 AM UTC	1181153760000	0	0	yes	66.6	120.7	20506	20827	9252	6511	0	44280	2690	8	7	5895	0	0
June 6, 2007 10:17:00 AM UTC	1181153820000	0	0	yes	66.8	121.1	20506	20827	9247	6555	0	44241	2661	7	25	5881	0	0
June 6, 2007 10:18:00 AM UTC	1181153880000	0	0	yes	67.0	121.5	20506	20827	9247	6555	0	44241	2660	23	28	5883	0	0
June 6, 2007 10:19:00 AM UTC	1181153940000	0	0	yes	67.2	121.8	20506	20827	9257	6434	0	44352	2722	29	45	5913	0	0
June 6, 2007 10:20:00 AM UTC	1181154000000	0	0	yes	67.3	122.3	20506	20827	9256	6435	0	44352	2719	10	36	5912	0	0
June 6, 2007 10:21:00 AM UTC	1181154060000	0	0	yes	67.5	122.7	20506	20827	9249	6472	0	44322	2711	10	42	5896	0	0
June 6, 2007 10:22:00 AM UTC	1181154120000	0	0	yes	67.7	123.1	20506	20827	9245	6519	0	44279	2683	11	34	5885	0	0
June 6, 2007 10:23:00 AM UTC	1181154180000	0	0	yes	67.8	123.5	20506	20827	9248	6504	0	44291	2681	3	11	5894	0	0
June 6, 2007 10:24:00 AM UTC	1181154240000	0	0	yes	68.0	123.9	20506	20827	9248	6504	0	44291	2691	2	29	5892	0	0
June 6, 2007 10:25:00 AM UTC	1181154300000	0	0	yes	68.2	124.3	20506	20827	9242	6543	0	44258	2668	7	38	5871	0	0
June 6, 2007 10:26:00 AM UTC	1181154360000	0	0	yes	68.3	124.8	20506	20827	9248	6526	0	44269	2690	4	23	5894	0	0
June 6, 2007 10:27:00 AM UTC	1181154420000	0	0	yes	68.5	125.2	20506	20827	9242	6546	0	44255	2693	11	35	5885	0	0
June 6, 2007 10:28:00 AM UTC	1181154480000	0	0	yes	68.7	125.7	20506	20827	9243	6582	0	44218	2653	3	39	5886	0	0
June 6, 2007 10:29:00 AM UTC	1181154540000	0	0	yes	68.8	126.1	20506	20827	9245	6565	0	44233	2663	7	20	5886	0	0
June 6, 2007 10:30:00 AM UTC	1181154600000	0	0	yes	69.0	126.6	20506	20827	9246	6565	0	44232	2652	10	28	5883	0	0
June 6, 2007 10:31:00 AM UTC	1181154660000	0	0	yes	69.2	127.0	20506	20827	9245	6565	0	44233	2661	18	43	5884	0	0
June 6, 2007 10:32:00 AM UTC	1181154720000	0	0	yes	69.3	127.5	20506	20827	9247	6509	0	44287	2697	5	12	5894	0	0
June 6, 2007 10:33:00 AM UTC	1181154780000	0	0	yes	69.5	128.0	20506	20827	9248	6538	0	44257	2674	12	28	5892	0	0
June 6, 2007 10:34:00 AM UTC	1181154840000	0	0	yes	69.6	128.5	20506	20827	9247	6539	0	44257	2673	10	48	5887	0	0
June 6, 2007 10:35:00 AM UTC	1181154900000	0	0	yes	69.8	128.9	20506	20827	9256	6483	0	44304	2692	9	32	5909	0	0
June 6, 2007 10:36:00 AM UTC	1181154960000	0	0	yes	69.9	129.4	20506	20827	9255	6487	0	44301	2686	19	50	5908	0	0
June 6, 2007 10:37:00 AM UTC	1181155020000	0	0	yes	70.1	129.9	20506	20827	9249	6474	0	44320	2721	24	52	5898	0	0
June 6, 2007 10:38:00 AM UTC	1181155080000	0	0	yes	70.2	130.5	20506	20827	9249	6519	0	44275	2682	9	15	5892	0	0
June 6, 2007 10:39:00 AM UTC	1181155140000	0	0	yes	70.4	131.0	20506	20827	9249	6519	1	44274	2681	13	41	5895	0	0
June 6, 2007 10:40:00 AM UTC	1181155200000	0	0	yes	70.6	131.5	20506	20827	9250	6518	1	44274	2678	6	12	5895	0	0
June 6, 2007 10:41:00 AM UTC	1181155260000	0	0	yes	70.7	132.0	20506	20827	9243	6563	2	44235	2665	9	23	5878	0	0
June 6, 2007 10:42:00 AM UTC	1181155320000	0	0	yes	70.8	132.6	20506	20827	9243	6562	1	44237	2673	11	23	5879	0	0
June 6, 2007 10:43:00 AM UTC	1181155380000	0	0	yes	71.0	133.1	20506	20827	9251	6581	0	44211	2650	13	10	5894	0	0
June 6, 2007 10:44:00 AM UTC	1181155440000	0	0	yes	71.1	133.6	20506	20827	9251	6580	1	44211	2652	13	22	5894	0	0
June 6, 2007 10:45:00 AM UTC	1181155500000	0	0	yes	71.3	134.2	20506	20827	9251	6577	1	44214	2654	12	21	5897	0	0
June 6, 2007 10:46:00 AM UTC	1181155560000	0	0	yes	71.4	134.8	20506	20827	9252	6519	4	44268	2691	17	47	5901	0	0
June 6, 2007 10:47:00 AM UTC	1181155620000	0	0	yes	71.6	135.3	20506	20827	9253	6570	2	44218	2659	9	9	5899	0	0
June 6, 2007 10:48:00 AM UTC	1181155680000	0	0	yes	71.7	135.9	20506	20827	9245	6620	4	44174	2644	4	5	5877	0	0
June 6, 2007 10:49:00 AM UTC	1181155740000	0	0	yes	71.9	136.5	20506	20827	9245	6620	3	44175	2637	16	37	5875	0	0
June 6, 2007 10:50:00 AM UTC	1181155800000	0	0	yes	72.0	137.1	20506	20827	9237	6669	4	44133	2629	14	10	5858	1	0
June 6, 2007 10:51:00 AM UTC	1181155860000	0	0	yes	72.1	137.7	20506	20827	9253	6583	4	44203	2650	15	14	5890	0	0
June 6, 2007 10:52:00 AM UTC	1181155920000	0	0	yes	72.3	138.3	20506	20827	9252	6522	7	44262	2688	13	15	5900	0	0
June 6, 2007 10:53:00 AM UTC	1181155980000	0	0	yes	72.4	139.0	20506	20827	9253	6522	10	44258	2693	16	51	5897	0	0
June 6, 2007 10:54:00 AM UTC	1181156040000	0	0	yes	72.5	139.6	20506	20827	9253	6522	9	44259	2685	26	22	5899	0	0
June 6, 2007 10:55:00 AM UTC	1181156100000	0	0	yes	72.7	140.2	20506	20827	9246	6583	10	44204	2670	21	20	5876	0	0
June 6, 2007 10:56:00 AM UTC	1181156160000	0	0	yes	72.8	140.9	20506	20827	9254	6541	9	44239	2682	26	14	5892	0	0
June 6, 2007 10:57:00 AM UTC	1181156220000	0	0	yes	72.9	141.5	20506	20827	9253	6541	12	44237	2678	40	29	5897	0	0
June 6, 2007 10:58:00 AM UTC	1181156280000	0	0	yes	73.0	142.2	20506	20827	9244	6653	7	44139	2632	19	13	5865	0	0
June 6, 2007 10:59:00 AM UTC	1181156340000	0	0	yes	73.2	142.9	20506	20827	9250	6571	11	44211	2667	35	29	5891	1	0
June 6, 2007 11:00:00 AM UTC	1181156400000	0	0	yes	73.3	143.5	20506	20827	9249	6571	11	44212	2672	27	14	5891	0	0
June 6, 2007 11:01:00 AM UTC	1181156460000	0	0	yes	73.4	144.2	20506	20827	9249	6570	10	44214	2676	23	13	5894	0	0
June 6, 2007 11:02:00 AM UTC	1181156520000	0	0	yes	73.5	144.9	20506	20827	9255	6553	13	44222	2663	16	13	5916	0	0
June 6, 2007 11:03:00 AM UTC	1181156580000	0	0	yes	73.6	145.6	20506	20827	9247	6610	11	44175	2661	22	10	5871	0	0
June 6, 2007 11:04:00 AM UTC	1181156640000	0	0	yes	73.7	146.4	20506	20827	9241	6603	16	44183	2679	46	25	5866	0	0
June 6, 2007 11:05:00 AM UTC	1181156700000	0	0	yes	73.8	147.1	20506	20827	9255	6512	17	44259	2714	30	17	5897	0	0
June 6, 2007 11:06:00 AM UTC	1181156760000	0	0	yes	73.9	147.8	20506	20827	9251	6561	19	44212	2694	35	19	5890	0	0
June 6, 2007 11:07:00 AM UTC	1181156820000	0	0	yes	74.1	148.6	20506	20827	9252	6561	17	44213	2696	29	21	5888	0	0
June 6, 2007 11:08:00 AM UTC	1181156880000	0	0	yes	74.2	149.3	20506	20827	9243	6618	16	44166	2687	26	14	5868	0	0
June 6, 2007 11:09:00 AM UTC	1181156940000	0	0	yes	74.3	150.1	20506	20827	9248	6617	18	44160	2669	35	12	5878	0	0
June 6, 2007 11:10:00 AM UTC	1181157000000	0	0	yes	74.4	150.8	20506	20827	9247	6618	18	44160	2681	30	10	5873	0	0
June 6, 2007 11:11:00 AM UTC	1181157060000	0	0	yes	74.5	151.6	20506	20827	9251	6586	20	44186	2691	32	11	5891	0	0
June 6, 2007 11:12:00 AM UTC	1181157120000	0	0	yes	74.6	152.4	20506	20827	9254	6510	27	44252	2752	43	13	5896	0	0
June 6, 2007 11:13:00 AM UTC	1181157180000	0	0	yes	74.6	153.2	20506	20827	9258	6543	19	44223	2719	28	15	5900	0	0
June 6, 2007 11:14:00 AM UTC	1181157240000	0	0	yes	74.7	154.0	20506	20827	9248	6604	22	44169	2705	31	16	5878	0	0
June 6, 2007 11:15:00 AM UTC	1181157300000	0	0	yes	74.8	154.8	20506	20827	9247	6582	25	44189	2723	30	19	5884	0	0
June 6, 2007 11:16:00 AM UTC	1181157360000	0	0	yes	74.9	155.7	20506	20827	9250	6618	22	44153	2694	28	8	5890	0	0
June 6, 2007 11:17:00 AM UTC	1181157420000	0	0	yes	75.0	156.5	20506	20827	9241	6680	21	44101	2679	33	14	5863	0	0
June 6, 2007 11:18:00 AM UTC	1181157480000	0	0	yes	75.1	157.3	20506	20827	9246	6587	28	44182	2733	44	15	5880	0	0
June 6, 2007 11:19:00 AM UTC	1181157540000	0	0	yes	75.1	158.2	20506	20827	9247	6632	22	44142	2699	34	13	5885	0	0
June 6, 2007 11:20:00 AM UTC	1181157600000	0	0	yes	75.2	159.0	20506	20827	9251	6606	22	44164	2707	36	19	5893	0	0
June 6, 2007 11:21:00 AM UTC	1181157660000	0	0	yes	75.3	159.9	20506	20827	9253	6514	35	44241	2777	40	15	5905	0	0
June 6, 2007 11:22:00 AM UTC	1181157720000	0	0	yes	75.3	160.8	20506	20827	9246	6555	34	44208	2773	30	25	5890	0	0
June 6, 2007 11:23:00 AM UTC	1181157780000	0	0	yes	75.4	161.6	20506	20827	9246	6589	31	44177	2754	37	25	5884	0	0
June 6, 2007 11:24:00 AM UTC	1181157840000	0	0	yes	75.5	162.5	20506	20827	9250	6556	33	44204	2768	27	19	5895	0	0
June 6, 2007 11:25:00 AM UTC	1181157900000	0	0	yes	75.5	163.4	20506	20827	9253	6535	35	44220	2774	34	15	5904	0	0
June 6, 2007 11:26:00 AM UTC	1181157960000	0	0	yes	75.6	164.3	20506	20827	9239	6694	26	44084	2707	30	18	5860	0	0
June 6, 2007 11:27:00 AM UTC	1181158020000	0	0	yes	75.6	165.2	20506	20827	9243	6636	31	44133	2741	25	23	5873	0	0
June 6, 2007 11:28:00 AM UTC	1181158080000	0	0	yes	75.7	166.1	20506	20827	9255	6555	32	44201	2766	21	13	5905	0	0
June 6, 2007 11:29:00 AM UTC	1181158140000	0	0	yes	75.7	167.0	20506	20827	9245	6617	34	44147	2750	28	21	5883	0	0
June 6, 2007 11:30:00 AM UTC	1181158200000	0	0	yes	75.8	168.0	20506	20827	9247	6591	36	44169	2762	28	19	5889	0	0
June 6, 2007 11:31:00 AM UTC	1181158260000	0	0	yes	75.8	168.9	20506	20827	9237	6617	36	44153	2783	21	13	5882	0	0
June 6, 2007 11:32:00 AM UTC	1181158320000	0	0	yes	75.9	169.8	20506	20827	9249	6550	36	44208	2796	19	18	5893	0	0
June 6, 2007 11:33:00 AM UTC	1181158380000	0	0	yes	75.9	170.7	20506	20827	9241	6680	29	44093	2724	15	11	5868	0	0
June 6, 2007 11:34:00 AM UTC	1181158440000	0	0	yes	75.9	171.7	20506	20827	9253	6601	34	44155	2739	17	7	5898	0	0
June 6, 2007 11:35:00 AM UTC	1181158500000	0	0	yes	76.0	172.6	20506	20827	9245	6646	31	44121	2747	22	15	5874	0	0
June 6, 2007 11:36:00 AM UTC	1181158560000	0	0	yes	76.0	173.6	20506	20827	9248	6564	40	44191	2802	16	11	5881	0	0
June 6, 2007 11:37:00 AM UTC	1181158620000	0	0	yes	76.0	174.5	20506	20827	9248	6633	34	44128	2752	23	8	5877	0	0
June 6, 2007 11:38:00 AM UTC	1181158680000	0	0	yes	76.0	175.5	20506	20827	9247	6611	33	44152	2775	27	13	5879	0	0
June 6, 2007 11:39:00 AM UTC	1181158740000	0	0	yes	76.0	176.4	20506	20827	9247	6615	34	44147	2766	20	12	5881	0	0
June 6, 2007 11:40:00 AM UTC	1181158800000	0	0	yes	76.0	177.4	20506	20827	9247	6615	34	44147	2768	24	17	5883	0	0
June 6, 2007 11:41:00 AM UTC	1181158860000	0	0	yes	76.0	178.3	20506	20827	9250	6611	35	44147	2766	16	9	5882	0	0
June 6, 2007 11:42:00 AM UTC	1181158920000	0	0	yes	76.1	179.3	20506	20827	9249	6592	35	44167	2784	21	14	5884	0	0
June 6, 2007 11:43:00 AM UTC	1181158980000	0	0	yes	76.1	180.3	20506	20827	9249	6592	35	44167	2788	29	15	5881	0	0
June 6, 2007 11:44:00 AM UTC	1181159040000	0	0	yes	76.1	181.2	20506	20827	9250	6591	32	44170	2790	21	11	5884	0	0
June 6, 2007 11:45:00 AM UTC	1181159100000	0	0	yes	76.0	182.2	20506	20827	9248	6533	40	44222	2826	14	7	5894	0	0
June 6, 2007 11:46:00 AM UTC	1181159160000	0	0	yes	76.0	183.1	20506	20827	9246	6614	35	44148	2768	19	12	5882	0	0
June 6, 2007 11:47:00 AM UTC	1181159220000	0	0	yes	76.0	184.1	20506	20827	9247	6622	33	44141	2759	19	8	5878	0	0
June 6, 2007 11:48:00 AM UTC	1181159280000	0	0	yes	76.0	185.0	20506	20827	9247	6628	33	44135	2755	24	8	5876	0	0
June 6, 2007 11:49:00 AM UTC	1181159340000	0	0	yes	76.0	186.0	20506	20827	9259	6491	43	44250	2823	34	3	5909	0	0
June 6, 2007 11:50:00 AM UTC	1181159400000	0	0	yes	76.0	186.9	20506	20827	9247	6562	40	44194	2806	26	8	5884	0	0
June 6, 2007 11:51:00 AM UTC	1181159460000	0	0	yes	75.9	187.9	20506	20827	9254	6597	31	44161	2752	27	3	5897	0	0
June 6, 2007 11:52:00 AM UTC	1181159520000	0	0	yes	75.9	188.8	20506	20827	9241	6677	30	44095	2729	22	8	5868	0	0
June 6, 2007 11:53:00 AM UTC	1181159580000	0	0	yes	75.9	189.7	20506	20827	9251	6533	38	44221	2794	24	7	5904	0	0
June 6, 2007 11:54:00 AM UTC	1181159640000	0	0	yes	75.8	190.7	20506	20827	9249	6546	38	44210	2791	27	6	5904	0	0
June 6, 2007 11:55:00 AM UTC	1181159700000	0	0	yes	75.8	191.6	20506	20827	9247	6588	36	44172	2768	22	5	5883	0	0
June 6, 2007 11:56:00 AM UTC	1181159760000	0	0	yes	75.8	192.5	20506	20827	9245	6600	35	44163	2762	32	2	5887	0	0
June 6, 2007 11:57:00 AM UTC	1181159820000	0	0	yes	75.7	193.4	20506	20827	9246	6612	33	44152	2755	30	7	5881	0	0
June 6, 2007 11:58:00 AM UTC	1181159880000	0	0	yes	75.7	194.4	20506	20827	9245	6613	31	44154	2749	30	5	5880	0	0
June 6, 2007 11:59:00 AM UTC	1181159940000	0	0	yes	75.6	195.3	20506	20827	9242	6670	27	44104	2715	38	7	5870	0	0
June 6, 2007 12:00:00 PM UTC	1181160000000	0	0	yes	75.6	196.2	20506	20827	9241	6617	34	44151	2762	37	8	5866	0	0
June 6, 2007 12:01:00 PM UTC	1181160060000	0	0	yes	75.5	197.1	20506	20827	9250	6551	34	44208	2774	38	4	5895	0	0
June 6, 2007 12:02:00 PM UTC	1181160120000	0	0	yes	75.4	198.0	20506	20827	9246	6584	29	44184	2761	50	6	5885	0	0
June 6, 2007 12:03:00 PM UTC	1181160180000	0	0	yes	75.4	198.8	20506	20827	9245	6620	27	44151	2725	36	6	5884	0	0
June 6, 2007 12:04:00 PM UTC	1181160240000	0	0	yes	75.3	199.7	20506	20827	9253	6509	34	44247	2782	42	4	5905	0	0
June 6, 2007 12:05:00 PM UTC	1181160300000	0	0	yes	75.2	200.6	20506	20827	9249	6549	30	44215	2762	50	3	5895	0	0
June 6, 2007 12:06:00 PM UTC	1181160360000	0	0	yes	75.2	201.4	20506	20827	9249	6627	22	44145	2704	44	9	5883	0	0
June 6, 2007 12:07:00 PM UTC	1181160420000	0	0	yes	75.1	202.3	20506	20827	9244	6586	30	44183	2743	44	6	5879	0	0
June 6, 2007 12:08:00 PM UTC	1181160480000	0	0	yes	75.0	203.1	20506	20827	9246	6638	22	44137	2690	51	3	5874	0	0
June 6, 2007 12:09:00 PM UTC	1181160540000	0	0	yes	74.9	204.0	20506	20827	9254	6586	25	44178	2703	44	5	5896	0	0
June 6, 2007 12:10:00 PM UTC	1181160600000	0	0	yes	74.9	204.8	20506	20827	9252	6545	26	44220	2738	45	5	5892	0	0
June 6, 2007 12:11:00 PM UTC	1181160660000	0	0	yes	74.8	205.6	20506	20827	9248	6598	22	44175	2710	48	4	5879	0	0
June 6, 2007 12:12:00 PM UTC	1181160720000	0	0	yes	74.7	206.4	20506	20827	9243	6630	20	44150	2702	44	6	5868	0	0
June 6, 2007 12:13:00 PM UTC	1181160780000	0	0	yes	74.6	207.2	20506	20827	9252	6566	21	44204	2712	39	8	5890	0	0
June 6, 2007 12:14:00 PM UTC	1181160840000	0	0	yes	74.5	208.0	20506	20827	9251	6576	21	44195	2696	41	7	5891	0	0
June 6, 2007 12:15:00 PM UTC	1181160900000	0	0	yes	74.4	208.8	20506	20827	9253	6576	17	44197	2694	37	4	5894	0	0
June 6, 2007 12:16:00 PM UTC	1181160960000	0	0	yes	74.3	209.6	20506	20827	9256	6551	19	44217	2695	32	8	5900	0	0
June 6, 2007 12:17:00 PM UTC	1181161020000	0	0	yes	74.2	210.3	20506	20827	9248	6547	23	44225	2718	27	7	5886	0	0
June 6, 2007 12:18:00 PM UTC	1181161080000	0	0	yes	74.1	211.1	20506	20827	9252	6552	17	44222	2701	27	6	5889	0	0
June 6, 2007 12:19:00 PM UTC	1181161140000	0	0	yes	74.0	211.8	20506	20827	9252	6553	19	44219	2684	27	1	5886	0	0
June 6, 2007 12:20:00 PM UTC	1181161200000	0	0	yes	73.9	212.6	20506	20827	9255	6534	15	44239	2707	27	1	5896	0	0
June 6, 2007 12:21:00 PM UTC	1181161260000	0	0	yes	73.8	213.3	20506	20827	9255	6503	19	44266	2709	27	2	5898	0	0
June 6, 2007 12:22:00 PM UTC	1181161320000	0	0	yes	73.7	214.0	20506	20827	9255	6549	13	44226	2682	21	2	5901	0	0
June 6, 2007 12:23:00 PM UTC	1181161380000	0	0	yes	73.6	214.7	20506	20827	9247	6596	13	44187	2663	18	2	5881	0	0
June 6, 2007 12:24:00 PM UTC	1181161440000	0	0	yes	73.4	215.4	20506	20827	9256	6519	13	44255	2677	15	2	5897	0	0
June 6, 2007 12:25:00 PM UTC	1181161500000	0	0	yes	73.3	216.1	20506	20827	9250	6561	11	44221	2679	14	1	5893	0	0
June 6, 2007 12:26:00 PM UTC	1181161560000	0	0	yes	73.2	216.8	20506	20827	9250	6562	13	44218	2665	9	5	5891	0	0
June 6, 2007 12:27:00 PM UTC	1181161620000	0	0	yes	73.1	217.5	20506	20827	9250	6562	10	44221	2674	8	1	5895	0	0
June 6, 2007 12:28:00 PM UTC	1181161680000	0	0	yes	73.0	218.2	20506	20827	9253	6532	12	44246	2688	8	1	5896	0	0
June 6, 2007 12:29:00 PM UTC	1181161740000	0	0	yes	72.8	218.8	20506	20827	9254	6532	10	44247	2676	3	1	5895	0	0
June 6, 2007 12:30:00 PM UTC	1181161800000	0	0	yes	72.7	219.5	20506	20827	9253	6532	10	44248	2686	2	3	5895	0	0
June 6, 2007 12:31:00 PM UTC	1181161860000	0	0	yes	72.6	220.1	20506	20827	9252	6531	9	44251	2676	0	2	5896	0	0
June 6, 2007 12:32:00 PM UTC	1181161920000	0	0	yes	72.5	220.8	20506	20827	9253	6510	9	44271	2692	0	0	5900	0	0
June 6, 2007 12:33:00 PM UTC	1181161980000	0	0	yes	72.3	221.4	20506	20827	9246	6561	6	44230	2671	0	0	5878	0	0
June 6, 2007 12:34:00 PM UTC	1181162040000	0	0	yes	72.2	222.0	20506	20827	9244	6619	4	44176	2638	0	1	5876	0	0
June 6, 2007 12:35:00 PM UTC	1181162100000	0	0	yes	72.1	222.6	20506	20827	9253	6568	5	44217	2656	0	1	5894	0	0
June 6, 2007 12:36:00 PM UTC	1181162160000	0	0	yes	71.9	223.2	20506	20827	9253	6559	3	44228	2657	0	0	5898	0	0
June 6, 2007 12:37:00 PM UTC	1181162220000	0	0	yes	71.8	223.8	20506	20827	9253	6507	6	44277	2689	0	0	5898	0	0
June 6, 2007 12:38:00 PM UTC	1181162280000	0	0	yes	71.6	224.4	20506	20827	9245	6609	3	44186	2642	0	0	5877	0	0
June 6, 2007 12:39:00 PM UTC	1181162340000	0	0	yes	71.5	225.0	20506	20827	9252	6560	4	44227	2654	0	0	5896	0	0
June 6, 2007 12:40:00 PM UTC	1181162400000	0	0	yes	71.4	225.5	20506	20827	9244	6600	1	44198	2640	0	0	5874	0	0
June 6, 2007 12:41:00 PM UTC	1181162460000	0	0	yes	71.2	226.1	20506	20827	9244	6600	1	44198	2634	0	0	5874	0	0
June 6, 2007 12:42:00 PM UTC	1181162520000	0	0	yes	71.1	226.7	20506	20827	9244	6600	1	44198	2635	0	0	5877	0	0
June 6, 2007 12:43:00 PM UTC	1181162580000	0	0	yes	70.9	227.2	20506	20827	9251	6553	0	44239	2649	0	0	5894	0	0
June 6, 2007 12:44:00 PM UTC	1181162640000	0	0	yes	70.8	227.7	20506	20827	9251	6450	3	44339	2729	0	0	5907	0	0
June 6, 2007 12:45:00 PM UTC	1181162700000	0	0	yes	70.6	228.3	20506	20827	9243	6554	1	44245	2663	0	0	5879	0	0
June 6, 2007 12:46:00 PM UTC	1181162760000	0	0	yes	70.5	228.8	20506	20827	9249	6508	1	44285	2685	0	1	5893	0	0
June 6, 2007 12:47:00 PM UTC	1181162820000	0	0	yes	70.3	229.3	20506	20827	9249	6508	0	44286	2680	0	0	5893	0	0
June 6, 2007 12:48:00 PM UTC	1181162880000	0	0	yes	70.2	229.8	20506	20827	9246	6518	0	44279	2682	0	0	5892	0	0
June 6, 2007 12:49:00 PM UTC	1181162940000	0	0	yes	70.0	230.3	20506	20827	9246	6525	0	44272	2673	0	0	5889	0	0
June 6, 2007 12:50:00 PM UTC	1181163000000	0	0	yes	69.9	230.8	20506	20827	9241	6564	0	44238	2660	0	0	5872	0	0
June 6, 2007 12:51:00 PM UTC	1181163060000	0	0	yes	69.7	231.3	20506	20827	9247	6525	0	44271	2673	0	1	5891	0	0
June 6, 2007 12:52:00 PM UTC	1181163120000	0	0	yes	69.6	231.8	20506	20827	9248	6524	0	44271	2673	0	2	5890	0	0
June 6, 2007 12:53:00 PM UTC	1181163180000	0	0	yes	69.4	232.3	20506	20827	9247	6524	0	44272	2672	0	0	5890	0	0
June 6, 2007 12:54:00 PM UTC	1181163240000	0	0	yes	69.2	232.8	20506	20827	9255	6442	0	44346	2719	0	0	5910	0	0
June 6, 2007 12:55:00 PM UTC	1181163300000	0	0	yes	69.1	233.2	20506	20827	9245	6556	0	44242	2657	0	0	5883	0	0
June 6, 2007 12:56:00 PM UTC	1181163360000	0	0	yes	68.9	233.7	20506	20827	9246	6556	0	44241	2660	0	0	5881	0	0
June 6, 2007 12:57:00 PM UTC	1181163420000	0	0	yes	68.8	234.1	20506	20827	9251	6517	0	44275	2680	0	0	5896	0	0
June 6, 2007 12:58:00 PM UTC	1181163480000	0	0	yes	68.6	234.6	20506	20827	9245	6555	0	44243	2660	0	0	5874	0	0
June 6, 2007 12:59:00 PM UTC	1181163540000	0	0	yes	68.4	235.0	20506	20827	9251	6482	0	44310	2713	0	0	5891	0	0
June 6, 2007 1:00:00 PM UTC	1181163600000	0	0	yes	68.3	235.5	20506	20827	9252	6420	0	44371	2735	0	0	5912	0	0
June 6, 2007 1:01:00 PM UTC	1181163660000	0	0	yes	68.1	235.9	20506	20827	9248	6496	0	44299	2690	0	0	5900	0	0
June 6, 2007 1:02:00 PM UTC	1181163720000	0	0	yes	67.9	236.3	20506	20827	9248	6496	0	44299	2684	0	0	5898	0	0
June 6, 2007 1:03:00 PM UTC	1181163780000	0	0	yes	67.8	236.8	20506	20827	9248	6496	0	44299	2681	0	0	5894	0	0
June 6, 2007 1:04:00 PM UTC	1181163840000	0	0	yes	67.6	237.2	20506	20827	9249	6468	0	44326	2716	0	0	5898	0	0
June 6, 2007 1:05:00 PM UTC	1181163900000	0	0	yes	67.4	237.6	20506	20827	9256	6431	0	44356	2720	0	0	5908	0	0
June 6, 2007 1:06:00 PM UTC	1181163960000	0	0	yes	67.3	238.0	20506	20827	9242	6525	0	44276	2691	0	0	5876	0	0
June 6, 2007 1:07:00 PM UTC	1181164020000	0	0	yes	67.1	238.4	20506	20827	9247	6548	0	44248	2661	0	0	5881	0	0
June 6, 2007 1:08:00 PM UTC	1181164080000	0	0	yes	66.9	238.8	20506	20827	9252	6513	0	44278	2674	0	0	5894	0	0
June 6, 2007 1:09:00 PM UTC	1181164140000	0	0	yes	66.7	239.2	20506	20827	9247	6548	0	44248	2664	0	0	5881	0	0
June 6, 2007 1:10:00 PM UTC	1181164200000	0	0	yes	66.6	239.6	20506	20827	9242	6554	0	44247	2680	0	0	5876	0	0
June 6, 2007 1:11:00 PM UTC	1181164260000	0	0	yes	66.4	239.9	20506	20827	9243	6555	0	44245	2678	0	0	5877	0	0
June 6, 2007 1:12:00 PM UTC	1181164320000	0	0	yes	66.2	240.3	20506	20827	9252	6492	0	44299	2712	0	0	5900	0	0
June 6, 2007 1:13:00 PM UTC	1181164380000	0	0	yes	66.0	240.7	20506	20827	9257	6454	0	44332	2715	0	0	5912	0	0
June 6, 2007 1:14:00 PM UTC	1181164440000	0	0	yes	65.9	241.1	20506	20827	9241	6615	0	44187	2641	60	38	5865	0	0
June 6, 2007 1:15:00 PM UTC	1181164500000	0	0	yes	65.7	241.4	20506	20827	9247	6527	0	44269	2668	3	8	5883	0	0
June 6, 2007 1:16:00 PM UTC	1181164560000	0	0	yes	65.5	241.8	20506	20827	9247	6527	0	44269	2675	0	0	5883	0	0
June 6, 2007 1:17:00 PM UTC	1181164620000	0	0	yes	65.3	242.1	20506	20827	9247	6510	0	44286	2703	12	35	5882	0	0
June 6, 2007 1:18:00 PM UTC	1181164680000	0	0	yes	65.2	242.5	20506	20827	9247	6543	0	44253	2679	0	0	5890	0	0
June 6, 2007 1:19:00 PM UTC	1181164740000	0	0	yes	65.0	242.8	20506	20827	9252	6476	0	44315	2707	102	39	5895	0	0
June 6, 2007 1:20:00 PM UTC	1181164800000	0	0	yes	64.8	243.2	20506	20827	9252	6476	0	44315	2712	1	8	5898	0	0
June 6, 2007 1:21:00 PM UTC	1181164860000	0	0	yes	64.6	243.5	20506	20827	9252	6475	0	44316	2713	0	0	5899	0	0
June 6, 2007 1:22:00 PM UTC	1181164920000	0	0	yes	64.4	243.9	20506	20827	9245	6573	0	44225	2652	0	0	5880	0	0
June 6, 2007 1:23:00 PM UTC	1181164980000	0	0	yes	64.3	244.2	20506	20827	9241	6604	0	44198	2644	0	0	5869	0	0
June 6, 2007 1:24:00 PM UTC	1181165040000	0	0	yes	64.1	244.5	20506	20827	9256	6498	0	44289	2701	0	1	5906	0	2
June 6, 2007 1:25:00 PM UTC	1181165100000	0	0	yes	63.9	244.8	20506	20827	9246	6561	0	44236	2680	0	2	5882	2	2
June 6, 2007 1:26:00 PM UTC	1181165160000	0	0	yes	63.7	245.2	20506	20827	9249	6532	0	44262	2690	0	0	5894	0	0
June 6, 2007 1:27:00 PM UTC	1181165220000	0	0	yes	63.5	245.5	20506	20827	9246	6561	0	44236	2682	0	0	5879	0	0
June 6, 2007 1:28:00 PM UTC	1181165280000	0	0	yes	63.4	245.8	20506	20827	9246	6561	0	44236	2682	0	0	5882	0	0
June 6, 2007 1:29:00 PM UTC	1181165340000	0	0	yes	63.2	246.1	20506	20827	9251	6483	0	44309	2718	0	0	5894	0	0
June 6, 2007 1:30:00 PM UTC	1181165400000	0	0	yes	63.0	246.4	20506	20827	9251	6482	0	44310	2714	0	0	5897	0	0
June 6, 2007 1:31:00 PM UTC	1181165460000	0	0	yes	62.8	246.7	20506	20827	9245	6574	0	44224	2674	0	0	5875	0	0
June 6, 2007 1:32:00 PM UTC	1181165520000	0	0	yes	62.6	247.0	20506	20827	9251	6536	0	44256	2685	0	0	5890	0	0
June 6, 2007 1:33:00 PM UTC	1181165580000	0	0	yes	62.4	247.3	20506	20827	9251	6523	0	44269	2687	0	0	5895	0	0
June 6, 2007 1:34:00 PM UTC	1181165640000	0	0	yes	62.3	247.6	20506	20827	9245	6575	0	44223	2665	0	0	5876	0	0
June 6, 2007 1:35:00 PM UTC	1181165700000	0	0	yes	62.1	247.9	20506	20827	9245	6575	0	44223	2677	0	0	5877	0	0
June 6, 2007 1:36:00 PM UTC	1181165760000	0	0	yes	61.9	248.2	20506	20827	9258	6483	0	44302	2712	0	3	5911	2	6
June 6, 2007 1:37:00 PM UTC	1181165820000	0	0	yes	61.7	248.5	20506	20827	9243	6576	0	44224	2676	0	0	5879	0	0
June 6, 2007 1:38:00 PM UTC	1181165880000	0	0	yes	61.5	248.8	20506	20827	9243	6575	0	44225	2679	1	1	5876	0	0
June 6, 2007 1:39:00 PM UTC	1181165940000	0	0	yes	61.3	249.1	20506	20827	9257	6491	0	44295	2710	0	2	5908	0	0
June 6, 2007 1:40:00 PM UTC	1181166000000	0	0	yes	61.1	249.3	20506	20827	9248	6542	0	44253	2705	0	0	5888	19	23
June 6, 2007 1:41:00 PM UTC	1181166060000	0	0	yes	60.9	249.6	20506	20827	9248	6542	0	44253	2708	0	0	5890	30	22
June 6, 2007 1:42:00 PM UTC	1181166120000	0	0	yes	60.8	249.9	20506	20827	9237	6679	0	44127	2632	0	0	5854	0	2
June 6, 2007 1:43:00 PM UTC	1181166180000	0	0	yes	60.6	250.2	20506	20827	9248	6612	0	44183	2666	0	0	5880	10	8
June 6, 2007 1:44:00 PM UTC	1181166240000	0	0	yes	60.4	250.4	20506	20827	9248	6492	0	44303	2718	0	0	5892	0	3
June 6, 2007 1:45:00 PM UTC	1181166300000	0	0	yes	60.2	250.7	20506	20827	9244	6536	0	44263	2703	0	0	5878	0	0
June 6, 2007 1:46:00 PM UTC	1181166360000	0	0	yes	60.0	251.0	20506	20827	9252	6466	0	44325	2734	0	0	5899	0	0
June 6, 2007 1:47:00 PM UTC	1181166420000	0	0	yes	59.8	251.2	20506	20827	9241	6534	0	44268	2706	0	0	5871	0	0
June 6, 2007 1:48:00 PM UTC	1181166480000	0	0	yes	59.6	251.5	20506	20827	9255	6443	0	44345	2746	0	0	5909	0	0
June 6, 2007 1:49:00 PM UTC	1181166540000	0	0	yes	59.4	251.7	20506	20827	9256	6435	0	44352	2760	0	0	5910	0	0
June 6, 2007 1:50:00 PM UTC	1181166600000	0	0	yes	59.2	252.0	20506	20827	9244	6529	0	44270	2719	0	1	5876	0	0
June 6, 2007 1:51:00 PM UTC	1181166660000	0	0	yes	59.0	252.2	20506	20827	9256	6435	0	44352	2766	0	1	5910	0	0
June 6, 2007 1:52:00 PM UTC	1181166720000	0	0	yes	58.9	252.5	20506	20827	9245	6498	0	44300	2740	2	0	5885	0	0
June 6, 2007 1:53:00 PM UTC	1181166780000	0	0	yes	58.7	252.7	20506	20827	9244	6580	0	44219	2697	0	0	5879	0	0
June 6, 2007 1:54:00 PM UTC	1181166840000	0	0	yes	58.5	253.0	20506	20827	9244	6580	0	44219	2688	0	0	5876	0	0
June 6, 2007 1:55:00 PM UTC	1181166900000	0	0	yes	58.3	253.2	20506	20827	9247	6561	0	44235	2700	0	0	5884	0	0
June 6, 2007 1:56:00 PM UTC	1181166960000	0	0	yes	58.1	253.5	20506	20827	9256	6492	0	44295	2724	0	1	5910	0	0
June 6, 2007 1:57:00 PM UTC	1181167020000	0	0	yes	57.9	253.7	20506	20827	9246	6561	0	44236	2704	0	0	5878	0	0
June 6, 2007 1:58:00 PM UTC	1181167080000	0	0	yes	57.7	253.9	20506	20827	9247	6559	0	44237	2707	0	0	5875	0	0
June 6, 2007 1:59:00 PM UTC	1181167140000	0	0	yes	57.5	254.2	20506	20827	9248	6517	0	44278	2733	0	0	5876	0	0
June 6, 2007 2:00:00 PM UTC	1181167200000	0	0	yes	57.3	254.4	20506	20827	9248	6518	0	44277	2733	0	0	5874	0	0
June 6, 2007 2:01:00 PM UTC	1181167260000	0	0	yes	57.1	254.6	20506	20827	9248	6518	0	44277	2732	0	0	5866	0	0
June 6, 2007 2:02:00 PM UTC	1181167320000	0	0	yes	56.9	254.9	20506	20827	9248	6517	0	44278	2729	0	0	5862	0	0
June 6, 2007 2:03:00 PM UTC	1181167380000	0	0	yes	56.7	255.1	20506	20827	9239	6569	0	44235	2709	0	1	5835	0	0
June 6, 2007 2:04:00 PM UTC	1181167440000	0	0	yes	56.5	255.3	20506	20827	9250	6500	0	44293	2737	0	0	5859	0	1
June 6, 2007 2:05:00 PM UTC	1181167500000	0	0	yes	56.4	255.6	20506	20827	9241	6569	0	44233	2712	0	0	5827	0	2
June 6, 2007 2:06:00 PM UTC	1181167560000	0	0	yes	56.2	255.8	20506	20827	9250	6498	0	44295	2745	0	1	5841	0	0
June 6, 2007 2:07:00 PM UTC	1181167620000	0	0	yes	56.0	256.0	20506	20827	9248	6572	0	44223	2702	0	1	5830	0	0
June 6, 2007 2:08:00 PM UTC	1181167680000	0	0	yes	55.8	256.2	20506	20827	9250	6556	0	44237	2710	0	1	5828	0	0
June 6, 2007 2:09:00 PM UTC	1181167740000	0	0	yes	55.6	256.4	20506	20827	9251	6554	0	44238	2713	0	0	5823	0	0
June 6, 2007 2:10:00 PM UTC	1181167800000	0	0	yes	55.4	256.7	20506	20827	9251	6557	0	44235	2728	0	0	5815	0	0
June 6, 2007 2:11:00 PM UTC	1181167860000	0	0	yes	55.2	256.9	20506	20827	9251	6557	0	44235	2720	0	0	5806	0	0
June 6, 2007 2:12:00 PM UTC	1181167920000	0	0	yes	55.0	257.1	20506	20827	9242	6609	0	44192	2704	0	0	5778	0	0
June 6, 2007 2:13:00 PM UTC	1181167980000	0	0	yes	54.8	257.3	20506	20827	9253	6541	0	44249	2735	0	1	5794	0	0
June 6, 2007 2:14:00 PM UTC	1181168040000	0	0	yes	54.6	257.5	20506	20827	9240	6626	0	44177	2696	0	0	5756	0	0
June 6, 2007 2:15:00 PM UTC	1181168100000	0	0	yes	54.4	257.7	20506	20827	9251	6519	0	44273	2738	0	0	5771	0	0
June 6, 2007 2:16:00 PM UTC	1181168160000	0	0	yes	54.2	257.9	20506	20827	9240	6588	0	44215	2707	0	0	5740	0	0
June 6, 2007 2:17:00 PM UTC	1181168220000	0	0	yes	54.0	258.1	20506	20827	9252	6458	0	44333	2776	0	0	5756	0	0
June 6, 2007 2:18:00 PM UTC	1181168280000	0	0	yes	53.8	258.3	20506	20827	9244	6485	0	44314	2761	0	0	5735	0	0
June 6, 2007 2:19:00 PM UTC	1181168340000	0	0	yes	53.6	258.5	20506	20827	9253	6429	0	44361	2790	0	0	5742	0	0
June 6, 2007 2:20:00 PM UTC	1181168400000	0	0	yes	53.4	258.7	20506	20827	9242	6503	0	44298	2755	0	0	5708	0	0
June 6, 2007 2:21:00 PM UTC	1181168460000	0	0	yes	53.2	258.9	20506	20827	9253	6428	0	44362	2793	0	0	5718	0	0
June 6, 2007 2:22:00 PM UTC	1181168520000	0	0	yes	53.0	259.1	20506	20827	9244	6497	0	44302	2765	0	0	5692	0	0
June 6, 2007 2:23:00 PM UTC	1181168580000	0	0	yes	52.8	259.3	20506	20827	9244	6497	0	44302	2771	0	0	5676	0	0
June 6, 2007 2:24:00 PM UTC	1181168640000	0	0	yes	52.6	259.5	20506	20827	9245	6565	0	44233	2731	0	1	5664	0	0
June 6, 2007 2:25:00 PM UTC	1181168700000	0	0	yes	52.4	259.7	20506	20827	9245	6565	0	44233	2734	0	0	5649	0	0
June 6, 2007 2:26:00 PM UTC	1181168760000	0	0	yes	52.2	259.9	20506	20827	9246	6565	0	44232	2734	0	2	5638	0	0
June 6, 2007 2:27:00 PM UTC	1181168820000	0	0	yes	52.0	260.1	20506	20827	9246	6565	0	44232	2740	0	5	5631	0	0
June 6, 2007 2:28:00 PM UTC	1181168880000	0	0	yes	51.8	260.3	20506	20827	9247	6563	0	44233	2735	0	0	5615	0	0
June 6, 2007 2:29:00 PM UTC	1181168940000	0	0	yes	51.6	260.5	20506	20827	9247	6563	0	44233	2739	0	0	5603	0	0
June 6, 2007 2:30:00 PM UTC	1181169000000	0	0	yes	51.4	260.7	20506	20827	9250	6551	0	44242	2745	0	0	5579	0	0
June 6, 2007 2:31:00 PM UTC	1181169060000	0	0	yes	51.2	260.9	20506	20827	9250	6551	0	44242	2739	0	0	5586	0	0
June 6, 2007 2:32:00 PM UTC	1181169120000	0	0	yes	51.0	261.1	20506	20827	9251	6518	0	44274	2749	0	1	5558	0	0
June 6, 2007 2:33:00 PM UTC	1181169180000	0	0	yes	50.9	261.3	20506	20827	9251	6518	0	44274	2758	0	3	5557	0	0
June 6, 2007 2:34:00 PM UTC	1181169240000	0	0	yes	50.7	261.5	20506	20827	9252	6515	0	44276	2762	0	1	5531	0	0
June 6, 2007 2:35:00 PM UTC	1181169300000	0	0	yes	50.5	261.6	20506	20827	9252	6515	0	44276	2760	0	1	5528	0	0
June 6, 2007 2:36:00 PM UTC	1181169360000	0	0	yes	50.3	261.8	20506	20827	9243	6586	0	44214	2734	0	1	5491	0	0
June 6, 2007 2:37:00 PM UTC	1181169420000	0	0	yes	50.1	262.0	20506	20827	9254	6515	0	44274	2763	0	6	5504	0	0
June 6, 2007 2:38:00 PM UTC	1181169480000	0	0	yes	49.9	262.2	20506	20827	9254	6515	0	44274	2765	0	4	5487	0	0
June 6, 2007 2:39:00 PM UTC	1181169540000	0	0	yes	49.7	262.4	20506	20827	9255	6514	0	44274	2773	0	0	5472	0	0
June 6, 2007 2:40:00 PM UTC	1181169600000	0	0	yes	49.5	262.6	20506	20827	9255	6514	0	44274	2777	0	13	5453	0	0
June 6, 2007 2:41:00 PM UTC	1181169660000	0	0	yes	49.3	262.7	20506	20827	9256	6513	0	44274	2771	2	2	5438	0	0
June 6, 2007 2:42:00 PM UTC	1181169720000	0	0	yes	49.1	262.9	20506	20827	9256	6513	0	44274	2774	0	3	5427	0	0
June 6, 2007 2:43:00 PM UTC	1181169780000	0	0	yes	48.9	263.1	20506	20827	9257	6583	0	44203	2735	0	3	5413	0	0
June 6, 2007 2:44:00 PM UTC	1181169840000	0	0	yes	48.7	263.3	20506	20827	9257	6583	0	44203	2741	0	2	5395	0	0
June 6, 2007 2:45:00 PM UTC	1181169900000	0	0	yes	48.5	263.4	20506	20827	9245	6660	0	44138	2704	0	2	5360	0	0
June 6, 2007 2:46:00 PM UTC	1181169960000	0	0	yes	48.3	263.6	20506	20827	9256	6588	0	44199	2748	0	1	5360	0	0
June 6, 2007 2:47:00 PM UTC	1181170020000	0	0	yes	48.1	263.8	20506	20827	9246	6652	0	44145	2705	0	1	5341	0	0
June 6, 2007 2:48:00 PM UTC	1181170080000	0	0	yes	47.9	264.0	20506	20827	9258	6505	0	44280	2790	0	10	5338	0	0
June 6, 2007 2:49:00 PM UTC	1181170140000	0	0	yes	47.7	264.1	20506	20827	9258	6477	0	44308	2791	0	13	5324	0	0
June 6, 2007 2:50:00 PM UTC	1181170200000	0	0	yes	47.5	264.3	20506	20827	9258	6477	0	44308	2797	0	0	5303	0	0
June 6, 2007 2:51:00 PM UTC	1181170260000	0	0	yes	47.3	264.5	20506	20827	9258	6489	0	44296	2792	0	1	5293	0	0
June 6, 2007 2:52:00 PM UTC	1181170320000	0	0	yes	47.1	264.6	20506	20827	9248	6559	0	44236	2756	0	1	5261	0	0
June 6, 2007 2:53:00 PM UTC	1181170380000	0	0	yes	46.9	264.8	20506	20827	9259	6488	0	44296	2799	0	0	5259	0	0
June 6, 2007 2:54:00 PM UTC	1181170440000	0	0	yes	46.7	265.0	20506	20827	9248	6558	0	44237	2765	0	0	5235	0	0
June 6, 2007 2:55:00 PM UTC	1181170500000	0	0	yes	46.5	265.1	20506	20827	9260	6481	0	44302	2801	0	3	5234	0	0
June 6, 2007 2:56:00 PM UTC	1181170560000	0	0	yes	46.3	265.3	20506	20827	9260	6481	0	44302	2806	0	7	5211	0	0
June 6, 2007 2:57:00 PM UTC	1181170620000	0	0	yes	46.1	265.5	20506	20827	9249	6551	0	44243	2765	0	2	5185	0	0
June 6, 2007 2:58:00 PM UTC	1181170680000	0	0	yes	45.9	265.6	20506	20827	9260	6480	0	44303	2811	0	1	5180	0	0
June 6, 2007 2:59:00 PM UTC	1181170740000	0	0	yes	45.7	265.8	20506	20827	9249	6550	0	44244	2765	0	0	5151	0	0
June 6, 2007 3:00:00 PM UTC	1181170800000	0	0	yes	45.5	266.0	20506	20827	9260	6479	0	44304	2810	0	1	5150	0	0
June 6, 2007 3:01:00 PM UTC	1181170860000	0	0	yes	45.3	266.1	20506	20827	9260	6479	0	44304	2807	0	1	5133	0	0
June 6, 2007 3:02:00 PM UTC	1181170920000	0	0	yes	45.1	266.3	20506	20827	9260	6477	0	44306	2817	0	2	5113	0	0
June 6, 2007 3:03:00 PM UTC	1181170980000	0	0	yes	44.9	266.5	20506	20827	9260	6477	0	44306	2816	0	14	5099	0	5
June 6, 2007 3:04:00 PM UTC	1181171040000	0	0	yes	44.7	266.6	20506	20827	9250	6548	0	44245	2773	0	0	5071	0	4
June 6, 2007 3:05:00 PM UTC	1181171100000	0	0	yes	44.5	266.8	20506	20827	9260	6476	0	44307	2809	0	1	5067	0	0
June 6, 2007 3:06:00 PM UTC	1181171160000	0	0	yes	44.3	266.9	20506	20827	9248	6626	0	44169	2735	0	0	5036	0	0
June 6, 2007 3:07:00 PM UTC	1181171220000	0	0	yes	44.1	267.1	20506	20827	9259	6551	0	44233	2785	0	1	5033	0	0
June 6, 2007 3:08:00 PM UTC	1181171280000	0	0	yes	43.9	267.3	20506	20827	9259	6546	0	44238	2788	0	2	5016	0	0
June 6, 2007 3:09:00 PM UTC	1181171340000	0	0	yes	43.7	267.4	20506	20827	9249	6616	0	44178	2753	0	3	4982	0	0
June 6, 2007 3:10:00 PM UTC	1181171400000	0	0	yes	43.5	267.6	20506	20827	9261	6542	0	44240	2791	0	3	4976	0	0
June 6, 2007 3:11:00 PM UTC	1181171460000	0	0	yes	43.3	267.7	20506	20827	9249	6614	0	44180	2757	0	0	4955	0	0
June 6, 2007 3:12:00 PM UTC	1181171520000	0	0	yes	43.1	267.9	20506	20827	9249	6614	0	44180	2750	0	1	4942	0	0
June 6, 2007 3:13:00 PM UTC	1181171580000	0	0	yes	42.9	268.0	20506	20827	9261	6543	0	44239	2801	0	0	4929	0	0
June 6, 2007 3:14:00 PM UTC	1181171640000	0	0	yes	42.7	268.2	20506	20827	9249	6615	0	44179	2757	0	3	4900	0	0
June 6, 2007 3:15:00 PM UTC	1181171700000	0	0	yes	42.5	268.4	20506	20827	9261	6544	0	44238	2800	0	8	4893	0	0
June 6, 2007 3:16:00 PM UTC	1181171760000	0	0	yes	42.3	268.5	20506	20827	9261	6544	0	44238	2802	0	11	4877	0	0
June 6, 2007 3:17:00 PM UTC	1181171820000	0	0	yes	42.1	268.7	20506	20827	9249	6616	0	44178	2762	0	12	4846	0	0
June 6, 2007 3:18:00 PM UTC	1181171880000	0	0	yes	41.9	268.8	20506	20827	9261	6470	0	44312	2830	0	15	4846	0	0
June 6, 2007 3:19:00 PM UTC	1181171940000	0	0	yes	41.7	269.0	20506	20827	9249	6541	0	44253	2787	0	19	4818	0	0
June 6, 2007 3:20:00 PM UTC	1181172000000	0	0	yes	41.5	269.1	20506	20827	9261	6469	0	44313	2836	0	39	4815	0	0
June 6, 2007 3:21:00 PM UTC	1181172060000	0	0	yes	41.3	269.3	20506	20827	9261	6469	0	44313	2842	0	44	4788	0	0
June 6, 2007 3:22:00 PM UTC	1181172120000	0	0	yes	41.1	269.4	20506	20827	9249	6539	0	44255	2793	0	25	4764	0	0
June 6, 2007 3:23:00 PM UTC	1181172180000	0	0	yes	40.9	269.6	20506	20827	9261	6468	0	44314	2838	0	36	4759	0	0
June 6, 2007 3:24:00 PM UTC	1181172240000	0	0	yes	40.7	269.7	20506	20827	9261	6468	0	44314	2845	0	35	4739	0	0
June 6, 2007 3:25:00 PM UTC	1181172300000	0	0	yes	40.5	269.9	20506	20827	9261	6468	0	44314	2845	0	46	4722	0	0
June 6, 2007 3:26:00 PM UTC	1181172360000	0	0	yes	40.3	270.0	20506	20827	9261	6468	0	44314	2846	0	47	4708	0	0
June 6, 2007 3:27:00 PM UTC	1181172420000	0	0	yes	40.1	270.2	20506	20827	9249	6612	0	44182	2776	0	33	4678	0	0
June 6, 2007 3:28:00 PM UTC	1181172480000	0	0	yes	39.9	270.3	20506	20827	9261	6460	0	44322	2843	4	54	4668	0	3
June 6, 2007 3:29:00 PM UTC	1181172540000	0	0	yes	39.7	270.5	20506	20827	9261	6460	0	44322	2854	0	95	4647	0	2
June 6, 2007 3:30:00 PM UTC	1181172600000	0	0	yes	39.5	270.6	20506	20827	9249	6531	0	44263	2795	0	62	4627	0	1
June 6, 2007 3:31:00 PM UTC	1181172660000	0	0	yes	39.3	270.8	20506	20827	9261	6461	0	44321	2848	0	69	4620	0	8
June 6, 2007 3:32:00 PM UTC	1181172720000	0	0	yes	39.1	270.9	20506	20827	9249	6533	0	44261	2807	0	56	4589	0	10
June 6, 2007 3:33:00 PM UTC	1181172780000	0	0	yes	38.9	271.1	20506	20827	9249	6533	0	44261	2811	0	93	4572	0	7
June 6, 2007 3:34:00 PM UTC	1181172840000	0	0	yes	38.7	271.2	20506	20827	9261	6462	0	44320	2858	2	106	4561	0	19
June 6, 2007 3:35:00 PM UTC	1181172900000	0	0	yes	38.5	271.3	20506	20827	9249	6616	0	44178	2779	0	115	4546	0	14
June 6, 2007 3:36:00 PM UTC	1181172960000	0	0	yes	38.3	271.5	20506	20827	9261	6544	0	44238	2829	0	122	4530	0	17
June 6, 2007 3:37:00 PM UTC	1181173020000	0	1	yes	38.1	271.6	20506	20827	9261	6544	0	44238	2831	0	196	4509	0	31
June 6, 2007 3:38:00 PM UTC	1181173080000	0	0	yes	37.9	271.8	20506	20827	9249	6615	0	44179	2793	2	149	4484	0	31
June 6, 2007 3:39:00 PM UTC	1181173140000	0	0	yes	37.7	271.9	20506	20827	9261	6543	0	44239	2829	1	169	4475	0	35
June 6, 2007 3:40:00 PM UTC	1181173200000	0	1	yes	37.4	272.1	20506	20827	9261	6543	0	44239	2835	1	185	4455	0	40
June 6, 2007 3:41:00 PM UTC	1181173260000	0	0	yes	37.2	272.2	20506	20827	9249	6614	0	44180	2788	1	159	4445	0	27
June 6, 2007 3:42:00 PM UTC	1181173320000	0	1	yes	37.0	272.4	20506	20827	9261	6542	0	44240	2841	2	296	4424	0	63
June 6, 2007 3:43:00 PM UTC	1181173380000	0	1	yes	36.8	272.5	20506	20827	9261	6542	0	44240	2839	2	272	4405	0	66
June 6, 2007 3:44:00 PM UTC	1181173440000	0	1	yes	36.6	272.6	20506	20827	9249	6616	0	44178	2794	0	301	4389	0	81
June 6, 2007 3:45:00 PM UTC	1181173500000	0	1	yes	36.4	272.8	20506	20827	9259	6546	0	44238	2839	2	375	4371	0	125
June 6, 2007 3:46:00 PM UTC	1181173560000	0	1	yes	36.2	272.9	20506	20827	9249	6621	0	44173	2790	0	355	4354	0	140
June 6, 2007 3:47:00 PM UTC	1181173620000	0	1	yes	36.0	273.1	20506	20827	9258	6555	0	44230	2836	6	500	4340	0	133
June 6, 2007 3:48:00 PM UTC	1181173680000	0	1	yes	35.8	273.2	20506	20827	9260	6483	0	44300	2866	5	468	4316	0	126
June 6, 2007 3:49:00 PM UTC	1181173740000	0	1	yes	35.6	273.4	20506	20827	9250	6553	0	44240	2826	6	397	4294	0	131
June 6, 2007 3:50:00 PM UTC	1181173800000	0	1	yes	35.4	273.5	20506	20827	9260	6482	0	44301	2868	6	477	4280	0	143
June 6, 2007 3:51:00 PM UTC	1181173860000	0	1	yes	35.2	273.6	20506	20827	9260	6482	0	44301	2867	19	499	4271	0	141
June 6, 2007 3:52:00 PM UTC	1181173920000	0	2	yes	35.0	273.8	20506	20827	9250	6551	0	44242	2823	10	557	4248	0	125
June 6, 2007 3:53:00 PM UTC	1181173980000	0	2	yes	34.8	273.9	20506	20827	9260	6480	0	44303	2873	31	562	4232	0	130
June 6, 2007 3:54:00 PM UTC	1181174040000	0	2	yes	34.6	274.1	20506	20827	9260	6480	0	44303	2869	54	591	4220	0	174
June 6, 2007 3:55:00 PM UTC	1181174100000	0	2	yes	34.4	274.2	20506	20827	9249	6550	0	44244	2831	95	562	4194	0	169
June 6, 2007 3:56:00 PM UTC	1181174160000	0	2	yes	34.2	274.3	20506	20827	9260	6479	0	44304	2869	97	615	4188	0	166
June 6, 2007 3:57:00 PM UTC	1181174220000	0	2	yes	34.0	274.5	20506	20827	9260	6479	0	44304	2869	98	655	4168	0	139
June 6, 2007 3:58:00 PM UTC	1181174280000	0	2	yes	33.8	274.6	20506	20827	9249	6549	0	44245	2830	70	626	4150	0	184
June 6, 2007 3:59:00 PM UTC	1181174340000	0	2	yes	33.6	274.7	20506	20827	9260	6478	0	44305	2879	73	706	4129	0	141
June 6, 2007 4:00:00 PM UTC	1181174400000	0	2	yes	33.4	274.9	20506	20827	9260	6478	0	44305	2883	101	702	4113	0	145
June 6, 2007 4:01:00 PM UTC	1181174460000	0	2	yes	33.2	275.0	20506	20827	9248	6554	0	44241	2832	98	657	4100	0	134
June 6, 2007 4:02:00 PM UTC	1181174520000	0	2	yes	33.0	275.2	20506	20827	9259	6483	0	44301	2871	100	763	4086	0	146
June 6, 2007 4:03:00 PM UTC	1181174580000	0	2	yes	32.8	275.3	20506	20827	9259	6483	0	44301	2877	123	721	4064	0	167
June 6, 2007 4:04:00 PM UTC	1181174640000	0	2	yes	32.6	275.4	20506	20827	9248	6554	0	44241	2829	96	743	4051	0	167
June 6, 2007 4:05:00 PM UTC	1181174700000	0	2	yes	32.4	275.6	20506	20827	9258	6483	0	44302	2869	81	853	4038	0	165
June 6, 2007 4:06:00 PM UTC	1181174760000	0	2	yes	32.2	275.7	20506	20827	9258	6472	0	44313	2858	63	930	4026	0	157
June 6, 2007 4:07:00 PM UTC	1181174820000	0	3	yes	32.0	275.8	20506	20827	9258	6472	0	44313	2858	35	957	4019	0	154
June 6, 2007 4:08:00 PM UTC	1181174880000	0	3	yes	31.8	276.0	20506	20827	9258	6500	0	44285	2850	78	945	4004	0	152
June 6, 2007 4:09:00 PM UTC	1181174940000	0	3	yes	31.6	276.1	20506	20827	9257	6582	0	44204	2825	98	921	3999	0	180
June 6, 2007 4:10:00 PM UTC	1181175000000	0	2	yes	31.4	276.3	20506	20827	9256	6590	0	44197	2821	98	888	3977	0	155
June 6, 2007 4:11:00 PM UTC	1181175060000	1	2	yes	31.2	276.4	20506	20827	9256	6590	0	44197	2815	189	808	3970	0	133
June 6, 2007 4:12:00 PM UTC	1181175120000	0	3	yes	31.1	276.5	20506	20827	9256	6590	0	44197	2815	114	955	3956	0	147
June 6, 2007 4:13:00 PM UTC	1181175180000	0	2	yes	30.9	276.7	20506	20827	9257	6581	0	44205	2809	146	892	3947	0	156
June 6, 2007 4:14:00 PM UTC	1181175240000	0	3	yes	30.7	276.8	20506	20827	9257	6581	0	44205	2810	104	987	3932	0	173
June 6, 2007 4:15:00 PM UTC	1181175300000	1	2	yes	30.5	276.9	20506	20827	9257	6581	0	44205	2798	215	882	3927	0	180
June 6, 2007 4:16:00 PM UTC	1181175360000	0	3	yes	30.3	277.1	20506	20827	9256	6518	0	44269	2804	122	981	3925	0	149
June 6, 2007 4:17:00 PM UTC	1181175420000	0	3	yes	30.1	277.2	20506	20827	9256	6518	0	44269	2806	113	1003	3910	0	179
June 6, 2007 4:18:00 PM UTC	1181175480000	0	3	yes	29.9	277.3	20506	20827	9256	6518	0	44269	2800	85	1046	3901	0	218
June 6, 2007 4:19:00 PM UTC	1181175540000	1	3	yes	29.7	277.5	20506	20827	9255	6517	0	44271	2793	216	953	3895	0	197
June 6, 2007 4:20:00 PM UTC	1181175600000	1	3	yes	29.5	277.6	20506	20827	9255	6517	0	44271	2787	223	958	3886	0	187
June 6, 2007 4:21:00 PM UTC	1181175660000	0	3	yes	29.3	277.7	20506	20827	9255	6517	0	44271	2781	147	1056	3881	0	221
June 6, 2007 4:22:00 PM UTC	1181175720000	1	3	yes	29.1	277.9	20506	20827	9254	6516	0	44273	2769	189	1028	3872	0	229
June 6, 2007 4:23:00 PM UTC	1181175780000	1	3	yes	28.9	278.0	20506	20827	9254	6516	0	44273	2759	186	1058	3875	6	231
June 6, 2007 4:24:00 PM UTC	1181175840000	1	3	yes	28.7	278.1	20506	20827	9253	6526	0	44264	2747	277	948	3862	0	204
June 6, 2007 4:25:00 PM UTC	1181175900000	1	3	yes	28.5	278.3	20506	20827	9254	6517	0	44272	2741	258	1014	3856	0	227
June 6, 2007 4:26:00 PM UTC	1181175960000	1	3	yes	28.3	278.4	20506	20827	9252	6518	0	44273	2721	236	1058	3861	0	213
June 6, 2007 4:27:00 PM UTC	1181176020000	1	3	yes	28.1	278.5	20506	20827	9252	6518	0	44273	2718	387	931	3842	0	256
June 6, 2007 4:28:00 PM UTC	1181176080000	1	3	yes	27.9	278.7	20506	20827	9251	6518	0	44274	2713	342	984	3836	0	292
June 6, 2007 4:29:00 PM UTC	1181176140000	1	3	yes	27.7	278.8	20506	20827	9251	6518	0	44274	2699	346	1000	3844	0	215
June 6, 2007 4:30:00 PM UTC	1181176200000	1	3	yes	27.5	278.9	20506	20827	9251	6518	0	44274	2690	316	969	3831	0	263
June 6, 2007 4:31:00 PM UTC	1181176260000	1	3	yes	27.3	279.1	20506	20827	9250	6547	0	44246	2681	360	1005	3824	0	328
June 6, 2007 4:32:00 PM UTC	1181176320000	1	3	yes	27.1	279.2	20506	20827	9250	6547	0	44246	2673	391	949	3833	0	288
June 6, 2007 4:33:00 PM UTC	1181176380000	1	3	yes	26.9	279.3	20506	20827	9250	6547	0	44246	2659	431	909	3823	0	309
June 6, 2007 4:34:00 PM UTC	1181176440000	1	3	yes	26.7	279.5	20506	20827	9247	6558	0	44238	2642	436	909	3823	0	264
June 6, 2007 4:35:00 PM UTC	1181176500000	1	3	yes	26.5	279.6	20506	20827	9247	6558	0	44238	2634	438	914	3822	0	299
June 6, 2007 4:36:00 PM UTC	1181176560000	1	3	yes	26.3	279.7	20506	20827	9247	6558	0	44238	2620	399	1053	3811	0	272
June 6, 2007 4:37:00 PM UTC	1181176620000	1	3	yes	26.1	279.9	20506	20827	9246	6558	0	44239	2613	377	1063	3815	0	268
June 6, 2007 4:38:00 PM UTC	1181176680000	1	3	yes	25.9	280.0	20506	20827	9246	6558	0	44239	2596	401	1038	3812	0	305
June 6, 2007 4:39:00 PM UTC	1181176740000	1	3	yes	25.7	280.1	20506	20827	9246	6558	0	44239	2589	457	957	3811	0	330
June 6, 2007 4:40:00 PM UTC	1181176800000	1	3	yes	25.5	280.3	20506	20827	9245	6558	0	44240	2575	482	977	3808	0	318
June 6, 2007 4:41:00 PM UTC	1181176860000	1	3	yes	25.3	280.4	20506	20827	9245	6558	0	44240	2568	430	1038	3807	0	310
June 6, 2007 4:42:00 PM UTC	1181176920000	1	3	yes	25.1	280.5	20506	20827	9245	6558	0	44240	2551	524	937	3808	0	340
June 6, 2007 4:43:00 PM UTC	1181176980000	1	3	yes	24.9	280.7	20506	20827	9244	6497	0	44302	2553	440	1085	3807	0	326
June 6, 2007 4:44:00 PM UTC	1181177040000	1	3	yes	24.7	280.8	20506	20827	9244	6497	0	44302	2546	457	1041	3803	0	311
June 6, 2007 4:45:00 PM UTC	1181177100000	1	3	yes	24.5	280.9	20506	20827	9244	6493	0	44306	2528	444	1102	3803	6	356
June 6, 2007 4:46:00 PM UTC	1181177160000	1	3	yes	24.3	281.1	20506	20827	9253	6428	0	44362	2549	544	994	3807	0	366
June 6, 2007 4:47:00 PM UTC	1181177220000	1	3	yes	24.1	281.2	20506	20827	9242	6501	0	44300	2499	483	1073	3805	0	387
June 6, 2007 4:48:00 PM UTC	1181177280000	1	3	yes	23.9	281.3	20506	20827	9242	6501	0	44300	2492	506	1046	3804	0	310
June 6, 2007 4:49:00 PM UTC	1181177340000	1	3	yes	23.7	281.4	20506	20827	9253	6427	0	44363	2510	525	1078	3807	0	377
June 6, 2007 4:50:00 PM UTC	1181177400000	1	3	yes	23.5	281.6	20506	20827	9244	6483	0	44316	2465	586	979	3807	3	385
June 6, 2007 4:51:00 PM UTC	1181177460000	1	3	yes	23.3	281.7	20506	20827	9244	6483	0	44316	2451	563	1052	3810	0	384
June 6, 2007 4:52:00 PM UTC	1181177520000	1	3	yes	23.1	281.8	20506	20827	9252	6454	3	44334	2460	540	1086	3812	0	440
June 6, 2007 4:53:00 PM UTC	1181177580000	1	3	yes	22.9	282.0	20506	20827	9240	6591	4	44208	2406	580	1002	3807	0	399
June 6, 2007 4:54:00 PM UTC	1181177640000	1	3	yes	22.7	282.1	20506	20827	9240	6591	13	44199	2389	519	1052	3812	0	339
June 6, 2007 4:55:00 PM UTC	1181177700000	2	3	yes	22.5	282.2	20506	20827	9251	6522	24	44246	2410	758	883	3820	0	454
June 6, 2007 4:56:00 PM UTC	1181177760000	1	3	yes	22.3	282.4	20506	20827	9240	6592	29	44182	2356	603	1002	3822	9	379
June 6, 2007 4:57:00 PM UTC	1181177820000	1	3	yes	22.2	282.5	20506	20827	9240	6626	44	44133	2348	578	1013	3820	16	372
June 6, 2007 4:58:00 PM UTC	1181177880000	2	3	yes	22.0	282.6	20506	20827	9251	6558	64	44170	2360	620	976	3826	15	396
June 6, 2007 4:59:00 PM UTC	1181177940000	1	3	yes	21.8	282.8	20506	20827	9242	6609	72	44120	2322	563	1018	3832	0	418
June 6, 2007 5:00:00 PM UTC	1181178000000	1	3	yes	21.6	282.9	20506	20827	9242	6609	84	44108	2313	551	1008	3831	8	443
June 6, 2007 5:01:00 PM UTC	1181178060000	1	3	yes	21.4	283.0	20506	20827	9251	6556	106	44130	2324	566	921	3836	8	404
June 6, 2007 5:02:00 PM UTC	1181178120000	1	3	yes	21.2	283.2	20506	20827	9240	6625	105	44073	2274	489	994	3841	4	365
June 6, 2007 5:03:00 PM UTC	1181178180000	1	3	yes	21.0	283.3	20506	20827	9240	6625	119	44059	2258	473	981	3844	3	424
June 6, 2007 5:04:00 PM UTC	1181178240000	1	3	yes	20.8	283.4	20506	20827	9251	6554	136	44102	2281	446	999	3849	13	424
June 6, 2007 5:05:00 PM UTC	1181178300000	1	3	yes	20.6	283.6	20506	20827	9251	6553	146	44093	2264	497	962	3853	10	463
June 6, 2007 5:06:00 PM UTC	1181178360000	1	3	yes	20.4	283.7	20506	20827	9240	6623	146	44034	2216	455	954	3859	6	435
June 6, 2007 5:07:00 PM UTC	1181178420000	1	4	yes	20.2	283.8	20506	20827	9250	6554	166	44073	2232	355	1115	3866	0	431
June 6, 2007 5:08:00 PM UTC	1181178480000	1	4	yes	20.0	283.9	20506	20827	9250	6554	173	44066	2216	393	1067	3869	3	532
June 6, 2007 5:09:00 PM UTC	1181178540000	1	4	yes	19.8	284.1	20506	20827	9238	6572	174	44059	2183	365	1051	3875	1	477
June 6, 2007 5:10:00 PM UTC	1181178600000	1	3	yes	19.6	284.2	20506	20827	9250	6502	195	44096	2197	406	1005	3879	0	515
June 6, 2007 5:11:00 PM UTC	1181178660000	1	4	yes	19.4	284.3	20506	20827	9250	6502	206	44085	2177	318	1122	3892	0	538
June 6, 2007 5:12:00 PM UTC	1181178720000	1	4	yes	19.2	284.5	20506	20827	9241	6571	203	44028	2137	338	1091	3888	0	483
June 6, 2007 5:13:00 PM UTC	1181178780000	1	3	yes	19.0	284.6	20506	20827	9250	6500	223	44070	2153	418	948	3894	2	459
June 6, 2007 5:14:00 PM UTC	1181178840000	1	4	yes	18.8	284.7	20506	20827	9250	6500	235	44058	2133	256	1153	3908	0	481
June 6, 2007 5:15:00 PM UTC	1181178900000	1	3	yes	18.6	284.9	20506	20827	9239	6569	233	44002	2090	416	930	3912	1	436
June 6, 2007 5:16:00 PM UTC	1181178960000	1	3	yes	18.5	285.0	20506	20827	9248	6517	249	44029	2104	360	948	3915	0	484
June 6, 2007 5:17:00 PM UTC	1181179020000	1	3	yes	18.3	285.1	20506	20827	9248	6517	260	44018	2084	306	985	3928	1	472
June 6, 2007 5:18:00 PM UTC	1181179080000	1	4	yes	18.1	285.3	20506	20827	9248	6517	271	44007	2064	291	1011	3934	0	512
June 6, 2007 5:19:00 PM UTC	1181179140000	1	3	yes	17.9	285.4	20506	20827	9248	6516	277	44002	2050	316	944	3944	0	552
June 6, 2007 5:20:00 PM UTC	1181179200000	1	3	yes	17.7	285.5	20506	20827	9248	6516	285	43994	2040	267	937	3948	0	451
June 6, 2007 5:21:00 PM UTC	1181179260000	1	3	yes	17.5	285.7	20506	20827	9248	6516	290	43989	2024	317	947	3960	0	448
June 6, 2007 5:22:00 PM UTC	1181179320000	1	3	yes	17.3	285.8	20506	20827	9248	6514	292	43989	2010	261	981	3967	0	493
June 6, 2007 5:23:00 PM UTC	1181179380000	1	3	yes	17.1	285.9	20506	20827	9250	6495	301	43997	1999	336	937	3973	1	498
June 6, 2007 5:24:00 PM UTC	1181179440000	1	3	yes	16.9	286.1	20506	20827	9247	6555	305	43936	1968	315	963	3986	1	500
June 6, 2007 5:25:00 PM UTC	1181179500000	1	4	yes	16.7	286.2	20506	20827	9246	6556	310	43931	1956	249	1016	3994	1	492
June 6, 2007 5:26:00 PM UTC	1181179560000	1	4	yes	16.5	286.3	20506	20827	9246	6556	317	43924	1939	229	997	4006	0	529
June 6, 2007 5:27:00 PM UTC	1181179620000	0	4	yes	16.3	286.5	20506	20827	9246	6556	321	43920	1928	178	980	4013	0	552
June 6, 2007 5:28:00 PM UTC	1181179680000	0	3	yes	16.1	286.6	20506	20827	9247	6554	329	43913	1916	173	899	4022	0	507
June 6, 2007 5:29:00 PM UTC	1181179740000	0	3	yes	15.9	286.7	20506	20827	9247	6554	336	43906	1893	189	949	4036	0	468
June 6, 2007 5:30:00 PM UTC	1181179800000	1	3	yes	15.8	286.9	20506	20827	9247	6554	337	43905	1879	248	900	4041	0	472
June 6, 2007 5:31:00 PM UTC	1181179860000	1	3	yes	15.6	287.0	20506	20827	9254	6504	346	43939	1883	235	910	4056	1	475
June 6, 2007 5:32:00 PM UTC	1181179920000	1	3	yes	15.4	287.1	20506	20827	9244	6572	346	43881	1842	245	855	4070	0	506
June 6, 2007 5:33:00 PM UTC	1181179980000	1	4	yes	15.2	287.3	20506	20827	9244	6572	350	43877	1826	201	934	4083	0	522
June 6, 2007 5:34:00 PM UTC	1181180040000	1	3	yes	15.0	287.4	20506	20827	9256	6433	369	43985	1849	217	884	4089	0	524
June 6, 2007 5:35:00 PM UTC	1181180100000	1	4	yes	14.8	287.5	20506	20827	9245	6495	365	43938	1806	237	882	4099	0	587
June 6, 2007 5:36:00 PM UTC	1181180160000	1	3	yes	14.6	287.7	20506	20827	9245	6495	372	43931	1784	256	853	4117	0	551
June 6, 2007 5:37:00 PM UTC	1181180220000	1	3	yes	14.4	287.8	20506	20827	9253	6458	379	43953	1790	219	883	4126	0	541
June 6, 2007 5:38:00 PM UTC	1181180280000	1	3	yes	14.2	287.9	20506	20827	9244	6524	366	43909	1744	238	851	4143	0	506
June 6, 2007 5:39:00 PM UTC	1181180340000	1	4	yes	14.0	288.1	20506	20827	9244	6524	373	43902	1731	207	855	4154	1	620
June 6, 2007 5:40:00 PM UTC	1181180400000	1	3	yes	13.8	288.2	20506	20827	9254	6451	391	43947	1742	204	821	4170	0	504
June 6, 2007 5:41:00 PM UTC	1181180460000	0	3	yes	13.6	288.3	20506	20827	9244	6495	387	43917	1714	190	786	4178	0	553
June 6, 2007 5:42:00 PM UTC	1181180520000	0	3	yes	13.5	288.5	20506	20827	9244	6510	391	43898	1693	177	805	4194	0	513
June 6, 2007 5:43:00 PM UTC	1181180580000	0	4	yes	13.3	288.6	20506	20827	9255	6440	408	43940	1701	172	872	4211	0	549
June 6, 2007 5:44:00 PM UTC	1181180640000	0	4	yes	13.1	288.7	20506	20827	9252	6463	411	43917	1671	194	864	4230	0	551
June 6, 2007 5:45:00 PM UTC	1181180700000	0	3	yes	12.9	288.9	20506	20827	9241	6531	398	43873	1635	161	808	4238	1	545
June 6, 2007 5:46:00 PM UTC	1181180760000	0	3	yes	12.7	289.0	20506	20827	9252	6463	413	43915	1643	182	755	4256	0	539
June 6, 2007 5:47:00 PM UTC	1181180820000	0	3	yes	12.5	289.1	20506	20827	9252	6463	414	43914	1627	200	757	4272	0	559
June 6, 2007 5:48:00 PM UTC	1181180880000	0	3	yes	12.3	289.3	20506	20827	9244	6531	408	43860	1597	113	813	4280	0	565
June 6, 2007 5:49:00 PM UTC	1181180940000	0	3	yes	12.1	289.4	20506	20827	9252	6461	419	43911	1600	150	756	4300	0	527
June 6, 2007 5:50:00 PM UTC	1181181000000	0	3	yes	11.9	289.5	20506	20827	9248	6484	417	43894	1574	93	744	4315	0	538
June 6, 2007 5:51:00 PM UTC	1181181060000	0	3	yes	11.8	289.7	20506	20827	9237	6551	408	43847	1537	118	719	4329	1	626
June 6, 2007 5:52:00 PM UTC	1181181120000	0	3	yes	11.6	289.8	20506	20827	9249	6483	426	43885	1544	100	726	4348	0	503
June 6, 2007 5:53:00 PM UTC	1181181180000	0	3	yes	11.4	289.9	20506	20827	9248	6610	425	43760	1510	145	717	4370	0	549
June 6, 2007 5:54:00 PM UTC	1181181240000	0	3	yes	11.2	290.1	20506	20827	9248	6610	428	43757	1500	116	699	4381	6	545
June 6, 2007 5:55:00 PM UTC	1181181300000	0	3	yes	11.0	290.2	20506	20827	9250	6585	433	43775	1493	114	743	4396	6	677
June 6, 2007 5:56:00 PM UTC	1181181360000	0	3	yes	10.8	290.3	20506	20827	9247	6605	433	43758	1470	129	667	4409	4	620
June 6, 2007 5:57:00 PM UTC	1181181420000	0	3	yes	10.6	290.5	20506	20827	9248	6544	435	43816	1465	135	690	4422	3	588
June 6, 2007 5:58:00 PM UTC	1181181480000	0	3	yes	10.4	290.6	20506	20827	9248	6543	436	43816	1446	162	690	4439	0	676
June 6, 2007 5:59:00 PM UTC	1181181540000	0	3	yes	10.2	290.7	20506	20827	9248	6543	437	43815	1436	116	741	4451	2	596
June 6, 2007 6:00:00 PM UTC	1181181600000	0	3	yes	10.1	290.9	20506	20827	9248	6543	438	43814	1417	136	661	4470	0	671
June 6, 2007 6:01:00 PM UTC	1181181660000	0	3	yes	9.9	291.0	20506	20827	9246	6559	440	43798	1399	134	657	4486	9	610
June 6, 2007 6:02:00 PM UTC	1181181720000	0	3	yes	9.7	291.2	20506	20827	9243	6577	438	43785	1376	124	663	4500	0	562
June 6, 2007 6:03:00 PM UTC	1181181780000	0	3	yes	9.5	291.3	20506	20827	9243	6577	439	43784	1358	133	634	4517	0	731
June 6, 2007 6:04:00 PM UTC	1181181840000	0	3	yes	9.3	291.4	20506	20827	9243	6576	446	43778	1344	114	613	4531	5	603
June 6, 2007 6:05:00 PM UTC	1181181900000	0	3	yes	9.1	291.6	20506	20827	9243	6576	448	43776	1323	78	687	4553	0	668
June 6, 2007 6:06:00 PM UTC	1181181960000	0	3	yes	8.9	291.7	20506	20827	9243	6576	448	43776	1309	86	683	4566	0	643
June 6, 2007 6:07:00 PM UTC	1181182020000	0	3	yes	8.7	291.8	20506	20827	9258	6483	462	43840	1324	70	716	4588	4	601
June 6, 2007 6:08:00 PM UTC	1181182080000	0	3	yes	8.6	292.0	20506	20827	9245	6574	451	43773	1280	73	602	4594	2	632
June 6, 2007 6:09:00 PM UTC	1181182140000	0	3	yes	8.4	292.1	20506	20827	9245	6574	453	43771	1263	69	627	4613	2	664
June 6, 2007 6:10:00 PM UTC	1181182200000	0	4	yes	8.2	292.3	20506	20827	9256	6508	463	43816	1271	77	678	4629	0	790
June 6, 2007 6:11:00 PM UTC	1181182260000	0	4	yes	8.0	292.4	20506	20827	9245	6574	456	43768	1233	84	554	4643	4	767
June 6, 2007 6:12:00 PM UTC	1181182320000	0	3	yes	7.8	292.5	20506	20827	9245	6574	459	43765	1222	79	538	4655	4	731
June 6, 2007 6:13:00 PM UTC	1181182380000	0	4	yes	7.6	292.7	20506	20827	9251	6522	468	43802	1223	67	640	4671	0	878
June 6, 2007 6:14:00 PM UTC	1181182440000	0	3	yes	7.5	292.8	20506	20827	9240	6599	460	43744	1180	33	567	4687	2	688
June 6, 2007 6:15:00 PM UTC	1181182500000	0	4	yes	7.3	293.0	20506	20827	9240	6599	460	43744	1172	67	561	4695	11	780
June 6, 2007 6:16:00 PM UTC	1181182560000	0	4	yes	7.1	293.1	20506	20827	9251	6533	466	43793	1171	17	572	4720	0	751
June 6, 2007 6:17:00 PM UTC	1181182620000	0	4	yes	6.9	293.2	20506	20827	9251	6533	467	43792	1162	75	607	4727	6	804
June 6, 2007 6:18:00 PM UTC	1181182680000	0	4	yes	6.7	293.4	20506	20827	9246	6521	468	43808	1136	43	562	4746	9	933
June 6, 2007 6:19:00 PM UTC	1181182740000	0	3	yes	6.5	293.5	20506	20827	9251	6484	471	43837	1134	48	553	4762	0	724
June 6, 2007 6:20:00 PM UTC	1181182800000	0	3	yes	6.3	293.7	20506	20827	9251	6484	469	43839	1116	32	473	4779	0	646
June 6, 2007 6:21:00 PM UTC	1181182860000	0	3	yes	6.2	293.8	20506	20827	9241	6549	466	43787	1084	22	495	4789	1	733
June 6, 2007 6:22:00 PM UTC	1181182920000	0	3	yes	6.0	293.9	20506	20827	9251	6483	473	43836	1087	35	490	4808	2	793
June 6, 2007 6:23:00 PM UTC	1181182980000	0	3	yes	5.8	294.1	20506	20827	9250	6530	477	43786	1064	49	469	4826	0	587
June 6, 2007 6:24:00 PM UTC	1181183040000	0	3	yes	5.6	294.2	20506	20827	9246	6558	484	43755	1047	43	478	4834	0	597
June 6, 2007 6:25:00 PM UTC	1181183100000	0	2	yes	5.4	294.4	20506	20827	9246	6558	494	43745	1027	32	412	4854	0	466
June 6, 2007 6:26:00 PM UTC	1181183160000	0	3	yes	5.2	294.5	20506	20827	9246	6558	503	43736	1019	29	403	4861	0	526
June 6, 2007 6:27:00 PM UTC	1181183220000	0	2	yes	5.1	294.6	20506	20827	9249	6529	515	43750	1009	41	332	4884	0	420
June 6, 2007 6:28:00 PM UTC	1181183280000	0	2	yes	4.9	294.8	20506	20827	9249	6529	522	43743	998	24	409	4896	0	465
June 6, 2007 6:29:00 PM UTC	1181183340000	0	2	yes	4.7	294.9	20506	20827	9246	6557	525	43715	973	43	359	4910	0	504
June 6, 2007 6:30:00 PM UTC	1181183400000	0	2	yes	4.5	295.1	20506	20827	9257	6491	539	43756	977	14	296	4929	0	310
June 6, 2007 6:31:00 PM UTC	1181183460000	0	2	yes	4.3	295.2	20506	20827	9246	6556	542	43699	941	12	251	4942	0	308
June 6, 2007 6:32:00 PM UTC	1181183520000	0	2	yes	4.2	295.3	20506	20827	9246	6556	558	43683	930	8	331	4953	0	252
June 6, 2007 6:33:00 PM UTC	1181183580000	0	2	yes	4.0	295.5	20506	20827	9256	6493	582	43712	928	9	272	4978	0	256
June 6, 2007 6:34:00 PM UTC	1181183640000	0	1	yes	3.8	295.6	20506	20827	9242	6586	583	43632	890	5	256	4982	0	190
June 6, 2007 6:35:00 PM UTC	1181183700000	0	2	yes	3.6	295.8	20506	20827	9241	6601	604	43597	877	8	221	4991	0	319
June 6, 2007 6:36:00 PM UTC	1181183760000	1	1	yes	3.4	295.9	20506	20827	9255	6507	653	43628	884	4	203	5020	1	196
June 6, 2007 6:37:00 PM UTC	1181183820000	1	1	yes	3.3	296.1	20506	20827	9245	6570	674	43554	854	0	120	5025	2	254
June 6, 2007 6:38:00 PM UTC	1181183880000	1	1	yes	3.1	296.2	20506	20827	9245	6570	707	43521	837	0	138	5043	0	214
