June 14, 2013 5:00:00 AM UTC	1371214800000	1	4	yes	5.4	64.9	20506	20827	9246	6560	495	43742	1028	242	307	4854	161	1352
June 14, 2013 5:01:00 AM UTC	1371214860000	1	4	yes	5.6	65.0	20506	20827	9246	6561	487	43749	1043	248	325	4838	216	1311
June 14, 2013 5:02:00 AM UTC	1371214920000	1	4	yes	5.7	65.2	20506	20827	9246	6561	477	43759	1057	318	289	4826	155	1357
June 14, 2013 5:03:00 AM UTC	1371214980000	1	4	yes	5.9	65.3	20506	20827	9249	6532	474	43788	1084	305	304	4809	193	1428
June 14, 2013 5:04:00 AM UTC	1371215040000	1	4	yes	6.1	65.4	20506	20827	9246	6562	470	43765	1085	316	322	4795	215	1304
June 14, 2013 5:05:00 AM UTC	1371215100000	1	4	yes	6.3	65.6	20506	20827	9246	6562	468	43767	1105	284	342	4776	189	1266
June 14, 2013 5:06:00 AM UTC	1371215160000	1	4	yes	6.5	65.7	20506	20827	9246	6562	466	43769	1113	338	320	4766	196	1397
June 14, 2013 5:07:00 AM UTC	1371215220000	1	4	yes	6.7	65.9	20506	20827	9246	6562	465	43770	1131	353	312	4752	153	1321
June 14, 2013 5:08:00 AM UTC	1371215280000	1	4	yes	6.8	66.0	20506	20827	9251	6487	467	43838	1154	391	294	4739	225	1423
June 14, 2013 5:09:00 AM UTC	1371215340000	1	4	yes	7.0	66.1	20506	20827	9251	6487	470	43835	1172	388	315	4723	197	1347
June 14, 2013 5:10:00 AM UTC	1371215400000	1	4	yes	7.2	66.3	20506	20827	9241	6553	461	43788	1165	386	303	4707	205	1437
June 14, 2013 5:11:00 AM UTC	1371215460000	1	4	yes	7.4	66.4	20506	20827	9251	6488	469	43835	1204	362	356	4693	152	1367
June 14, 2013 5:12:00 AM UTC	1371215520000	2	4	yes	7.6	66.5	20506	20827	9251	6488	466	43838	1220	376	382	4675	257	1363
June 14, 2013 5:13:00 AM UTC	1371215580000	1	4	yes	7.8	66.7	20506	20827	9245	6575	459	43764	1216	376	361	4659	182	1366
June 14, 2013 5:14:00 AM UTC	1371215640000	1	4	yes	7.9	66.8	20506	20827	9251	6538	463	43791	1246	412	373	4645	170	1439
June 14, 2013 5:15:00 AM UTC	1371215700000	1	4	yes	8.1	67.0	20506	20827	9251	6538	463	43791	1258	388	384	4629	159	1347
June 14, 2013 5:16:00 AM UTC	1371215760000	1	4	yes	8.3	67.1	20506	20827	9240	6604	450	43749	1257	454	355	4611	165	1407
June 14, 2013 5:17:00 AM UTC	1371215820000	1	4	yes	8.5	67.2	20506	20827	9248	6551	457	43787	1287	444	375	4603	180	1308
June 14, 2013 5:18:00 AM UTC	1371215880000	2	4	yes	8.7	67.4	20506	20827	9253	6512	460	43818	1314	478	366	4588	272	1151
June 14, 2013 5:19:00 AM UTC	1371215940000	1	4	yes	8.9	67.5	20506	20827	9245	6579	451	43768	1303	396	453	4572	160	1350
June 14, 2013 5:20:00 AM UTC	1371216000000	2	4	yes	9.1	67.7	20506	20827	9245	6579	448	43771	1320	460	397	4554	201	1199
June 14, 2013 5:21:00 AM UTC	1371216060000	2	4	yes	9.2	67.8	20506	20827	9256	6513	455	43819	1354	473	421	4545	157	1288
June 14, 2013 5:22:00 AM UTC	1371216120000	2	4	yes	9.4	67.9	20506	20827	9245	6579	440	43779	1350	479	408	4526	177	1151
June 14, 2013 5:23:00 AM UTC	1371216180000	2	4	yes	9.6	68.1	20506	20827	9245	6579	438	43781	1368	533	395	4508	216	1234
June 14, 2013 5:24:00 AM UTC	1371216240000	2	4	yes	9.8	68.2	20506	20827	9258	6489	455	43841	1415	494	445	4496	286	1034
June 14, 2013 5:25:00 AM UTC	1371216300000	2	4	yes	10.0	68.3	20506	20827	9243	6581	434	43785	1400	575	387	4477	219	1249
June 14, 2013 5:26:00 AM UTC	1371216360000	2	3	yes	10.2	68.5	20506	20827	9243	6581	434	43785	1417	572	403	4462	242	849
June 14, 2013 5:27:00 AM UTC	1371216420000	2	3	yes	10.4	68.6	20506	20827	9253	6523	440	43827	1453	580	411	4447	229	854
June 14, 2013 5:28:00 AM UTC	1371216480000	2	3	yes	10.5	68.7	20506	20827	9243	6582	429	43789	1443	462	510	4434	277	868
June 14, 2013 5:29:00 AM UTC	1371216540000	2	3	yes	10.7	68.9	20506	20827	9243	6582	429	43789	1466	540	466	4409	249	790
June 14, 2013 5:30:00 AM UTC	1371216600000	2	3	yes	10.9	69.0	20506	20827	9247	6550	435	43811	1486	576	447	4401	223	824
June 14, 2013 5:31:00 AM UTC	1371216660000	1	4	yes	11.1	69.1	20506	20827	9248	6548	429	43818	1500	442	584	4387	155	881
June 14, 2013 5:32:00 AM UTC	1371216720000	2	3	yes	11.3	69.3	20506	20827	9248	6548	430	43817	1520	516	524	4367	266	733
June 14, 2013 5:33:00 AM UTC	1371216780000	2	3	yes	11.5	69.4	20506	20827	9248	6548	426	43821	1532	527	544	4353	186	817
June 14, 2013 5:34:00 AM UTC	1371216840000	2	3	yes	11.7	69.6	20506	20827	9248	6549	420	43826	1547	484	580	4338	169	790
June 14, 2013 5:35:00 AM UTC	1371216900000	2	3	yes	11.9	69.7	20506	20827	9250	6589	420	43784	1565	563	518	4322	130	804
June 14, 2013 5:36:00 AM UTC	1371216960000	2	3	yes	12.1	69.8	20506	20827	9250	6589	419	43785	1585	648	465	4303	240	728
June 14, 2013 5:37:00 AM UTC	1371217020000	2	3	yes	12.2	70.0	20506	20827	9248	6612	412	43771	1588	635	479	4292	181	775
June 14, 2013 5:38:00 AM UTC	1371217080000	2	3	yes	12.4	70.1	20506	20827	9248	6612	409	43774	1607	592	556	4273	292	734
June 14, 2013 5:39:00 AM UTC	1371217140000	2	3	yes	12.6	70.2	20506	20827	9249	6486	410	43898	1632	560	598	4260	220	765
June 14, 2013 5:40:00 AM UTC	1371217200000	2	3	yes	12.8	70.4	20506	20827	9237	6553	398	43855	1621	571	581	4246	203	775
June 14, 2013 5:41:00 AM UTC	1371217260000	2	3	yes	13.0	70.5	20506	20827	9248	6486	402	43907	1661	594	603	4229	187	729
June 14, 2013 5:42:00 AM UTC	1371217320000	2	3	yes	13.2	70.6	20506	20827	9252	6464	402	43925	1685	635	571	4218	182	763
June 14, 2013 5:43:00 AM UTC	1371217380000	2	3	yes	13.4	70.8	20506	20827	9244	6535	389	43875	1678	682	546	4204	209	730
June 14, 2013 5:44:00 AM UTC	1371217440000	2	3	yes	13.6	70.9	20506	20827	9252	6467	400	43924	1712	656	571	4193	164	774
June 14, 2013 5:45:00 AM UTC	1371217500000	2	3	yes	13.8	71.0	20506	20827	9252	6467	393	43931	1733	638	617	4175	119	838
June 14, 2013 5:46:00 AM UTC	1371217560000	2	3	yes	13.9	71.2	20506	20827	9241	6534	376	43892	1719	620	636	4159	197	744
June 14, 2013 5:47:00 AM UTC	1371217620000	2	3	yes	14.1	71.3	20506	20827	9252	6467	386	43938	1769	682	594	4144	176	715
June 14, 2013 5:48:00 AM UTC	1371217680000	2	3	yes	14.3	71.4	20506	20827	9255	6447	387	43954	1790	699	568	4135	198	665
June 14, 2013 5:49:00 AM UTC	1371217740000	2	3	yes	14.5	71.6	20506	20827	9244	6512	375	43912	1781	798	504	4121	188	700
June 14, 2013 5:50:00 AM UTC	1371217800000	2	3	yes	14.7	71.7	20506	20827	9244	6514	367	43918	1796	689	628	4110	124	725
June 14, 2013 5:51:00 AM UTC	1371217860000	2	3	yes	14.9	71.8	20506	20827	9254	6466	367	43956	1825	859	481	4102	153	665
June 14, 2013 5:52:00 AM UTC	1371217920000	2	3	yes	15.1	72.0	20506	20827	9245	6528	354	43916	1817	769	575	4084	159	659
June 14, 2013 5:53:00 AM UTC	1371217980000	2	3	yes	15.3	72.1	20506	20827	9245	6528	349	43921	1838	693	639	4071	124	720
June 14, 2013 5:54:00 AM UTC	1371218040000	2	3	yes	15.5	72.2	20506	20827	9254	6462	348	43979	1883	779	641	4058	163	723
June 14, 2013 5:55:00 AM UTC	1371218100000	2	3	yes	15.7	72.3	20506	20827	9244	6521	336	43942	1870	769	641	4053	156	808
June 14, 2013 5:56:00 AM UTC	1371218160000	2	3	yes	15.8	72.5	20506	20827	9244	6521	333	43945	1889	885	544	4037	188	794
June 14, 2013 5:57:00 AM UTC	1371218220000	3	3	yes	16.0	72.6	20506	20827	9256	6447	340	44000	1933	926	528	4028	170	761
June 14, 2013 5:58:00 AM UTC	1371218280000	2	3	yes	16.2	72.7	20506	20827	9244	6575	316	43908	1906	742	734	4023	170	730
June 14, 2013 5:59:00 AM UTC	1371218340000	2	3	yes	16.4	72.9	20506	20827	9244	6575	312	43912	1926	851	624	4012	153	737
June 14, 2013 6:00:00 AM UTC	1371218400000	3	3	yes	16.6	73.0	20506	20827	9254	6508	317	43964	1975	930	589	3996	190	694
June 14, 2013 6:01:00 AM UTC	1371218460000	2	3	yes	16.8	73.1	20506	20827	9247	6555	309	43932	1972	873	645	3982	144	786
June 14, 2013 6:02:00 AM UTC	1371218520000	2	3	yes	17.0	73.3	20506	20827	9247	6555	301	43940	1977	874	630	3984	137	762
June 14, 2013 6:03:00 AM UTC	1371218580000	2	3	yes	17.2	73.4	20506	20827	9247	6555	296	43945	1997	906	634	3969	130	746
June 14, 2013 6:04:00 AM UTC	1371218640000	3	3	yes	17.4	73.5	20506	20827	9246	6556	288	43953	2007	973	594	3963	208	732
June 14, 2013 6:05:00 AM UTC	1371218700000	3	3	yes	17.6	73.7	20506	20827	9246	6556	282	43959	2028	976	584	3951	166	810
June 14, 2013 6:06:00 AM UTC	1371218760000	2	4	yes	17.8	73.8	20506	20827	9246	6556	275	43966	2045	878	727	3944	168	804
June 14, 2013 6:07:00 AM UTC	1371218820000	3	3	yes	18.0	73.9	20506	20827	9247	6558	269	43969	2058	1010	600	3936	193	732
June 14, 2013 6:08:00 AM UTC	1371218880000	3	3	yes	18.2	74.1	20506	20827	9250	6499	267	44027	2088	990	654	3926	155	754
June 14, 2013 6:09:00 AM UTC	1371218940000	3	3	yes	18.3	74.2	20506	20827	9248	6518	254	44023	2087	946	729	3927	169	720
June 14, 2013 6:10:00 AM UTC	1371219000000	3	3	yes	18.5	74.3	20506	20827	9248	6518	243	44034	2099	1016	671	3918	154	734
June 14, 2013 6:11:00 AM UTC	1371219060000	3	3	yes	18.7	74.5	20506	20827	9248	6518	235	44042	2119	1049	637	3912	166	699
June 14, 2013 6:12:00 AM UTC	1371219120000	3	3	yes	18.9	74.6	20506	20827	9248	6518	227	44050	2138	990	721	3901	171	707
June 14, 2013 6:13:00 AM UTC	1371219180000	3	3	yes	19.1	74.7	20506	20827	9238	6587	205	44013	2117	964	754	3896	180	687
June 14, 2013 6:14:00 AM UTC	1371219240000	3	4	yes	19.3	74.8	20506	20827	9248	6520	207	44068	2164	1006	751	3888	153	700
June 14, 2013 6:15:00 AM UTC	1371219300000	3	3	yes	19.5	75.0	20506	20827	9248	6520	198	44077	2177	1029	702	3883	140	736
June 14, 2013 6:16:00 AM UTC	1371219360000	3	3	yes	19.7	75.1	20506	20827	9239	6571	179	44054	2170	1040	731	3878	144	744
June 14, 2013 6:17:00 AM UTC	1371219420000	3	4	yes	19.9	75.2	20506	20827	9250	6503	179	44111	2218	1068	745	3873	146	732
June 14, 2013 6:18:00 AM UTC	1371219480000	3	3	yes	20.1	75.4	20506	20827	9250	6503	171	44119	2232	1145	672	3866	157	733
June 14, 2013 6:19:00 AM UTC	1371219540000	3	3	yes	20.3	75.5	20506	20827	9241	6575	155	44072	2212	1142	653	3862	170	745
June 14, 2013 6:20:00 AM UTC	1371219600000	3	4	yes	20.5	75.6	20506	20827	9250	6505	151	44137	2256	1102	754	3857	170	711
June 14, 2013 6:21:00 AM UTC	1371219660000	3	3	yes	20.7	75.8	20506	20827	9250	6505	144	44144	2273	1205	635	3852	161	739
June 14, 2013 6:22:00 AM UTC	1371219720000	3	3	yes	20.9	75.9	20506	20827	9238	6574	121	44110	2257	1172	693	3846	167	743
June 14, 2013 6:23:00 AM UTC	1371219780000	3	3	yes	21.1	76.0	20506	20827	9248	6573	123	44099	2292	1136	725	3843	150	737
June 14, 2013 6:24:00 AM UTC	1371219840000	3	4	yes	21.3	76.1	20506	20827	9250	6557	112	44124	2310	1180	749	3840	150	716
June 14, 2013 6:25:00 AM UTC	1371219900000	3	3	yes	21.5	76.3	20506	20827	9240	6627	90	44086	2287	1196	667	3836	158	711
June 14, 2013 6:26:00 AM UTC	1371219960000	3	3	yes	21.6	76.4	20506	20827	9240	6627	76	44100	2311	1248	670	3828	143	728
June 14, 2013 6:27:00 AM UTC	1371220020000	3	3	yes	21.8	76.5	20506	20827	9251	6558	72	44162	2352	1217	731	3828	162	645
June 14, 2013 6:28:00 AM UTC	1371220080000	3	3	yes	22.0	76.7	20506	20827	9240	6627	54	44122	2335	1237	706	3828	147	680
June 14, 2013 6:29:00 AM UTC	1371220140000	3	3	yes	22.2	76.8	20506	20827	9240	6627	40	44136	2347	1250	642	3824	156	658
June 14, 2013 6:30:00 AM UTC	1371220200000	3	3	yes	22.4	76.9	20506	20827	9251	6556	34	44202	2396	1288	681	3819	166	590
June 14, 2013 6:31:00 AM UTC	1371220260000	3	3	yes	22.6	77.1	20506	20827	9251	6556	19	44217	2410	1267	723	3818	173	639
June 14, 2013 6:32:00 AM UTC	1371220320000	3	3	yes	22.8	77.2	20506	20827	9242	6615	10	44176	2394	1328	678	3814	161	638
June 14, 2013 6:33:00 AM UTC	1371220380000	3	3	yes	23.0	77.3	20506	20827	9253	6545	4	44241	2448	1345	668	3813	163	662
June 14, 2013 6:34:00 AM UTC	1371220440000	4	3	yes	23.2	77.5	20506	20827	9251	6558	0	44234	2448	1366	666	3813	179	675
June 14, 2013 6:35:00 AM UTC	1371220500000	3	3	yes	23.4	77.6	20506	20827	9240	6629	0	44174	2425	1327	698	3811	186	641
June 14, 2013 6:36:00 AM UTC	1371220560000	3	3	yes	23.6	77.7	20506	20827	9251	6527	0	44265	2479	1312	734	3807	178	651
June 14, 2013 6:37:00 AM UTC	1371220620000	3	3	yes	23.8	77.8	20506	20827	9251	6527	0	44265	2488	1315	665	3812	187	609
June 14, 2013 6:38:00 AM UTC	1371220680000	3	3	yes	24.0	78.0	20506	20827	9240	6597	0	44206	2471	1282	705	3803	178	555
June 14, 2013 6:39:00 AM UTC	1371220740000	3	3	yes	24.2	78.1	20506	20827	9242	6499	0	44302	2502	1296	729	3801	143	641
June 14, 2013 6:40:00 AM UTC	1371220800000	3	3	yes	24.4	78.2	20506	20827	9254	6428	0	44361	2554	1343	697	3808	142	605
June 14, 2013 6:41:00 AM UTC	1371220860000	3	3	yes	24.6	78.4	20506	20827	9242	6513	0	44288	2518	1327	651	3810	168	633
June 14, 2013 6:42:00 AM UTC	1371220920000	3	3	yes	24.8	78.5	20506	20827	9242	6513	0	44288	2537	1317	685	3803	170	527
June 14, 2013 6:43:00 AM UTC	1371220980000	3	3	yes	25.0	78.6	20506	20827	9253	6430	0	44360	2587	1347	701	3805	154	630
June 14, 2013 6:44:00 AM UTC	1371221040000	3	3	yes	25.2	78.8	20506	20827	9243	6495	0	44305	2563	1305	703	3809	148	604
June 14, 2013 6:45:00 AM UTC	1371221100000	3	3	yes	25.4	78.9	20506	20827	9243	6495	0	44305	2579	1326	674	3808	138	615
June 14, 2013 6:46:00 AM UTC	1371221160000	3	3	yes	25.6	79.0	20506	20827	9253	6429	0	44361	2630	1337	684	3805	131	575
June 14, 2013 6:47:00 AM UTC	1371221220000	3	3	yes	25.8	79.1	20506	20827	9243	6507	0	44293	2606	1259	760	3811	149	565
June 14, 2013 6:48:00 AM UTC	1371221280000	3	3	yes	26.0	79.3	20506	20827	9243	6507	0	44293	2612	1264	737	3813	125	559
June 14, 2013 6:49:00 AM UTC	1371221340000	3	3	yes	26.2	79.4	20506	20827	9255	6493	0	44295	2651	1294	717	3816	124	542
June 14, 2013 6:50:00 AM UTC	1371221400000	3	3	yes	26.4	79.5	20506	20827	9245	6560	0	44238	2622	1276	715	3822	130	569
June 14, 2013 6:51:00 AM UTC	1371221460000	3	3	yes	26.6	79.7	20506	20827	9245	6560	0	44238	2635	1268	696	3820	123	563
June 14, 2013 6:52:00 AM UTC	1371221520000	3	3	yes	26.7	79.8	20506	20827	9257	6487	0	44299	2688	1250	770	3820	88	532
June 14, 2013 6:53:00 AM UTC	1371221580000	3	3	yes	26.9	79.9	20506	20827	9246	6560	0	44237	2651	1231	740	3828	93	583
June 14, 2013 6:54:00 AM UTC	1371221640000	3	3	yes	27.1	80.1	20506	20827	9246	6560	0	44237	2665	1244	726	3828	123	539
June 14, 2013 6:55:00 AM UTC	1371221700000	3	3	yes	27.3	80.2	20506	20827	9256	6489	0	44298	2714	1299	698	3832	93	507
June 14, 2013 6:56:00 AM UTC	1371221760000	3	3	yes	27.5	80.3	20506	20827	9247	6560	0	44236	2688	1231	730	3833	115	506
June 14, 2013 6:57:00 AM UTC	1371221820000	3	3	yes	27.7	80.5	20506	20827	9247	6560	0	44236	2688	1199	717	3848	90	526
June 14, 2013 6:58:00 AM UTC	1371221880000	3	3	yes	27.9	80.6	20506	20827	9247	6560	0	44236	2704	1152	788	3846	84	548
June 14, 2013 6:59:00 AM UTC	1371221940000	3	3	yes	28.1	80.7	20506	20827	9250	6549	0	44244	2719	1171	744	3839	120	440
June 14, 2013 7:00:00 AM UTC	1371222000000	3	3	yes	28.3	80.9	20506	20827	9250	6549	0	44244	2726	1174	751	3865	104	456
June 14, 2013 7:01:00 AM UTC	1371222060000	3	3	yes	28.5	81.0	20506	20827	9250	6520	0	44273	2738	1161	747	3855	95	522
June 14, 2013 7:02:00 AM UTC	1371222120000	3	3	yes	28.7	81.1	20506	20827	9251	6521	0	44271	2748	1136	773	3854	108	459
June 14, 2013 7:03:00 AM UTC	1371222180000	3	3	yes	28.9	81.3	20506	20827	9251	6521	0	44271	2761	1175	746	3870	109	529
June 14, 2013 7:04:00 AM UTC	1371222240000	3	3	yes	29.1	81.4	20506	20827	9251	6521	0	44271	2763	1150	749	3873	110	515
June 14, 2013 7:05:00 AM UTC	1371222300000	3	3	yes	29.3	81.5	20506	20827	9252	6520	0	44271	2775	1165	786	3883	114	473
June 14, 2013 7:06:00 AM UTC	1371222360000	3	3	yes	29.5	81.6	20506	20827	9252	6520	0	44271	2779	1168	745	3891	107	490
June 14, 2013 7:07:00 AM UTC	1371222420000	3	3	yes	29.7	81.8	20506	20827	9252	6538	0	44253	2779	1165	772	3901	102	529
June 14, 2013 7:08:00 AM UTC	1371222480000	3	3	yes	29.9	81.9	20506	20827	9253	6527	0	44263	2796	1133	768	3905	92	524
June 14, 2013 7:09:00 AM UTC	1371222540000	3	3	yes	30.1	82.0	20506	20827	9254	6518	0	44271	2811	1092	795	3909	86	530
June 14, 2013 7:10:00 AM UTC	1371222600000	3	3	yes	30.3	82.2	20506	20827	9254	6518	0	44271	2813	1100	750	3920	98	521
June 14, 2013 7:11:00 AM UTC	1371222660000	3	3	yes	30.5	82.3	20506	20827	9255	6519	0	44269	2817	1068	825	3930	102	499
June 14, 2013 7:12:00 AM UTC	1371222720000	3	3	yes	30.7	82.4	20506	20827	9255	6519	0	44269	2823	1097	771	3945	107	523
June 14, 2013 7:13:00 AM UTC	1371222780000	3	3	yes	30.9	82.6	20506	20827	9255	6519	0	44269	2829	1060	800	3952	108	555
June 14, 2013 7:14:00 AM UTC	1371222840000	3	3	yes	31.1	82.7	20506	20827	9256	6520	0	44267	2832	1070	791	3964	108	517
June 14, 2013 7:15:00 AM UTC	1371222900000	3	3	yes	31.3	82.8	20506	20827	9256	6520	0	44267	2838	1041	802	3971	110	471
June 14, 2013 7:16:00 AM UTC	1371222960000	3	3	yes	31.5	83.0	20506	20827	9256	6520	0	44267	2839	1026	781	3985	115	488
June 14, 2013 7:17:00 AM UTC	1371223020000	2	3	yes	31.7	83.1	20506	20827	9256	6597	0	44190	2823	973	829	3991	119	469
June 14, 2013 7:18:00 AM UTC	1371223080000	3	3	yes	31.9	83.3	20506	20827	9256	6597	0	44190	2826	993	794	4006	107	504
June 14, 2013 7:19:00 AM UTC	1371223140000	2	3	yes	32.1	83.4	20506	20827	9245	6661	0	44137	2787	902	814	4017	116	510
June 14, 2013 7:20:00 AM UTC	1371223200000	2	3	yes	32.3	83.5	20506	20827	9257	6577	0	44209	2843	925	801	4029	124	445
June 14, 2013 7:21:00 AM UTC	1371223260000	2	3	yes	32.5	83.7	20506	20827	9257	6577	0	44209	2840	876	869	4048	116	469
June 14, 2013 7:22:00 AM UTC	1371223320000	2	3	yes	32.7	83.8	20506	20827	9246	6655	0	44142	2801	850	847	4055	99	468
June 14, 2013 7:23:00 AM UTC	1371223380000	2	3	yes	32.9	83.9	20506	20827	9258	6500	0	44285	2865	860	856	4074	96	481
June 14, 2013 7:24:00 AM UTC	1371223440000	2	3	yes	33.1	84.1	20506	20827	9258	6500	0	44285	2869	829	880	4084	98	526
June 14, 2013 7:25:00 AM UTC	1371223500000	2	3	yes	33.3	84.2	20506	20827	9247	6544	0	44252	2827	778	890	4104	106	475
June 14, 2013 7:26:00 AM UTC	1371223560000	2	3	yes	33.5	84.3	20506	20827	9258	6474	0	44311	2866	831	821	4120	105	495
June 14, 2013 7:27:00 AM UTC	1371223620000	2	3	yes	33.7	84.5	20506	20827	9258	6486	0	44299	2871	826	844	4134	124	434
June 14, 2013 7:28:00 AM UTC	1371223680000	2	3	yes	33.9	84.6	20506	20827	9248	6557	0	44238	2823	777	804	4151	101	498
June 14, 2013 7:29:00 AM UTC	1371223740000	2	3	yes	34.1	84.7	20506	20827	9259	6486	0	44298	2866	750	902	4172	92	476
June 14, 2013 7:30:00 AM UTC	1371223800000	2	3	yes	34.3	84.9	20506	20827	9259	6486	0	44298	2861	693	867	4191	108	475
June 14, 2013 7:31:00 AM UTC	1371223860000	2	3	yes	34.5	85.0	20506	20827	9248	6557	0	44238	2816	671	821	4203	89	475
June 14, 2013 7:32:00 AM UTC	1371223920000	2	3	yes	34.7	85.2	20506	20827	9260	6480	0	44303	2869	635	872	4226	100	498
June 14, 2013 7:33:00 AM UTC	1371223980000	2	3	yes	34.9	85.3	20506	20827	9260	6480	0	44303	2868	610	939	4237	103	501
June 14, 2013 7:34:00 AM UTC	1371224040000	2	3	yes	35.1	85.4	20506	20827	9249	6551	0	44243	2824	580	893	4253	89	476
June 14, 2013 7:35:00 AM UTC	1371224100000	2	3	yes	35.3	85.6	20506	20827	9260	6481	0	44302	2869	630	924	4269	97	498
June 14, 2013 7:36:00 AM UTC	1371224160000	1	3	yes	35.5	85.7	20506	20827	9260	6481	0	44302	2861	531	940	4297	103	477
June 14, 2013 7:37:00 AM UTC	1371224220000	1	3	yes	35.7	85.8	20506	20827	9249	6552	0	44242	2823	510	920	4303	79	490
June 14, 2013 7:38:00 AM UTC	1371224280000	2	3	yes	35.9	86.0	20506	20827	9260	6482	0	44301	2863	583	898	4322	85	519
June 14, 2013 7:39:00 AM UTC	1371224340000	1	4	yes	36.1	86.1	20506	20827	9260	6482	0	44301	2860	484	962	4344	71	554
June 14, 2013 7:40:00 AM UTC	1371224400000	1	3	yes	36.3	86.3	20506	20827	9250	6553	0	44240	2813	442	915	4358	65	510
June 14, 2013 7:41:00 AM UTC	1371224460000	1	3	yes	36.5	86.4	20506	20827	9260	6484	0	44299	2857	458	923	4379	79	511
June 14, 2013 7:42:00 AM UTC	1371224520000	1	3	yes	36.7	86.5	20506	20827	9260	6484	0	44299	2859	457	919	4389	71	512
June 14, 2013 7:43:00 AM UTC	1371224580000	1	3	yes	36.9	86.7	20506	20827	9250	6555	0	44238	2814	356	971	4405	62	483
June 14, 2013 7:44:00 AM UTC	1371224640000	1	4	yes	37.1	86.8	20506	20827	9260	6485	0	44298	2854	373	933	4430	47	532
June 14, 2013 7:45:00 AM UTC	1371224700000	1	3	yes	37.3	87.0	20506	20827	9248	6629	0	44166	2784	306	958	4444	35	521
June 14, 2013 7:46:00 AM UTC	1371224760000	1	4	yes	37.5	87.1	20506	20827	9259	6554	0	44230	2832	318	945	4462	29	544
June 14, 2013 7:47:00 AM UTC	1371224820000	1	4	yes	37.7	87.2	20506	20827	9259	6544	0	44240	2833	314	915	4483	34	562
June 14, 2013 7:48:00 AM UTC	1371224880000	1	4	yes	37.9	87.4	20506	20827	9249	6617	0	44177	2786	256	951	4494	15	566
June 14, 2013 7:49:00 AM UTC	1371224940000	1	3	yes	38.1	87.5	20506	20827	9261	6543	0	44239	2823	271	908	4518	7	560
June 14, 2013 7:50:00 AM UTC	1371225000000	1	4	yes	38.3	87.7	20506	20827	9261	6543	0	44239	2835	246	939	4526	9	563
June 14, 2013 7:51:00 AM UTC	1371225060000	0	4	yes	38.5	87.8	20506	20827	9249	6615	0	44179	2779	210	958	4551	7	549
June 14, 2013 7:52:00 AM UTC	1371225120000	1	3	yes	38.7	88.0	20506	20827	9261	6544	0	44238	2819	238	903	4570	0	564
June 14, 2013 7:53:00 AM UTC	1371225180000	1	4	yes	38.9	88.1	20506	20827	9261	6544	0	44238	2818	249	915	4586	0	566
June 14, 2013 7:54:00 AM UTC	1371225240000	0	3	yes	39.1	88.2	20506	20827	9249	6616	0	44178	2789	208	917	4590	3	548
June 14, 2013 7:55:00 AM UTC	1371225300000	1	3	yes	39.3	88.4	20506	20827	9261	6545	0	44237	2827	264	888	4618	0	562
June 14, 2013 7:56:00 AM UTC	1371225360000	0	3	yes	39.5	88.5	20506	20827	9249	6617	0	44177	2777	217	874	4632	0	504
June 14, 2013 7:57:00 AM UTC	1371225420000	0	3	yes	39.7	88.7	20506	20827	9249	6617	0	44177	2778	213	890	4648	0	550
June 14, 2013 7:58:00 AM UTC	1371225480000	1	3	yes	39.9	88.8	20506	20827	9261	6463	0	44319	2851	264	840	4671	0	474
June 14, 2013 7:59:00 AM UTC	1371225540000	1	3	yes	40.1	89.0	20506	20827	9249	6534	0	44260	2805	256	822	4681	2	523
June 14, 2013 8:00:00 AM UTC	1371225600000	0	3	yes	40.3	89.1	20506	20827	9261	6462	0	44320	2841	174	845	4714	0	521
June 14, 2013 8:01:00 AM UTC	1371225660000	0	3	yes	40.5	89.3	20506	20827	9261	6462	0	44320	2848	169	840	4722	0	496
June 14, 2013 8:02:00 AM UTC	1371225720000	0	3	yes	40.7	89.4	20506	20827	9249	6533	0	44261	2793	138	762	4733	0	377
June 14, 2013 8:03:00 AM UTC	1371225780000	0	3	yes	40.9	89.6	20506	20827	9261	6461	0	44321	2841	168	721	4760	0	364
June 14, 2013 8:04:00 AM UTC	1371225840000	0	3	yes	41.1	89.7	20506	20827	9261	6461	0	44321	2836	152	714	4780	0	336
June 14, 2013 8:05:00 AM UTC	1371225900000	0	3	yes	41.3	89.9	20506	20827	9249	6614	0	44180	2767	136	711	4786	0	342
June 14, 2013 8:06:00 AM UTC	1371225960000	1	3	yes	41.5	90.0	20506	20827	9261	6506	0	44276	2834	227	710	4816	0	365
June 14, 2013 8:07:00 AM UTC	1371226020000	1	2	yes	41.7	90.1	20506	20827	9261	6469	0	44313	2837	235	653	4830	0	328
June 14, 2013 8:08:00 AM UTC	1371226080000	1	2	yes	41.9	90.3	20506	20827	9261	6469	0	44313	2837	220	679	4849	0	303
June 14, 2013 8:09:00 AM UTC	1371226140000	0	2	yes	42.1	90.4	20506	20827	9261	6469	0	44313	2834	103	714	4862	0	293
June 14, 2013 8:10:00 AM UTC	1371226200000	0	2	yes	42.3	90.6	20506	20827	9249	6541	0	44253	2789	101	596	4873	0	304
June 14, 2013 8:11:00 AM UTC	1371226260000	0	2	yes	42.5	90.8	20506	20827	9261	6470	0	44312	2838	111	584	4898	0	229
June 14, 2013 8:12:00 AM UTC	1371226320000	0	2	yes	42.7	90.9	20506	20827	9261	6470	0	44312	2825	114	513	4922	0	223
June 14, 2013 8:13:00 AM UTC	1371226380000	0	2	yes	42.9	91.1	20506	20827	9249	6542	0	44252	2780	106	529	4921	0	180
June 14, 2013 8:14:00 AM UTC	1371226440000	0	2	yes	43.1	91.2	20506	20827	9261	6545	0	44237	2784	106	480	4957	0	166
June 14, 2013 8:15:00 AM UTC	1371226500000	0	1	yes	43.3	91.4	20506	20827	9249	6617	0	44177	2756	110	462	4956	0	141
June 14, 2013 8:16:00 AM UTC	1371226560000	0	1	yes	43.5	91.5	20506	20827	9261	6545	0	44237	2796	128	402	4983	0	111
June 14, 2013 8:17:00 AM UTC	1371226620000	0	2	yes	43.7	91.7	20506	20827	9261	6545	0	44237	2794	126	485	4997	0	127
June 14, 2013 8:18:00 AM UTC	1371226680000	0	1	yes	43.9	91.8	20506	20827	9249	6616	0	44178	2753	135	465	5007	0	68
June 14, 2013 8:19:00 AM UTC	1371226740000	0	1	yes	44.1	92.0	20506	20827	9261	6544	0	44238	2795	93	418	5035	0	16
June 14, 2013 8:20:00 AM UTC	1371226800000	0	1	yes	44.3	92.1	20506	20827	9249	6615	0	44179	2750	80	406	5040	0	70
June 14, 2013 8:21:00 AM UTC	1371226860000	0	1	yes	44.5	92.3	20506	20827	9261	6543	0	44239	2784	99	404	5068	0	59
June 14, 2013 8:22:00 AM UTC	1371226920000	0	1	yes	44.7	92.4	20506	20827	9261	6543	0	44239	2782	99	372	5083	0	21
June 14, 2013 8:23:00 AM UTC	1371226980000	0	1	yes	44.9	92.6	20506	20827	9249	6617	0	44177	2752	86	342	5087	0	6
June 14, 2013 8:24:00 AM UTC	1371227040000	0	1	yes	45.1	92.8	20506	20827	9259	6544	0	44240	2785	122	359	5119	0	19
June 14, 2013 8:25:00 AM UTC	1371227100000	0	1	yes	45.3	92.9	20506	20827	9249	6627	0	44167	2742	119	336	5120	0	17
June 14, 2013 8:26:00 AM UTC	1371227160000	0	1	yes	45.5	93.1	20506	20827	9258	6558	0	44227	2771	147	321	5151	0	25
June 14, 2013 8:27:00 AM UTC	1371227220000	0	1	yes	45.7	93.2	20506	20827	9260	6477	0	44306	2805	154	287	5168	0	29
June 14, 2013 8:28:00 AM UTC	1371227280000	0	1	yes	45.9	93.4	20506	20827	9250	6549	0	44244	2767	27	339	5170	0	5
June 14, 2013 8:29:00 AM UTC	1371227340000	0	1	yes	46.1	93.6	20506	20827	9260	6478	0	44305	2809	65	348	5201	0	3
June 14, 2013 8:30:00 AM UTC	1371227400000	0	1	yes	46.3	93.7	20506	20827	9250	6549	0	44244	2769	60	337	5200	0	5
June 14, 2013 8:31:00 AM UTC	1371227460000	0	1	yes	46.5	93.9	20506	20827	9260	6479	0	44304	2798	87	274	5242	0	2
June 14, 2013 8:32:00 AM UTC	1371227520000	0	1	yes	46.7	94.1	20506	20827	9260	6479	0	44304	2805	104	306	5252	0	6
June 14, 2013 8:33:00 AM UTC	1371227580000	0	1	yes	46.9	94.2	20506	20827	9249	6550	0	44244	2767	97	272	5253	0	2
June 14, 2013 8:34:00 AM UTC	1371227640000	0	1	yes	47.1	94.4	20506	20827	9260	6480	0	44303	2797	129	282	5282	0	15
June 14, 2013 8:35:00 AM UTC	1371227700000	0	1	yes	47.3	94.6	20506	20827	9249	6551	0	44243	2751	130	278	5288	0	11
June 14, 2013 8:36:00 AM UTC	1371227760000	0	1	yes	47.5	94.7	20506	20827	9260	6481	0	44302	2800	175	260	5311	0	24
June 14, 2013 8:37:00 AM UTC	1371227820000	0	1	yes	47.7	94.9	20506	20827	9260	6481	0	44302	2797	73	235	5332	0	0
June 14, 2013 8:38:00 AM UTC	1371227880000	0	1	yes	47.9	95.1	20506	20827	9259	6489	0	44295	2794	94	256	5345	0	0
June 14, 2013 8:39:00 AM UTC	1371227940000	0	1	yes	48.1	95.2	20506	20827	9259	6489	0	44295	2790	98	206	5362	0	0
June 14, 2013 8:40:00 AM UTC	1371228000000	0	1	yes	48.3	95.4	20506	20827	9248	6561	0	44234	2751	86	205	5355	0	1
June 14, 2013 8:41:00 AM UTC	1371228060000	0	1	yes	48.5	95.6	20506	20827	9258	6491	0	44294	2783	125	210	5389	0	10
June 14, 2013 8:42:00 AM UTC	1371228120000	0	1	yes	48.7	95.7	20506	20827	9247	6548	0	44248	2746	131	199	5387	0	3
June 14, 2013 8:43:00 AM UTC	1371228180000	0	1	yes	48.9	95.9	20506	20827	9258	6504	0	44281	2777	160	222	5425	0	17
June 14, 2013 8:44:00 AM UTC	1371228240000	0	1	yes	49.1	96.1	20506	20827	9258	6504	0	44281	2783	157	224	5434	0	13
June 14, 2013 8:45:00 AM UTC	1371228300000	0	1	yes	49.3	96.3	20506	20827	9257	6574	0	44212	2742	65	208	5445	0	0
June 14, 2013 8:46:00 AM UTC	1371228360000	0	1	yes	49.5	96.4	20506	20827	9257	6574	0	44212	2750	67	246	5455	0	0
June 14, 2013 8:47:00 AM UTC	1371228420000	0	1	yes	49.7	96.6	20506	20827	9245	6661	0	44137	2695	68	210	5453	0	0
June 14, 2013 8:48:00 AM UTC	1371228480000	0	1	yes	49.9	96.8	20506	20827	9256	6598	0	44189	2728	91	211	5485	0	2
June 14, 2013 8:49:00 AM UTC	1371228540000	0	1	yes	50.1	97.0	20506	20827	9245	6662	0	44136	2695	84	191	5478	0	3
June 14, 2013 8:50:00 AM UTC	1371228600000	0	1	yes	50.3	97.1	20506	20827	9256	6513	0	44274	2761	114	189	5519	0	5
June 14, 2013 8:51:00 AM UTC	1371228660000	0	1	yes	50.5	97.3	20506	20827	9256	6513	0	44274	2768	122	216	5528	0	6
June 14, 2013 8:52:00 AM UTC	1371228720000	0	1	yes	50.7	97.5	20506	20827	9255	6514	0	44274	2771	154	194	5543	0	16
June 14, 2013 8:53:00 AM UTC	1371228780000	0	0	yes	50.9	97.7	20506	20827	9255	6514	0	44274	2764	63	175	5556	0	0
June 14, 2013 8:54:00 AM UTC	1371228840000	0	1	yes	51.1	97.9	20506	20827	9254	6514	0	44275	2762	89	178	5573	0	4
June 14, 2013 8:55:00 AM UTC	1371228900000	0	0	yes	51.3	98.0	20506	20827	9253	6523	0	44267	2756	90	155	5588	0	2
June 14, 2013 8:56:00 AM UTC	1371228960000	0	0	yes	51.5	98.2	20506	20827	9252	6534	0	44257	2751	124	151	5589	0	7
June 14, 2013 8:57:00 AM UTC	1371229020000	0	0	yes	51.7	98.4	20506	20827	9252	6517	0	44274	2749	115	161	5613	0	6
June 14, 2013 8:58:00 AM UTC	1371229080000	0	0	yes	51.9	98.6	20506	20827	9251	6518	0	44274	2749	147	151	5615	0	15
June 14, 2013 8:59:00 AM UTC	1371229140000	0	1	yes	52.1	98.8	20506	20827	9251	6518	0	44274	2745	143	168	5639	0	14
June 14, 2013 9:00:00 AM UTC	1371229200000	0	1	yes	52.3	99.0	20506	20827	9251	6518	0	44274	2749	145	191	5640	0	12
June 14, 2013 9:01:00 AM UTC	1371229260000	0	0	yes	52.5	99.2	20506	20827	9250	6550	0	44243	2739	71	169	5668	0	0
June 14, 2013 9:02:00 AM UTC	1371229320000	0	0	yes	52.7	99.4	20506	20827	9250	6550	0	44243	2739	88	134	5671	0	0
June 14, 2013 9:03:00 AM UTC	1371229380000	0	0	yes	52.9	99.6	20506	20827	9247	6562	0	44234	2734	102	136	5679	0	1
June 14, 2013 9:04:00 AM UTC	1371229440000	0	0	yes	53.1	99.7	20506	20827	9247	6562	0	44234	2730	106	152	5686	0	1
June 14, 2013 9:05:00 AM UTC	1371229500000	0	1	yes	53.3	99.9	20506	20827	9246	6565	0	44232	2729	144	161	5703	0	9
June 14, 2013 9:06:00 AM UTC	1371229560000	0	0	yes	53.5	100.1	20506	20827	9246	6565	0	44232	2727	136	143	5713	0	12
June 14, 2013 9:07:00 AM UTC	1371229620000	0	0	yes	53.7	100.3	20506	20827	9245	6565	0	44233	2727	168	143	5721	0	18
June 14, 2013 9:08:00 AM UTC	1371229680000	0	0	yes	53.9	100.5	20506	20827	9245	6565	0	44233	2724	78	136	5734	0	0
June 14, 2013 9:09:00 AM UTC	1371229740000	0	0	yes	54.1	100.7	20506	20827	9243	6506	0	44294	2760	97	137	5747	0	0
June 14, 2013 9:10:00 AM UTC	1371229800000	0	0	yes	54.3	100.9	20506	20827	9243	6500	0	44300	2753	93	127	5755	0	0
June 14, 2013 9:11:00 AM UTC	1371229860000	0	0	yes	54.5	101.1	20506	20827	9243	6493	0	44307	2756	117	134	5765	0	1
June 14, 2013 9:12:00 AM UTC	1371229920000	0	0	yes	54.7	101.3	20506	20827	9243	6493	0	44307	2746	132	124	5773	0	3
June 14, 2013 9:13:00 AM UTC	1371229980000	0	0	yes	54.9	101.5	20506	20827	9242	6513	0	44288	2736	152	112	5779	0	15
June 14, 2013 9:14:00 AM UTC	1371230040000	0	0	yes	55.1	101.8	20506	20827	9254	6430	0	44359	2776	190	137	5815	4	33
June 14, 2013 9:15:00 AM UTC	1371230100000	0	0	yes	55.3	102.0	20506	20827	9240	6591	0	44212	2703	57	122	5786	0	0
June 14, 2013 9:16:00 AM UTC	1371230160000	0	0	yes	55.5	102.2	20506	20827	9251	6521	0	44271	2734	72	123	5817	0	0
June 14, 2013 9:17:00 AM UTC	1371230220000	0	0	yes	55.7	102.4	20506	20827	9240	6590	0	44213	2702	68	106	5805	0	0
June 14, 2013 9:18:00 AM UTC	1371230280000	0	0	yes	55.9	102.6	20506	20827	9251	6555	0	44237	2718	101	113	5831	0	5
June 14, 2013 9:19:00 AM UTC	1371230340000	0	0	yes	56.1	102.8	20506	20827	9242	6613	0	44188	2696	112	96	5819	0	7
June 14, 2013 9:20:00 AM UTC	1371230400000	0	0	yes	56.2	103.0	20506	20827	9251	6555	0	44237	2719	142	101	5847	0	17
June 14, 2013 9:21:00 AM UTC	1371230460000	0	0	yes	56.4	103.2	20506	20827	9240	6627	0	44176	2689	145	112	5827	1	20
June 14, 2013 9:22:00 AM UTC	1371230520000	0	0	yes	56.6	103.5	20506	20827	9251	6556	0	44236	2699	76	109	5858	0	0
June 14, 2013 9:23:00 AM UTC	1371230580000	0	0	yes	56.8	103.7	20506	20827	9240	6625	0	44178	2672	76	99	5839	0	2
June 14, 2013 9:24:00 AM UTC	1371230640000	0	0	yes	57.0	103.9	20506	20827	9250	6555	0	44238	2704	108	107	5867	0	3
June 14, 2013 9:25:00 AM UTC	1371230700000	0	0	yes	57.2	104.1	20506	20827	9250	6497	0	44296	2742	130	103	5872	0	19
June 14, 2013 9:26:00 AM UTC	1371230760000	0	0	yes	57.4	104.4	20506	20827	9250	6497	0	44296	2733	129	101	5881	0	7
June 14, 2013 9:27:00 AM UTC	1371230820000	0	0	yes	57.6	104.6	20506	20827	9250	6499	0	44294	2738	157	106	5884	0	25
June 14, 2013 9:28:00 AM UTC	1371230880000	0	0	yes	57.8	104.8	20506	20827	9250	6499	0	44294	2739	161	102	5887	2	22
June 14, 2013 9:29:00 AM UTC	1371230940000	0	0	yes	58.0	105.0	20506	20827	9248	6516	0	44279	2733	95	107	5883	0	1
June 14, 2013 9:30:00 AM UTC	1371231000000	0	0	yes	58.2	105.3	20506	20827	9238	6585	0	44220	2696	93	98	5858	0	1
June 14, 2013 9:31:00 AM UTC	1371231060000	0	0	yes	58.4	105.5	20506	20827	9248	6516	0	44279	2721	128	88	5886	0	6
June 14, 2013 9:32:00 AM UTC	1371231120000	0	0	yes	58.6	105.8	20506	20827	9248	6516	0	44279	2718	148	98	5890	0	12
June 14, 2013 9:33:00 AM UTC	1371231180000	0	0	yes	58.8	106.0	20506	20827	9247	6557	0	44239	2697	149	98	5884	0	14
June 14, 2013 9:34:00 AM UTC	1371231240000	0	0	yes	59.0	106.2	20506	20827	9246	6556	0	44241	2702	181	94	5887	1	21
June 14, 2013 9:35:00 AM UTC	1371231300000	0	0	yes	59.2	106.5	20506	20827	9246	6556	0	44241	2702	178	89	5887	1	23
June 14, 2013 9:36:00 AM UTC	1371231360000	0	0	yes	59.4	106.7	20506	20827	9247	6557	0	44239	2700	118	104	5887	0	2
June 14, 2013 9:37:00 AM UTC	1371231420000	0	0	yes	59.5	107.0	20506	20827	9254	6510	0	44279	2725	135	110	5901	0	4
June 14, 2013 9:38:00 AM UTC	1371231480000	0	0	yes	59.7	107.2	20506	20827	9244	6578	0	44221	2682	140	106	5873	0	5
June 14, 2013 9:39:00 AM UTC	1371231540000	0	0	yes	59.9	107.5	20506	20827	9244	6518	0	44281	2727	173	99	5884	0	14
June 14, 2013 9:40:00 AM UTC	1371231600000	1	0	yes	60.1	107.7	20506	20827	9256	6444	0	44343	2759	209	105	5910	3	26
June 14, 2013 9:41:00 AM UTC	1371231660000	0	0	yes	60.3	108.0	20506	20827	9245	6527	0	44271	2725	193	89	5879	3	30
June 14, 2013 9:42:00 AM UTC	1371231720000	0	0	yes	60.5	108.2	20506	20827	9256	6444	0	44343	2757	142	90	5910	0	3
June 14, 2013 9:43:00 AM UTC	1371231780000	0	0	yes	60.7	108.5	20506	20827	9244	6509	0	44290	2709	128	83	5884	0	1
June 14, 2013 9:44:00 AM UTC	1371231840000	0	0	yes	60.9	108.8	20506	20827	9241	6531	0	44271	2707	155	90	5871	0	5
June 14, 2013 9:45:00 AM UTC	1371231900000	0	0	yes	61.1	109.0	20506	20827	9252	6464	0	44327	2732	178	96	5900	1	18
June 14, 2013 9:46:00 AM UTC	1371231960000	0	0	yes	61.3	109.3	20506	20827	9244	6535	0	44264	2700	183	90	5878	1	13
June 14, 2013 9:47:00 AM UTC	1371232020000	0	0	yes	61.4	109.6	20506	20827	9248	6489	0	44306	2722	127	86	5891	0	0
June 14, 2013 9:48:00 AM UTC	1371232080000	0	0	yes	61.6	109.8	20506	20827	9248	6610	0	44185	2663	103	86	5880	0	1
June 14, 2013 9:49:00 AM UTC	1371232140000	0	0	yes	61.8	110.1	20506	20827	9241	6651	0	44151	2644	124	80	5863	0	0
June 14, 2013 9:50:00 AM UTC	1371232200000	0	0	yes	62.0	110.4	20506	20827	9248	6542	0	44253	2701	149	79	5888	0	6
June 14, 2013 9:51:00 AM UTC	1371232260000	0	0	yes	62.2	110.7	20506	20827	9248	6542	0	44253	2702	164	86	5888	0	13
June 14, 2013 9:52:00 AM UTC	1371232320000	0	0	yes	62.4	111.0	20506	20827	9258	6476	0	44309	2717	181	76	5912	5	17
June 14, 2013 9:53:00 AM UTC	1371232380000	0	0	yes	62.6	111.3	20506	20827	9243	6577	0	44223	2665	94	71	5877	0	0
June 14, 2013 9:54:00 AM UTC	1371232440000	0	0	yes	62.8	111.5	20506	20827	9243	6577	0	44223	2668	115	71	5876	0	0
June 14, 2013 9:55:00 AM UTC	1371232500000	0	0	yes	62.9	111.8	20506	20827	9258	6485	0	44300	2695	137	83	5912	0	4
June 14, 2013 9:56:00 AM UTC	1371232560000	0	0	yes	63.1	112.1	20506	20827	9245	6576	0	44222	2672	141	81	5876	0	5
June 14, 2013 9:57:00 AM UTC	1371232620000	0	0	yes	63.3	112.4	20506	20827	9245	6576	0	44222	2671	173	78	5876	0	17
June 14, 2013 9:58:00 AM UTC	1371232680000	0	0	yes	63.5	112.7	20506	20827	9248	6549	0	44246	2685	120	85	5889	0	0
June 14, 2013 9:59:00 AM UTC	1371232740000	0	0	yes	63.7	113.0	20506	20827	9251	6537	0	44255	2686	139	88	5889	0	5
June 14, 2013 10:00:00 AM UTC	1371232800000	0	0	yes	63.9	113.4	20506	20827	9245	6586	0	44212	2653	134	76	5874	0	1
June 14, 2013 10:01:00 AM UTC	1371232860000	0	0	yes	64.1	113.7	20506	20827	9251	6480	0	44312	2707	150	73	5895	2	4
June 14, 2013 10:02:00 AM UTC	1371232920000	0	0	yes	64.2	114.0	20506	20827	9251	6481	0	44311	2702	108	71	5893	0	0
June 14, 2013 10:03:00 AM UTC	1371232980000	0	0	yes	64.4	114.3	20506	20827	9246	6559	0	44238	2676	111	84	5881	0	3
June 14, 2013 10:04:00 AM UTC	1371233040000	0	0	yes	64.6	114.6	20506	20827	9259	6464	0	44320	2714	153	87	5917	0	6
June 14, 2013 10:05:00 AM UTC	1371233100000	0	0	yes	64.8	115.0	20506	20827	9246	6559	0	44238	2675	156	91	5883	0	5
June 14, 2013 10:06:00 AM UTC	1371233160000	0	0	yes	65.0	115.3	20506	20827	9246	6559	0	44238	2673	186	88	5882	0	11
June 14, 2013 10:07:00 AM UTC	1371233220000	0	0	yes	65.2	115.6	20506	20827	9242	6587	0	44214	2662	129	78	5874	0	0
June 14, 2013 10:08:00 AM UTC	1371233280000	0	0	yes	65.3	116.0	20506	20827	9255	6508	0	44280	2673	130	90	5901	0	1
June 14, 2013 10:09:00 AM UTC	1371233340000	0	0	yes	65.5	116.3	20506	20827	9252	6474	0	44317	2713	153	84	5899	0	7
June 14, 2013 10:10:00 AM UTC	1371233400000	0	0	yes	65.7	116.6	20506	20827	9241	6538	0	44264	2688	157	87	5874	0	6
June 14, 2013 10:11:00 AM UTC	1371233460000	0	0	yes	65.9	117.0	20506	20827	9236	6570	0	44237	2680	176	87	5859	0	12
June 14, 2013 10:12:00 AM UTC	1371233520000	0	0	yes	66.1	117.4	20506	20827	9252	6475	0	44316	2700	112	105	5895	0	0
June 14, 2013 10:13:00 AM UTC	1371233580000	0	0	yes	66.2	117.7	20506	20827	9247	6509	0	44287	2703	138	95	5886	0	0
June 14, 2013 10:14:00 AM UTC	1371233640000	0	0	yes	66.4	118.1	20506	20827	9247	6509	0	44287	2692	160	90	5886	0	8
June 14, 2013 10:15:00 AM UTC	1371233700000	0	0	yes	66.6	118.4	20506	20827	9258	6465	0	44320	2701	179	95	5905	0	18
June 14, 2013 10:16:00 AM UTC	1371233760000	0	0	yes	66.8	118.8	20506	20827	9255	6466	0	44322	2691	126	82	5909	0	0
June 14, 2013 10:17:00 AM UTC	1371233820000	0	0	yes	66.9	119.2	20506	20827	9247	6526	0	44270	2690	142	79	5885	0	0
June 14, 2013 10:18:00 AM UTC	1371233880000	0	0	yes	67.1	119.6	20506	20827	9242	6556	0	44245	2672	163	72	5875	0	1
June 14, 2013 10:19:00 AM UTC	1371233940000	0	0	yes	67.3	120.0	20506	20827	9243	6555	0	44245	2680	185	75	5877	0	10
June 14, 2013 10:20:00 AM UTC	1371234000000	0	0	yes	67.5	120.3	20506	20827	9252	6493	0	44298	2700	143	90	5899	0	0
June 14, 2013 10:21:00 AM UTC	1371234060000	0	0	yes	67.6	120.7	20506	20827	9247	6555	0	44241	2652	144	88	5880	0	1
June 14, 2013 10:22:00 AM UTC	1371234120000	0	0	yes	67.8	121.1	20506	20827	9247	6555	0	44241	2655	157	84	5881	0	4
June 14, 2013 10:23:00 AM UTC	1371234180000	1	0	yes	68.0	121.6	20506	20827	9247	6555	0	44241	2663	193	82	5881	0	18
June 14, 2013 10:24:00 AM UTC	1371234240000	0	0	yes	68.1	122.0	20506	20827	9242	6535	0	44266	2688	139	97	5873	0	1
June 14, 2013 10:25:00 AM UTC	1371234300000	0	0	yes	68.3	122.4	20506	20827	9256	6435	0	44352	2725	176	89	5913	0	4
June 14, 2013 10:26:00 AM UTC	1371234360000	0	0	yes	68.5	122.8	20506	20827	9249	6472	0	44322	2712	182	89	5899	1	8
June 14, 2013 10:27:00 AM UTC	1371234420000	0	0	yes	68.7	123.2	20506	20827	9248	6504	0	44291	2684	122	90	5895	0	0
June 14, 2013 10:28:00 AM UTC	1371234480000	0	0	yes	68.8	123.7	20506	20827	9248	6504	0	44291	2691	140	85	5897	0	0
June 14, 2013 10:29:00 AM UTC	1371234540000	0	0	yes	69.0	124.1	20506	20827	9248	6504	0	44291	2679	167	88	5901	0	6
June 14, 2013 10:30:00 AM UTC	1371234600000	1	0	yes	69.2	124.5	20506	20827	9252	6426	0	44365	2742	182	99	5915	21	3
June 14, 2013 10:31:00 AM UTC	1371234660000	0	0	yes	69.3	125.0	20506	20827	9251	6488	0	44304	2705	158	104	5889	2	0
June 14, 2013 10:32:00 AM UTC	1371234720000	0	0	yes	69.5	125.5	20506	20827	9245	6564	0	44234	2656	136	95	5874	0	0
June 14, 2013 10:33:00 AM UTC	1371234780000	0	0	yes	69.6	125.9	20506	20827	9251	6523	0	44269	2670	169	99	5890	12	3
June 14, 2013 10:34:00 AM UTC	1371234840000	1	0	yes	69.8	126.4	20506	20827	9252	6525	0	44266	2665	203	107	5897	38	11
June 14, 2013 10:35:00 AM UTC	1371234900000	0	0	yes	70.0	126.9	20506	20827	9245	6565	0	44233	2655	155	113	5885	2	0
June 14, 2013 10:36:00 AM UTC	1371234960000	1	0	yes	70.1	127.3	20506	20827	9247	6509	0	44287	2700	186	110	5893	14	0
June 14, 2013 10:37:00 AM UTC	1371235020000	1	0	yes	70.3	127.8	20506	20827	9240	6595	0	44208	2647	171	123	5870	14	3
June 14, 2013 10:38:00 AM UTC	1371235080000	0	0	yes	70.4	128.3	20506	20827	9248	6538	0	44257	2668	121	130	5889	0	0
June 14, 2013 10:39:00 AM UTC	1371235140000	0	0	yes	70.6	128.8	20506	20827	9247	6539	0	44257	2667	159	128	5890	5	0
June 14, 2013 10:40:00 AM UTC	1371235200000	1	0	yes	70.8	129.3	20506	20827	9247	6539	1	44256	2666	186	107	5890	20	3
June 14, 2013 10:41:00 AM UTC	1371235260000	0	0	yes	70.9	129.9	20506	20827	9249	6474	2	44318	2718	159	128	5898	0	0
June 14, 2013 10:42:00 AM UTC	1371235320000	0	0	yes	71.1	130.4	20506	20827	9249	6519	2	44273	2676	143	133	5894	11	0
June 14, 2013 10:43:00 AM UTC	1371235380000	1	0	yes	71.2	130.9	20506	20827	9249	6519	3	44272	2684	179	126	5894	34	1
June 14, 2013 10:44:00 AM UTC	1371235440000	0	0	yes	71.4	131.5	20506	20827	9250	6518	3	44272	2677	147	110	5896	2	0
June 14, 2013 10:45:00 AM UTC	1371235500000	0	0	yes	71.5	132.0	20506	20827	9243	6563	3	44234	2665	144	122	5878	1	0
June 14, 2013 10:46:00 AM UTC	1371235560000	0	0	yes	71.7	132.6	20506	20827	9243	6562	4	44234	2665	144	122	5879	11	8
June 14, 2013 10:47:00 AM UTC	1371235620000	0	0	yes	71.8	133.1	20506	20827	9251	6581	2	44209	2650	111	135	5895	0	0
June 14, 2013 10:48:00 AM UTC	1371235680000	0	0	yes	72.0	133.7	20506	20827	9251	6577	6	44209	2649	150	125	5894	9	1
June 14, 2013 10:49:00 AM UTC	1371235740000	1	0	yes	72.1	134.3	20506	20827	9251	6577	4	44211	2651	179	112	5895	29	4
June 14, 2013 10:50:00 AM UTC	1371235800000	0	0	yes	72.2	134.9	20506	20827	9252	6571	7	44213	2651	108	131	5896	3	0
June 14, 2013 10:51:00 AM UTC	1371235860000	0	0	yes	72.4	135.4	20506	20827	9253	6570	5	44215	2654	132	131	5901	16	4
June 14, 2013 10:52:00 AM UTC	1371235920000	0	0	yes	72.5	136.1	20506	20827	9254	6517	10	44262	2694	131	123	5899	4	0
June 14, 2013 10:53:00 AM UTC	1371235980000	1	0	yes	72.7	136.7	20506	20827	9253	6571	7	44212	2657	164	119	5897	24	1
June 14, 2013 10:54:00 AM UTC	1371236040000	1	0	yes	72.8	137.3	20506	20827	9253	6579	9	44202	2646	150	138	5894	48	1
June 14, 2013 10:55:00 AM UTC	1371236100000	0	0	yes	72.9	137.9	20506	20827	9251	6580	9	44203	2654	105	140	5895	8	0
June 14, 2013 10:56:00 AM UTC	1371236160000	1	0	yes	73.1	138.6	20506	20827	9247	6566	10	44220	2682	171	115	5883	25	2
June 14, 2013 10:57:00 AM UTC	1371236220000	0	0	yes	73.2	139.2	20506	20827	9246	6569	14	44214	2688	128	146	5885	0	0
June 14, 2013 10:58:00 AM UTC	1371236280000	0	0	yes	73.3	139.9	20506	20827	9253	6540	13	44237	2687	139	166	5894	15	6
June 14, 2013 10:59:00 AM UTC	1371236340000	0	1	yes	73.5	140.5	20506	20827	9253	6541	15	44234	2695	110	183	5896	0	0
June 14, 2013 11:00:00 AM UTC	1371236400000	0	0	yes	73.6	141.2	20506	20827	9254	6541	15	44233	2698	149	128	5896	14	3
June 14, 2013 11:01:00 AM UTC	1371236460000	0	0	yes	73.7	141.9	20506	20827	9253	6541	17	44232	2692	108	164	5896	0	0
June 14, 2013 11:02:00 AM UTC	1371236520000	0	0	yes	73.8	142.6	20506	20827	9250	6571	16	44206	2689	105	149	5888	4	1
June 14, 2013 11:03:00 AM UTC	1371236580000	0	0	yes	74.0	143.3	20506	20827	9250	6571	17	44205	2683	74	155	5892	0	0
June 14, 2013 11:04:00 AM UTC	1371236640000	0	0	yes	74.1	144.0	20506	20827	9250	6570	18	44205	2692	97	165	5888	5	0
June 14, 2013 11:05:00 AM UTC	1371236700000	0	0	yes	74.2	144.7	20506	20827	9240	6651	14	44138	2663	45	166	5868	0	0
June 14, 2013 11:06:00 AM UTC	1371236760000	0	0	yes	74.3	145.4	20506	20827	9247	6610	19	44167	2669	94	151	5894	2	0
June 14, 2013 11:07:00 AM UTC	1371236820000	0	0	yes	74.4	146.2	20506	20827	9254	6575	19	44195	2692	72	140	5888	0	0
June 14, 2013 11:08:00 AM UTC	1371236880000	0	0	yes	74.5	146.9	20506	20827	9255	6512	25	44251	2729	131	120	5896	6	1
June 14, 2013 11:09:00 AM UTC	1371236940000	0	0	yes	74.6	147.7	20506	20827	9245	6598	22	44178	2710	76	157	5875	0	0
June 14, 2013 11:10:00 AM UTC	1371237000000	0	1	yes	74.7	148.5	20506	20827	9252	6561	25	44205	2721	107	179	5888	8	1
June 14, 2013 11:11:00 AM UTC	1371237060000	0	0	yes	74.8	149.3	20506	20827	9243	6618	23	44159	2714	96	166	5868	0	0
June 14, 2013 11:12:00 AM UTC	1371237120000	0	0	yes	75.0	150.0	20506	20827	9248	6617	21	44157	2709	84	188	5877	1	0
June 14, 2013 11:13:00 AM UTC	1371237180000	0	0	yes	75.0	150.8	20506	20827	9247	6618	25	44153	2709	56	171	5873	3	0
June 14, 2013 11:14:00 AM UTC	1371237240000	0	0	yes	75.1	151.7	20506	20827	9242	6644	24	44133	2713	89	182	5866	10	1
June 14, 2013 11:15:00 AM UTC	1371237300000	0	1	yes	75.2	152.5	20506	20827	9245	6571	32	44195	2768	97	234	5872	0	0
June 14, 2013 11:16:00 AM UTC	1371237360000	0	1	yes	75.3	153.3	20506	20827	9248	6604	27	44164	2730	94	217	5878	9	1
June 14, 2013 11:17:00 AM UTC	1371237420000	0	0	yes	75.4	154.1	20506	20827	9248	6604	26	44165	2743	94	176	5877	1	0
June 14, 2013 11:18:00 AM UTC	1371237480000	0	0	yes	75.5	155.0	20506	20827	9247	6582	34	44180	2757	117	188	5886	12	1
June 14, 2013 11:19:00 AM UTC	1371237540000	0	1	yes	75.6	155.9	20506	20827	9245	6652	26	44120	2716	61	199	5873	1	0
June 14, 2013 11:20:00 AM UTC	1371237600000	0	0	yes	75.7	156.7	20506	20827	9245	6650	31	44117	2722	36	170	5875	0	0
June 14, 2013 11:21:00 AM UTC	1371237660000	0	0	yes	75.7	157.6	20506	20827	9250	6563	35	44195	2774	74	158	5892	0	0
June 14, 2013 11:22:00 AM UTC	1371237720000	0	0	yes	75.8	158.5	20506	20827	9239	6696	25	44083	2714	33	194	5860	0	0
June 14, 2013 11:23:00 AM UTC	1371237780000	0	0	yes	75.9	159.4	20506	20827	9249	6554	36	44204	2794	69	173	5892	4	3
June 14, 2013 11:24:00 AM UTC	1371237840000	0	0	yes	76.0	160.3	20506	20827	9253	6514	41	44235	2812	57	190	5906	0	0
June 14, 2013 11:25:00 AM UTC	1371237900000	0	0	yes	76.0	161.2	20506	20827	9242	6649	34	44118	2751	54	159	5874	8	3
June 14, 2013 11:26:00 AM UTC	1371237960000	0	0	yes	76.1	162.1	20506	20827	9246	6589	37	44171	2791	53	164	5884	0	0
June 14, 2013 11:27:00 AM UTC	1371238020000	0	0	yes	76.2	163.0	20506	20827	9250	6556	42	44195	2803	42	183	5894	0	0
June 14, 2013 11:28:00 AM UTC	1371238080000	0	0	yes	76.2	163.9	20506	20827	9241	6622	40	44140	2790	76	149	5869	4	0
June 14, 2013 11:29:00 AM UTC	1371238140000	0	0	yes	76.3	164.9	20506	20827	9252	6600	38	44153	2759	47	151	5896	0	0
June 14, 2013 11:30:00 AM UTC	1371238200000	0	0	yes	76.3	165.8	20506	20827	9245	6618	37	44143	2785	83	125	5880	12	1
June 14, 2013 11:31:00 AM UTC	1371238260000	0	0	yes	76.4	166.8	20506	20827	9246	6617	39	44141	2780	69	119	5881	1	0
June 14, 2013 11:32:00 AM UTC	1371238320000	0	0	yes	76.4	167.7	20506	20827	9247	6591	42	44163	2797	45	130	5890	0	0
June 14, 2013 11:33:00 AM UTC	1371238380000	0	0	yes	76.4	168.7	20506	20827	9246	6591	44	44162	2799	34	149	5890	0	0
June 14, 2013 11:34:00 AM UTC	1371238440000	0	0	yes	76.5	169.7	20506	20827	9238	6617	43	44145	2807	63	139	5873	0	0
June 14, 2013 11:35:00 AM UTC	1371238500000	0	0	yes	76.5	170.6	20506	20827	9252	6612	38	44141	2781	27	129	5895	0	0
June 14, 2013 11:36:00 AM UTC	1371238560000	0	0	yes	76.6	171.6	20506	20827	9243	6664	37	44099	2765	34	152	5875	5	0
June 14, 2013 11:37:00 AM UTC	1371238620000	0	0	yes	76.6	172.6	20506	20827	9245	6646	37	44115	2787	57	111	5873	0	0
June 14, 2013 11:38:00 AM UTC	1371238680000	0	0	yes	76.6	173.6	20506	20827	9248	6564	48	44183	2833	40	134	5879	0	0
June 14, 2013 11:39:00 AM UTC	1371238740000	0	0	yes	76.6	174.6	20506	20827	9248	6633	40	44122	2779	35	111	5877	14	0
June 14, 2013 11:40:00 AM UTC	1371238800000	0	0	yes	76.6	175.6	20506	20827	9247	6611	40	44145	2808	46	111	5878	0	0
June 14, 2013 11:41:00 AM UTC	1371238860000	0	0	yes	76.7	176.6	20506	20827	9247	6615	42	44139	2796	26	113	5880	0	0
June 14, 2013 11:42:00 AM UTC	1371238920000	0	0	yes	76.7	177.5	20506	20827	9248	6614	41	44140	2799	43	146	5882	3	2
June 14, 2013 11:43:00 AM UTC	1371238980000	0	0	yes	76.7	178.5	20506	20827	9250	6590	41	44162	2815	35	114	5882	0	0
June 14, 2013 11:44:00 AM UTC	1371239040000	0	0	yes	76.7	179.5	20506	20827	9249	6592	43	44159	2813	28	123	5886	0	0
June 14, 2013 11:45:00 AM UTC	1371239100000	0	0	yes	76.7	180.5	20506	20827	9249	6592	42	44160	2814	38	114	5884	0	0
June 14, 2013 11:46:00 AM UTC	1371239160000	0	0	yes	76.7	181.5	20506	20827	9250	6606	41	44146	2800	14	82	5882	0	0
June 14, 2013 11:47:00 AM UTC	1371239220000	0	0	yes	76.7	182.5	20506	20827	9247	6613	41	44142	2802	25	70	5883	0	0
June 14, 2013 11:48:00 AM UTC	1371239280000	0	0	yes	76.7	183.5	20506	20827	9247	6613	40	44143	2798	28	56	5881	0	0
June 14, 2013 11:49:00 AM UTC	1371239340000	0	0	yes	76.6	184.5	20506	20827	9247	6609	40	44147	2808	22	67	5879	0	0
June 14, 2013 11:50:00 AM UTC	1371239400000	0	0	yes	76.6	185.5	20506	20827	9246	6635	40	44122	2780	22	92	5875	0	0
June 14, 2013 11:51:00 AM UTC	1371239460000	0	0	yes	76.6	186.5	20506	20827	9248	6557	49	44189	2835	26	114	5884	0	0
June 14, 2013 11:52:00 AM UTC	1371239520000	0	0	yes	76.6	187.5	20506	20827	9256	6573	39	44175	2802	24	75	5896	0	0
June 14, 2013 11:53:00 AM UTC	1371239580000	0	0	yes	76.6	188.5	20506	20827	9242	6672	37	44092	2761	14	81	5872	0	0
June 14, 2013 11:54:00 AM UTC	1371239640000	0	0	yes	76.5	189.4	20506	20827	9252	6609	37	44145	2781	14	91	5896	0	0
June 14, 2013 11:55:00 AM UTC	1371239700000	0	0	yes	76.5	190.4	20506	20827	9238	6614	43	44148	2809	14	62	5870	0	0
June 14, 2013 11:56:00 AM UTC	1371239760000	0	0	yes	76.4	191.4	20506	20827	9246	6588	43	44166	2795	15	55	5894	0	0
June 14, 2013 11:57:00 AM UTC	1371239820000	0	0	yes	76.4	192.3	20506	20827	9236	6659	41	44107	2782	22	55	5868	0	0
June 14, 2013 11:58:00 AM UTC	1371239880000	0	0	yes	76.4	193.3	20506	20827	9246	6612	39	44146	2787	25	54	5880	0	0
June 14, 2013 11:59:00 AM UTC	1371239940000	0	0	yes	76.3	194.2	20506	20827	9245	6613	37	44148	2788	14	59	5882	0	0
June 14, 2013 12:00:00 PM UTC	1371240000000	0	0	yes	76.3	195.2	20506	20827	9242	6663	36	44102	2750	9	38	5872	0	0
June 14, 2013 12:01:00 PM UTC	1371240060000	0	0	yes	76.2	196.1	20506	20827	9241	6617	40	44145	2791	21	49	5869	0	0
June 14, 2013 12:02:00 PM UTC	1371240120000	0	0	yes	76.2	197.1	20506	20827	9250	6551	42	44200	2804	29	39	5895	0	0
June 14, 2013 12:03:00 PM UTC	1371240180000	0	0	yes	76.1	198.0	20506	20827	9246	6584	37	44176	2793	13	46	5885	0	0
June 14, 2013 12:04:00 PM UTC	1371240240000	0	0	yes	76.0	198.9	20506	20827	9254	6556	36	44197	2772	24	47	5908	0	0
June 14, 2013 12:05:00 PM UTC	1371240300000	0	0	yes	76.0	199.8	20506	20827	9243	6576	40	44184	2799	17	52	5881	0	0
June 14, 2013 12:06:00 PM UTC	1371240360000	0	0	yes	75.9	200.7	20506	20827	9242	6588	34	44179	2791	9	34	5879	0	0
June 14, 2013 12:07:00 PM UTC	1371240420000	0	0	yes	75.8	201.6	20506	20827	9247	6628	27	44141	2737	5	33	5883	0	0
June 14, 2013 12:08:00 PM UTC	1371240480000	0	0	yes	75.7	202.5	20506	20827	9250	6558	35	44200	2776	7	57	5892	0	0
June 14, 2013 12:09:00 PM UTC	1371240540000	0	0	yes	75.7	203.4	20506	20827	9245	6648	29	44121	2724	9	28	5874	0	0
June 14, 2013 12:10:00 PM UTC	1371240600000	0	0	yes	75.6	204.2	20506	20827	9241	6675	25	44102	2714	11	15	5862	0	0
June 14, 2013 12:11:00 PM UTC	1371240660000	0	0	yes	75.5	205.1	20506	20827	9237	6638	35	44133	2743	16	17	5858	0	0
June 14, 2013 12:12:00 PM UTC	1371240720000	0	0	yes	75.4	205.9	20506	20827	9248	6598	26	44171	2748	23	25	5877	0	0
June 14, 2013 12:13:00 PM UTC	1371240780000	0	0	yes	75.3	206.8	20506	20827	9258	6536	28	44221	2752	25	16	5900	0	0
June 14, 2013 12:14:00 PM UTC	1371240840000	0	0	yes	75.2	207.6	20506	20827	9254	6501	35	44253	2787	8	19	5896	0	0
June 14, 2013 12:15:00 PM UTC	1371240900000	0	0	yes	75.1	208.4	20506	20827	9251	6574	26	44192	2733	28	13	5895	0	0
June 14, 2013 12:16:00 PM UTC	1371240960000	0	0	yes	75.0	209.2	20506	20827	9247	6611	25	44160	2711	18	9	5877	0	0
June 14, 2013 12:17:00 PM UTC	1371241020000	0	0	yes	74.9	210.0	20506	20827	9256	6549	23	44215	2730	29	10	5900	0	0
June 14, 2013 12:18:00 PM UTC	1371241080000	0	0	yes	74.8	210.8	20506	20827	9252	6552	24	44215	2727	11	9	5890	0	0
June 14, 2013 12:19:00 PM UTC	1371241140000	0	0	yes	74.7	211.6	20506	20827	9252	6553	24	44214	2725	13	12	5888	0	0
June 14, 2013 12:20:00 PM UTC	1371241200000	0	0	yes	74.6	212.4	20506	20827	9245	6592	22	44184	2709	13	12	5873	0	0
June 14, 2013 12:21:00 PM UTC	1371241260000	0	0	yes	74.5	213.1	20506	20827	9246	6560	23	44214	2721	14	9	5877	0	0
June 14, 2013 12:22:00 PM UTC	1371241320000	0	0	yes	74.4	213.9	20506	20827	9255	6549	19	44220	2706	8	10	5893	0	0
June 14, 2013 12:23:00 PM UTC	1371241380000	0	0	yes	74.3	214.6	20506	20827	9254	6554	20	44215	2682	18	14	5907	0	0
June 14, 2013 12:24:00 PM UTC	1371241440000	0	0	yes	74.2	215.3	20506	20827	9239	6616	15	44173	2682	13	16	5865	0	0
June 14, 2013 12:25:00 PM UTC	1371241500000	0	0	yes	74.1	216.1	20506	20827	9250	6561	18	44214	2691	19	6	5891	0	0
June 14, 2013 12:26:00 PM UTC	1371241560000	0	0	yes	73.9	216.8	20506	20827	9250	6562	17	44214	2681	24	4	5891	0	0
June 14, 2013 12:27:00 PM UTC	1371241620000	0	0	yes	73.8	217.5	20506	20827	9250	6562	16	44215	2691	14	6	5894	0	0
June 14, 2013 12:28:00 PM UTC	1371241680000	0	0	yes	73.7	218.2	20506	20827	9253	6532	16	44242	2694	10	7	5896	0	0
June 14, 2013 12:29:00 PM UTC	1371241740000	0	0	yes	73.6	218.9	20506	20827	9245	6585	14	44199	2688	9	9	5876	0	0
June 14, 2013 12:30:00 PM UTC	1371241800000	0	0	yes	73.5	219.5	20506	20827	9253	6532	15	44243	2699	16	7	5894	0	0
June 14, 2013 12:31:00 PM UTC	1371241860000	0	0	yes	73.3	220.2	20506	20827	9252	6531	13	44247	2687	14	7	5897	0	0
June 14, 2013 12:32:00 PM UTC	1371241920000	0	0	yes	73.2	220.9	20506	20827	9253	6510	14	44266	2703	10	6	5899	0	0
June 14, 2013 12:33:00 PM UTC	1371241980000	0	0	yes	73.1	221.5	20506	20827	9246	6561	11	44225	2680	9	7	5876	0	0
June 14, 2013 12:34:00 PM UTC	1371242040000	0	0	yes	72.9	222.1	20506	20827	9251	6568	9	44215	2652	0	5	5897	0	0
June 14, 2013 12:35:00 PM UTC	1371242100000	0	0	yes	72.8	222.8	20506	20827	9253	6611	7	44172	2616	7	5	5888	0	0
June 14, 2013 12:36:00 PM UTC	1371242160000	0	0	yes	72.7	223.4	20506	20827	9245	6609	7	44182	2640	1	3	5876	0	0
June 14, 2013 12:37:00 PM UTC	1371242220000	0	0	yes	72.5	224.0	20506	20827	9246	6605	7	44185	2644	0	7	5878	0	0
June 14, 2013 12:38:00 PM UTC	1371242280000	0	0	yes	72.4	224.6	20506	20827	9253	6560	5	44225	2655	0	2	5900	0	0
June 14, 2013 12:39:00 PM UTC	1371242340000	0	0	yes	72.2	225.2	20506	20827	9252	6509	8	44274	2689	0	2	5900	0	0
June 14, 2013 12:40:00 PM UTC	1371242400000	0	0	yes	72.1	225.8	20506	20827	9251	6549	4	44239	2649	0	2	5897	0	0
June 14, 2013 12:41:00 PM UTC	1371242460000	0	0	yes	71.9	226.4	20506	20827	9251	6553	4	44235	2651	0	2	5894	0	0
June 14, 2013 12:42:00 PM UTC	1371242520000	0	0	yes	71.8	226.9	20506	20827	9251	6553	2	44237	2651	0	1	5892	0	0
June 14, 2013 12:43:00 PM UTC	1371242580000	0	0	yes	71.7	227.5	20506	20827	9251	6499	5	44288	2683	0	2	5900	0	0
June 14, 2013 12:44:00 PM UTC	1371242640000	0	0	yes	71.5	228.0	20506	20827	9243	6552	3	44245	2664	0	2	5877	0	0
June 14, 2013 12:45:00 PM UTC	1371242700000	0	0	yes	71.4	228.6	20506	20827	9243	6552	2	44246	2661	0	4	5878	0	0
June 14, 2013 12:46:00 PM UTC	1371242760000	0	0	yes	71.2	229.1	20506	20827	9249	6508	3	44283	2681	1	3	5895	0	0
June 14, 2013 12:47:00 PM UTC	1371242820000	0	0	yes	71.1	229.7	20506	20827	9249	6508	2	44284	2680	0	3	5891	0	0
June 14, 2013 12:48:00 PM UTC	1371242880000	0	0	yes	70.9	230.2	20506	20827	9241	6521	2	44279	2701	0	1	5880	0	0
June 14, 2013 12:49:00 PM UTC	1371242940000	0	0	yes	70.7	230.7	20506	20827	9241	6564	1	44237	2656	0	0	5874	0	0
June 14, 2013 12:50:00 PM UTC	1371243000000	0	0	yes	70.6	231.2	20506	20827	9247	6525	0	44271	2668	0	3	5890	0	0
June 14, 2013 12:51:00 PM UTC	1371243060000	0	0	yes	70.4	231.7	20506	20827	9248	6524	0	44271	2668	0	2	5890	0	0
June 14, 2013 12:52:00 PM UTC	1371243120000	0	0	yes	70.3	232.2	20506	20827	9247	6524	0	44272	2669	0	2	5891	0	0
June 14, 2013 12:53:00 PM UTC	1371243180000	0	0	yes	70.1	232.7	20506	20827	9247	6500	0	44296	2696	0	1	5890	0	0
June 14, 2013 12:54:00 PM UTC	1371243240000	0	0	yes	70.0	233.2	20506	20827	9245	6556	0	44242	2658	0	0	5886	0	0
June 14, 2013 12:55:00 PM UTC	1371243300000	0	0	yes	69.8	233.7	20506	20827	9252	6514	0	44277	2666	0	2	5897	0	0
June 14, 2013 12:56:00 PM UTC	1371243360000	0	0	yes	69.6	234.1	20506	20827	9251	6517	0	44275	2670	1	6	5896	0	0
June 14, 2013 12:57:00 PM UTC	1371243420000	0	0	yes	69.5	234.6	20506	20827	9245	6555	0	44243	2654	0	3	5874	0	0
June 14, 2013 12:58:00 PM UTC	1371243480000	0	0	yes	69.3	235.0	20506	20827	9251	6482	0	44310	2706	0	2	5892	0	0
June 14, 2013 12:59:00 PM UTC	1371243540000	0	0	yes	69.1	235.5	20506	20827	9252	6420	0	44371	2741	0	1	5907	0	0
June 14, 2013 1:00:00 PM UTC	1371243600000	0	0	yes	69.0	235.9	20506	20827	9248	6496	0	44299	2680	0	1	5898	0	0
June 14, 2013 1:01:00 PM UTC	1371243660000	0	0	yes	68.8	236.4	20506	20827	9248	6496	0	44299	2691	0	1	5897	0	0
June 14, 2013 1:02:00 PM UTC	1371243720000	0	0	yes	68.6	236.8	20506	20827	9248	6496	0	44299	2681	0	1	5893	0	0
June 14, 2013 1:03:00 PM UTC	1371243780000	0	0	yes	68.5	237.2	20506	20827	9249	6468	0	44326	2714	0	0	5898	0	0
June 14, 2013 1:04:00 PM UTC	1371243840000	0	0	yes	68.3	237.7	20506	20827	9256	6431	0	44356	2722	0	2	5911	0	0
June 14, 2013 1:05:00 PM UTC	1371243900000	0	0	yes	68.1	238.1	20506	20827	9257	6429	0	44357	2721	0	2	5912	0	0
June 14, 2013 1:06:00 PM UTC	1371243960000	0	0	yes	68.0	238.5	20506	20827	9247	6548	0	44248	2662	0	4	5882	0	0
June 14, 2013 1:07:00 PM UTC	1371244020000	0	0	yes	67.8	238.9	20506	20827	9247	6548	0	44248	2653	1	3	5882	0	0
June 14, 2013 1:08:00 PM UTC	1371244080000	0	0	yes	67.6	239.3	20506	20827	9251	6522	0	44270	2656	0	4	5891	0	0
June 14, 2013 1:09:00 PM UTC	1371244140000	0	0	yes	67.4	239.7	20506	20827	9252	6492	0	44299	2703	0	3	5898	0	0
June 14, 2013 1:10:00 PM UTC	1371244200000	0	0	yes	67.3	240.1	20506	20827	9252	6492	0	44299	2702	0	1	5899	0	0
June 14, 2013 1:11:00 PM UTC	1371244260000	0	0	yes	67.1	240.5	20506	20827	9242	6554	0	44247	2675	0	0	5874	0	0
June 14, 2013 1:12:00 PM UTC	1371244320000	0	0	yes	66.9	240.8	20506	20827	9243	6550	0	44250	2679	0	1	5875	0	0
June 14, 2013 1:13:00 PM UTC	1371244380000	0	0	yes	66.7	241.2	20506	20827	9247	6527	0	44269	2668	0	1	5883	0	0
June 14, 2013 1:14:00 PM UTC	1371244440000	0	0	yes	66.6	241.6	20506	20827	9258	6464	0	44321	2703	0	0	5904	0	0
June 14, 2013 1:15:00 PM UTC	1371244500000	0	0	yes	66.4	242.0	20506	20827	9247	6509	0	44287	2694	0	0	5889	0	0
June 14, 2013 1:16:00 PM UTC	1371244560000	0	0	yes	66.2	242.3	20506	20827	9247	6510	0	44286	2705	0	0	5883	0	0
June 14, 2013 1:17:00 PM UTC	1371244620000	0	0	yes	66.0	242.7	20506	20827	9252	6476	0	44315	2700	0	1	5893	0	0
June 14, 2013 1:18:00 PM UTC	1371244680000	0	0	yes	65.9	243.0	20506	20827	9247	6507	0	44289	2698	0	1	5890	0	0
June 14, 2013 1:19:00 PM UTC	1371244740000	0	0	yes	65.7	243.4	20506	20827	9241	6540	0	44262	2686	0	0	5875	0	0
June 14, 2013 1:20:00 PM UTC	1371244800000	0	0	yes	65.5	243.7	20506	20827	9242	6539	0	44262	2688	0	0	5874	0	0
June 14, 2013 1:21:00 PM UTC	1371244860000	0	0	yes	65.3	244.1	20506	20827	9255	6510	0	44278	2672	0	1	5904	0	0
June 14, 2013 1:22:00 PM UTC	1371244920000	0	0	yes	65.1	244.4	20506	20827	9242	6592	0	44209	2661	0	0	5872	0	0
June 14, 2013 1:23:00 PM UTC	1371244980000	0	0	yes	65.0	244.7	20506	20827	9246	6561	0	44236	2673	0	0	5884	0	0
June 14, 2013 1:24:00 PM UTC	1371245040000	0	0	yes	64.8	245.1	20506	20827	9246	6561	0	44236	2673	0	0	5882	0	0
June 14, 2013 1:25:00 PM UTC	1371245100000	0	0	yes	64.6	245.4	20506	20827	9250	6532	0	44261	2686	0	0	5892	0	0
June 14, 2013 1:26:00 PM UTC	1371245160000	0	0	yes	64.4	245.7	20506	20827	9246	6561	0	44236	2675	0	2	5883	0	0
June 14, 2013 1:27:00 PM UTC	1371245220000	0	0	yes	64.2	246.0	20506	20827	9251	6483	0	44309	2705	1	1	5895	0	0
June 14, 2013 1:28:00 PM UTC	1371245280000	0	0	yes	64.0	246.4	20506	20827	9251	6482	0	44310	2709	0	3	5895	0	0
June 14, 2013 1:29:00 PM UTC	1371245340000	0	0	yes	63.9	246.7	20506	20827	9245	6584	0	44214	2655	0	3	5873	0	0
June 14, 2013 1:30:00 PM UTC	1371245400000	0	0	yes	63.7	247.0	20506	20827	9251	6536	0	44256	2686	0	1	5893	0	0
June 14, 2013 1:31:00 PM UTC	1371245460000	0	0	yes	63.5	247.3	20506	20827	9251	6523	0	44269	2696	0	1	5895	0	0
June 14, 2013 1:32:00 PM UTC	1371245520000	0	0	yes	63.3	247.6	20506	20827	9245	6575	0	44223	2672	0	0	5876	0	0
June 14, 2013 1:33:00 PM UTC	1371245580000	0	0	yes	63.1	247.9	20506	20827	9245	6575	0	44223	2672	0	0	5876	0	0
June 14, 2013 1:34:00 PM UTC	1371245640000	0	0	yes	62.9	248.2	20506	20827	9258	6483	0	44302	2700	0	0	5911	0	0
June 14, 2013 1:35:00 PM UTC	1371245700000	0	0	yes	62.8	248.5	20506	20827	9243	6576	0	44224	2668	0	1	5879	0	0
June 14, 2013 1:36:00 PM UTC	1371245760000	0	0	yes	62.6	248.8	20506	20827	9243	6575	0	44225	2664	0	1	5875	0	0
June 14, 2013 1:37:00 PM UTC	1371245820000	0	0	yes	62.4	249.1	20506	20827	9247	6553	0	44243	2685	0	1	5884	0	0
June 14, 2013 1:38:00 PM UTC	1371245880000	0	0	yes	62.2	249.3	20506	20827	9248	6542	0	44253	2702	0	0	5888	0	0
June 14, 2013 1:39:00 PM UTC	1371245940000	0	0	yes	62.0	249.6	20506	20827	9247	6608	0	44188	2662	0	0	5882	0	0
June 14, 2013 1:40:00 PM UTC	1371246000000	0	0	yes	61.8	249.9	20506	20827	9237	6679	0	44127	2632	0	3	5857	0	0
June 14, 2013 1:41:00 PM UTC	1371246060000	0	0	yes	61.6	250.2	20506	20827	9249	6491	0	44303	2718	1	5	5891	0	0
June 14, 2013 1:42:00 PM UTC	1371246120000	0	0	yes	61.4	250.5	20506	20827	9248	6492	0	44303	2718	0	2	5889	0	0
June 14, 2013 1:43:00 PM UTC	1371246180000	0	0	yes	61.2	250.7	20506	20827	9244	6536	0	44263	2702	0	1	5878	0	0
June 14, 2013 1:44:00 PM UTC	1371246240000	0	0	yes	61.1	251.0	20506	20827	9252	6466	0	44325	2730	0	3	5899	0	0
June 14, 2013 1:45:00 PM UTC	1371246300000	0	0	yes	60.9	251.3	20506	20827	9252	6466	0	44325	2736	1	2	5900	0	0
June 14, 2013 1:46:00 PM UTC	1371246360000	0	0	yes	60.7	251.5	20506	20827	9244	6513	0	44286	2705	0	2	5881	0	0
June 14, 2013 1:47:00 PM UTC	1371246420000	0	0	yes	60.5	251.8	20506	20827	9254	6456	0	44333	2748	0	1	5902	0	0
June 14, 2013 1:48:00 PM UTC	1371246480000	0	0	yes	60.3	252.0	20506	20827	9244	6529	0	44270	2716	0	1	5876	0	0
June 14, 2013 1:49:00 PM UTC	1371246540000	0	0	yes	60.1	252.3	20506	20827	9245	6498	0	44300	2733	0	0	5886	0	0
June 14, 2013 1:50:00 PM UTC	1371246600000	0	0	yes	59.9	252.6	20506	20827	9245	6498	0	44300	2731	0	6	5889	0	0
June 14, 2013 1:51:00 PM UTC	1371246660000	0	0	yes	59.7	252.8	20506	20827	9244	6580	0	44219	2686	1	6	5873	0	0
June 14, 2013 1:52:00 PM UTC	1371246720000	0	0	yes	59.5	253.1	20506	20827	9254	6511	0	44278	2722	1	6	5904	0	0
June 14, 2013 1:53:00 PM UTC	1371246780000	0	0	yes	59.3	253.3	20506	20827	9247	6561	0	44235	2701	1	4	5886	0	0
June 14, 2013 1:54:00 PM UTC	1371246840000	0	0	yes	59.1	253.6	20506	20827	9246	6561	0	44236	2701	2	7	5885	0	0
June 14, 2013 1:55:00 PM UTC	1371246900000	0	0	yes	59.0	253.8	20506	20827	9246	6561	0	44236	2702	2	8	5885	0	0
June 14, 2013 1:56:00 PM UTC	1371246960000	0	0	yes	58.8	254.0	20506	20827	9247	6519	0	44277	2709	0	4	5887	0	0
June 14, 2013 1:57:00 PM UTC	1371247020000	0	0	yes	58.6	254.3	20506	20827	9248	6517	0	44278	2719	0	4	5889	0	0
June 14, 2013 1:58:00 PM UTC	1371247080000	0	0	yes	58.4	254.5	20506	20827	9248	6518	0	44277	2721	0	1	5886	0	0
June 14, 2013 1:59:00 PM UTC	1371247140000	0	0	yes	58.2	254.7	20506	20827	9248	6517	0	44278	2727	0	2	5885	0	0
June 14, 2013 2:00:00 PM UTC	1371247200000	0	0	yes	58.0	255.0	20506	20827	9248	6517	0	44278	2732	0	5	5883	0	0
June 14, 2013 2:01:00 PM UTC	1371247260000	0	0	yes	57.8	255.2	20506	20827	9250	6500	0	44293	2741	0	4	5887	0	0
June 14, 2013 2:02:00 PM UTC	1371247320000	0	0	yes	57.6	255.4	20506	20827	9250	6500	0	44293	2735	0	6	5885	0	0
June 14, 2013 2:03:00 PM UTC	1371247380000	0	0	yes	57.4	255.7	20506	20827	9250	6498	0	44295	2734	0	2	5881	0	0
June 14, 2013 2:04:00 PM UTC	1371247440000	0	0	yes	57.2	255.9	20506	20827	9238	6568	0	44237	2710	0	0	5847	0	0
June 14, 2013 2:05:00 PM UTC	1371247500000	0	0	yes	57.0	256.1	20506	20827	9250	6556	0	44237	2706	0	4	5868	0	0
June 14, 2013 2:06:00 PM UTC	1371247560000	0	0	yes	56.8	256.3	20506	20827	9240	6625	0	44178	2672	0	4	5838	0	0
June 14, 2013 2:07:00 PM UTC	1371247620000	0	0	yes	56.6	256.6	20506	20827	9251	6557	0	44235	2710	0	3	5862	0	0
June 14, 2013 2:08:00 PM UTC	1371247680000	0	0	yes	56.4	256.8	20506	20827	9240	6627	0	44176	2687	0	5	5831	0	0
June 14, 2013 2:09:00 PM UTC	1371247740000	0	0	yes	56.2	257.0	20506	20827	9251	6557	0	44235	2715	0	3	5846	0	0
June 14, 2013 2:10:00 PM UTC	1371247800000	0	0	yes	56.0	257.2	20506	20827	9242	6609	0	44192	2699	0	2	5820	0	0
June 14, 2013 2:11:00 PM UTC	1371247860000	0	0	yes	55.8	257.4	20506	20827	9251	6558	0	44234	2719	0	3	5831	0	0
June 14, 2013 2:12:00 PM UTC	1371247920000	0	0	yes	55.6	257.6	20506	20827	9240	6590	0	44213	2701	0	2	5804	0	0
June 14, 2013 2:13:00 PM UTC	1371247980000	0	0	yes	55.5	257.9	20506	20827	9240	6588	0	44215	2704	0	8	5795	0	0
June 14, 2013 2:14:00 PM UTC	1371248040000	0	0	yes	55.3	258.1	20506	20827	9240	6588	0	44215	2704	0	10	5785	0	0
June 14, 2013 2:15:00 PM UTC	1371248100000	0	0	yes	55.1	258.3	20506	20827	9244	6485	0	44314	2747	2	19	5795	0	0
June 14, 2013 2:16:00 PM UTC	1371248160000	0	0	yes	54.9	258.5	20506	20827	9244	6485	0	44314	2753	3	17	5784	0	0
June 14, 2013 2:17:00 PM UTC	1371248220000	0	0	yes	54.7	258.7	20506	20827	9242	6503	0	44298	2748	2	7	5772	0	0
June 14, 2013 2:18:00 PM UTC	1371248280000	0	0	yes	54.5	258.9	20506	20827	9242	6503	0	44298	2754	2	3	5763	0	0
June 14, 2013 2:19:00 PM UTC	1371248340000	0	0	yes	54.3	259.1	20506	20827	9244	6492	0	44307	2755	0	8	5758	0	0
June 14, 2013 2:20:00 PM UTC	1371248400000	0	0	yes	54.1	259.3	20506	20827	9244	6497	0	44302	2760	0	8	5747	0	0
June 14, 2013 2:21:00 PM UTC	1371248460000	0	0	yes	53.9	259.5	20506	20827	9245	6565	0	44233	2722	0	2	5735	0	1
June 14, 2013 2:22:00 PM UTC	1371248520000	0	0	yes	53.7	259.7	20506	20827	9245	6565	0	44233	2730	0	27	5722	0	0
June 14, 2013 2:23:00 PM UTC	1371248580000	0	0	yes	53.5	259.9	20506	20827	9246	6565	0	44232	2726	0	8	5712	0	0
June 14, 2013 2:24:00 PM UTC	1371248640000	0	0	yes	53.3	260.1	20506	20827	9246	6565	0	44232	2731	1	16	5702	0	0
June 14, 2013 2:25:00 PM UTC	1371248700000	0	0	yes	53.1	260.3	20506	20827	9247	6563	0	44233	2731	0	6	5684	0	0
June 14, 2013 2:26:00 PM UTC	1371248760000	0	0	yes	52.9	260.5	20506	20827	9247	6563	0	44233	2733	0	11	5676	0	0
June 14, 2013 2:27:00 PM UTC	1371248820000	0	0	yes	52.7	260.7	20506	20827	9250	6551	0	44242	2739	0	5	5671	0	0
June 14, 2013 2:28:00 PM UTC	1371248880000	0	0	yes	52.5	260.9	20506	20827	9250	6551	0	44242	2739	0	16	5667	0	0
June 14, 2013 2:29:00 PM UTC	1371248940000	0	0	yes	52.3	261.0	20506	20827	9251	6518	0	44274	2747	1	28	5641	0	0
June 14, 2013 2:30:00 PM UTC	1371249000000	0	0	yes	52.1	261.2	20506	20827	9251	6518	0	44274	2748	1	43	5636	0	0
June 14, 2013 2:31:00 PM UTC	1371249060000	0	0	yes	51.9	261.4	20506	20827	9252	6515	0	44276	2748	0	14	5614	0	0
June 14, 2013 2:32:00 PM UTC	1371249120000	0	0	yes	51.7	261.6	20506	20827	9252	6515	0	44276	2745	1	22	5610	0	0
June 14, 2013 2:33:00 PM UTC	1371249180000	0	0	yes	51.5	261.8	20506	20827	9254	6515	0	44274	2761	0	23	5594	0	0
June 14, 2013 2:34:00 PM UTC	1371249240000	0	0	yes	51.3	262.0	20506	20827	9254	6515	0	44274	2761	0	13	5589	0	0
June 14, 2013 2:35:00 PM UTC	1371249300000	0	0	yes	51.1	262.2	20506	20827	9254	6515	0	44274	2761	1	15	5575	0	0
June 14, 2013 2:36:00 PM UTC	1371249360000	0	0	yes	50.9	262.3	20506	20827	9255	6514	0	44274	2764	0	15	5557	0	0
June 14, 2013 2:37:00 PM UTC	1371249420000	0	0	yes	50.7	262.5	20506	20827	9255	6514	0	44274	2773	0	34	5542	0	0
June 14, 2013 2:38:00 PM UTC	1371249480000	0	0	yes	50.5	262.7	20506	20827	9256	6513	0	44274	2769	1	26	5527	0	0
June 14, 2013 2:39:00 PM UTC	1371249540000	0	0	yes	50.3	262.9	20506	20827	9256	6513	0	44274	2764	1	32	5518	0	0
June 14, 2013 2:40:00 PM UTC	1371249600000	0	0	yes	50.1	263.1	20506	20827	9257	6583	0	44203	2737	1	17	5495	0	0
June 14, 2013 2:41:00 PM UTC	1371249660000	0	0	yes	49.9	263.2	20506	20827	9257	6583	0	44203	2737	0	14	5487	0	0
June 14, 2013 2:42:00 PM UTC	1371249720000	0	0	yes	49.7	263.4	20506	20827	9245	6660	0	44138	2696	0	5	5450	0	0
June 14, 2013 2:43:00 PM UTC	1371249780000	0	0	yes	49.5	263.6	20506	20827	9256	6588	0	44199	2740	0	3	5452	0	0
June 14, 2013 2:44:00 PM UTC	1371249840000	0	0	yes	49.3	263.8	20506	20827	9256	6588	0	44199	2738	0	5	5443	0	0
June 14, 2013 2:45:00 PM UTC	1371249900000	0	0	yes	49.1	263.9	20506	20827	9258	6505	0	44280	2782	8	47	5433	0	0
June 14, 2013 2:46:00 PM UTC	1371249960000	0	0	yes	48.9	264.1	20506	20827	9258	6477	0	44308	2778	8	42	5425	0	0
June 14, 2013 2:47:00 PM UTC	1371250020000	0	0	yes	48.7	264.3	20506	20827	9258	6477	0	44308	2783	1	21	5401	0	0
June 14, 2013 2:48:00 PM UTC	1371250080000	0	0	yes	48.5	264.5	20506	20827	9258	6489	0	44296	2783	2	31	5389	0	0
June 14, 2013 2:49:00 PM UTC	1371250140000	0	0	yes	48.3	264.6	20506	20827	9248	6559	0	44236	2752	1	24	5354	0	0
June 14, 2013 2:50:00 PM UTC	1371250200000	0	0	yes	48.1	264.8	20506	20827	9259	6488	0	44296	2792	1	23	5363	0	0
June 14, 2013 2:51:00 PM UTC	1371250260000	0	0	yes	47.9	265.0	20506	20827	9248	6558	0	44237	2757	0	15	5331	0	0
June 14, 2013 2:52:00 PM UTC	1371250320000	0	0	yes	47.7	265.1	20506	20827	9260	6481	0	44302	2793	1	15	5335	0	0
June 14, 2013 2:53:00 PM UTC	1371250380000	0	0	yes	47.5	265.3	20506	20827	9260	6481	0	44302	2795	1	19	5310	0	0
June 14, 2013 2:54:00 PM UTC	1371250440000	0	0	yes	47.3	265.5	20506	20827	9249	6551	0	44243	2753	7	23	5287	0	0
June 14, 2013 2:55:00 PM UTC	1371250500000	0	0	yes	47.1	265.6	20506	20827	9260	6480	0	44303	2798	3	25	5284	0	0
June 14, 2013 2:56:00 PM UTC	1371250560000	0	0	yes	46.9	265.8	20506	20827	9249	6550	0	44244	2766	0	13	5253	0	0
June 14, 2013 2:57:00 PM UTC	1371250620000	0	0	yes	46.7	266.0	20506	20827	9260	6479	0	44304	2805	1	21	5250	0	0
June 14, 2013 2:58:00 PM UTC	1371250680000	0	0	yes	46.5	266.1	20506	20827	9260	6479	0	44304	2801	0	19	5237	0	0
June 14, 2013 2:59:00 PM UTC	1371250740000	0	0	yes	46.3	266.3	20506	20827	9260	6477	0	44306	2807	1	14	5216	0	0
June 14, 2013 3:00:00 PM UTC	1371250800000	0	0	yes	46.1	266.5	20506	20827	9260	6477	0	44306	2809	0	13	5201	0	0
June 14, 2013 3:01:00 PM UTC	1371250860000	0	0	yes	45.9	266.6	20506	20827	9250	6548	0	44245	2768	1	9	5170	0	0
June 14, 2013 3:02:00 PM UTC	1371250920000	0	0	yes	45.7	266.8	20506	20827	9260	6476	0	44307	2806	0	37	5170	0	0
June 14, 2013 3:03:00 PM UTC	1371250980000	0	0	yes	45.5	266.9	20506	20827	9248	6626	0	44169	2733	0	9	5136	0	0
June 14, 2013 3:04:00 PM UTC	1371251040000	0	0	yes	45.3	267.1	20506	20827	9259	6551	0	44233	2781	0	19	5135	0	0
June 14, 2013 3:05:00 PM UTC	1371251100000	0	0	yes	45.1	267.3	20506	20827	9259	6546	0	44238	2785	0	21	5118	0	0
June 14, 2013 3:06:00 PM UTC	1371251160000	0	0	yes	44.9	267.4	20506	20827	9249	6616	0	44178	2748	0	13	5086	0	0
June 14, 2013 3:07:00 PM UTC	1371251220000	0	0	yes	44.7	267.6	20506	20827	9261	6542	0	44240	2781	0	14	5083	0	0
June 14, 2013 3:08:00 PM UTC	1371251280000	0	0	yes	44.5	267.7	20506	20827	9249	6614	0	44180	2744	0	5	5058	0	0
June 14, 2013 3:09:00 PM UTC	1371251340000	0	0	yes	44.3	267.9	20506	20827	9249	6614	0	44180	2754	0	7	5039	0	0
June 14, 2013 3:10:00 PM UTC	1371251400000	0	0	yes	44.1	268.0	20506	20827	9261	6543	0	44239	2798	0	9	5033	0	0
June 14, 2013 3:11:00 PM UTC	1371251460000	0	0	yes	43.9	268.2	20506	20827	9249	6615	0	44179	2755	0	11	5003	0	0
June 14, 2013 3:12:00 PM UTC	1371251520000	0	0	yes	43.7	268.4	20506	20827	9261	6544	0	44238	2795	0	36	4996	0	0
June 14, 2013 3:13:00 PM UTC	1371251580000	0	0	yes	43.5	268.5	20506	20827	9261	6544	0	44238	2791	0	33	4982	0	0
June 14, 2013 3:14:00 PM UTC	1371251640000	0	0	yes	43.3	268.7	20506	20827	9249	6616	0	44178	2757	0	9	4955	0	0
June 14, 2013 3:15:00 PM UTC	1371251700000	0	0	yes	43.1	268.8	20506	20827	9261	6470	0	44312	2826	0	8	4953	0	0
June 14, 2013 3:16:00 PM UTC	1371251760000	0	0	yes	42.9	269.0	20506	20827	9249	6541	0	44253	2782	0	16	4922	0	1
June 14, 2013 3:17:00 PM UTC	1371251820000	0	0	yes	42.7	269.1	20506	20827	9261	6469	0	44313	2831	0	17	4921	0	0
June 14, 2013 3:18:00 PM UTC	1371251880000	0	0	yes	42.5	269.3	20506	20827	9261	6469	0	44313	2835	1	23	4897	0	0
June 14, 2013 3:19:00 PM UTC	1371251940000	0	0	yes	42.3	269.4	20506	20827	9249	6539	0	44255	2787	0	5	4873	0	0
June 14, 2013 3:20:00 PM UTC	1371252000000	0	0	yes	42.1	269.6	20506	20827	9261	6468	0	44314	2837	1	22	4864	0	0
June 14, 2013 3:21:00 PM UTC	1371252060000	0	0	yes	41.9	269.7	20506	20827	9261	6468	0	44314	2835	2	55	4850	0	0
June 14, 2013 3:22:00 PM UTC	1371252120000	0	0	yes	41.7	269.9	20506	20827	9261	6468	0	44314	2841	1	57	4829	0	0
June 14, 2013 3:23:00 PM UTC	1371252180000	0	0	yes	41.5	270.0	20506	20827	9261	6468	0	44314	2838	0	62	4813	0	0
June 14, 2013 3:24:00 PM UTC	1371252240000	0	0	yes	41.3	270.2	20506	20827	9249	6612	0	44182	2766	0	28	4787	0	0
June 14, 2013 3:25:00 PM UTC	1371252300000	0	0	yes	41.1	270.3	20506	20827	9261	6460	0	44322	2835	0	22	4780	0	0
June 14, 2013 3:26:00 PM UTC	1371252360000	0	0	yes	40.9	270.5	20506	20827	9261	6460	0	44322	2839	0	53	4764	0	1
June 14, 2013 3:27:00 PM UTC	1371252420000	0	0	yes	40.7	270.6	20506	20827	9249	6531	0	44263	2794	0	41	4729	0	1
June 14, 2013 3:28:00 PM UTC	1371252480000	0	0	yes	40.5	270.8	20506	20827	9261	6461	0	44321	2849	1	41	4723	0	2
June 14, 2013 3:29:00 PM UTC	1371252540000	0	0	yes	40.3	270.9	20506	20827	9249	6533	0	44261	2798	1	48	4700	1	1
June 14, 2013 3:30:00 PM UTC	1371252600000	0	0	yes	40.1	271.1	20506	20827	9249	6533	0	44261	2804	0	79	4680	1	2
June 14, 2013 3:31:00 PM UTC	1371252660000	0	0	yes	39.9	271.2	20506	20827	9261	6544	0	44238	2812	0	112	4675	0	18
June 14, 2013 3:32:00 PM UTC	1371252720000	0	0	yes	39.7	271.4	20506	20827	9249	6616	0	44178	2777	0	98	4648	0	5
June 14, 2013 3:33:00 PM UTC	1371252780000	0	0	yes	39.5	271.5	20506	20827	9261	6544	0	44238	2823	0	95	4638	0	3
June 14, 2013 3:34:00 PM UTC	1371252840000	0	0	yes	39.3	271.6	20506	20827	9261	6544	0	44238	2822	2	56	4619	0	11
June 14, 2013 3:35:00 PM UTC	1371252900000	0	0	yes	39.1	271.8	20506	20827	9249	6615	0	44179	2791	0	51	4589	0	8
June 14, 2013 3:36:00 PM UTC	1371252960000	0	0	yes	38.9	271.9	20506	20827	9261	6543	0	44239	2822	0	72	4583	0	9
June 14, 2013 3:37:00 PM UTC	1371253020000	0	0	yes	38.7	272.1	20506	20827	9261	6543	0	44239	2819	0	66	4569	0	12
June 14, 2013 3:38:00 PM UTC	1371253080000	0	0	yes	38.5	272.2	20506	20827	9249	6614	0	44180	2781	0	55	4553	0	30
June 14, 2013 3:39:00 PM UTC	1371253140000	0	0	yes	38.3	272.4	20506	20827	9261	6542	0	44240	2836	1	116	4532	0	81
June 14, 2013 3:40:00 PM UTC	1371253200000	0	0	yes	38.1	272.5	20506	20827	9261	6542	0	44240	2829	2	94	4514	0	51
June 14, 2013 3:41:00 PM UTC	1371253260000	0	1	yes	37.9	272.6	20506	20827	9249	6616	0	44178	2785	1	140	4496	0	104
June 14, 2013 3:42:00 PM UTC	1371253320000	0	1	yes	37.7	272.8	20506	20827	9259	6546	0	44238	2825	11	224	4486	0	96
June 14, 2013 3:43:00 PM UTC	1371253380000	0	1	yes	37.5	272.9	20506	20827	9249	6621	0	44173	2787	1	195	4456	0	103
June 14, 2013 3:44:00 PM UTC	1371253440000	0	1	yes	37.3	273.1	20506	20827	9258	6555	0	44230	2830	3	229	4446	0	145
June 14, 2013 3:45:00 PM UTC	1371253500000	0	1	yes	37.1	273.2	20506	20827	9260	6483	0	44300	2856	1	303	4426	0	126
June 14, 2013 3:46:00 PM UTC	1371253560000	0	1	yes	36.9	273.3	20506	20827	9250	6553	0	44240	2816	0	286	4403	0	148
June 14, 2013 3:47:00 PM UTC	1371253620000	0	1	yes	36.7	273.5	20506	20827	9260	6482	0	44301	2861	6	357	4387	0	145
June 14, 2013 3:48:00 PM UTC	1371253680000	0	1	yes	36.5	273.6	20506	20827	9260	6482	0	44301	2854	7	425	4381	0	166
June 14, 2013 3:49:00 PM UTC	1371253740000	0	1	yes	36.3	273.8	20506	20827	9250	6551	0	44242	2813	21	404	4358	0	131
June 14, 2013 3:50:00 PM UTC	1371253800000	0	1	yes	36.1	273.9	20506	20827	9260	6480	0	44303	2861	39	434	4342	0	153
June 14, 2013 3:51:00 PM UTC	1371253860000	0	2	yes	35.9	274.0	20506	20827	9260	6480	0	44303	2862	38	482	4323	0	194
June 14, 2013 3:52:00 PM UTC	1371253920000	0	1	yes	35.7	274.2	20506	20827	9249	6550	0	44244	2817	7	425	4302	0	166
June 14, 2013 3:53:00 PM UTC	1371253980000	0	2	yes	35.5	274.3	20506	20827	9260	6479	0	44304	2857	19	524	4298	0	139
June 14, 2013 3:54:00 PM UTC	1371254040000	0	1	yes	35.3	274.5	20506	20827	9260	6479	0	44304	2865	13	500	4270	0	112
June 14, 2013 3:55:00 PM UTC	1371254100000	0	1	yes	35.1	274.6	20506	20827	9249	6549	0	44245	2822	5	446	4253	0	138
June 14, 2013 3:56:00 PM UTC	1371254160000	0	1	yes	34.9	274.7	20506	20827	9260	6478	0	44305	2863	5	424	4238	0	103
June 14, 2013 3:57:00 PM UTC	1371254220000	0	1	yes	34.7	274.9	20506	20827	9260	6478	0	44305	2865	8	475	4226	0	116
June 14, 2013 3:58:00 PM UTC	1371254280000	0	1	yes	34.5	275.0	20506	20827	9248	6554	0	44241	2819	9	482	4201	0	85
June 14, 2013 3:59:00 PM UTC	1371254340000	0	1	yes	34.3	275.2	20506	20827	9259	6483	0	44301	2863	11	484	4189	0	84
June 14, 2013 4:00:00 PM UTC	1371254400000	0	1	yes	34.1	275.3	20506	20827	9259	6483	0	44301	2867	9	444	4172	0	78
June 14, 2013 4:01:00 PM UTC	1371254460000	0	1	yes	33.9	275.4	20506	20827	9248	6554	0	44241	2830	1	441	4148	0	81
June 14, 2013 4:02:00 PM UTC	1371254520000	0	1	yes	33.7	275.6	20506	20827	9258	6483	0	44302	2872	10	527	4134	0	87
June 14, 2013 4:03:00 PM UTC	1371254580000	0	1	yes	33.5	275.7	20506	20827	9258	6472	0	44313	2865	33	502	4119	0	78
June 14, 2013 4:04:00 PM UTC	1371254640000	0	1	yes	33.3	275.8	20506	20827	9247	6543	0	44253	2826	20	531	4105	0	76
June 14, 2013 4:05:00 PM UTC	1371254700000	0	2	yes	33.1	276.0	20506	20827	9258	6500	0	44285	2867	32	574	4085	0	91
June 14, 2013 4:06:00 PM UTC	1371254760000	0	1	yes	32.9	276.1	20506	20827	9257	6582	0	44204	2847	27	539	4072	0	52
June 14, 2013 4:07:00 PM UTC	1371254820000	0	1	yes	32.7	276.2	20506	20827	9256	6590	0	44197	2844	26	574	4055	0	31
June 14, 2013 4:08:00 PM UTC	1371254880000	0	2	yes	32.5	276.4	20506	20827	9256	6590	0	44197	2835	21	600	4049	0	71
June 14, 2013 4:09:00 PM UTC	1371254940000	0	1	yes	32.3	276.5	20506	20827	9256	6590	0	44197	2841	16	563	4026	0	43
June 14, 2013 4:10:00 PM UTC	1371255000000	0	1	yes	32.1	276.6	20506	20827	9257	6581	0	44205	2834	17	527	4016	0	52
June 14, 2013 4:11:00 PM UTC	1371255060000	0	1	yes	31.9	276.8	20506	20827	9257	6581	0	44205	2836	10	574	4002	0	55
June 14, 2013 4:12:00 PM UTC	1371255120000	0	2	yes	31.7	276.9	20506	20827	9257	6581	0	44205	2831	13	603	3988	0	63
June 14, 2013 4:13:00 PM UTC	1371255180000	0	1	yes	31.5	277.0	20506	20827	9256	6518	0	44269	2843	51	576	3983	0	62
June 14, 2013 4:14:00 PM UTC	1371255240000	0	1	yes	31.3	277.2	20506	20827	9256	6518	0	44269	2835	73	555	3973	0	44
June 14, 2013 4:15:00 PM UTC	1371255300000	0	1	yes	31.1	277.3	20506	20827	9256	6518	0	44269	2835	72	583	3961	0	48
June 14, 2013 4:16:00 PM UTC	1371255360000	0	1	yes	30.9	277.4	20506	20827	9255	6517	0	44271	2829	76	588	3951	0	63
June 14, 2013 4:17:00 PM UTC	1371255420000	0	1	yes	30.7	277.6	20506	20827	9255	6517	0	44271	2824	57	592	3943	0	51
June 14, 2013 4:18:00 PM UTC	1371255480000	0	1	yes	30.5	277.7	20506	20827	9255	6517	0	44271	2814	117	561	3933	0	56
June 14, 2013 4:19:00 PM UTC	1371255540000	0	1	yes	30.3	277.8	20506	20827	9254	6516	0	44273	2815	144	556	3919	0	62
June 14, 2013 4:20:00 PM UTC	1371255600000	0	1	yes	30.1	278.0	20506	20827	9254	6516	0	44273	2814	86	577	3908	0	37
June 14, 2013 4:21:00 PM UTC	1371255660000	0	1	yes	29.9	278.1	20506	20827	9253	6526	0	44264	2792	108	564	3908	0	53
June 14, 2013 4:22:00 PM UTC	1371255720000	0	1	yes	29.7	278.2	20506	20827	9254	6517	0	44272	2789	136	591	3899	0	46
June 14, 2013 4:23:00 PM UTC	1371255780000	0	2	yes	29.5	278.4	20506	20827	9252	6518	0	44273	2783	123	672	3889	0	62
June 14, 2013 4:24:00 PM UTC	1371255840000	0	2	yes	29.3	278.5	20506	20827	9252	6518	0	44273	2777	114	671	3878	0	66
June 14, 2013 4:25:00 PM UTC	1371255900000	0	2	yes	29.1	278.6	20506	20827	9251	6518	0	44274	2763	143	620	3874	0	72
June 14, 2013 4:26:00 PM UTC	1371255960000	1	1	yes	28.9	278.8	20506	20827	9251	6518	0	44274	2759	224	535	3872	0	75
June 14, 2013 4:27:00 PM UTC	1371256020000	1	1	yes	28.7	278.9	20506	20827	9251	6518	0	44274	2749	235	556	3857	0	71
June 14, 2013 4:28:00 PM UTC	1371256080000	1	1	yes	28.5	279.0	20506	20827	9250	6516	0	44277	2738	255	539	3853	0	72
June 14, 2013 4:29:00 PM UTC	1371256140000	1	1	yes	28.3	279.2	20506	20827	9250	6547	0	44246	2726	305	526	3864	0	47
June 14, 2013 4:30:00 PM UTC	1371256200000	1	1	yes	28.1	279.3	20506	20827	9250	6547	0	44246	2720	335	497	3834	0	57
June 14, 2013 4:31:00 PM UTC	1371256260000	1	1	yes	27.9	279.4	20506	20827	9247	6558	0	44238	2702	377	471	3847	0	72
June 14, 2013 4:32:00 PM UTC	1371256320000	1	1	yes	27.7	279.6	20506	20827	9247	6558	0	44238	2690	311	565	3848	0	58
June 14, 2013 4:33:00 PM UTC	1371256380000	1	1	yes	27.5	279.7	20506	20827	9247	6558	0	44238	2687	295	571	3829	0	55
June 14, 2013 4:34:00 PM UTC	1371256440000	1	1	yes	27.3	279.8	20506	20827	9246	6558	0	44239	2677	286	550	3835	0	59
June 14, 2013 4:35:00 PM UTC	1371256500000	1	1	yes	27.1	280.0	20506	20827	9246	6558	0	44239	2666	258	580	3830	0	71
June 14, 2013 4:36:00 PM UTC	1371256560000	1	1	yes	26.9	280.1	20506	20827	9246	6558	0	44239	2653	352	491	3827	0	78
June 14, 2013 4:37:00 PM UTC	1371256620000	1	2	yes	26.7	280.2	20506	20827	9257	6491	0	44295	2682	281	612	3821	0	81
June 14, 2013 4:38:00 PM UTC	1371256680000	1	1	yes	26.5	280.4	20506	20827	9245	6558	0	44240	2634	306	543	3820	0	74
June 14, 2013 4:39:00 PM UTC	1371256740000	1	1	yes	26.3	280.5	20506	20827	9245	6558	0	44240	2621	357	535	3821	0	81
June 14, 2013 4:40:00 PM UTC	1371256800000	1	1	yes	26.2	280.6	20506	20827	9255	6485	0	44303	2651	344	525	3818	0	83
June 14, 2013 4:41:00 PM UTC	1371256860000	1	1	yes	26.0	280.7	20506	20827	9244	6497	0	44302	2614	341	530	3815	0	68
June 14, 2013 4:42:00 PM UTC	1371256920000	1	2	yes	25.8	280.9	20506	20827	9244	6497	0	44302	2605	309	594	3813	0	71
June 14, 2013 4:43:00 PM UTC	1371256980000	1	1	yes	25.6	281.0	20506	20827	9253	6428	0	44362	2628	408	531	3807	0	89
June 14, 2013 4:44:00 PM UTC	1371257040000	1	1	yes	25.4	281.1	20506	20827	9242	6501	0	44300	2575	423	527	3808	0	101
June 14, 2013 4:45:00 PM UTC	1371257100000	1	2	yes	25.2	281.3	20506	20827	9242	6501	0	44300	2560	317	619	3810	0	85
June 14, 2013 4:46:00 PM UTC	1371257160000	1	1	yes	25.0	281.4	20506	20827	9253	6427	0	44363	2590	434	480	3804	0	67
June 14, 2013 4:47:00 PM UTC	1371257220000	1	2	yes	24.8	281.5	20506	20827	9244	6483	0	44316	2546	324	584	3804	0	82
June 14, 2013 4:48:00 PM UTC	1371257280000	1	2	yes	24.6	281.7	20506	20827	9244	6483	0	44316	2529	290	600	3809	0	79
June 14, 2013 4:49:00 PM UTC	1371257340000	1	1	yes	24.4	281.8	20506	20827	9254	6427	0	44362	2553	425	510	3806	0	85
June 14, 2013 4:50:00 PM UTC	1371257400000	1	1	yes	24.2	281.9	20506	20827	9240	6591	0	44212	2483	395	475	3803	0	77
June 14, 2013 4:51:00 PM UTC	1371257460000	1	1	yes	24.0	282.1	20506	20827	9240	6591	0	44212	2470	424	457	3807	0	81
June 14, 2013 4:52:00 PM UTC	1371257520000	1	1	yes	23.8	282.2	20506	20827	9251	6522	0	44270	2489	367	525	3812	0	84
June 14, 2013 4:53:00 PM UTC	1371257580000	1	1	yes	23.6	282.3	20506	20827	9240	6592	0	44211	2441	428	446	3808	0	84
June 14, 2013 4:54:00 PM UTC	1371257640000	1	1	yes	23.4	282.4	20506	20827	9240	6626	0	44177	2426	316	567	3808	0	76
June 14, 2013 4:55:00 PM UTC	1371257700000	1	1	yes	23.2	282.6	20506	20827	9251	6558	0	44234	2448	416	443	3809	0	64
June 14, 2013 4:56:00 PM UTC	1371257760000	1	1	yes	23.0	282.7	20506	20827	9253	6541	4	44245	2445	415	460	3812	0	71
June 14, 2013 4:57:00 PM UTC	1371257820000	1	1	yes	22.8	282.8	20506	20827	9242	6609	10	44182	2399	400	489	3811	0	65
June 14, 2013 4:58:00 PM UTC	1371257880000	1	1	yes	22.6	283.0	20506	20827	9251	6556	21	44215	2408	413	449	3820	0	85
June 14, 2013 4:59:00 PM UTC	1371257940000	1	1	yes	22.4	283.1	20506	20827	9251	6556	36	44200	2396	422	428	3819	0	74
June 14, 2013 5:00:00 PM UTC	1371258000000	1	1	yes	22.2	283.2	20506	20827	9240	6625	40	44138	2348	440	418	3823	0	66
June 14, 2013 5:01:00 PM UTC	1371258060000	1	1	yes	22.0	283.4	20506	20827	9251	6554	62	44176	2370	277	563	3827	0	90
June 14, 2013 5:02:00 PM UTC	1371258120000	1	2	yes	21.8	283.5	20506	20827	9251	6553	72	44167	2354	323	582	3825	0	84
June 14, 2013 5:03:00 PM UTC	1371258180000	1	1	yes	21.6	283.6	20506	20827	9240	6623	76	44104	2308	313	535	3830	0	108
June 14, 2013 5:04:00 PM UTC	1371258240000	1	1	yes	21.4	283.7	20506	20827	9250	6554	102	44137	2316	394	493	3841	0	118
June 14, 2013 5:05:00 PM UTC	1371258300000	1	1	yes	21.3	283.9	20506	20827	9250	6554	113	44126	2314	347	423	3840	0	87
June 14, 2013 5:06:00 PM UTC	1371258360000	1	1	yes	21.1	284.0	20506	20827	9238	6637	112	44056	2258	344	421	3841	0	86
June 14, 2013 5:07:00 PM UTC	1371258420000	1	1	yes	20.9	284.1	20506	20827	9250	6502	132	44159	2290	302	468	3847	0	90
June 14, 2013 5:08:00 PM UTC	1371258480000	1	1	yes	20.7	284.3	20506	20827	9250	6502	143	44148	2274	322	427	3853	0	93
June 14, 2013 5:09:00 PM UTC	1371258540000	1	1	yes	20.5	284.4	20506	20827	9250	6502	150	44141	2254	237	528	3858	0	110
June 14, 2013 5:10:00 PM UTC	1371258600000	1	1	yes	20.3	284.5	20506	20827	9250	6500	163	44130	2247	229	521	3862	0	106
June 14, 2013 5:11:00 PM UTC	1371258660000	1	1	yes	20.1	284.7	20506	20827	9250	6500	174	44119	2234	242	455	3864	0	84
June 14, 2013 5:12:00 PM UTC	1371258720000	1	1	yes	19.9	284.8	20506	20827	9250	6500	179	44114	2218	263	467	3873	0	94
June 14, 2013 5:13:00 PM UTC	1371258780000	0	1	yes	19.7	284.9	20506	20827	9251	6499	189	44104	2203	170	535	3877	0	93
June 14, 2013 5:14:00 PM UTC	1371258840000	0	1	yes	19.5	285.1	20506	20827	9248	6517	198	44080	2177	189	503	3883	0	91
June 14, 2013 5:15:00 PM UTC	1371258900000	1	1	yes	19.3	285.2	20506	20827	9248	6517	209	44069	2165	216	384	3888	0	115
June 14, 2013 5:16:00 PM UTC	1371258960000	1	1	yes	19.1	285.3	20506	20827	9238	6584	204	44017	2114	216	392	3899	1	115
June 14, 2013 5:17:00 PM UTC	1371259020000	1	1	yes	18.9	285.4	20506	20827	9248	6516	227	44052	2136	227	438	3903	1	94
June 14, 2013 5:18:00 PM UTC	1371259080000	1	1	yes	18.7	285.6	20506	20827	9248	6516	234	44045	2120	249	408	3910	0	138
June 14, 2013 5:19:00 PM UTC	1371259140000	1	1	yes	18.5	285.7	20506	20827	9238	6583	231	43991	2072	219	384	3915	0	127
June 14, 2013 5:20:00 PM UTC	1371259200000	0	1	yes	18.3	285.8	20506	20827	9248	6514	254	44027	2090	203	407	3922	0	122
June 14, 2013 5:21:00 PM UTC	1371259260000	0	1	yes	18.1	286.0	20506	20827	9247	6555	263	43978	2070	203	379	3930	0	131
June 14, 2013 5:22:00 PM UTC	1371259320000	0	1	yes	18.0	286.1	20506	20827	9247	6555	270	43971	2056	193	338	3937	0	106
June 14, 2013 5:23:00 PM UTC	1371259380000	0	1	yes	17.8	286.2	20506	20827	9246	6556	276	43965	2039	184	356	3949	0	110
June 14, 2013 5:24:00 PM UTC	1371259440000	0	1	yes	17.6	286.4	20506	20827	9246	6556	282	43959	2027	201	333	3952	0	96
June 14, 2013 5:25:00 PM UTC	1371259500000	0	1	yes	17.4	286.5	20506	20827	9246	6556	288	43953	2007	165	365	3963	0	131
June 14, 2013 5:26:00 PM UTC	1371259560000	0	1	yes	17.2	286.6	20506	20827	9247	6554	294	43948	1994	186	379	3970	0	115
June 14, 2013 5:27:00 PM UTC	1371259620000	0	1	yes	17.0	286.8	20506	20827	9247	6554	303	43939	1975	114	439	3985	2	126
June 14, 2013 5:28:00 PM UTC	1371259680000	0	1	yes	16.8	286.9	20506	20827	9243	6573	305	43922	1961	121	389	3986	0	132
June 14, 2013 5:29:00 PM UTC	1371259740000	0	1	yes	16.6	287.0	20506	20827	9244	6572	307	43920	1944	185	373	3997	0	127
June 14, 2013 5:30:00 PM UTC	1371259800000	0	1	yes	16.4	287.2	20506	20827	9244	6572	310	43917	1925	167	384	4010	0	119
June 14, 2013 5:31:00 PM UTC	1371259860000	0	1	yes	16.2	287.3	20506	20827	9246	6502	317	43978	1917	172	365	4018	0	124
June 14, 2013 5:32:00 PM UTC	1371259920000	1	1	yes	16.0	287.4	20506	20827	9256	6433	339	44015	1930	237	301	4034	2	147
June 14, 2013 5:33:00 PM UTC	1371259980000	0	1	yes	15.8	287.5	20506	20827	9245	6495	333	43970	1892	170	352	4038	0	140
June 14, 2013 5:34:00 PM UTC	1371260040000	0	1	yes	15.7	287.7	20506	20827	9245	6495	336	43967	1874	130	401	4052	0	144
June 14, 2013 5:35:00 PM UTC	1371260100000	0	1	yes	15.5	287.8	20506	20827	9253	6458	348	43984	1880	131	377	4061	3	158
June 14, 2013 5:36:00 PM UTC	1371260160000	0	1	yes	15.3	287.9	20506	20827	9244	6524	349	43926	1835	134	369	4071	1	131
June 14, 2013 5:37:00 PM UTC	1371260220000	0	1	yes	15.1	288.1	20506	20827	9244	6524	355	43920	1812	158	367	4086	2	167
June 14, 2013 5:38:00 PM UTC	1371260280000	0	1	yes	14.9	288.2	20506	20827	9254	6451	368	43970	1825	176	281	4101	5	143
June 14, 2013 5:39:00 PM UTC	1371260340000	0	1	yes	14.7	288.3	20506	20827	9244	6495	372	43932	1797	169	225	4107	2	140
June 14, 2013 5:40:00 PM UTC	1371260400000	0	1	yes	14.5	288.5	20506	20827	9244	6510	375	43914	1779	135	291	4119	0	166
June 14, 2013 5:41:00 PM UTC	1371260460000	0	1	yes	14.3	288.6	20506	20827	9255	6440	388	43960	1789	171	208	4136	12	124
June 14, 2013 5:42:00 PM UTC	1371260520000	0	1	yes	14.1	288.7	20506	20827	9252	6463	385	43943	1770	144	229	4144	2	131
June 14, 2013 5:43:00 PM UTC	1371260580000	0	1	yes	13.9	288.9	20506	20827	9241	6531	376	43895	1722	170	271	4157	5	162
June 14, 2013 5:44:00 PM UTC	1371260640000	0	1	yes	13.7	289.0	20506	20827	9252	6463	394	43934	1736	123	268	4170	0	177
June 14, 2013 5:45:00 PM UTC	1371260700000	0	1	yes	13.6	289.1	20506	20827	9252	6463	398	43930	1713	104	292	4191	0	201
June 14, 2013 5:46:00 PM UTC	1371260760000	0	1	yes	13.4	289.3	20506	20827	9244	6531	389	43879	1676	112	276	4205	6	174
June 14, 2013 5:47:00 PM UTC	1371260820000	0	1	yes	13.2	289.4	20506	20827	9252	6461	403	43927	1686	119	255	4217	15	144
June 14, 2013 5:48:00 PM UTC	1371260880000	0	1	yes	13.0	289.5	20506	20827	9248	6484	401	43910	1662	104	300	4228	12	160
June 14, 2013 5:49:00 PM UTC	1371260940000	0	1	yes	12.8	289.7	20506	20827	9237	6551	398	43857	1622	137	294	4244	5	189
June 14, 2013 5:50:00 PM UTC	1371261000000	0	1	yes	12.6	289.8	20506	20827	9249	6483	410	43901	1631	93	276	4261	6	134
June 14, 2013 5:51:00 PM UTC	1371261060000	0	1	yes	12.4	289.9	20506	20827	9248	6610	409	43776	1607	78	271	4273	13	131
June 14, 2013 5:52:00 PM UTC	1371261120000	0	1	yes	12.2	290.1	20506	20827	9248	6610	412	43773	1590	105	264	4292	4	156
June 14, 2013 5:53:00 PM UTC	1371261180000	0	1	yes	12.0	290.2	20506	20827	9250	6585	420	43788	1585	125	248	4304	12	148
June 14, 2013 5:54:00 PM UTC	1371261240000	0	1	yes	11.9	290.3	20506	20827	9247	6605	417	43774	1559	53	289	4320	2	112
June 14, 2013 5:55:00 PM UTC	1371261300000	0	1	yes	11.7	290.5	20506	20827	9248	6544	421	43830	1548	148	238	4339	14	183
June 14, 2013 5:56:00 PM UTC	1371261360000	0	1	yes	11.5	290.6	20506	20827	9248	6543	425	43827	1534	82	243	4351	7	160
June 14, 2013 5:57:00 PM UTC	1371261420000	0	1	yes	11.3	290.7	20506	20827	9248	6543	431	43821	1517	88	269	4369	23	148
June 14, 2013 5:58:00 PM UTC	1371261480000	0	1	yes	11.1	290.9	20506	20827	9248	6543	427	43825	1501	75	283	4386	7	169
June 14, 2013 5:59:00 PM UTC	1371261540000	0	1	yes	10.9	291.0	20506	20827	9246	6559	430	43808	1483	83	248	4401	10	157
June 14, 2013 6:00:00 PM UTC	1371261600000	0	1	yes	10.7	291.2	20506	20827	9243	6577	430	43793	1464	72	268	4412	0	192
June 14, 2013 6:01:00 PM UTC	1371261660000	0	1	yes	10.5	291.3	20506	20827	9243	6577	430	43793	1442	108	264	4434	17	189
June 14, 2013 6:02:00 PM UTC	1371261720000	0	1	yes	10.4	291.4	20506	20827	9243	6576	432	43792	1433	92	244	4443	3	217
June 14, 2013 6:03:00 PM UTC	1371261780000	0	1	yes	10.2	291.6	20506	20827	9243	6576	436	43788	1417	101	303	4459	0	168
June 14, 2013 6:04:00 PM UTC	1371261840000	0	1	yes	10.0	291.7	20506	20827	9243	6576	434	43790	1402	100	250	4473	20	182
June 14, 2013 6:05:00 PM UTC	1371261900000	0	2	yes	9.8	291.8	20506	20827	9258	6483	455	43847	1417	118	283	4494	9	211
June 14, 2013 6:06:00 PM UTC	1371261960000	0	1	yes	9.6	292.0	20506	20827	9245	6574	438	43786	1366	147	243	4512	10	196
June 14, 2013 6:07:00 PM UTC	1371262020000	0	1	yes	9.4	292.1	20506	20827	9245	6574	442	43782	1352	120	238	4524	6	191
June 14, 2013 6:08:00 PM UTC	1371262080000	0	1	yes	9.2	292.2	20506	20827	9256	6508	455	43824	1354	76	236	4545	8	145
June 14, 2013 6:09:00 PM UTC	1371262140000	0	1	yes	9.1	292.4	20506	20827	9245	6574	449	43775	1319	79	299	4558	5	173
June 14, 2013 6:10:00 PM UTC	1371262200000	0	1	yes	8.9	292.5	20506	20827	9245	6574	448	43776	1304	69	176	4572	2	182
June 14, 2013 6:11:00 PM UTC	1371262260000	0	1	yes	8.7	292.7	20506	20827	9253	6507	460	43823	1313	75	162	4589	3	159
June 14, 2013 6:12:00 PM UTC	1371262320000	0	1	yes	8.5	292.8	20506	20827	9240	6599	448	43756	1268	86	278	4598	0	198
June 14, 2013 6:13:00 PM UTC	1371262380000	0	1	yes	8.3	292.9	20506	20827	9240	6599	450	43754	1255	40	213	4613	5	167
June 14, 2013 6:14:00 PM UTC	1371262440000	0	1	yes	8.1	293.1	20506	20827	9251	6533	465	43794	1258	72	270	4632	3	192
June 14, 2013 6:15:00 PM UTC	1371262500000	0	2	yes	7.9	293.2	20506	20827	9251	6533	462	43797	1242	93	275	4649	0	256
June 14, 2013 6:16:00 PM UTC	1371262560000	0	1	yes	7.8	293.3	20506	20827	9245	6581	458	43759	1215	60	236	4659	4	150
June 14, 2013 6:17:00 PM UTC	1371262620000	0	2	yes	7.6	293.5	20506	20827	9251	6484	466	43842	1218	73	316	4677	0	251
June 14, 2013 6:18:00 PM UTC	1371262680000	0	1	yes	7.4	293.6	20506	20827	9251	6484	471	43837	1202	70	206	4693	0	183
June 14, 2013 6:19:00 PM UTC	1371262740000	0	2	yes	7.2	293.8	20506	20827	9241	6549	462	43791	1166	80	259	4705	3	273
June 14, 2013 6:20:00 PM UTC	1371262800000	0	2	yes	7.0	293.9	20506	20827	9251	6483	469	43840	1172	71	315	4722	5	215
June 14, 2013 6:21:00 PM UTC	1371262860000	0	2	yes	6.8	294.0	20506	20827	9251	6483	469	43840	1157	76	246	4739	9	340
June 14, 2013 6:22:00 PM UTC	1371262920000	0	2	yes	6.7	294.2	20506	20827	9235	6623	457	43728	1110	65	286	4746	0	269
June 14, 2013 6:23:00 PM UTC	1371262980000	0	2	yes	6.5	294.3	20506	20827	9246	6558	467	43772	1115	79	332	4767	0	319
June 14, 2013 6:24:00 PM UTC	1371263040000	0	2	yes	6.3	294.5	20506	20827	9246	6558	467	43772	1102	42	339	4778	8	367
June 14, 2013 6:25:00 PM UTC	1371263100000	0	2	yes	6.1	294.6	20506	20827	9250	6529	476	43788	1096	37	308	4796	5	289
June 14, 2013 6:26:00 PM UTC	1371263160000	0	2	yes	5.9	294.7	20506	20827	9249	6529	475	43790	1083	59	299	4812	0	323
June 14, 2013 6:27:00 PM UTC	1371263220000	0	2	yes	5.8	294.9	20506	20827	9246	6557	477	43763	1056	52	382	4826	0	378
June 14, 2013 6:28:00 PM UTC	1371263280000	0	2	yes	5.6	295.0	20506	20827	9246	6557	487	43753	1042	35	322	4841	3	296
June 14, 2013 6:29:00 PM UTC	1371263340000	0	2	yes	5.4	295.2	20506	20827	9246	6556	495	43746	1028	32	274	4854	0	275
June 14, 2013 6:30:00 PM UTC	1371263400000	0	1	yes	5.2	295.3	20506	20827	9246	6556	504	43737	1009	30	245	4874	0	226
June 14, 2013 6:31:00 PM UTC	1371263460000	0	1	yes	5.0	295.4	20506	20827	9246	6556	511	43730	999	85	206	4883	4	175
June 14, 2013 6:32:00 PM UTC	1371263520000	0	2	yes	4.8	295.6	20506	20827	9242	6586	514	43701	972	38	261	4901	5	305
June 14, 2013 6:33:00 PM UTC	1371263580000	0	1	yes	4.7	295.7	20506	20827	9241	6601	523	43678	959	28	203	4908	1	195
June 14, 2013 6:34:00 PM UTC	1371263640000	0	1	yes	4.5	295.9	20506	20827	9255	6507	542	43739	968	90	173	4934	2	226
June 14, 2013 6:35:00 PM UTC	1371263700000	0	1	yes	4.3	296.0	20506	20827	9255	6507	557	43724	955	21	217	4950	13	238
June 14, 2013 6:36:00 PM UTC	1371263760000	0	1	yes	4.1	296.2	20506	20827	9245	6570	561	43667	921	30	188	4960	2	249
June 14, 2013 6:37:00 PM UTC	1371263820000	0	1	yes	3.9	296.3	20506	20827	9252	6475	580	43736	921	83	132	4978	4	168
June 14, 2013 6:38:00 PM UTC	1371263880000	0	1	yes	3.8	296.4	20506	20827	9252	6475	599	43717	907	32	180	4993	8	209
June 14, 2013 6:39:00 PM UTC	1371263940000	0	1	yes	3.6	296.6	20506	20827	9241	6540	614	43648	875	89	74	4998	12	177
June 14, 2013 6:40:00 PM UTC	1371264000000	0	1	yes	3.4	296.7	20506	20827	9252	6476	653	43662	876	58	95	5021	11	145
June 14, 2013 6:41:00 PM UTC	1371264060000	0	1	yes	3.2	296.9	20506	20827	9252	6476	687	43628	858	81	66	5040	16	190
June 14, 2013 6:42:00 PM UTC	1371264120000	0	1	yes	3.0	297.0	20506	20827	9236	6571	698	43538	825	62	70	5033	30	252
