December 6, 2007 7:04:00 AM UTC	1196953440000	15	18	no	3.0	121.1	20506	20827	9247	6555	714	43527	835	249	2	5048	4555	342
December 6, 2007 7:05:00 AM UTC	1196953500000	16	18	no	3.2	121.2	20506	20827	9252	6520	672	43599	859	289	0	5036	4453	433
December 6, 2007 7:06:00 AM UTC	1196953560000	16	18	no	3.3	121.4	20506	20827	9255	6494	635	43659	876	331	0	5028	4349	578
December 6, 2007 7:07:00 AM UTC	1196953620000	18	17	no	3.5	121.6	20506	20827	9247	6555	597	43644	874	339	0	5007	4545	374
December 6, 2007 7:08:00 AM UTC	1196953680000	18	19	no	3.7	121.7	20506	20827	9247	6555	575	43666	891	315	0	4991	4535	338
December 6, 2007 7:09:00 AM UTC	1196953740000	20	17	no	3.9	121.9	20506	20827	9257	6434	559	43793	923	377	0	4990	4677	236
December 6, 2007 7:10:00 AM UTC	1196953800000	19	18	no	4.0	122.0	20506	20827	9242	6535	559	43707	915	389	1	4958	4546	358
December 6, 2007 7:11:00 AM UTC	1196953860000	19	19	no	4.2	122.2	20506	20827	9246	6498	547	43752	934	418	1	4954	4532	371
December 6, 2007 7:12:00 AM UTC	1196953920000	19	21	no	4.4	122.3	20506	20827	9256	6435	539	43813	968	471	0	4943	4380	497
December 6, 2007 7:13:00 AM UTC	1196953980000	19	24	no	4.5	122.5	20506	20827	9247	6493	518	43785	961	475	4	4929	4278	526
December 6, 2007 7:14:00 AM UTC	1196954040000	19	25	no	4.7	122.6	20506	20827	9241	6530	503	43769	966	490	4	4907	4151	598
December 6, 2007 7:15:00 AM UTC	1196954100000	19	24	no	4.9	122.8	20506	20827	9249	6472	499	43823	1000	519	3	4899	4092	583
December 6, 2007 7:16:00 AM UTC	1196954160000	20	25	no	5.0	123.0	20506	20827	9249	6503	489	43802	1004	532	0	4888	4422	284
December 6, 2007 7:17:00 AM UTC	1196954220000	20	28	no	5.2	123.1	20506	20827	9248	6504	488	43803	1022	530	1	4869	4532	173
December 6, 2007 7:18:00 AM UTC	1196954280000	22	31	no	5.4	123.3	20506	20827	9248	6504	462	43829	1031	579	1	4863	4623	118
December 6, 2007 7:19:00 AM UTC	1196954340000	23	33	no	5.5	123.4	20506	20827	9248	6504	463	43828	1048	593	3	4846	4579	163
December 6, 2007 7:20:00 AM UTC	1196954400000	24	35	no	5.7	123.6	20506	20827	9248	6504	450	43841	1058	604	7	4838	4593	188
December 6, 2007 7:21:00 AM UTC	1196954460000	25	44	no	5.9	123.8	20506	20827	9243	6543	447	43810	1063	628	1	4812	4631	129
December 6, 2007 7:22:00 AM UTC	1196954520000	26	51	no	6.1	123.9	20506	20827	9248	6504	451	43840	1090	648	3	4802	4700	48
December 6, 2007 7:23:00 AM UTC	1196954580000	28	53	no	6.2	124.1	20506	20827	9248	6504	427	43864	1101	687	2	4799	4712	29
December 6, 2007 7:24:00 AM UTC	1196954640000	30	54	no	6.4	124.2	20506	20827	9248	6504	421	43870	1117	701	2	4775	4742	12
December 6, 2007 7:25:00 AM UTC	1196954700000	30	56	no	6.5	124.4	20506	20827	9252	6484	457	43850	1130	683	4	4761	4725	13
December 6, 2007 7:26:00 AM UTC	1196954760000	30	56	no	6.7	124.6	20506	20827	9246	6487	456	43854	1134	684	5	4762	4738	10
December 6, 2007 7:27:00 AM UTC	1196954820000	32	57	no	6.9	124.7	20506	20827	9248	6526	451	43818	1160	719	5	4736	4693	27
December 6, 2007 7:28:00 AM UTC	1196954880000	36	58	no	7.0	124.9	20506	20827	9251	6488	446	43858	1177	741	3	4719	4697	6
December 6, 2007 7:29:00 AM UTC	1196954940000	38	57	no	7.2	125.1	20506	20827	9251	6488	452	43852	1191	749	0	4728	4706	5
December 6, 2007 7:30:00 AM UTC	1196955000000	37	58	no	7.4	125.2	20506	20827	9242	6546	434	43821	1182	755	1	4702	4677	0
December 6, 2007 7:31:00 AM UTC	1196955060000	39	58	no	7.5	125.4	20506	20827	9252	6521	421	43849	1214	796	0	4676	4643	0
December 6, 2007 7:32:00 AM UTC	1196955120000	39	58	no	7.7	125.6	20506	20827	9251	6527	438	43827	1223	791	1	4682	4653	1
December 6, 2007 7:33:00 AM UTC	1196955180000	40	56	no	7.9	125.7	20506	20827	9243	6582	431	43787	1221	793	1	4657	4621	13
December 6, 2007 7:34:00 AM UTC	1196955240000	41	56	no	8.0	125.9	20506	20827	9251	6523	412	43857	1253	838	0	4633	4610	3
December 6, 2007 7:35:00 AM UTC	1196955300000	45	53	no	8.2	126.1	20506	20827	9245	6565	393	43840	1254	864	0	4631	4618	8
December 6, 2007 7:36:00 AM UTC	1196955360000	47	50	no	8.3	126.2	20506	20827	9246	6565	372	43860	1268	897	0	4619	4571	45
December 6, 2007 7:37:00 AM UTC	1196955420000	48	49	no	8.5	126.4	20506	20827	9252	6525	373	43893	1293	922	0	4604	4590	12
December 6, 2007 7:38:00 AM UTC	1196955480000	47	50	no	8.7	126.6	20506	20827	9246	6565	374	43858	1292	917	0	4590	4582	2
December 6, 2007 7:39:00 AM UTC	1196955540000	47	50	no	8.8	126.7	20506	20827	9245	6565	401	43832	1301	898	0	4581	4578	0
December 6, 2007 7:40:00 AM UTC	1196955600000	43	54	no	9.0	126.9	20506	20827	9245	6565	434	43799	1325	849	6	4561	4548	6
December 6, 2007 7:41:00 AM UTC	1196955660000	42	54	no	9.2	127.1	20506	20827	9238	6607	420	43778	1323	894	0	4546	4545	0
December 6, 2007 7:42:00 AM UTC	1196955720000	44	52	no	9.3	127.2	20506	20827	9255	6454	401	43933	1369	968	0	4541	4541	0
December 6, 2007 7:43:00 AM UTC	1196955780000	45	50	no	9.5	127.4	20506	20827	9247	6509	398	43889	1367	969	0	4528	4528	0
December 6, 2007 7:44:00 AM UTC	1196955840000	46	48	no	9.6	127.6	20506	20827	9255	6454	395	43939	1402	1007	0	4511	4511	0
December 6, 2007 7:45:00 AM UTC	1196955900000	48	45	no	9.8	127.7	20506	20827	9247	6538	379	43879	1397	1003	0	4492	4492	0
December 6, 2007 7:46:00 AM UTC	1196955960000	49	42	no	9.9	127.9	20506	20827	9248	6538	351	43906	1398	1043	1	4494	4493	1
December 6, 2007 7:47:00 AM UTC	1196956020000	50	40	no	10.1	128.1	20506	20827	9255	6496	270	44022	1432	1157	1	4475	4473	2
December 6, 2007 7:48:00 AM UTC	1196956080000	48	41	no	10.3	128.2	20506	20827	9248	6538	224	44033	1429	1195	2	4461	4460	1
December 6, 2007 7:49:00 AM UTC	1196956140000	47	41	no	10.4	128.4	20506	20827	9239	6595	169	44040	1425	1248	4	4443	4442	1
December 6, 2007 7:50:00 AM UTC	1196956200000	44	47	no	10.6	128.6	20506	20827	9247	6539	197	44060	1456	1233	2	4433	4431	2
December 6, 2007 7:51:00 AM UTC	1196956260000	42	49	no	10.7	128.8	20506	20827	9247	6539	215	44042	1473	1246	4	4418	4418	0
December 6, 2007 7:52:00 AM UTC	1196956320000	41	50	no	10.9	128.9	20506	20827	9256	6483	259	44045	1505	1238	5	4405	4403	1
December 6, 2007 7:53:00 AM UTC	1196956380000	41	50	no	11.0	129.1	20506	20827	9247	6539	290	43967	1496	1199	3	4393	4374	19
December 6, 2007 7:54:00 AM UTC	1196956440000	44	48	no	11.2	129.3	20506	20827	9240	6586	276	43941	1495	1195	5	4378	4377	1
December 6, 2007 7:55:00 AM UTC	1196956500000	46	46	no	11.4	129.5	20506	20827	9255	6487	254	44047	1539	1269	7	4370	4370	0
December 6, 2007 7:56:00 AM UTC	1196956560000	48	45	no	11.5	129.6	20506	20827	9246	6539	215	44043	1539	1312	2	4351	4351	0
December 6, 2007 7:57:00 AM UTC	1196956620000	49	44	no	11.7	129.8	20506	20827	9241	6530	198	44074	1534	1332	3	4346	4341	5
December 6, 2007 7:58:00 AM UTC	1196956680000	50	42	no	11.8	130.0	20506	20827	9249	6474	192	44128	1571	1375	1	4326	4303	23
December 6, 2007 7:59:00 AM UTC	1196956740000	49	43	no	12.0	130.2	20506	20827	9246	6529	196	44072	1577	1375	3	4315	4286	29
December 6, 2007 8:00:00 AM UTC	1196956800000	48	43	no	12.1	130.3	20506	20827	9249	6519	217	44058	1595	1372	3	4296	4195	101
December 6, 2007 8:01:00 AM UTC	1196956860000	47	43	no	12.3	130.5	20506	20827	9249	6519	260	44015	1600	1333	1	4296	4154	142
December 6, 2007 8:02:00 AM UTC	1196956920000	44	45	no	12.4	130.7	20506	20827	9249	6519	305	43970	1615	1309	0	4278	4157	121
December 6, 2007 8:03:00 AM UTC	1196956980000	43	46	no	12.6	130.9	20506	20827	9249	6519	323	43952	1633	1310	0	4261	4261	0
December 6, 2007 8:04:00 AM UTC	1196957040000	41	46	no	12.7	131.1	20506	20827	9249	6519	313	43962	1640	1323	3	4255	4255	0
December 6, 2007 8:05:00 AM UTC	1196957100000	40	44	no	12.9	131.2	20506	20827	9242	6564	321	43916	1637	1306	3	4240	4240	0
December 6, 2007 8:06:00 AM UTC	1196957160000	38	43	no	13.0	131.4	20506	20827	9243	6564	352	43884	1649	1293	2	4230	4230	0
December 6, 2007 8:07:00 AM UTC	1196957220000	40	37	no	13.2	131.6	20506	20827	9250	6518	365	43910	1680	1312	1	4216	4216	0
December 6, 2007 8:08:00 AM UTC	1196957280000	39	34	no	13.3	131.8	20506	20827	9251	6510	372	43910	1696	1312	0	4206	4206	0
December 6, 2007 8:09:00 AM UTC	1196957340000	38	33	no	13.5	132.0	20506	20827	9243	6563	363	43874	1686	1314	0	4195	4194	0
December 6, 2007 8:10:00 AM UTC	1196957400000	36	33	no	13.6	132.1	20506	20827	9250	6517	373	43903	1715	1328	2	4187	4187	0
December 6, 2007 8:11:00 AM UTC	1196957460000	35	34	no	13.8	132.3	20506	20827	9251	6462	366	43964	1741	1349	4	4174	4174	0
December 6, 2007 8:12:00 AM UTC	1196957520000	33	35	no	13.9	132.5	20506	20827	9251	6510	359	43923	1744	1380	5	4166	4148	18
December 6, 2007 8:13:00 AM UTC	1196957580000	31	37	no	14.1	132.7	20506	20827	9243	6562	376	43862	1733	1343	4	4158	4081	76
December 6, 2007 8:14:00 AM UTC	1196957640000	29	38	no	14.2	132.9	20506	20827	9251	6581	369	43842	1763	1383	11	4146	4008	138
December 6, 2007 8:15:00 AM UTC	1196957700000	28	38	yes	14.4	133.0	20506	20827	9251	6581	368	43843	1773	1393	7	4135	4023	112
December 6, 2007 8:16:00 AM UTC	1196957760000	28	38	yes	14.5	133.2	20506	20827	9244	6628	350	43821	1770	1405	13	4123	4107	16
December 6, 2007 8:17:00 AM UTC	1196957820000	30	35	yes	14.7	133.4	20506	20827	9244	6628	348	43823	1779	1417	14	4116	4115	1
December 6, 2007 8:18:00 AM UTC	1196957880000	29	31	yes	14.8	133.6	20506	20827	9251	6580	348	43864	1815	1452	10	4101	4101	0
December 6, 2007 8:19:00 AM UTC	1196957940000	30	28	yes	15.0	133.8	20506	20827	9244	6628	331	43840	1805	1472	0	4093	4093	0
December 6, 2007 8:20:00 AM UTC	1196958000000	27	28	yes	15.1	134.0	20506	20827	9244	6628	349	43822	1818	1468	1	4082	4082	0
December 6, 2007 8:21:00 AM UTC	1196958060000	26	28	yes	15.2	134.2	20506	20827	9258	6529	356	43900	1869	1500	13	4078	4078	0
December 6, 2007 8:22:00 AM UTC	1196958120000	24	32	yes	15.4	134.3	20506	20827	9251	6577	339	43876	1859	1520	0	4070	4040	30
December 6, 2007 8:23:00 AM UTC	1196958180000	25	34	yes	15.5	134.5	20506	20827	9244	6628	325	43846	1852	1499	26	4058	4033	25
December 6, 2007 8:24:00 AM UTC	1196958240000	26	35	yes	15.7	134.7	20506	20827	9252	6577	316	43898	1881	1564	1	4053	3958	95
December 6, 2007 8:25:00 AM UTC	1196958300000	25	42	yes	15.8	134.9	20506	20827	9252	6571	317	43903	1897	1573	7	4043	3950	93
December 6, 2007 8:26:00 AM UTC	1196958360000	24	43	yes	16.0	135.1	20506	20827	9244	6623	323	43853	1877	1537	17	4043	3901	142
December 6, 2007 8:27:00 AM UTC	1196958420000	28	37	yes	16.1	135.3	20506	20827	9244	6620	318	43861	1896	1571	6	4030	3853	177
December 6, 2007 8:28:00 AM UTC	1196958480000	31	30	yes	16.2	135.5	20506	20827	9253	6570	314	43906	1929	1606	8	4025	4025	0
December 6, 2007 8:29:00 AM UTC	1196958540000	31	30	yes	16.4	135.7	20506	20827	9253	6571	302	43917	1952	1648	2	4009	4006	3
December 6, 2007 8:30:00 AM UTC	1196958600000	29	32	yes	16.5	135.9	20506	20827	9245	6620	287	43891	1927	1635	5	4008	4008	0
December 6, 2007 8:31:00 AM UTC	1196958660000	28	34	yes	16.7	136.1	20506	20827	9254	6517	287	43985	1970	1682	1	4000	3989	11
December 6, 2007 8:32:00 AM UTC	1196958720000	29	34	yes	16.8	136.3	20506	20827	9245	6617	271	43910	1951	1668	12	3994	3955	39
December 6, 2007 8:33:00 AM UTC	1196958780000	28	39	yes	16.9	136.4	20506	20827	9245	6620	291	43887	1964	1659	9	3987	3921	66
December 6, 2007 8:34:00 AM UTC	1196958840000	29	43	yes	17.1	136.6	20506	20827	9245	6620	289	43889	1974	1676	9	3978	3893	85
December 6, 2007 8:35:00 AM UTC	1196958900000	31	45	yes	17.2	136.8	20506	20827	9253	6571	286	43933	2005	1712	7	3978	3905	73
December 6, 2007 8:36:00 AM UTC	1196958960000	33	45	yes	17.3	137.0	20506	20827	9245	6621	273	43904	1996	1699	24	3968	3968	0
December 6, 2007 8:37:00 AM UTC	1196959020000	33	47	yes	17.5	137.2	20506	20827	9253	6570	264	43956	2027	1760	3	3968	3958	10
December 6, 2007 8:38:00 AM UTC	1196959080000	34	47	yes	17.6	137.4	20506	20827	9253	6579	282	43929	2037	1754	1	3955	3928	27
December 6, 2007 8:39:00 AM UTC	1196959140000	37	47	yes	17.8	137.6	20506	20827	9245	6630	270	43898	2022	1744	8	3952	3846	106
December 6, 2007 8:40:00 AM UTC	1196959200000	40	45	yes	17.9	137.8	20506	20827	9251	6580	277	43935	2058	1751	30	3947	3874	73
December 6, 2007 8:41:00 AM UTC	1196959260000	42	45	yes	18.0	138.0	20506	20827	9244	6631	261	43907	2044	1703	80	3943	3856	87
December 6, 2007 8:42:00 AM UTC	1196959320000	45	43	yes	18.2	138.2	20506	20827	9251	6583	254	43955	2080	1718	108	3934	3852	82
December 6, 2007 8:43:00 AM UTC	1196959380000	50	39	yes	18.3	138.4	20506	20827	9253	6522	243	44025	2101	1756	102	3931	3912	19
December 6, 2007 8:44:00 AM UTC	1196959440000	50	39	yes	18.4	138.6	20506	20827	9247	6566	224	44006	2091	1823	44	3919	3919	0
December 6, 2007 8:45:00 AM UTC	1196959500000	51	40	yes	18.6	138.8	20506	20827	9253	6522	247	44021	2115	1868	0	3924	3898	26
December 6, 2007 8:46:00 AM UTC	1196959560000	51	40	yes	18.7	139.0	20506	20827	9253	6522	236	44032	2128	1892	0	3915	3838	77
December 6, 2007 8:47:00 AM UTC	1196959620000	53	40	yes	18.8	139.2	20506	20827	9246	6569	224	44004	2115	1891	0	3912	3843	69
December 6, 2007 8:48:00 AM UTC	1196959680000	55	38	yes	19.0	139.4	20506	20827	9244	6574	209	44016	2123	1914	0	3906	3783	123
December 6, 2007 8:49:00 AM UTC	1196959740000	64	32	yes	19.1	139.6	20506	20827	9253	6522	200	44068	2158	1958	0	3899	3834	65
December 6, 2007 8:50:00 AM UTC	1196959800000	68	29	yes	19.2	139.8	20506	20827	9253	6540	184	44066	2158	1974	0	3901	3894	7
December 6, 2007 8:51:00 AM UTC	1196959860000	69	28	yes	19.3	140.0	20506	20827	9247	6579	198	44019	2154	1949	7	3892	3891	1
December 6, 2007 8:52:00 AM UTC	1196959920000	70	28	yes	19.5	140.2	20506	20827	9246	6583	187	44027	2157	1926	9	3893	3893	0
December 6, 2007 8:53:00 AM UTC	1196959980000	66	31	yes	19.6	140.4	20506	20827	9253	6541	185	44064	2194	1948	8	3882	3882	0
December 6, 2007 8:54:00 AM UTC	1196960040000	64	33	yes	19.7	140.6	20506	20827	9254	6534	160	44095	2205	2035	10	3883	3883	0
December 6, 2007 8:55:00 AM UTC	1196960100000	62	34	yes	19.9	140.8	20506	20827	9247	6586	157	44053	2187	2026	1	3878	3878	0
December 6, 2007 8:56:00 AM UTC	1196960160000	63	32	yes	20.0	141.0	20506	20827	9254	6541	128	44120	2217	2082	5	3876	3876	0
December 6, 2007 8:57:00 AM UTC	1196960220000	64	30	no	20.1	141.2	20506	20827	9254	6541	151	44097	2228	2073	2	3872	3872	0
December 6, 2007 8:58:00 AM UTC	1196960280000	61	31	no	20.2	141.4	20506	20827	9253	6541	133	44116	2241	2102	6	3867	3867	0
December 6, 2007 8:59:00 AM UTC	1196960340000	62	28	no	20.4	141.7	20506	20827	9244	6594	116	44089	2221	2105	0	3867	3866	1
December 6, 2007 9:00:00 AM UTC	1196960400000	57	29	no	20.5	141.9	20506	20827	9253	6541	112	44137	2254	2142	0	3866	3861	5
December 6, 2007 9:01:00 AM UTC	1196960460000	54	28	no	20.6	142.1	20506	20827	9251	6551	99	44142	2257	2150	0	3863	3863	0
December 6, 2007 9:02:00 AM UTC	1196960520000	50	27	no	20.7	142.3	20506	20827	9251	6570	120	44102	2266	2093	0	3857	3857	0
December 6, 2007 9:03:00 AM UTC	1196960580000	45	26	no	20.8	142.5	20506	20827	9250	6571	121	44101	2277	2112	3	3858	3858	0
December 6, 2007 9:04:00 AM UTC	1196960640000	43	25	no	21.0	142.7	20506	20827	9250	6571	121	44101	2285	2135	7	3846	3846	0
December 6, 2007 9:05:00 AM UTC	1196960700000	42	23	no	21.1	142.9	20506	20827	9250	6571	99	44123	2293	2189	2	3846	3846	0
December 6, 2007 9:06:00 AM UTC	1196960760000	42	21	no	21.2	143.1	20506	20827	9250	6571	88	44134	2302	2200	5	3848	3829	19
December 6, 2007 9:07:00 AM UTC	1196960820000	41	20	no	21.3	143.3	20506	20827	9249	6571	72	44151	2307	2165	15	3847	3737	110
December 6, 2007 9:08:00 AM UTC	1196960880000	40	19	no	21.4	143.5	20506	20827	9249	6571	87	44136	2326	2170	26	3836	3711	125
December 6, 2007 9:09:00 AM UTC	1196960940000	39	21	no	21.6	143.8	20506	20827	9240	6626	62	44115	2303	2212	21	3844	3759	85
December 6, 2007 9:10:00 AM UTC	1196961000000	38	24	no	21.7	144.0	20506	20827	9250	6570	61	44162	2339	2191	16	3833	3615	218
December 6, 2007 9:11:00 AM UTC	1196961060000	37	28	yes	21.8	144.2	20506	20827	9249	6570	51	44173	2347	2200	10	3832	3540	292
December 6, 2007 9:12:00 AM UTC	1196961120000	39	33	yes	21.9	144.4	20506	20827	9256	6528	49	44210	2376	2256	11	3842	3525	314
December 6, 2007 9:13:00 AM UTC	1196961180000	39	39	no	22.0	144.6	20506	20827	9239	6626	45	44133	2338	2233	12	3819	3509	310
December 6, 2007 9:14:00 AM UTC	1196961240000	42	41	yes	22.2	144.8	20506	20827	9247	6610	38	44148	2363	2235	28	3836	3634	202
December 6, 2007 9:15:00 AM UTC	1196961300000	49	38	no	22.3	145.0	20506	20827	9247	6610	21	44165	2376	2320	6	3807	3722	85
December 6, 2007 9:16:00 AM UTC	1196961360000	53	33	no	22.4	145.3	20506	20827	9247	6610	22	44164	2376	2333	7	3825	3704	121
December 6, 2007 9:17:00 AM UTC	1196961420000	55	28	no	22.5	145.5	20506	20827	9247	6610	12	44174	2380	2362	0	3835	3730	105
December 6, 2007 9:18:00 AM UTC	1196961480000	52	31	no	22.6	145.7	20506	20827	9247	6610	11	44175	2384	2368	4	3819	3772	47
December 6, 2007 9:19:00 AM UTC	1196961540000	46	36	no	22.7	145.9	20506	20827	9248	6609	10	44176	2401	2389	0	3822	3822	0
December 6, 2007 9:20:00 AM UTC	1196961600000	39	43	no	22.8	146.1	20506	20827	9254	6575	10	44204	2425	2414	0	3815	3815	0
December 6, 2007 9:21:00 AM UTC	1196961660000	33	47	no	22.9	146.4	20506	20827	9241	6603	2	44197	2401	2399	0	3814	3796	18
December 6, 2007 9:22:00 AM UTC	1196961720000	28	52	no	23.1	146.6	20506	20827	9255	6512	2	44274	2451	2448	0	3816	3811	5
December 6, 2007 9:23:00 AM UTC	1196961780000	26	50	no	23.2	146.8	20506	20827	9246	6569	0	44228	2432	2430	1	3810	3720	90
December 6, 2007 9:24:00 AM UTC	1196961840000	26	45	no	23.3	147.0	20506	20827	9255	6512	1	44275	2462	2453	8	3812	3631	181
December 6, 2007 9:25:00 AM UTC	1196961900000	25	40	no	23.4	147.2	20506	20827	9249	6581	0	44213	2444	2442	1	3810	3438	372
December 6, 2007 9:26:00 AM UTC	1196961960000	25	34	yes	23.5	147.5	20506	20827	9255	6540	0	44248	2476	2473	3	3807	3468	339
December 6, 2007 9:27:00 AM UTC	1196962020000	24	30	yes	23.6	147.7	20506	20827	9245	6598	0	44200	2450	2439	5	3811	3534	277
December 6, 2007 9:28:00 AM UTC	1196962080000	23	28	yes	23.7	147.9	20506	20827	9251	6561	0	44231	2485	2482	2	3806	3548	258
December 6, 2007 9:29:00 AM UTC	1196962140000	24	25	yes	23.8	148.1	20506	20827	9252	6561	0	44230	2480	2457	22	3811	3763	48
December 6, 2007 9:30:00 AM UTC	1196962200000	22	28	yes	23.9	148.4	20506	20827	9252	6561	0	44230	2490	2476	11	3809	3791	18
December 6, 2007 9:31:00 AM UTC	1196962260000	20	32	yes	24.0	148.6	20506	20827	9252	6561	0	44230	2489	2468	19	3815	3755	60
December 6, 2007 9:32:00 AM UTC	1196962320000	18	39	yes	24.1	148.8	20506	20827	9242	6620	0	44181	2476	2460	16	3808	3719	89
December 6, 2007 9:33:00 AM UTC	1196962380000	17	47	yes	24.2	149.0	20506	20827	9257	6522	0	44264	2533	2517	16	3810	3402	408
December 6, 2007 9:34:00 AM UTC	1196962440000	19	53	yes	24.3	149.3	20506	20827	9243	6618	0	44182	2494	2472	22	3805	3287	518
December 6, 2007 9:35:00 AM UTC	1196962500000	23	50	yes	24.4	149.5	20506	20827	9252	6560	0	44231	2525	2517	8	3811	3093	718
December 6, 2007 9:36:00 AM UTC	1196962560000	26	43	yes	24.5	149.7	20506	20827	9248	6555	0	44240	2532	2526	6	3804	2862	942
December 6, 2007 9:37:00 AM UTC	1196962620000	30	37	yes	24.6	149.9	20506	20827	9256	6557	0	44230	2548	2545	3	3810	2897	913
December 6, 2007 9:38:00 AM UTC	1196962680000	27	44	yes	24.7	150.2	20506	20827	9248	6617	0	44178	2528	2520	8	3803	3086	717
December 6, 2007 9:39:00 AM UTC	1196962740000	25	49	yes	24.8	150.4	20506	20827	9256	6558	0	44229	2565	2537	28	3804	3201	603
December 6, 2007 9:40:00 AM UTC	1196962800000	26	50	yes	24.9	150.6	20506	20827	9247	6618	0	44178	2536	2525	11	3806	3291	515
December 6, 2007 9:41:00 AM UTC	1196962860000	29	47	yes	25.0	150.9	20506	20827	9247	6618	0	44178	2548	2503	45	3803	3408	395
December 6, 2007 9:42:00 AM UTC	1196962920000	30	49	yes	25.1	151.1	20506	20827	9253	6583	0	44207	2568	2557	11	3813	3194	619
December 6, 2007 9:43:00 AM UTC	1196962980000	32	53	yes	25.2	151.3	20506	20827	9247	6617	0	44179	2556	2529	27	3808	3226	563
December 6, 2007 9:44:00 AM UTC	1196963040000	36	51	yes	25.3	151.6	20506	20827	9247	6617	0	44179	2553	2486	67	3817	3176	641
December 6, 2007 9:45:00 AM UTC	1196963100000	40	44	yes	25.4	151.8	20506	20827	9251	6583	0	44209	2587	2455	132	3807	3221	586
December 6, 2007 9:46:00 AM UTC	1196963160000	41	44	yes	25.5	152.0	20506	20827	9251	6583	0	44209	2594	2466	128	3811	3372	439
December 6, 2007 9:47:00 AM UTC	1196963220000	39	47	yes	25.6	152.3	20506	20827	9253	6508	0	44282	2613	2567	46	3813	3201	612
December 6, 2007 9:48:00 AM UTC	1196963280000	38	49	yes	25.7	152.5	20506	20827	9245	6571	0	44227	2584	2582	2	3813	2948	859
December 6, 2007 9:49:00 AM UTC	1196963340000	36	49	yes	25.8	152.7	20506	20827	9252	6576	0	44215	2614	2614	0	3809	2991	818
December 6, 2007 9:50:00 AM UTC	1196963400000	35	45	yes	25.9	153.0	20506	20827	9249	6603	0	44191	2598	2557	41	3817	2851	966
December 6, 2007 9:51:00 AM UTC	1196963460000	35	43	yes	26.0	153.2	20506	20827	9258	6543	0	44242	2632	2632	0	3815	2864	951
December 6, 2007 9:52:00 AM UTC	1196963520000	33	39	yes	26.1	153.4	20506	20827	9248	6604	0	44191	2602	2601	1	3823	2895	928
December 6, 2007 9:53:00 AM UTC	1196963580000	35	32	yes	26.2	153.7	20506	20827	9248	6604	0	44191	2614	2614	0	3818	3128	690
December 6, 2007 9:54:00 AM UTC	1196963640000	30	33	yes	26.2	153.9	20506	20827	9248	6604	0	44191	2616	2616	0	3817	3407	410
December 6, 2007 9:55:00 AM UTC	1196963700000	27	32	yes	26.3	154.1	20506	20827	9248	6604	0	44191	2622	2622	0	3822	3491	331
December 6, 2007 9:56:00 AM UTC	1196963760000	26	31	yes	26.4	154.4	20506	20827	9252	6544	0	44247	2649	2649	0	3820	3694	126
December 6, 2007 9:57:00 AM UTC	1196963820000	24	33	yes	26.5	154.6	20506	20827	9252	6552	0	44239	2658	2658	0	3825	3735	90
December 6, 2007 9:58:00 AM UTC	1196963880000	22	35	yes	26.6	154.9	20506	20827	9237	6644	0	44162	2612	2608	4	3822	3789	33
December 6, 2007 9:59:00 AM UTC	1196963940000	21	38	yes	26.7	155.1	20506	20827	9252	6552	0	44239	2663	2661	2	3828	3631	197
December 6, 2007 10:00:00 AM UTC	1196964000000	20	40	yes	26.8	155.3	20506	20827	9241	6681	0	44121	2615	2615	0	3825	3399	426
December 6, 2007 10:01:00 AM UTC	1196964060000	19	43	yes	26.8	155.6	20506	20827	9250	6618	0	44175	2654	2653	1	3831	3279	552
December 6, 2007 10:02:00 AM UTC	1196964120000	18	45	yes	26.9	155.8	20506	20827	9245	6652	0	44146	2646	2646	0	3830	3196	634
December 6, 2007 10:03:00 AM UTC	1196964180000	17	46	yes	27.0	156.1	20506	20827	9244	6655	0	44144	2649	2649	0	3833	3095	738
December 6, 2007 10:04:00 AM UTC	1196964240000	17	46	yes	27.1	156.3	20506	20827	9250	6620	0	44173	2671	2671	0	3834	2924	910
December 6, 2007 10:05:00 AM UTC	1196964300000	17	49	yes	27.2	156.6	20506	20827	9241	6680	0	44122	2642	2642	0	3834	2970	864
December 6, 2007 10:06:00 AM UTC	1196964360000	17	48	yes	27.2	156.8	20506	20827	9255	6588	0	44200	2702	2701	1	3833	2849	984
December 6, 2007 10:07:00 AM UTC	1196964420000	17	49	yes	27.3	157.0	20506	20827	9245	6609	0	44189	2668	2663	5	3839	2809	1030
December 6, 2007 10:08:00 AM UTC	1196964480000	18	52	yes	27.4	157.3	20506	20827	9246	6587	0	44210	2684	2684	0	3836	2767	1069
December 6, 2007 10:09:00 AM UTC	1196964540000	18	53	yes	27.5	157.5	20506	20827	9250	6563	0	44230	2693	2693	0	3844	2774	1070
December 6, 2007 10:10:00 AM UTC	1196964600000	19	54	yes	27.6	157.8	20506	20827	9244	6592	0	44207	2686	2686	0	3837	2907	930
December 6, 2007 10:11:00 AM UTC	1196964660000	20	57	yes	27.6	158.0	20506	20827	9234	6655	0	44154	2653	2653	0	3842	2994	848
December 6, 2007 10:12:00 AM UTC	1196964720000	21	59	yes	27.7	158.3	20506	20827	9247	6632	0	44164	2696	2695	1	3847	3070	777
December 6, 2007 10:13:00 AM UTC	1196964780000	22	62	yes	27.8	158.5	20506	20827	9249	6633	0	44161	2700	2700	0	3846	3125	721
December 6, 2007 10:14:00 AM UTC	1196964840000	23	64	yes	27.9	158.8	20506	20827	9249	6633	0	44161	2696	2696	0	3855	3230	625
December 6, 2007 10:15:00 AM UTC	1196964900000	24	65	yes	27.9	159.0	20506	20827	9251	6606	0	44186	2722	2722	0	3849	3350	499
December 6, 2007 10:16:00 AM UTC	1196964960000	25	66	yes	28.0	159.3	20506	20827	9242	6593	0	44208	2704	2704	0	3859	3528	331
December 6, 2007 10:17:00 AM UTC	1196965020000	26	67	yes	28.1	159.5	20506	20827	9249	6554	0	44240	2730	2729	1	3854	3411	443
December 6, 2007 10:18:00 AM UTC	1196965080000	26	68	yes	28.1	159.8	20506	20827	9239	6604	0	44200	2700	2700	0	3857	3501	356
December 6, 2007 10:19:00 AM UTC	1196965140000	28	67	yes	28.2	160.0	20506	20827	9243	6578	0	44222	2719	2719	0	3856	3467	389
December 6, 2007 10:20:00 AM UTC	1196965200000	30	65	yes	28.3	160.3	20506	20827	9253	6514	0	44276	2755	2755	0	3862	3557	305
December 6, 2007 10:21:00 AM UTC	1196965260000	31	64	yes	28.3	160.5	20506	20827	9243	6579	0	44221	2723	2723	0	3863	3439	424
December 6, 2007 10:22:00 AM UTC	1196965320000	30	63	yes	28.4	160.8	20506	20827	9246	6555	0	44242	2745	2745	0	3862	3473	389
December 6, 2007 10:23:00 AM UTC	1196965380000	31	62	yes	28.5	161.0	20506	20827	9245	6626	0	44172	2730	2730	0	3865	3567	298
December 6, 2007 10:24:00 AM UTC	1196965440000	29	63	yes	28.5	161.3	20506	20827	9243	6610	0	44190	2727	2727	0	3865	3447	418
December 6, 2007 10:25:00 AM UTC	1196965500000	30	60	yes	28.6	161.5	20506	20827	9243	6611	0	44189	2730	2728	2	3869	3723	146
December 6, 2007 10:26:00 AM UTC	1196965560000	30	59	yes	28.7	161.8	20506	20827	9246	6589	0	44208	2747	2747	0	3867	3717	150
December 6, 2007 10:27:00 AM UTC	1196965620000	29	55	yes	28.7	162.0	20506	20827	9246	6589	0	44208	2748	2747	1	3871	3701	170
December 6, 2007 10:28:00 AM UTC	1196965680000	29	51	yes	28.8	162.3	20506	20827	9246	6601	0	44196	2745	2745	0	3875	3787	88
December 6, 2007 10:29:00 AM UTC	1196965740000	29	54	yes	28.8	162.5	20506	20827	9250	6556	0	44237	2768	2768	0	3874	3805	69
December 6, 2007 10:30:00 AM UTC	1196965800000	29	52	yes	28.9	162.8	20506	20827	9250	6556	0	44237	2770	2770	0	3873	3706	167
December 6, 2007 10:31:00 AM UTC	1196965860000	30	51	yes	29.0	163.1	20506	20827	9250	6556	0	44237	2772	2772	0	3878	3716	162
December 6, 2007 10:32:00 AM UTC	1196965920000	30	49	yes	29.0	163.3	20506	20827	9250	6556	0	44237	2778	2778	0	3880	3672	208
December 6, 2007 10:33:00 AM UTC	1196965980000	32	46	yes	29.1	163.6	20506	20827	9240	6622	0	44181	2740	2740	0	3881	3731	150
December 6, 2007 10:34:00 AM UTC	1196966040000	33	41	yes	29.1	163.8	20506	20827	9250	6556	0	44237	2785	2785	0	3877	3787	90
December 6, 2007 10:35:00 AM UTC	1196966100000	36	36	yes	29.2	164.1	20506	20827	9249	6628	0	44166	2759	2759	0	3892	3771	121
December 6, 2007 10:36:00 AM UTC	1196966160000	38	35	yes	29.2	164.3	20506	20827	9239	6694	0	44110	2731	2731	0	3881	3707	174
December 6, 2007 10:37:00 AM UTC	1196966220000	40	37	yes	29.3	164.6	20506	20827	9252	6608	0	44183	2781	2781	0	3885	3625	260
December 6, 2007 10:38:00 AM UTC	1196966280000	41	38	yes	29.4	164.8	20506	20827	9252	6600	0	44191	2794	2794	0	3886	3713	173
December 6, 2007 10:39:00 AM UTC	1196966340000	42	37	yes	29.4	165.1	20506	20827	9242	6667	0	44134	2753	2753	0	3887	3776	111
December 6, 2007 10:40:00 AM UTC	1196966400000	44	37	yes	29.5	165.4	20506	20827	9242	6636	0	44165	2756	2756	0	3894	3807	87
December 6, 2007 10:41:00 AM UTC	1196966460000	45	39	yes	29.5	165.6	20506	20827	9245	6618	0	44180	2774	2774	0	3892	3875	17
December 6, 2007 10:42:00 AM UTC	1196966520000	49	39	yes	29.6	165.9	20506	20827	9245	6618	0	44180	2766	2766	0	3901	3901	0
December 6, 2007 10:43:00 AM UTC	1196966580000	53	37	yes	29.6	166.1	20506	20827	9245	6618	0	44180	2773	2773	0	3896	3896	0
December 6, 2007 10:44:00 AM UTC	1196966640000	52	39	yes	29.7	166.4	20506	20827	9245	6618	0	44180	2774	2774	0	3902	3902	0
December 6, 2007 10:45:00 AM UTC	1196966700000	51	41	yes	29.7	166.7	20506	20827	9246	6617	0	44180	2780	2780	0	3899	3899	0
December 6, 2007 10:46:00 AM UTC	1196966760000	48	44	yes	29.7	166.9	20506	20827	9245	6617	0	44181	2781	2781	0	3902	3902	0
December 6, 2007 10:47:00 AM UTC	1196966820000	45	49	yes	29.8	167.2	20506	20827	9245	6686	0	44112	2761	2761	0	3906	3906	0
December 6, 2007 10:48:00 AM UTC	1196966880000	45	51	yes	29.8	167.4	20506	20827	9245	6609	0	44189	2789	2789	0	3904	3904	0
December 6, 2007 10:49:00 AM UTC	1196966940000	44	53	yes	29.9	167.7	20506	20827	9247	6591	0	44205	2799	2799	0	3904	3891	13
December 6, 2007 10:50:00 AM UTC	1196967000000	41	56	yes	29.9	168.0	20506	20827	9247	6591	0	44205	2801	2801	0	3908	3888	20
December 6, 2007 10:51:00 AM UTC	1196967060000	42	57	yes	30.0	168.2	20506	20827	9247	6591	0	44205	2801	2801	0	3917	3917	0
December 6, 2007 10:52:00 AM UTC	1196967120000	41	58	yes	30.0	168.5	20506	20827	9246	6591	0	44206	2804	2804	0	3911	3911	0
December 6, 2007 10:53:00 AM UTC	1196967180000	52	47	yes	30.0	168.8	20506	20827	9246	6591	0	44206	2807	2807	0	3908	3908	0
December 6, 2007 10:54:00 AM UTC	1196967240000	52	48	yes	30.1	169.0	20506	20827	9249	6550	0	44244	2818	2818	0	3919	3919	0
December 6, 2007 10:55:00 AM UTC	1196967300000	56	44	yes	30.1	169.3	20506	20827	9241	6619	0	44183	2773	2773	0	3923	3923	0
December 6, 2007 10:56:00 AM UTC	1196967360000	64	36	yes	30.2	169.5	20506	20827	9249	6550	0	44244	2821	2821	0	3913	3913	0
December 6, 2007 10:57:00 AM UTC	1196967420000	75	25	no	30.2	169.8	20506	20827	9249	6550	0	44244	2815	2815	0	3920	3920	0
December 6, 2007 10:58:00 AM UTC	1196967480000	76	24	yes	30.2	170.1	20506	20827	9240	6611	0	44192	2784	2784	0	3920	3920	0
December 6, 2007 10:59:00 AM UTC	1196967540000	71	29	yes	30.3	170.3	20506	20827	9241	6605	0	44197	2793	2793	0	3924	3924	0
December 6, 2007 11:00:00 AM UTC	1196967600000	66	34	yes	30.3	170.6	20506	20827	9252	6612	0	44179	2817	2817	0	3923	3923	0
December 6, 2007 11:01:00 AM UTC	1196967660000	61	39	yes	30.3	170.9	20506	20827	9241	6680	0	44122	2772	2772	0	3922	3922	0
December 6, 2007 11:02:00 AM UTC	1196967720000	53	47	no	30.4	171.1	20506	20827	9241	6680	0	44122	2776	2776	0	3924	3924	0
December 6, 2007 11:03:00 AM UTC	1196967780000	44	56	no	30.4	171.4	20506	20827	9253	6598	0	44192	2825	2825	0	3927	3927	0
December 6, 2007 11:04:00 AM UTC	1196967840000	39	61	no	30.4	171.7	20506	20827	9243	6664	0	44136	2788	2788	0	3924	3924	0
December 6, 2007 11:05:00 AM UTC	1196967900000	36	64	yes	30.4	171.9	20506	20827	9244	6669	0	44130	2783	2783	0	3930	3927	3
December 6, 2007 11:06:00 AM UTC	1196967960000	39	61	yes	30.5	172.2	20506	20827	9254	6577	0	44212	2826	2826	0	3934	3880	54
December 6, 2007 11:07:00 AM UTC	1196968020000	42	58	yes	30.5	172.5	20506	20827	9256	6578	0	44209	2823	2823	0	3946	3909	37
December 6, 2007 11:08:00 AM UTC	1196968080000	42	58	yes	30.5	172.7	20506	20827	9245	6646	0	44152	2789	2789	0	3930	3894	36
December 6, 2007 11:09:00 AM UTC	1196968140000	46	54	yes	30.5	173.0	20506	20827	9247	6561	0	44235	2818	2818	0	3933	3933	0
December 6, 2007 11:10:00 AM UTC	1196968200000	51	49	yes	30.6	173.3	20506	20827	9258	6493	0	44292	2853	2853	0	3941	3938	3
December 6, 2007 11:11:00 AM UTC	1196968260000	54	46	yes	30.6	173.5	20506	20827	9248	6564	0	44231	2817	2817	0	3933	3933	0
December 6, 2007 11:12:00 AM UTC	1196968320000	59	41	yes	30.6	173.8	20506	20827	9248	6560	0	44235	2817	2817	0	3943	3943	0
December 6, 2007 11:13:00 AM UTC	1196968380000	62	38	yes	30.6	174.1	20506	20827	9259	6493	0	44291	2860	2860	0	3935	3935	0
December 6, 2007 11:14:00 AM UTC	1196968440000	64	36	yes	30.7	174.3	20506	20827	9247	6639	0	44157	2799	2799	0	3939	3939	0
December 6, 2007 11:15:00 AM UTC	1196968500000	62	38	yes	30.7	174.6	20506	20827	9248	6633	0	44162	2801	2801	0	3941	3941	0
December 6, 2007 11:16:00 AM UTC	1196968560000	60	40	yes	30.7	174.9	20506	20827	9247	6633	0	44163	2802	2802	0	3942	3942	0
December 6, 2007 11:17:00 AM UTC	1196968620000	58	42	yes	30.7	175.1	20506	20827	9247	6633	0	44163	2801	2801	0	3940	3940	0
December 6, 2007 11:18:00 AM UTC	1196968680000	56	44	yes	30.7	175.4	20506	20827	9246	6638	0	44159	2806	2806	0	3940	3934	6
December 6, 2007 11:19:00 AM UTC	1196968740000	57	43	yes	30.7	175.7	20506	20827	9248	6613	0	44182	2813	2813	0	3938	3937	1
December 6, 2007 11:20:00 AM UTC	1196968800000	56	44	yes	30.8	175.9	20506	20827	9248	6613	0	44182	2814	2814	0	3942	3942	0
December 6, 2007 11:21:00 AM UTC	1196968860000	57	43	yes	30.8	176.2	20506	20827	9247	6619	0	44177	2810	2810	0	3950	3950	0
December 6, 2007 11:22:00 AM UTC	1196968920000	56	44	yes	30.8	176.5	20506	20827	9247	6615	0	44181	2812	2812	0	3942	3942	0
December 6, 2007 11:23:00 AM UTC	1196968980000	57	43	yes	30.8	176.7	20506	20827	9256	6547	0	44240	2855	2855	0	3950	3950	0
December 6, 2007 11:24:00 AM UTC	1196969040000	57	43	yes	30.8	177.0	20506	20827	9246	6616	0	44181	2813	2813	0	3946	3946	0
December 6, 2007 11:25:00 AM UTC	1196969100000	59	41	yes	30.8	177.3	20506	20827	9247	6615	0	44181	2810	2810	0	3953	3953	0
December 6, 2007 11:26:00 AM UTC	1196969160000	61	39	yes	30.8	177.5	20506	20827	9248	6614	0	44181	2812	2812	0	3948	3948	0
December 6, 2007 11:27:00 AM UTC	1196969220000	61	39	yes	30.8	177.8	20506	20827	9248	6614	0	44181	2814	2814	0	3950	3950	0
December 6, 2007 11:28:00 AM UTC	1196969280000	60	40	yes	30.8	178.1	20506	20827	9249	6612	0	44182	2807	2807	0	3951	3951	0
December 6, 2007 11:29:00 AM UTC	1196969340000	59	41	yes	30.8	178.4	20506	20827	9250	6611	0	44182	2813	2813	0	3952	3952	0
December 6, 2007 11:30:00 AM UTC	1196969400000	61	39	yes	30.9	178.6	20506	20827	9250	6590	0	44203	2818	2818	0	3950	3946	4
December 6, 2007 11:31:00 AM UTC	1196969460000	60	40	yes	30.9	178.9	20506	20827	9250	6591	0	44202	2820	2818	2	3949	3949	0
December 6, 2007 11:32:00 AM UTC	1196969520000	62	38	yes	30.9	179.2	20506	20827	9249	6592	0	44202	2814	2811	3	3957	3918	39
December 6, 2007 11:33:00 AM UTC	1196969580000	64	36	yes	30.9	179.4	20506	20827	9249	6592	0	44202	2817	2817	0	3951	3951	0
December 6, 2007 11:34:00 AM UTC	1196969640000	67	33	yes	30.9	179.7	20506	20827	9249	6592	0	44202	2818	2818	0	3956	3956	0
December 6, 2007 11:35:00 AM UTC	1196969700000	72	28	yes	30.9	180.0	20506	20827	9249	6592	0	44202	2817	2817	0	3952	3952	0
December 6, 2007 11:36:00 AM UTC	1196969760000	79	21	yes	30.9	180.2	20506	20827	9249	6592	0	44202	2814	2814	0	3954	3954	0
December 6, 2007 11:37:00 AM UTC	1196969820000	81	19	yes	30.9	180.5	20506	20827	9249	6592	0	44202	2817	2817	0	3949	3922	27
December 6, 2007 11:38:00 AM UTC	1196969880000	88	12	yes	30.9	180.8	20506	20827	9249	6592	0	44202	2818	2818	0	3952	3834	118
December 6, 2007 11:39:00 AM UTC	1196969940000	95	5	yes	30.9	181.0	20506	20827	9250	6591	0	44202	2817	2817	0	3950	3869	81
December 6, 2007 11:40:00 AM UTC	1196970000000	98	2	yes	30.9	181.3	20506	20827	9250	6591	0	44202	2820	2820	0	3948	3940	8
December 6, 2007 11:41:00 AM UTC	1196970060000	99	1	yes	30.8	181.6	20506	20827	9250	6606	0	44187	2814	2814	0	3951	3951	0
December 6, 2007 11:42:00 AM UTC	1196970120000	100	0	yes	30.8	181.8	20506	20827	9249	6610	0	44184	2816	2816	0	3948	3948	0
December 6, 2007 11:43:00 AM UTC	1196970180000	100	0	yes	30.8	182.1	20506	20827	9248	6533	0	44262	2833	2833	0	3953	3953	0
December 6, 2007 11:44:00 AM UTC	1196970240000	100	0	yes	30.8	182.4	20506	20827	9248	6612	0	44183	2816	2816	0	3946	3946	0
December 6, 2007 11:45:00 AM UTC	1196970300000	100	0	yes	30.8	182.7	20506	20827	9247	6613	0	44183	2812	2812	0	3952	3952	0
December 6, 2007 11:46:00 AM UTC	1196970360000	100	0	yes	30.8	182.9	20506	20827	9246	6614	0	44183	2817	2817	0	3943	3943	0
December 6, 2007 11:47:00 AM UTC	1196970420000	100	0	yes	30.8	183.2	20506	20827	9246	6614	0	44183	2812	2812	0	3950	3950	0
December 6, 2007 11:48:00 AM UTC	1196970480000	100	0	no	30.8	183.5	20506	20827	9247	6613	0	44183	2814	2814	0	3942	3942	0
December 6, 2007 11:49:00 AM UTC	1196970540000	99	1	no	30.8	183.7	20506	20827	9247	6617	0	44179	2813	2813	0	3942	3942	0
December 6, 2007 11:50:00 AM UTC	1196970600000	100	0	no	30.8	184.0	20506	20827	9247	6617	0	44179	2804	2804	0	3946	3946	0
December 6, 2007 11:51:00 AM UTC	1196970660000	100	0	no	30.7	184.3	20506	20827	9247	6622	0	44174	2814	2814	0	3937	3937	0
December 6, 2007 11:52:00 AM UTC	1196970720000	100	0	no	30.7	184.5	20506	20827	9247	6609	0	44187	2803	2803	0	3948	3948	0
December 6, 2007 11:53:00 AM UTC	1196970780000	100	0	no	30.7	184.8	20506	20827	9258	6559	0	44226	2846	2846	0	3939	3939	0
December 6, 2007 11:54:00 AM UTC	1196970840000	100	0	no	30.7	185.1	20506	20827	9247	6628	0	44168	2804	2804	0	3942	3942	0
December 6, 2007 11:55:00 AM UTC	1196970900000	100	0	no	30.7	185.3	20506	20827	9248	6627	0	44168	2805	2805	0	3935	3935	0
December 6, 2007 11:56:00 AM UTC	1196970960000	100	0	no	30.7	185.6	20506	20827	9247	6635	0	44161	2797	2797	0	3942	3942	0
December 6, 2007 11:57:00 AM UTC	1196971020000	100	0	no	30.6	185.9	20506	20827	9247	6635	0	44161	2803	2803	0	3933	3933	0
December 6, 2007 11:58:00 AM UTC	1196971080000	100	0	no	30.6	186.1	20506	20827	9248	6563	0	44232	2815	2815	0	3944	3944	0
December 6, 2007 11:59:00 AM UTC	1196971140000	99	1	no	30.6	186.4	20506	20827	9248	6557	0	44238	2820	2820	0	3931	3931	0
December 6, 2007 12:00:00 PM UTC	1196971200000	99	1	yes	30.6	186.7	20506	20827	9258	6491	0	44294	2865	2865	0	3932	3932	0
December 6, 2007 12:01:00 PM UTC	1196971260000	98	2	no	30.5	186.9	20506	20827	9247	6562	0	44234	2813	2813	0	3937	3937	0
December 6, 2007 12:02:00 PM UTC	1196971320000	97	3	yes	30.5	187.2	20506	20827	9245	6641	0	44157	2794	2794	0	3929	3929	0
December 6, 2007 12:03:00 PM UTC	1196971380000	96	4	yes	30.5	187.5	20506	20827	9256	6573	0	44214	2825	2825	0	3931	3931	0
December 6, 2007 12:04:00 PM UTC	1196971440000	95	5	yes	30.5	187.7	20506	20827	9244	6641	0	44158	2789	2789	0	3928	3928	0
December 6, 2007 12:05:00 PM UTC	1196971500000	93	7	yes	30.4	188.0	20506	20827	9244	6666	0	44133	2783	2783	0	3931	3931	0
December 6, 2007 12:06:00 PM UTC	1196971560000	91	9	yes	30.4	188.3	20506	20827	9253	6598	0	44192	2826	2826	0	3926	3926	0
December 6, 2007 12:07:00 PM UTC	1196971620000	90	10	yes	30.4	188.5	20506	20827	9242	6672	0	44129	2780	2780	0	3928	3928	0
December 6, 2007 12:08:00 PM UTC	1196971680000	87	13	yes	30.4	188.8	20506	20827	9241	6677	0	44125	2775	2775	0	3927	3927	0
December 6, 2007 12:09:00 PM UTC	1196971740000	85	15	yes	30.3	189.1	20506	20827	9250	6610	0	44183	2810	2810	0	3925	3925	0
December 6, 2007 12:10:00 PM UTC	1196971800000	78	22	no	30.3	189.3	20506	20827	9252	6609	0	44182	2814	2814	0	3926	3926	0
December 6, 2007 12:11:00 PM UTC	1196971860000	73	26	yes	30.3	189.6	20506	20827	9241	6601	0	44201	2790	2790	0	3924	3924	0
December 6, 2007 12:12:00 PM UTC	1196971920000	65	33	yes	30.2	189.9	20506	20827	9251	6533	0	44259	2835	2835	0	3918	3918	0
December 6, 2007 12:13:00 PM UTC	1196971980000	56	41	yes	30.2	190.1	20506	20827	9249	6546	0	44248	2819	2819	0	3918	3918	0
December 6, 2007 12:14:00 PM UTC	1196972040000	55	41	yes	30.2	190.4	20506	20827	9238	6614	0	44191	2785	2785	0	3913	3913	0
December 6, 2007 12:15:00 PM UTC	1196972100000	52	43	no	30.1	190.6	20506	20827	9249	6546	0	44248	2816	2816	0	3921	3921	0
December 6, 2007 12:16:00 PM UTC	1196972160000	50	45	no	30.1	190.9	20506	20827	9249	6546	0	44248	2819	2819	0	3914	3914	0
December 6, 2007 12:17:00 PM UTC	1196972220000	49	45	no	30.0	191.2	20506	20827	9237	6614	0	44192	2775	2775	0	3903	3903	0
December 6, 2007 12:18:00 PM UTC	1196972280000	48	47	no	30.0	191.4	20506	20827	9246	6588	0	44209	2800	2800	0	3925	3925	0
December 6, 2007 12:19:00 PM UTC	1196972340000	47	48	no	30.0	191.7	20506	20827	9247	6588	0	44208	2803	2803	0	3911	3911	0
December 6, 2007 12:20:00 PM UTC	1196972400000	48	48	no	29.9	192.0	20506	20827	9236	6651	0	44156	2760	2760	0	3908	3908	0
December 6, 2007 12:21:00 PM UTC	1196972460000	49	47	no	29.9	192.2	20506	20827	9247	6588	0	44208	2802	2802	0	3906	3906	0
December 6, 2007 12:22:00 PM UTC	1196972520000	49	48	no	29.8	192.5	20506	20827	9245	6600	0	44198	2791	2791	0	3902	3902	0
December 6, 2007 12:23:00 PM UTC	1196972580000	50	47	no	29.8	192.7	20506	20827	9246	6606	0	44191	2781	2781	0	3907	3907	0
December 6, 2007 12:24:00 PM UTC	1196972640000	52	44	no	29.7	193.0	20506	20827	9245	6612	0	44186	2778	2778	0	3906	3906	0
December 6, 2007 12:25:00 PM UTC	1196972700000	55	42	no	29.7	193.3	20506	20827	9246	6612	0	44185	2783	2783	0	3896	3896	0
December 6, 2007 12:26:00 PM UTC	1196972760000	57	39	no	29.7	193.5	20506	20827	9254	6543	0	44246	2810	2810	0	3900	3900	0
December 6, 2007 12:27:00 PM UTC	1196972820000	58	37	no	29.6	193.8	20506	20827	9245	6613	0	44185	2775	2775	0	3895	3895	0
December 6, 2007 12:28:00 PM UTC	1196972880000	58	37	no	29.6	194.0	20506	20827	9245	6613	0	44185	2773	2773	0	3896	3896	0
December 6, 2007 12:29:00 PM UTC	1196972940000	59	36	no	29.5	194.3	20506	20827	9254	6550	0	44239	2811	2811	0	3892	3892	0
December 6, 2007 12:30:00 PM UTC	1196973000000	59	35	no	29.5	194.6	20506	20827	9245	6613	0	44185	2772	2772	0	3890	3890	0
December 6, 2007 12:31:00 PM UTC	1196973060000	58	34	no	29.4	194.8	20506	20827	9243	6630	0	44170	2757	2757	0	3892	3889	3
December 6, 2007 12:32:00 PM UTC	1196973120000	59	33	no	29.4	195.1	20506	20827	9252	6597	0	44194	2792	2792	0	3882	3882	0
December 6, 2007 12:33:00 PM UTC	1196973180000	60	33	no	29.3	195.3	20506	20827	9242	6670	0	44131	2739	2739	0	3893	3893	0
December 6, 2007 12:34:00 PM UTC	1196973240000	58	33	no	29.3	195.6	20506	20827	9243	6671	0	44129	2743	2743	0	3885	3871	12
December 6, 2007 12:35:00 PM UTC	1196973300000	58	33	no	29.2	195.9	20506	20827	9249	6623	0	44171	2764	2764	0	3880	3863	16
December 6, 2007 12:36:00 PM UTC	1196973360000	57	33	no	29.1	196.1	20506	20827	9241	6617	0	44185	2745	2745	0	3882	3836	23
December 6, 2007 12:37:00 PM UTC	1196973420000	54	33	no	29.1	196.4	20506	20827	9250	6551	0	44242	2779	2779	0	3880	3812	43
December 6, 2007 12:38:00 PM UTC	1196973480000	51	36	no	29.0	196.6	20506	20827	9250	6551	0	44242	2774	2774	0	3882	3731	114
December 6, 2007 12:39:00 PM UTC	1196973540000	45	39	no	29.0	196.9	20506	20827	9240	6619	0	44184	2733	2733	0	3878	3587	207
December 6, 2007 12:40:00 PM UTC	1196973600000	40	42	yes	28.9	197.1	20506	20827	9250	6551	0	44242	2769	2769	0	3879	3453	340
December 6, 2007 12:41:00 PM UTC	1196973660000	36	46	yes	28.9	197.4	20506	20827	9250	6551	0	44242	2774	2774	0	3869	3263	504
December 6, 2007 12:42:00 PM UTC	1196973720000	32	45	yes	28.8	197.6	20506	20827	9246	6573	0	44224	2758	2758	0	3872	3075	641
December 6, 2007 12:43:00 PM UTC	1196973780000	29	46	yes	28.7	197.9	20506	20827	9246	6584	0	44213	2746	2746	0	3870	2822	880
December 6, 2007 12:44:00 PM UTC	1196973840000	26	50	yes	28.7	198.2	20506	20827	9246	6584	0	44213	2747	2734	13	3868	2420	1332
December 6, 2007 12:45:00 PM UTC	1196973900000	25	56	yes	28.6	198.4	20506	20827	9246	6584	0	44213	2737	2640	97	3870	2256	1541
December 6, 2007 12:46:00 PM UTC	1196973960000	22	55	yes	28.5	198.7	20506	20827	9243	6608	0	44192	2725	2448	277	3864	2111	1730
December 6, 2007 12:47:00 PM UTC	1196974020000	19	56	yes	28.5	198.9	20506	20827	9254	6556	0	44233	2767	2341	421	3864	2175	1689
December 6, 2007 12:48:00 PM UTC	1196974080000	18	58	yes	28.4	199.2	20506	20827	9246	6550	0	44247	2745	2087	656	3864	2138	1726
December 6, 2007 12:49:00 PM UTC	1196974140000	17	60	yes	28.3	199.4	20506	20827	9243	6573	0	44227	2726	2120	606	3861	2186	1675
December 6, 2007 12:50:00 PM UTC	1196974200000	17	58	yes	28.3	199.7	20506	20827	9253	6509	0	44281	2758	2304	454	3860	2334	1526
December 6, 2007 12:51:00 PM UTC	1196974260000	17	57	yes	28.2	199.9	20506	20827	9243	6576	0	44224	2717	2198	519	3854	2362	1492
December 6, 2007 12:52:00 PM UTC	1196974320000	17	58	yes	28.1	200.2	20506	20827	9253	6509	0	44281	2745	2206	510	3861	2491	1359
December 6, 2007 12:53:00 PM UTC	1196974380000	16	60	yes	28.1	200.4	20506	20827	9239	6611	0	44193	2697	2089	596	3845	2326	1429
December 6, 2007 12:54:00 PM UTC	1196974440000	17	63	yes	28.0	200.7	20506	20827	9239	6612	0	44192	2690	2245	444	3855	2337	1329
December 6, 2007 12:55:00 PM UTC	1196974500000	18	61	yes	27.9	200.9	20506	20827	9251	6601	0	44191	2720	2394	326	3850	2326	1308
December 6, 2007 12:56:00 PM UTC	1196974560000	18	60	yes	27.9	201.2	20506	20827	9238	6692	0	44113	2669	2568	101	3849	2172	1327
December 6, 2007 12:57:00 PM UTC	1196974620000	17	60	yes	27.8	201.4	20506	20827	9249	6627	0	44167	2696	2631	65	3850	2086	1475
December 6, 2007 12:58:00 PM UTC	1196974680000	17	59	yes	27.7	201.7	20506	20827	9247	6628	0	44168	2698	2619	79	3845	2071	1510
December 6, 2007 12:59:00 PM UTC	1196974740000	18	57	yes	27.6	201.9	20506	20827	9243	6656	0	44144	2670	2604	66	3848	2286	1480
December 6, 2007 1:00:00 PM UTC	1196974800000	18	58	yes	27.6	202.1	20506	20827	9244	6586	0	44213	2692	2653	39	3837	2397	1392
December 6, 2007 1:01:00 PM UTC	1196974860000	19	59	yes	27.5	202.4	20506	20827	9250	6558	0	44235	2698	2695	3	3839	2458	1374
December 6, 2007 1:02:00 PM UTC	1196974920000	20	58	yes	27.4	202.6	20506	20827	9250	6558	0	44235	2696	2691	5	3835	2701	1117
December 6, 2007 1:03:00 PM UTC	1196974980000	20	61	yes	27.3	202.9	20506	20827	9246	6602	0	44195	2672	2662	10	3837	2675	1156
December 6, 2007 1:04:00 PM UTC	1196975040000	21	60	yes	27.3	203.1	20506	20827	9246	6638	0	44159	2667	2665	2	3832	2790	1042
December 6, 2007 1:05:00 PM UTC	1196975100000	23	61	yes	27.2	203.4	20506	20827	9245	6648	0	44150	2659	2655	4	3836	3163	673
December 6, 2007 1:06:00 PM UTC	1196975160000	24	64	yes	27.1	203.6	20506	20827	9250	6609	0	44184	2673	2673	0	3834	3097	737
December 6, 2007 1:07:00 PM UTC	1196975220000	25	67	yes	27.0	203.9	20506	20827	9245	6644	0	44154	2652	2651	1	3834	3028	806
December 6, 2007 1:08:00 PM UTC	1196975280000	28	64	yes	26.9	204.1	20506	20827	9254	6586	0	44203	2680	2680	0	3829	2977	852
December 6, 2007 1:09:00 PM UTC	1196975340000	31	63	yes	26.8	204.3	20506	20827	9250	6612	0	44181	2659	2659	0	3830	3041	789
December 6, 2007 1:10:00 PM UTC	1196975400000	33	61	yes	26.8	204.6	20506	20827	9250	6612	0	44181	2653	2653	0	3825	3191	634
December 6, 2007 1:11:00 PM UTC	1196975460000	35	59	yes	26.7	204.8	20506	20827	9252	6545	0	44246	2659	2659	0	3829	3179	650
December 6, 2007 1:12:00 PM UTC	1196975520000	35	58	yes	26.6	205.1	20506	20827	9237	6638	0	44168	2617	2617	0	3817	3223	594
December 6, 2007 1:13:00 PM UTC	1196975580000	38	54	yes	26.5	205.3	20506	20827	9252	6545	0	44246	2660	2660	0	3823	3213	610
December 6, 2007 1:14:00 PM UTC	1196975640000	38	53	yes	26.4	205.5	20506	20827	9248	6598	0	44197	2626	2626	0	3819	3069	750
December 6, 2007 1:15:00 PM UTC	1196975700000	42	47	yes	26.3	205.8	20506	20827	9248	6598	0	44197	2625	2625	0	3820	3312	508
December 6, 2007 1:16:00 PM UTC	1196975760000	43	46	yes	26.2	206.0	20506	20827	9248	6598	0	44197	2613	2613	0	3824	3351	473
December 6, 2007 1:17:00 PM UTC	1196975820000	47	43	yes	26.2	206.3	20506	20827	9248	6598	0	44197	2613	2613	0	3817	3439	378
December 6, 2007 1:18:00 PM UTC	1196975880000	47	42	yes	26.1	206.5	20506	20827	9248	6598	0	44197	2607	2607	0	3819	3397	422
December 6, 2007 1:19:00 PM UTC	1196975940000	51	38	yes	26.0	206.7	20506	20827	9258	6536	0	44249	2634	2634	0	3814	3474	340
December 6, 2007 1:20:00 PM UTC	1196976000000	47	41	yes	25.9	207.0	20506	20827	9249	6597	0	44197	2601	2601	0	3814	3142	672
December 6, 2007 1:21:00 PM UTC	1196976060000	51	36	yes	25.8	207.2	20506	20827	9252	6566	0	44225	2615	2615	0	3811	2868	943
December 6, 2007 1:22:00 PM UTC	1196976120000	52	32	yes	25.7	207.4	20506	20827	9244	6627	0	44172	2575	2575	0	3813	3037	776
December 6, 2007 1:23:00 PM UTC	1196976180000	50	32	yes	25.6	207.7	20506	20827	9259	6469	0	44315	2631	2631	0	3813	3070	739
December 6, 2007 1:24:00 PM UTC	1196976240000	45	32	yes	25.5	207.9	20506	20827	9245	6588	0	44210	2568	2568	0	3812	2957	855
December 6, 2007 1:25:00 PM UTC	1196976300000	39	36	yes	25.4	208.1	20506	20827	9251	6576	0	44216	2584	2584	0	3810	2701	1108
December 6, 2007 1:26:00 PM UTC	1196976360000	37	37	yes	25.3	208.4	20506	20827	9251	6574	0	44218	2575	2575	0	3815	2834	981
December 6, 2007 1:27:00 PM UTC	1196976420000	33	39	yes	25.2	208.6	20506	20827	9247	6610	0	44186	2554	2554	0	3809	2956	853
December 6, 2007 1:28:00 PM UTC	1196976480000	29	40	yes	25.1	208.8	20506	20827	9253	6576	0	44214	2572	2572	0	3811	2885	926
December 6, 2007 1:29:00 PM UTC	1196976540000	26	43	yes	25.0	209.1	20506	20827	9253	6576	0	44214	2569	2561	8	3813	2689	1114
December 6, 2007 1:30:00 PM UTC	1196976600000	24	46	yes	24.9	209.3	20506	20827	9247	6611	0	44185	2543	2543	0	3811	2265	1546
December 6, 2007 1:31:00 PM UTC	1196976660000	22	48	yes	24.8	209.5	20506	20827	9247	6611	0	44185	2532	2532	0	3814	1935	1874
December 6, 2007 1:32:00 PM UTC	1196976720000	20	50	yes	24.7	209.8	20506	20827	9241	6646	0	44156	2510	2485	25	3805	1713	2090
December 6, 2007 1:33:00 PM UTC	1196976780000	18	51	yes	24.6	210.0	20506	20827	9256	6549	0	44238	2546	2461	85	3812	1548	2260
December 6, 2007 1:34:00 PM UTC	1196976840000	17	51	yes	24.5	210.2	20506	20827	9248	6547	0	44248	2528	2516	12	3803	1521	2271
December 6, 2007 1:35:00 PM UTC	1196976900000	16	50	yes	24.4	210.4	20506	20827	9252	6552	0	44239	2523	2523	0	3811	1421	2346
December 6, 2007 1:36:00 PM UTC	1196976960000	14	50	yes	24.3	210.7	20506	20827	9243	6612	0	44188	2489	2476	13	3808	1214	2506
December 6, 2007 1:37:00 PM UTC	1196977020000	13	47	yes	24.2	210.9	20506	20827	9257	6515	0	44271	2534	2496	38	3810	1382	2354
December 6, 2007 1:38:00 PM UTC	1196977080000	11	46	yes	24.1	211.1	20506	20827	9242	6611	0	44190	2479	2259	220	3808	1157	2546
December 6, 2007 1:39:00 PM UTC	1196977140000	9	45	yes	24.0	211.4	20506	20827	9252	6553	0	44238	2500	2281	219	3808	1027	2651
December 6, 2007 1:40:00 PM UTC	1196977200000	8	42	yes	23.9	211.6	20506	20827	9252	6553	0	44238	2492	2181	311	3808	715	2942
December 6, 2007 1:41:00 PM UTC	1196977260000	8	41	yes	23.8	211.8	20506	20827	9247	6590	0	44206	2464	2242	222	3806	652	2995
December 6, 2007 1:42:00 PM UTC	1196977320000	8	38	yes	23.7	212.0	20506	20827	9252	6553	0	44238	2481	2274	207	3810	797	2737
December 6, 2007 1:43:00 PM UTC	1196977380000	8	33	yes	23.6	212.2	20506	20827	9251	6553	0	44239	2475	2324	151	3809	809	2650
December 6, 2007 1:44:00 PM UTC	1196977440000	8	31	yes	23.5	212.5	20506	20827	9255	6534	0	44254	2475	2380	95	3808	1024	2486
December 6, 2007 1:45:00 PM UTC	1196977500000	9	27	yes	23.4	212.7	20506	20827	9245	6611	0	44187	2435	2356	79	3808	1326	2059
December 6, 2007 1:46:00 PM UTC	1196977560000	9	26	yes	23.3	212.9	20506	20827	9255	6503	1	44284	2461	2337	123	3813	1288	2216
December 6, 2007 1:47:00 PM UTC	1196977620000	9	26	yes	23.2	213.1	20506	20827	9246	6560	0	44237	2428	2318	110	3809	1223	2393
December 6, 2007 1:48:00 PM UTC	1196977680000	9	24	yes	23.1	213.4	20506	20827	9255	6503	4	44281	2449	2271	173	3817	1198	2329
December 6, 2007 1:49:00 PM UTC	1196977740000	9	23	yes	23.0	213.6	20506	20827	9249	6547	6	44241	2426	2245	175	3815	1124	2556
December 6, 2007 1:50:00 PM UTC	1196977800000	9	19	yes	22.8	213.8	20506	20827	9255	6549	14	44225	2428	2262	148	3815	1191	2285
December 6, 2007 1:51:00 PM UTC	1196977860000	9	20	yes	22.7	214.0	20506	20827	9255	6549	18	44221	2424	2271	135	3822	1133	2352
December 6, 2007 1:52:00 PM UTC	1196977920000	9	20	yes	22.6	214.2	20506	20827	9247	6596	18	44182	2391	2287	86	3818	978	2561
December 6, 2007 1:53:00 PM UTC	1196977980000	9	23	yes	22.5	214.5	20506	20827	9247	6596	26	44174	2384	2273	85	3820	937	2574
December 6, 2007 1:54:00 PM UTC	1196978040000	9	24	yes	22.4	214.7	20506	20827	9247	6596	31	44169	2381	2277	73	3825	945	2576
December 6, 2007 1:55:00 PM UTC	1196978100000	9	26	yes	22.3	214.9	20506	20827	9247	6596	41	44159	2369	2183	145	3816	973	2588
December 6, 2007 1:56:00 PM UTC	1196978160000	9	30	yes	22.2	215.1	20506	20827	9255	6541	54	44193	2392	2037	299	3838	991	2539
December 6, 2007 1:57:00 PM UTC	1196978220000	10	35	yes	22.0	215.3	20506	20827	9239	6674	49	44081	2326	2045	232	3826	965	2470
December 6, 2007 1:58:00 PM UTC	1196978280000	11	42	yes	21.9	215.5	20506	20827	9256	6519	73	44195	2378	2126	179	3831	1105	2342
December 6, 2007 1:59:00 PM UTC	1196978340000	14	40	yes	21.8	215.7	20506	20827	9247	6590	71	44135	2332	2118	143	3842	1586	1961
December 6, 2007 2:00:00 PM UTC	1196978400000	20	38	yes	21.7	216.0	20506	20827	9250	6561	85	44147	2337	2160	92	3830	1908	1603
December 6, 2007 2:01:00 PM UTC	1196978460000	24	36	yes	21.6	216.2	20506	20827	9240	6617	82	44104	2299	2158	58	3845	1920	1609
December 6, 2007 2:02:00 PM UTC	1196978520000	26	36	yes	21.5	216.4	20506	20827	9254	6520	103	44166	2343	2195	45	3836	1726	1860
December 6, 2007 2:03:00 PM UTC	1196978580000	24	39	yes	21.3	216.6	20506	20827	9249	6562	104	44128	2312	2138	66	3846	1734	1775
December 6, 2007 2:04:00 PM UTC	1196978640000	19	38	yes	21.2	216.8	20506	20827	9250	6562	110	44121	2303	2169	24	3845	1769	1745
December 6, 2007 2:05:00 PM UTC	1196978700000	20	32	yes	21.1	217.0	20506	20827	9244	6599	113	44087	2274	2126	35	3857	1547	1687
December 6, 2007 2:06:00 PM UTC	1196978760000	18	31	yes	21.0	217.2	20506	20827	9250	6562	128	44103	2289	2157	4	3842	1402	1909
December 6, 2007 2:07:00 PM UTC	1196978820000	16	29	yes	20.9	217.4	20506	20827	9250	6562	129	44102	2276	2147	0	3852	1264	1914
December 6, 2007 2:08:00 PM UTC	1196978880000	12	27	yes	20.7	217.7	20506	20827	9253	6540	139	44111	2275	2136	0	3858	1763	1362
December 6, 2007 2:09:00 PM UTC	1196978940000	11	22	yes	20.6	217.9	20506	20827	9251	6542	138	44112	2259	2117	4	3858	1777	1358
December 6, 2007 2:10:00 PM UTC	1196979000000	10	17	yes	20.5	218.1	20506	20827	9259	6488	158	44138	2271	2112	1	3870	1717	1289
December 6, 2007 2:11:00 PM UTC	1196979060000	10	16	yes	20.4	218.3	20506	20827	9253	6532	155	44103	2246	2073	18	3863	1708	1320
December 6, 2007 2:12:00 PM UTC	1196979120000	10	14	yes	20.2	218.5	20506	20827	9253	6532	165	44093	2237	2028	44	3869	1711	1352
December 6, 2007 2:13:00 PM UTC	1196979180000	10	11	yes	20.1	218.7	20506	20827	9254	6532	168	44089	2232	2029	35	3866	1683	1334
December 6, 2007 2:14:00 PM UTC	1196979240000	10	11	yes	20.0	218.9	20506	20827	9245	6585	160	44053	2192	2007	25	3880	1653	1396
December 6, 2007 2:15:00 PM UTC	1196979300000	11	11	yes	19.9	219.1	20506	20827	9254	6532	181	44076	2210	1997	32	3879	1772	1284
December 6, 2007 2:16:00 PM UTC	1196979360000	13	11	yes	19.7	219.3	20506	20827	9247	6577	179	44040	2178	1995	4	3883	1984	1195
December 6, 2007 2:17:00 PM UTC	1196979420000	11	12	yes	19.6	219.5	20506	20827	9253	6532	197	44061	2194	1883	114	3884	1667	1451
December 6, 2007 2:18:00 PM UTC	1196979480000	13	11	yes	19.5	219.7	20506	20827	9245	6581	190	44027	2161	1882	89	3886	2218	1171
December 6, 2007 2:19:00 PM UTC	1196979540000	13	13	yes	19.4	219.9	20506	20827	9253	6528	205	44057	2180	1921	54	3889	1884	1570
December 6, 2007 2:20:00 PM UTC	1196979600000	14	15	yes	19.2	220.1	20506	20827	9245	6584	204	44010	2136	1860	72	3900	1826	1584
December 6, 2007 2:21:00 PM UTC	1196979660000	15	16	yes	19.1	220.3	20506	20827	9253	6510	222	44058	2156	1839	69	3903	1871	1506
December 6, 2007 2:22:00 PM UTC	1196979720000	15	18	yes	19.0	220.5	20506	20827	9244	6562	217	44020	2127	1831	79	3903	2030	1306
December 6, 2007 2:23:00 PM UTC	1196979780000	16	22	yes	18.8	220.7	20506	20827	9253	6510	232	44048	2136	1849	55	3913	2049	1392
December 6, 2007 2:24:00 PM UTC	1196979840000	16	25	yes	18.7	220.9	20506	20827	9253	6510	238	44042	2134	1829	67	3908	1971	1589
December 6, 2007 2:25:00 PM UTC	1196979900000	14	30	yes	18.6	221.1	20506	20827	9245	6562	235	44001	2091	1591	218	3924	1723	1605
December 6, 2007 2:26:00 PM UTC	1196979960000	12	33	yes	18.4	221.3	20506	20827	9246	6561	239	43997	2084	1281	433	3928	1599	1653
December 6, 2007 2:27:00 PM UTC	1196980020000	13	35	yes	18.3	221.5	20506	20827	9246	6561	249	43987	2072	1369	385	3929	1923	1395
December 6, 2007 2:28:00 PM UTC	1196980080000	13	34	yes	18.2	221.7	20506	20827	9251	6571	264	43957	2082	1143	576	3932	2085	1316
December 6, 2007 2:29:00 PM UTC	1196980140000	15	33	yes	18.0	221.9	20506	20827	9244	6619	261	43919	2043	970	685	3942	2076	1458
December 6, 2007 2:30:00 PM UTC	1196980200000	16	32	yes	17.9	222.1	20506	20827	9251	6568	279	43945	2060	970	560	3948	2121	1361
December 6, 2007 2:31:00 PM UTC	1196980260000	19	30	yes	17.8	222.3	20506	20827	9253	6570	277	43943	2048	1274	351	3951	2139	1213
December 6, 2007 2:32:00 PM UTC	1196980320000	19	30	yes	17.6	222.5	20506	20827	9245	6618	276	43904	2019	885	545	3954	2116	1185
December 6, 2007 2:33:00 PM UTC	1196980380000	20	29	yes	17.5	222.7	20506	20827	9253	6568	285	43937	2027	830	496	3962	2169	941
December 6, 2007 2:34:00 PM UTC	1196980440000	18	29	yes	17.4	222.9	20506	20827	9237	6658	272	43876	1976	989	403	3967	2053	847
December 6, 2007 2:35:00 PM UTC	1196980500000	16	31	yes	17.2	223.1	20506	20827	9253	6559	296	43935	2006	1021	245	3976	1705	1092
December 6, 2007 2:36:00 PM UTC	1196980560000	17	30	yes	17.1	223.3	20506	20827	9253	6559	301	43930	1998	1042	234	3978	1622	1028
December 6, 2007 2:37:00 PM UTC	1196980620000	15	32	yes	16.9	223.5	20506	20827	9245	6609	293	43896	1966	1101	280	3983	1529	1021
December 6, 2007 2:38:00 PM UTC	1196980680000	14	31	yes	16.8	223.7	20506	20827	9253	6507	308	43975	1978	1237	268	3995	1496	1092
December 6, 2007 2:39:00 PM UTC	1196980740000	13	32	yes	16.7	223.9	20506	20827	9245	6609	302	43887	1944	1369	197	3999	1554	1026
December 6, 2007 2:40:00 PM UTC	1196980800000	13	31	yes	16.5	224.1	20506	20827	9245	6609	308	43881	1922	1331	257	4017	1672	1114
December 6, 2007 2:41:00 PM UTC	1196980860000	14	34	yes	16.4	224.3	20506	20827	9245	6609	310	43879	1922	1431	169	4010	1890	1149
December 6, 2007 2:42:00 PM UTC	1196980920000	16	33	yes	16.2	224.4	20506	20827	9253	6560	325	43905	1928	1426	177	4025	2068	1136
December 6, 2007 2:43:00 PM UTC	1196980980000	16	35	yes	16.1	224.6	20506	20827	9253	6560	328	43902	1919	1476	115	4031	2055	1428
December 6, 2007 2:44:00 PM UTC	1196981040000	16	36	yes	16.0	224.8	20506	20827	9244	6609	323	43867	1884	1495	64	4036	1940	1626
December 6, 2007 2:45:00 PM UTC	1196981100000	17	37	yes	15.8	225.0	20506	20827	9252	6560	336	43895	1899	1506	34	4045	1829	1604
December 6, 2007 2:46:00 PM UTC	1196981160000	17	36	yes	15.7	225.2	20506	20827	9252	6509	343	43939	1895	1461	47	4049	1833	1543
December 6, 2007 2:47:00 PM UTC	1196981220000	17	39	yes	15.5	225.4	20506	20827	9244	6600	333	43866	1852	1448	25	4060	1756	1625
December 6, 2007 2:48:00 PM UTC	1196981280000	17	39	yes	15.4	225.6	20506	20827	9244	6600	337	43862	1841	1410	63	4067	1849	1444
December 6, 2007 2:49:00 PM UTC	1196981340000	18	36	yes	15.3	225.8	20506	20827	9251	6549	352	43891	1849	1395	86	4080	2114	1059
December 6, 2007 2:50:00 PM UTC	1196981400000	21	33	yes	15.1	226.0	20506	20827	9244	6600	348	43851	1816	1419	49	4085	2345	773
December 6, 2007 2:51:00 PM UTC	1196981460000	20	33	yes	15.0	226.1	20506	20827	9244	6600	354	43845	1803	1384	35	4093	2378	791
December 6, 2007 2:52:00 PM UTC	1196981520000	21	28	yes	14.8	226.3	20506	20827	9258	6501	372	43912	1832	1304	91	4105	2410	867
December 6, 2007 2:53:00 PM UTC	1196981580000	20	23	yes	14.7	226.5	20506	20827	9251	6553	370	43869	1794	1232	178	4117	2598	1207
December 6, 2007 2:54:00 PM UTC	1196981640000	20	23	yes	14.5	226.7	20506	20827	9244	6600	365	43834	1769	1217	150	4121	2707	1239
December 6, 2007 2:55:00 PM UTC	1196981700000	20	26	yes	14.4	226.9	20506	20827	9251	6553	378	43861	1778	1272	103	4132	2793	1165
December 6, 2007 2:56:00 PM UTC	1196981760000	20	25	yes	14.2	227.1	20506	20827	9251	6553	379	43860	1760	1342	39	4147	3051	844
December 6, 2007 2:57:00 PM UTC	1196981820000	20	24	yes	14.1	227.3	20506	20827	9243	6600	377	43823	1734	1320	34	4153	3077	818
December 6, 2007 2:58:00 PM UTC	1196981880000	19	24	yes	13.9	227.4	20506	20827	9243	6552	377	43871	1726	1301	46	4161	3016	860
December 6, 2007 2:59:00 PM UTC	1196981940000	19	23	yes	13.8	227.6	20506	20827	9251	6450	390	43952	1740	1331	19	4173	3040	840
December 6, 2007 3:00:00 PM UTC	1196982000000	19	24	yes	13.6	227.8	20506	20827	9250	6506	394	43893	1715	1297	24	4187	3166	887
December 6, 2007 3:01:00 PM UTC	1196982060000	19	26	yes	13.5	228.0	20506	20827	9243	6552	381	43867	1689	1305	3	4193	3208	822
December 6, 2007 3:02:00 PM UTC	1196982120000	19	28	yes	13.3	228.2	20506	20827	9251	6499	397	43896	1694	1291	6	4207	3335	702
December 6, 2007 3:03:00 PM UTC	1196982180000	19	29	no	13.2	228.3	20506	20827	9250	6507	403	43883	1679	1270	6	4216	3519	588
December 6, 2007 3:04:00 PM UTC	1196982240000	20	29	no	13.0	228.5	20506	20827	9250	6507	403	43883	1668	1265	0	4226	3828	398
December 6, 2007 3:05:00 PM UTC	1196982300000	20	32	no	12.9	228.7	20506	20827	9251	6499	408	43885	1657	1243	6	4242	3692	550
December 6, 2007 3:06:00 PM UTC	1196982360000	21	33	no	12.7	228.9	20506	20827	9249	6508	407	43879	1644	1236	1	4251	3530	721
December 6, 2007 3:07:00 PM UTC	1196982420000	22	34	no	12.6	229.1	20506	20827	9249	6508	410	43876	1627	1217	0	4268	3430	838
December 6, 2007 3:08:00 PM UTC	1196982480000	22	34	no	12.4	229.2	20506	20827	9241	6564	401	43837	1598	1165	2	4275	3379	896
December 6, 2007 3:09:00 PM UTC	1196982540000	23	30	no	12.3	229.4	20506	20827	9249	6508	415	43871	1604	1112	0	4287	3362	923
December 6, 2007 3:10:00 PM UTC	1196982600000	24	29	no	12.1	229.6	20506	20827	9249	6508	413	43873	1594	1082	5	4303	3389	910
December 6, 2007 3:11:00 PM UTC	1196982660000	25	30	yes	12.0	229.8	20506	20827	9240	6562	406	43835	1560	1038	45	4313	3547	758
December 6, 2007 3:12:00 PM UTC	1196982720000	26	30	yes	11.8	229.9	20506	20827	9249	6507	418	43869	1569	1143	0	4326	3737	566
December 6, 2007 3:13:00 PM UTC	1196982780000	28	32	yes	11.7	230.1	20506	20827	9249	6464	424	43906	1554	1062	35	4343	3849	454
December 6, 2007 3:14:00 PM UTC	1196982840000	29	32	yes	11.5	230.3	20506	20827	9241	6521	421	43860	1529	1020	34	4350	3738	525
December 6, 2007 3:15:00 PM UTC	1196982900000	32	31	yes	11.4	230.5	20506	20827	9256	6466	434	43887	1548	1009	39	4363	3613	621
December 6, 2007 3:16:00 PM UTC	1196982960000	33	33	yes	11.2	230.6	20506	20827	9247	6525	431	43840	1510	1007	10	4380	3351	733
December 6, 2007 3:17:00 PM UTC	1196983020000	33	37	yes	11.1	230.8	20506	20827	9241	6564	422	43816	1481	978	29	4391	3320	582
December 6, 2007 3:18:00 PM UTC	1196983080000	32	43	yes	10.9	231.0	20506	20827	9247	6525	430	43841	1483	954	48	4405	3458	416
December 6, 2007 3:19:00 PM UTC	1196983140000	34	46	yes	10.7	231.2	20506	20827	9247	6525	431	43840	1474	953	47	4416	3373	611
December 6, 2007 3:20:00 PM UTC	1196983200000	35	46	yes	10.6	231.3	20506	20827	9247	6525	437	43834	1458	970	21	4432	3403	610
December 6, 2007 3:21:00 PM UTC	1196983260000	34	46	yes	10.4	231.5	20506	20827	9247	6525	436	43835	1445	969	16	4444	3410	553
December 6, 2007 3:22:00 PM UTC	1196983320000	34	48	yes	10.3	231.7	20506	20827	9248	6524	439	43832	1432	941	34	4457	3560	371
December 6, 2007 3:23:00 PM UTC	1196983380000	38	46	yes	10.1	231.9	20506	20827	9248	6524	440	43831	1419	883	88	4471	3392	572
December 6, 2007 3:24:00 PM UTC	1196983440000	41	44	yes	10.0	232.0	20506	20827	9245	6554	435	43809	1399	820	144	4485	3208	581
December 6, 2007 3:25:00 PM UTC	1196983500000	43	37	yes	9.8	232.2	20506	20827	9247	6524	441	43831	1392	805	126	4499	3056	540
December 6, 2007 3:26:00 PM UTC	1196983560000	52	28	yes	9.6	232.4	20506	20827	9247	6524	437	43835	1385	853	65	4504	3008	636
December 6, 2007 3:27:00 PM UTC	1196983620000	51	29	yes	9.5	232.5	20506	20827	9247	6500	446	43850	1366	847	53	4527	3069	719
December 6, 2007 3:28:00 PM UTC	1196983680000	41	39	yes	9.3	232.7	20506	20827	9247	6500	446	43850	1353	843	56	4538	3113	711
December 6, 2007 3:29:00 PM UTC	1196983740000	29	48	yes	9.2	232.9	20506	20827	9255	6442	460	43886	1355	790	80	4556	3044	791
December 6, 2007 3:30:00 PM UTC	1196983800000	23	50	yes	9.0	233.0	20506	20827	9245	6556	452	43790	1324	781	89	4562	2958	1079
December 6, 2007 3:31:00 PM UTC	1196983860000	23	42	yes	8.8	233.2	20506	20827	9245	6556	449	43793	1307	785	76	4577	2945	1295
December 6, 2007 3:32:00 PM UTC	1196983920000	23	37	yes	8.7	233.4	20506	20827	9246	6556	452	43789	1290	807	33	4593	2953	1398
December 6, 2007 3:33:00 PM UTC	1196983980000	21	35	yes	8.5	233.5	20506	20827	9252	6514	456	43821	1295	808	30	4604	2842	1504
December 6, 2007 3:34:00 PM UTC	1196984040000	21	31	yes	8.4	233.7	20506	20827	9246	6556	457	43784	1267	769	42	4614	2499	1898
December 6, 2007 3:35:00 PM UTC	1196984100000	20	32	yes	8.2	233.9	20506	20827	9245	6556	460	43782	1256	795	9	4630	2254	2037
December 6, 2007 3:36:00 PM UTC	1196984160000	20	32	yes	8.0	234.0	20506	20827	9245	6556	461	43781	1239	767	20	4641	2032	2052
December 6, 2007 3:37:00 PM UTC	1196984220000	19	33	yes	7.9	234.2	20506	20827	9251	6517	467	43808	1243	746	38	4653	1912	2194
December 6, 2007 3:38:00 PM UTC	1196984280000	15	35	yes	7.7	234.4	20506	20827	9243	6573	460	43767	1204	690	64	4682	2067	2021
December 6, 2007 3:39:00 PM UTC	1196984340000	13	38	yes	7.5	234.5	20506	20827	9245	6555	461	43782	1199	703	45	4677	2236	2068
December 6, 2007 3:40:00 PM UTC	1196984400000	16	34	yes	7.4	234.7	20506	20827	9252	6518	464	43809	1200	686	45	4694	2366	2068
December 6, 2007 3:41:00 PM UTC	1196984460000	18	35	yes	7.2	234.9	20506	20827	9242	6541	462	43798	1173	623	33	4717	2077	2426
December 6, 2007 3:42:00 PM UTC	1196984520000	17	38	yes	7.1	235.0	20506	20827	9251	6482	470	43840	1180	490	98	4711	1973	2388
December 6, 2007 3:43:00 PM UTC	1196984580000	15	39	yes	6.9	235.2	20506	20827	9252	6480	475	43836	1164	418	135	4736	1960	2141
December 6, 2007 3:44:00 PM UTC	1196984640000	10	40	yes	6.7	235.4	20506	20827	9246	6480	470	43847	1136	413	91	4756	1933	1730
December 6, 2007 3:45:00 PM UTC	1196984700000	10	34	yes	6.6	235.5	20506	20827	9252	6420	474	43897	1133	304	164	4772	1940	1331
December 6, 2007 3:46:00 PM UTC	1196984760000	12	33	yes	6.4	235.7	20506	20827	9242	6534	466	43801	1105	230	147	4769	1700	1290
December 6, 2007 3:47:00 PM UTC	1196984820000	10	33	yes	6.2	235.8	20506	20827	9248	6496	471	43828	1105	197	128	4793	1487	1184
December 6, 2007 3:48:00 PM UTC	1196984880000	8	32	yes	6.1	236.0	20506	20827	9257	6436	482	43868	1109	83	117	4808	909	1557
December 6, 2007 3:49:00 PM UTC	1196984940000	7	31	yes	5.9	236.2	20506	20827	9243	6533	474	43793	1068	6	41	4807	419	1887
December 6, 2007 3:50:00 PM UTC	1196985000000	8	30	yes	5.7	236.3	20506	20827	9248	6496	484	43815	1058	0	3	4840	373	1607
December 6, 2007 3:51:00 PM UTC	1196985060000	7	30	yes	5.6	236.5	20506	20827	9239	6556	483	43765	1033	0	0	4839	400	887
December 6, 2007 3:52:00 PM UTC	1196985120000	6	29	yes	5.4	236.6	20506	20827	9248	6496	497	43802	1035	1	0	4859	321	355
December 6, 2007 3:53:00 PM UTC	1196985180000	5	28	yes	5.2	236.8	20506	20827	9248	6496	506	43793	1024	1	0	4870	405	228
December 6, 2007 3:54:00 PM UTC	1196985240000	5	27	yes	5.1	237.0	20506	20827	9244	6526	504	43769	1003	10	10	4878	513	209
December 6, 2007 3:55:00 PM UTC	1196985300000	5	23	yes	4.9	237.1	20506	20827	9249	6495	523	43776	994	34	26	4899	639	221
December 6, 2007 3:56:00 PM UTC	1196985360000	5	17	yes	4.7	237.3	20506	20827	9249	6468	529	43797	981	39	57	4915	556	292
December 6, 2007 3:57:00 PM UTC	1196985420000	4	20	yes	4.6	237.4	20506	20827	9241	6531	527	43744	951	60	90	4918	738	335
December 6, 2007 3:58:00 PM UTC	1196985480000	5	19	yes	4.4	237.6	20506	20827	9256	6431	553	43803	968	55	145	4946	813	374
December 6, 2007 3:59:00 PM UTC	1196985540000	5	18	yes	4.2	237.8	20506	20827	9256	6431	562	43794	949	118	104	4963	909	381
December 6, 2007 4:00:00 PM UTC	1196985600000	6	15	yes	4.0	237.9	20506	20827	9242	6525	561	43715	919	186	35	4957	1185	371
December 6, 2007 4:01:00 PM UTC	1196985660000	7	12	yes	3.9	238.1	20506	20827	9257	6429	585	43772	926	184	27	4985	1510	464
December 6, 2007 4:02:00 PM UTC	1196985720000	10	11	yes	3.7	238.2	20506	20827	9247	6548	591	43657	892	119	91	4989	1658	597
December 6, 2007 4:03:00 PM UTC	1196985780000	16	10	yes	3.5	238.4	20506	20827	9247	6548	611	43637	876	158	64	5005	1587	401
December 6, 2007 4:04:00 PM UTC	1196985840000	20	11	yes	3.4	238.5	20506	20827	9247	6548	649	43599	862	180	59	5020	1270	406
December 6, 2007 4:05:00 PM UTC	1196985900000	16	10	no	3.2	238.7	20506	20827	9252	6513	689	43589	864	222	50	5030	1277	463
December 6, 2007 4:06:00 PM UTC	1196985960000	10	11	yes	3.0	238.8	20506	20827	9247	6548	721	43527	838	204	49	5044	1339	627
