September 22, 2006 5:52:00 AM UTC	1158933120000	2	4	yes	3.2	92.1	20506	20827	9261	6544	621	43617	863	196	79	5028	250	1659
September 22, 2006 5:53:00 AM UTC	1158933180000	1	5	yes	3.4	92.2	20506	20827	9249	6615	608	43571	860	163	156	5006	185	1925
September 22, 2006 5:54:00 AM UTC	1158933240000	2	5	yes	3.6	92.4	20506	20827	9261	6543	582	43657	893	193	93	4996	216	1883
September 22, 2006 5:55:00 AM UTC	1158933300000	2	5	yes	3.8	92.5	20506	20827	9249	6614	540	43640	892	230	139	4973	238	1836
September 22, 2006 5:56:00 AM UTC	1158933360000	2	5	yes	4.0	92.7	20506	20827	9259	6544	524	43716	926	255	180	4966	257	1907
September 22, 2006 5:57:00 AM UTC	1158933420000	2	5	yes	4.2	92.8	20506	20827	9259	6544	504	43736	938	276	188	4952	230	1941
September 22, 2006 5:58:00 AM UTC	1158933480000	2	5	yes	4.4	93.0	20506	20827	9249	6627	481	43686	934	287	202	4925	234	1982
September 22, 2006 5:59:00 AM UTC	1158933540000	2	5	yes	4.6	93.1	20506	20827	9260	6477	472	43834	977	308	235	4917	205	2135
September 22, 2006 6:00:00 AM UTC	1158933600000	2	5	yes	4.8	93.3	20506	20827	9260	6477	466	43840	994	313	226	4901	228	2019
September 22, 2006 6:01:00 AM UTC	1158933660000	2	5	yes	5.0	93.4	20506	20827	9250	6549	480	43764	989	242	297	4878	195	2008
September 22, 2006 6:02:00 AM UTC	1158933720000	2	6	yes	5.2	93.6	20506	20827	9260	6478	467	43838	1025	290	297	4870	200	2095
September 22, 2006 6:03:00 AM UTC	1158933780000	2	5	yes	5.4	93.7	20506	20827	9250	6549	452	43792	1022	286	311	4844	220	1983
September 22, 2006 6:04:00 AM UTC	1158933840000	2	6	yes	5.6	93.9	20506	20827	9260	6479	446	43858	1059	307	328	4837	191	2108
September 22, 2006 6:05:00 AM UTC	1158933900000	2	6	yes	5.8	94.0	20506	20827	9260	6479	441	43863	1073	292	366	4823	226	2076
September 22, 2006 6:06:00 AM UTC	1158933960000	2	6	yes	6.0	94.2	20506	20827	9249	6550	418	43826	1067	267	399	4802	215	2071
September 22, 2006 6:07:00 AM UTC	1158934020000	2	6	yes	6.2	94.3	20506	20827	9260	6480	417	43886	1105	341	349	4790	295	2129
September 22, 2006 6:08:00 AM UTC	1158934080000	2	6	yes	6.4	94.5	20506	20827	9260	6480	422	43881	1118	339	361	4781	281	2110
September 22, 2006 6:09:00 AM UTC	1158934140000	2	6	yes	6.6	94.6	20506	20827	9249	6551	438	43805	1117	298	393	4753	176	2191
September 22, 2006 6:10:00 AM UTC	1158934200000	2	6	yes	6.8	94.8	20506	20827	9260	6481	442	43860	1154	361	369	4742	122	2089
September 22, 2006 6:11:00 AM UTC	1158934260000	2	6	yes	7.0	94.9	20506	20827	9248	6559	429	43807	1148	342	383	4720	191	2214
September 22, 2006 6:12:00 AM UTC	1158934320000	2	6	yes	7.2	95.1	20506	20827	9259	6489	422	43873	1184	316	431	4704	108	2206
September 22, 2006 6:13:00 AM UTC	1158934380000	2	6	yes	7.4	95.2	20506	20827	9259	6489	422	43873	1199	345	421	4692	172	2138
September 22, 2006 6:14:00 AM UTC	1158934440000	2	6	yes	7.6	95.4	20506	20827	9248	6561	415	43819	1194	326	451	4670	223	2260
September 22, 2006 6:15:00 AM UTC	1158934500000	2	6	yes	7.8	95.6	20506	20827	9258	6491	410	43884	1231	349	454	4660	235	2121
September 22, 2006 6:16:00 AM UTC	1158934560000	2	6	yes	8.0	95.7	20506	20827	9258	6478	408	43899	1248	396	440	4641	247	2257
September 22, 2006 6:17:00 AM UTC	1158934620000	2	6	yes	8.2	95.9	20506	20827	9258	6478	437	43870	1264	366	451	4628	262	2136
September 22, 2006 6:18:00 AM UTC	1158934680000	2	7	yes	8.4	96.0	20506	20827	9258	6504	436	43845	1280	337	507	4609	200	2396
September 22, 2006 6:19:00 AM UTC	1158934740000	2	6	yes	8.6	96.2	20506	20827	9246	6652	430	43715	1269	328	504	4588	261	2199
September 22, 2006 6:20:00 AM UTC	1158934800000	2	7	yes	8.8	96.3	20506	20827	9257	6574	435	43777	1309	415	457	4572	279	2349
September 22, 2006 6:21:00 AM UTC	1158934860000	2	7	yes	9.0	96.5	20506	20827	9257	6574	427	43785	1328	461	420	4553	220	2326
September 22, 2006 6:22:00 AM UTC	1158934920000	2	7	yes	9.2	96.6	20506	20827	9245	6661	408	43729	1310	543	341	4539	254	2335
September 22, 2006 6:23:00 AM UTC	1158934980000	2	7	yes	9.4	96.8	20506	20827	9256	6598	407	43782	1354	485	435	4521	241	2321
September 22, 2006 6:24:00 AM UTC	1158935040000	2	6	yes	9.6	96.9	20506	20827	9256	6598	419	43770	1367	480	436	4507	273	2208
September 22, 2006 6:25:00 AM UTC	1158935100000	3	6	yes	9.8	97.1	20506	20827	9256	6513	437	43837	1391	560	364	4495	328	2174
September 22, 2006 6:26:00 AM UTC	1158935160000	2	6	yes	10.0	97.2	20506	20827	9256	6513	435	43839	1411	390	578	4473	285	2090
September 22, 2006 6:27:00 AM UTC	1158935220000	2	6	yes	10.2	97.4	20506	20827	9245	6585	419	43794	1400	410	565	4458	280	2037
September 22, 2006 6:28:00 AM UTC	1158935280000	3	6	yes	10.4	97.5	20506	20827	9255	6514	423	43851	1445	482	540	4442	307	2070
September 22, 2006 6:29:00 AM UTC	1158935340000	2	6	yes	10.6	97.7	20506	20827	9255	6514	421	43853	1465	487	544	4419	275	2061
September 22, 2006 6:30:00 AM UTC	1158935400000	3	6	yes	10.8	97.8	20506	20827	9254	6514	420	43855	1478	514	505	4406	259	1983
September 22, 2006 6:31:00 AM UTC	1158935460000	3	5	yes	11.0	98.0	20506	20827	9254	6514	421	43854	1493	628	417	4397	339	1783
September 22, 2006 6:32:00 AM UTC	1158935520000	3	5	yes	11.2	98.2	20506	20827	9253	6523	417	43850	1502	568	492	4382	307	1793
September 22, 2006 6:33:00 AM UTC	1158935580000	3	6	yes	11.4	98.3	20506	20827	9252	6517	418	43856	1524	584	495	4358	234	1836
September 22, 2006 6:34:00 AM UTC	1158935640000	2	6	yes	11.6	98.5	20506	20827	9252	6517	418	43856	1540	365	734	4346	186	1796
September 22, 2006 6:35:00 AM UTC	1158935700000	2	6	yes	11.8	98.6	20506	20827	9251	6518	413	43861	1554	482	640	4324	178	1876
September 22, 2006 6:36:00 AM UTC	1158935760000	2	6	yes	12.0	98.8	20506	20827	9251	6518	410	43864	1574	511	633	4313	164	1737
September 22, 2006 6:37:00 AM UTC	1158935820000	2	6	yes	12.2	98.9	20506	20827	9251	6518	405	43869	1588	474	693	4289	150	1765
September 22, 2006 6:38:00 AM UTC	1158935880000	2	6	yes	12.4	99.1	20506	20827	9250	6550	404	43839	1605	526	675	4281	190	1673
September 22, 2006 6:39:00 AM UTC	1158935940000	2	6	yes	12.6	99.2	20506	20827	9250	6550	403	43840	1624	533	688	4257	94	1841
September 22, 2006 6:40:00 AM UTC	1158936000000	3	6	yes	12.8	99.4	20506	20827	9247	6562	403	43831	1632	562	642	4247	176	1799
September 22, 2006 6:41:00 AM UTC	1158936060000	2	6	yes	13.0	99.6	20506	20827	9247	6562	405	43829	1650	558	663	4232	170	1715
September 22, 2006 6:42:00 AM UTC	1158936120000	2	6	yes	13.2	99.7	20506	20827	9247	6562	398	43836	1662	526	730	4210	185	1787
September 22, 2006 6:43:00 AM UTC	1158936180000	3	6	yes	13.4	99.9	20506	20827	9246	6565	391	43841	1681	610	659	4204	266	1694
September 22, 2006 6:44:00 AM UTC	1158936240000	3	6	yes	13.6	100.0	20506	20827	9246	6565	388	43844	1695	632	655	4188	187	1814
September 22, 2006 6:45:00 AM UTC	1158936300000	3	6	yes	13.7	100.2	20506	20827	9257	6492	396	43898	1741	616	708	4172	242	1869
September 22, 2006 6:46:00 AM UTC	1158936360000	3	6	yes	13.9	100.4	20506	20827	9245	6565	377	43856	1731	645	680	4157	290	1823
September 22, 2006 6:47:00 AM UTC	1158936420000	3	5	yes	14.1	100.5	20506	20827	9245	6565	379	43854	1748	818	518	4141	279	1727
September 22, 2006 6:48:00 AM UTC	1158936480000	4	5	yes	14.3	100.7	20506	20827	9243	6506	375	43919	1770	950	440	4125	289	1670
September 22, 2006 6:49:00 AM UTC	1158936540000	3	5	yes	14.5	100.8	20506	20827	9243	6506	374	43920	1781	859	547	4120	314	1691
September 22, 2006 6:50:00 AM UTC	1158936600000	4	5	yes	14.7	101.0	20506	20827	9253	6427	380	43983	1829	949	492	4100	345	1608
September 22, 2006 6:51:00 AM UTC	1158936660000	4	5	yes	14.9	101.1	20506	20827	9243	6493	361	43946	1820	931	525	4087	352	1388
September 22, 2006 6:52:00 AM UTC	1158936720000	3	5	yes	15.1	101.3	20506	20827	9243	6493	353	43954	1832	854	615	4080	245	1449
September 22, 2006 6:53:00 AM UTC	1158936780000	3	5	yes	15.3	101.5	20506	20827	9253	6428	359	44003	1879	886	616	4064	171	1456
September 22, 2006 6:54:00 AM UTC	1158936840000	3	5	yes	15.5	101.6	20506	20827	9242	6513	338	43950	1859	899	604	4055	157	1384
September 22, 2006 6:55:00 AM UTC	1158936900000	3	5	yes	15.7	101.8	20506	20827	9254	6430	346	44013	1905	854	700	4046	107	1416
September 22, 2006 6:56:00 AM UTC	1158936960000	3	5	yes	15.9	101.9	20506	20827	9240	6591	327	43885	1880	826	685	4030	141	1278
September 22, 2006 6:57:00 AM UTC	1158937020000	3	5	yes	16.1	102.1	20506	20827	9240	6591	320	43892	1897	849	689	4021	129	1292
September 22, 2006 6:58:00 AM UTC	1158937080000	3	5	yes	16.3	102.3	20506	20827	9251	6521	326	43945	1938	823	757	4014	91	1390
September 22, 2006 6:59:00 AM UTC	1158937140000	2	5	yes	16.5	102.4	20506	20827	9240	6626	306	43871	1924	716	877	4002	106	1379
September 22, 2006 7:00:00 AM UTC	1158937200000	3	5	yes	16.7	102.6	20506	20827	9251	6555	313	43924	1969	786	842	3989	82	1304
September 22, 2006 7:01:00 AM UTC	1158937260000	3	5	yes	16.9	102.8	20506	20827	9242	6613	296	43892	1955	706	927	3987	112	1317
September 22, 2006 7:02:00 AM UTC	1158937320000	3	5	yes	17.1	102.9	20506	20827	9240	6626	292	43885	1969	774	867	3974	162	1251
September 22, 2006 7:03:00 AM UTC	1158937380000	3	5	yes	17.3	103.1	20506	20827	9251	6555	297	43940	2018	827	827	3964	169	1157
September 22, 2006 7:04:00 AM UTC	1158937440000	3	5	yes	17.5	103.2	20506	20827	9240	6627	279	43897	1997	795	863	3959	130	1171
September 22, 2006 7:05:00 AM UTC	1158937500000	3	5	yes	17.7	103.4	20506	20827	9251	6558	283	43951	2042	739	960	3950	126	1238
September 22, 2006 7:06:00 AM UTC	1158937560000	3	5	yes	17.9	103.6	20506	20827	9251	6556	278	43958	2058	801	909	3941	172	1155
September 22, 2006 7:07:00 AM UTC	1158937620000	3	5	yes	18.1	103.7	20506	20827	9250	6555	272	43966	2071	910	799	3933	179	1117
September 22, 2006 7:08:00 AM UTC	1158937680000	3	5	yes	18.3	103.9	20506	20827	9250	6555	261	43977	2086	792	941	3929	78	1202
September 22, 2006 7:09:00 AM UTC	1158937740000	3	5	yes	18.5	104.1	20506	20827	9238	6566	237	44002	2079	844	890	3919	133	1089
September 22, 2006 7:10:00 AM UTC	1158937800000	3	5	yes	18.6	104.2	20506	20827	9250	6497	246	44050	2121	907	868	3909	100	1093
September 22, 2006 7:11:00 AM UTC	1158937860000	3	5	yes	18.8	104.4	20506	20827	9250	6497	234	44062	2140	836	934	3903	127	1025
September 22, 2006 7:12:00 AM UTC	1158937920000	3	5	yes	19.0	104.6	20506	20827	9250	6499	223	44071	2154	835	977	3895	132	1075
September 22, 2006 7:13:00 AM UTC	1158937980000	3	5	yes	19.2	104.7	20506	20827	9250	6499	213	44081	2165	906	902	3894	55	1070
September 22, 2006 7:14:00 AM UTC	1158938040000	3	5	yes	19.4	104.9	20506	20827	9239	6567	194	44043	2149	864	944	3887	42	1043
September 22, 2006 7:15:00 AM UTC	1158938100000	3	4	yes	19.6	105.1	20506	20827	9248	6516	194	44085	2190	1007	808	3879	67	968
September 22, 2006 7:16:00 AM UTC	1158938160000	3	5	yes	19.8	105.2	20506	20827	9248	6516	182	44097	2203	917	925	3873	15	1065
September 22, 2006 7:17:00 AM UTC	1158938220000	3	5	yes	20.0	105.4	20506	20827	9248	6516	173	44106	2216	933	918	3868	29	1032
September 22, 2006 7:18:00 AM UTC	1158938280000	3	5	yes	20.2	105.6	20506	20827	9248	6516	163	44116	2234	925	925	3863	8	992
September 22, 2006 7:19:00 AM UTC	1158938340000	3	5	yes	20.4	105.7	20506	20827	9248	6516	155	44124	2246	928	945	3860	35	959
September 22, 2006 7:20:00 AM UTC	1158938400000	3	5	yes	20.6	105.9	20506	20827	9248	6516	146	44133	2258	949	907	3858	10	1032
September 22, 2006 7:21:00 AM UTC	1158938460000	3	5	yes	20.8	106.1	20506	20827	9247	6557	135	44104	2269	878	1018	3848	8	1025
September 22, 2006 7:22:00 AM UTC	1158938520000	3	5	yes	21.0	106.3	20506	20827	9246	6556	124	44117	2282	869	1161	3842	9	981
September 22, 2006 7:23:00 AM UTC	1158938580000	3	5	yes	21.2	106.4	20506	20827	9246	6556	115	44126	2295	984	981	3842	27	972
September 22, 2006 7:24:00 AM UTC	1158938640000	3	5	yes	21.4	106.6	20506	20827	9247	6557	102	44137	2308	855	1100	3835	26	942
September 22, 2006 7:25:00 AM UTC	1158938700000	3	5	yes	21.5	106.8	20506	20827	9247	6557	91	44148	2324	922	1023	3834	10	932
September 22, 2006 7:26:00 AM UTC	1158938760000	3	5	yes	21.7	106.9	20506	20827	9254	6510	84	44195	2357	808	1161	3832	12	940
September 22, 2006 7:27:00 AM UTC	1158938820000	2	5	yes	21.9	107.1	20506	20827	9244	6578	64	44157	2335	836	1149	3832	7	914
September 22, 2006 7:28:00 AM UTC	1158938880000	2	5	yes	22.1	107.3	20506	20827	9246	6511	53	44233	2367	800	1257	3821	7	872
September 22, 2006 7:29:00 AM UTC	1158938940000	3	5	yes	22.3	107.5	20506	20827	9244	6518	36	44245	2373	927	1163	3824	8	903
September 22, 2006 7:30:00 AM UTC	1158939000000	3	5	yes	22.5	107.6	20506	20827	9244	6518	26	44255	2392	949	1117	3820	4	846
September 22, 2006 7:31:00 AM UTC	1158939060000	3	5	yes	22.7	107.8	20506	20827	9254	6459	23	44307	2431	894	1184	3818	8	872
September 22, 2006 7:32:00 AM UTC	1158939120000	3	5	yes	22.9	108.0	20506	20827	9245	6527	7	44264	2409	878	1205	3820	4	925
September 22, 2006 7:33:00 AM UTC	1158939180000	3	5	yes	23.1	108.2	20506	20827	9254	6465	3	44321	2456	962	1094	3814	3	899
September 22, 2006 7:34:00 AM UTC	1158939240000	3	5	yes	23.3	108.3	20506	20827	9244	6514	0	44285	2443	932	1080	3812	3	890
September 22, 2006 7:35:00 AM UTC	1158939300000	3	5	yes	23.5	108.5	20506	20827	9255	6444	0	44344	2490	895	1179	3808	14	838
September 22, 2006 7:36:00 AM UTC	1158939360000	3	5	yes	23.6	108.7	20506	20827	9252	6464	0	44327	2483	831	1221	3810	3	833
September 22, 2006 7:37:00 AM UTC	1158939420000	3	4	yes	23.8	108.9	20506	20827	9241	6531	0	44271	2461	928	1057	3810	4	824
September 22, 2006 7:38:00 AM UTC	1158939480000	3	4	yes	24.0	109.1	20506	20827	9252	6464	0	44327	2509	922	1074	3808	2	788
September 22, 2006 7:39:00 AM UTC	1158939540000	3	5	yes	24.2	109.2	20506	20827	9244	6535	0	44264	2491	827	1131	3809	2	817
September 22, 2006 7:40:00 AM UTC	1158939600000	3	5	yes	24.4	109.4	20506	20827	9252	6467	0	44324	2535	777	1239	3806	1	734
September 22, 2006 7:41:00 AM UTC	1158939660000	3	4	yes	24.6	109.6	20506	20827	9248	6489	0	44306	2542	861	1074	3807	0	732
September 22, 2006 7:42:00 AM UTC	1158939720000	3	4	yes	24.8	109.8	20506	20827	9249	6489	0	44305	2551	835	1084	3806	0	770
September 22, 2006 7:43:00 AM UTC	1158939780000	2	4	yes	25.0	110.0	20506	20827	9248	6610	0	44185	2535	732	1164	3811	0	696
September 22, 2006 7:44:00 AM UTC	1158939840000	2	4	yes	25.2	110.1	20506	20827	9250	6588	0	44205	2564	830	1106	3807	1	719
September 22, 2006 7:45:00 AM UTC	1158939900000	2	4	yes	25.3	110.3	20506	20827	9246	6615	0	44182	2556	775	1039	3811	1	673
September 22, 2006 7:46:00 AM UTC	1158939960000	2	4	yes	25.5	110.5	20506	20827	9248	6542	0	44253	2585	799	1064	3815	0	733
September 22, 2006 7:47:00 AM UTC	1158940020000	2	4	yes	25.7	110.7	20506	20827	9248	6542	0	44253	2592	789	1079	3817	0	692
September 22, 2006 7:48:00 AM UTC	1158940080000	2	4	yes	25.9	110.9	20506	20827	9248	6542	0	44253	2607	761	1092	3814	0	663
September 22, 2006 7:49:00 AM UTC	1158940140000	2	4	yes	26.1	111.1	20506	20827	9247	6544	0	44252	2619	644	1156	3816	0	694
September 22, 2006 7:50:00 AM UTC	1158940200000	2	4	yes	26.3	111.2	20506	20827	9243	6577	0	44223	2607	623	1138	3819	1	657
September 22, 2006 7:51:00 AM UTC	1158940260000	2	5	yes	26.5	111.4	20506	20827	9253	6518	0	44272	2652	504	1302	3825	1	681
September 22, 2006 7:52:00 AM UTC	1158940320000	2	4	yes	26.7	111.6	20506	20827	9243	6577	0	44223	2624	612	1142	3828	0	672
September 22, 2006 7:53:00 AM UTC	1158940380000	2	4	yes	26.8	111.8	20506	20827	9258	6485	0	44300	2688	616	1175	3831	1	622
September 22, 2006 7:54:00 AM UTC	1158940440000	2	4	yes	27.0	112.0	20506	20827	9245	6576	0	44222	2639	589	1180	3834	0	629
September 22, 2006 7:55:00 AM UTC	1158940500000	2	4	yes	27.2	112.2	20506	20827	9256	6510	0	44277	2691	572	1226	3833	0	594
September 22, 2006 7:56:00 AM UTC	1158940560000	2	4	yes	27.4	112.4	20506	20827	9245	6576	0	44222	2667	537	1147	3837	0	577
September 22, 2006 7:57:00 AM UTC	1158940620000	2	4	yes	27.6	112.5	20506	20827	9245	6576	0	44222	2673	527	1093	3841	0	513
September 22, 2006 7:58:00 AM UTC	1158940680000	2	4	yes	27.8	112.7	20506	20827	9248	6549	0	44246	2699	597	1116	3850	0	558
September 22, 2006 7:59:00 AM UTC	1158940740000	2	4	yes	28.0	112.9	20506	20827	9240	6603	0	44200	2669	559	1072	3855	0	535
September 22, 2006 8:00:00 AM UTC	1158940800000	2	4	yes	28.1	113.1	20506	20827	9251	6537	0	44255	2723	518	1140	3857	0	568
September 22, 2006 8:01:00 AM UTC	1158940860000	2	4	yes	28.3	113.3	20506	20827	9245	6575	0	44223	2707	532	1016	3856	0	544
September 22, 2006 8:02:00 AM UTC	1158940920000	2	4	yes	28.5	113.5	20506	20827	9251	6480	0	44312	2751	412	1198	3865	0	495
September 22, 2006 8:03:00 AM UTC	1158940980000	1	4	yes	28.7	113.7	20506	20827	9251	6480	0	44312	2760	321	1196	3868	0	437
September 22, 2006 8:04:00 AM UTC	1158941040000	1	4	yes	28.9	113.9	20506	20827	9251	6481	0	44311	2767	354	1142	3873	0	419
September 22, 2006 8:05:00 AM UTC	1158941100000	1	4	yes	29.1	114.1	20506	20827	9250	6530	0	44263	2760	347	1093	3884	0	453
September 22, 2006 8:06:00 AM UTC	1158941160000	1	3	yes	29.2	114.3	20506	20827	9246	6559	0	44238	2744	365	1074	3890	0	395
September 22, 2006 8:07:00 AM UTC	1158941220000	1	3	yes	29.4	114.5	20506	20827	9246	6559	0	44238	2759	365	1073	3895	0	377
September 22, 2006 8:08:00 AM UTC	1158941280000	2	3	yes	29.6	114.7	20506	20827	9249	6529	0	44265	2790	404	993	3895	0	359
September 22, 2006 8:09:00 AM UTC	1158941340000	2	3	yes	29.8	114.9	20506	20827	9246	6559	0	44238	2778	392	966	3906	0	375
September 22, 2006 8:10:00 AM UTC	1158941400000	1	3	yes	30.0	115.1	20506	20827	9257	6494	0	44292	2816	289	1074	3916	0	351
September 22, 2006 8:11:00 AM UTC	1158941460000	1	3	yes	30.2	115.3	20506	20827	9246	6559	0	44238	2789	277	1013	3921	0	339
September 22, 2006 8:12:00 AM UTC	1158941520000	1	3	yes	30.3	115.5	20506	20827	9256	6493	0	44294	2830	327	949	3931	0	334
September 22, 2006 8:13:00 AM UTC	1158941580000	1	3	yes	30.5	115.7	20506	20827	9242	6587	0	44214	2770	335	965	3949	0	339
September 22, 2006 8:14:00 AM UTC	1158941640000	2	3	yes	30.7	115.9	20506	20827	9255	6508	0	44280	2834	353	937	3945	0	329
September 22, 2006 8:15:00 AM UTC	1158941700000	1	3	yes	30.9	116.1	20506	20827	9245	6573	0	44225	2794	340	899	3958	0	328
September 22, 2006 8:16:00 AM UTC	1158941760000	1	3	yes	31.1	116.3	20506	20827	9242	6539	0	44262	2809	185	985	3960	0	332
September 22, 2006 8:17:00 AM UTC	1158941820000	1	3	yes	31.2	116.5	20506	20827	9252	6474	0	44317	2844	229	957	3972	0	321
September 22, 2006 8:18:00 AM UTC	1158941880000	1	3	yes	31.4	116.7	20506	20827	9241	6538	0	44264	2815	210	898	3983	0	318
September 22, 2006 8:19:00 AM UTC	1158941940000	1	3	yes	31.6	116.9	20506	20827	9252	6475	0	44316	2855	258	919	3990	0	360
September 22, 2006 8:20:00 AM UTC	1158942000000	1	3	yes	31.8	117.1	20506	20827	9241	6539	0	44263	2815	262	847	3998	0	341
September 22, 2006 8:21:00 AM UTC	1158942060000	1	3	yes	32.0	117.3	20506	20827	9252	6475	0	44316	2861	302	833	4010	0	369
September 22, 2006 8:22:00 AM UTC	1158942120000	1	3	yes	32.1	117.5	20506	20827	9247	6542	0	44254	2829	304	812	4036	0	338
September 22, 2006 8:23:00 AM UTC	1158942180000	1	3	yes	32.3	117.7	20506	20827	9247	6509	0	44287	2843	190	858	4038	0	352
September 22, 2006 8:24:00 AM UTC	1158942240000	1	3	yes	32.5	117.9	20506	20827	9247	6509	0	44287	2847	211	886	4049	0	382
September 22, 2006 8:25:00 AM UTC	1158942300000	1	3	yes	32.7	118.1	20506	20827	9253	6496	0	44294	2859	248	809	4061	0	428
September 22, 2006 8:26:00 AM UTC	1158942360000	1	3	yes	32.8	118.3	20506	20827	9247	6528	0	44268	2846	255	778	4065	0	392
September 22, 2006 8:27:00 AM UTC	1158942420000	1	3	yes	33.0	118.6	20506	20827	9247	6528	0	44268	2842	287	748	4088	0	392
September 22, 2006 8:28:00 AM UTC	1158942480000	1	3	yes	33.2	118.8	20506	20827	9247	6528	0	44268	2845	280	738	4097	0	377
September 22, 2006 8:29:00 AM UTC	1158942540000	1	3	yes	33.4	119.0	20506	20827	9241	6617	0	44185	2816	176	750	4114	0	393
September 22, 2006 8:30:00 AM UTC	1158942600000	1	3	yes	33.5	119.2	20506	20827	9247	6526	0	44270	2843	199	788	4129	0	421
September 22, 2006 8:31:00 AM UTC	1158942660000	1	3	yes	33.7	119.4	20506	20827	9256	6464	0	44323	2887	237	750	4145	3	392
September 22, 2006 8:32:00 AM UTC	1158942720000	1	3	yes	33.9	119.6	20506	20827	9242	6556	0	44245	2833	238	711	4153	3	395
September 22, 2006 8:33:00 AM UTC	1158942780000	1	2	yes	34.1	119.8	20506	20827	9252	6493	0	44298	2873	278	642	4170	6	383
September 22, 2006 8:34:00 AM UTC	1158942840000	1	2	yes	34.2	120.1	20506	20827	9243	6555	0	44245	2829	274	600	4187	6	399
September 22, 2006 8:35:00 AM UTC	1158942900000	1	2	yes	34.4	120.3	20506	20827	9252	6493	0	44298	2869	202	656	4196	3	401
September 22, 2006 8:36:00 AM UTC	1158942960000	1	2	yes	34.6	120.5	20506	20827	9252	6493	0	44298	2866	240	639	4219	6	407
September 22, 2006 8:37:00 AM UTC	1158943020000	1	2	yes	34.8	120.7	20506	20827	9252	6511	0	44280	2854	217	555	4229	4	406
September 22, 2006 8:38:00 AM UTC	1158943080000	1	2	yes	34.9	120.9	20506	20827	9247	6555	0	44241	2833	253	480	4244	6	428
September 22, 2006 8:39:00 AM UTC	1158943140000	1	2	yes	35.1	121.2	20506	20827	9247	6555	0	44241	2821	237	500	4263	1	431
September 22, 2006 8:40:00 AM UTC	1158943200000	1	2	yes	35.3	121.4	20506	20827	9255	6494	0	44294	2863	303	472	4280	11	408
September 22, 2006 8:41:00 AM UTC	1158943260000	1	2	yes	35.4	121.6	20506	20827	9247	6555	0	44241	2825	149	503	4291	1	418
September 22, 2006 8:42:00 AM UTC	1158943320000	1	2	yes	35.6	121.8	20506	20827	9257	6434	0	44352	2881	208	451	4312	0	367
September 22, 2006 8:43:00 AM UTC	1158943380000	1	2	yes	35.8	122.1	20506	20827	9242	6535	0	44266	2822	197	420	4318	3	419
September 22, 2006 8:44:00 AM UTC	1158943440000	1	2	yes	36.0	122.3	20506	20827	9256	6435	0	44352	2885	250	403	4335	3	377
September 22, 2006 8:45:00 AM UTC	1158943500000	1	2	yes	36.1	122.5	20506	20827	9247	6493	0	44303	2845	260	377	4349	7	410
September 22, 2006 8:46:00 AM UTC	1158943560000	1	2	yes	36.3	122.7	20506	20827	9249	6472	0	44322	2857	288	335	4368	10	358
September 22, 2006 8:47:00 AM UTC	1158943620000	1	2	yes	36.5	123.0	20506	20827	9249	6503	0	44291	2847	138	301	4376	1	325
September 22, 2006 8:48:00 AM UTC	1158943680000	1	1	yes	36.6	123.2	20506	20827	9248	6504	0	44291	2831	201	286	4398	6	317
September 22, 2006 8:49:00 AM UTC	1158943740000	1	1	yes	36.8	123.4	20506	20827	9248	6504	0	44291	2842	196	256	4407	7	301
September 22, 2006 8:50:00 AM UTC	1158943800000	1	1	yes	37.0	123.7	20506	20827	9248	6504	0	44291	2837	237	254	4425	9	292
September 22, 2006 8:51:00 AM UTC	1158943860000	1	1	yes	37.1	123.9	20506	20827	9248	6504	0	44291	2838	264	232	4438	16	244
September 22, 2006 8:52:00 AM UTC	1158943920000	1	1	yes	37.3	124.1	20506	20827	9248	6504	0	44291	2841	299	219	4454	18	233
September 22, 2006 8:53:00 AM UTC	1158943980000	1	1	yes	37.5	124.4	20506	20827	9242	6543	0	44258	2812	161	189	4454	8	243
September 22, 2006 8:54:00 AM UTC	1158944040000	1	1	yes	37.6	124.6	20506	20827	9246	6487	0	44310	2831	181	188	4488	8	242
September 22, 2006 8:55:00 AM UTC	1158944100000	1	1	yes	37.8	124.8	20506	20827	9245	6548	0	44250	2818	205	134	4488	16	214
September 22, 2006 8:56:00 AM UTC	1158944160000	1	1	yes	38.0	125.1	20506	20827	9251	6488	0	44304	2855	242	152	4523	13	252
September 22, 2006 8:57:00 AM UTC	1158944220000	1	1	yes	38.1	125.3	20506	20827	9252	6521	0	44270	2838	260	120	4522	24	224
September 22, 2006 8:58:00 AM UTC	1158944280000	1	1	yes	38.3	125.6	20506	20827	9251	6527	0	44265	2832	290	106	4543	28	189
September 22, 2006 8:59:00 AM UTC	1158944340000	1	1	yes	38.4	125.8	20506	20827	9251	6523	0	44269	2830	194	113	4555	15	168
September 22, 2006 9:00:00 AM UTC	1158944400000	1	1	yes	38.6	126.0	20506	20827	9245	6565	0	44233	2809	195	98	4566	17	118
September 22, 2006 9:01:00 AM UTC	1158944460000	1	1	yes	38.8	126.3	20506	20827	9246	6565	0	44232	2812	234	99	4570	24	123
September 22, 2006 9:02:00 AM UTC	1158944520000	1	1	yes	38.9	126.5	20506	20827	9246	6565	0	44232	2810	233	105	4593	26	101
September 22, 2006 9:03:00 AM UTC	1158944580000	1	1	yes	39.1	126.8	20506	20827	9245	6565	0	44233	2808	287	98	4601	36	65
September 22, 2006 9:04:00 AM UTC	1158944640000	1	1	yes	39.3	127.0	20506	20827	9245	6565	0	44233	2806	139	88	4620	16	97
September 22, 2006 9:05:00 AM UTC	1158944700000	1	0	yes	39.4	127.3	20506	20827	9247	6509	0	44287	2825	201	96	4637	25	47
September 22, 2006 9:06:00 AM UTC	1158944760000	1	0	yes	39.6	127.5	20506	20827	9247	6509	0	44287	2833	209	89	4647	25	48
September 22, 2006 9:07:00 AM UTC	1158944820000	1	0	yes	39.7	127.8	20506	20827	9247	6538	0	44258	2816	224	88	4664	28	36
September 22, 2006 9:08:00 AM UTC	1158944880000	1	0	yes	39.9	128.0	20506	20827	9255	6496	0	44292	2843	281	81	4682	38	32
September 22, 2006 9:09:00 AM UTC	1158944940000	1	0	yes	40.0	128.3	20506	20827	9248	6538	0	44257	2813	130	87	4689	17	30
September 22, 2006 9:10:00 AM UTC	1158945000000	1	0	yes	40.2	128.5	20506	20827	9247	6539	0	44257	2810	173	91	4704	19	20
September 22, 2006 9:11:00 AM UTC	1158945060000	1	0	yes	40.4	128.8	20506	20827	9247	6539	0	44257	2816	188	83	4715	28	27
September 22, 2006 9:12:00 AM UTC	1158945120000	1	0	yes	40.5	129.0	20506	20827	9247	6539	0	44257	2816	217	81	4726	32	19
September 22, 2006 9:13:00 AM UTC	1158945180000	1	0	yes	40.7	129.3	20506	20827	9240	6586	0	44217	2786	216	78	4737	30	29
September 22, 2006 9:14:00 AM UTC	1158945240000	1	0	yes	40.8	129.6	20506	20827	9246	6539	0	44258	2805	159	98	4754	22	19
September 22, 2006 9:15:00 AM UTC	1158945300000	1	0	yes	41.0	129.8	20506	20827	9241	6530	0	44272	2808	158	77	4762	18	21
September 22, 2006 9:16:00 AM UTC	1158945360000	1	0	yes	41.1	130.1	20506	20827	9255	6474	0	44314	2842	191	92	4789	29	18
September 22, 2006 9:17:00 AM UTC	1158945420000	1	0	yes	41.3	130.4	20506	20827	9249	6519	0	44275	2818	225	82	4798	42	13
September 22, 2006 9:18:00 AM UTC	1158945480000	1	0	yes	41.4	130.6	20506	20827	9249	6519	0	44275	2816	218	87	4813	37	20
September 22, 2006 9:19:00 AM UTC	1158945540000	1	0	yes	41.6	130.9	20506	20827	9249	6519	0	44275	2822	268	92	4822	45	15
September 22, 2006 9:20:00 AM UTC	1158945600000	1	0	yes	41.7	131.1	20506	20827	9249	6519	0	44275	2811	152	79	4837	20	14
September 22, 2006 9:21:00 AM UTC	1158945660000	1	0	yes	41.9	131.4	20506	20827	9243	6564	0	44236	2783	167	86	4850	25	8
September 22, 2006 9:22:00 AM UTC	1158945720000	1	0	yes	42.0	131.7	20506	20827	9250	6518	0	44275	2817	203	74	4860	29	11
September 22, 2006 9:23:00 AM UTC	1158945780000	1	0	yes	42.2	132.0	20506	20827	9243	6563	0	44237	2788	223	90	4870	40	10
September 22, 2006 9:24:00 AM UTC	1158945840000	1	0	yes	42.3	132.2	20506	20827	9249	6517	0	44277	2818	268	92	4889	52	7
September 22, 2006 9:25:00 AM UTC	1158945900000	1	0	yes	42.5	132.5	20506	20827	9251	6510	0	44282	2825	145	92	4902	29	7
September 22, 2006 9:26:00 AM UTC	1158945960000	1	0	yes	42.6	132.8	20506	20827	9243	6628	0	44172	2767	150	91	4914	35	4
September 22, 2006 9:27:00 AM UTC	1158946020000	1	0	yes	42.8	133.0	20506	20827	9251	6581	0	44211	2799	182	83	4925	40	5
September 22, 2006 9:28:00 AM UTC	1158946080000	1	0	yes	42.9	133.3	20506	20827	9244	6628	0	44171	2770	199	95	4935	51	5
September 22, 2006 9:29:00 AM UTC	1158946140000	1	0	yes	43.1	133.6	20506	20827	9251	6580	0	44212	2795	130	82	4951	17	7
September 22, 2006 9:30:00 AM UTC	1158946200000	1	0	yes	43.2	133.9	20506	20827	9244	6628	0	44171	2772	137	84	4955	30	7
September 22, 2006 9:31:00 AM UTC	1158946260000	1	0	yes	43.4	134.2	20506	20827	9251	6577	0	44215	2789	199	77	4984	44	8
September 22, 2006 9:32:00 AM UTC	1158946320000	1	0	yes	43.5	134.4	20506	20827	9244	6628	0	44171	2765	191	92	4982	45	6
September 22, 2006 9:33:00 AM UTC	1158946380000	1	0	yes	43.6	134.7	20506	20827	9252	6577	0	44214	2788	244	80	5001	59	5
September 22, 2006 9:34:00 AM UTC	1158946440000	1	0	yes	43.8	135.0	20506	20827	9252	6571	0	44220	2792	115	83	5016	13	3
September 22, 2006 9:35:00 AM UTC	1158946500000	1	0	yes	43.9	135.3	20506	20827	9244	6620	0	44179	2766	128	77	5013	26	7
September 22, 2006 9:36:00 AM UTC	1158946560000	1	0	yes	44.1	135.6	20506	20827	9253	6570	0	44220	2800	165	75	5040	38	2
September 22, 2006 9:37:00 AM UTC	1158946620000	1	0	yes	44.2	135.9	20506	20827	9245	6620	0	44178	2766	173	85	5033	53	2
September 22, 2006 9:38:00 AM UTC	1158946680000	1	0	yes	44.4	136.2	20506	20827	9245	6617	0	44181	2775	235	85	5046	59	2
September 22, 2006 9:39:00 AM UTC	1158946740000	1	0	yes	44.5	136.5	20506	20827	9245	6620	0	44178	2757	119	77	5063	26	3
September 22, 2006 9:40:00 AM UTC	1158946800000	1	0	yes	44.6	136.8	20506	20827	9253	6571	0	44219	2796	183	73	5081	52	5
September 22, 2006 9:41:00 AM UTC	1158946860000	1	0	yes	44.8	137.0	20506	20827	9245	6621	0	44177	2762	182	72	5080	46	0
September 22, 2006 9:42:00 AM UTC	1158946920000	1	0	yes	44.9	137.3	20506	20827	9253	6579	0	44211	2790	199	78	5103	69	4
September 22, 2006 9:43:00 AM UTC	1158946980000	1	0	yes	45.0	137.6	20506	20827	9245	6630	0	44168	2763	201	84	5104	65	2
September 22, 2006 9:44:00 AM UTC	1158947040000	1	0	yes	45.2	137.9	20506	20827	9244	6631	0	44168	2756	143	72	5119	33	4
September 22, 2006 9:45:00 AM UTC	1158947100000	1	0	yes	45.3	138.2	20506	20827	9251	6583	0	44209	2783	161	84	5139	53	4
September 22, 2006 9:46:00 AM UTC	1158947160000	1	0	yes	45.4	138.5	20506	20827	9247	6566	0	44230	2772	226	76	5145	63	2
September 22, 2006 9:47:00 AM UTC	1158947220000	1	0	yes	45.6	138.8	20506	20827	9253	6522	0	44268	2798	236	72	5165	62	2
September 22, 2006 9:48:00 AM UTC	1158947280000	1	0	yes	45.7	139.1	20506	20827	9253	6522	0	44268	2801	267	82	5175	83	3
September 22, 2006 9:49:00 AM UTC	1158947340000	1	0	yes	45.8	139.5	20506	20827	9244	6574	0	44225	2772	148	81	5173	42	6
September 22, 2006 9:50:00 AM UTC	1158947400000	1	0	yes	46.0	139.8	20506	20827	9245	6590	0	44208	2773	169	89	5181	45	2
September 22, 2006 9:51:00 AM UTC	1158947460000	1	0	yes	46.1	140.1	20506	20827	9254	6530	0	44259	2803	213	91	5200	69	3
September 22, 2006 9:52:00 AM UTC	1158947520000	1	0	yes	46.2	140.4	20506	20827	9253	6541	0	44249	2795	251	85	5211	79	1
September 22, 2006 9:53:00 AM UTC	1158947580000	1	0	yes	46.3	140.7	20506	20827	9247	6586	0	44210	2770	153	89	5207	50	0
September 22, 2006 9:54:00 AM UTC	1158947640000	1	0	yes	46.5	141.0	20506	20827	9254	6541	0	44248	2787	164	101	5234	65	5
September 22, 2006 9:55:00 AM UTC	1158947700000	1	0	yes	46.6	141.3	20506	20827	9254	6541	0	44248	2794	202	89	5239	71	3
September 22, 2006 9:56:00 AM UTC	1158947760000	1	0	yes	46.7	141.6	20506	20827	9244	6594	0	44205	2761	211	90	5242	82	1
September 22, 2006 9:57:00 AM UTC	1158947820000	1	0	yes	46.8	141.9	20506	20827	9259	6497	0	44287	2815	147	91	5273	49	0
September 22, 2006 9:58:00 AM UTC	1158947880000	1	0	yes	47.0	142.3	20506	20827	9251	6570	0	44222	2779	163	81	5270	64	0
September 22, 2006 9:59:00 AM UTC	1158947940000	1	0	yes	47.1	142.6	20506	20827	9250	6571	0	44222	2776	182	83	5280	75	0
September 22, 2006 10:00:00 AM UTC	1158948000000	1	0	yes	47.2	142.9	20506	20827	9250	6571	0	44222	2774	199	95	5290	92	1
September 22, 2006 10:01:00 AM UTC	1158948060000	1	0	yes	47.3	143.2	20506	20827	9250	6571	0	44222	2768	133	73	5303	49	3
September 22, 2006 10:02:00 AM UTC	1158948120000	1	0	yes	47.5	143.6	20506	20827	9249	6571	0	44223	2772	161	75	5312	63	7
September 22, 2006 10:03:00 AM UTC	1158948180000	1	0	yes	47.6	143.9	20506	20827	9250	6570	0	44223	2767	183	86	5322	86	3
September 22, 2006 10:04:00 AM UTC	1158948240000	1	0	yes	47.7	144.2	20506	20827	9249	6570	0	44224	2770	220	81	5333	97	0
September 22, 2006 10:05:00 AM UTC	1158948300000	1	0	yes	47.8	144.5	20506	20827	9256	6528	0	44259	2792	147	72	5334	51	0
September 22, 2006 10:06:00 AM UTC	1158948360000	1	0	yes	47.9	144.9	20506	20827	9247	6610	0	44186	2761	134	70	5350	67	2
September 22, 2006 10:07:00 AM UTC	1158948420000	1	0	yes	48.0	145.2	20506	20827	9247	6610	0	44186	2760	151	77	5342	74	0
September 22, 2006 10:08:00 AM UTC	1158948480000	1	0	yes	48.1	145.5	20506	20827	9247	6610	0	44186	2767	216	71	5356	96	1
September 22, 2006 10:09:00 AM UTC	1158948540000	1	0	yes	48.3	145.9	20506	20827	9239	6672	0	44132	2722	131	73	5357	49	0
September 22, 2006 10:10:00 AM UTC	1158948600000	1	0	yes	48.4	146.2	20506	20827	9255	6512	0	44276	2800	174	75	5376	70	2
September 22, 2006 10:11:00 AM UTC	1158948660000	1	0	yes	48.5	146.5	20506	20827	9255	6512	0	44276	2792	230	80	5392	90	3
September 22, 2006 10:12:00 AM UTC	1158948720000	1	0	yes	48.6	146.9	20506	20827	9246	6569	0	44228	2768	132	75	5380	49	2
September 22, 2006 10:13:00 AM UTC	1158948780000	1	0	yes	48.7	147.2	20506	20827	9252	6519	0	44272	2801	160	86	5400	63	3
September 22, 2006 10:14:00 AM UTC	1158948840000	1	0	yes	48.8	147.6	20506	20827	9245	6598	0	44200	2757	167	80	5395	71	1
September 22, 2006 10:15:00 AM UTC	1158948900000	1	0	yes	48.9	147.9	20506	20827	9251	6561	0	44231	2775	173	64	5416	90	0
September 22, 2006 10:16:00 AM UTC	1158948960000	1	0	yes	49.0	148.3	20506	20827	9247	6599	0	44197	2754	115	81	5417	46	1
September 22, 2006 10:17:00 AM UTC	1158949020000	1	0	yes	49.1	148.6	20506	20827	9252	6561	0	44230	2777	151	84	5432	77	3
September 22, 2006 10:18:00 AM UTC	1158949080000	1	0	yes	49.2	148.9	20506	20827	9252	6560	0	44231	2762	174	100	5447	90	0
September 22, 2006 10:19:00 AM UTC	1158949140000	1	0	yes	49.3	149.3	20506	20827	9243	6618	0	44182	2745	210	84	5435	97	0
September 22, 2006 10:20:00 AM UTC	1158949200000	1	0	yes	49.4	149.6	20506	20827	9248	6555	0	44240	2768	132	72	5454	67	4
September 22, 2006 10:21:00 AM UTC	1158949260000	1	0	yes	49.5	150.0	20506	20827	9256	6557	0	44230	2772	141	73	5474	75	1
September 22, 2006 10:22:00 AM UTC	1158949320000	1	0	yes	49.6	150.4	20506	20827	9256	6558	0	44229	2769	180	63	5483	104	5
September 22, 2006 10:23:00 AM UTC	1158949380000	1	0	yes	49.7	150.7	20506	20827	9247	6618	0	44178	2739	189	69	5482	99	4
September 22, 2006 10:24:00 AM UTC	1158949440000	1	0	yes	49.8	151.1	20506	20827	9253	6583	0	44207	2761	130	64	5487	66	6
September 22, 2006 10:25:00 AM UTC	1158949500000	1	0	yes	49.9	151.4	20506	20827	9247	6617	0	44179	2745	157	76	5486	81	6
September 22, 2006 10:26:00 AM UTC	1158949560000	1	0	yes	50.0	151.8	20506	20827	9251	6583	0	44209	2765	207	75	5500	105	4
September 22, 2006 10:27:00 AM UTC	1158949620000	1	0	yes	50.1	152.1	20506	20827	9245	6569	0	44229	2771	112	75	5492	52	2
September 22, 2006 10:28:00 AM UTC	1158949680000	1	0	yes	50.2	152.5	20506	20827	9244	6637	0	44162	2737	155	65	5494	78	2
September 22, 2006 10:29:00 AM UTC	1158949740000	1	0	yes	50.3	152.9	20506	20827	9244	6636	0	44163	2738	174	77	5505	97	3
September 22, 2006 10:30:00 AM UTC	1158949800000	1	0	yes	50.4	153.2	20506	20827	9258	6543	0	44242	2783	114	63	5532	59	1
September 22, 2006 10:31:00 AM UTC	1158949860000	1	0	yes	50.5	153.6	20506	20827	9253	6573	0	44217	2766	146	71	5530	73	1
September 22, 2006 10:32:00 AM UTC	1158949920000	1	0	yes	50.6	154.0	20506	20827	9248	6604	0	44191	2745	152	74	5530	83	1
September 22, 2006 10:33:00 AM UTC	1158949980000	1	0	yes	50.7	154.3	20506	20827	9248	6604	0	44191	2741	178	68	5538	103	1
September 22, 2006 10:34:00 AM UTC	1158950040000	1	0	yes	50.7	154.7	20506	20827	9252	6552	0	44239	2776	114	82	5554	64	3
September 22, 2006 10:35:00 AM UTC	1158950100000	1	0	yes	50.8	155.1	20506	20827	9247	6582	0	44214	2759	152	73	5554	90	2
September 22, 2006 10:36:00 AM UTC	1158950160000	1	0	yes	50.9	155.5	20506	20827	9250	6618	0	44175	2744	152	70	5561	105	3
September 22, 2006 10:37:00 AM UTC	1158950220000	1	0	yes	51.0	155.8	20506	20827	9245	6652	0	44146	2719	89	59	5561	50	0
September 22, 2006 10:38:00 AM UTC	1158950280000	1	0	yes	51.1	156.2	20506	20827	9240	6681	0	44122	2716	119	66	5558	71	1
September 22, 2006 10:39:00 AM UTC	1158950340000	1	0	yes	51.2	156.6	20506	20827	9245	6650	0	44148	2722	137	70	5572	97	3
September 22, 2006 10:40:00 AM UTC	1158950400000	1	0	yes	51.2	157.0	20506	20827	9245	6609	0	44189	2746	198	76	5576	120	2
September 22, 2006 10:41:00 AM UTC	1158950460000	1	0	yes	51.3	157.3	20506	20827	9246	6587	0	44210	2753	130	69	5587	80	8
September 22, 2006 10:42:00 AM UTC	1158950520000	1	0	yes	51.4	157.7	20506	20827	9244	6592	0	44207	2754	174	60	5590	103	6
September 22, 2006 10:43:00 AM UTC	1158950580000	1	0	yes	51.5	158.1	20506	20827	9243	6657	0	44143	2725	182	60	5591	106	7
September 22, 2006 10:44:00 AM UTC	1158950640000	1	0	yes	51.5	158.5	20506	20827	9239	6696	0	44108	2700	97	57	5586	58	2
September 22, 2006 10:45:00 AM UTC	1158950700000	1	0	yes	51.6	158.9	20506	20827	9238	6697	0	44108	2698	120	51	5589	77	7
September 22, 2006 10:46:00 AM UTC	1158950760000	1	0	yes	51.7	159.3	20506	20827	9242	6593	0	44208	2746	162	54	5608	104	5
September 22, 2006 10:47:00 AM UTC	1158950820000	1	0	yes	51.8	159.7	20506	20827	9239	6604	0	44200	2744	87	58	5608	60	2
September 22, 2006 10:48:00 AM UTC	1158950880000	1	0	yes	51.8	160.0	20506	20827	9243	6578	0	44222	2758	123	58	5614	88	4
September 22, 2006 10:49:00 AM UTC	1158950940000	1	0	yes	51.9	160.4	20506	20827	9243	6579	0	44221	2761	153	68	5620	102	4
September 22, 2006 10:50:00 AM UTC	1158951000000	1	0	yes	52.0	160.8	20506	20827	9246	6555	0	44242	2767	198	54	5635	130	2
September 22, 2006 10:51:00 AM UTC	1158951060000	1	0	yes	52.0	161.2	20506	20827	9242	6649	0	44152	2728	108	53	5623	79	4
September 22, 2006 10:52:00 AM UTC	1158951120000	1	0	yes	52.1	161.6	20506	20827	9246	6589	0	44208	2746	146	64	5635	108	3
September 22, 2006 10:53:00 AM UTC	1158951180000	1	0	yes	52.1	162.0	20506	20827	9246	6589	0	44208	2750	178	65	5639	129	0
September 22, 2006 10:54:00 AM UTC	1158951240000	1	0	yes	52.2	162.4	20506	20827	9246	6578	0	44219	2759	121	55	5637	80	10
September 22, 2006 10:55:00 AM UTC	1158951300000	1	0	yes	52.3	162.8	20506	20827	9250	6556	0	44237	2769	149	64	5656	106	4
September 22, 2006 10:56:00 AM UTC	1158951360000	1	0	yes	52.3	163.2	20506	20827	9250	6556	0	44237	2766	179	61	5656	124	2
September 22, 2006 10:57:00 AM UTC	1158951420000	1	0	yes	52.4	163.6	20506	20827	9250	6556	0	44237	2769	123	56	5662	85	0
September 22, 2006 10:58:00 AM UTC	1158951480000	1	0	yes	52.4	164.0	20506	20827	9241	6622	0	44180	2731	127	58	5643	85	2
September 22, 2006 10:59:00 AM UTC	1158951540000	1	0	yes	52.5	164.4	20506	20827	9243	6673	0	44127	2712	135	56	5651	107	1
September 22, 2006 11:00:00 AM UTC	1158951600000	1	0	yes	52.5	164.8	20506	20827	9242	6675	0	44126	2707	85	47	5654	58	2
September 22, 2006 11:01:00 AM UTC	1158951660000	1	0	yes	52.6	165.2	20506	20827	9243	6636	0	44164	2730	118	48	5659	81	0
September 22, 2006 11:02:00 AM UTC	1158951720000	1	0	yes	52.7	165.6	20506	20827	9245	6618	0	44180	2739	154	57	5664	110	2
September 22, 2006 11:03:00 AM UTC	1158951780000	1	0	yes	52.7	166.0	20506	20827	9245	6618	0	44180	2740	100	50	5670	62	3
September 22, 2006 11:04:00 AM UTC	1158951840000	1	0	yes	52.7	166.4	20506	20827	9245	6618	0	44180	2740	115	56	5673	85	4
September 22, 2006 11:05:00 AM UTC	1158951900000	1	0	yes	52.8	166.8	20506	20827	9246	6617	0	44180	2732	147	63	5674	102	3
September 22, 2006 11:06:00 AM UTC	1158951960000	1	0	yes	52.8	167.2	20506	20827	9246	6611	0	44186	2737	72	41	5679	46	6
September 22, 2006 11:07:00 AM UTC	1158952020000	1	0	yes	52.9	167.6	20506	20827	9247	6591	0	44205	2747	94	41	5688	75	4
September 22, 2006 11:08:00 AM UTC	1158952080000	1	0	yes	52.9	168.0	20506	20827	9235	6663	0	44145	2720	112	55	5667	96	3
September 22, 2006 11:09:00 AM UTC	1158952140000	1	0	yes	53.0	168.4	20506	20827	9237	6654	0	44152	2713	72	42	5665	54	2
September 22, 2006 11:10:00 AM UTC	1158952200000	1	0	yes	53.0	168.9	20506	20827	9237	6617	0	44189	2738	104	44	5666	77	4
September 22, 2006 11:11:00 AM UTC	1158952260000	1	0	yes	53.0	169.3	20506	20827	9241	6619	0	44183	2725	125	45	5683	98	1
September 22, 2006 11:12:00 AM UTC	1158952320000	1	0	yes	53.1	169.7	20506	20827	9238	6617	0	44188	2737	75	38	5684	51	5
September 22, 2006 11:13:00 AM UTC	1158952380000	1	0	yes	53.1	170.1	20506	20827	9250	6544	0	44249	2763	128	46	5706	90	0
September 22, 2006 11:14:00 AM UTC	1158952440000	1	0	yes	53.1	170.5	20506	20827	9252	6537	0	44254	2778	144	64	5712	118	0
September 22, 2006 11:15:00 AM UTC	1158952500000	1	0	yes	53.2	170.9	20506	20827	9250	6609	0	44184	2737	74	37	5706	60	0
September 22, 2006 11:16:00 AM UTC	1158952560000	1	0	yes	53.2	171.3	20506	20827	9251	6614	0	44178	2736	109	43	5707	79	0
September 22, 2006 11:17:00 AM UTC	1158952620000	1	0	yes	53.2	171.7	20506	20827	9253	6601	0	44189	2741	136	44	5712	100	2
September 22, 2006 11:18:00 AM UTC	1158952680000	1	0	yes	53.3	172.2	20506	20827	9254	6599	0	44190	2741	82	30	5715	54	3
September 22, 2006 11:19:00 AM UTC	1158952740000	1	0	yes	53.3	172.6	20506	20827	9256	6578	0	44209	2749	106	44	5715	77	3
September 22, 2006 11:20:00 AM UTC	1158952800000	1	0	yes	53.3	173.0	20506	20827	9247	6561	0	44235	2759	126	49	5705	95	3
September 22, 2006 11:21:00 AM UTC	1158952860000	1	0	yes	53.3	173.4	20506	20827	9248	6564	0	44231	2761	90	30	5702	57	1
September 22, 2006 11:22:00 AM UTC	1158952920000	1	0	yes	53.4	173.8	20506	20827	9248	6560	0	44235	2764	123	36	5709	78	4
September 22, 2006 11:23:00 AM UTC	1158952980000	1	0	yes	53.4	174.2	20506	20827	9247	6639	0	44157	2728	113	29	5699	91	1
September 22, 2006 11:24:00 AM UTC	1158953040000	1	0	yes	53.4	174.7	20506	20827	9248	6633	0	44162	2728	76	33	5704	42	0
September 22, 2006 11:25:00 AM UTC	1158953100000	1	0	yes	53.4	175.1	20506	20827	9247	6633	0	44163	2725	87	40	5705	73	3
September 22, 2006 11:26:00 AM UTC	1158953160000	1	0	yes	53.4	175.5	20506	20827	9247	6611	0	44185	2734	116	40	5708	92	0
September 22, 2006 11:27:00 AM UTC	1158953220000	1	0	yes	53.5	175.9	20506	20827	9248	6613	0	44182	2729	58	31	5712	49	4
September 22, 2006 11:28:00 AM UTC	1158953280000	1	0	yes	53.5	176.3	20506	20827	9247	6619	0	44177	2738	85	35	5706	69	7
September 22, 2006 11:29:00 AM UTC	1158953340000	1	0	yes	53.5	176.8	20506	20827	9246	6616	0	44181	2730	137	44	5717	115	5
September 22, 2006 11:30:00 AM UTC	1158953400000	1	0	yes	53.5	177.2	20506	20827	9247	6615	0	44181	2740	93	25	5713	65	5
September 22, 2006 11:31:00 AM UTC	1158953460000	1	0	yes	53.5	177.6	20506	20827	9248	6614	0	44181	2732	104	43	5714	83	8
September 22, 2006 11:32:00 AM UTC	1158953520000	1	0	yes	53.5	178.0	20506	20827	9249	6612	0	44182	2734	101	34	5719	102	8
September 22, 2006 11:33:00 AM UTC	1158953580000	1	0	yes	53.5	178.4	20506	20827	9250	6611	0	44182	2738	59	22	5709	45	6
September 22, 2006 11:34:00 AM UTC	1158953640000	1	0	yes	53.5	178.9	20506	20827	9250	6591	0	44202	2738	83	24	5718	65	9
September 22, 2006 11:35:00 AM UTC	1158953700000	1	0	yes	53.5	179.3	20506	20827	9249	6592	0	44202	2740	95	37	5714	89	8
September 22, 2006 11:36:00 AM UTC	1158953760000	1	0	yes	53.5	179.7	20506	20827	9249	6592	0	44202	2739	68	11	5719	55	16
September 22, 2006 11:37:00 AM UTC	1158953820000	1	0	yes	53.5	180.1	20506	20827	9249	6592	0	44202	2736	97	34	5720	84	10
September 22, 2006 11:38:00 AM UTC	1158953880000	1	0	yes	53.5	180.5	20506	20827	9249	6592	0	44202	2740	113	24	5710	84	0
September 22, 2006 11:39:00 AM UTC	1158953940000	1	0	yes	53.5	181.0	20506	20827	9250	6591	0	44202	2738	61	30	5720	43	0
September 22, 2006 11:40:00 AM UTC	1158954000000	1	0	yes	53.5	181.4	20506	20827	9250	6593	0	44200	2732	83	37	5712	66	0
September 22, 2006 11:41:00 AM UTC	1158954060000	1	0	yes	53.5	181.8	20506	20827	9249	6610	0	44184	2740	132	26	5712	80	0
September 22, 2006 11:42:00 AM UTC	1158954120000	1	0	yes	53.5	182.2	20506	20827	9248	6612	0	44183	2733	26	15	5715	43	0
September 22, 2006 11:43:00 AM UTC	1158954180000	1	0	yes	53.5	182.6	20506	20827	9247	6613	0	44183	2740	45	25	5711	57	0
September 22, 2006 11:44:00 AM UTC	1158954240000	1	0	yes	53.5	183.1	20506	20827	9246	6614	0	44183	2732	71	28	5715	91	0
September 22, 2006 11:45:00 AM UTC	1158954300000	1	0	yes	53.5	183.5	20506	20827	9247	6613	0	44183	2738	45	15	5709	47	1
September 22, 2006 11:46:00 AM UTC	1158954360000	1	0	yes	53.5	183.9	20506	20827	9247	6617	0	44179	2738	58	23	5707	66	2
September 22, 2006 11:47:00 AM UTC	1158954420000	1	0	yes	53.4	184.3	20506	20827	9247	6622	0	44174	2728	84	27	5706	91	0
September 22, 2006 11:48:00 AM UTC	1158954480000	1	0	yes	53.4	184.7	20506	20827	9247	6622	0	44174	2736	48	17	5706	37	8
September 22, 2006 11:49:00 AM UTC	1158954540000	1	0	yes	53.4	185.2	20506	20827	9257	6559	0	44227	2753	89	31	5727	79	10
September 22, 2006 11:50:00 AM UTC	1158954600000	1	0	yes	53.4	185.6	20506	20827	9256	6566	0	44221	2762	126	29	5721	90	0
September 22, 2006 11:51:00 AM UTC	1158954660000	1	0	yes	53.4	186.0	20506	20827	9248	6563	0	44232	2751	65	18	5705	54	8
September 22, 2006 11:52:00 AM UTC	1158954720000	1	0	yes	53.3	186.4	20506	20827	9248	6557	0	44238	2771	86	34	5706	72	6
September 22, 2006 11:53:00 AM UTC	1158954780000	1	0	yes	53.3	186.8	20506	20827	9247	6562	0	44234	2760	96	38	5702	90	3
September 22, 2006 11:54:00 AM UTC	1158954840000	1	0	yes	53.3	187.2	20506	20827	9245	6641	0	44157	2717	31	27	5692	39	5
September 22, 2006 11:55:00 AM UTC	1158954900000	1	0	yes	53.3	187.7	20506	20827	9244	6641	0	44158	2719	52	30	5691	39	0
September 22, 2006 11:56:00 AM UTC	1158954960000	1	0	yes	53.2	188.1	20506	20827	9244	6666	0	44133	2710	73	32	5694	69	1
September 22, 2006 11:57:00 AM UTC	1158955020000	1	0	yes	53.2	188.5	20506	20827	9242	6672	0	44129	2709	35	26	5691	28	0
September 22, 2006 11:58:00 AM UTC	1158955080000	1	0	yes	53.2	188.9	20506	20827	9241	6677	0	44125	2707	53	25	5685	39	0
September 22, 2006 11:59:00 AM UTC	1158955140000	1	0	yes	53.1	189.3	20506	20827	9252	6609	0	44182	2747	91	40	5705	87	0
September 22, 2006 12:00:00 PM UTC	1158955200000	1	0	yes	53.1	189.7	20506	20827	9251	6533	0	44259	2778	47	27	5708	44	0
September 22, 2006 12:01:00 PM UTC	1158955260000	1	0	yes	53.1	190.1	20506	20827	9249	6546	0	44248	2767	57	31	5700	57	0
September 22, 2006 12:02:00 PM UTC	1158955320000	1	0	yes	53.0	190.6	20506	20827	9249	6546	0	44248	2762	86	35	5700	77	0
September 22, 2006 12:03:00 PM UTC	1158955380000	1	0	yes	53.0	191.0	20506	20827	9249	6546	0	44248	2765	35	23	5699	31	0
September 22, 2006 12:04:00 PM UTC	1158955440000	1	0	yes	53.0	191.4	20506	20827	9246	6588	0	44209	2752	57	26	5695	47	0
September 22, 2006 12:05:00 PM UTC	1158955500000	1	0	yes	52.9	191.8	20506	20827	9247	6588	0	44208	2754	75	35	5694	69	0
September 22, 2006 12:06:00 PM UTC	1158955560000	1	0	yes	52.9	192.2	20506	20827	9247	6588	0	44208	2753	28	20	5686	25	4
September 22, 2006 12:07:00 PM UTC	1158955620000	1	0	yes	52.8	192.6	20506	20827	9245	6606	0	44192	2737	40	23	5680	33	1
September 22, 2006 12:08:00 PM UTC	1158955680000	1	0	yes	52.8	193.0	20506	20827	9245	6612	0	44186	2736	42	20	5678	54	1
September 22, 2006 12:09:00 PM UTC	1158955740000	1	0	yes	52.7	193.4	20506	20827	9246	6612	0	44185	2736	9	19	5672	15	0
September 22, 2006 12:10:00 PM UTC	1158955800000	1	0	yes	52.7	193.8	20506	20827	9245	6613	0	44185	2732	34	22	5671	26	0
September 22, 2006 12:11:00 PM UTC	1158955860000	1	0	yes	52.7	194.2	20506	20827	9245	6613	0	44185	2735	56	28	5664	52	0
September 22, 2006 12:12:00 PM UTC	1158955920000	1	0	yes	52.6	194.6	20506	20827	9242	6631	0	44170	2726	16	17	5659	13	0
September 22, 2006 12:13:00 PM UTC	1158955980000	1	0	yes	52.6	195.0	20506	20827	9252	6597	0	44194	2743	51	18	5675	37	0
September 22, 2006 12:14:00 PM UTC	1158956040000	1	0	yes	52.5	195.4	20506	20827	9252	6603	0	44188	2743	62	28	5668	49	0
September 22, 2006 12:15:00 PM UTC	1158956100000	1	0	yes	52.4	195.8	20506	20827	9249	6623	0	44171	2727	81	26	5657	70	0
September 22, 2006 12:16:00 PM UTC	1158956160000	1	0	yes	52.4	196.2	20506	20827	9250	6551	0	44242	2772	31	24	5661	30	0
September 22, 2006 12:17:00 PM UTC	1158956220000	1	0	yes	52.3	196.6	20506	20827	9250	6551	0	44242	2760	56	33	5660	53	0
September 22, 2006 12:18:00 PM UTC	1158956280000	1	0	yes	52.3	197.0	20506	20827	9250	6551	0	44242	2766	69	42	5656	68	0
September 22, 2006 12:19:00 PM UTC	1158956340000	1	0	yes	52.2	197.4	20506	20827	9250	6551	0	44242	2761	28	19	5652	22	0
September 22, 2006 12:20:00 PM UTC	1158956400000	1	0	yes	52.2	197.8	20506	20827	9246	6584	0	44213	2747	29	25	5638	36	0
September 22, 2006 12:21:00 PM UTC	1158956460000	1	0	yes	52.1	198.2	20506	20827	9246	6584	0	44213	2743	60	35	5638	59	0
September 22, 2006 12:22:00 PM UTC	1158956520000	1	0	yes	52.0	198.6	20506	20827	9243	6608	0	44192	2732	19	20	5624	16	0
September 22, 2006 12:23:00 PM UTC	1158956580000	1	0	yes	52.0	199.0	20506	20827	9245	6621	0	44177	2737	34	37	5626	36	0
September 22, 2006 12:24:00 PM UTC	1158956640000	1	0	yes	51.9	199.4	20506	20827	9243	6573	0	44227	2758	63	34	5623	50	0
September 22, 2006 12:25:00 PM UTC	1158956700000	1	0	yes	51.8	199.8	20506	20827	9243	6576	0	44224	2755	21	21	5616	18	0
September 22, 2006 12:26:00 PM UTC	1158956760000	1	0	yes	51.8	200.2	20506	20827	9253	6509	0	44281	2792	33	27	5632	29	0
September 22, 2006 12:27:00 PM UTC	1158956820000	1	0	yes	51.7	200.6	20506	20827	9249	6549	0	44245	2770	48	32	5618	40	0
September 22, 2006 12:28:00 PM UTC	1158956880000	1	0	yes	51.6	200.9	20506	20827	9251	6601	0	44191	2741	8	10	5615	13	0
September 22, 2006 12:29:00 PM UTC	1158956940000	1	0	yes	51.5	201.3	20506	20827	9249	6627	0	44167	2735	18	19	5603	13	0
September 22, 2006 12:30:00 PM UTC	1158957000000	1	0	yes	51.5	201.7	20506	20827	9247	6628	0	44168	2725	30	24	5598	23	0
September 22, 2006 12:31:00 PM UTC	1158957060000	1	0	yes	51.4	202.1	20506	20827	9244	6586	0	44213	2759	5	8	5588	3	0
September 22, 2006 12:32:00 PM UTC	1158957120000	1	0	yes	51.3	202.5	20506	20827	9250	6558	0	44235	2761	15	24	5595	14	0
September 22, 2006 12:33:00 PM UTC	1158957180000	1	0	yes	51.2	202.9	20506	20827	9246	6592	0	44205	2755	26	21	5576	21	0
September 22, 2006 12:34:00 PM UTC	1158957240000	1	0	yes	51.2	203.2	20506	20827	9255	6582	0	44206	2755	37	31	5587	33	0
September 22, 2006 12:35:00 PM UTC	1158957300000	1	0	yes	51.1	203.6	20506	20827	9250	6609	0	44184	2748	7	12	5576	12	0
September 22, 2006 12:36:00 PM UTC	1158957360000	1	0	yes	51.0	204.0	20506	20827	9254	6586	0	44203	2756	15	23	5577	19	0
September 22, 2006 12:37:00 PM UTC	1158957420000	1	0	yes	50.9	204.4	20506	20827	9250	6612	0	44181	2750	34	25	5561	30	0
September 22, 2006 12:38:00 PM UTC	1158957480000	1	0	yes	50.8	204.7	20506	20827	9252	6612	0	44179	2746	54	36	5555	52	0
September 22, 2006 12:39:00 PM UTC	1158957540000	1	0	yes	50.8	205.1	20506	20827	9237	6638	0	44168	2729	10	13	5530	10	0
September 22, 2006 12:40:00 PM UTC	1158957600000	1	0	yes	50.7	205.5	20506	20827	9252	6568	0	44223	2766	8	22	5548	16	0
September 22, 2006 12:41:00 PM UTC	1158957660000	1	0	yes	50.6	205.9	20506	20827	9248	6598	0	44197	2743	20	30	5530	21	0
September 22, 2006 12:42:00 PM UTC	1158957720000	1	0	yes	50.5	206.2	20506	20827	9248	6598	0	44197	2756	3	3	5523	4	0
September 22, 2006 12:43:00 PM UTC	1158957780000	1	0	yes	50.4	206.6	20506	20827	9248	6598	0	44197	2744	11	15	5521	15	0
September 22, 2006 12:44:00 PM UTC	1158957840000	1	0	yes	50.3	207.0	20506	20827	9249	6597	0	44197	2754	25	27	5510	28	0
September 22, 2006 12:45:00 PM UTC	1158957900000	1	0	yes	50.2	207.3	20506	20827	9252	6566	0	44225	2765	39	34	5514	32	0
September 22, 2006 12:46:00 PM UTC	1158957960000	1	0	yes	50.1	207.7	20506	20827	9259	6469	0	44315	2819	7	14	5520	9	0
September 22, 2006 12:47:00 PM UTC	1158958020000	1	0	yes	50.0	208.0	20506	20827	9251	6576	0	44216	2761	9	19	5498	20	0
September 22, 2006 12:48:00 PM UTC	1158958080000	1	0	yes	49.9	208.4	20506	20827	9251	6574	0	44218	2765	19	26	5496	25	0
September 22, 2006 12:49:00 PM UTC	1158958140000	1	0	yes	49.8	208.8	20506	20827	9253	6576	0	44214	2765	3	8	5487	5	0
September 22, 2006 12:50:00 PM UTC	1158958200000	1	0	yes	49.7	209.1	20506	20827	9247	6611	0	44185	2745	3	7	5471	5	0
September 22, 2006 12:51:00 PM UTC	1158958260000	1	0	yes	49.6	209.5	20506	20827	9247	6611	0	44185	2743	4	15	5471	12	0
September 22, 2006 12:52:00 PM UTC	1158958320000	1	0	yes	49.5	209.8	20506	20827	9248	6610	0	44185	2743	22	24	5461	27	0
September 22, 2006 12:53:00 PM UTC	1158958380000	1	0	yes	49.4	210.2	20506	20827	9248	6547	0	44248	2772	3	5	5457	2	0
September 22, 2006 12:54:00 PM UTC	1158958440000	1	0	yes	49.3	210.5	20506	20827	9252	6552	0	44239	2766	4	15	5451	9	0
September 22, 2006 12:55:00 PM UTC	1158958500000	1	0	yes	49.2	210.9	20506	20827	9257	6515	0	44271	2791	22	19	5456	17	0
September 22, 2006 12:56:00 PM UTC	1158958560000	1	0	yes	49.1	211.2	20506	20827	9252	6553	0	44238	2773	27	23	5431	22	0
September 22, 2006 12:57:00 PM UTC	1158958620000	1	0	yes	49.0	211.6	20506	20827	9252	6553	0	44238	2778	1	2	5426	0	0
September 22, 2006 12:58:00 PM UTC	1158958680000	1	0	yes	48.9	211.9	20506	20827	9252	6553	0	44238	2773	4	15	5416	11	0
September 22, 2006 12:59:00 PM UTC	1158958740000	1	0	yes	48.8	212.3	20506	20827	9251	6553	0	44239	2776	11	20	5408	12	0
September 22, 2006 1:00:00 PM UTC	1158958800000	1	0	yes	48.7	212.6	20506	20827	9245	6611	0	44187	2743	21	26	5391	15	0
September 22, 2006 1:01:00 PM UTC	1158958860000	1	0	yes	48.6	212.9	20506	20827	9255	6503	0	44285	2797	2	8	5398	6	0
September 22, 2006 1:02:00 PM UTC	1158958920000	1	0	yes	48.5	213.3	20506	20827	9246	6560	0	44237	2763	2	8	5375	8	0
September 22, 2006 1:03:00 PM UTC	1158958980000	1	0	yes	48.4	213.6	20506	20827	9240	6606	0	44197	2744	5	15	5360	11	0
September 22, 2006 1:04:00 PM UTC	1158959040000	1	0	yes	48.3	214.0	20506	20827	9255	6549	0	44239	2778	29	27	5374	22	0
September 22, 2006 1:05:00 PM UTC	1158959100000	1	0	yes	48.2	214.3	20506	20827	9247	6596	0	44200	2753	0	7	5353	4	0
September 22, 2006 1:06:00 PM UTC	1158959160000	1	0	yes	48.0	214.6	20506	20827	9254	6554	0	44235	2782	7	15	5362	9	0
September 22, 2006 1:07:00 PM UTC	1158959220000	1	0	yes	47.9	215.0	20506	20827	9247	6596	0	44200	2763	3	20	5325	8	0
September 22, 2006 1:08:00 PM UTC	1158959280000	1	0	yes	47.8	215.3	20506	20827	9240	6638	0	44165	2740	13	30	5321	12	0
September 22, 2006 1:09:00 PM UTC	1158959340000	1	0	yes	47.7	215.6	20506	20827	9256	6519	0	44268	2801	1	8	5348	1	0
September 22, 2006 1:10:00 PM UTC	1158959400000	1	0	yes	47.6	215.9	20506	20827	9250	6561	0	44232	2770	1	11	5315	8	0
September 22, 2006 1:11:00 PM UTC	1158959460000	1	0	yes	47.5	216.3	20506	20827	9246	6573	0	44224	2767	4	19	5316	9	0
September 22, 2006 1:12:00 PM UTC	1158959520000	1	0	yes	47.3	216.6	20506	20827	9249	6562	0	44232	2765	1	6	5308	1	0
September 22, 2006 1:13:00 PM UTC	1158959580000	1	0	yes	47.2	216.9	20506	20827	9250	6562	0	44231	2777	1	7	5291	1	0
September 22, 2006 1:14:00 PM UTC	1158959640000	1	0	yes	47.1	217.2	20506	20827	9250	6562	0	44231	2780	6	18	5276	9	0
September 22, 2006 1:15:00 PM UTC	1158959700000	1	0	yes	47.0	217.6	20506	20827	9243	6605	0	44195	2754	5	15	5265	8	0
September 22, 2006 1:16:00 PM UTC	1158959760000	1	0	yes	46.9	217.9	20506	20827	9251	6542	0	44250	2792	0	2	5258	0	0
September 22, 2006 1:17:00 PM UTC	1158959820000	1	0	yes	46.7	218.2	20506	20827	9253	6532	0	44258	2788	3	8	5255	3	0
September 22, 2006 1:18:00 PM UTC	1158959880000	1	0	yes	46.6	218.5	20506	20827	9253	6532	0	44258	2798	5	16	5241	7	0
September 22, 2006 1:19:00 PM UTC	1158959940000	1	0	yes	46.5	218.8	20506	20827	9254	6532	0	44257	2785	4	22	5231	8	0
September 22, 2006 1:20:00 PM UTC	1158960000000	1	0	yes	46.4	219.1	20506	20827	9254	6532	0	44257	2795	0	2	5218	0	0
September 22, 2006 1:21:00 PM UTC	1158960060000	1	0	yes	46.2	219.5	20506	20827	9253	6532	0	44258	2790	0	12	5208	4	0
September 22, 2006 1:22:00 PM UTC	1158960120000	1	0	yes	46.1	219.8	20506	20827	9245	6581	0	44217	2771	1	12	5192	4	0
September 22, 2006 1:23:00 PM UTC	1158960180000	1	0	yes	46.0	220.1	20506	20827	9245	6584	0	44214	2769	3	15	5179	6	0
September 22, 2006 1:24:00 PM UTC	1158960240000	1	0	yes	45.8	220.4	20506	20827	9253	6510	0	44280	2806	0	1	5182	0	0
September 22, 2006 1:25:00 PM UTC	1158960300000	1	0	yes	45.7	220.7	20506	20827	9244	6562	0	44237	2775	0	1	5164	0	0
September 22, 2006 1:26:00 PM UTC	1158960360000	1	0	yes	45.6	221.0	20506	20827	9253	6510	0	44280	2803	0	14	5158	2	0
September 22, 2006 1:27:00 PM UTC	1158960420000	1	0	yes	45.4	221.3	20506	20827	9253	6510	0	44280	2795	4	19	5160	1	0
September 22, 2006 1:28:00 PM UTC	1158960480000	1	0	yes	45.3	221.6	20506	20827	9253	6510	0	44280	2804	9	28	5139	8	0
September 22, 2006 1:29:00 PM UTC	1158960540000	1	0	yes	45.2	221.9	20506	20827	9244	6619	0	44180	2757	1	9	5122	0	0
September 22, 2006 1:30:00 PM UTC	1158960600000	1	0	yes	45.0	222.2	20506	20827	9251	6568	0	44224	2784	2	14	5121	2	0
September 22, 2006 1:31:00 PM UTC	1158960660000	1	0	yes	44.9	222.5	20506	20827	9245	6618	0	44180	2760	5	23	5101	5	0
September 22, 2006 1:32:00 PM UTC	1158960720000	1	0	yes	44.8	222.8	20506	20827	9253	6559	0	44231	2786	3	23	5098	4	0
September 22, 2006 1:33:00 PM UTC	1158960780000	1	0	yes	44.6	223.1	20506	20827	9253	6559	0	44231	2793	0	7	5082	0	0
September 22, 2006 1:34:00 PM UTC	1158960840000	1	0	yes	44.5	223.4	20506	20827	9245	6609	0	44189	2757	0	9	5063	0	0
September 22, 2006 1:35:00 PM UTC	1158960900000	1	0	yes	44.4	223.7	20506	20827	9253	6507	0	44283	2807	8	26	5060	8	0
September 22, 2006 1:36:00 PM UTC	1158960960000	1	0	yes	44.2	224.0	20506	20827	9246	6605	0	44192	2767	10	23	5039	7	0
September 22, 2006 1:37:00 PM UTC	1158961020000	1	0	yes	44.1	224.2	20506	20827	9245	6609	0	44189	2767	0	0	5025	0	0
September 22, 2006 1:38:00 PM UTC	1158961080000	1	0	yes	43.9	224.5	20506	20827	9253	6560	0	44230	2801	1	9	5027	1	0
September 22, 2006 1:39:00 PM UTC	1158961140000	1	0	yes	43.8	224.8	20506	20827	9244	6609	0	44190	2771	1	7	5002	0	0
September 22, 2006 1:40:00 PM UTC	1158961200000	1	0	yes	43.7	225.1	20506	20827	9252	6560	0	44231	2796	8	23	5000	2	0
September 22, 2006 1:41:00 PM UTC	1158961260000	1	0	yes	43.5	225.4	20506	20827	9244	6600	0	44199	2765	0	0	4984	0	0
September 22, 2006 1:42:00 PM UTC	1158961320000	1	0	yes	43.4	225.7	20506	20827	9251	6549	0	44243	2789	0	7	4982	0	0
September 22, 2006 1:43:00 PM UTC	1158961380000	1	0	yes	43.2	225.9	20506	20827	9244	6600	0	44199	2771	1	9	4958	0	0
September 22, 2006 1:44:00 PM UTC	1158961440000	1	0	yes	43.1	226.2	20506	20827	9244	6600	0	44199	2769	2	10	4944	1	0
September 22, 2006 1:45:00 PM UTC	1158961500000	1	0	yes	42.9	226.5	20506	20827	9251	6553	0	44239	2795	8	22	4942	0	0
September 22, 2006 1:46:00 PM UTC	1158961560000	1	0	yes	42.8	226.8	20506	20827	9244	6600	0	44199	2774	0	0	4922	0	0
September 22, 2006 1:47:00 PM UTC	1158961620000	1	0	yes	42.6	227.1	20506	20827	9251	6553	0	44239	2798	1	6	4915	0	0
September 22, 2006 1:48:00 PM UTC	1158961680000	1	0	yes	42.5	227.3	20506	20827	9243	6552	0	44248	2792	6	13	4894	1	0
September 22, 2006 1:49:00 PM UTC	1158961740000	1	0	yes	42.3	227.6	20506	20827	9251	6499	0	44293	2823	7	23	4888	1	0
September 22, 2006 1:50:00 PM UTC	1158961800000	1	0	yes	42.2	227.9	20506	20827	9250	6506	0	44287	2818	0	0	4877	0	1
September 22, 2006 1:51:00 PM UTC	1158961860000	1	0	yes	42.0	228.1	20506	20827	9251	6499	0	44293	2820	1	4	4865	0	0
September 22, 2006 1:52:00 PM UTC	1158961920000	1	0	yes	41.9	228.4	20506	20827	9250	6507	0	44286	2820	3	7	4849	0	0
September 22, 2006 1:53:00 PM UTC	1158961980000	1	0	yes	41.7	228.7	20506	20827	9243	6552	0	44248	2787	2	8	4833	0	1
September 22, 2006 1:54:00 PM UTC	1158962040000	1	0	yes	41.6	228.9	20506	20827	9249	6508	0	44286	2810	12	22	4830	0	1
September 22, 2006 1:55:00 PM UTC	1158962100000	1	0	yes	41.4	229.2	20506	20827	9249	6508	0	44286	2815	0	0	4815	0	0
September 22, 2006 1:56:00 PM UTC	1158962160000	1	0	yes	41.3	229.5	20506	20827	9249	6508	0	44286	2820	0	13	4802	0	0
September 22, 2006 1:57:00 PM UTC	1158962220000	1	0	yes	41.1	229.7	20506	20827	9240	6562	0	44241	2792	0	13	4781	0	1
September 22, 2006 1:58:00 PM UTC	1158962280000	1	0	yes	41.0	230.0	20506	20827	9249	6464	0	44330	2834	3	27	4776	0	2
September 22, 2006 1:59:00 PM UTC	1158962340000	1	0	yes	40.8	230.3	20506	20827	9241	6521	0	44281	2815	4	31	4748	0	2
September 22, 2006 2:00:00 PM UTC	1158962400000	1	0	yes	40.7	230.5	20506	20827	9256	6466	0	44321	2846	0	5	4743	0	1
September 22, 2006 2:01:00 PM UTC	1158962460000	1	0	yes	40.5	230.8	20506	20827	9241	6564	0	44238	2795	0	7	4722	0	3
September 22, 2006 2:02:00 PM UTC	1158962520000	1	0	yes	40.4	231.0	20506	20827	9247	6525	0	44271	2818	0	12	4710	0	4
September 22, 2006 2:03:00 PM UTC	1158962580000	1	0	yes	40.2	231.3	20506	20827	9247	6525	0	44271	2815	5	16	4705	0	1
September 22, 2006 2:04:00 PM UTC	1158962640000	1	0	yes	40.0	231.5	20506	20827	9239	6580	0	44224	2781	6	27	4678	0	0
September 22, 2006 2:05:00 PM UTC	1158962700000	1	0	yes	39.9	231.8	20506	20827	9248	6524	0	44271	2811	0	3	4678	0	2
September 22, 2006 2:06:00 PM UTC	1158962760000	1	0	yes	39.7	232.1	20506	20827	9245	6554	0	44244	2794	0	11	4669	0	1
September 22, 2006 2:07:00 PM UTC	1158962820000	1	0	yes	39.6	232.3	20506	20827	9247	6524	0	44272	2823	2	23	4647	0	3
September 22, 2006 2:08:00 PM UTC	1158962880000	1	0	yes	39.4	232.6	20506	20827	9247	6500	0	44296	2827	6	24	4638	0	3
September 22, 2006 2:09:00 PM UTC	1158962940000	1	0	yes	39.3	232.8	20506	20827	9255	6442	0	44346	2863	10	34	4627	0	3
September 22, 2006 2:10:00 PM UTC	1158963000000	1	0	yes	39.1	233.0	20506	20827	9245	6556	0	44242	2808	0	0	4607	0	4
September 22, 2006 2:11:00 PM UTC	1158963060000	1	0	yes	38.9	233.3	20506	20827	9254	6498	0	44291	2838	0	15	4596	0	4
September 22, 2006 2:12:00 PM UTC	1158963120000	1	0	yes	38.8	233.5	20506	20827	9252	6514	0	44277	2836	1	22	4580	0	3
September 22, 2006 2:13:00 PM UTC	1158963180000	1	0	yes	38.6	233.8	20506	20827	9246	6556	0	44241	2809	1	18	4567	0	5
September 22, 2006 2:14:00 PM UTC	1158963240000	1	0	yes	38.4	234.0	20506	20827	9245	6556	0	44242	2810	1	28	4551	0	2
September 22, 2006 2:15:00 PM UTC	1158963300000	1	0	yes	38.3	234.3	20506	20827	9243	6573	0	44227	2796	0	0	4532	0	2
September 22, 2006 2:16:00 PM UTC	1158963360000	1	0	yes	38.1	234.5	20506	20827	9245	6555	0	44243	2813	0	9	4521	0	5
September 22, 2006 2:17:00 PM UTC	1158963420000	1	0	yes	38.0	234.7	20506	20827	9242	6573	0	44228	2792	0	18	4515	0	3
September 22, 2006 2:18:00 PM UTC	1158963480000	1	0	yes	37.8	235.0	20506	20827	9251	6482	0	44310	2862	2	23	4510	0	4
September 22, 2006 2:19:00 PM UTC	1158963540000	1	0	yes	37.6	235.2	20506	20827	9252	6480	0	44311	2849	10	36	4484	0	3
September 22, 2006 2:20:00 PM UTC	1158963600000	1	0	yes	37.5	235.5	20506	20827	9252	6420	0	44371	2867	0	3	4481	0	2
September 22, 2006 2:21:00 PM UTC	1158963660000	1	0	yes	37.3	235.7	20506	20827	9242	6534	0	44267	2814	0	2	4440	0	3
September 22, 2006 2:22:00 PM UTC	1158963720000	1	0	yes	37.1	235.9	20506	20827	9248	6496	0	44299	2840	0	10	4443	0	2
September 22, 2006 2:23:00 PM UTC	1158963780000	1	0	yes	37.0	236.2	20506	20827	9243	6533	0	44267	2818	1	26	4415	0	2
September 22, 2006 2:24:00 PM UTC	1158963840000	1	0	yes	36.8	236.4	20506	20827	9248	6496	0	44299	2843	2	35	4410	0	3
September 22, 2006 2:25:00 PM UTC	1158963900000	1	0	yes	36.6	236.6	20506	20827	9248	6496	0	44299	2835	0	1	4398	0	2
September 22, 2006 2:26:00 PM UTC	1158963960000	1	0	yes	36.5	236.9	20506	20827	9248	6496	0	44299	2837	0	0	4377	0	0
September 22, 2006 2:27:00 PM UTC	1158964020000	1	0	yes	36.3	237.1	20506	20827	9249	6495	0	44299	2845	1	27	4364	0	1
September 22, 2006 2:28:00 PM UTC	1158964080000	1	0	yes	36.1	237.3	20506	20827	9249	6468	0	44326	2850	0	21	4352	0	2
September 22, 2006 2:29:00 PM UTC	1158964140000	1	0	yes	36.0	237.5	20506	20827	9247	6494	0	44302	2849	2	30	4331	0	2
September 22, 2006 2:30:00 PM UTC	1158964200000	1	0	yes	35.8	237.8	20506	20827	9256	6431	0	44356	2882	8	36	4318	0	1
September 22, 2006 2:31:00 PM UTC	1158964260000	0	0	yes	35.6	238.0	20506	20827	9242	6525	0	44276	2823	0	2	4304	0	1
September 22, 2006 2:32:00 PM UTC	1158964320000	0	0	yes	35.4	238.2	20506	20827	9247	6548	0	44248	2830	0	8	4282	0	2
September 22, 2006 2:33:00 PM UTC	1158964380000	1	0	yes	35.3	238.4	20506	20827	9247	6548	0	44248	2832	0	12	4272	0	3
September 22, 2006 2:34:00 PM UTC	1158964440000	0	0	yes	35.1	238.7	20506	20827	9252	6513	0	44278	2846	1	28	4262	0	2
September 22, 2006 2:35:00 PM UTC	1158964500000	0	0	yes	34.9	238.9	20506	20827	9247	6548	0	44248	2825	1	26	4246	0	1
September 22, 2006 2:36:00 PM UTC	1158964560000	1	0	yes	34.8	239.1	20506	20827	9247	6548	0	44248	2828	10	39	4235	1	1
September 22, 2006 2:37:00 PM UTC	1158964620000	0	0	yes	34.6	239.3	20506	20827	9251	6522	0	44270	2847	0	5	4218	0	1
September 22, 2006 2:38:00 PM UTC	1158964680000	0	0	yes	34.4	239.6	20506	20827	9242	6554	0	44247	2830	0	5	4201	0	1
September 22, 2006 2:39:00 PM UTC	1158964740000	0	0	yes	34.2	239.8	20506	20827	9252	6492	0	44299	2862	0	17	4190	0	1
September 22, 2006 2:40:00 PM UTC	1158964800000	0	0	yes	34.1	240.0	20506	20827	9243	6555	0	44245	2826	2	24	4174	0	1
September 22, 2006 2:41:00 PM UTC	1158964860000	0	0	yes	33.9	240.2	20506	20827	9252	6492	0	44299	2867	9	34	4158	0	1
September 22, 2006 2:42:00 PM UTC	1158964920000	0	0	yes	33.7	240.4	20506	20827	9242	6554	0	44247	2837	5	33	4142	0	1
September 22, 2006 2:43:00 PM UTC	1158964980000	0	0	yes	33.5	240.6	20506	20827	9257	6454	0	44332	2888	0	8	4130	0	0
September 22, 2006 2:44:00 PM UTC	1158965040000	0	0	yes	33.4	240.8	20506	20827	9243	6550	0	44250	2838	0	7	4109	0	0
September 22, 2006 2:45:00 PM UTC	1158965100000	0	0	yes	33.2	241.1	20506	20827	9241	6615	0	44187	2809	0	6	4099	0	0
September 22, 2006 2:46:00 PM UTC	1158965160000	0	0	yes	33.0	241.3	20506	20827	9247	6527	0	44269	2841	5	32	4089	0	0
September 22, 2006 2:47:00 PM UTC	1158965220000	0	0	yes	32.8	241.5	20506	20827	9247	6527	0	44269	2847	5	26	4070	0	0
September 22, 2006 2:48:00 PM UTC	1158965280000	0	0	yes	32.7	241.7	20506	20827	9247	6527	0	44269	2841	0	3	4058	0	0
September 22, 2006 2:49:00 PM UTC	1158965340000	0	0	yes	32.5	241.9	20506	20827	9247	6509	0	44287	2847	0	6	4049	0	0
September 22, 2006 2:50:00 PM UTC	1158965400000	0	0	yes	32.3	242.1	20506	20827	9247	6510	0	44286	2839	0	14	4039	0	0
September 22, 2006 2:51:00 PM UTC	1158965460000	0	0	yes	32.1	242.3	20506	20827	9247	6510	0	44286	2844	0	19	4021	0	0
September 22, 2006 2:52:00 PM UTC	1158965520000	0	0	yes	32.0	242.5	20506	20827	9252	6476	0	44315	2854	1	34	4024	0	0
September 22, 2006 2:53:00 PM UTC	1158965580000	0	0	yes	31.8	242.7	20506	20827	9252	6476	0	44315	2857	2	28	4009	0	0
September 22, 2006 2:54:00 PM UTC	1158965640000	0	0	yes	31.6	242.9	20506	20827	9241	6540	0	44262	2809	0	0	3990	0	0
September 22, 2006 2:55:00 PM UTC	1158965700000	0	0	yes	31.4	243.1	20506	20827	9252	6476	0	44315	2855	0	12	3981	0	0
September 22, 2006 2:56:00 PM UTC	1158965760000	0	0	yes	31.2	243.3	20506	20827	9241	6540	0	44262	2810	0	12	3974	0	0
September 22, 2006 2:57:00 PM UTC	1158965820000	0	0	yes	31.1	243.6	20506	20827	9252	6475	0	44316	2845	2	18	3964	0	0
September 22, 2006 2:58:00 PM UTC	1158965880000	0	0	yes	30.9	243.8	20506	20827	9242	6539	0	44262	2804	3	19	3953	0	0
September 22, 2006 2:59:00 PM UTC	1158965940000	0	0	yes	30.7	244.0	20506	20827	9245	6573	0	44225	2796	2	15	3947	0	0
September 22, 2006 3:00:00 PM UTC	1158966000000	0	0	yes	30.5	244.2	20506	20827	9246	6575	0	44222	2783	7	35	3942	0	0
September 22, 2006 3:01:00 PM UTC	1158966060000	0	0	yes	30.3	244.4	20506	20827	9242	6592	0	44209	2763	0	1	3938	0	0
September 22, 2006 3:02:00 PM UTC	1158966120000	0	0	yes	30.2	244.6	20506	20827	9256	6498	0	44289	2826	0	9	3921	0	0
September 22, 2006 3:03:00 PM UTC	1158966180000	0	0	yes	30.0	244.8	20506	20827	9246	6561	0	44236	2778	1	12	3915	0	0
September 22, 2006 3:04:00 PM UTC	1158966240000	0	0	yes	29.8	245.0	20506	20827	9257	6495	0	44291	2814	4	19	3908	0	0
September 22, 2006 3:05:00 PM UTC	1158966300000	0	0	yes	29.6	245.1	20506	20827	9246	6561	0	44236	2764	1	22	3902	0	0
September 22, 2006 3:06:00 PM UTC	1158966360000	0	0	yes	29.4	245.3	20506	20827	9249	6532	0	44262	2785	3	28	3888	0	0
September 22, 2006 3:07:00 PM UTC	1158966420000	0	0	yes	29.2	245.5	20506	20827	9246	6561	0	44236	2757	0	10	3887	0	0
September 22, 2006 3:08:00 PM UTC	1158966480000	0	0	yes	29.1	245.7	20506	20827	9246	6561	0	44236	2745	0	8	3886	0	0
September 22, 2006 3:09:00 PM UTC	1158966540000	0	0	yes	28.9	245.9	20506	20827	9250	6531	0	44262	2757	2	22	3877	0	0
September 22, 2006 3:10:00 PM UTC	1158966600000	0	0	yes	28.7	246.1	20506	20827	9251	6483	0	44309	2757	2	25	3867	0	0
September 22, 2006 3:11:00 PM UTC	1158966660000	0	0	yes	28.5	246.3	20506	20827	9251	6482	0	44310	2750	7	33	3864	0	0
September 22, 2006 3:12:00 PM UTC	1158966720000	0	0	yes	28.3	246.5	20506	20827	9251	6482	0	44310	2737	5	38	3859	0	0
September 22, 2006 3:13:00 PM UTC	1158966780000	1	0	yes	28.1	246.7	20506	20827	9245	6574	0	44224	2704	0	6	3852	0	0
September 22, 2006 3:14:00 PM UTC	1158966840000	0	0	yes	28.0	246.9	20506	20827	9251	6536	0	44256	2718	0	12	3851	0	0
September 22, 2006 3:15:00 PM UTC	1158966900000	0	0	yes	27.8	247.1	20506	20827	9240	6602	0	44201	2668	1	4	3849	0	0
September 22, 2006 3:16:00 PM UTC	1158966960000	0	0	yes	27.6	247.3	20506	20827	9251	6523	0	44269	2700	0	17	3844	0	0
September 22, 2006 3:17:00 PM UTC	1158967020000	1	0	yes	27.4	247.5	20506	20827	9245	6575	0	44223	2658	4	24	3842	0	0
September 22, 2006 3:18:00 PM UTC	1158967080000	1	0	yes	27.2	247.7	20506	20827	9245	6575	0	44223	2660	2	23	3831	0	0
September 22, 2006 3:19:00 PM UTC	1158967140000	0	0	yes	27.0	247.8	20506	20827	9256	6509	0	44278	2676	1	31	3831	0	0
September 22, 2006 3:20:00 PM UTC	1158967200000	1	0	yes	26.8	248.0	20506	20827	9245	6575	0	44223	2636	0	7	3834	0	0
September 22, 2006 3:21:00 PM UTC	1158967260000	1	0	yes	26.7	248.2	20506	20827	9258	6483	0	44302	2677	6	11	3824	0	0
September 22, 2006 3:22:00 PM UTC	1158967320000	1	0	yes	26.5	248.4	20506	20827	9243	6576	0	44224	2619	1	19	3822	0	0
September 22, 2006 3:23:00 PM UTC	1158967380000	1	0	yes	26.3	248.6	20506	20827	9254	6501	0	44288	2645	5	28	3823	0	0
September 22, 2006 3:24:00 PM UTC	1158967440000	1	0	yes	26.1	248.8	20506	20827	9243	6575	0	44225	2590	4	27	3824	0	0
September 22, 2006 3:25:00 PM UTC	1158967500000	1	0	yes	25.9	249.0	20506	20827	9246	6557	0	44240	2600	3	30	3815	0	0
September 22, 2006 3:26:00 PM UTC	1158967560000	1	0	yes	25.7	249.1	20506	20827	9248	6542	0	44253	2596	9	43	3812	0	0
September 22, 2006 3:27:00 PM UTC	1158967620000	1	0	yes	25.5	249.3	20506	20827	9248	6542	0	44253	2585	0	2	3816	0	0
September 22, 2006 3:28:00 PM UTC	1158967680000	1	0	yes	25.3	249.5	20506	20827	9248	6542	0	44253	2573	0	7	3809	0	0
September 22, 2006 3:29:00 PM UTC	1158967740000	1	0	yes	25.2	249.7	20506	20827	9247	6608	0	44188	2551	1	9	3809	0	0
September 22, 2006 3:30:00 PM UTC	1158967800000	1	0	yes	25.0	249.9	20506	20827	9250	6588	0	44205	2549	0	5	3808	0	0
September 22, 2006 3:31:00 PM UTC	1158967860000	1	0	yes	24.8	250.0	20506	20827	9248	6612	0	44183	2521	0	14	3813	0	0
September 22, 2006 3:32:00 PM UTC	1158967920000	1	0	yes	24.6	250.2	20506	20827	9249	6491	0	44303	2541	1	18	3804	0	0
September 22, 2006 3:33:00 PM UTC	1158967980000	1	0	yes	24.4	250.4	20506	20827	9248	6492	0	44303	2526	6	30	3807	0	0
September 22, 2006 3:34:00 PM UTC	1158968040000	1	0	yes	24.2	250.6	20506	20827	9252	6469	0	44322	2527	0	1	3807	0	0
September 22, 2006 3:35:00 PM UTC	1158968100000	1	0	yes	24.0	250.8	20506	20827	9244	6536	0	44263	2475	0	2	3809	0	0
September 22, 2006 3:36:00 PM UTC	1158968160000	1	0	yes	23.8	250.9	20506	20827	9252	6466	0	44325	2502	0	4	3808	0	0
September 22, 2006 3:37:00 PM UTC	1158968220000	1	0	yes	23.6	251.1	20506	20827	9241	6534	0	44268	2446	0	5	3813	0	0
September 22, 2006 3:38:00 PM UTC	1158968280000	1	0	yes	23.5	251.3	20506	20827	9252	6466	0	44325	2474	4	13	3813	0	0
September 22, 2006 3:39:00 PM UTC	1158968340000	1	0	yes	23.3	251.5	20506	20827	9255	6443	2	44343	2477	5	21	3813	0	0
September 22, 2006 3:40:00 PM UTC	1158968400000	1	0	yes	23.1	251.6	20506	20827	9244	6501	2	44296	2432	6	24	3812	0	0
September 22, 2006 3:41:00 PM UTC	1158968460000	0	0	yes	22.9	251.8	20506	20827	9254	6456	10	44323	2440	0	8	3816	0	0
September 22, 2006 3:42:00 PM UTC	1158968520000	0	0	yes	22.7	252.0	20506	20827	9244	6529	13	44257	2386	0	2	3819	0	0
September 22, 2006 3:43:00 PM UTC	1158968580000	0	0	yes	22.5	252.2	20506	20827	9253	6461	30	44299	2411	0	9	3823	0	0
September 22, 2006 3:44:00 PM UTC	1158968640000	0	0	yes	22.3	252.3	20506	20827	9245	6498	39	44261	2379	0	10	3822	0	0
September 22, 2006 3:45:00 PM UTC	1158968700000	0	0	yes	22.1	252.5	20506	20827	9245	6498	51	44249	2366	0	12	3826	0	2
September 22, 2006 3:46:00 PM UTC	1158968760000	0	0	yes	21.9	252.7	20506	20827	9246	6503	64	44230	2355	4	17	3826	0	0
September 22, 2006 3:47:00 PM UTC	1158968820000	0	0	yes	21.7	252.9	20506	20827	9244	6580	76	44143	2322	1	15	3835	0	0
September 22, 2006 3:48:00 PM UTC	1158968880000	0	0	yes	21.5	253.0	20506	20827	9254	6511	99	44179	2348	0	2	3835	0	0
September 22, 2006 3:49:00 PM UTC	1158968940000	0	0	yes	21.3	253.2	20506	20827	9247	6561	102	44133	2307	0	7	3838	0	0
September 22, 2006 3:50:00 PM UTC	1158969000000	0	0	yes	21.2	253.4	20506	20827	9247	6561	114	44121	2295	0	3	3841	0	0
September 22, 2006 3:51:00 PM UTC	1158969060000	0	0	yes	21.0	253.6	20506	20827	9246	6561	126	44110	2281	0	20	3847	0	0
September 22, 2006 3:52:00 PM UTC	1158969120000	0	0	yes	20.8	253.7	20506	20827	9246	6561	134	44102	2266	0	14	3849	0	0
September 22, 2006 3:53:00 PM UTC	1158969180000	0	0	yes	20.6	253.9	20506	20827	9247	6559	145	44092	2257	2	54	3853	0	1
September 22, 2006 3:54:00 PM UTC	1158969240000	0	0	yes	20.4	254.1	20506	20827	9250	6499	157	44137	2251	2	34	3861	0	0
September 22, 2006 3:55:00 PM UTC	1158969300000	0	0	yes	20.2	254.2	20506	20827	9248	6517	160	44118	2234	0	18	3863	0	2
September 22, 2006 3:56:00 PM UTC	1158969360000	0	0	yes	20.0	254.4	20506	20827	9248	6518	172	44105	2217	0	16	3869	0	2
September 22, 2006 3:57:00 PM UTC	1158969420000	0	0	yes	19.8	254.6	20506	20827	9248	6518	183	44094	2200	0	0	3874	0	0
September 22, 2006 3:58:00 PM UTC	1158969480000	0	0	yes	19.6	254.7	20506	20827	9248	6517	192	44086	2186	0	18	3881	0	0
September 22, 2006 3:59:00 PM UTC	1158969540000	0	0	yes	19.4	254.9	20506	20827	9248	6517	199	44079	2167	1	9	3886	0	0
September 22, 2006 4:00:00 PM UTC	1158969600000	0	0	yes	19.2	255.1	20506	20827	9251	6499	214	44079	2164	1	18	3894	0	2
September 22, 2006 4:01:00 PM UTC	1158969660000	0	0	yes	19.0	255.2	20506	20827	9250	6500	224	44069	2143	5	24	3903	0	0
September 22, 2006 4:02:00 PM UTC	1158969720000	0	0	yes	18.8	255.4	20506	20827	9250	6500	234	44059	2136	4	24	3906	0	0
September 22, 2006 4:03:00 PM UTC	1158969780000	0	0	yes	18.6	255.6	20506	20827	9241	6569	232	44001	2089	0	0	3913	0	0
September 22, 2006 4:04:00 PM UTC	1158969840000	0	0	yes	18.4	255.7	20506	20827	9250	6498	250	44045	2104	0	3	3921	0	0
September 22, 2006 4:05:00 PM UTC	1158969900000	0	0	yes	18.2	255.9	20506	20827	9238	6568	250	43987	2062	0	2	3924	0	0
September 22, 2006 4:06:00 PM UTC	1158969960000	0	0	yes	18.1	256.1	20506	20827	9250	6556	274	43963	2068	0	7	3936	0	0
September 22, 2006 4:07:00 PM UTC	1158970020000	0	0	yes	17.9	256.2	20506	20827	9250	6556	281	43956	2060	0	12	3941	0	0
September 22, 2006 4:08:00 PM UTC	1158970080000	0	0	yes	17.7	256.4	20506	20827	9240	6625	270	43908	2009	0	11	3950	0	0
September 22, 2006 4:09:00 PM UTC	1158970140000	0	0	yes	17.5	256.6	20506	20827	9251	6557	295	43940	2030	0	22	3958	0	0
September 22, 2006 4:10:00 PM UTC	1158970200000	0	0	yes	17.3	256.7	20506	20827	9240	6627	285	43891	1985	0	0	3967	0	0
September 22, 2006 4:11:00 PM UTC	1158970260000	0	0	yes	17.1	256.9	20506	20827	9251	6557	305	43930	1996	0	0	3975	0	0
September 22, 2006 4:12:00 PM UTC	1158970320000	0	0	yes	16.9	257.1	20506	20827	9251	6557	307	43928	1985	0	0	3981	0	0
September 22, 2006 4:13:00 PM UTC	1158970380000	0	0	yes	16.7	257.2	20506	20827	9242	6609	305	43887	1939	0	1	3996	0	0
September 22, 2006 4:14:00 PM UTC	1158970440000	0	0	yes	16.5	257.4	20506	20827	9251	6558	320	43914	1952	0	7	4003	0	0
September 22, 2006 4:15:00 PM UTC	1158970500000	0	0	yes	16.3	257.5	20506	20827	9240	6626	312	43865	1907	0	11	4013	0	0
September 22, 2006 4:16:00 PM UTC	1158970560000	0	0	yes	16.1	257.7	20506	20827	9251	6519	332	43941	1919	1	17	4025	0	0
September 22, 2006 4:17:00 PM UTC	1158970620000	0	0	yes	15.9	257.9	20506	20827	9240	6588	327	43888	1881	0	3	4034	0	12
September 22, 2006 4:18:00 PM UTC	1158970680000	0	0	yes	15.7	258.0	20506	20827	9240	6588	332	43883	1861	0	0	4043	0	0
September 22, 2006 4:19:00 PM UTC	1158970740000	0	0	yes	15.5	258.2	20506	20827	9252	6458	351	43982	1881	0	0	4060	0	12
September 22, 2006 4:20:00 PM UTC	1158970800000	0	0	yes	15.3	258.3	20506	20827	9244	6485	349	43965	1851	0	0	4068	0	0
September 22, 2006 4:21:00 PM UTC	1158970860000	0	0	yes	15.1	258.5	20506	20827	9244	6485	358	43956	1832	0	1	4077	0	0
September 22, 2006 4:22:00 PM UTC	1158970920000	0	0	yes	14.9	258.7	20506	20827	9242	6503	360	43938	1813	0	5	4092	0	8
September 22, 2006 4:23:00 PM UTC	1158970980000	0	0	yes	14.7	258.8	20506	20827	9242	6503	364	43934	1800	0	7	4102	0	2
September 22, 2006 4:24:00 PM UTC	1158971040000	0	0	yes	14.5	259.0	20506	20827	9253	6428	383	43979	1814	1	18	4112	0	10
September 22, 2006 4:25:00 PM UTC	1158971100000	0	0	yes	14.3	259.1	20506	20827	9244	6497	379	43923	1767	0	17	4133	0	0
September 22, 2006 4:26:00 PM UTC	1158971160000	0	0	yes	14.1	259.3	20506	20827	9244	6497	382	43920	1755	0	0	4137	0	0
September 22, 2006 4:27:00 PM UTC	1158971220000	0	0	yes	13.9	259.5	20506	20827	9245	6565	386	43847	1731	0	0	4155	0	0
September 22, 2006 4:28:00 PM UTC	1158971280000	0	0	yes	13.7	259.6	20506	20827	9245	6565	384	43849	1716	0	0	4170	0	0
September 22, 2006 4:29:00 PM UTC	1158971340000	0	0	yes	13.5	259.8	20506	20827	9245	6565	389	43844	1700	0	0	4182	0	7
September 22, 2006 4:30:00 PM UTC	1158971400000	0	0	yes	13.3	259.9	20506	20827	9246	6565	396	43836	1683	0	2	4199	0	0
September 22, 2006 4:31:00 PM UTC	1158971460000	0	0	yes	13.1	260.1	20506	20827	9246	6565	398	43834	1663	0	3	4216	0	7
September 22, 2006 4:32:00 PM UTC	1158971520000	0	0	yes	12.9	260.2	20506	20827	9247	6563	405	43828	1650	0	13	4225	0	0
September 22, 2006 4:33:00 PM UTC	1158971580000	0	0	yes	12.7	260.4	20506	20827	9247	6563	408	43825	1631	0	0	4252	0	0
September 22, 2006 4:34:00 PM UTC	1158971640000	0	0	yes	12.5	260.6	20506	20827	9247	6563	411	43822	1615	0	0	4264	0	0
September 22, 2006 4:35:00 PM UTC	1158971700000	0	0	yes	12.3	260.7	20506	20827	9250	6551	416	43826	1607	0	0	4266	0	0
September 22, 2006 4:36:00 PM UTC	1158971760000	0	0	yes	12.2	260.9	20506	20827	9250	6551	413	43829	1586	0	0	4307	0	0
September 22, 2006 4:37:00 PM UTC	1158971820000	0	0	yes	12.0	261.0	20506	20827	9251	6518	414	43860	1568	1	3	4309	0	11
September 22, 2006 4:38:00 PM UTC	1158971880000	0	0	yes	11.8	261.2	20506	20827	9251	6518	419	43855	1559	0	3	4331	0	0
September 22, 2006 4:39:00 PM UTC	1158971940000	0	0	yes	11.6	261.3	20506	20827	9251	6518	425	43849	1541	0	1	4340	0	0
September 22, 2006 4:40:00 PM UTC	1158972000000	0	0	yes	11.4	261.5	20506	20827	9252	6515	429	43847	1522	0	10	4358	0	2
September 22, 2006 4:41:00 PM UTC	1158972060000	0	0	yes	11.2	261.6	20506	20827	9252	6515	430	43846	1505	0	0	4379	0	0
September 22, 2006 4:42:00 PM UTC	1158972120000	0	0	yes	11.0	261.8	20506	20827	9254	6515	431	43843	1493	0	0	4390	0	0
September 22, 2006 4:43:00 PM UTC	1158972180000	0	0	yes	10.8	262.0	20506	20827	9253	6525	434	43831	1477	0	2	4409	0	0
September 22, 2006 4:44:00 PM UTC	1158972240000	0	0	yes	10.6	262.1	20506	20827	9254	6515	430	43844	1461	0	0	4424	0	0
September 22, 2006 4:45:00 PM UTC	1158972300000	0	0	yes	10.4	262.3	20506	20827	9255	6514	431	43843	1445	0	9	4440	0	9
September 22, 2006 4:46:00 PM UTC	1158972360000	0	0	yes	10.2	262.4	20506	20827	9255	6514	434	43840	1426	0	8	4459	0	6
September 22, 2006 4:47:00 PM UTC	1158972420000	0	0	yes	10.0	262.6	20506	20827	9255	6514	442	43832	1409	0	7	4476	0	0
September 22, 2006 4:48:00 PM UTC	1158972480000	0	0	yes	9.8	262.7	20506	20827	9256	6513	446	43828	1395	0	18	4488	0	1
September 22, 2006 4:49:00 PM UTC	1158972540000	0	0	yes	9.6	262.9	20506	20827	9256	6513	447	43827	1374	0	0	4511	0	0
September 22, 2006 4:50:00 PM UTC	1158972600000	0	0	yes	9.4	263.0	20506	20827	9245	6662	428	43708	1330	0	0	4517	0	0
September 22, 2006 4:51:00 PM UTC	1158972660000	0	0	yes	9.2	263.2	20506	20827	9257	6583	445	43758	1338	0	0	4541	0	3
September 22, 2006 4:52:00 PM UTC	1158972720000	0	0	yes	9.0	263.3	20506	20827	9257	6583	451	43752	1319	0	1	4561	0	0
September 22, 2006 4:53:00 PM UTC	1158972780000	0	0	yes	8.8	263.5	20506	20827	9256	6588	455	43744	1303	0	12	4575	0	0
September 22, 2006 4:54:00 PM UTC	1158972840000	0	0	yes	8.6	263.6	20506	20827	9256	6588	460	43739	1286	1	10	4590	0	0
September 22, 2006 4:55:00 PM UTC	1158972900000	0	0	yes	8.4	263.8	20506	20827	9246	6652	453	43692	1254	0	3	4601	0	0
September 22, 2006 4:56:00 PM UTC	1158972960000	0	0	yes	8.2	263.9	20506	20827	9258	6505	465	43815	1267	1	12	4622	0	3
September 22, 2006 4:57:00 PM UTC	1158973020000	0	0	yes	8.0	264.1	20506	20827	9258	6505	465	43815	1249	0	0	4643	0	0
September 22, 2006 4:58:00 PM UTC	1158973080000	0	0	yes	7.8	264.2	20506	20827	9247	6548	453	43795	1208	0	0	4656	0	0
September 22, 2006 4:59:00 PM UTC	1158973140000	0	0	yes	7.6	264.4	20506	20827	9258	6489	464	43832	1210	0	0	4681	0	0
September 22, 2006 5:00:00 PM UTC	1158973200000	0	0	yes	7.4	264.5	20506	20827	9258	6489	462	43834	1197	0	0	4694	0	0
September 22, 2006 5:01:00 PM UTC	1158973260000	0	0	yes	7.2	264.7	20506	20827	9259	6488	462	43834	1181	0	7	4710	0	0
September 22, 2006 5:02:00 PM UTC	1158973320000	0	0	yes	7.0	264.9	20506	20827	9259	6488	465	43831	1166	0	11	4725	0	0
September 22, 2006 5:03:00 PM UTC	1158973380000	0	0	yes	6.8	265.0	20506	20827	9248	6558	464	43773	1128	0	9	4735	0	1
September 22, 2006 5:04:00 PM UTC	1158973440000	0	0	yes	6.6	265.2	20506	20827	9260	6481	474	43828	1136	0	6	4761	0	5
September 22, 2006 5:05:00 PM UTC	1158973500000	0	0	yes	6.4	265.3	20506	20827	9260	6481	473	43829	1119	0	0	4775	0	0
September 22, 2006 5:06:00 PM UTC	1158973560000	0	0	yes	6.2	265.5	20506	20827	9249	6551	465	43778	1080	0	2	4791	0	0
September 22, 2006 5:07:00 PM UTC	1158973620000	0	0	yes	6.0	265.6	20506	20827	9260	6480	471	43832	1087	0	3	4809	0	0
September 22, 2006 5:08:00 PM UTC	1158973680000	0	0	yes	5.8	265.8	20506	20827	9249	6550	470	43774	1048	0	3	4822	0	0
September 22, 2006 5:09:00 PM UTC	1158973740000	0	0	yes	5.6	265.9	20506	20827	9260	6479	491	43813	1053	2	3	4843	0	0
September 22, 2006 5:10:00 PM UTC	1158973800000	0	0	yes	5.4	266.1	20506	20827	9260	6479	496	43808	1038	2	5	4858	0	0
September 22, 2006 5:11:00 PM UTC	1158973860000	0	0	yes	5.2	266.2	20506	20827	9250	6548	494	43751	999	1	1	4866	0	0
September 22, 2006 5:12:00 PM UTC	1158973920000	0	0	yes	5.0	266.4	20506	20827	9260	6477	515	43791	1007	4	5	4886	1	4
September 22, 2006 5:13:00 PM UTC	1158973980000	0	0	yes	4.8	266.5	20506	20827	9260	6477	527	43779	988	2	3	4906	1	3
September 22, 2006 5:14:00 PM UTC	1158974040000	0	0	yes	4.6	266.7	20506	20827	9250	6548	527	43718	953	0	0	4915	0	0
September 22, 2006 5:15:00 PM UTC	1158974100000	0	0	yes	4.4	266.8	20506	20827	9260	6476	548	43759	959	0	2	4935	0	0
September 22, 2006 5:16:00 PM UTC	1158974160000	0	0	yes	4.2	267.0	20506	20827	9248	6626	549	43620	919	0	0	4941	0	0
September 22, 2006 5:17:00 PM UTC	1158974220000	0	0	yes	4.0	267.1	20506	20827	9259	6551	580	43653	923	0	2	4967	0	0
September 22, 2006 5:18:00 PM UTC	1158974280000	0	0	yes	3.8	267.3	20506	20827	9259	6546	599	43639	905	0	5	4984	0	0
September 22, 2006 5:19:00 PM UTC	1158974340000	0	0	yes	3.6	267.4	20506	20827	9249	6616	607	43571	872	0	5	4987	0	0
September 22, 2006 5:20:00 PM UTC	1158974400000	0	0	yes	3.4	267.6	20506	20827	9261	6542	653	43587	877	3	10	5007	0	0
September 22, 2006 5:21:00 PM UTC	1158974460000	0	0	yes	3.2	267.7	20506	20827	9261	6542	689	43551	861	3	0	5025	0	0
