June 9, 2008 5:00:00 AM UTC	1213016400000	0	3	yes	5.4	65.2	20506	20827	9249	6532	499	43763	1034	81	355	4861	20	770
June 9, 2008 5:01:00 AM UTC	1213016460000	0	2	yes	5.6	65.4	20506	20827	9250	6533	486	43774	1044	80	288	4849	29	643
June 9, 2008 5:02:00 AM UTC	1213016520000	0	2	yes	5.8	65.5	20506	20827	9246	6562	473	43762	1052	87	325	4828	21	712
June 9, 2008 5:03:00 AM UTC	1213016580000	0	2	yes	5.9	65.7	20506	20827	9246	6562	469	43766	1066	97	377	4817	21	687
June 9, 2008 5:04:00 AM UTC	1213016640000	0	3	yes	6.1	65.8	20506	20827	9235	6627	463	43718	1064	62	422	4792	17	856
June 9, 2008 5:05:00 AM UTC	1213016700000	0	3	yes	6.3	66.0	20506	20827	9251	6487	472	43833	1105	79	378	4791	15	834
June 9, 2008 5:06:00 AM UTC	1213016760000	0	3	yes	6.5	66.1	20506	20827	9251	6487	471	43834	1124	66	479	4770	24	970
June 9, 2008 5:07:00 AM UTC	1213016820000	0	3	yes	6.7	66.2	20506	20827	9241	6553	462	43787	1117	58	522	4755	14	824
June 9, 2008 5:08:00 AM UTC	1213016880000	0	3	yes	6.8	66.4	20506	20827	9251	6488	471	43833	1154	65	448	4741	19	763
June 9, 2008 5:09:00 AM UTC	1213016940000	0	3	yes	7.0	66.5	20506	20827	9251	6488	470	43834	1174	65	510	4722	17	884
June 9, 2008 5:10:00 AM UTC	1213017000000	0	3	yes	7.2	66.7	20506	20827	9245	6589	461	43748	1170	64	526	4704	20	984
June 9, 2008 5:11:00 AM UTC	1213017060000	0	3	yes	7.4	66.8	20506	20827	9251	6538	466	43788	1200	71	557	4690	29	803
June 9, 2008 5:12:00 AM UTC	1213017120000	0	3	yes	7.6	66.9	20506	20827	9251	6538	466	43788	1214	68	565	4677	41	907
June 9, 2008 5:13:00 AM UTC	1213017180000	0	3	yes	7.8	67.1	20506	20827	9240	6604	457	43742	1213	37	536	4654	14	843
June 9, 2008 5:14:00 AM UTC	1213017240000	0	4	yes	8.0	67.2	20506	20827	9240	6604	452	43747	1225	84	567	4642	14	1030
June 9, 2008 5:15:00 AM UTC	1213017300000	0	3	yes	8.1	67.3	20506	20827	9248	6551	461	43783	1263	50	615	4627	26	866
June 9, 2008 5:16:00 AM UTC	1213017360000	0	4	yes	8.3	67.5	20506	20827	9245	6579	452	43767	1263	101	589	4613	27	1013
June 9, 2008 5:17:00 AM UTC	1213017420000	0	3	yes	8.5	67.6	20506	20827	9245	6579	452	43767	1282	43	594	4593	12	880
June 9, 2008 5:18:00 AM UTC	1213017480000	0	3	yes	8.7	67.8	20506	20827	9256	6513	458	43816	1315	91	572	4584	27	847
June 9, 2008 5:19:00 AM UTC	1213017540000	0	3	yes	8.9	67.9	20506	20827	9245	6579	450	43769	1311	61	600	4565	28	751
June 9, 2008 5:20:00 AM UTC	1213017600000	0	3	yes	9.1	68.0	20506	20827	9245	6579	448	43771	1324	109	586	4554	22	833
June 9, 2008 5:21:00 AM UTC	1213017660000	1	3	yes	9.3	68.2	20506	20827	9258	6489	452	43844	1369	107	618	4542	19	750
June 9, 2008 5:22:00 AM UTC	1213017720000	0	4	yes	9.4	68.3	20506	20827	9243	6581	441	43778	1354	66	659	4521	13	884
June 9, 2008 5:23:00 AM UTC	1213017780000	0	3	yes	9.6	68.4	20506	20827	9243	6581	438	43781	1368	96	645	4508	8	787
June 9, 2008 5:24:00 AM UTC	1213017840000	0	3	yes	9.8	68.6	20506	20827	9253	6523	445	43822	1404	67	608	4494	5	647
June 9, 2008 5:25:00 AM UTC	1213017900000	0	3	yes	10.0	68.7	20506	20827	9243	6582	435	43783	1398	115	651	4478	15	726
June 9, 2008 5:26:00 AM UTC	1213017960000	0	3	yes	10.2	68.8	20506	20827	9243	6582	430	43788	1416	78	692	4461	4	684
June 9, 2008 5:27:00 AM UTC	1213018020000	0	3	yes	10.4	69.0	20506	20827	9247	6550	435	43811	1436	101	671	4451	7	745
June 9, 2008 5:28:00 AM UTC	1213018080000	0	3	yes	10.6	69.1	20506	20827	9248	6548	436	43811	1452	99	655	4435	9	721
June 9, 2008 5:29:00 AM UTC	1213018140000	0	3	yes	10.8	69.3	20506	20827	9248	6548	431	43816	1473	133	725	4414	9	724
June 9, 2008 5:30:00 AM UTC	1213018200000	0	3	yes	10.9	69.4	20506	20827	9248	6548	435	43812	1491	90	647	4394	4	724
June 9, 2008 5:31:00 AM UTC	1213018260000	0	3	yes	11.1	69.5	20506	20827	9248	6549	431	43815	1507	72	669	4380	6	672
June 9, 2008 5:32:00 AM UTC	1213018320000	0	3	yes	11.3	69.7	20506	20827	9246	6615	424	43758	1517	69	681	4360	5	554
June 9, 2008 5:33:00 AM UTC	1213018380000	0	3	yes	11.5	69.8	20506	20827	9250	6589	428	43776	1540	79	650	4348	3	578
June 9, 2008 5:34:00 AM UTC	1213018440000	0	3	yes	11.7	69.9	20506	20827	9248	6612	421	43762	1541	134	612	4339	1	654
June 9, 2008 5:35:00 AM UTC	1213018500000	0	3	yes	11.9	70.1	20506	20827	9248	6612	418	43765	1558	79	720	4322	6	609
June 9, 2008 5:36:00 AM UTC	1213018560000	0	3	yes	12.1	70.2	20506	20827	9249	6486	420	43888	1585	90	687	4306	4	648
June 9, 2008 5:37:00 AM UTC	1213018620000	0	3	yes	12.3	70.3	20506	20827	9237	6553	404	43849	1576	86	733	4290	2	552
June 9, 2008 5:38:00 AM UTC	1213018680000	0	3	yes	12.4	70.5	20506	20827	9248	6486	406	43903	1614	106	633	4275	2	601
June 9, 2008 5:39:00 AM UTC	1213018740000	0	3	yes	12.6	70.6	20506	20827	9252	6464	408	43919	1639	119	629	4261	4	608
June 9, 2008 5:40:00 AM UTC	1213018800000	0	3	yes	12.8	70.7	20506	20827	9244	6535	400	43864	1639	110	634	4238	3	508
June 9, 2008 5:41:00 AM UTC	1213018860000	0	3	yes	13.0	70.9	20506	20827	9252	6467	408	43916	1671	30	766	4230	3	514
June 9, 2008 5:42:00 AM UTC	1213018920000	0	3	yes	13.2	71.0	20506	20827	9252	6467	405	43919	1689	72	680	4211	3	486
June 9, 2008 5:43:00 AM UTC	1213018980000	0	3	yes	13.4	71.1	20506	20827	9241	6534	389	43879	1677	90	705	4198	5	480
June 9, 2008 5:44:00 AM UTC	1213019040000	0	3	yes	13.6	71.3	20506	20827	9252	6467	399	43925	1722	32	753	4183	2	513
June 9, 2008 5:45:00 AM UTC	1213019100000	0	3	yes	13.8	71.4	20506	20827	9255	6447	398	43943	1741	87	720	4176	2	509
June 9, 2008 5:46:00 AM UTC	1213019160000	0	3	yes	14.0	71.5	20506	20827	9244	6512	381	43906	1734	69	757	4158	2	506
June 9, 2008 5:47:00 AM UTC	1213019220000	0	3	yes	14.2	71.7	20506	20827	9244	6514	377	43908	1749	55	822	4147	2	476
June 9, 2008 5:48:00 AM UTC	1213019280000	0	3	yes	14.3	71.8	20506	20827	9254	6466	381	43942	1781	118	773	4137	1	506
June 9, 2008 5:49:00 AM UTC	1213019340000	0	3	yes	14.5	71.9	20506	20827	9245	6528	367	43903	1779	110	811	4118	2	488
June 9, 2008 5:50:00 AM UTC	1213019400000	0	3	yes	14.7	72.1	20506	20827	9245	6528	363	43907	1795	92	796	4106	1	508
June 9, 2008 5:51:00 AM UTC	1213019460000	0	3	yes	14.9	72.2	20506	20827	9254	6462	370	43957	1837	95	851	4092	1	551
June 9, 2008 5:52:00 AM UTC	1213019520000	0	3	yes	15.1	72.3	20506	20827	9244	6521	355	43923	1825	154	837	4085	0	564
June 9, 2008 5:53:00 AM UTC	1213019580000	0	3	yes	15.3	72.5	20506	20827	9244	6521	348	43930	1842	155	869	4071	0	567
June 9, 2008 5:54:00 AM UTC	1213019640000	0	3	yes	15.5	72.6	20506	20827	9256	6447	355	43985	1883	157	908	4063	0	475
June 9, 2008 5:55:00 AM UTC	1213019700000	0	3	yes	15.7	72.7	20506	20827	9244	6575	333	43891	1864	87	887	4055	0	588
June 9, 2008 5:56:00 AM UTC	1213019760000	0	3	yes	15.9	72.9	20506	20827	9244	6575	327	43897	1885	132	887	4040	0	447
June 9, 2008 5:57:00 AM UTC	1213019820000	0	3	yes	16.1	73.0	20506	20827	9254	6508	333	43948	1928	170	900	4025	0	543
June 9, 2008 5:58:00 AM UTC	1213019880000	0	3	yes	16.3	73.1	20506	20827	9247	6555	325	43916	1924	113	938	4013	0	526
June 9, 2008 5:59:00 AM UTC	1213019940000	0	3	yes	16.5	73.3	20506	20827	9247	6555	319	43922	1931	166	926	4011	0	567
June 9, 2008 6:00:00 AM UTC	1213020000000	0	3	yes	16.6	73.4	20506	20827	9247	6555	310	43931	1951	148	929	3996	0	570
June 9, 2008 6:01:00 AM UTC	1213020060000	0	3	yes	16.8	73.5	20506	20827	9246	6556	303	43938	1972	165	909	3986	0	526
June 9, 2008 6:02:00 AM UTC	1213020120000	1	3	yes	17.0	73.7	20506	20827	9246	6556	296	43945	1983	205	926	3981	0	516
June 9, 2008 6:03:00 AM UTC	1213020180000	0	4	yes	17.2	73.8	20506	20827	9246	6556	294	43947	1998	152	988	3972	0	545
June 9, 2008 6:04:00 AM UTC	1213020240000	0	4	yes	17.4	73.9	20506	20827	9247	6558	288	43950	2015	164	1041	3957	0	514
June 9, 2008 6:05:00 AM UTC	1213020300000	1	4	yes	17.6	74.1	20506	20827	9250	6499	287	44007	2044	194	1040	3948	0	596
June 9, 2008 6:06:00 AM UTC	1213020360000	0	4	yes	17.8	74.2	20506	20827	9248	6518	280	43997	2044	163	1056	3946	0	546
June 9, 2008 6:07:00 AM UTC	1213020420000	1	4	yes	18.0	74.3	20506	20827	9248	6518	272	44005	2061	185	1046	3939	0	532
June 9, 2008 6:08:00 AM UTC	1213020480000	1	4	yes	18.2	74.5	20506	20827	9248	6518	263	44014	2080	212	1064	3929	0	532
June 9, 2008 6:09:00 AM UTC	1213020540000	1	4	yes	18.4	74.6	20506	20827	9248	6518	252	44025	2095	170	1079	3920	0	518
June 9, 2008 6:10:00 AM UTC	1213020600000	0	4	yes	18.6	74.7	20506	20827	9238	6587	232	43986	2074	127	1099	3916	0	510
June 9, 2008 6:11:00 AM UTC	1213020660000	0	4	yes	18.8	74.8	20506	20827	9248	6520	234	44041	2122	137	1140	3906	0	526
June 9, 2008 6:12:00 AM UTC	1213020720000	1	4	yes	19.0	75.0	20506	20827	9248	6520	223	44052	2138	218	1080	3899	0	523
June 9, 2008 6:13:00 AM UTC	1213020780000	1	4	yes	19.2	75.1	20506	20827	9239	6571	206	44027	2133	201	1093	3893	0	529
June 9, 2008 6:14:00 AM UTC	1213020840000	1	4	yes	19.3	75.2	20506	20827	9250	6503	208	44082	2174	297	1061	3891	0	528
June 9, 2008 6:15:00 AM UTC	1213020900000	1	4	yes	19.5	75.4	20506	20827	9250	6503	198	44092	2189	212	1072	3883	0	537
June 9, 2008 6:16:00 AM UTC	1213020960000	0	4	yes	19.7	75.5	20506	20827	9241	6575	177	44050	2172	158	1142	3875	0	493
June 9, 2008 6:17:00 AM UTC	1213021020000	1	4	yes	19.9	75.6	20506	20827	9250	6505	179	44109	2220	220	1085	3870	0	514
June 9, 2008 6:18:00 AM UTC	1213021080000	1	4	yes	20.1	75.8	20506	20827	9250	6505	170	44118	2233	254	1050	3866	0	501
June 9, 2008 6:19:00 AM UTC	1213021140000	1	3	yes	20.3	75.9	20506	20827	9238	6574	143	44088	2218	293	1051	3859	0	469
June 9, 2008 6:20:00 AM UTC	1213021200000	0	4	yes	20.5	76.0	20506	20827	9248	6573	147	44075	2249	181	1127	3858	0	475
June 9, 2008 6:21:00 AM UTC	1213021260000	1	4	yes	20.7	76.2	20506	20827	9250	6557	141	44095	2271	216	1103	3848	0	455
June 9, 2008 6:22:00 AM UTC	1213021320000	1	4	yes	20.9	76.3	20506	20827	9240	6627	121	44055	2254	203	1122	3845	0	452
June 9, 2008 6:23:00 AM UTC	1213021380000	1	4	yes	21.1	76.4	20506	20827	9240	6627	111	44065	2268	212	1132	3842	0	466
June 9, 2008 6:24:00 AM UTC	1213021440000	1	4	yes	21.3	76.5	20506	20827	9251	6558	109	44125	2311	211	1158	3842	0	475
June 9, 2008 6:25:00 AM UTC	1213021500000	1	4	yes	21.5	76.7	20506	20827	9240	6627	87	44089	2298	299	1099	3835	0	464
June 9, 2008 6:26:00 AM UTC	1213021560000	1	4	yes	21.7	76.8	20506	20827	9240	6627	74	44102	2309	266	1183	3832	0	478
June 9, 2008 6:27:00 AM UTC	1213021620000	1	4	yes	21.9	76.9	20506	20827	9251	6556	72	44164	2364	393	1116	3824	0	494
June 9, 2008 6:28:00 AM UTC	1213021680000	1	4	yes	22.1	77.1	20506	20827	9240	6628	50	44125	2339	261	1169	3822	0	465
June 9, 2008 6:29:00 AM UTC	1213021740000	1	3	yes	22.3	77.2	20506	20827	9242	6615	38	44148	2352	476	1042	3825	0	469
June 9, 2008 6:30:00 AM UTC	1213021800000	1	3	yes	22.5	77.3	20506	20827	9251	6558	28	44206	2400	368	1113	3817	0	398
June 9, 2008 6:31:00 AM UTC	1213021860000	1	4	yes	22.7	77.5	20506	20827	9240	6629	15	44159	2374	355	1122	3814	0	412
June 9, 2008 6:32:00 AM UTC	1213021920000	1	4	yes	22.9	77.6	20506	20827	9240	6629	5	44169	2389	319	1139	3815	0	449
June 9, 2008 6:33:00 AM UTC	1213021980000	1	3	yes	23.1	77.7	20506	20827	9251	6527	3	44262	2443	411	1079	3812	0	420
June 9, 2008 6:34:00 AM UTC	1213022040000	1	3	yes	23.3	77.9	20506	20827	9240	6597	0	44206	2420	413	1070	3810	0	412
June 9, 2008 6:35:00 AM UTC	1213022100000	1	3	yes	23.4	78.0	20506	20827	9240	6597	0	44206	2430	410	1037	3812	0	401
June 9, 2008 6:36:00 AM UTC	1213022160000	1	3	yes	23.6	78.1	20506	20827	9254	6428	0	44361	2503	465	1084	3809	0	407
June 9, 2008 6:37:00 AM UTC	1213022220000	1	3	yes	23.8	78.2	20506	20827	9242	6513	0	44288	2477	448	1049	3809	0	399
June 9, 2008 6:38:00 AM UTC	1213022280000	1	3	yes	24.0	78.4	20506	20827	9242	6513	0	44288	2485	455	1046	3806	0	427
June 9, 2008 6:39:00 AM UTC	1213022340000	1	3	yes	24.2	78.5	20506	20827	9242	6513	0	44288	2503	495	1026	3804	0	434
June 9, 2008 6:40:00 AM UTC	1213022400000	1	4	yes	24.4	78.6	20506	20827	9253	6430	0	44360	2559	402	1172	3803	0	419
June 9, 2008 6:41:00 AM UTC	1213022460000	1	3	yes	24.6	78.8	20506	20827	9243	6495	0	44305	2535	461	1063	3806	0	435
June 9, 2008 6:42:00 AM UTC	1213022520000	1	3	yes	24.8	78.9	20506	20827	9243	6495	0	44305	2541	472	1020	3809	0	407
June 9, 2008 6:43:00 AM UTC	1213022580000	1	4	yes	25.0	79.0	20506	20827	9253	6429	0	44361	2596	433	1154	3803	0	413
June 9, 2008 6:44:00 AM UTC	1213022640000	1	4	yes	25.2	79.2	20506	20827	9243	6507	0	44293	2570	447	1130	3805	0	421
June 9, 2008 6:45:00 AM UTC	1213022700000	1	3	yes	25.4	79.3	20506	20827	9243	6507	0	44293	2578	436	1118	3807	0	416
June 9, 2008 6:46:00 AM UTC	1213022760000	1	4	yes	25.6	79.4	20506	20827	9255	6493	0	44295	2622	496	1111	3808	0	429
June 9, 2008 6:47:00 AM UTC	1213022820000	1	3	yes	25.8	79.6	20506	20827	9245	6560	0	44238	2597	495	1033	3811	0	439
June 9, 2008 6:48:00 AM UTC	1213022880000	1	3	yes	26.0	79.7	20506	20827	9245	6560	0	44238	2606	469	1052	3813	0	405
June 9, 2008 6:49:00 AM UTC	1213022940000	2	3	yes	26.2	79.8	20506	20827	9257	6487	0	44299	2657	623	944	3820	0	412
June 9, 2008 6:50:00 AM UTC	1213023000000	1	3	yes	26.4	80.0	20506	20827	9246	6560	0	44237	2624	415	1055	3820	0	427
June 9, 2008 6:51:00 AM UTC	1213023060000	1	3	yes	26.6	80.1	20506	20827	9246	6560	0	44237	2635	513	940	3824	0	417
June 9, 2008 6:52:00 AM UTC	1213023120000	1	3	yes	26.8	80.2	20506	20827	9256	6489	0	44298	2686	559	897	3818	0	422
June 9, 2008 6:53:00 AM UTC	1213023180000	1	3	yes	27.0	80.4	20506	20827	9247	6560	0	44236	2661	445	984	3824	0	385
June 9, 2008 6:54:00 AM UTC	1213023240000	1	3	yes	27.2	80.5	20506	20827	9247	6560	0	44236	2665	441	970	3830	0	347
June 9, 2008 6:55:00 AM UTC	1213023300000	1	3	yes	27.4	80.6	20506	20827	9258	6490	0	44295	2722	445	997	3832	0	383
June 9, 2008 6:56:00 AM UTC	1213023360000	1	3	yes	27.6	80.7	20506	20827	9250	6549	0	44244	2699	368	1028	3828	0	364
June 9, 2008 6:57:00 AM UTC	1213023420000	1	3	yes	27.8	80.9	20506	20827	9250	6549	0	44244	2707	411	980	3847	0	329
June 9, 2008 6:58:00 AM UTC	1213023480000	1	3	yes	28.0	81.0	20506	20827	9260	6451	0	44332	2753	429	1018	3843	0	351
June 9, 2008 6:59:00 AM UTC	1213023540000	1	3	yes	28.2	81.1	20506	20827	9251	6521	0	44271	2719	417	947	3863	0	317
June 9, 2008 7:00:00 AM UTC	1213023600000	1	3	yes	28.4	81.3	20506	20827	9251	6521	0	44271	2734	412	939	3857	0	350
June 9, 2008 7:01:00 AM UTC	1213023660000	1	3	yes	28.6	81.4	20506	20827	9242	6581	0	44220	2701	246	1068	3856	0	334
June 9, 2008 7:02:00 AM UTC	1213023720000	1	3	yes	28.8	81.5	20506	20827	9252	6520	0	44271	2752	287	1035	3870	0	292
June 9, 2008 7:03:00 AM UTC	1213023780000	1	3	yes	29.0	81.7	20506	20827	9252	6520	0	44271	2759	323	938	3873	0	276
June 9, 2008 7:04:00 AM UTC	1213023840000	1	3	yes	29.2	81.8	20506	20827	9241	6608	0	44194	2725	259	1007	3876	0	335
June 9, 2008 7:05:00 AM UTC	1213023900000	1	3	yes	29.4	81.9	20506	20827	9253	6527	0	44263	2776	280	992	3890	0	298
June 9, 2008 7:06:00 AM UTC	1213023960000	1	3	yes	29.6	82.1	20506	20827	9254	6518	0	44271	2790	218	1029	3891	0	308
June 9, 2008 7:07:00 AM UTC	1213024020000	1	3	yes	29.8	82.2	20506	20827	9244	6588	0	44211	2756	250	956	3899	0	307
June 9, 2008 7:08:00 AM UTC	1213024080000	1	3	yes	30.0	82.3	20506	20827	9255	6519	0	44269	2795	296	984	3912	0	314
June 9, 2008 7:09:00 AM UTC	1213024140000	1	3	yes	30.2	82.5	20506	20827	9255	6519	0	44269	2808	369	918	3918	0	281
June 9, 2008 7:10:00 AM UTC	1213024200000	1	3	yes	30.4	82.6	20506	20827	9245	6591	0	44207	2769	336	837	3921	0	298
June 9, 2008 7:11:00 AM UTC	1213024260000	1	2	yes	30.6	82.7	20506	20827	9256	6520	0	44267	2818	422	776	3933	0	282
June 9, 2008 7:12:00 AM UTC	1213024320000	1	3	yes	30.8	82.9	20506	20827	9256	6520	0	44267	2824	295	896	3945	0	309
June 9, 2008 7:13:00 AM UTC	1213024380000	1	2	yes	31.0	83.0	20506	20827	9245	6662	0	44136	2764	342	796	3954	0	237
June 9, 2008 7:14:00 AM UTC	1213024440000	1	3	yes	31.2	83.1	20506	20827	9256	6597	0	44190	2819	395	786	3956	0	302
June 9, 2008 7:15:00 AM UTC	1213024500000	1	2	yes	31.4	83.3	20506	20827	9256	6597	0	44190	2818	389	757	3974	0	268
June 9, 2008 7:16:00 AM UTC	1213024560000	1	3	yes	31.6	83.4	20506	20827	9245	6661	0	44137	2782	314	827	3983	1	282
June 9, 2008 7:17:00 AM UTC	1213024620000	1	3	yes	31.8	83.6	20506	20827	9257	6577	0	44209	2831	262	869	3996	1	279
June 9, 2008 7:18:00 AM UTC	1213024680000	1	2	yes	32.0	83.7	20506	20827	9257	6577	0	44209	2841	460	750	4005	2	311
June 9, 2008 7:19:00 AM UTC	1213024740000	1	2	yes	32.2	83.8	20506	20827	9246	6655	0	44142	2793	463	702	4022	3	316
June 9, 2008 7:20:00 AM UTC	1213024800000	1	3	yes	32.4	84.0	20506	20827	9258	6500	0	44285	2867	269	878	4030	2	270
June 9, 2008 7:21:00 AM UTC	1213024860000	1	3	yes	32.6	84.1	20506	20827	9258	6500	0	44285	2868	217	938	4046	4	267
June 9, 2008 7:22:00 AM UTC	1213024920000	0	3	yes	32.8	84.2	20506	20827	9247	6544	0	44252	2818	177	862	4072	4	269
June 9, 2008 7:23:00 AM UTC	1213024980000	1	2	yes	33.0	84.4	20506	20827	9258	6474	0	44311	2869	372	698	4076	5	281
June 9, 2008 7:24:00 AM UTC	1213025040000	1	3	yes	33.2	84.5	20506	20827	9258	6486	0	44299	2870	281	789	4091	4	359
June 9, 2008 7:25:00 AM UTC	1213025100000	1	2	yes	33.4	84.6	20506	20827	9248	6557	0	44238	2830	328	714	4107	8	307
June 9, 2008 7:26:00 AM UTC	1213025160000	1	2	yes	33.6	84.8	20506	20827	9259	6486	0	44298	2865	332	692	4129	2	322
June 9, 2008 7:27:00 AM UTC	1213025220000	1	2	yes	33.8	84.9	20506	20827	9259	6486	0	44298	2872	267	733	4136	2	339
June 9, 2008 7:28:00 AM UTC	1213025280000	1	2	yes	34.0	85.0	20506	20827	9248	6557	0	44238	2821	241	736	4159	15	278
June 9, 2008 7:29:00 AM UTC	1213025340000	1	2	yes	34.2	85.2	20506	20827	9260	6480	0	44303	2875	265	714	4172	6	312
June 9, 2008 7:30:00 AM UTC	1213025400000	1	2	yes	34.4	85.3	20506	20827	9260	6480	0	44303	2875	245	709	4189	12	276
June 9, 2008 7:31:00 AM UTC	1213025460000	0	3	yes	34.6	85.5	20506	20827	9249	6551	0	44243	2826	147	752	4212	2	360
June 9, 2008 7:32:00 AM UTC	1213025520000	1	2	yes	34.8	85.6	20506	20827	9260	6481	0	44302	2873	190	671	4225	9	287
June 9, 2008 7:33:00 AM UTC	1213025580000	0	2	yes	35.0	85.7	20506	20827	9260	6481	0	44302	2865	149	728	4246	4	284
June 9, 2008 7:34:00 AM UTC	1213025640000	0	2	yes	35.2	85.9	20506	20827	9249	6552	0	44242	2828	149	693	4259	12	315
June 9, 2008 7:35:00 AM UTC	1213025700000	1	2	yes	35.4	86.0	20506	20827	9260	6482	0	44301	2869	175	659	4276	8	288
June 9, 2008 7:36:00 AM UTC	1213025760000	0	2	yes	35.6	86.2	20506	20827	9250	6553	0	44240	2825	156	646	4289	13	283
June 9, 2008 7:37:00 AM UTC	1213025820000	0	2	yes	35.8	86.3	20506	20827	9260	6484	0	44299	2853	142	670	4313	7	271
June 9, 2008 7:38:00 AM UTC	1213025880000	0	2	yes	36.0	86.4	20506	20827	9260	6484	0	44299	2863	149	697	4328	8	294
June 9, 2008 7:39:00 AM UTC	1213025940000	0	2	yes	36.2	86.6	20506	20827	9250	6555	0	44238	2817	127	584	4339	3	306
June 9, 2008 7:40:00 AM UTC	1213026000000	1	2	yes	36.4	86.7	20506	20827	9260	6485	0	44298	2864	161	586	4361	12	292
June 9, 2008 7:41:00 AM UTC	1213026060000	1	2	yes	36.6	86.9	20506	20827	9260	6485	0	44298	2859	166	564	4385	10	261
June 9, 2008 7:42:00 AM UTC	1213026120000	0	2	yes	36.8	87.0	20506	20827	9249	6627	0	44167	2790	5	607	4394	6	275
June 9, 2008 7:43:00 AM UTC	1213026180000	0	2	yes	37.0	87.1	20506	20827	9259	6567	0	44217	2836	56	547	4418	3	252
June 9, 2008 7:44:00 AM UTC	1213026240000	0	2	yes	37.2	87.3	20506	20827	9259	6544	0	44240	2837	38	487	4432	4	258
June 9, 2008 7:45:00 AM UTC	1213026300000	0	2	yes	37.4	87.4	20506	20827	9249	6617	0	44177	2787	38	469	4448	3	250
June 9, 2008 7:46:00 AM UTC	1213026360000	0	2	yes	37.6	87.6	20506	20827	9261	6543	0	44239	2837	90	451	4461	5	243
June 9, 2008 7:47:00 AM UTC	1213026420000	0	2	yes	37.8	87.7	20506	20827	9261	6543	0	44239	2840	76	419	4480	2	227
June 9, 2008 7:48:00 AM UTC	1213026480000	0	1	yes	38.0	87.9	20506	20827	9249	6615	0	44179	2785	59	379	4499	3	223
June 9, 2008 7:49:00 AM UTC	1213026540000	0	1	yes	38.2	88.0	20506	20827	9261	6544	0	44238	2827	111	381	4519	4	225
June 9, 2008 7:50:00 AM UTC	1213026600000	0	1	yes	38.4	88.1	20506	20827	9249	6616	0	44178	2787	112	331	4530	6	197
June 9, 2008 7:51:00 AM UTC	1213026660000	0	1	yes	38.6	88.3	20506	20827	9249	6616	0	44178	2786	110	336	4546	4	185
June 9, 2008 7:52:00 AM UTC	1213026720000	0	1	yes	38.8	88.4	20506	20827	9261	6545	0	44237	2828	44	347	4575	0	167
June 9, 2008 7:53:00 AM UTC	1213026780000	0	1	yes	39.0	88.6	20506	20827	9249	6617	0	44177	2780	26	314	4586	0	178
June 9, 2008 7:54:00 AM UTC	1213026840000	0	1	yes	39.2	88.7	20506	20827	9261	6545	0	44237	2815	43	324	4612	0	199
June 9, 2008 7:55:00 AM UTC	1213026900000	0	1	yes	39.4	88.9	20506	20827	9261	6463	0	44319	2851	55	303	4622	0	145
June 9, 2008 7:56:00 AM UTC	1213026960000	0	1	yes	39.6	89.0	20506	20827	9249	6534	0	44260	2808	63	327	4635	0	184
June 9, 2008 7:57:00 AM UTC	1213027020000	0	1	yes	39.8	89.2	20506	20827	9261	6462	0	44320	2849	78	322	4660	0	117
June 9, 2008 7:58:00 AM UTC	1213027080000	0	1	yes	40.0	89.3	20506	20827	9261	6462	0	44320	2849	93	289	4679	0	166
June 9, 2008 7:59:00 AM UTC	1213027140000	0	1	yes	40.2	89.4	20506	20827	9249	6533	0	44261	2792	81	277	4687	0	92
June 9, 2008 8:00:00 AM UTC	1213027200000	0	1	yes	40.4	89.6	20506	20827	9261	6461	0	44321	2845	132	239	4713	6	102
June 9, 2008 8:01:00 AM UTC	1213027260000	0	1	yes	40.6	89.7	20506	20827	9249	6614	0	44180	2762	143	206	4727	2	99
June 9, 2008 8:02:00 AM UTC	1213027320000	0	1	yes	40.8	89.9	20506	20827	9249	6614	0	44180	2770	139	216	4739	6	64
June 9, 2008 8:03:00 AM UTC	1213027380000	0	1	yes	41.0	90.0	20506	20827	9261	6506	0	44276	2847	60	252	4766	0	67
June 9, 2008 8:04:00 AM UTC	1213027440000	0	1	yes	41.2	90.2	20506	20827	9261	6469	0	44313	2841	73	255	4781	0	52
June 9, 2008 8:05:00 AM UTC	1213027500000	0	1	yes	41.4	90.3	20506	20827	9261	6469	0	44313	2837	47	274	4803	0	71
June 9, 2008 8:06:00 AM UTC	1213027560000	0	1	yes	41.6	90.5	20506	20827	9261	6469	0	44313	2837	58	237	4820	0	27
June 9, 2008 8:07:00 AM UTC	1213027620000	0	1	yes	41.8	90.6	20506	20827	9249	6541	0	44253	2796	65	183	4822	0	27
June 9, 2008 8:08:00 AM UTC	1213027680000	0	1	yes	42.0	90.8	20506	20827	9261	6470	0	44312	2835	99	188	4856	0	34
June 9, 2008 8:09:00 AM UTC	1213027740000	0	1	yes	42.2	90.9	20506	20827	9249	6542	0	44252	2789	89	189	4862	0	25
June 9, 2008 8:10:00 AM UTC	1213027800000	0	1	yes	42.4	91.1	20506	20827	9261	6471	0	44311	2830	139	195	4888	3	24
June 9, 2008 8:11:00 AM UTC	1213027860000	0	1	yes	42.6	91.2	20506	20827	9261	6545	0	44237	2789	92	192	4907	6	25
June 9, 2008 8:12:00 AM UTC	1213027920000	0	1	yes	42.8	91.4	20506	20827	9249	6617	0	44177	2759	94	205	4910	2	30
June 9, 2008 8:13:00 AM UTC	1213027980000	0	1	yes	43.0	91.6	20506	20827	9261	6545	0	44237	2797	25	173	4935	0	15
June 9, 2008 8:14:00 AM UTC	1213028040000	0	1	yes	43.2	91.7	20506	20827	9249	6616	0	44178	2756	25	180	4944	0	21
June 9, 2008 8:15:00 AM UTC	1213028100000	0	1	yes	43.4	91.9	20506	20827	9249	6616	0	44178	2750	25	161	4965	0	14
June 9, 2008 8:16:00 AM UTC	1213028160000	0	1	yes	43.6	92.0	20506	20827	9261	6544	0	44238	2800	56	167	4987	0	13
June 9, 2008 8:17:00 AM UTC	1213028220000	0	1	yes	43.8	92.2	20506	20827	9249	6615	0	44179	2750	56	168	4999	0	21
June 9, 2008 8:18:00 AM UTC	1213028280000	0	1	yes	44.0	92.3	20506	20827	9261	6543	0	44239	2784	75	176	5019	2	24
June 9, 2008 8:19:00 AM UTC	1213028340000	0	1	yes	44.2	92.5	20506	20827	9261	6543	0	44239	2789	80	178	5039	2	28
June 9, 2008 8:20:00 AM UTC	1213028400000	0	1	yes	44.4	92.6	20506	20827	9249	6617	0	44177	2756	73	169	5042	1	27
June 9, 2008 8:21:00 AM UTC	1213028460000	0	1	yes	44.6	92.8	20506	20827	9259	6544	0	44240	2786	117	169	5076	15	26
June 9, 2008 8:22:00 AM UTC	1213028520000	0	0	yes	44.8	93.0	20506	20827	9249	6627	0	44167	2741	12	164	5077	0	0
June 9, 2008 8:23:00 AM UTC	1213028580000	0	0	yes	45.0	93.1	20506	20827	9260	6477	0	44306	2805	38	166	5109	0	7
June 9, 2008 8:24:00 AM UTC	1213028640000	0	0	yes	45.2	93.3	20506	20827	9260	6477	0	44306	2808	42	151	5123	0	9
June 9, 2008 8:25:00 AM UTC	1213028700000	0	0	yes	45.4	93.4	20506	20827	9250	6549	0	44244	2766	40	136	5131	0	9
June 9, 2008 8:26:00 AM UTC	1213028760000	0	1	yes	45.6	93.6	20506	20827	9260	6478	0	44305	2814	77	161	5157	0	17
June 9, 2008 8:27:00 AM UTC	1213028820000	0	0	yes	45.8	93.8	20506	20827	9250	6549	0	44244	2769	81	143	5159	0	18
June 9, 2008 8:28:00 AM UTC	1213028880000	0	0	yes	46.0	93.9	20506	20827	9260	6479	0	44304	2806	107	121	5191	2	30
June 9, 2008 8:29:00 AM UTC	1213028940000	0	0	yes	46.2	94.1	20506	20827	9260	6479	0	44304	2806	109	137	5209	7	29
June 9, 2008 8:30:00 AM UTC	1213029000000	0	0	yes	46.4	94.3	20506	20827	9260	6480	0	44303	2802	141	148	5224	14	25
June 9, 2008 8:31:00 AM UTC	1213029060000	0	0	yes	46.6	94.4	20506	20827	9260	6480	0	44303	2802	143	140	5240	24	26
June 9, 2008 8:32:00 AM UTC	1213029120000	0	0	yes	46.8	94.6	20506	20827	9249	6551	0	44243	2760	25	119	5243	0	1
June 9, 2008 8:33:00 AM UTC	1213029180000	0	0	yes	47.0	94.8	20506	20827	9260	6481	0	44302	2804	57	139	5270	0	5
June 9, 2008 8:34:00 AM UTC	1213029240000	0	0	yes	47.2	94.9	20506	20827	9248	6559	0	44236	2756	56	118	5275	0	2
June 9, 2008 8:35:00 AM UTC	1213029300000	0	0	yes	47.4	95.1	20506	20827	9259	6489	0	44295	2799	82	141	5299	0	19
June 9, 2008 8:36:00 AM UTC	1213029360000	0	0	yes	47.6	95.3	20506	20827	9259	6489	0	44295	2794	83	141	5317	0	13
June 9, 2008 8:37:00 AM UTC	1213029420000	0	0	yes	47.8	95.4	20506	20827	9248	6561	0	44234	2753	87	139	5315	0	20
June 9, 2008 8:38:00 AM UTC	1213029480000	0	0	yes	48.0	95.6	20506	20827	9258	6491	0	44294	2782	124	136	5347	5	16
June 9, 2008 8:39:00 AM UTC	1213029540000	0	0	yes	48.2	95.8	20506	20827	9247	6548	0	44248	2751	112	140	5348	5	15
June 9, 2008 8:40:00 AM UTC	1213029600000	1	0	yes	48.4	95.9	20506	20827	9258	6504	0	44281	2782	153	137	5382	16	17
June 9, 2008 8:41:00 AM UTC	1213029660000	0	0	yes	48.6	96.1	20506	20827	9257	6580	0	44206	2751	32	101	5391	0	2
June 9, 2008 8:42:00 AM UTC	1213029720000	0	0	yes	48.8	96.3	20506	20827	9257	6574	0	44212	2746	45	117	5406	0	5
June 9, 2008 8:43:00 AM UTC	1213029780000	0	0	yes	49.0	96.5	20506	20827	9257	6574	0	44212	2749	48	104	5418	0	9
June 9, 2008 8:44:00 AM UTC	1213029840000	0	0	yes	49.2	96.6	20506	20827	9256	6598	0	44189	2732	72	111	5430	0	19
June 9, 2008 8:45:00 AM UTC	1213029900000	0	0	yes	49.4	96.8	20506	20827	9256	6598	0	44189	2728	68	113	5445	0	18
June 9, 2008 8:46:00 AM UTC	1213029960000	0	0	yes	49.6	97.0	20506	20827	9245	6662	0	44136	2698	69	114	5442	0	22
June 9, 2008 8:47:00 AM UTC	1213030020000	0	0	yes	49.8	97.2	20506	20827	9256	6513	0	44274	2773	95	128	5478	4	22
June 9, 2008 8:48:00 AM UTC	1213030080000	0	0	yes	50.0	97.4	20506	20827	9245	6585	0	44213	2730	102	115	5475	5	24
June 9, 2008 8:49:00 AM UTC	1213030140000	0	0	yes	50.2	97.5	20506	20827	9255	6514	0	44274	2768	131	120	5508	21	26
June 9, 2008 8:50:00 AM UTC	1213030200000	0	0	yes	50.4	97.7	20506	20827	9255	6514	0	44274	2767	38	103	5521	0	3
June 9, 2008 8:51:00 AM UTC	1213030260000	0	0	yes	50.6	97.9	20506	20827	9254	6514	0	44275	2761	58	124	5533	0	10
June 9, 2008 8:52:00 AM UTC	1213030320000	0	0	yes	50.8	98.1	20506	20827	9253	6523	0	44267	2751	76	105	5554	0	7
June 9, 2008 8:53:00 AM UTC	1213030380000	0	0	yes	51.0	98.3	20506	20827	9252	6534	0	44257	2756	97	118	5550	0	22
June 9, 2008 8:54:00 AM UTC	1213030440000	0	0	yes	51.2	98.5	20506	20827	9252	6517	0	44274	2757	80	126	5578	0	15
June 9, 2008 8:55:00 AM UTC	1213030500000	0	0	yes	51.4	98.6	20506	20827	9251	6518	0	44274	2755	113	121	5582	16	32
June 9, 2008 8:56:00 AM UTC	1213030560000	0	0	yes	51.6	98.8	20506	20827	9251	6518	0	44274	2749	118	117	5611	9	22
June 9, 2008 8:57:00 AM UTC	1213030620000	1	0	yes	51.8	99.0	20506	20827	9250	6519	0	44274	2747	158	116	5608	26	26
June 9, 2008 8:58:00 AM UTC	1213030680000	1	0	yes	52.0	99.2	20506	20827	9250	6550	0	44243	2741	156	120	5635	28	26
June 9, 2008 8:59:00 AM UTC	1213030740000	0	0	yes	52.2	99.4	20506	20827	9258	6491	0	44294	2770	52	116	5655	0	10
June 9, 2008 9:00:00 AM UTC	1213030800000	0	0	yes	52.4	99.6	20506	20827	9247	6562	0	44234	2735	50	126	5653	0	11
June 9, 2008 9:01:00 AM UTC	1213030860000	0	0	yes	52.6	99.8	20506	20827	9256	6493	0	44294	2766	84	120	5678	0	17
June 9, 2008 9:02:00 AM UTC	1213030920000	0	0	yes	52.8	100.0	20506	20827	9246	6565	0	44232	2731	76	125	5672	0	18
June 9, 2008 9:03:00 AM UTC	1213030980000	0	0	yes	53.0	100.2	20506	20827	9246	6565	0	44232	2732	71	132	5680	0	21
June 9, 2008 9:04:00 AM UTC	1213031040000	0	0	yes	53.1	100.4	20506	20827	9245	6565	0	44233	2732	110	126	5693	11	26
June 9, 2008 9:05:00 AM UTC	1213031100000	0	0	yes	53.3	100.6	20506	20827	9245	6565	0	44233	2729	119	123	5705	12	24
June 9, 2008 9:06:00 AM UTC	1213031160000	0	0	yes	53.5	100.8	20506	20827	9243	6506	0	44294	2758	135	129	5720	31	23
June 9, 2008 9:07:00 AM UTC	1213031220000	0	0	yes	53.7	101.0	20506	20827	9243	6500	0	44300	2751	49	106	5727	0	5
June 9, 2008 9:08:00 AM UTC	1213031280000	0	0	yes	53.9	101.2	20506	20827	9243	6493	0	44307	2754	67	128	5737	0	20
June 9, 2008 9:09:00 AM UTC	1213031340000	0	0	yes	54.1	101.4	20506	20827	9253	6428	0	44362	2784	98	120	5769	0	33
June 9, 2008 9:10:00 AM UTC	1213031400000	0	0	yes	54.3	101.6	20506	20827	9242	6513	0	44288	2742	105	111	5755	1	31
June 9, 2008 9:11:00 AM UTC	1213031460000	0	0	yes	54.5	101.8	20506	20827	9254	6430	0	44359	2787	139	116	5793	17	39
June 9, 2008 9:12:00 AM UTC	1213031520000	0	0	yes	54.7	102.0	20506	20827	9240	6591	0	44212	2705	92	119	5763	7	30
June 9, 2008 9:13:00 AM UTC	1213031580000	0	0	yes	54.9	102.2	20506	20827	9251	6521	0	44271	2740	114	120	5796	21	30
June 9, 2008 9:14:00 AM UTC	1213031640000	0	0	yes	55.1	102.4	20506	20827	9240	6590	0	44213	2697	109	128	5781	24	31
June 9, 2008 9:15:00 AM UTC	1213031700000	0	0	yes	55.3	102.6	20506	20827	9251	6555	0	44237	2722	48	104	5813	0	14
June 9, 2008 9:16:00 AM UTC	1213031760000	0	0	yes	55.5	102.8	20506	20827	9242	6613	0	44188	2695	47	121	5800	0	16
June 9, 2008 9:17:00 AM UTC	1213031820000	0	0	yes	55.7	103.0	20506	20827	9251	6555	0	44237	2721	78	117	5828	0	32
June 9, 2008 9:18:00 AM UTC	1213031880000	0	0	yes	55.9	103.3	20506	20827	9240	6627	0	44176	2690	61	127	5809	0	26
June 9, 2008 9:19:00 AM UTC	1213031940000	0	0	yes	56.1	103.5	20506	20827	9251	6556	0	44236	2715	95	118	5840	8	31
June 9, 2008 9:20:00 AM UTC	1213032000000	0	0	yes	56.3	103.7	20506	20827	9240	6625	0	44178	2678	91	117	5823	9	24
June 9, 2008 9:21:00 AM UTC	1213032060000	0	0	yes	56.5	103.9	20506	20827	9250	6555	0	44238	2708	113	127	5851	27	40
June 9, 2008 9:22:00 AM UTC	1213032120000	0	0	yes	56.7	104.1	20506	20827	9250	6497	0	44296	2743	47	110	5858	0	11
June 9, 2008 9:23:00 AM UTC	1213032180000	0	0	yes	56.9	104.4	20506	20827	9250	6497	0	44296	2740	36	106	5869	0	13
June 9, 2008 9:24:00 AM UTC	1213032240000	0	0	yes	57.1	104.6	20506	20827	9250	6499	0	44294	2738	61	104	5873	0	15
June 9, 2008 9:25:00 AM UTC	1213032300000	0	0	yes	57.3	104.8	20506	20827	9250	6499	0	44294	2736	74	108	5876	0	21
June 9, 2008 9:26:00 AM UTC	1213032360000	0	0	yes	57.5	105.0	20506	20827	9248	6516	0	44279	2735	97	111	5872	8	35
June 9, 2008 9:27:00 AM UTC	1213032420000	0	0	yes	57.6	105.3	20506	20827	9248	6516	0	44279	2723	93	117	5876	11	28
June 9, 2008 9:28:00 AM UTC	1213032480000	0	0	yes	57.8	105.5	20506	20827	9248	6516	0	44279	2723	135	99	5882	22	25
June 9, 2008 9:29:00 AM UTC	1213032540000	1	0	yes	58.0	105.7	20506	20827	9248	6516	0	44279	2728	153	105	5887	39	24
June 9, 2008 9:30:00 AM UTC	1213032600000	0	0	yes	58.2	106.0	20506	20827	9247	6557	0	44239	2709	50	108	5883	0	12
June 9, 2008 9:31:00 AM UTC	1213032660000	0	0	yes	58.4	106.2	20506	20827	9246	6556	0	44241	2704	88	103	5885	1	21
June 9, 2008 9:32:00 AM UTC	1213032720000	0	0	yes	58.6	106.5	20506	20827	9246	6556	0	44241	2703	69	104	5886	1	23
June 9, 2008 9:33:00 AM UTC	1213032780000	0	0	yes	58.8	106.7	20506	20827	9247	6557	0	44239	2696	101	101	5887	13	18
June 9, 2008 9:34:00 AM UTC	1213032840000	1	0	yes	59.0	107.0	20506	20827	9254	6510	0	44279	2722	147	93	5902	24	17
June 9, 2008 9:35:00 AM UTC	1213032900000	1	0	yes	59.2	107.2	20506	20827	9244	6578	0	44221	2688	140	106	5873	27	24
June 9, 2008 9:36:00 AM UTC	1213032960000	1	0	yes	59.4	107.4	20506	20827	9244	6518	0	44281	2725	181	92	5886	55	27
June 9, 2008 9:37:00 AM UTC	1213033020000	0	0	yes	59.6	107.7	20506	20827	9244	6518	0	44281	2723	74	93	5882	0	14
June 9, 2008 9:38:00 AM UTC	1213033080000	0	0	yes	59.8	108.0	20506	20827	9245	6527	0	44271	2725	102	90	5879	2	26
June 9, 2008 9:39:00 AM UTC	1213033140000	0	0	yes	60.0	108.2	20506	20827	9254	6465	0	44324	2752	133	87	5902	13	22
June 9, 2008 9:40:00 AM UTC	1213033200000	0	0	yes	60.1	108.5	20506	20827	9244	6509	0	44290	2716	119	82	5882	17	22
June 9, 2008 9:41:00 AM UTC	1213033260000	1	0	yes	60.3	108.7	20506	20827	9252	6464	0	44327	2730	151	92	5900	35	21
June 9, 2008 9:42:00 AM UTC	1213033320000	1	0	yes	60.5	109.0	20506	20827	9252	6464	0	44327	2731	187	78	5898	61	21
June 9, 2008 9:43:00 AM UTC	1213033380000	0	0	yes	60.7	109.3	20506	20827	9244	6535	0	44264	2697	77	83	5877	0	3
June 9, 2008 9:44:00 AM UTC	1213033440000	0	0	yes	60.9	109.5	20506	20827	9248	6489	0	44306	2723	107	83	5889	0	8
June 9, 2008 9:45:00 AM UTC	1213033500000	0	0	yes	61.1	109.8	20506	20827	9249	6489	0	44305	2720	120	87	5892	14	18
June 9, 2008 9:46:00 AM UTC	1213033560000	0	0	yes	61.3	110.1	20506	20827	9248	6610	0	44185	2663	80	88	5881	8	9
June 9, 2008 9:47:00 AM UTC	1213033620000	0	0	yes	61.5	110.3	20506	20827	9246	6615	0	44182	2651	129	72	5878	19	10
June 9, 2008 9:48:00 AM UTC	1213033680000	0	0	yes	61.7	110.6	20506	20827	9248	6542	0	44253	2699	54	79	5888	0	5
June 9, 2008 9:49:00 AM UTC	1213033740000	0	0	yes	61.8	110.9	20506	20827	9248	6547	0	44248	2678	43	72	5885	0	3
June 9, 2008 9:50:00 AM UTC	1213033800000	0	0	yes	62.0	111.2	20506	20827	9243	6577	0	44223	2676	60	84	5874	0	13
June 9, 2008 9:51:00 AM UTC	1213033860000	0	0	yes	62.2	111.5	20506	20827	9243	6577	0	44223	2671	78	79	5872	7	16
June 9, 2008 9:52:00 AM UTC	1213033920000	0	0	yes	62.4	111.8	20506	20827	9258	6485	0	44300	2712	117	85	5912	23	17
June 9, 2008 9:53:00 AM UTC	1213033980000	0	0	yes	62.6	112.1	20506	20827	9245	6576	0	44222	2674	113	76	5877	24	19
June 9, 2008 9:54:00 AM UTC	1213034040000	0	0	yes	62.8	112.4	20506	20827	9245	6576	0	44222	2673	35	78	5876	0	3
June 9, 2008 9:55:00 AM UTC	1213034100000	0	0	yes	63.0	112.7	20506	20827	9248	6549	0	44246	2679	65	84	5889	1	14
June 9, 2008 9:56:00 AM UTC	1213034160000	0	0	yes	63.1	113.0	20506	20827	9240	6603	0	44200	2663	60	87	5866	1	4
June 9, 2008 9:57:00 AM UTC	1213034220000	0	0	yes	63.3	113.3	20506	20827	9245	6575	0	44223	2669	87	87	5876	13	11
June 9, 2008 9:58:00 AM UTC	1213034280000	0	0	yes	63.5	113.6	20506	20827	9251	6480	0	44312	2708	94	87	5895	19	5
June 9, 2008 9:59:00 AM UTC	1213034340000	1	0	yes	63.7	113.9	20506	20827	9251	6481	0	44311	2709	133	90	5894	40	8
June 9, 2008 10:00:00 AM UTC	1213034400000	0	0	yes	63.9	114.2	20506	20827	9235	6624	0	44184	2653	43	78	5856	1	4
June 9, 2008 10:01:00 AM UTC	1213034460000	0	0	yes	64.1	114.5	20506	20827	9246	6559	0	44238	2675	68	80	5879	4	5
June 9, 2008 10:02:00 AM UTC	1213034520000	0	0	yes	64.2	114.8	20506	20827	9249	6529	0	44265	2687	104	80	5894	10	6
June 9, 2008 10:03:00 AM UTC	1213034580000	0	0	yes	64.4	115.2	20506	20827	9246	6559	0	44238	2680	122	90	5883	18	8
June 9, 2008 10:04:00 AM UTC	1213034640000	1	0	yes	64.6	115.5	20506	20827	9256	6493	0	44294	2703	144	85	5907	50	13
June 9, 2008 10:05:00 AM UTC	1213034700000	0	0	yes	64.8	115.8	20506	20827	9241	6602	0	44200	2645	58	65	5869	0	2
June 9, 2008 10:06:00 AM UTC	1213034760000	0	0	yes	65.0	116.2	20506	20827	9245	6573	0	44225	2651	86	75	5878	2	2
June 9, 2008 10:07:00 AM UTC	1213034820000	0	0	yes	65.2	116.5	20506	20827	9252	6474	0	44317	2714	91	86	5898	6	4
June 9, 2008 10:08:00 AM UTC	1213034880000	0	0	yes	65.3	116.8	20506	20827	9252	6475	0	44316	2707	115	90	5897	22	7
June 9, 2008 10:09:00 AM UTC	1213034940000	1	0	yes	65.5	117.2	20506	20827	9252	6475	0	44316	2715	151	91	5900	41	3
June 9, 2008 10:10:00 AM UTC	1213035000000	0	0	yes	65.7	117.5	20506	20827	9253	6477	0	44313	2708	79	97	5891	4	8
June 9, 2008 10:11:00 AM UTC	1213035060000	0	0	yes	65.9	117.9	20506	20827	9247	6509	0	44287	2704	78	87	5885	4	7
June 9, 2008 10:12:00 AM UTC	1213035120000	0	0	yes	66.0	118.3	20506	20827	9247	6528	0	44268	2666	93	82	5882	8	5
June 9, 2008 10:13:00 AM UTC	1213035180000	0	0	yes	66.2	118.6	20506	20827	9247	6528	0	44268	2676	118	82	5881	19	3
June 9, 2008 10:14:00 AM UTC	1213035240000	0	0	yes	66.4	119.0	20506	20827	9241	6617	0	44185	2634	65	83	5865	1	1
June 9, 2008 10:15:00 AM UTC	1213035300000	0	0	yes	66.6	119.4	20506	20827	9256	6464	0	44323	2702	99	80	5910	6	2
June 9, 2008 10:16:00 AM UTC	1213035360000	0	0	yes	66.7	119.8	20506	20827	9252	6493	0	44298	2700	121	88	5898	7	0
June 9, 2008 10:17:00 AM UTC	1213035420000	1	0	yes	66.9	120.1	20506	20827	9247	6527	0	44269	2694	147	74	5885	33	4
June 9, 2008 10:18:00 AM UTC	1213035480000	0	0	yes	67.1	120.5	20506	20827	9252	6511	0	44280	2682	83	84	5898	4	6
June 9, 2008 10:19:00 AM UTC	1213035540000	0	0	yes	67.3	120.9	20506	20827	9247	6555	0	44241	2668	82	84	5880	3	3
June 9, 2008 10:20:00 AM UTC	1213035600000	0	0	yes	67.4	121.3	20506	20827	9252	6520	0	44271	2671	96	85	5894	6	2
June 9, 2008 10:21:00 AM UTC	1213035660000	1	0	yes	67.6	121.7	20506	20827	9247	6555	0	44241	2658	129	92	5880	23	3
June 9, 2008 10:22:00 AM UTC	1213035720000	0	0	yes	67.8	122.1	20506	20827	9246	6498	0	44299	2717	89	86	5886	4	0
June 9, 2008 10:23:00 AM UTC	1213035780000	0	0	yes	67.9	122.5	20506	20827	9241	6530	0	44272	2695	100	100	5870	5	2
June 9, 2008 10:24:00 AM UTC	1213035840000	0	0	yes	68.1	123.0	20506	20827	9249	6503	0	44291	2688	89	97	5891	5	0
June 9, 2008 10:25:00 AM UTC	1213035900000	0	0	yes	68.3	123.4	20506	20827	9248	6504	0	44291	2679	71	87	5893	0	2
June 9, 2008 10:26:00 AM UTC	1213035960000	0	0	yes	68.5	123.8	20506	20827	9243	6543	0	44257	2664	85	79	5875	4	12
June 9, 2008 10:27:00 AM UTC	1213036020000	0	0	yes	68.6	124.2	20506	20827	9248	6504	0	44291	2682	111	85	5893	18	7
June 9, 2008 10:28:00 AM UTC	1213036080000	1	0	yes	68.8	124.7	20506	20827	9246	6487	0	44310	2708	134	83	5890	29	9
June 9, 2008 10:29:00 AM UTC	1213036140000	0	0	yes	68.9	125.1	20506	20827	9242	6546	0	44255	2677	80	95	5891	3	6
June 9, 2008 10:30:00 AM UTC	1213036200000	0	0	yes	69.1	125.6	20506	20827	9251	6527	0	44265	2671	100	78	5906	49	1
June 9, 2008 10:31:00 AM UTC	1213036260000	1	0	yes	69.3	126.0	20506	20827	9245	6565	0	44233	2651	115	97	5886	74	0
June 9, 2008 10:32:00 AM UTC	1213036320000	0	0	yes	69.4	126.5	20506	20827	9246	6565	0	44232	2663	75	86	5881	18	0
June 9, 2008 10:33:00 AM UTC	1213036380000	0	0	yes	69.6	127.0	20506	20827	9245	6565	0	44233	2656	94	82	5885	22	1
June 9, 2008 10:34:00 AM UTC	1213036440000	1	0	yes	69.8	127.4	20506	20827	9247	6509	0	44287	2701	116	93	5894	70	1
June 9, 2008 10:35:00 AM UTC	1213036500000	1	0	yes	69.9	127.9	20506	20827	9248	6538	0	44257	2677	118	85	5892	88	0
June 9, 2008 10:36:00 AM UTC	1213036560000	0	0	yes	70.1	128.4	20506	20827	9239	6595	0	44209	2652	90	91	5868	24	0
June 9, 2008 10:37:00 AM UTC	1213036620000	1	0	yes	70.2	128.9	20506	20827	9247	6539	0	44257	2673	115	94	5888	38	0
June 9, 2008 10:38:00 AM UTC	1213036680000	1	0	yes	70.4	129.4	20506	20827	9255	6487	1	44300	2682	158	95	5909	102	0
June 9, 2008 10:39:00 AM UTC	1213036740000	0	0	yes	70.5	129.9	20506	20827	9249	6474	0	44320	2717	101	96	5898	16	0
June 9, 2008 10:40:00 AM UTC	1213036800000	1	0	yes	70.7	130.4	20506	20827	9249	6519	1	44274	2680	106	86	5892	51	1
June 9, 2008 10:41:00 AM UTC	1213036860000	1	0	yes	70.8	131.0	20506	20827	9249	6519	1	44274	2685	137	80	5895	88	2
June 9, 2008 10:42:00 AM UTC	1213036920000	0	0	yes	71.0	131.5	20506	20827	9250	6518	2	44273	2681	83	85	5895	32	0
June 9, 2008 10:43:00 AM UTC	1213036980000	1	0	yes	71.1	132.0	20506	20827	9243	6563	2	44235	2666	109	82	5879	59	0
June 9, 2008 10:44:00 AM UTC	1213037040000	0	0	yes	71.3	132.6	20506	20827	9243	6562	3	44235	2667	76	65	5879	28	0
June 9, 2008 10:45:00 AM UTC	1213037100000	0	0	yes	71.4	133.1	20506	20827	9242	6639	2	44160	2631	73	86	5874	15	0
June 9, 2008 10:46:00 AM UTC	1213037160000	1	0	yes	71.6	133.7	20506	20827	9251	6577	5	44210	2657	118	87	5893	73	0
June 9, 2008 10:47:00 AM UTC	1213037220000	0	0	yes	71.7	134.3	20506	20827	9251	6577	3	44212	2650	77	84	5895	17	0
June 9, 2008 10:48:00 AM UTC	1213037280000	0	0	yes	71.9	134.8	20506	20827	9252	6571	4	44216	2656	80	70	5897	47	0
June 9, 2008 10:49:00 AM UTC	1213037340000	1	0	yes	72.0	135.4	20506	20827	9253	6570	4	44216	2660	104	68	5901	84	0
June 9, 2008 10:50:00 AM UTC	1213037400000	0	0	yes	72.2	136.0	20506	20827	9254	6517	6	44266	2688	99	79	5901	34	1
June 9, 2008 10:51:00 AM UTC	1213037460000	1	0	yes	72.3	136.6	20506	20827	9245	6620	5	44173	2636	97	84	5873	66	0
June 9, 2008 10:52:00 AM UTC	1213037520000	0	0	yes	72.4	137.2	20506	20827	9253	6622	6	44162	2602	48	59	5888	24	1
June 9, 2008 10:53:00 AM UTC	1213037580000	0	0	yes	72.6	137.9	20506	20827	9251	6580	6	44206	2640	79	72	5897	60	0
June 9, 2008 10:54:00 AM UTC	1213037640000	1	0	yes	72.7	138.5	20506	20827	9247	6566	9	44221	2671	141	79	5878	108	0
June 9, 2008 10:55:00 AM UTC	1213037700000	0	0	yes	72.8	139.1	20506	20827	9253	6522	11	44257	2681	104	72	5898	46	0
June 9, 2008 10:56:00 AM UTC	1213037760000	1	0	yes	73.0	139.8	20506	20827	9253	6540	11	44239	2678	105	75	5895	105	0
June 9, 2008 10:57:00 AM UTC	1213037820000	0	0	yes	73.1	140.4	20506	20827	9253	6541	12	44237	2680	80	76	5892	32	0
June 9, 2008 10:58:00 AM UTC	1213037880000	1	0	yes	73.2	141.1	20506	20827	9254	6541	13	44235	2689	110	87	5894	68	0
June 9, 2008 10:59:00 AM UTC	1213037940000	0	0	yes	73.3	141.8	20506	20827	9253	6541	13	44236	2693	96	74	5895	24	0
June 9, 2008 11:00:00 AM UTC	1213038000000	0	0	yes	73.5	142.4	20506	20827	9243	6614	14	44172	2667	87	86	5875	74	0
June 9, 2008 11:01:00 AM UTC	1213038060000	0	0	yes	73.6	143.1	20506	20827	9250	6571	14	44208	2681	57	65	5893	28	0
June 9, 2008 11:02:00 AM UTC	1213038120000	0	0	yes	73.7	143.8	20506	20827	9240	6626	13	44164	2673	87	76	5874	62	0
June 9, 2008 11:03:00 AM UTC	1213038180000	0	0	yes	73.8	144.5	20506	20827	9256	6528	16	44243	2703	93	81	5898	29	1
June 9, 2008 11:04:00 AM UTC	1213038240000	0	0	yes	73.9	145.2	20506	20827	9247	6610	13	44173	2674	79	76	5880	58	0
June 9, 2008 11:05:00 AM UTC	1213038300000	0	0	yes	74.1	146.0	20506	20827	9254	6575	18	44196	2681	77	66	5898	36	1
June 9, 2008 11:06:00 AM UTC	1213038360000	1	0	yes	74.2	146.7	20506	20827	9246	6569	18	44210	2721	133	71	5876	65	0
June 9, 2008 11:07:00 AM UTC	1213038420000	0	0	yes	74.3	147.5	20506	20827	9255	6540	21	44227	2716	71	71	5895	37	1
June 9, 2008 11:08:00 AM UTC	1213038480000	0	0	yes	74.4	148.2	20506	20827	9247	6599	19	44178	2706	95	72	5873	64	0
June 9, 2008 11:09:00 AM UTC	1213038540000	0	0	yes	74.5	149.0	20506	20827	9252	6560	22	44209	2716	87	68	5889	37	0
June 9, 2008 11:10:00 AM UTC	1213038600000	1	0	yes	74.6	149.7	20506	20827	9248	6555	25	44215	2734	103	72	5885	91	0
June 9, 2008 11:11:00 AM UTC	1213038660000	0	0	yes	74.7	150.5	20506	20827	9247	6618	19	44159	2693	95	74	5881	32	0
June 9, 2008 11:12:00 AM UTC	1213038720000	0	0	yes	74.8	151.3	20506	20827	9247	6617	23	44156	2701	80	55	5877	9	0
June 9, 2008 11:13:00 AM UTC	1213038780000	0	0	yes	74.9	152.1	20506	20827	9245	6596	24	44178	2736	106	70	5869	44	0
June 9, 2008 11:14:00 AM UTC	1213038840000	0	0	yes	75.0	152.9	20506	20827	9244	6636	24	44139	2709	58	50	5867	13	0
June 9, 2008 11:15:00 AM UTC	1213038900000	0	0	yes	75.1	153.7	20506	20827	9248	6604	25	44166	2712	80	53	5879	64	0
June 9, 2008 11:16:00 AM UTC	1213038960000	0	0	yes	75.2	154.6	20506	20827	9252	6573	24	44194	2725	64	67	5893	31	0
June 9, 2008 11:17:00 AM UTC	1213039020000	1	0	yes	75.2	155.4	20506	20827	9250	6618	25	44150	2702	89	60	5887	96	0
June 9, 2008 11:18:00 AM UTC	1213039080000	0	0	yes	75.3	156.3	20506	20827	9240	6681	23	44099	2688	57	53	5865	36	0
June 9, 2008 11:19:00 AM UTC	1213039140000	0	0	yes	75.4	157.1	20506	20827	9245	6609	29	44160	2741	48	50	5877	18	0
June 9, 2008 11:20:00 AM UTC	1213039200000	0	0	yes	75.5	158.0	20506	20827	9244	6592	34	44173	2752	72	55	5880	63	1
June 9, 2008 11:21:00 AM UTC	1213039260000	0	0	yes	75.6	158.8	20506	20827	9238	6697	21	44087	2706	35	46	5860	21	1
June 9, 2008 11:22:00 AM UTC	1213039320000	0	0	yes	75.6	159.7	20506	20827	9239	6604	35	44165	2764	44	42	5870	2	0
June 9, 2008 11:23:00 AM UTC	1213039380000	0	0	yes	75.7	160.6	20506	20827	9243	6579	35	44186	2779	54	50	5884	40	0
June 9, 2008 11:24:00 AM UTC	1213039440000	0	0	yes	75.8	161.5	20506	20827	9254	6546	37	44206	2780	30	48	5899	24	0
June 9, 2008 11:25:00 AM UTC	1213039500000	0	0	yes	75.8	162.4	20506	20827	9246	6578	38	44181	2771	58	57	5884	81	1
June 9, 2008 11:26:00 AM UTC	1213039560000	0	0	yes	75.9	163.3	20506	20827	9250	6556	38	44199	2788	54	52	5897	45	0
June 9, 2008 11:27:00 AM UTC	1213039620000	0	0	yes	75.9	164.2	20506	20827	9239	6694	31	44079	2719	16	32	5862	7	0
June 9, 2008 11:28:00 AM UTC	1213039680000	0	0	yes	76.0	165.2	20506	20827	9243	6636	33	44131	2757	46	56	5872	67	0
June 9, 2008 11:29:00 AM UTC	1213039740000	0	0	yes	76.0	166.1	20506	20827	9255	6555	39	44194	2780	51	58	5905	55	2
June 9, 2008 11:30:00 AM UTC	1213039800000	0	0	yes	76.1	167.0	20506	20827	9245	6617	36	44145	2767	51	60	5882	35	1
June 9, 2008 11:31:00 AM UTC	1213039860000	0	0	yes	76.1	168.0	20506	20827	9247	6591	39	44166	2778	49	66	5888	80	1
June 9, 2008 11:32:00 AM UTC	1213039920000	0	0	yes	76.2	168.9	20506	20827	9249	6550	41	44203	2810	52	51	5906	54	1
June 9, 2008 11:33:00 AM UTC	1213039980000	0	0	yes	76.2	169.9	20506	20827	9249	6550	41	44203	2810	40	44	5895	15	0
June 9, 2008 11:34:00 AM UTC	1213040040000	0	0	yes	76.2	170.8	20506	20827	9241	6680	34	44088	2741	16	24	5867	2	0
June 9, 2008 11:35:00 AM UTC	1213040100000	0	0	yes	76.3	171.8	20506	20827	9253	6601	37	44152	2759	48	44	5897	51	0
June 9, 2008 11:36:00 AM UTC	1213040160000	0	0	yes	76.3	172.7	20506	20827	9245	6646	35	44117	2767	38	34	5867	6	2
June 9, 2008 11:37:00 AM UTC	1213040220000	0	0	yes	76.3	173.7	20506	20827	9259	6493	45	44246	2840	32	31	5909	10	0
June 9, 2008 11:38:00 AM UTC	1213040280000	0	0	yes	76.3	174.7	20506	20827	9248	6633	37	44125	2769	29	33	5876	52	0
June 9, 2008 11:39:00 AM UTC	1213040340000	0	0	yes	76.4	175.6	20506	20827	9248	6613	38	44144	2785	27	30	5881	49	1
June 9, 2008 11:40:00 AM UTC	1213040400000	0	0	yes	76.4	176.6	20506	20827	9247	6615	39	44142	2785	26	38	5882	0	0
June 9, 2008 11:41:00 AM UTC	1213040460000	0	0	yes	76.4	177.6	20506	20827	9248	6614	39	44142	2783	42	60	5882	71	0
June 9, 2008 11:42:00 AM UTC	1213040520000	0	0	yes	76.4	178.6	20506	20827	9250	6590	38	44165	2805	20	11	5883	15	0
June 9, 2008 11:43:00 AM UTC	1213040580000	0	0	yes	76.4	179.6	20506	20827	9249	6592	38	44164	2803	22	27	5887	27	0
June 9, 2008 11:44:00 AM UTC	1213040640000	0	0	yes	76.4	180.5	20506	20827	9249	6592	38	44164	2804	45	53	5884	58	0
June 9, 2008 11:45:00 AM UTC	1213040700000	1	0	yes	76.4	181.5	20506	20827	9250	6606	38	44149	2792	71	56	5882	143	0
June 9, 2008 11:46:00 AM UTC	1213040760000	0	0	yes	76.4	182.5	20506	20827	9257	6544	38	44204	2803	8	14	5911	0	0
June 9, 2008 11:47:00 AM UTC	1213040820000	0	0	yes	76.4	183.5	20506	20827	9247	6613	39	44144	2787	13	11	5881	8	1
June 9, 2008 11:48:00 AM UTC	1213040880000	0	0	yes	76.4	184.4	20506	20827	9247	6609	37	44150	2792	12	9	5877	0	0
June 9, 2008 11:49:00 AM UTC	1213040940000	0	0	yes	76.3	185.4	20506	20827	9248	6627	37	44131	2772	11	11	5878	18	2
June 9, 2008 11:50:00 AM UTC	1213041000000	0	0	yes	76.3	186.4	20506	20827	9248	6557	43	44195	2827	20	16	5883	4	0
June 9, 2008 11:51:00 AM UTC	1213041060000	0	0	yes	76.3	187.3	20506	20827	9245	6641	35	44122	2773	17	4	5877	0	0
June 9, 2008 11:52:00 AM UTC	1213041120000	0	0	yes	76.3	188.3	20506	20827	9253	6598	37	44155	2765	5	1	5897	0	0
June 9, 2008 11:53:00 AM UTC	1213041180000	0	0	yes	76.2	189.3	20506	20827	9241	6677	34	44091	2743	4	3	5869	0	0
June 9, 2008 11:54:00 AM UTC	1213041240000	0	0	yes	76.2	190.2	20506	20827	9249	6546	40	44208	2814	11	7	5897	0	0
June 9, 2008 11:55:00 AM UTC	1213041300000	0	0	yes	76.2	191.2	20506	20827	9237	6614	41	44151	2801	12	7	5861	0	0
June 9, 2008 11:56:00 AM UTC	1213041360000	0	0	yes	76.1	192.1	20506	20827	9247	6588	39	44169	2782	7	8	5892	2	0
June 9, 2008 11:57:00 AM UTC	1213041420000	0	0	yes	76.1	193.1	20506	20827	9245	6612	36	44150	2772	17	2	5883	0	0
June 9, 2008 11:58:00 AM UTC	1213041480000	0	0	yes	76.0	194.0	20506	20827	9245	6613	37	44148	2769	13	8	5883	20	0
June 9, 2008 11:59:00 AM UTC	1213041540000	0	0	yes	76.0	194.9	20506	20827	9242	6663	31	44107	2733	19	5	5872	0	0
June 9, 2008 12:00:00 PM UTC	1213041600000	0	0	yes	75.9	195.8	20506	20827	9249	6623	33	44138	2743	15	4	5881	0	0
June 9, 2008 12:01:00 PM UTC	1213041660000	0	0	yes	75.9	196.8	20506	20827	9250	6551	37	44205	2793	18	4	5895	3	1
June 9, 2008 12:02:00 PM UTC	1213041720000	0	0	yes	75.8	197.7	20506	20827	9238	6641	34	44130	2754	23	4	5862	0	0
June 9, 2008 12:03:00 PM UTC	1213041780000	0	0	yes	75.8	198.6	20506	20827	9243	6608	34	44158	2767	29	4	5875	0	0
June 9, 2008 12:04:00 PM UTC	1213041840000	0	0	yes	75.7	199.5	20506	20827	9243	6573	35	44192	2777	24	6	5881	0	0
June 9, 2008 12:05:00 PM UTC	1213041900000	0	0	yes	75.6	200.3	20506	20827	9239	6598	35	44171	2770	27	11	5873	0	0
June 9, 2008 12:06:00 PM UTC	1213041960000	0	0	yes	75.5	201.2	20506	20827	9249	6627	22	44145	2721	33	7	5882	2	0
June 9, 2008 12:07:00 PM UTC	1213042020000	0	0	yes	75.5	202.1	20506	20827	9244	6586	34	44179	2753	21	2	5877	0	0
June 9, 2008 12:08:00 PM UTC	1213042080000	0	0	yes	75.4	203.0	20506	20827	9246	6602	29	44166	2746	34	2	5879	0	0
June 9, 2008 12:09:00 PM UTC	1213042140000	0	0	yes	75.3	203.8	20506	20827	9240	6675	23	44105	2692	26	5	5864	0	0
June 9, 2008 12:10:00 PM UTC	1213042200000	0	0	yes	75.2	204.7	20506	20827	9241	6675	25	44102	2688	26	3	5862	0	0
June 9, 2008 12:11:00 PM UTC	1213042260000	0	0	yes	75.1	205.5	20506	20827	9242	6664	20	44117	2694	38	6	5864	1	0
June 9, 2008 12:12:00 PM UTC	1213042320000	0	0	yes	75.1	206.3	20506	20827	9248	6598	25	44172	2716	29	3	5880	0	0
June 9, 2008 12:13:00 PM UTC	1213042380000	0	0	yes	75.0	207.1	20506	20827	9252	6566	25	44200	2729	44	3	5891	0	0
June 9, 2008 12:14:00 PM UTC	1213042440000	0	0	yes	74.9	208.0	20506	20827	9253	6528	26	44236	2755	49	4	5894	0	0
June 9, 2008 12:15:00 PM UTC	1213042500000	0	0	yes	74.8	208.8	20506	20827	9253	6576	24	44190	2709	40	6	5891	0	0
June 9, 2008 12:16:00 PM UTC	1213042560000	0	0	yes	74.7	209.5	20506	20827	9247	6611	19	44166	2697	29	6	5879	0	0
June 9, 2008 12:17:00 PM UTC	1213042620000	0	0	yes	74.6	210.3	20506	20827	9248	6547	25	44223	2735	25	5	5887	0	0
June 9, 2008 12:18:00 PM UTC	1213042680000	0	0	yes	74.5	211.1	20506	20827	9252	6552	19	44220	2718	33	5	5889	0	0
June 9, 2008 12:19:00 PM UTC	1213042740000	0	0	yes	74.4	211.9	20506	20827	9252	6553	20	44218	2719	32	5	5884	0	0
June 9, 2008 12:20:00 PM UTC	1213042800000	0	0	yes	74.3	212.6	20506	20827	9245	6611	19	44168	2694	28	3	5867	0	0
June 9, 2008 12:21:00 PM UTC	1213042860000	0	0	yes	74.2	213.4	20506	20827	9255	6503	19	44266	2740	33	4	5898	0	0
June 9, 2008 12:22:00 PM UTC	1213042920000	0	0	yes	74.1	214.1	20506	20827	9240	6647	16	44140	2668	29	2	5866	0	0
June 9, 2008 12:23:00 PM UTC	1213042980000	0	0	yes	73.9	214.8	20506	20827	9247	6596	13	44187	2677	24	3	5876	0	0
June 9, 2008 12:24:00 PM UTC	1213043040000	0	0	yes	73.8	215.5	20506	20827	9256	6519	16	44252	2701	25	3	5909	0	0
June 9, 2008 12:25:00 PM UTC	1213043100000	0	0	yes	73.7	216.2	20506	20827	9240	6617	12	44174	2673	23	2	5876	0	0
June 9, 2008 12:26:00 PM UTC	1213043160000	0	0	yes	73.6	216.9	20506	20827	9250	6562	15	44216	2683	17	2	5892	0	0
June 9, 2008 12:27:00 PM UTC	1213043220000	0	0	yes	73.5	217.6	20506	20827	9253	6540	15	44235	2689	16	2	5896	0	0
June 9, 2008 12:28:00 PM UTC	1213043280000	0	0	yes	73.3	218.3	20506	20827	9244	6587	12	44200	2679	15	0	5875	0	0
June 9, 2008 12:29:00 PM UTC	1213043340000	0	0	yes	73.2	219.0	20506	20827	9254	6532	13	44244	2687	11	0	5894	0	0
June 9, 2008 12:30:00 PM UTC	1213043400000	0	0	yes	73.1	219.6	20506	20827	9253	6532	12	44246	2682	11	5	5889	0	0
June 9, 2008 12:31:00 PM UTC	1213043460000	0	0	yes	73.0	220.3	20506	20827	9252	6568	9	44214	2648	10	4	5893	0	0
June 9, 2008 12:32:00 PM UTC	1213043520000	0	0	yes	72.8	220.9	20506	20827	9253	6510	11	44269	2683	5	1	5899	0	0
June 9, 2008 12:33:00 PM UTC	1213043580000	0	0	yes	72.7	221.6	20506	20827	9253	6510	11	44269	2684	3	1	5899	0	0
June 9, 2008 12:34:00 PM UTC	1213043640000	0	0	yes	72.6	222.2	20506	20827	9251	6568	6	44218	2639	0	1	5896	0	0
June 9, 2008 12:35:00 PM UTC	1213043700000	0	0	yes	72.4	222.8	20506	20827	9253	6559	8	44223	2644	0	1	5893	0	0
June 9, 2008 12:36:00 PM UTC	1213043760000	0	0	yes	72.3	223.4	20506	20827	9245	6609	5	44184	2635	0	0	5873	0	0
June 9, 2008 12:37:00 PM UTC	1213043820000	0	0	yes	72.2	224.0	20506	20827	9246	6605	4	44188	2637	0	0	5875	0	0
June 9, 2008 12:38:00 PM UTC	1213043880000	0	0	yes	72.0	224.6	20506	20827	9253	6560	4	44226	2658	0	0	5899	0	0
June 9, 2008 12:39:00 PM UTC	1213043940000	0	0	yes	71.9	225.2	20506	20827	9252	6509	6	44276	2688	0	0	5900	0	0
June 9, 2008 12:40:00 PM UTC	1213044000000	0	0	yes	71.7	225.8	20506	20827	9251	6549	3	44240	2648	0	0	5897	0	0
June 9, 2008 12:41:00 PM UTC	1213044060000	0	0	yes	71.6	226.4	20506	20827	9251	6553	2	44237	2654	0	0	5894	0	0
June 9, 2008 12:42:00 PM UTC	1213044120000	0	0	yes	71.4	226.9	20506	20827	9251	6553	2	44237	2650	0	0	5893	0	0
June 9, 2008 12:43:00 PM UTC	1213044180000	0	0	yes	71.3	227.5	20506	20827	9243	6552	3	44245	2670	0	0	5878	0	0
June 9, 2008 12:44:00 PM UTC	1213044240000	0	0	yes	71.1	228.0	20506	20827	9243	6552	2	44246	2664	0	0	5879	0	0
June 9, 2008 12:45:00 PM UTC	1213044300000	0	0	yes	71.0	228.6	20506	20827	9250	6507	2	44284	2683	0	0	5894	0	0
June 9, 2008 12:46:00 PM UTC	1213044360000	0	0	yes	70.8	229.1	20506	20827	9249	6508	1	44285	2682	0	0	5894	0	0
June 9, 2008 12:47:00 PM UTC	1213044420000	0	0	yes	70.7	229.6	20506	20827	9249	6508	1	44285	2680	0	0	5895	0	0
June 9, 2008 12:48:00 PM UTC	1213044480000	0	0	yes	70.5	230.1	20506	20827	9249	6464	0	44330	2717	0	0	5897	0	0
June 9, 2008 12:49:00 PM UTC	1213044540000	0	0	yes	70.4	230.6	20506	20827	9247	6525	1	44270	2669	0	0	5890	0	0
June 9, 2008 12:50:00 PM UTC	1213044600000	0	0	yes	70.2	231.1	20506	20827	9247	6525	0	44271	2675	0	0	5889	0	0
June 9, 2008 12:51:00 PM UTC	1213044660000	0	0	yes	70.1	231.6	20506	20827	9248	6524	0	44271	2674	0	0	5891	0	0
June 9, 2008 12:52:00 PM UTC	1213044720000	0	0	yes	69.9	232.1	20506	20827	9245	6554	0	44244	2662	0	0	5884	0	0
June 9, 2008 12:53:00 PM UTC	1213044780000	0	0	yes	69.8	232.6	20506	20827	9247	6500	0	44296	2701	0	1	5894	0	0
June 9, 2008 12:54:00 PM UTC	1213044840000	0	0	yes	69.6	233.1	20506	20827	9245	6556	0	44242	2657	0	0	5886	0	0
June 9, 2008 12:55:00 PM UTC	1213044900000	0	0	yes	69.4	233.6	20506	20827	9252	6514	0	44277	2673	0	1	5899	0	0
June 9, 2008 12:56:00 PM UTC	1213044960000	0	0	yes	69.3	234.0	20506	20827	9245	6556	0	44242	2651	0	1	5884	0	0
June 9, 2008 12:57:00 PM UTC	1213045020000	0	0	yes	69.1	234.5	20506	20827	9245	6555	0	44243	2659	0	1	5887	0	0
June 9, 2008 12:58:00 PM UTC	1213045080000	0	0	yes	68.9	234.9	20506	20827	9251	6482	0	44310	2700	0	0	5918	0	0
June 9, 2008 12:59:00 PM UTC	1213045140000	0	0	yes	68.8	235.4	20506	20827	9246	6480	0	44317	2710	0	0	5892	0	0
June 9, 2008 1:00:00 PM UTC	1213045200000	0	0	yes	68.6	235.8	20506	20827	9248	6496	0	44299	2681	0	0	5897	0	0
June 9, 2008 1:01:00 PM UTC	1213045260000	0	0	yes	68.4	236.2	20506	20827	9243	6533	0	44267	2663	0	0	5877	0	0
June 9, 2008 1:02:00 PM UTC	1213045320000	0	0	yes	68.3	236.7	20506	20827	9248	6496	0	44299	2680	0	0	5894	0	0
June 9, 2008 1:03:00 PM UTC	1213045380000	0	0	yes	68.1	237.1	20506	20827	9249	6495	0	44299	2689	0	0	5893	0	0
June 9, 2008 1:04:00 PM UTC	1213045440000	0	0	yes	67.9	237.5	20506	20827	9247	6494	0	44302	2701	0	0	5888	0	0
June 9, 2008 1:05:00 PM UTC	1213045500000	0	0	yes	67.8	237.9	20506	20827	9242	6525	0	44276	2707	0	0	5876	0	0
June 9, 2008 1:06:00 PM UTC	1213045560000	0	0	yes	67.6	238.3	20506	20827	9247	6548	0	44248	2655	0	0	5881	0	0
June 9, 2008 1:07:00 PM UTC	1213045620000	0	0	yes	67.4	238.7	20506	20827	9252	6513	0	44278	2674	0	0	5895	0	0
June 9, 2008 1:08:00 PM UTC	1213045680000	0	0	yes	67.3	239.1	20506	20827	9247	6548	0	44248	2663	0	0	5881	0	0
June 9, 2008 1:09:00 PM UTC	1213045740000	0	0	yes	67.1	239.5	20506	20827	9242	6554	0	44247	2680	0	0	5877	0	0
June 9, 2008 1:10:00 PM UTC	1213045800000	0	0	yes	66.9	239.9	20506	20827	9252	6492	0	44299	2708	0	0	5899	0	0
June 9, 2008 1:11:00 PM UTC	1213045860000	0	0	yes	66.7	240.3	20506	20827	9252	6492	0	44299	2699	0	0	5898	0	0
June 9, 2008 1:12:00 PM UTC	1213045920000	0	0	yes	66.6	240.7	20506	20827	9257	6454	0	44332	2709	0	0	5911	0	0
June 9, 2008 1:13:00 PM UTC	1213045980000	0	0	yes	66.4	241.0	20506	20827	9241	6615	0	44187	2634	0	0	5864	0	0
June 9, 2008 1:14:00 PM UTC	1213046040000	0	0	yes	66.2	241.4	20506	20827	9247	6527	0	44269	2673	0	0	5883	0	0
June 9, 2008 1:15:00 PM UTC	1213046100000	0	0	yes	66.0	241.8	20506	20827	9253	6494	0	44296	2679	0	0	5895	0	0
June 9, 2008 1:16:00 PM UTC	1213046160000	0	0	yes	65.9	242.1	20506	20827	9247	6510	0	44286	2705	0	0	5882	0	0
June 9, 2008 1:17:00 PM UTC	1213046220000	0	0	yes	65.7	242.5	20506	20827	9247	6543	0	44253	2673	0	0	5888	0	0
June 9, 2008 1:18:00 PM UTC	1213046280000	0	0	yes	65.5	242.9	20506	20827	9252	6476	0	44315	2712	0	1	5895	0	0
June 9, 2008 1:19:00 PM UTC	1213046340000	0	0	yes	65.3	243.2	20506	20827	9252	6476	0	44315	2710	0	2	5899	0	0
June 9, 2008 1:20:00 PM UTC	1213046400000	0	0	yes	65.1	243.5	20506	20827	9252	6475	0	44316	2712	0	0	5900	0	0
June 9, 2008 1:21:00 PM UTC	1213046460000	0	0	yes	65.0	243.9	20506	20827	9245	6573	0	44225	2651	0	0	5880	0	0
June 9, 2008 1:22:00 PM UTC	1213046520000	0	0	yes	64.8	244.2	20506	20827	9241	6604	0	44198	2648	0	0	5868	0	0
June 9, 2008 1:23:00 PM UTC	1213046580000	0	0	yes	64.6	244.6	20506	20827	9256	6498	0	44289	2697	0	0	5906	0	0
June 9, 2008 1:24:00 PM UTC	1213046640000	0	0	yes	64.4	244.9	20506	20827	9246	6561	0	44236	2684	0	0	5882	0	0
June 9, 2008 1:25:00 PM UTC	1213046700000	0	0	yes	64.2	245.2	20506	20827	9249	6532	0	44262	2684	0	0	5895	0	0
June 9, 2008 1:26:00 PM UTC	1213046760000	0	0	yes	64.1	245.5	20506	20827	9246	6561	0	44236	2672	0	0	5880	0	0
June 9, 2008 1:27:00 PM UTC	1213046820000	0	0	yes	63.9	245.8	20506	20827	9246	6561	0	44236	2677	0	0	5882	0	0
June 9, 2008 1:28:00 PM UTC	1213046880000	0	0	yes	63.7	246.2	20506	20827	9251	6483	0	44309	2709	0	0	5896	0	0
June 9, 2008 1:29:00 PM UTC	1213046940000	0	0	yes	63.5	246.5	20506	20827	9251	6482	0	44310	2709	0	0	5895	0	0
June 9, 2008 1:30:00 PM UTC	1213047000000	0	0	yes	63.3	246.8	20506	20827	9251	6536	0	44256	2685	0	0	5891	0	0
June 9, 2008 1:31:00 PM UTC	1213047060000	0	0	yes	63.1	247.1	20506	20827	9240	6602	0	44201	2663	0	0	5868	0	0
June 9, 2008 1:32:00 PM UTC	1213047120000	0	0	yes	63.0	247.4	20506	20827	9253	6509	0	44281	2696	0	0	5902	0	0
June 9, 2008 1:33:00 PM UTC	1213047180000	0	0	yes	62.8	247.7	20506	20827	9256	6509	0	44278	2700	0	0	5899	0	0
June 9, 2008 1:34:00 PM UTC	1213047240000	0	0	yes	62.6	248.0	20506	20827	9245	6575	0	44223	2673	0	0	5876	0	0
June 9, 2008 1:35:00 PM UTC	1213047300000	0	0	yes	62.4	248.3	20506	20827	9243	6576	0	44224	2675	0	0	5876	0	0
June 9, 2008 1:36:00 PM UTC	1213047360000	0	0	yes	62.2	248.6	20506	20827	9243	6576	0	44224	2677	0	0	5875	0	0
June 9, 2008 1:37:00 PM UTC	1213047420000	0	0	yes	62.0	248.9	20506	20827	9243	6575	0	44225	2676	0	0	5876	0	0
June 9, 2008 1:38:00 PM UTC	1213047480000	0	0	yes	61.8	249.1	20506	20827	9248	6542	0	44253	2693	0	0	5887	0	0
June 9, 2008 1:39:00 PM UTC	1213047540000	0	0	yes	61.6	249.4	20506	20827	9248	6542	0	44253	2702	0	0	5885	0	0
June 9, 2008 1:40:00 PM UTC	1213047600000	0	0	yes	61.5	249.7	20506	20827	9250	6588	0	44205	2665	0	2	5884	0	0
June 9, 2008 1:41:00 PM UTC	1213047660000	0	0	yes	61.3	250.0	20506	20827	9248	6612	0	44183	2663	0	0	5878	0	0
June 9, 2008 1:42:00 PM UTC	1213047720000	0	0	yes	61.1	250.2	20506	20827	9249	6491	0	44303	2720	0	0	5890	0	0
June 9, 2008 1:43:00 PM UTC	1213047780000	0	0	yes	60.9	250.5	20506	20827	9252	6469	0	44322	2732	0	0	5898	0	0
June 9, 2008 1:44:00 PM UTC	1213047840000	0	0	yes	60.7	250.8	20506	20827	9244	6536	0	44263	2698	0	1	5879	0	0
June 9, 2008 1:45:00 PM UTC	1213047900000	0	0	yes	60.5	251.0	20506	20827	9252	6466	0	44325	2736	0	0	5897	0	0
June 9, 2008 1:46:00 PM UTC	1213047960000	0	0	yes	60.3	251.3	20506	20827	9252	6466	0	44325	2729	0	0	5899	0	0
June 9, 2008 1:47:00 PM UTC	1213048020000	0	0	yes	60.1	251.6	20506	20827	9244	6501	0	44298	2733	0	0	5886	0	0
June 9, 2008 1:48:00 PM UTC	1213048080000	0	0	yes	59.9	251.8	20506	20827	9254	6456	0	44333	2750	0	0	5903	0	0
June 9, 2008 1:49:00 PM UTC	1213048140000	0	0	yes	59.8	252.1	20506	20827	9244	6529	0	44270	2719	0	0	5875	0	0
June 9, 2008 1:50:00 PM UTC	1213048200000	0	0	yes	59.6	252.3	20506	20827	9245	6498	0	44300	2726	0	0	5886	0	0
June 9, 2008 1:51:00 PM UTC	1213048260000	0	0	yes	59.4	252.6	20506	20827	9256	6435	0	44352	2760	0	1	5914	0	0
June 9, 2008 1:52:00 PM UTC	1213048320000	0	0	yes	59.2	252.8	20506	20827	9244	6580	0	44219	2688	0	1	5876	0	0
June 9, 2008 1:53:00 PM UTC	1213048380000	0	0	yes	59.0	253.1	20506	20827	9243	6580	0	44220	2692	0	2	5879	0	0
June 9, 2008 1:54:00 PM UTC	1213048440000	0	0	yes	58.8	253.3	20506	20827	9247	6561	0	44235	2695	0	0	5887	0	0
June 9, 2008 1:55:00 PM UTC	1213048500000	0	0	yes	58.6	253.6	20506	20827	9246	6561	0	44236	2702	0	0	5885	0	0
June 9, 2008 1:56:00 PM UTC	1213048560000	0	0	yes	58.4	253.8	20506	20827	9246	6561	0	44236	2706	0	1	5885	0	0
June 9, 2008 1:57:00 PM UTC	1213048620000	0	0	yes	58.2	254.1	20506	20827	9250	6499	0	44294	2737	0	0	5894	0	0
June 9, 2008 1:58:00 PM UTC	1213048680000	0	0	yes	58.0	254.3	20506	20827	9248	6518	0	44277	2728	0	1	5884	0	0
June 9, 2008 1:59:00 PM UTC	1213048740000	0	0	yes	57.8	254.5	20506	20827	9248	6518	0	44277	2722	0	0	5882	0	0
June 9, 2008 2:00:00 PM UTC	1213048800000	0	0	yes	57.6	254.8	20506	20827	9248	6517	0	44278	2722	0	0	5880	0	0
June 9, 2008 2:01:00 PM UTC	1213048860000	0	0	yes	57.4	255.0	20506	20827	9248	6517	0	44278	2737	0	0	5872	0	0
June 9, 2008 2:02:00 PM UTC	1213048920000	0	0	yes	57.3	255.2	20506	20827	9250	6500	0	44293	2735	0	0	5875	0	0
June 9, 2008 2:03:00 PM UTC	1213048980000	0	0	yes	57.1	255.5	20506	20827	9250	6500	0	44293	2741	0	0	5873	0	0
June 9, 2008 2:04:00 PM UTC	1213049040000	0	0	yes	56.9	255.7	20506	20827	9250	6498	0	44295	2737	0	1	5867	0	0
June 9, 2008 2:05:00 PM UTC	1213049100000	0	0	yes	56.7	255.9	20506	20827	9238	6568	0	44237	2711	0	0	5832	0	0
June 9, 2008 2:06:00 PM UTC	1213049160000	0	0	yes	56.5	256.1	20506	20827	9250	6556	0	44237	2708	0	1	5853	0	0
June 9, 2008 2:07:00 PM UTC	1213049220000	0	0	yes	56.3	256.3	20506	20827	9240	6625	0	44178	2676	0	0	5824	0	0
June 9, 2008 2:08:00 PM UTC	1213049280000	0	0	yes	56.1	256.6	20506	20827	9251	6557	0	44235	2723	0	1	5843	0	0
June 9, 2008 2:09:00 PM UTC	1213049340000	0	0	yes	55.9	256.8	20506	20827	9240	6627	0	44176	2692	0	0	5811	0	0
June 9, 2008 2:10:00 PM UTC	1213049400000	0	0	yes	55.7	257.0	20506	20827	9251	6557	0	44235	2720	0	2	5825	0	0
June 9, 2008 2:11:00 PM UTC	1213049460000	0	0	yes	55.5	257.2	20506	20827	9242	6609	0	44192	2698	0	2	5802	0	0
June 9, 2008 2:12:00 PM UTC	1213049520000	0	0	yes	55.3	257.4	20506	20827	9251	6558	0	44234	2720	0	2	5809	0	0
June 9, 2008 2:13:00 PM UTC	1213049580000	0	0	yes	55.1	257.6	20506	20827	9240	6590	0	44213	2702	0	1	5781	0	0
June 9, 2008 2:14:00 PM UTC	1213049640000	0	0	yes	54.9	257.9	20506	20827	9251	6519	0	44273	2739	0	1	5794	0	0
June 9, 2008 2:15:00 PM UTC	1213049700000	0	0	yes	54.7	258.1	20506	20827	9240	6588	0	44215	2706	0	1	5761	0	0
June 9, 2008 2:16:00 PM UTC	1213049760000	0	0	yes	54.5	258.3	20506	20827	9244	6485	0	44314	2756	0	2	5773	0	0
June 9, 2008 2:17:00 PM UTC	1213049820000	0	0	yes	54.3	258.5	20506	20827	9244	6485	0	44314	2755	0	0	5761	0	4
June 9, 2008 2:18:00 PM UTC	1213049880000	0	0	yes	54.1	258.7	20506	20827	9242	6503	0	44298	2746	0	1	5746	0	5
June 9, 2008 2:19:00 PM UTC	1213049940000	0	0	yes	53.9	258.9	20506	20827	9242	6503	0	44298	2755	0	2	5734	0	5
June 9, 2008 2:20:00 PM UTC	1213050000000	0	0	yes	53.7	259.1	20506	20827	9244	6492	0	44307	2753	0	1	5729	0	1
June 9, 2008 2:21:00 PM UTC	1213050060000	0	0	yes	53.5	259.3	20506	20827	9244	6497	0	44302	2764	0	1	5720	0	0
June 9, 2008 2:22:00 PM UTC	1213050120000	0	0	yes	53.3	259.5	20506	20827	9245	6565	0	44233	2728	0	0	5705	0	1
June 9, 2008 2:23:00 PM UTC	1213050180000	0	0	yes	53.1	259.7	20506	20827	9245	6565	0	44233	2734	0	0	5691	0	1
June 9, 2008 2:24:00 PM UTC	1213050240000	0	0	yes	52.9	259.9	20506	20827	9246	6565	0	44232	2732	0	0	5680	0	1
June 9, 2008 2:25:00 PM UTC	1213050300000	0	0	yes	52.7	260.1	20506	20827	9246	6565	0	44232	2729	0	0	5670	0	0
June 9, 2008 2:26:00 PM UTC	1213050360000	0	0	yes	52.5	260.3	20506	20827	9247	6563	0	44233	2728	0	0	5653	0	0
June 9, 2008 2:27:00 PM UTC	1213050420000	0	0	yes	52.4	260.5	20506	20827	9247	6563	0	44233	2734	0	0	5650	0	0
June 9, 2008 2:28:00 PM UTC	1213050480000	0	0	yes	52.2	260.6	20506	20827	9250	6551	0	44242	2741	0	0	5638	0	0
June 9, 2008 2:29:00 PM UTC	1213050540000	0	0	yes	52.0	260.8	20506	20827	9250	6551	0	44242	2744	0	1	5635	0	0
June 9, 2008 2:30:00 PM UTC	1213050600000	0	0	yes	51.8	261.0	20506	20827	9251	6518	0	44274	2751	0	2	5604	0	1
June 9, 2008 2:31:00 PM UTC	1213050660000	0	0	yes	51.6	261.2	20506	20827	9251	6518	0	44274	2748	0	0	5608	0	1
June 9, 2008 2:32:00 PM UTC	1213050720000	0	0	yes	51.4	261.4	20506	20827	9251	6518	0	44274	2754	0	1	5580	0	1
June 9, 2008 2:33:00 PM UTC	1213050780000	0	0	yes	51.2	261.6	20506	20827	9252	6515	0	44276	2756	0	0	5578	0	0
June 9, 2008 2:34:00 PM UTC	1213050840000	0	0	yes	51.0	261.8	20506	20827	9254	6515	0	44274	2760	0	0	5554	0	0
June 9, 2008 2:35:00 PM UTC	1213050900000	0	0	yes	50.8	262.0	20506	20827	9253	6525	0	44265	2753	0	0	5551	0	0
June 9, 2008 2:36:00 PM UTC	1213050960000	0	0	yes	50.6	262.1	20506	20827	9254	6515	0	44274	2761	0	3	5536	0	0
June 9, 2008 2:37:00 PM UTC	1213051020000	0	0	yes	50.4	262.3	20506	20827	9255	6514	0	44274	2765	0	2	5522	0	0
June 9, 2008 2:38:00 PM UTC	1213051080000	0	0	yes	50.2	262.5	20506	20827	9255	6514	0	44274	2769	0	2	5506	0	1
June 9, 2008 2:39:00 PM UTC	1213051140000	0	0	yes	50.0	262.7	20506	20827	9256	6513	0	44274	2773	0	1	5490	0	0
June 9, 2008 2:40:00 PM UTC	1213051200000	0	0	yes	49.8	262.9	20506	20827	9256	6513	0	44274	2772	0	0	5479	0	2
June 9, 2008 2:41:00 PM UTC	1213051260000	0	0	yes	49.6	263.0	20506	20827	9245	6662	0	44136	2702	0	0	5442	0	2
June 9, 2008 2:42:00 PM UTC	1213051320000	0	0	yes	49.4	263.2	20506	20827	9257	6583	0	44203	2734	0	0	5447	0	1
June 9, 2008 2:43:00 PM UTC	1213051380000	0	0	yes	49.2	263.4	20506	20827	9245	6660	0	44138	2703	0	1	5412	0	1
June 9, 2008 2:44:00 PM UTC	1213051440000	0	0	yes	49.0	263.6	20506	20827	9256	6588	0	44199	2745	0	0	5414	0	0
June 9, 2008 2:45:00 PM UTC	1213051500000	0	0	yes	48.8	263.7	20506	20827	9256	6588	0	44199	2738	0	0	5403	0	1
June 9, 2008 2:46:00 PM UTC	1213051560000	0	0	yes	48.6	263.9	20506	20827	9258	6505	0	44280	2786	0	0	5392	0	1
June 9, 2008 2:47:00 PM UTC	1213051620000	0	0	yes	48.4	264.1	20506	20827	9258	6505	0	44280	2779	0	1	5380	0	1
June 9, 2008 2:48:00 PM UTC	1213051680000	0	0	yes	48.2	264.3	20506	20827	9247	6548	0	44248	2749	0	0	5345	0	2
June 9, 2008 2:49:00 PM UTC	1213051740000	0	0	yes	48.0	264.4	20506	20827	9258	6489	0	44296	2783	0	2	5347	0	2
June 9, 2008 2:50:00 PM UTC	1213051800000	0	0	yes	47.8	264.6	20506	20827	9248	6559	0	44236	2753	0	1	5314	0	2
June 9, 2008 2:51:00 PM UTC	1213051860000	0	0	yes	47.6	264.8	20506	20827	9259	6488	0	44296	2791	0	2	5316	0	3
June 9, 2008 2:52:00 PM UTC	1213051920000	0	0	yes	47.4	264.9	20506	20827	9259	6488	0	44296	2798	0	3	5302	0	2
June 9, 2008 2:53:00 PM UTC	1213051980000	0	0	yes	47.2	265.1	20506	20827	9260	6481	0	44302	2799	0	3	5290	0	1
June 9, 2008 2:54:00 PM UTC	1213052040000	0	0	yes	47.0	265.3	20506	20827	9260	6481	0	44302	2804	0	3	5269	0	2
June 9, 2008 2:55:00 PM UTC	1213052100000	0	0	yes	46.8	265.4	20506	20827	9249	6551	0	44243	2760	0	3	5242	0	1
June 9, 2008 2:56:00 PM UTC	1213052160000	0	0	yes	46.6	265.6	20506	20827	9260	6480	0	44303	2805	0	3	5237	0	1
June 9, 2008 2:57:00 PM UTC	1213052220000	0	0	yes	46.4	265.8	20506	20827	9249	6550	0	44244	2767	0	4	5206	0	1
June 9, 2008 2:58:00 PM UTC	1213052280000	0	0	yes	46.2	265.9	20506	20827	9260	6479	0	44304	2808	0	1	5208	0	1
June 9, 2008 2:59:00 PM UTC	1213052340000	0	0	yes	46.0	266.1	20506	20827	9260	6479	0	44304	2809	0	2	5193	0	1
June 9, 2008 3:00:00 PM UTC	1213052400000	0	0	yes	45.8	266.3	20506	20827	9250	6548	0	44245	2768	0	2	5160	0	2
June 9, 2008 3:01:00 PM UTC	1213052460000	0	0	yes	45.6	266.4	20506	20827	9260	6477	0	44306	2814	0	2	5156	0	2
June 9, 2008 3:02:00 PM UTC	1213052520000	0	0	yes	45.4	266.6	20506	20827	9250	6548	0	44245	2766	0	1	5128	0	1
June 9, 2008 3:03:00 PM UTC	1213052580000	0	0	yes	45.2	266.8	20506	20827	9260	6476	0	44307	2812	0	3	5121	0	1
June 9, 2008 3:04:00 PM UTC	1213052640000	0	0	yes	45.0	266.9	20506	20827	9258	6555	0	44230	2774	0	2	5105	0	0
June 9, 2008 3:05:00 PM UTC	1213052700000	0	0	yes	44.8	267.1	20506	20827	9249	6621	0	44173	2745	1	2	5077	0	0
June 9, 2008 3:06:00 PM UTC	1213052760000	0	0	yes	44.6	267.2	20506	20827	9259	6546	0	44238	2781	1	5	5077	0	0
June 9, 2008 3:07:00 PM UTC	1213052820000	0	0	yes	44.4	267.4	20506	20827	9249	6616	0	44178	2757	0	3	5041	0	0
June 9, 2008 3:08:00 PM UTC	1213052880000	0	0	yes	44.2	267.5	20506	20827	9261	6542	0	44240	2788	0	3	5037	0	0
June 9, 2008 3:09:00 PM UTC	1213052940000	0	0	yes	44.0	267.7	20506	20827	9261	6542	0	44240	2789	0	0	5020	0	0
June 9, 2008 3:10:00 PM UTC	1213053000000	0	0	yes	43.8	267.9	20506	20827	9249	6614	0	44180	2749	0	2	4997	0	0
June 9, 2008 3:11:00 PM UTC	1213053060000	0	0	yes	43.6	268.0	20506	20827	9261	6543	0	44239	2800	0	4	4987	0	0
June 9, 2008 3:12:00 PM UTC	1213053120000	0	0	yes	43.4	268.2	20506	20827	9249	6615	0	44179	2755	1	3	4962	0	0
June 9, 2008 3:13:00 PM UTC	1213053180000	0	0	yes	43.2	268.3	20506	20827	9261	6544	0	44238	2794	1	0	4954	0	0
June 9, 2008 3:14:00 PM UTC	1213053240000	0	0	yes	43.0	268.5	20506	20827	9261	6544	0	44238	2798	0	4	4937	0	0
June 9, 2008 3:15:00 PM UTC	1213053300000	0	0	yes	42.8	268.6	20506	20827	9249	6616	0	44178	2756	0	2	4907	0	0
June 9, 2008 3:16:00 PM UTC	1213053360000	0	0	yes	42.6	268.8	20506	20827	9261	6544	0	44238	2786	0	3	4908	0	0
June 9, 2008 3:17:00 PM UTC	1213053420000	0	0	yes	42.4	268.9	20506	20827	9249	6541	0	44253	2786	0	1	4877	0	0
June 9, 2008 3:18:00 PM UTC	1213053480000	0	0	yes	42.2	269.1	20506	20827	9249	6541	0	44253	2793	0	0	4859	0	0
June 9, 2008 3:19:00 PM UTC	1213053540000	0	0	yes	42.0	269.2	20506	20827	9261	6469	0	44313	2835	0	0	4854	0	0
June 9, 2008 3:20:00 PM UTC	1213053600000	0	0	yes	41.8	269.4	20506	20827	9249	6539	0	44255	2794	0	0	4823	0	0
June 9, 2008 3:21:00 PM UTC	1213053660000	0	0	yes	41.6	269.5	20506	20827	9261	6468	0	44314	2833	0	3	4819	0	0
June 9, 2008 3:22:00 PM UTC	1213053720000	0	0	yes	41.4	269.7	20506	20827	9261	6468	0	44314	2839	0	3	4800	0	0
June 9, 2008 3:23:00 PM UTC	1213053780000	0	0	yes	41.2	269.8	20506	20827	9261	6468	0	44314	2846	0	3	4781	0	0
June 9, 2008 3:24:00 PM UTC	1213053840000	0	0	yes	41.0	270.0	20506	20827	9261	6468	0	44314	2850	0	0	4763	0	0
June 9, 2008 3:25:00 PM UTC	1213053900000	0	0	yes	40.8	270.1	20506	20827	9249	6612	0	44182	2774	0	1	4738	0	0
June 9, 2008 3:26:00 PM UTC	1213053960000	0	0	yes	40.6	270.3	20506	20827	9261	6460	0	44322	2836	0	1	4735	0	0
June 9, 2008 3:27:00 PM UTC	1213054020000	0	0	yes	40.4	270.4	20506	20827	9261	6460	0	44322	2843	1	4	4712	0	0
June 9, 2008 3:28:00 PM UTC	1213054080000	0	0	yes	40.2	270.6	20506	20827	9249	6531	0	44263	2791	0	4	4687	0	0
June 9, 2008 3:29:00 PM UTC	1213054140000	0	0	yes	40.0	270.7	20506	20827	9261	6461	0	44321	2848	0	5	4676	0	0
June 9, 2008 3:30:00 PM UTC	1213054200000	0	0	yes	39.8	270.9	20506	20827	9261	6461	0	44321	2845	0	4	4663	0	0
June 9, 2008 3:31:00 PM UTC	1213054260000	0	0	yes	39.6	271.0	20506	20827	9249	6533	0	44261	2806	0	3	4633	0	0
June 9, 2008 3:32:00 PM UTC	1213054320000	0	0	yes	39.4	271.2	20506	20827	9261	6462	0	44320	2850	0	2	4621	0	0
June 9, 2008 3:33:00 PM UTC	1213054380000	0	0	yes	39.2	271.3	20506	20827	9249	6616	0	44178	2778	0	0	4605	0	0
June 9, 2008 3:34:00 PM UTC	1213054440000	0	0	yes	39.0	271.5	20506	20827	9249	6616	0	44178	2780	0	0	4585	0	0
June 9, 2008 3:35:00 PM UTC	1213054500000	0	0	yes	38.8	271.6	20506	20827	9261	6544	0	44238	2831	0	2	4570	0	3
June 9, 2008 3:36:00 PM UTC	1213054560000	0	0	yes	38.6	271.8	20506	20827	9249	6615	0	44179	2786	0	1	4545	0	1
June 9, 2008 3:37:00 PM UTC	1213054620000	0	0	yes	38.4	271.9	20506	20827	9261	6543	0	44239	2825	0	2	4534	0	0
June 9, 2008 3:38:00 PM UTC	1213054680000	0	0	yes	38.2	272.0	20506	20827	9261	6543	0	44239	2826	0	1	4520	0	0
June 9, 2008 3:39:00 PM UTC	1213054740000	0	0	yes	38.0	272.2	20506	20827	9249	6614	0	44180	2782	0	0	4501	0	0
June 9, 2008 3:40:00 PM UTC	1213054800000	0	0	yes	37.8	272.3	20506	20827	9261	6542	0	44240	2839	0	4	4477	0	0
June 9, 2008 3:41:00 PM UTC	1213054860000	0	0	yes	37.6	272.5	20506	20827	9261	6542	0	44240	2833	0	6	4467	0	0
June 9, 2008 3:42:00 PM UTC	1213054920000	0	0	yes	37.4	272.6	20506	20827	9249	6616	0	44178	2789	0	4	4450	0	9
June 9, 2008 3:43:00 PM UTC	1213054980000	0	0	yes	37.2	272.8	20506	20827	9259	6546	0	44238	2838	0	5	4431	0	1
June 9, 2008 3:44:00 PM UTC	1213055040000	0	0	yes	37.0	272.9	20506	20827	9259	6551	0	44233	2835	0	9	4415	0	18
June 9, 2008 3:45:00 PM UTC	1213055100000	0	0	yes	36.8	273.0	20506	20827	9248	6626	0	44169	2789	0	10	4396	0	3
June 9, 2008 3:46:00 PM UTC	1213055160000	0	0	yes	36.6	273.2	20506	20827	9260	6483	0	44300	2858	0	32	4383	0	15
June 9, 2008 3:47:00 PM UTC	1213055220000	0	0	yes	36.4	273.3	20506	20827	9250	6553	0	44240	2822	0	17	4355	0	0
June 9, 2008 3:48:00 PM UTC	1213055280000	0	0	yes	36.2	273.5	20506	20827	9260	6482	0	44301	2858	0	27	4343	0	14
June 9, 2008 3:49:00 PM UTC	1213055340000	0	0	yes	36.0	273.6	20506	20827	9260	6482	0	44301	2865	0	30	4328	0	29
June 9, 2008 3:50:00 PM UTC	1213055400000	0	0	yes	35.8	273.7	20506	20827	9250	6551	0	44242	2813	1	12	4314	0	14
June 9, 2008 3:51:00 PM UTC	1213055460000	0	0	yes	35.6	273.9	20506	20827	9260	6480	0	44303	2869	0	12	4293	0	26
June 9, 2008 3:52:00 PM UTC	1213055520000	0	0	yes	35.4	274.0	20506	20827	9260	6480	0	44303	2868	0	27	4276	0	25
June 9, 2008 3:53:00 PM UTC	1213055580000	0	0	yes	35.2	274.2	20506	20827	9249	6550	0	44244	2825	0	55	4260	0	26
June 9, 2008 3:54:00 PM UTC	1213055640000	0	0	yes	35.0	274.3	20506	20827	9260	6479	0	44304	2868	0	56	4246	0	32
June 9, 2008 3:55:00 PM UTC	1213055700000	0	0	yes	34.8	274.4	20506	20827	9260	6479	0	44304	2870	0	39	4227	0	37
June 9, 2008 3:56:00 PM UTC	1213055760000	0	0	yes	34.6	274.6	20506	20827	9249	6549	0	44245	2827	0	69	4208	0	39
June 9, 2008 3:57:00 PM UTC	1213055820000	0	0	yes	34.4	274.7	20506	20827	9260	6478	0	44305	2874	0	103	4190	0	36
June 9, 2008 3:58:00 PM UTC	1213055880000	0	0	yes	34.2	274.9	20506	20827	9260	6478	0	44305	2879	0	89	4170	0	52
June 9, 2008 3:59:00 PM UTC	1213055940000	0	0	yes	34.0	275.0	20506	20827	9248	6554	0	44241	2828	0	143	4152	0	45
June 9, 2008 4:00:00 PM UTC	1213056000000	0	0	yes	33.8	275.1	20506	20827	9259	6483	0	44301	2876	0	112	4139	0	37
June 9, 2008 4:01:00 PM UTC	1213056060000	0	1	yes	33.6	275.3	20506	20827	9259	6483	0	44301	2868	0	170	4128	0	55
June 9, 2008 4:02:00 PM UTC	1213056120000	0	1	yes	33.4	275.4	20506	20827	9248	6554	0	44241	2837	0	205	4101	0	42
June 9, 2008 4:03:00 PM UTC	1213056180000	0	1	yes	33.2	275.5	20506	20827	9258	6483	0	44302	2876	0	195	4090	0	44
June 9, 2008 4:04:00 PM UTC	1213056240000	0	1	yes	33.0	275.7	20506	20827	9258	6472	0	44313	2869	0	221	4077	0	26
June 9, 2008 4:05:00 PM UTC	1213056300000	0	1	yes	32.8	275.8	20506	20827	9247	6543	0	44253	2822	0	243	4067	0	52
June 9, 2008 4:06:00 PM UTC	1213056360000	0	1	yes	32.6	275.9	20506	20827	9258	6500	0	44285	2864	0	197	4047	0	39
June 9, 2008 4:07:00 PM UTC	1213056420000	0	1	yes	32.4	276.1	20506	20827	9257	6582	0	44204	2839	0	249	4036	0	30
June 9, 2008 4:08:00 PM UTC	1213056480000	0	1	yes	32.2	276.2	20506	20827	9246	6653	0	44144	2792	0	241	4025	0	27
June 9, 2008 4:09:00 PM UTC	1213056540000	0	1	yes	32.0	276.4	20506	20827	9256	6590	0	44197	2833	0	230	4007	0	31
June 9, 2008 4:10:00 PM UTC	1213056600000	0	1	yes	31.8	276.5	20506	20827	9256	6590	0	44197	2832	0	321	3990	0	31
June 9, 2008 4:11:00 PM UTC	1213056660000	0	1	yes	31.6	276.6	20506	20827	9257	6581	0	44205	2827	0	344	3981	0	22
June 9, 2008 4:12:00 PM UTC	1213056720000	0	1	yes	31.4	276.8	20506	20827	9257	6581	0	44205	2821	0	306	3975	0	33
June 9, 2008 4:13:00 PM UTC	1213056780000	0	1	yes	31.2	276.9	20506	20827	9257	6581	0	44205	2821	0	293	3962	0	28
June 9, 2008 4:14:00 PM UTC	1213056840000	0	1	yes	31.0	277.0	20506	20827	9256	6518	0	44269	2828	0	347	3957	0	32
June 9, 2008 4:15:00 PM UTC	1213056900000	0	1	yes	30.8	277.2	20506	20827	9256	6518	0	44269	2821	0	371	3945	0	25
June 9, 2008 4:16:00 PM UTC	1213056960000	0	1	yes	30.6	277.3	20506	20827	9256	6518	0	44269	2816	0	379	3934	0	46
June 9, 2008 4:17:00 PM UTC	1213057020000	0	1	yes	30.4	277.4	20506	20827	9255	6517	0	44271	2818	0	431	3921	0	42
June 9, 2008 4:18:00 PM UTC	1213057080000	0	1	yes	30.2	277.6	20506	20827	9255	6517	0	44271	2808	0	410	3919	0	25
June 9, 2008 4:19:00 PM UTC	1213057140000	0	1	yes	30.0	277.7	20506	20827	9255	6517	0	44271	2797	0	425	3912	0	44
June 9, 2008 4:20:00 PM UTC	1213057200000	0	1	yes	29.8	277.8	20506	20827	9254	6516	0	44273	2799	0	393	3898	0	27
June 9, 2008 4:21:00 PM UTC	1213057260000	0	1	yes	29.6	278.0	20506	20827	9254	6516	0	44273	2788	0	416	3894	0	36
June 9, 2008 4:22:00 PM UTC	1213057320000	0	1	yes	29.4	278.1	20506	20827	9253	6526	0	44264	2774	0	410	3890	0	32
June 9, 2008 4:23:00 PM UTC	1213057380000	0	1	yes	29.2	278.2	20506	20827	9254	6517	0	44272	2773	0	442	3876	0	36
June 9, 2008 4:24:00 PM UTC	1213057440000	0	1	yes	29.0	278.4	20506	20827	9252	6518	0	44273	2756	0	487	3876	0	50
June 9, 2008 4:25:00 PM UTC	1213057500000	0	1	yes	28.8	278.5	20506	20827	9252	6518	0	44273	2755	0	483	3863	0	45
June 9, 2008 4:26:00 PM UTC	1213057560000	0	1	yes	28.6	278.6	20506	20827	9251	6518	0	44274	2741	2	480	3855	0	61
June 9, 2008 4:27:00 PM UTC	1213057620000	0	1	yes	28.4	278.8	20506	20827	9251	6518	0	44274	2734	3	474	3857	0	48
June 9, 2008 4:28:00 PM UTC	1213057680000	0	1	yes	28.2	278.9	20506	20827	9251	6518	0	44274	2719	6	532	3844	0	56
June 9, 2008 4:29:00 PM UTC	1213057740000	0	1	yes	28.0	279.0	20506	20827	9250	6516	0	44277	2712	6	532	3843	0	65
June 9, 2008 4:30:00 PM UTC	1213057800000	0	1	yes	27.8	279.2	20506	20827	9250	6547	0	44246	2708	7	524	3845	0	58
June 9, 2008 4:31:00 PM UTC	1213057860000	0	2	yes	27.6	279.3	20506	20827	9250	6547	0	44246	2699	9	603	3821	0	63
June 9, 2008 4:32:00 PM UTC	1213057920000	0	1	yes	27.4	279.4	20506	20827	9247	6558	0	44238	2682	17	553	3832	0	57
June 9, 2008 4:33:00 PM UTC	1213057980000	0	1	yes	27.2	279.6	20506	20827	9247	6558	0	44238	2665	17	557	3834	0	66
June 9, 2008 4:34:00 PM UTC	1213058040000	0	1	yes	27.0	279.7	20506	20827	9247	6558	0	44238	2657	15	551	3823	0	66
June 9, 2008 4:35:00 PM UTC	1213058100000	0	1	yes	26.8	279.8	20506	20827	9246	6558	0	44239	2648	25	589	3823	0	67
June 9, 2008 4:36:00 PM UTC	1213058160000	0	1	yes	26.6	280.0	20506	20827	9246	6558	0	44239	2637	33	578	3820	0	68
June 9, 2008 4:37:00 PM UTC	1213058220000	0	1	yes	26.4	280.1	20506	20827	9246	6558	0	44239	2626	45	561	3818	0	58
June 9, 2008 4:38:00 PM UTC	1213058280000	0	2	yes	26.2	280.2	20506	20827	9257	6491	0	44295	2654	42	642	3815	0	63
June 9, 2008 4:39:00 PM UTC	1213058340000	0	1	yes	26.0	280.3	20506	20827	9245	6558	0	44240	2607	31	583	3811	0	48
June 9, 2008 4:40:00 PM UTC	1213058400000	0	1	yes	25.8	280.5	20506	20827	9245	6558	0	44240	2596	38	570	3809	0	64
June 9, 2008 4:41:00 PM UTC	1213058460000	0	2	yes	25.6	280.6	20506	20827	9255	6485	0	44303	2626	67	630	3809	0	79
June 9, 2008 4:42:00 PM UTC	1213058520000	0	1	yes	25.4	280.7	20506	20827	9244	6497	0	44302	2581	50	557	3810	0	68
June 9, 2008 4:43:00 PM UTC	1213058580000	0	1	yes	25.2	280.9	20506	20827	9244	6497	0	44302	2575	65	544	3807	0	56
June 9, 2008 4:44:00 PM UTC	1213058640000	0	1	yes	25.0	281.0	20506	20827	9253	6428	0	44362	2593	51	558	3804	0	69
June 9, 2008 4:45:00 PM UTC	1213058700000	0	1	yes	24.8	281.1	20506	20827	9242	6501	0	44300	2537	55	403	3812	0	38
June 9, 2008 4:46:00 PM UTC	1213058760000	0	1	yes	24.6	281.3	20506	20827	9242	6501	0	44300	2535	67	378	3803	0	48
June 9, 2008 4:47:00 PM UTC	1213058820000	0	1	yes	24.4	281.4	20506	20827	9253	6427	0	44363	2556	59	499	3805	0	67
June 9, 2008 4:48:00 PM UTC	1213058880000	0	1	yes	24.2	281.5	20506	20827	9244	6483	0	44316	2513	55	407	3804	0	56
June 9, 2008 4:49:00 PM UTC	1213058940000	0	1	yes	24.0	281.7	20506	20827	9244	6483	0	44316	2495	49	483	3808	0	56
June 9, 2008 4:50:00 PM UTC	1213059000000	0	1	yes	23.8	281.8	20506	20827	9254	6427	0	44362	2521	52	446	3806	0	63
June 9, 2008 4:51:00 PM UTC	1213059060000	0	1	yes	23.6	281.9	20506	20827	9240	6591	0	44212	2445	51	454	3808	0	67
June 9, 2008 4:52:00 PM UTC	1213059120000	0	1	yes	23.4	282.1	20506	20827	9240	6591	0	44212	2431	50	430	3813	0	76
June 9, 2008 4:53:00 PM UTC	1213059180000	0	1	yes	23.3	282.2	20506	20827	9251	6522	0	44270	2455	33	443	3812	0	64
June 9, 2008 4:54:00 PM UTC	1213059240000	0	1	yes	23.1	282.3	20506	20827	9240	6592	1	44210	2406	44	395	3812	0	67
June 9, 2008 4:55:00 PM UTC	1213059300000	0	1	yes	22.9	282.4	20506	20827	9240	6626	4	44173	2392	45	383	3812	0	73
June 9, 2008 4:56:00 PM UTC	1213059360000	0	1	yes	22.7	282.6	20506	20827	9251	6558	21	44213	2413	36	407	3812	0	80
June 9, 2008 4:57:00 PM UTC	1213059420000	0	1	yes	22.5	282.7	20506	20827	9253	6541	30	44219	2404	30	450	3821	0	77
June 9, 2008 4:58:00 PM UTC	1213059480000	0	1	yes	22.3	282.8	20506	20827	9242	6609	38	44154	2356	31	405	3823	0	75
June 9, 2008 4:59:00 PM UTC	1213059540000	0	1	yes	22.1	283.0	20506	20827	9251	6556	58	44178	2376	27	319	3820	0	80
June 9, 2008 5:00:00 PM UTC	1213059600000	0	1	yes	21.9	283.1	20506	20827	9251	6556	73	44163	2364	22	282	3823	0	65
June 9, 2008 5:01:00 PM UTC	1213059660000	0	1	yes	21.7	283.2	20506	20827	9240	6625	74	44104	2308	1	246	3833	0	70
June 9, 2008 5:02:00 PM UTC	1213059720000	0	1	yes	21.5	283.4	20506	20827	9251	6554	99	44139	2331	4	265	3834	0	56
June 9, 2008 5:03:00 PM UTC	1213059780000	0	1	yes	21.3	283.5	20506	20827	9251	6553	107	44132	2314	20	299	3836	0	77
June 9, 2008 5:04:00 PM UTC	1213059840000	0	1	yes	21.1	283.6	20506	20827	9240	6623	111	44069	2268	7	280	3842	0	80
June 9, 2008 5:05:00 PM UTC	1213059900000	0	1	yes	20.9	283.8	20506	20827	9250	6554	132	44107	2286	24	313	3845	0	82
June 9, 2008 5:06:00 PM UTC	1213059960000	0	1	yes	20.7	283.9	20506	20827	9250	6554	143	44096	2271	29	250	3853	0	89
June 9, 2008 5:07:00 PM UTC	1213060020000	0	1	yes	20.5	284.0	20506	20827	9238	6637	137	44031	2213	6	257	3858	0	84
June 9, 2008 5:08:00 PM UTC	1213060080000	0	1	yes	20.3	284.1	20506	20827	9250	6502	156	44135	2251	17	160	3858	0	100
June 9, 2008 5:09:00 PM UTC	1213060140000	0	1	yes	20.1	284.3	20506	20827	9250	6502	168	44123	2234	7	289	3868	0	81
June 9, 2008 5:10:00 PM UTC	1213060200000	0	1	yes	19.9	284.4	20506	20827	9250	6502	179	44112	2217	9	239	3873	0	94
June 9, 2008 5:11:00 PM UTC	1213060260000	0	1	yes	19.7	284.5	20506	20827	9250	6500	187	44106	2205	7	340	3875	0	103
June 9, 2008 5:12:00 PM UTC	1213060320000	0	1	yes	19.5	284.7	20506	20827	9250	6500	199	44094	2191	2	355	3883	0	103
June 9, 2008 5:13:00 PM UTC	1213060380000	0	1	yes	19.4	284.8	20506	20827	9250	6500	208	44085	2177	6	289	3888	0	83
June 9, 2008 5:14:00 PM UTC	1213060440000	0	1	yes	19.2	284.9	20506	20827	9251	6499	217	44076	2161	0	241	3895	0	91
June 9, 2008 5:15:00 PM UTC	1213060500000	0	0	yes	19.0	285.1	20506	20827	9248	6517	222	44056	2141	3	139	3899	0	70
June 9, 2008 5:16:00 PM UTC	1213060560000	0	1	yes	18.8	285.2	20506	20827	9248	6517	235	44043	2118	3	164	3910	3	88
June 9, 2008 5:17:00 PM UTC	1213060620000	0	1	yes	18.6	285.3	20506	20827	9248	6516	242	44037	2106	2	239	3912	0	68
June 9, 2008 5:18:00 PM UTC	1213060680000	0	0	yes	18.4	285.5	20506	20827	9248	6516	252	44027	2095	4	70	3919	0	59
June 9, 2008 5:19:00 PM UTC	1213060740000	0	1	yes	18.2	285.6	20506	20827	9248	6516	263	44016	2079	0	141	3928	0	104
June 9, 2008 5:20:00 PM UTC	1213060800000	0	1	yes	18.0	285.7	20506	20827	9248	6514	275	44006	2063	1	193	3937	0	84
June 9, 2008 5:21:00 PM UTC	1213060860000	0	1	yes	17.8	285.9	20506	20827	9248	6514	280	44001	2043	0	167	3947	0	71
June 9, 2008 5:22:00 PM UTC	1213060920000	0	0	yes	17.6	286.0	20506	20827	9247	6555	282	43959	2027	1	98	3949	0	36
June 9, 2008 5:23:00 PM UTC	1213060980000	0	0	yes	17.4	286.1	20506	20827	9257	6488	301	43997	2041	0	99	3962	0	64
June 9, 2008 5:24:00 PM UTC	1213061040000	0	1	yes	17.2	286.3	20506	20827	9246	6556	296	43945	1999	1	146	3969	0	104
June 9, 2008 5:25:00 PM UTC	1213061100000	0	0	yes	17.0	286.4	20506	20827	9246	6556	296	43945	1985	0	69	3979	0	39
June 9, 2008 5:26:00 PM UTC	1213061160000	0	0	yes	16.8	286.5	20506	20827	9246	6556	303	43938	1968	3	148	3991	0	26
June 9, 2008 5:27:00 PM UTC	1213061220000	0	1	yes	16.6	286.6	20506	20827	9247	6554	309	43933	1948	0	205	3998	0	38
June 9, 2008 5:28:00 PM UTC	1213061280000	0	0	yes	16.5	286.8	20506	20827	9247	6554	320	43922	1931	0	105	4010	0	46
June 9, 2008 5:29:00 PM UTC	1213061340000	0	0	yes	16.3	286.9	20506	20827	9243	6573	322	43905	1916	0	125	4015	0	29
June 9, 2008 5:30:00 PM UTC	1213061400000	0	0	yes	16.1	287.0	20506	20827	9244	6572	322	43905	1899	0	102	4026	0	55
June 9, 2008 5:31:00 PM UTC	1213061460000	0	0	yes	15.9	287.2	20506	20827	9244	6572	328	43899	1882	0	159	4036	0	54
June 9, 2008 5:32:00 PM UTC	1213061520000	0	0	yes	15.7	287.3	20506	20827	9246	6502	337	43958	1876	3	124	4050	0	24
June 9, 2008 5:33:00 PM UTC	1213061580000	0	0	yes	15.5	287.4	20506	20827	9245	6495	347	43956	1861	0	124	4063	0	45
June 9, 2008 5:34:00 PM UTC	1213061640000	0	0	yes	15.3	287.6	20506	20827	9245	6495	350	43953	1845	0	117	4073	0	49
June 9, 2008 5:35:00 PM UTC	1213061700000	0	0	yes	15.1	287.7	20506	20827	9245	6495	356	43947	1826	0	122	4086	0	27
June 9, 2008 5:36:00 PM UTC	1213061760000	0	0	yes	14.9	287.8	20506	20827	9253	6458	368	43964	1836	0	167	4091	0	35
June 9, 2008 5:37:00 PM UTC	1213061820000	0	0	yes	14.7	288.0	20506	20827	9244	6524	362	43913	1791	0	109	4108	0	45
June 9, 2008 5:38:00 PM UTC	1213061880000	0	0	yes	14.5	288.1	20506	20827	9244	6524	364	43911	1773	0	44	4119	0	29
June 9, 2008 5:39:00 PM UTC	1213061940000	0	0	yes	14.4	288.2	20506	20827	9256	6430	385	43972	1796	0	104	4129	0	10
June 9, 2008 5:40:00 PM UTC	1213062000000	0	0	yes	14.2	288.4	20506	20827	9244	6495	377	43927	1755	0	27	4142	0	10
June 9, 2008 5:41:00 PM UTC	1213062060000	0	0	yes	14.0	288.5	20506	20827	9244	6510	382	43907	1732	0	22	4160	0	15
June 9, 2008 5:42:00 PM UTC	1213062120000	0	0	yes	13.8	288.6	20506	20827	9255	6440	398	43950	1740	0	55	4177	0	26
June 9, 2008 5:43:00 PM UTC	1213062180000	0	0	yes	13.6	288.8	20506	20827	9241	6531	384	43887	1694	0	60	4182	0	9
June 9, 2008 5:44:00 PM UTC	1213062240000	0	0	yes	13.4	288.9	20506	20827	9241	6531	390	43881	1676	0	14	4197	0	8
June 9, 2008 5:45:00 PM UTC	1213062300000	0	0	yes	13.2	289.0	20506	20827	9252	6463	404	43924	1688	0	3	4213	0	14
June 9, 2008 5:46:00 PM UTC	1213062360000	0	0	yes	13.0	289.2	20506	20827	9252	6463	408	43920	1675	0	7	4227	0	5
June 9, 2008 5:47:00 PM UTC	1213062420000	0	0	yes	12.8	289.3	20506	20827	9244	6531	401	43867	1638	0	10	4240	0	2
June 9, 2008 5:48:00 PM UTC	1213062480000	0	0	yes	12.6	289.4	20506	20827	9252	6461	411	43919	1640	0	11	4259	0	6
June 9, 2008 5:49:00 PM UTC	1213062540000	0	0	yes	12.5	289.6	20506	20827	9248	6484	408	43903	1612	0	9	4279	0	5
June 9, 2008 5:50:00 PM UTC	1213062600000	0	0	yes	12.3	289.7	20506	20827	9237	6551	406	43849	1574	0	30	4292	0	9
June 9, 2008 5:51:00 PM UTC	1213062660000	0	0	yes	12.1	289.8	20506	20827	9248	6610	418	43767	1572	2	43	4308	0	16
June 9, 2008 5:52:00 PM UTC	1213062720000	0	0	yes	11.9	290.0	20506	20827	9248	6610	418	43767	1561	8	46	4318	0	31
June 9, 2008 5:53:00 PM UTC	1213062780000	0	0	yes	11.7	290.1	20506	20827	9237	6676	411	43719	1520	0	36	4336	0	8
June 9, 2008 5:54:00 PM UTC	1213062840000	0	0	yes	11.5	290.2	20506	20827	9250	6585	426	43782	1540	0	31	4351	0	4
June 9, 2008 5:55:00 PM UTC	1213062900000	0	0	yes	11.3	290.4	20506	20827	9248	6544	430	43821	1522	0	38	4367	0	7
June 9, 2008 5:56:00 PM UTC	1213062960000	0	0	yes	11.1	290.5	20506	20827	9248	6544	433	43818	1508	0	35	4382	0	20
June 9, 2008 5:57:00 PM UTC	1213063020000	0	0	yes	10.9	290.7	20506	20827	9248	6543	432	43820	1491	0	6	4397	0	7
June 9, 2008 5:58:00 PM UTC	1213063080000	0	0	yes	10.8	290.8	20506	20827	9248	6543	432	43820	1476	0	32	4410	0	25
June 9, 2008 5:59:00 PM UTC	1213063140000	0	0	yes	10.6	290.9	20506	20827	9247	6556	436	43804	1454	0	7	4430	0	0
June 9, 2008 6:00:00 PM UTC	1213063200000	0	0	yes	10.4	291.1	20506	20827	9246	6559	433	43805	1433	0	6	4453	0	0
June 9, 2008 6:01:00 PM UTC	1213063260000	0	0	yes	10.2	291.2	20506	20827	9243	6577	433	43790	1415	0	9	4460	0	9
June 9, 2008 6:02:00 PM UTC	1213063320000	0	0	yes	10.0	291.3	20506	20827	9243	6577	436	43787	1395	0	83	4478	0	20
June 9, 2008 6:03:00 PM UTC	1213063380000	0	0	yes	9.8	291.5	20506	20827	9243	6576	437	43787	1386	0	97	4486	0	4
June 9, 2008 6:04:00 PM UTC	1213063440000	0	0	yes	9.6	291.6	20506	20827	9243	6576	440	43784	1371	2	91	4505	0	0
June 9, 2008 6:05:00 PM UTC	1213063500000	0	0	yes	9.5	291.7	20506	20827	9243	6576	439	43785	1358	0	2	4519	0	6
June 9, 2008 6:06:00 PM UTC	1213063560000	0	0	yes	9.3	291.9	20506	20827	9249	6549	443	43802	1349	0	7	4536	0	0
June 9, 2008 6:07:00 PM UTC	1213063620000	0	0	yes	9.1	292.0	20506	20827	9245	6574	449	43775	1327	0	8	4549	0	0
June 9, 2008 6:08:00 PM UTC	1213063680000	0	0	yes	8.9	292.2	20506	20827	9245	6574	451	43773	1308	0	7	4568	0	0
June 9, 2008 6:09:00 PM UTC	1213063740000	0	0	yes	8.7	292.3	20506	20827	9256	6508	457	43822	1310	0	37	4590	0	0
June 9, 2008 6:10:00 PM UTC	1213063800000	0	0	yes	8.5	292.4	20506	20827	9245	6574	451	43773	1280	0	12	4596	0	0
June 9, 2008 6:11:00 PM UTC	1213063860000	0	0	yes	8.3	292.6	20506	20827	9245	6574	452	43772	1262	0	4	4613	0	0
June 9, 2008 6:12:00 PM UTC	1213063920000	0	0	yes	8.2	292.7	20506	20827	9251	6522	463	43807	1268	0	19	4626	0	0
June 9, 2008 6:13:00 PM UTC	1213063980000	0	0	yes	8.0	292.8	20506	20827	9240	6599	452	43752	1227	0	5	4641	0	0
June 9, 2008 6:14:00 PM UTC	1213064040000	0	0	yes	7.8	293.0	20506	20827	9251	6533	466	43793	1232	0	4	4658	0	0
June 9, 2008 6:15:00 PM UTC	1213064100000	0	0	yes	7.6	293.1	20506	20827	9251	6533	465	43794	1217	0	13	4675	0	1
June 9, 2008 6:16:00 PM UTC	1213064160000	0	0	yes	7.4	293.3	20506	20827	9245	6569	463	43766	1189	0	8	4687	0	0
June 9, 2008 6:17:00 PM UTC	1213064220000	0	0	yes	7.2	293.4	20506	20827	9255	6456	473	43859	1199	0	13	4708	0	2
June 9, 2008 6:18:00 PM UTC	1213064280000	0	0	yes	7.0	293.5	20506	20827	9251	6484	472	43836	1172	0	17	4724	0	0
June 9, 2008 6:19:00 PM UTC	1213064340000	0	0	yes	6.9	293.7	20506	20827	9251	6484	471	43837	1159	0	2	4738	0	1
June 9, 2008 6:20:00 PM UTC	1213064400000	0	0	yes	6.7	293.8	20506	20827	9251	6483	471	43838	1142	0	36	4754	0	1
June 9, 2008 6:21:00 PM UTC	1213064460000	0	0	yes	6.5	294.0	20506	20827	9251	6483	471	43838	1129	0	7	4766	0	0
June 9, 2008 6:22:00 PM UTC	1213064520000	0	0	yes	6.3	294.1	20506	20827	9250	6530	469	43794	1105	0	27	4783	0	0
June 9, 2008 6:23:00 PM UTC	1213064580000	0	0	yes	6.1	294.2	20506	20827	9246	6558	470	43769	1085	0	42	4798	0	0
June 9, 2008 6:24:00 PM UTC	1213064640000	0	0	yes	5.9	294.4	20506	20827	9246	6558	472	43767	1069	0	15	4812	0	9
June 9, 2008 6:25:00 PM UTC	1213064700000	0	0	yes	5.8	294.5	20506	20827	9246	6558	477	43762	1055	0	19	4825	0	26
June 9, 2008 6:26:00 PM UTC	1213064760000	0	0	yes	5.6	294.7	20506	20827	9249	6529	488	43777	1052	0	42	4841	0	46
June 9, 2008 6:27:00 PM UTC	1213064820000	0	0	yes	5.4	294.8	20506	20827	9249	6529	498	43767	1036	0	1	4859	0	1
June 9, 2008 6:28:00 PM UTC	1213064880000	0	0	yes	5.2	294.9	20506	20827	9246	6557	501	43739	1012	0	58	4869	0	38
June 9, 2008 6:29:00 PM UTC	1213064940000	0	0	yes	5.0	295.1	20506	20827	9257	6491	520	43775	1017	0	14	4888	0	31
June 9, 2008 6:30:00 PM UTC	1213065000000	0	0	yes	4.9	295.2	20506	20827	9246	6556	520	43721	985	0	69	4898	0	22
June 9, 2008 6:31:00 PM UTC	1213065060000	0	0	yes	4.7	295.4	20506	20827	9246	6556	529	43712	970	0	61	4912	0	14
June 9, 2008 6:32:00 PM UTC	1213065120000	0	0	yes	4.5	295.5	20506	20827	9256	6493	543	43751	973	0	17	4933	0	31
June 9, 2008 6:33:00 PM UTC	1213065180000	0	0	yes	4.3	295.6	20506	20827	9242	6586	541	43674	933	0	8	4939	0	7
June 9, 2008 6:34:00 PM UTC	1213065240000	0	0	yes	4.1	295.8	20506	20827	9241	6601	552	43649	919	0	59	4947	0	43
June 9, 2008 6:35:00 PM UTC	1213065300000	0	0	yes	3.9	295.9	20506	20827	9255	6507	583	43698	927	0	5	4976	0	11
June 9, 2008 6:36:00 PM UTC	1213065360000	0	0	yes	3.8	296.1	20506	20827	9245	6570	594	43634	898	0	40	4982	0	20
June 9, 2008 6:37:00 PM UTC	1213065420000	0	0	yes	3.6	296.2	20506	20827	9245	6570	613	43615	883	0	1	4997	0	11
June 9, 2008 6:38:00 PM UTC	1213065480000	0	0	yes	3.4	296.4	20506	20827	9252	6475	652	43664	882	1	25	5017	0	27
June 9, 2008 6:39:00 PM UTC	1213065540000	0	0	yes	3.2	296.5	20506	20827	9252	6475	682	43634	867	0	0	5032	0	24
June 9, 2008 6:40:00 PM UTC	1213065600000	0	0	yes	3.0	296.7	20506	20827	9241	6540	709	43553	840	0	41	5034	0	41
