May 18, 2013 5:00:00 AM UTC	1368882000000	6	4	yes	3.9	68.3	20506	20827	9243	6581	576	43643	901	359	21	4974	2096	1257
May 18, 2013 5:01:00 AM UTC	1368882060000	6	4	yes	4.1	68.5	20506	20827	9243	6581	560	43659	915	383	24	4961	2093	1332
May 18, 2013 5:02:00 AM UTC	1368882120000	6	3	yes	4.3	68.6	20506	20827	9253	6523	556	43711	950	439	2	4950	2098	1229
May 18, 2013 5:03:00 AM UTC	1368882180000	6	4	yes	4.4	68.7	20506	20827	9243	6582	535	43683	946	433	20	4931	2032	1390
May 18, 2013 5:04:00 AM UTC	1368882240000	6	4	yes	4.6	68.9	20506	20827	9243	6582	528	43690	964	444	31	4912	2052	1399
May 18, 2013 5:05:00 AM UTC	1368882300000	6	4	yes	4.8	69.0	20506	20827	9247	6550	524	43722	987	455	45	4900	2131	1370
May 18, 2013 5:06:00 AM UTC	1368882360000	6	4	yes	5.0	69.2	20506	20827	9248	6548	516	43731	1005	513	11	4883	2151	1350
May 18, 2013 5:07:00 AM UTC	1368882420000	6	4	yes	5.2	69.3	20506	20827	9248	6548	509	43738	1022	523	23	4866	2122	1348
May 18, 2013 5:08:00 AM UTC	1368882480000	6	4	yes	5.4	69.5	20506	20827	9248	6548	498	43749	1033	558	9	4854	2090	1407
May 18, 2013 5:09:00 AM UTC	1368882540000	6	4	yes	5.6	69.6	20506	20827	9248	6549	486	43760	1052	560	35	4837	2092	1426
May 18, 2013 5:10:00 AM UTC	1368882600000	6	4	yes	5.8	69.7	20506	20827	9250	6589	478	43726	1062	577	32	4831	2109	1423
May 18, 2013 5:11:00 AM UTC	1368882660000	6	4	yes	5.9	69.9	20506	20827	9241	6652	465	43685	1061	575	44	4803	2075	1458
May 18, 2013 5:12:00 AM UTC	1368882720000	6	5	yes	6.1	70.0	20506	20827	9248	6612	469	43714	1087	567	72	4792	1979	1558
May 18, 2013 5:13:00 AM UTC	1368882780000	6	5	yes	6.3	70.2	20506	20827	9248	6612	465	43718	1103	641	17	4776	1802	1661
May 18, 2013 5:14:00 AM UTC	1368882840000	6	5	yes	6.5	70.3	20506	20827	9237	6553	462	43791	1109	596	69	4756	1992	1580
May 18, 2013 5:15:00 AM UTC	1368882900000	6	5	yes	6.7	70.4	20506	20827	9248	6486	472	43837	1140	614	72	4749	1906	1624
May 18, 2013 5:16:00 AM UTC	1368882960000	6	5	yes	6.9	70.6	20506	20827	9252	6464	472	43855	1162	642	65	4737	1879	1598
May 18, 2013 5:17:00 AM UTC	1368883020000	6	5	yes	7.1	70.7	20506	20827	9244	6535	462	43802	1159	667	46	4720	2089	1507
May 18, 2013 5:18:00 AM UTC	1368883080000	6	5	yes	7.3	70.9	20506	20827	9252	6467	471	43853	1191	669	67	4709	1871	1666
May 18, 2013 5:19:00 AM UTC	1368883140000	6	5	yes	7.5	71.0	20506	20827	9252	6467	473	43851	1206	699	47	4693	1902	1595
May 18, 2013 5:20:00 AM UTC	1368883200000	6	5	yes	7.6	71.1	20506	20827	9241	6534	458	43810	1199	722	30	4672	2059	1504
May 18, 2013 5:21:00 AM UTC	1368883260000	6	5	yes	7.8	71.3	20506	20827	9252	6467	468	43856	1241	758	24	4660	1993	1511
May 18, 2013 5:22:00 AM UTC	1368883320000	7	5	yes	8.0	71.4	20506	20827	9255	6447	468	43873	1264	786	19	4644	2128	1500
May 18, 2013 5:23:00 AM UTC	1368883380000	7	5	yes	8.2	71.6	20506	20827	9244	6514	459	43826	1264	788	23	4621	2030	1576
May 18, 2013 5:24:00 AM UTC	1368883440000	6	5	yes	8.4	71.7	20506	20827	9256	6445	467	43875	1297	820	16	4613	1989	1643
May 18, 2013 5:25:00 AM UTC	1368883500000	7	5	yes	8.6	71.8	20506	20827	9254	6466	460	43863	1306	847	3	4597	2120	1485
May 18, 2013 5:26:00 AM UTC	1368883560000	7	5	yes	8.8	72.0	20506	20827	9245	6528	451	43819	1303	835	20	4577	2008	1550
May 18, 2013 5:27:00 AM UTC	1368883620000	7	6	yes	9.0	72.1	20506	20827	9254	6462	457	43870	1337	859	23	4568	2031	1623
May 18, 2013 5:28:00 AM UTC	1368883680000	7	6	yes	9.2	72.3	20506	20827	9256	6447	458	43882	1364	879	28	4545	1987	1650
May 18, 2013 5:29:00 AM UTC	1368883740000	7	6	yes	9.4	72.4	20506	20827	9244	6521	441	43837	1351	884	27	4534	2114	1549
May 18, 2013 5:30:00 AM UTC	1368883800000	7	5	yes	9.6	72.5	20506	20827	9244	6521	442	43836	1364	918	4	4521	1952	1584
May 18, 2013 5:31:00 AM UTC	1368883860000	7	6	yes	9.7	72.7	20506	20827	9256	6447	450	43890	1406	945	11	4505	1889	1617
May 18, 2013 5:32:00 AM UTC	1368883920000	7	5	yes	9.9	72.8	20506	20827	9244	6575	436	43788	1396	945	15	4477	1890	1596
May 18, 2013 5:33:00 AM UTC	1368883980000	7	5	yes	10.1	73.0	20506	20827	9244	6575	432	43792	1411	970	9	4466	1980	1455
May 18, 2013 5:34:00 AM UTC	1368884040000	6	5	yes	10.3	73.1	20506	20827	9243	6576	429	43795	1430	993	8	4448	1794	1621
May 18, 2013 5:35:00 AM UTC	1368884100000	7	5	yes	10.5	73.2	20506	20827	9247	6555	434	43807	1452	1007	11	4435	1890	1520
May 18, 2013 5:36:00 AM UTC	1368884160000	6	5	yes	10.7	73.4	20506	20827	9247	6555	432	43809	1465	1033	0	4423	1744	1620
May 18, 2013 5:37:00 AM UTC	1368884220000	7	5	yes	10.9	73.5	20506	20827	9246	6556	431	43810	1483	1047	5	4403	1765	1552
May 18, 2013 5:38:00 AM UTC	1368884280000	6	5	yes	11.1	73.7	20506	20827	9246	6556	432	43809	1494	1052	10	4392	1639	1649
May 18, 2013 5:39:00 AM UTC	1368884340000	6	5	yes	11.3	73.8	20506	20827	9246	6556	430	43811	1514	1084	0	4373	1676	1534
May 18, 2013 5:40:00 AM UTC	1368884400000	6	5	yes	11.5	73.9	20506	20827	9247	6558	426	43812	1532	1098	8	4353	1630	1565
May 18, 2013 5:41:00 AM UTC	1368884460000	6	5	yes	11.7	74.1	20506	20827	9250	6499	426	43868	1559	1133	0	4338	1569	1626
May 18, 2013 5:42:00 AM UTC	1368884520000	6	5	yes	11.9	74.2	20506	20827	9248	6518	423	43854	1568	1144	1	4323	1556	1655
May 18, 2013 5:43:00 AM UTC	1368884580000	6	5	yes	12.1	74.3	20506	20827	9248	6518	419	43858	1580	1161	0	4310	1597	1648
May 18, 2013 5:44:00 AM UTC	1368884640000	6	5	yes	12.3	74.5	20506	20827	9248	6518	411	43866	1598	1173	14	4291	1573	1592
May 18, 2013 5:45:00 AM UTC	1368884700000	6	5	yes	12.4	74.6	20506	20827	9248	6518	413	43864	1608	1192	3	4282	1580	1564
May 18, 2013 5:46:00 AM UTC	1368884760000	6	5	yes	12.6	74.8	20506	20827	9248	6520	407	43868	1628	1221	0	4260	1544	1541
May 18, 2013 5:47:00 AM UTC	1368884820000	6	5	yes	12.8	74.9	20506	20827	9248	6520	402	43873	1652	1245	5	4238	1506	1559
May 18, 2013 5:48:00 AM UTC	1368884880000	6	5	yes	13.0	75.0	20506	20827	9251	6502	405	43885	1671	1261	5	4225	1489	1527
May 18, 2013 5:49:00 AM UTC	1368884940000	6	5	yes	13.2	75.2	20506	20827	9250	6503	403	43887	1686	1271	12	4211	1450	1613
May 18, 2013 5:50:00 AM UTC	1368885000000	6	5	yes	13.4	75.3	20506	20827	9250	6503	401	43889	1699	1278	20	4198	1391	1596
May 18, 2013 5:51:00 AM UTC	1368885060000	6	5	yes	13.6	75.4	20506	20827	9250	6503	395	43895	1718	1302	21	4181	1394	1593
May 18, 2013 5:52:00 AM UTC	1368885120000	6	5	yes	13.8	75.6	20506	20827	9241	6575	375	43852	1700	1314	11	4173	1394	1594
May 18, 2013 5:53:00 AM UTC	1368885180000	6	5	yes	14.0	75.7	20506	20827	9250	6505	382	43906	1751	1329	40	4153	1283	1692
May 18, 2013 5:54:00 AM UTC	1368885240000	6	5	yes	14.2	75.8	20506	20827	9250	6505	383	43905	1770	1368	19	4134	1366	1564
May 18, 2013 5:55:00 AM UTC	1368885300000	6	5	yes	14.4	76.0	20506	20827	9238	6641	366	43798	1746	1372	8	4125	1441	1521
May 18, 2013 5:56:00 AM UTC	1368885360000	6	5	yes	14.6	76.1	20506	20827	9250	6557	374	43862	1796	1404	18	4114	1360	1564
May 18, 2013 5:57:00 AM UTC	1368885420000	6	5	yes	14.8	76.3	20506	20827	9250	6557	363	43873	1807	1406	38	4102	1284	1581
May 18, 2013 5:58:00 AM UTC	1368885480000	6	5	yes	15.0	76.4	20506	20827	9240	6627	350	43826	1804	1429	25	4085	1287	1534
May 18, 2013 5:59:00 AM UTC	1368885540000	6	5	yes	15.2	76.5	20506	20827	9251	6558	355	43879	1841	1454	32	4079	1350	1489
May 18, 2013 6:00:00 AM UTC	1368885600000	6	5	yes	15.4	76.7	20506	20827	9251	6558	352	43882	1861	1472	37	4065	1301	1537
May 18, 2013 6:01:00 AM UTC	1368885660000	6	5	yes	15.6	76.8	20506	20827	9240	6627	340	43836	1848	1472	36	4051	1261	1524
May 18, 2013 6:02:00 AM UTC	1368885720000	6	5	yes	15.8	76.9	20506	20827	9251	6556	344	43892	1894	1517	32	4040	1291	1561
May 18, 2013 6:03:00 AM UTC	1368885780000	6	5	yes	15.9	77.1	20506	20827	9240	6628	322	43853	1880	1517	41	4028	1298	1508
May 18, 2013 6:04:00 AM UTC	1368885840000	7	5	yes	16.1	77.2	20506	20827	9242	6615	320	43866	1898	1538	40	4024	1305	1498
May 18, 2013 6:05:00 AM UTC	1368885900000	6	5	yes	16.3	77.3	20506	20827	9251	6558	327	43907	1944	1572	45	4004	1237	1485
May 18, 2013 6:06:00 AM UTC	1368885960000	6	5	yes	16.5	77.5	20506	20827	9240	6629	305	43869	1926	1538	83	3999	1276	1451
May 18, 2013 6:07:00 AM UTC	1368886020000	7	5	yes	16.7	77.6	20506	20827	9240	6595	299	43909	1940	1586	55	3994	1266	1546
May 18, 2013 6:08:00 AM UTC	1368886080000	6	5	yes	16.9	77.8	20506	20827	9251	6527	309	43956	1988	1596	83	3985	1234	1528
May 18, 2013 6:09:00 AM UTC	1368886140000	7	5	yes	17.1	77.9	20506	20827	9240	6597	292	43914	1977	1618	67	3974	1243	1503
May 18, 2013 6:10:00 AM UTC	1368886200000	7	5	yes	17.3	78.0	20506	20827	9240	6597	284	43922	1991	1629	76	3964	1272	1485
May 18, 2013 6:11:00 AM UTC	1368886260000	7	5	yes	17.5	78.2	20506	20827	9254	6428	297	44064	2049	1693	58	3961	1265	1467
May 18, 2013 6:12:00 AM UTC	1368886320000	7	5	yes	17.7	78.3	20506	20827	9242	6513	279	44009	2030	1692	59	3949	1253	1479
May 18, 2013 6:13:00 AM UTC	1368886380000	7	5	yes	17.9	78.4	20506	20827	9242	6513	270	44018	2049	1695	84	3937	1220	1446
May 18, 2013 6:14:00 AM UTC	1368886440000	7	5	yes	18.1	78.6	20506	20827	9253	6430	276	44084	2101	1735	90	3931	1228	1425
May 18, 2013 6:15:00 AM UTC	1368886500000	7	5	yes	18.3	78.7	20506	20827	9243	6495	255	44050	2088	1704	129	3924	1143	1457
May 18, 2013 6:16:00 AM UTC	1368886560000	7	5	yes	18.5	78.8	20506	20827	9243	6495	247	44058	2096	1717	132	3923	1148	1465
May 18, 2013 6:17:00 AM UTC	1368886620000	7	5	yes	18.7	79.0	20506	20827	9253	6429	251	44110	2149	1775	123	3907	1164	1444
May 18, 2013 6:18:00 AM UTC	1368886680000	7	5	yes	18.9	79.1	20506	20827	9243	6503	227	44070	2132	1765	135	3902	1125	1473
May 18, 2013 6:19:00 AM UTC	1368886740000	7	5	yes	19.1	79.2	20506	20827	9243	6507	218	44075	2144	1762	164	3901	1133	1457
May 18, 2013 6:20:00 AM UTC	1368886800000	7	5	yes	19.3	79.4	20506	20827	9255	6493	219	44076	2187	1812	156	3888	1088	1465
May 18, 2013 6:21:00 AM UTC	1368886860000	7	5	yes	19.5	79.5	20506	20827	9245	6560	196	44042	2170	1818	156	3884	1118	1438
May 18, 2013 6:22:00 AM UTC	1368886920000	7	5	yes	19.7	79.7	20506	20827	9245	6560	187	44051	2182	1857	138	3878	1164	1417
May 18, 2013 6:23:00 AM UTC	1368886980000	7	5	yes	19.9	79.8	20506	20827	9257	6487	193	44106	2233	1898	142	3874	1170	1409
May 18, 2013 6:24:00 AM UTC	1368887040000	7	5	yes	20.1	79.9	20506	20827	9246	6560	168	44069	2216	1879	169	3865	1098	1452
May 18, 2013 6:25:00 AM UTC	1368887100000	7	5	yes	20.3	80.1	20506	20827	9246	6560	160	44077	2223	1928	135	3865	1160	1434
May 18, 2013 6:26:00 AM UTC	1368887160000	7	5	yes	20.5	80.2	20506	20827	9256	6489	162	44136	2274	1932	178	3858	1163	1477
May 18, 2013 6:27:00 AM UTC	1368887220000	7	5	yes	20.7	80.3	20506	20827	9247	6560	140	44096	2259	1936	179	3850	1120	1459
May 18, 2013 6:28:00 AM UTC	1368887280000	7	5	yes	20.9	80.5	20506	20827	9247	6560	132	44104	2268	1930	205	3851	1112	1499
May 18, 2013 6:29:00 AM UTC	1368887340000	7	5	yes	21.1	80.6	20506	20827	9258	6490	131	44164	2322	1988	202	3839	1099	1499
May 18, 2013 6:30:00 AM UTC	1368887400000	7	5	yes	21.3	80.7	20506	20827	9250	6549	110	44134	2308	1976	220	3832	1084	1510
May 18, 2013 6:31:00 AM UTC	1368887460000	7	5	yes	21.5	80.9	20506	20827	9250	6549	97	44147	2314	2021	196	3847	1129	1484
May 18, 2013 6:32:00 AM UTC	1368887520000	7	5	yes	21.7	81.0	20506	20827	9251	6521	86	44185	2331	2021	224	3829	1171	1446
May 18, 2013 6:33:00 AM UTC	1368887580000	7	5	yes	21.9	81.2	20506	20827	9251	6521	71	44200	2352	2055	226	3834	1141	1486
May 18, 2013 6:34:00 AM UTC	1368887640000	7	5	yes	22.1	81.3	20506	20827	9251	6521	59	44212	2370	2065	245	3821	1101	1459
May 18, 2013 6:35:00 AM UTC	1368887700000	7	5	yes	22.3	81.4	20506	20827	9252	6520	45	44226	2378	2080	249	3811	1145	1432
May 18, 2013 6:36:00 AM UTC	1368887760000	7	5	yes	22.5	81.6	20506	20827	9252	6520	31	44240	2391	2095	260	3825	1069	1484
May 18, 2013 6:37:00 AM UTC	1368887820000	7	5	yes	22.7	81.7	20506	20827	9252	6520	19	44252	2403	2105	272	3816	1078	1427
May 18, 2013 6:38:00 AM UTC	1368887880000	7	5	yes	22.9	81.8	20506	20827	9253	6527	15	44248	2419	2111	291	3815	1063	1445
May 18, 2013 6:39:00 AM UTC	1368887940000	7	5	yes	23.1	82.0	20506	20827	9254	6518	4	44267	2437	2137	292	3815	1034	1513
May 18, 2013 6:40:00 AM UTC	1368888000000	7	5	yes	23.3	82.1	20506	20827	9254	6518	0	44271	2451	2159	292	3807	1015	1445
May 18, 2013 6:41:00 AM UTC	1368888060000	7	5	yes	23.4	82.3	20506	20827	9255	6519	0	44269	2463	2168	295	3807	1005	1528
May 18, 2013 6:42:00 AM UTC	1368888120000	7	5	yes	23.6	82.4	20506	20827	9255	6519	0	44269	2481	2164	317	3800	977	1477
May 18, 2013 6:43:00 AM UTC	1368888180000	7	5	yes	23.8	82.5	20506	20827	9255	6519	0	44269	2493	2169	323	3804	998	1449
May 18, 2013 6:44:00 AM UTC	1368888240000	7	5	yes	24.0	82.7	20506	20827	9256	6520	0	44267	2498	2194	304	3806	997	1446
May 18, 2013 6:45:00 AM UTC	1368888300000	7	5	yes	24.2	82.8	20506	20827	9256	6520	0	44267	2518	2198	320	3803	1010	1511
May 18, 2013 6:46:00 AM UTC	1368888360000	7	5	yes	24.4	82.9	20506	20827	9256	6520	0	44267	2529	2206	323	3803	1032	1441
May 18, 2013 6:47:00 AM UTC	1368888420000	7	5	yes	24.6	83.1	20506	20827	9256	6597	0	44190	2519	2219	298	3806	993	1521
May 18, 2013 6:48:00 AM UTC	1368888480000	7	5	yes	24.8	83.2	20506	20827	9256	6597	0	44190	2536	2246	288	3805	1014	1484
May 18, 2013 6:49:00 AM UTC	1368888540000	7	5	yes	25.0	83.4	20506	20827	9256	6597	0	44190	2544	2231	310	3804	1017	1422
May 18, 2013 6:50:00 AM UTC	1368888600000	7	5	yes	25.2	83.5	20506	20827	9257	6577	0	44209	2566	2226	337	3805	953	1470
May 18, 2013 6:51:00 AM UTC	1368888660000	7	5	yes	25.4	83.6	20506	20827	9257	6577	0	44209	2575	2195	369	3805	911	1476
May 18, 2013 6:52:00 AM UTC	1368888720000	7	5	yes	25.6	83.8	20506	20827	9257	6577	0	44209	2590	2208	379	3808	956	1426
May 18, 2013 6:53:00 AM UTC	1368888780000	7	5	yes	25.8	83.9	20506	20827	9257	6583	0	44203	2595	2141	441	3814	890	1504
May 18, 2013 6:54:00 AM UTC	1368888840000	7	5	yes	26.0	84.0	20506	20827	9258	6500	0	44285	2623	2164	451	3814	892	1450
May 18, 2013 6:55:00 AM UTC	1368888900000	7	5	yes	26.2	84.2	20506	20827	9247	6544	0	44252	2603	2119	466	3815	881	1422
May 18, 2013 6:56:00 AM UTC	1368888960000	7	5	yes	26.4	84.3	20506	20827	9258	6474	0	44311	2648	2171	447	3817	841	1426
May 18, 2013 6:57:00 AM UTC	1368889020000	7	5	yes	26.6	84.5	20506	20827	9258	6486	0	44299	2664	2148	505	3821	827	1443
May 18, 2013 6:58:00 AM UTC	1368889080000	7	5	yes	26.8	84.6	20506	20827	9248	6557	0	44238	2635	2129	491	3821	840	1383
May 18, 2013 6:59:00 AM UTC	1368889140000	7	5	yes	27.0	84.7	20506	20827	9259	6486	0	44298	2685	2152	513	3825	830	1404
May 18, 2013 7:00:00 AM UTC	1368889200000	7	5	yes	27.2	84.9	20506	20827	9259	6486	0	44298	2696	2147	533	3829	840	1373
May 18, 2013 7:01:00 AM UTC	1368889260000	7	5	yes	27.4	85.0	20506	20827	9248	6557	0	44238	2663	2125	512	3834	824	1387
May 18, 2013 7:02:00 AM UTC	1368889320000	7	5	yes	27.6	85.2	20506	20827	9260	6480	0	44303	2716	2122	554	3840	807	1394
May 18, 2013 7:03:00 AM UTC	1368889380000	7	5	yes	27.8	85.3	20506	20827	9260	6480	0	44303	2724	2170	513	3843	820	1378
May 18, 2013 7:04:00 AM UTC	1368889440000	7	5	yes	28.0	85.4	20506	20827	9249	6551	0	44243	2701	2112	532	3844	818	1360
May 18, 2013 7:05:00 AM UTC	1368889500000	7	5	yes	28.2	85.6	20506	20827	9260	6481	0	44302	2745	2115	574	3853	808	1379
May 18, 2013 7:06:00 AM UTC	1368889560000	7	5	yes	28.4	85.7	20506	20827	9260	6481	0	44302	2752	2122	589	3860	835	1343
May 18, 2013 7:07:00 AM UTC	1368889620000	7	5	yes	28.6	85.9	20506	20827	9249	6552	0	44242	2717	2047	594	3869	822	1350
May 18, 2013 7:08:00 AM UTC	1368889680000	7	5	yes	28.8	86.0	20506	20827	9260	6482	0	44301	2769	2073	635	3869	810	1361
May 18, 2013 7:09:00 AM UTC	1368889740000	6	5	yes	29.0	86.1	20506	20827	9250	6553	0	44240	2741	2029	643	3873	791	1333
May 18, 2013 7:10:00 AM UTC	1368889800000	6	5	yes	29.2	86.3	20506	20827	9250	6553	0	44240	2741	2031	640	3885	811	1345
May 18, 2013 7:11:00 AM UTC	1368889860000	6	5	yes	29.4	86.4	20506	20827	9260	6484	0	44299	2797	2065	651	3889	779	1394
May 18, 2013 7:12:00 AM UTC	1368889920000	6	5	yes	29.6	86.6	20506	20827	9250	6555	0	44238	2756	2006	676	3897	813	1317
May 18, 2013 7:13:00 AM UTC	1368889980000	6	5	yes	29.8	86.7	20506	20827	9260	6485	0	44298	2816	2030	687	3902	808	1252
May 18, 2013 7:14:00 AM UTC	1368890040000	7	5	yes	30.0	86.9	20506	20827	9260	6485	0	44298	2815	2079	630	3915	816	1316
May 18, 2013 7:15:00 AM UTC	1368890100000	6	5	yes	30.2	87.0	20506	20827	9249	6627	0	44167	2761	2027	625	3920	821	1292
May 18, 2013 7:16:00 AM UTC	1368890160000	6	5	yes	30.4	87.1	20506	20827	9259	6544	0	44240	2815	2043	659	3931	820	1303
May 18, 2013 7:17:00 AM UTC	1368890220000	7	5	yes	30.6	87.3	20506	20827	9259	6544	0	44240	2820	2057	642	3940	836	1303
May 18, 2013 7:18:00 AM UTC	1368890280000	6	5	yes	30.8	87.4	20506	20827	9249	6617	0	44177	2785	2005	639	3943	830	1228
May 18, 2013 7:19:00 AM UTC	1368890340000	6	5	yes	31.0	87.6	20506	20827	9261	6543	0	44239	2834	2028	648	3950	802	1321
May 18, 2013 7:20:00 AM UTC	1368890400000	6	5	yes	31.2	87.7	20506	20827	9261	6543	0	44239	2826	1962	727	3976	788	1281
May 18, 2013 7:21:00 AM UTC	1368890460000	6	5	yes	31.4	87.9	20506	20827	9249	6615	0	44179	2795	1952	687	3983	811	1292
May 18, 2013 7:22:00 AM UTC	1368890520000	6	5	yes	31.6	88.0	20506	20827	9261	6544	0	44238	2842	1962	730	3991	731	1309
May 18, 2013 7:23:00 AM UTC	1368890580000	6	5	yes	31.8	88.2	20506	20827	9249	6616	0	44178	2807	1925	720	4000	759	1312
May 18, 2013 7:24:00 AM UTC	1368890640000	6	5	yes	32.0	88.3	20506	20827	9249	6616	0	44178	2808	1907	718	4015	766	1261
May 18, 2013 7:25:00 AM UTC	1368890700000	6	5	yes	32.2	88.4	20506	20827	9261	6545	0	44237	2857	1907	738	4024	704	1245
May 18, 2013 7:26:00 AM UTC	1368890760000	6	5	yes	32.4	88.6	20506	20827	9249	6617	0	44177	2810	1873	749	4041	745	1300
May 18, 2013 7:27:00 AM UTC	1368890820000	6	5	yes	32.6	88.7	20506	20827	9261	6545	0	44237	2861	1893	753	4052	736	1258
May 18, 2013 7:28:00 AM UTC	1368890880000	6	5	yes	32.8	88.9	20506	20827	9261	6463	0	44319	2885	1900	757	4066	727	1256
May 18, 2013 7:29:00 AM UTC	1368890940000	6	5	yes	33.1	89.0	20506	20827	9249	6534	0	44260	2847	1807	770	4080	729	1251
May 18, 2013 7:30:00 AM UTC	1368891000000	6	5	yes	33.3	89.2	20506	20827	9261	6462	0	44320	2889	1810	791	4091	698	1266
May 18, 2013 7:31:00 AM UTC	1368891060000	6	5	yes	33.5	89.3	20506	20827	9249	6533	0	44261	2817	1771	762	4122	732	1233
May 18, 2013 7:32:00 AM UTC	1368891120000	5	5	yes	33.7	89.5	20506	20827	9249	6533	0	44261	2825	1708	797	4132	707	1208
May 18, 2013 7:33:00 AM UTC	1368891180000	5	5	yes	33.9	89.6	20506	20827	9261	6461	0	44321	2883	1719	845	4147	680	1206
May 18, 2013 7:34:00 AM UTC	1368891240000	5	5	yes	34.1	89.8	20506	20827	9249	6614	0	44180	2815	1669	841	4161	661	1266
May 18, 2013 7:35:00 AM UTC	1368891300000	5	5	yes	34.3	89.9	20506	20827	9261	6468	0	44314	2879	1660	904	4184	679	1224
May 18, 2013 7:36:00 AM UTC	1368891360000	5	5	yes	34.5	90.1	20506	20827	9261	6469	0	44313	2883	1658	897	4198	635	1238
May 18, 2013 7:37:00 AM UTC	1368891420000	5	5	yes	34.7	90.2	20506	20827	9261	6469	0	44313	2876	1672	875	4220	666	1205
May 18, 2013 7:38:00 AM UTC	1368891480000	5	5	yes	34.9	90.4	20506	20827	9261	6469	0	44313	2881	1605	922	4230	640	1193
May 18, 2013 7:39:00 AM UTC	1368891540000	5	5	yes	35.1	90.5	20506	20827	9249	6541	0	44253	2818	1599	823	4249	653	1236
May 18, 2013 7:40:00 AM UTC	1368891600000	5	5	yes	35.3	90.7	20506	20827	9249	6541	0	44253	2817	1539	902	4266	658	1238
May 18, 2013 7:41:00 AM UTC	1368891660000	5	5	yes	35.5	90.8	20506	20827	9261	6470	0	44312	2872	1594	877	4285	660	1158
May 18, 2013 7:42:00 AM UTC	1368891720000	5	5	yes	35.7	91.0	20506	20827	9249	6542	0	44252	2822	1546	904	4307	636	1251
May 18, 2013 7:43:00 AM UTC	1368891780000	5	5	yes	35.9	91.1	20506	20827	9261	6471	0	44311	2870	1550	952	4323	637	1195
May 18, 2013 7:44:00 AM UTC	1368891840000	5	5	yes	36.1	91.3	20506	20827	9261	6545	0	44237	2846	1585	885	4332	639	1278
May 18, 2013 7:45:00 AM UTC	1368891900000	5	5	yes	36.3	91.4	20506	20827	9249	6617	0	44177	2799	1422	960	4348	596	1160
May 18, 2013 7:46:00 AM UTC	1368891960000	5	5	yes	36.5	91.6	20506	20827	9261	6545	0	44237	2841	1449	976	4373	631	1127
May 18, 2013 7:47:00 AM UTC	1368892020000	5	5	yes	36.7	91.7	20506	20827	9249	6616	0	44178	2789	1375	953	4391	664	1133
May 18, 2013 7:48:00 AM UTC	1368892080000	5	5	yes	36.9	91.9	20506	20827	9261	6544	0	44238	2832	1400	954	4409	589	1207
May 18, 2013 7:49:00 AM UTC	1368892140000	4	5	yes	37.1	92.0	20506	20827	9261	6544	0	44238	2825	1342	986	4428	594	1157
May 18, 2013 7:50:00 AM UTC	1368892200000	4	5	yes	37.3	92.2	20506	20827	9249	6615	0	44179	2788	1307	986	4442	599	1214
May 18, 2013 7:51:00 AM UTC	1368892260000	4	5	yes	37.5	92.3	20506	20827	9261	6543	0	44239	2829	1347	987	4465	551	1182
May 18, 2013 7:52:00 AM UTC	1368892320000	4	5	yes	37.7	92.5	20506	20827	9261	6543	0	44239	2836	1342	963	4474	611	1171
May 18, 2013 7:53:00 AM UTC	1368892380000	4	5	yes	37.9	92.7	20506	20827	9249	6617	0	44177	2784	1255	1009	4492	583	1181
May 18, 2013 7:54:00 AM UTC	1368892440000	4	5	yes	38.1	92.8	20506	20827	9259	6544	0	44240	2829	1268	1023	4514	571	1155
May 18, 2013 7:55:00 AM UTC	1368892500000	4	5	yes	38.3	93.0	20506	20827	9249	6627	0	44167	2786	1217	980	4522	531	1174
May 18, 2013 7:56:00 AM UTC	1368892560000	4	5	yes	38.5	93.1	20506	20827	9260	6477	0	44306	2854	1251	980	4544	576	1142
May 18, 2013 7:57:00 AM UTC	1368892620000	4	5	yes	38.7	93.3	20506	20827	9260	6477	0	44306	2844	1240	1000	4571	591	1166
May 18, 2013 7:58:00 AM UTC	1368892680000	4	5	yes	38.9	93.4	20506	20827	9250	6549	0	44244	2799	1192	1012	4578	566	1163
May 18, 2013 7:59:00 AM UTC	1368892740000	4	5	yes	39.1	93.6	20506	20827	9260	6478	0	44305	2844	1201	1024	4602	572	1150
May 18, 2013 8:00:00 AM UTC	1368892800000	4	5	yes	39.3	93.8	20506	20827	9250	6549	0	44244	2799	1119	1046	4613	558	1134
May 18, 2013 8:01:00 AM UTC	1368892860000	4	5	yes	39.5	93.9	20506	20827	9260	6479	0	44304	2845	1107	1070	4634	562	1127
May 18, 2013 8:02:00 AM UTC	1368892920000	4	5	yes	39.7	94.1	20506	20827	9260	6479	0	44304	2840	1123	1047	4653	558	1166
May 18, 2013 8:03:00 AM UTC	1368892980000	4	5	yes	39.9	94.2	20506	20827	9249	6550	0	44244	2796	1030	1048	4666	549	1136
May 18, 2013 8:04:00 AM UTC	1368893040000	4	5	yes	40.1	94.4	20506	20827	9260	6480	0	44303	2835	1042	1093	4691	553	1136
May 18, 2013 8:05:00 AM UTC	1368893100000	3	5	yes	40.3	94.6	20506	20827	9249	6551	0	44243	2790	940	1090	4702	523	1187
May 18, 2013 8:06:00 AM UTC	1368893160000	3	5	yes	40.5	94.7	20506	20827	9260	6481	0	44302	2834	980	1102	4724	517	1121
May 18, 2013 8:07:00 AM UTC	1368893220000	3	5	yes	40.7	94.9	20506	20827	9260	6481	0	44302	2835	943	1100	4740	532	1031
May 18, 2013 8:08:00 AM UTC	1368893280000	3	5	yes	40.9	95.1	20506	20827	9259	6489	0	44295	2833	912	1147	4755	473	1074
May 18, 2013 8:09:00 AM UTC	1368893340000	3	5	yes	41.1	95.2	20506	20827	9259	6489	0	44295	2832	906	1123	4773	477	1089
May 18, 2013 8:10:00 AM UTC	1368893400000	3	5	yes	41.3	95.4	20506	20827	9248	6561	0	44234	2788	855	1130	4781	436	1091
May 18, 2013 8:11:00 AM UTC	1368893460000	3	5	yes	41.5	95.6	20506	20827	9258	6491	0	44294	2823	870	1108	4812	386	1139
May 18, 2013 8:12:00 AM UTC	1368893520000	3	5	yes	41.7	95.7	20506	20827	9258	6478	0	44307	2819	790	1141	4830	378	1179
May 18, 2013 8:13:00 AM UTC	1368893580000	2	5	yes	41.9	95.9	20506	20827	9258	6478	0	44307	2830	728	1150	4839	293	1184
May 18, 2013 8:14:00 AM UTC	1368893640000	2	6	yes	42.1	96.1	20506	20827	9258	6504	0	44281	2821	729	1157	4856	271	1213
May 18, 2013 8:15:00 AM UTC	1368893700000	2	6	yes	42.3	96.2	20506	20827	9246	6652	0	44145	2747	574	1218	4867	156	1217
May 18, 2013 8:16:00 AM UTC	1368893760000	2	6	yes	42.5	96.4	20506	20827	9257	6574	0	44212	2789	657	1174	4892	188	1305
May 18, 2013 8:17:00 AM UTC	1368893820000	2	6	yes	42.7	96.6	20506	20827	9245	6661	0	44137	2738	644	1159	4898	144	1325
May 18, 2013 8:18:00 AM UTC	1368893880000	2	6	yes	42.9	96.7	20506	20827	9256	6598	0	44189	2769	691	1143	4926	158	1260
May 18, 2013 8:19:00 AM UTC	1368893940000	2	6	yes	43.1	96.9	20506	20827	9256	6598	0	44189	2769	578	1210	4939	88	1284
May 18, 2013 8:20:00 AM UTC	1368894000000	2	6	yes	43.3	97.1	20506	20827	9256	6513	0	44274	2805	594	1247	4959	95	1339
May 18, 2013 8:21:00 AM UTC	1368894060000	1	6	yes	43.5	97.2	20506	20827	9256	6513	0	44274	2813	534	1263	4970	39	1314
May 18, 2013 8:22:00 AM UTC	1368894120000	1	6	yes	43.7	97.4	20506	20827	9255	6514	0	44274	2810	553	1261	4988	31	1339
May 18, 2013 8:23:00 AM UTC	1368894180000	1	6	yes	43.9	97.6	20506	20827	9255	6514	0	44274	2798	492	1282	5012	32	1215
May 18, 2013 8:24:00 AM UTC	1368894240000	1	6	yes	44.1	97.8	20506	20827	9244	6584	0	44215	2755	483	1272	5020	32	1293
May 18, 2013 8:25:00 AM UTC	1368894300000	1	6	yes	44.3	97.9	20506	20827	9254	6514	0	44275	2800	518	1259	5043	16	1278
May 18, 2013 8:26:00 AM UTC	1368894360000	1	6	yes	44.5	98.1	20506	20827	9253	6523	0	44267	2797	459	1288	5060	19	1264
May 18, 2013 8:27:00 AM UTC	1368894420000	1	6	yes	44.7	98.3	20506	20827	9252	6517	0	44274	2795	438	1268	5073	3	1257
May 18, 2013 8:28:00 AM UTC	1368894480000	1	6	yes	44.9	98.5	20506	20827	9252	6517	0	44274	2787	435	1284	5095	7	1199
May 18, 2013 8:29:00 AM UTC	1368894540000	1	6	yes	45.1	98.7	20506	20827	9251	6518	0	44274	2782	431	1244	5109	0	1252
May 18, 2013 8:30:00 AM UTC	1368894600000	1	6	yes	45.3	98.8	20506	20827	9251	6518	0	44274	2786	394	1223	5134	0	1202
May 18, 2013 8:31:00 AM UTC	1368894660000	1	6	yes	45.5	99.0	20506	20827	9250	6519	0	44274	2788	389	1223	5135	2	1183
May 18, 2013 8:32:00 AM UTC	1368894720000	1	5	yes	45.7	99.2	20506	20827	9250	6550	0	44243	2779	330	1199	5169	4	1115
May 18, 2013 8:33:00 AM UTC	1368894780000	1	5	yes	45.8	99.4	20506	20827	9250	6550	0	44243	2777	302	1235	5174	2	1097
May 18, 2013 8:34:00 AM UTC	1368894840000	1	5	yes	46.0	99.6	20506	20827	9247	6562	0	44234	2772	331	1216	5192	0	1118
May 18, 2013 8:35:00 AM UTC	1368894900000	1	5	yes	46.2	99.7	20506	20827	9247	6562	0	44234	2769	299	1192	5200	0	1017
May 18, 2013 8:36:00 AM UTC	1368894960000	1	5	yes	46.4	99.9	20506	20827	9246	6565	0	44232	2765	285	1173	5220	0	938
May 18, 2013 8:37:00 AM UTC	1368895020000	1	5	yes	46.6	100.1	20506	20827	9246	6565	0	44232	2764	244	1159	5237	0	839
May 18, 2013 8:38:00 AM UTC	1368895080000	1	4	yes	46.8	100.3	20506	20827	9245	6565	0	44233	2760	273	1109	5252	0	777
May 18, 2013 8:39:00 AM UTC	1368895140000	1	4	yes	47.0	100.5	20506	20827	9245	6565	0	44233	2764	237	1101	5269	0	707
May 18, 2013 8:40:00 AM UTC	1368895200000	1	4	yes	47.2	100.7	20506	20827	9243	6506	0	44294	2791	251	1104	5285	0	670
May 18, 2013 8:41:00 AM UTC	1368895260000	1	4	yes	47.4	100.9	20506	20827	9243	6506	0	44294	2791	259	1096	5300	0	657
May 18, 2013 8:42:00 AM UTC	1368895320000	0	4	yes	47.6	101.1	20506	20827	9253	6427	0	44363	2817	203	1065	5330	0	500
May 18, 2013 8:43:00 AM UTC	1368895380000	1	3	yes	47.8	101.2	20506	20827	9243	6493	0	44307	2783	224	1012	5331	0	407
May 18, 2013 8:44:00 AM UTC	1368895440000	0	4	yes	48.0	101.4	20506	20827	9253	6428	0	44362	2818	201	1101	5360	0	414
May 18, 2013 8:45:00 AM UTC	1368895500000	0	3	yes	48.2	101.6	20506	20827	9242	6513	0	44288	2772	177	973	5358	0	286
May 18, 2013 8:46:00 AM UTC	1368895560000	1	3	yes	48.4	101.8	20506	20827	9254	6430	0	44359	2812	210	1010	5392	0	350
May 18, 2013 8:47:00 AM UTC	1368895620000	0	3	yes	48.6	102.0	20506	20827	9240	6591	0	44212	2733	169	865	5381	0	232
May 18, 2013 8:48:00 AM UTC	1368895680000	0	2	yes	48.8	102.2	20506	20827	9251	6521	0	44271	2766	136	872	5412	0	169
May 18, 2013 8:49:00 AM UTC	1368895740000	0	2	yes	49.0	102.4	20506	20827	9240	6626	0	44177	2728	140	838	5410	0	124
May 18, 2013 8:50:00 AM UTC	1368895800000	0	2	yes	49.2	102.6	20506	20827	9251	6555	0	44237	2764	144	837	5443	0	130
May 18, 2013 8:51:00 AM UTC	1368895860000	0	2	yes	49.4	102.8	20506	20827	9242	6613	0	44188	2734	141	828	5440	0	94
May 18, 2013 8:52:00 AM UTC	1368895920000	0	2	yes	49.6	103.0	20506	20827	9251	6555	0	44237	2763	151	817	5466	0	59
May 18, 2013 8:53:00 AM UTC	1368895980000	0	2	yes	49.8	103.2	20506	20827	9240	6627	0	44176	2714	129	721	5469	0	49
May 18, 2013 8:54:00 AM UTC	1368896040000	0	2	yes	50.0	103.4	20506	20827	9251	6558	0	44234	2751	139	688	5499	0	62
May 18, 2013 8:55:00 AM UTC	1368896100000	0	2	yes	50.2	103.6	20506	20827	9240	6625	0	44178	2707	68	646	5496	0	28
May 18, 2013 8:56:00 AM UTC	1368896160000	0	2	yes	50.4	103.8	20506	20827	9250	6555	0	44238	2750	85	641	5523	0	14
May 18, 2013 8:57:00 AM UTC	1368896220000	0	1	yes	50.6	104.0	20506	20827	9238	6641	0	44164	2701	58	603	5512	0	5
May 18, 2013 8:58:00 AM UTC	1368896280000	0	2	yes	50.8	104.3	20506	20827	9250	6497	0	44296	2771	104	644	5549	0	22
May 18, 2013 8:59:00 AM UTC	1368896340000	0	1	yes	51.0	104.5	20506	20827	9241	6569	0	44233	2731	78	586	5551	0	18
May 18, 2013 9:00:00 AM UTC	1368896400000	0	1	yes	51.1	104.7	20506	20827	9250	6499	0	44294	2771	122	596	5580	0	16
May 18, 2013 9:01:00 AM UTC	1368896460000	0	1	yes	51.3	104.9	20506	20827	9239	6567	0	44237	2732	112	520	5571	0	15
May 18, 2013 9:02:00 AM UTC	1368896520000	0	1	yes	51.5	105.1	20506	20827	9248	6516	0	44279	2761	71	570	5595	0	5
May 18, 2013 9:03:00 AM UTC	1368896580000	0	1	yes	51.7	105.3	20506	20827	9238	6585	0	44220	2719	53	608	5592	0	4
May 18, 2013 9:04:00 AM UTC	1368896640000	0	1	yes	51.9	105.5	20506	20827	9248	6516	0	44279	2757	101	536	5624	0	2
May 18, 2013 9:05:00 AM UTC	1368896700000	0	1	yes	52.1	105.8	20506	20827	9248	6516	0	44279	2754	104	552	5637	0	6
May 18, 2013 9:06:00 AM UTC	1368896760000	0	1	yes	52.3	106.0	20506	20827	9247	6557	0	44239	2736	101	494	5646	0	5
May 18, 2013 9:07:00 AM UTC	1368896820000	0	1	yes	52.5	106.2	20506	20827	9246	6556	0	44241	2733	112	444	5656	0	26
May 18, 2013 9:08:00 AM UTC	1368896880000	0	1	yes	52.7	106.4	20506	20827	9246	6556	0	44241	2732	44	497	5669	0	1
May 18, 2013 9:09:00 AM UTC	1368896940000	0	1	yes	52.9	106.6	20506	20827	9247	6557	0	44239	2723	61	473	5684	0	2
May 18, 2013 9:10:00 AM UTC	1368897000000	0	1	yes	53.1	106.9	20506	20827	9247	6557	0	44239	2727	72	517	5691	0	3
May 18, 2013 9:11:00 AM UTC	1368897060000	0	1	yes	53.3	107.1	20506	20827	9244	6578	0	44221	2709	83	489	5697	0	8
May 18, 2013 9:12:00 AM UTC	1368897120000	0	1	yes	53.5	107.3	20506	20827	9256	6444	0	44343	2792	120	496	5729	0	10
May 18, 2013 9:13:00 AM UTC	1368897180000	0	1	yes	53.7	107.6	20506	20827	9244	6518	0	44281	2750	101	474	5722	0	17
May 18, 2013 9:14:00 AM UTC	1368897240000	0	1	yes	53.8	107.8	20506	20827	9254	6459	0	44330	2782	79	471	5746	0	2
May 18, 2013 9:15:00 AM UTC	1368897300000	0	1	yes	54.0	108.0	20506	20827	9245	6527	0	44271	2740	80	451	5738	0	3
May 18, 2013 9:16:00 AM UTC	1368897360000	0	1	yes	54.2	108.3	20506	20827	9256	6444	0	44343	2782	90	458	5774	0	5
May 18, 2013 9:17:00 AM UTC	1368897420000	0	1	yes	54.4	108.5	20506	20827	9244	6509	0	44290	2739	77	433	5761	0	6
May 18, 2013 9:18:00 AM UTC	1368897480000	0	1	yes	54.6	108.7	20506	20827	9252	6464	0	44327	2765	99	407	5783	0	9
May 18, 2013 9:19:00 AM UTC	1368897540000	0	1	yes	54.8	109.0	20506	20827	9252	6464	0	44327	2760	120	431	5793	0	35
May 18, 2013 9:20:00 AM UTC	1368897600000	0	1	yes	55.0	109.2	20506	20827	9244	6535	0	44264	2726	63	412	5782	0	2
May 18, 2013 9:21:00 AM UTC	1368897660000	0	1	yes	55.2	109.5	20506	20827	9252	6467	0	44324	2756	84	416	5809	0	0
May 18, 2013 9:22:00 AM UTC	1368897720000	0	1	yes	55.4	109.7	20506	20827	9237	6556	0	44250	2712	83	329	5789	0	2
May 18, 2013 9:23:00 AM UTC	1368897780000	0	1	yes	55.6	110.0	20506	20827	9248	6610	0	44185	2689	76	337	5809	0	3
May 18, 2013 9:24:00 AM UTC	1368897840000	0	1	yes	55.7	110.2	20506	20827	9250	6588	0	44205	2702	92	281	5824	0	12
May 18, 2013 9:25:00 AM UTC	1368897900000	0	1	yes	55.9	110.5	20506	20827	9248	6542	0	44253	2728	41	273	5828	0	0
May 18, 2013 9:26:00 AM UTC	1368897960000	0	1	yes	56.1	110.7	20506	20827	9248	6542	0	44253	2733	42	277	5836	0	2
May 18, 2013 9:27:00 AM UTC	1368898020000	0	1	yes	56.3	111.0	20506	20827	9258	6476	0	44309	2748	70	328	5866	0	3
May 18, 2013 9:28:00 AM UTC	1368898080000	0	1	yes	56.5	111.2	20506	20827	9243	6577	0	44223	2698	56	256	5839	0	4
May 18, 2013 9:29:00 AM UTC	1368898140000	0	1	yes	56.7	111.5	20506	20827	9243	6577	0	44223	2692	78	285	5841	0	7
May 18, 2013 9:30:00 AM UTC	1368898200000	0	1	yes	56.9	111.7	20506	20827	9243	6577	0	44223	2699	71	262	5852	0	11
May 18, 2013 9:31:00 AM UTC	1368898260000	0	1	yes	57.1	112.0	20506	20827	9245	6576	0	44222	2696	39	223	5855	0	1
May 18, 2013 9:32:00 AM UTC	1368898320000	0	1	yes	57.2	112.3	20506	20827	9256	6510	0	44277	2728	56	225	5883	0	1
May 18, 2013 9:33:00 AM UTC	1368898380000	0	1	yes	57.4	112.5	20506	20827	9245	6576	0	44222	2700	61	229	5865	0	0
May 18, 2013 9:34:00 AM UTC	1368898440000	0	1	yes	57.6	112.8	20506	20827	9240	6603	0	44200	2686	69	213	5859	0	3
May 18, 2013 9:35:00 AM UTC	1368898500000	0	1	yes	57.8	113.1	20506	20827	9251	6537	0	44255	2706	96	215	5882	1	24
May 18, 2013 9:36:00 AM UTC	1368898560000	0	0	yes	58.0	113.4	20506	20827	9245	6586	0	44212	2672	31	182	5869	0	1
May 18, 2013 9:37:00 AM UTC	1368898620000	0	1	yes	58.2	113.6	20506	20827	9251	6480	0	44312	2732	46	212	5894	0	3
May 18, 2013 9:38:00 AM UTC	1368898680000	0	1	yes	58.3	113.9	20506	20827	9251	6481	0	44311	2736	59	187	5894	0	6
May 18, 2013 9:39:00 AM UTC	1368898740000	0	0	yes	58.5	114.2	20506	20827	9235	6624	0	44184	2676	56	162	5856	0	3
May 18, 2013 9:40:00 AM UTC	1368898800000	0	0	yes	58.7	114.5	20506	20827	9246	6559	0	44238	2707	104	144	5880	1	11
May 18, 2013 9:41:00 AM UTC	1368898860000	0	0	yes	58.9	114.8	20506	20827	9249	6529	0	44265	2707	46	164	5894	0	0
May 18, 2013 9:42:00 AM UTC	1368898920000	0	0	yes	59.1	115.1	20506	20827	9257	6494	0	44292	2724	59	149	5906	0	4
May 18, 2013 9:43:00 AM UTC	1368898980000	0	0	yes	59.3	115.3	20506	20827	9246	6559	0	44238	2698	58	158	5884	0	2
May 18, 2013 9:44:00 AM UTC	1368899040000	0	0	yes	59.4	115.6	20506	20827	9242	6587	0	44214	2686	76	162	5874	0	3
May 18, 2013 9:45:00 AM UTC	1368899100000	0	1	yes	59.6	115.9	20506	20827	9255	6508	0	44280	2713	85	167	5903	0	37
May 18, 2013 9:46:00 AM UTC	1368899160000	0	0	yes	59.8	116.2	20506	20827	9241	6602	0	44200	2668	60	155	5867	0	0
May 18, 2013 9:47:00 AM UTC	1368899220000	0	0	yes	60.0	116.5	20506	20827	9241	6538	0	44264	2706	60	129	5873	0	0
May 18, 2013 9:48:00 AM UTC	1368899280000	0	0	yes	60.2	116.8	20506	20827	9252	6475	0	44316	2732	79	157	5897	0	5
May 18, 2013 9:49:00 AM UTC	1368899340000	0	0	yes	60.3	117.2	20506	20827	9252	6475	0	44316	2726	109	160	5895	0	14
May 18, 2013 9:50:00 AM UTC	1368899400000	0	0	yes	60.5	117.5	20506	20827	9252	6475	0	44316	2729	101	148	5903	0	15
May 18, 2013 9:51:00 AM UTC	1368899460000	0	0	yes	60.7	117.8	20506	20827	9247	6509	0	44287	2718	47	133	5880	0	0
May 18, 2013 9:52:00 AM UTC	1368899520000	0	0	yes	60.9	118.1	20506	20827	9247	6509	0	44287	2717	59	123	5888	0	2
May 18, 2013 9:53:00 AM UTC	1368899580000	0	0	yes	61.1	118.4	20506	20827	9258	6465	0	44320	2713	65	143	5904	0	2
May 18, 2013 9:54:00 AM UTC	1368899640000	0	0	yes	61.2	118.7	20506	20827	9247	6528	0	44268	2695	75	134	5884	0	8
May 18, 2013 9:55:00 AM UTC	1368899700000	0	0	yes	61.4	119.1	20506	20827	9242	6560	0	44241	2693	39	123	5873	0	0
May 18, 2013 9:56:00 AM UTC	1368899760000	0	0	yes	61.6	119.4	20506	20827	9256	6464	0	44323	2731	56	137	5909	0	0
May 18, 2013 9:57:00 AM UTC	1368899820000	0	0	yes	61.8	119.7	20506	20827	9252	6493	0	44298	2722	89	131	5899	0	2
May 18, 2013 9:58:00 AM UTC	1368899880000	0	0	yes	61.9	120.1	20506	20827	9243	6555	0	44245	2695	77	139	5877	0	0
May 18, 2013 9:59:00 AM UTC	1368899940000	0	0	yes	62.1	120.4	20506	20827	9252	6493	0	44298	2716	97	147	5899	0	8
May 18, 2013 10:00:00 AM UTC	1368900000000	0	0	yes	62.3	120.7	20506	20827	9247	6555	0	44241	2683	45	131	5880	0	0
May 18, 2013 10:01:00 AM UTC	1368900060000	0	0	yes	62.4	121.1	20506	20827	9247	6555	0	44241	2669	66	115	5883	0	0
May 18, 2013 10:02:00 AM UTC	1368900120000	0	0	yes	62.6	121.4	20506	20827	9247	6555	0	44241	2683	74	136	5882	0	1
May 18, 2013 10:03:00 AM UTC	1368900180000	0	0	yes	62.8	121.8	20506	20827	9257	6434	0	44352	2743	103	131	5912	0	6
May 18, 2013 10:04:00 AM UTC	1368900240000	0	0	yes	63.0	122.2	20506	20827	9246	6498	0	44299	2725	49	118	5885	0	0
May 18, 2013 10:05:00 AM UTC	1368900300000	0	0	yes	63.1	122.5	20506	20827	9247	6493	0	44303	2718	55	121	5888	0	0
May 18, 2013 10:06:00 AM UTC	1368900360000	0	0	yes	63.3	122.9	20506	20827	9249	6503	0	44291	2704	53	101	5894	0	2
May 18, 2013 10:07:00 AM UTC	1368900420000	0	0	yes	63.5	123.2	20506	20827	9248	6504	0	44291	2696	79	124	5893	0	8
May 18, 2013 10:08:00 AM UTC	1368900480000	0	0	yes	63.6	123.6	20506	20827	9248	6504	0	44291	2696	35	117	5897	0	0
May 18, 2013 10:09:00 AM UTC	1368900540000	0	0	yes	63.8	124.0	20506	20827	9257	6446	0	44340	2719	64	113	5915	0	0
May 18, 2013 10:10:00 AM UTC	1368900600000	0	0	yes	64.0	124.4	20506	20827	9242	6543	0	44258	2684	68	118	5870	0	0
May 18, 2013 10:11:00 AM UTC	1368900660000	0	0	yes	64.1	124.7	20506	20827	9248	6526	0	44269	2703	89	122	5895	0	7
May 18, 2013 10:12:00 AM UTC	1368900720000	0	0	yes	64.3	125.1	20506	20827	9242	6546	0	44255	2702	40	97	5890	0	0
May 18, 2013 10:13:00 AM UTC	1368900780000	0	0	yes	64.5	125.5	20506	20827	9245	6564	0	44234	2678	40	86	5887	0	0
May 18, 2013 10:14:00 AM UTC	1368900840000	0	0	yes	64.6	125.9	20506	20827	9251	6523	0	44269	2694	68	103	5891	0	0
May 18, 2013 10:15:00 AM UTC	1368900900000	0	0	yes	64.8	126.3	20506	20827	9246	6565	0	44232	2670	80	108	5881	0	0
May 18, 2013 10:16:00 AM UTC	1368900960000	0	0	yes	64.9	126.7	20506	20827	9245	6565	0	44233	2676	55	104	5883	0	0
May 18, 2013 10:17:00 AM UTC	1368901020000	0	0	yes	65.1	127.1	20506	20827	9255	6454	0	44334	2729	88	130	5910	0	0
May 18, 2013 10:18:00 AM UTC	1368901080000	0	0	yes	65.3	127.5	20506	20827	9255	6454	0	44334	2730	95	132	5913	0	1
May 18, 2013 10:19:00 AM UTC	1368901140000	0	0	yes	65.4	128.0	20506	20827	9248	6538	0	44257	2690	38	112	5892	0	0
May 18, 2013 10:20:00 AM UTC	1368901200000	0	0	yes	65.6	128.4	20506	20827	9248	6538	0	44257	2679	44	119	5890	0	0
May 18, 2013 10:21:00 AM UTC	1368901260000	0	0	yes	65.7	128.8	20506	20827	9247	6539	0	44257	2691	59	123	5889	0	0
May 18, 2013 10:22:00 AM UTC	1368901320000	0	0	yes	65.9	129.2	20506	20827	9240	6586	0	44217	2669	67	123	5873	0	0
May 18, 2013 10:23:00 AM UTC	1368901380000	0	0	yes	66.1	129.7	20506	20827	9246	6539	0	44258	2686	53	125	5889	0	0
May 18, 2013 10:24:00 AM UTC	1368901440000	0	0	yes	66.2	130.1	20506	20827	9255	6474	0	44314	2712	60	109	5912	0	1
May 18, 2013 10:25:00 AM UTC	1368901500000	0	0	yes	66.4	130.6	20506	20827	9249	6519	0	44275	2696	67	127	5895	0	2
May 18, 2013 10:26:00 AM UTC	1368901560000	0	0	yes	66.5	131.0	20506	20827	9249	6519	0	44275	2699	42	126	5895	0	0
May 18, 2013 10:27:00 AM UTC	1368901620000	0	0	yes	66.7	131.5	20506	20827	9250	6518	0	44275	2695	53	125	5895	0	0
May 18, 2013 10:28:00 AM UTC	1368901680000	0	0	yes	66.8	131.9	20506	20827	9243	6563	0	44237	2675	63	139	5879	0	0
May 18, 2013 10:29:00 AM UTC	1368901740000	0	0	yes	67.0	132.4	20506	20827	9251	6462	0	44330	2730	41	116	5907	0	0
May 18, 2013 10:30:00 AM UTC	1368901800000	0	0	yes	67.1	132.9	20506	20827	9251	6581	0	44211	2667	36	108	5896	0	0
May 18, 2013 10:31:00 AM UTC	1368901860000	0	0	yes	67.3	133.3	20506	20827	9244	6628	0	44171	2651	43	122	5877	0	0
May 18, 2013 10:32:00 AM UTC	1368901920000	0	0	yes	67.4	133.8	20506	20827	9244	6628	0	44171	2654	27	106	5874	0	0
May 18, 2013 10:33:00 AM UTC	1368901980000	0	0	yes	67.5	134.3	20506	20827	9251	6577	0	44215	2668	56	115	5894	0	0
May 18, 2013 10:34:00 AM UTC	1368902040000	0	0	yes	67.7	134.8	20506	20827	9252	6519	0	44272	2706	84	114	5901	0	0
May 18, 2013 10:35:00 AM UTC	1368902100000	0	0	yes	67.8	135.3	20506	20827	9244	6620	0	44179	2654	29	102	5875	0	0
May 18, 2013 10:36:00 AM UTC	1368902160000	0	0	yes	68.0	135.8	20506	20827	9245	6620	0	44178	2652	37	109	5875	0	0
May 18, 2013 10:37:00 AM UTC	1368902220000	0	0	yes	68.1	136.3	20506	20827	9245	6617	0	44181	2654	87	112	5875	0	1
May 18, 2013 10:38:00 AM UTC	1368902280000	0	0	yes	68.2	136.8	20506	20827	9253	6571	0	44219	2665	44	117	5897	0	0
May 18, 2013 10:39:00 AM UTC	1368902340000	0	0	yes	68.4	137.3	20506	20827	9253	6579	0	44211	2660	42	116	5894	0	0
May 18, 2013 10:40:00 AM UTC	1368902400000	0	0	yes	68.5	137.8	20506	20827	9251	6580	0	44212	2659	67	122	5896	0	0
May 18, 2013 10:41:00 AM UTC	1368902460000	0	0	yes	68.7	138.4	20506	20827	9260	6467	0	44316	2711	58	147	5917	0	0
May 18, 2013 10:42:00 AM UTC	1368902520000	0	0	yes	68.8	138.9	20506	20827	9245	6573	0	44225	2676	61	139	5878	0	0
May 18, 2013 10:43:00 AM UTC	1368902580000	0	0	yes	68.9	139.5	20506	20827	9244	6574	0	44225	2673	41	146	5877	0	0
May 18, 2013 10:44:00 AM UTC	1368902640000	0	0	yes	69.0	140.0	20506	20827	9247	6579	0	44217	2668	46	144	5879	0	0
May 18, 2013 10:45:00 AM UTC	1368902700000	0	0	yes	69.2	140.6	20506	20827	9253	6541	0	44249	2693	62	185	5895	0	0
May 18, 2013 10:46:00 AM UTC	1368902760000	0	0	yes	69.3	141.1	20506	20827	9245	6595	0	44203	2664	53	128	5875	0	0
May 18, 2013 10:47:00 AM UTC	1368902820000	0	0	yes	69.4	141.7	20506	20827	9244	6594	0	44205	2676	67	148	5876	0	0
May 18, 2013 10:48:00 AM UTC	1368902880000	0	0	yes	69.6	142.2	20506	20827	9244	6624	0	44175	2653	54	198	5869	1	0
May 18, 2013 10:49:00 AM UTC	1368902940000	0	0	yes	69.7	142.8	20506	20827	9258	6516	0	44269	2695	45	152	5914	0	0
May 18, 2013 10:50:00 AM UTC	1368903000000	0	0	yes	69.8	143.4	20506	20827	9249	6571	0	44223	2679	61	177	5892	2	0
May 18, 2013 10:51:00 AM UTC	1368903060000	0	0	yes	69.9	144.0	20506	20827	9250	6570	0	44223	2672	50	166	5888	0	0
May 18, 2013 10:52:00 AM UTC	1368903120000	0	0	yes	70.0	144.6	20506	20827	9239	6626	0	44178	2667	68	150	5860	0	0
May 18, 2013 10:53:00 AM UTC	1368903180000	0	0	yes	70.1	145.2	20506	20827	9247	6610	0	44186	2656	54	149	5877	5	0
May 18, 2013 10:54:00 AM UTC	1368903240000	0	0	yes	70.3	145.8	20506	20827	9247	6610	0	44186	2662	37	164	5881	0	0
May 18, 2013 10:55:00 AM UTC	1368903300000	0	0	yes	70.4	146.4	20506	20827	9250	6548	0	44245	2690	77	141	5887	8	0
May 18, 2013 10:56:00 AM UTC	1368903360000	0	0	yes	70.5	147.0	20506	20827	9255	6512	0	44276	2705	46	156	5896	0	0
May 18, 2013 10:57:00 AM UTC	1368903420000	0	0	yes	70.6	147.7	20506	20827	9245	6598	0	44200	2666	47	154	5874	1	0
May 18, 2013 10:58:00 AM UTC	1368903480000	0	0	yes	70.7	148.3	20506	20827	9247	6599	0	44197	2658	21	138	5874	0	0
May 18, 2013 10:59:00 AM UTC	1368903540000	0	1	yes	70.8	148.9	20506	20827	9252	6560	1	44230	2675	46	175	5889	0	0
May 18, 2013 11:00:00 AM UTC	1368903600000	0	0	yes	70.9	149.6	20506	20827	9252	6560	2	44229	2676	29	165	5888	0	0
May 18, 2013 11:01:00 AM UTC	1368903660000	0	0	yes	71.0	150.2	20506	20827	9241	6653	1	44148	2640	31	143	5865	0	0
May 18, 2013 11:02:00 AM UTC	1368903720000	0	1	yes	71.1	150.9	20506	20827	9247	6618	1	44177	2650	50	139	5875	5	0
May 18, 2013 11:03:00 AM UTC	1368903780000	0	1	yes	71.2	151.6	20506	20827	9247	6617	2	44177	2650	39	164	5879	0	0
May 18, 2013 11:04:00 AM UTC	1368903840000	0	1	yes	71.3	152.2	20506	20827	9253	6508	3	44279	2716	80	194	5897	7	1
May 18, 2013 11:05:00 AM UTC	1368903900000	0	1	yes	71.4	152.9	20506	20827	9244	6636	2	44161	2643	16	194	5868	0	0
May 18, 2013 11:06:00 AM UTC	1368903960000	1	0	yes	71.5	153.6	20506	20827	9243	6636	1	44163	2650	30	119	5867	0	0
May 18, 2013 11:07:00 AM UTC	1368904020000	1	0	yes	71.6	154.3	20506	20827	9248	6604	1	44190	2658	22	148	5878	0	0
May 18, 2013 11:08:00 AM UTC	1368904080000	1	0	yes	71.7	155.0	20506	20827	9247	6582	3	44211	2684	54	154	5881	6	0
May 18, 2013 11:09:00 AM UTC	1368904140000	1	0	yes	71.7	155.7	20506	20827	9241	6681	1	44120	2624	17	114	5862	0	0
May 18, 2013 11:10:00 AM UTC	1368904200000	1	1	yes	71.8	156.4	20506	20827	9250	6620	4	44169	2639	36	136	5887	5	0
May 18, 2013 11:11:00 AM UTC	1368904260000	1	0	yes	71.9	157.1	20506	20827	9245	6609	4	44185	2653	27	111	5877	0	0
May 18, 2013 11:12:00 AM UTC	1368904320000	1	1	yes	72.0	157.8	20506	20827	9244	6592	5	44202	2674	50	144	5878	0	0
May 18, 2013 11:13:00 AM UTC	1368904380000	1	1	yes	72.1	158.5	20506	20827	9249	6633	3	44158	2630	15	120	5884	0	0
May 18, 2013 11:14:00 AM UTC	1368904440000	1	1	yes	72.1	159.3	20506	20827	9242	6593	5	44203	2673	22	135	5878	0	1
May 18, 2013 11:15:00 AM UTC	1368904500000	1	1	yes	72.2	160.0	20506	20827	9243	6578	6	44216	2695	21	145	5881	2	7
May 18, 2013 11:16:00 AM UTC	1368904560000	1	1	yes	72.3	160.7	20506	20827	9256	6490	9	44288	2713	41	143	5918	4	5
May 18, 2013 11:17:00 AM UTC	1368904620000	1	1	yes	72.3	161.5	20506	20827	9243	6610	5	44185	2651	12	138	5878	0	0
May 18, 2013 11:18:00 AM UTC	1368904680000	1	1	yes	72.4	162.2	20506	20827	9246	6601	7	44189	2663	28	115	5884	0	0
May 18, 2013 11:19:00 AM UTC	1368904740000	1	1	yes	72.4	163.0	20506	20827	9250	6556	8	44229	2684	22	132	5894	0	0
May 18, 2013 11:20:00 AM UTC	1368904800000	1	1	yes	72.5	163.7	20506	20827	9250	6556	8	44229	2694	14	92	5897	0	0
May 18, 2013 11:21:00 AM UTC	1368904860000	1	1	yes	72.6	164.5	20506	20827	9252	6608	6	44177	2636	21	93	5890	0	0
May 18, 2013 11:22:00 AM UTC	1368904920000	2	1	yes	72.6	165.3	20506	20827	9252	6570	7	44214	2672	17	96	5898	0	0
May 18, 2013 11:23:00 AM UTC	1368904980000	2	1	yes	72.7	166.0	20506	20827	9245	6618	7	44173	2648	23	102	5882	0	0
May 18, 2013 11:24:00 AM UTC	1368905040000	2	1	yes	72.7	166.8	20506	20827	9246	6617	6	44174	2650	16	98	5880	0	0
May 18, 2013 11:25:00 AM UTC	1368905100000	2	1	yes	72.8	167.6	20506	20827	9245	6609	8	44181	2670	15	96	5886	0	2
May 18, 2013 11:26:00 AM UTC	1368905160000	2	1	yes	72.8	168.4	20506	20827	9247	6591	10	44195	2673	22	116	5886	0	0
May 18, 2013 11:27:00 AM UTC	1368905220000	2	2	yes	72.8	169.2	20506	20827	9249	6550	10	44234	2691	25	103	5891	0	0
May 18, 2013 11:28:00 AM UTC	1368905280000	2	2	yes	72.9	169.9	20506	20827	9239	6624	10	44170	2664	12	112	5869	0	0
May 18, 2013 11:29:00 AM UTC	1368905340000	2	2	yes	72.9	170.7	20506	20827	9241	6680	7	44115	2621	20	98	5869	0	0
May 18, 2013 11:30:00 AM UTC	1368905400000	2	2	yes	72.9	171.5	20506	20827	9243	6664	9	44127	2630	14	83	5875	0	0
May 18, 2013 11:31:00 AM UTC	1368905460000	2	1	yes	73.0	172.3	20506	20827	9244	6646	7	44146	2640	25	127	5871	2	18
May 18, 2013 11:32:00 AM UTC	1368905520000	2	1	yes	73.0	173.1	20506	20827	9247	6561	13	44222	2702	21	94	5886	5	22
May 18, 2013 11:33:00 AM UTC	1368905580000	3	1	yes	73.0	173.9	20506	20827	9248	6560	13	44222	2701	48	103	5884	10	33
May 18, 2013 11:34:00 AM UTC	1368905640000	3	2	yes	73.0	174.7	20506	20827	9248	6633	9	44153	2645	11	93	5876	4	51
May 18, 2013 11:35:00 AM UTC	1368905700000	4	2	yes	73.1	175.5	20506	20827	9247	6611	9	44176	2656	14	75	5878	44	45
May 18, 2013 11:36:00 AM UTC	1368905760000	5	2	yes	73.1	176.3	20506	20827	9247	6619	9	44168	2657	19	118	5877	76	64
May 18, 2013 11:37:00 AM UTC	1368905820000	5	2	yes	73.1	177.1	20506	20827	9247	6615	8	44173	2658	28	129	5882	129	53
May 18, 2013 11:38:00 AM UTC	1368905880000	6	2	yes	73.1	178.0	20506	20827	9249	6612	8	44174	2655	3	66	5882	122	55
May 18, 2013 11:39:00 AM UTC	1368905940000	6	2	yes	73.1	178.8	20506	20827	9250	6591	9	44193	2665	22	95	5884	152	57
May 18, 2013 11:40:00 AM UTC	1368906000000	7	3	yes	73.1	179.6	20506	20827	9249	6592	9	44193	2667	110	183	5887	250	70
May 18, 2013 11:41:00 AM UTC	1368906060000	7	3	yes	73.1	180.4	20506	20827	9249	6592	10	44192	2669	431	225	5883	298	66
May 18, 2013 11:42:00 AM UTC	1368906120000	7	2	yes	73.1	181.2	20506	20827	9250	6591	9	44193	2667	675	122	5883	223	50
May 18, 2013 11:43:00 AM UTC	1368906180000	7	2	yes	73.1	182.0	20506	20827	9249	6610	8	44176	2657	721	123	5882	256	78
May 18, 2013 11:44:00 AM UTC	1368906240000	7	2	yes	73.1	182.8	20506	20827	9247	6613	9	44174	2660	599	147	5884	218	106
May 18, 2013 11:45:00 AM UTC	1368906300000	6	2	no	73.1	183.6	20506	20827	9247	6613	10	44173	2659	343	137	5881	175	82
May 18, 2013 11:46:00 AM UTC	1368906360000	5	3	yes	73.1	184.4	20506	20827	9258	6540	9	44236	2675	307	103	5903	112	128
May 18, 2013 11:47:00 AM UTC	1368906420000	6	3	yes	73.0	185.2	20506	20827	9248	6627	9	44159	2644	451	195	5876	99	132
May 18, 2013 11:48:00 AM UTC	1368906480000	6	3	yes	73.0	186.0	20506	20827	9248	6563	13	44219	2697	656	275	5883	88	84
May 18, 2013 11:49:00 AM UTC	1368906540000	6	3	no	73.0	186.8	20506	20827	9247	6562	13	44221	2700	676	165	5884	61	69
May 18, 2013 11:50:00 AM UTC	1368906600000	7	3	no	73.0	187.6	20506	20827	9244	6641	7	44151	2644	734	160	5874	106	85
May 18, 2013 11:51:00 AM UTC	1368906660000	9	3	yes	72.9	188.4	20506	20827	9242	6672	9	44120	2623	890	219	5872	227	116
May 18, 2013 11:52:00 AM UTC	1368906720000	9	4	no	72.9	189.2	20506	20827	9241	6677	8	44117	2620	1039	132	5868	255	189
May 18, 2013 11:53:00 AM UTC	1368906780000	12	4	yes	72.9	190.0	20506	20827	9240	6607	10	44186	2673	1053	148	5872	359	189
May 18, 2013 11:54:00 AM UTC	1368906840000	13	4	yes	72.8	190.8	20506	20827	9241	6614	9	44179	2670	1040	137	5862	395	153
May 18, 2013 11:55:00 AM UTC	1368906900000	15	4	yes	72.8	191.6	20506	20827	9236	6660	9	44138	2651	999	211	5857	358	116
May 18, 2013 11:56:00 AM UTC	1368906960000	15	3	yes	72.8	192.4	20506	20827	9247	6588	8	44200	2674	1006	202	5891	294	125
May 18, 2013 11:57:00 AM UTC	1368907020000	14	3	yes	72.7	193.2	20506	20827	9246	6612	6	44179	2650	952	131	5881	151	155
May 18, 2013 11:58:00 AM UTC	1368907080000	14	3	yes	72.7	193.9	20506	20827	9256	6543	8	44236	2667	805	303	5907	107	65
May 18, 2013 11:59:00 AM UTC	1368907140000	13	3	yes	72.6	194.7	20506	20827	9252	6564	7	44220	2672	575	415	5898	85	53
May 18, 2013 12:00:00 PM UTC	1368907200000	12	3	yes	72.6	195.5	20506	20827	9252	6603	6	44182	2636	532	280	5892	55	48
May 18, 2013 12:01:00 PM UTC	1368907260000	11	3	yes	72.5	196.2	20506	20827	9250	6551	8	44234	2693	516	266	5894	75	67
May 18, 2013 12:02:00 PM UTC	1368907320000	11	3	yes	72.5	197.0	20506	20827	9250	6551	8	44234	2683	485	217	5894	62	77
May 18, 2013 12:03:00 PM UTC	1368907380000	11	4	yes	72.4	197.7	20506	20827	9249	6554	8	44232	2686	619	283	5893	29	79
May 18, 2013 12:04:00 PM UTC	1368907440000	11	3	yes	72.3	198.5	20506	20827	9254	6541	6	44242	2670	660	291	5899	8	36
May 18, 2013 12:05:00 PM UTC	1368907500000	10	3	yes	72.3	199.2	20506	20827	9246	6550	9	44238	2693	511	234	5890	2	30
May 18, 2013 12:06:00 PM UTC	1368907560000	8	3	yes	72.2	200.0	20506	20827	9243	6576	7	44217	2693	260	181	5879	0	13
May 18, 2013 12:07:00 PM UTC	1368907620000	8	3	yes	72.1	200.7	20506	20827	9242	6588	5	44208	2674	30	228	5878	0	2
May 18, 2013 12:08:00 PM UTC	1368907680000	7	3	yes	72.1	201.4	20506	20827	9249	6627	3	44164	2630	5	139	5883	1	42
May 18, 2013 12:09:00 PM UTC	1368907740000	8	3	yes	72.0	202.2	20506	20827	9244	6586	5	44208	2675	40	153	5881	8	62
May 18, 2013 12:10:00 PM UTC	1368907800000	8	3	yes	71.9	202.9	20506	20827	9246	6602	4	44191	2651	124	162	5877	2	37
May 18, 2013 12:11:00 PM UTC	1368907860000	10	3	yes	71.8	203.6	20506	20827	9250	6609	4	44180	2642	97	190	5888	31	58
May 18, 2013 12:12:00 PM UTC	1368907920000	10	3	yes	71.8	204.3	20506	20827	9241	6675	1	44126	2621	46	137	5864	86	67
May 18, 2013 12:13:00 PM UTC	1368907980000	10	4	yes	71.7	205.0	20506	20827	9247	6575	3	44218	2681	7	208	5885	142	65
May 18, 2013 12:14:00 PM UTC	1368908040000	9	3	yes	71.6	205.7	20506	20827	9248	6598	1	44196	2659	2	191	5879	177	101
May 18, 2013 12:15:00 PM UTC	1368908100000	9	3	yes	71.5	206.4	20506	20827	9253	6570	2	44218	2670	0	78	5890	269	130
May 18, 2013 12:16:00 PM UTC	1368908160000	8	3	yes	71.4	207.1	20506	20827	9244	6629	2	44168	2644	12	147	5867	282	105
May 18, 2013 12:17:00 PM UTC	1368908220000	6	3	yes	71.3	207.7	20506	20827	9253	6503	3	44284	2719	53	256	5899	205	105
May 18, 2013 12:18:00 PM UTC	1368908280000	5	3	yes	71.2	208.4	20506	20827	9247	6610	2	44184	2646	105	327	5880	122	108
May 18, 2013 12:19:00 PM UTC	1368908340000	5	3	yes	71.1	209.1	20506	20827	9247	6611	1	44184	2651	65	212	5880	78	82
May 18, 2013 12:20:00 PM UTC	1368908400000	5	3	yes	71.0	209.7	20506	20827	9241	6646	1	44155	2640	3	234	5865	85	81
May 18, 2013 12:21:00 PM UTC	1368908460000	5	3	yes	70.9	210.4	20506	20827	9252	6552	2	44237	2675	5	261	5890	105	94
May 18, 2013 12:22:00 PM UTC	1368908520000	5	3	yes	70.8	211.0	20506	20827	9252	6552	1	44238	2674	9	267	5889	113	75
May 18, 2013 12:23:00 PM UTC	1368908580000	5	3	yes	70.7	211.7	20506	20827	9247	6590	0	44206	2660	39	263	5874	62	70
May 18, 2013 12:24:00 PM UTC	1368908640000	4	3	yes	70.6	212.3	20506	20827	9245	6592	0	44206	2666	66	269	5873	68	55
May 18, 2013 12:25:00 PM UTC	1368908700000	4	2	yes	70.5	212.9	20506	20827	9255	6503	0	44285	2704	20	257	5897	61	61
May 18, 2013 12:26:00 PM UTC	1368908760000	3	2	yes	70.4	213.6	20506	20827	9249	6547	0	44247	2685	21	186	5885	10	51
May 18, 2013 12:27:00 PM UTC	1368908820000	3	3	yes	70.3	214.2	20506	20827	9247	6596	0	44200	2662	40	243	5882	5	25
May 18, 2013 12:28:00 PM UTC	1368908880000	4	3	yes	70.2	214.8	20506	20827	9247	6596	0	44200	2655	262	270	5878	1	19
May 18, 2013 12:29:00 PM UTC	1368908940000	5	3	yes	70.1	215.4	20506	20827	9239	6616	0	44188	2667	425	341	5861	0	16
May 18, 2013 12:30:00 PM UTC	1368909000000	6	3	yes	69.9	216.0	20506	20827	9250	6561	0	44232	2673	733	341	5886	8	23
May 18, 2013 12:31:00 PM UTC	1368909060000	6	3	yes	69.8	216.6	20506	20827	9249	6562	0	44232	2678	800	261	5892	5	23
May 18, 2013 12:32:00 PM UTC	1368909120000	5	3	yes	69.7	217.2	20506	20827	9258	6507	0	44278	2697	576	312	5913	10	39
May 18, 2013 12:33:00 PM UTC	1368909180000	4	3	yes	69.6	217.7	20506	20827	9253	6540	0	44250	2681	374	438	5894	9	26
May 18, 2013 12:34:00 PM UTC	1368909240000	5	3	no	69.5	218.3	20506	20827	9244	6587	0	44212	2676	598	157	5875	4	9
May 18, 2013 12:35:00 PM UTC	1368909300000	7	3	yes	69.3	218.9	20506	20827	9245	6585	0	44213	2665	533	316	5875	0	0
May 18, 2013 12:36:00 PM UTC	1368909360000	9	3	yes	69.2	219.4	20506	20827	9253	6532	0	44258	2690	618	313	5895	3	8
May 18, 2013 12:37:00 PM UTC	1368909420000	9	3	yes	69.1	220.0	20506	20827	9245	6584	0	44214	2660	594	297	5875	22	17
May 18, 2013 12:38:00 PM UTC	1368909480000	8	3	yes	68.9	220.5	20506	20827	9244	6562	0	44237	2675	806	196	5878	0	8
May 18, 2013 12:39:00 PM UTC	1368909540000	9	3	yes	68.8	221.1	20506	20827	9253	6510	0	44280	2694	791	232	5897	0	0
May 18, 2013 12:40:00 PM UTC	1368909600000	7	3	yes	68.7	221.6	20506	20827	9259	6463	0	44321	2707	327	245	5915	0	0
May 18, 2013 12:41:00 PM UTC	1368909660000	5	3	yes	68.5	222.2	20506	20827	9251	6568	0	44224	2660	44	283	5897	14	35
May 18, 2013 12:42:00 PM UTC	1368909720000	4	3	yes	68.4	222.7	20506	20827	9253	6568	0	44222	2662	23	239	5894	47	39
May 18, 2013 12:43:00 PM UTC	1368909780000	3	3	yes	68.3	223.2	20506	20827	9253	6559	0	44231	2667	27	148	5897	31	51
May 18, 2013 12:44:00 PM UTC	1368909840000	2	2	yes	68.1	223.7	20506	20827	9253	6507	0	44283	2704	78	193	5898	0	10
May 18, 2013 12:45:00 PM UTC	1368909900000	2	2	yes	68.0	224.2	20506	20827	9245	6609	0	44189	2653	4	121	5874	0	0
May 18, 2013 12:46:00 PM UTC	1368909960000	2	2	yes	67.9	224.7	20506	20827	9244	6609	0	44190	2653	1	107	5875	2	15
May 18, 2013 12:47:00 PM UTC	1368910020000	3	2	yes	67.7	225.2	20506	20827	9252	6509	0	44282	2706	22	162	5901	7	21
May 18, 2013 12:48:00 PM UTC	1368910080000	3	2	yes	67.6	225.7	20506	20827	9251	6549	0	44243	2669	79	161	5897	0	25
May 18, 2013 12:49:00 PM UTC	1368910140000	3	2	yes	67.4	226.2	20506	20827	9244	6600	0	44199	2653	12	118	5874	0	24
May 18, 2013 12:50:00 PM UTC	1368910200000	3	2	yes	67.3	226.7	20506	20827	9244	6600	0	44199	2651	78	224	5876	0	27
May 18, 2013 12:51:00 PM UTC	1368910260000	3	2	yes	67.1	227.2	20506	20827	9251	6553	0	44239	2662	58	197	5896	1	43
May 18, 2013 12:52:00 PM UTC	1368910320000	4	3	yes	67.0	227.6	20506	20827	9251	6450	0	44342	2734	56	216	5907	28	52
May 18, 2013 12:53:00 PM UTC	1368910380000	3	3	yes	66.8	228.1	20506	20827	9251	6499	0	44293	2697	28	203	5898	43	59
May 18, 2013 12:54:00 PM UTC	1368910440000	3	2	yes	66.7	228.5	20506	20827	9250	6507	0	44286	2690	13	139	5894	73	64
May 18, 2013 12:55:00 PM UTC	1368910500000	3	3	yes	66.5	229.0	20506	20827	9249	6508	0	44286	2698	24	162	5895	87	82
May 18, 2013 12:56:00 PM UTC	1368910560000	3	3	yes	66.4	229.5	20506	20827	9249	6508	0	44286	2694	125	196	5896	83	78
May 18, 2013 12:57:00 PM UTC	1368910620000	4	2	yes	66.2	229.9	20506	20827	9255	6463	0	44325	2712	234	247	5912	77	72
May 18, 2013 12:58:00 PM UTC	1368910680000	4	2	yes	66.1	230.3	20506	20827	9246	6525	0	44272	2686	413	187	5890	73	56
May 18, 2013 12:59:00 PM UTC	1368910740000	4	2	yes	65.9	230.8	20506	20827	9241	6564	0	44238	2671	417	258	5872	36	45
May 18, 2013 1:00:00 PM UTC	1368910800000	4	2	yes	65.8	231.2	20506	20827	9247	6525	0	44271	2691	606	217	5889	0	25
May 18, 2013 1:01:00 PM UTC	1368910860000	4	2	yes	65.6	231.6	20506	20827	9248	6524	0	44271	2683	603	201	5891	0	4
May 18, 2013 1:02:00 PM UTC	1368910920000	3	2	yes	65.5	232.1	20506	20827	9245	6554	0	44244	2673	206	188	5884	0	22
May 18, 2013 1:03:00 PM UTC	1368910980000	3	2	yes	65.3	232.5	20506	20827	9247	6500	0	44296	2707	135	180	5892	12	47
May 18, 2013 1:04:00 PM UTC	1368911040000	2	2	yes	65.1	232.9	20506	20827	9255	6442	0	44346	2726	197	272	5910	17	22
May 18, 2013 1:05:00 PM UTC	1368911100000	2	1	yes	65.0	233.3	20506	20827	9254	6498	0	44291	2700	39	133	5904	9	21
May 18, 2013 1:06:00 PM UTC	1368911160000	2	1	yes	64.8	233.7	20506	20827	9246	6556	0	44241	2673	4	101	5881	0	1
May 18, 2013 1:07:00 PM UTC	1368911220000	2	1	yes	64.7	234.1	20506	20827	9251	6517	0	44275	2695	8	116	5887	0	0
May 18, 2013 1:08:00 PM UTC	1368911280000	1	1	yes	64.5	234.5	20506	20827	9245	6555	0	44243	2679	12	135	5885	0	0
May 18, 2013 1:09:00 PM UTC	1368911340000	1	1	yes	64.3	234.9	20506	20827	9242	6541	0	44260	2699	8	114	5891	0	0
May 18, 2013 1:10:00 PM UTC	1368911400000	1	1	yes	64.2	235.3	20506	20827	9252	6480	0	44311	2723	16	147	5905	0	0
May 18, 2013 1:11:00 PM UTC	1368911460000	1	1	yes	64.0	235.7	20506	20827	9242	6534	0	44267	2685	11	101	5871	18	26
May 18, 2013 1:12:00 PM UTC	1368911520000	1	1	yes	63.8	236.0	20506	20827	9257	6436	0	44350	2718	9	120	5917	47	36
May 18, 2013 1:13:00 PM UTC	1368911580000	1	2	yes	63.7	236.4	20506	20827	9248	6496	0	44299	2690	7	82	5895	87	59
May 18, 2013 1:14:00 PM UTC	1368911640000	2	2	yes	63.5	236.8	20506	20827	9248	6496	0	44299	2697	6	66	5893	72	43
May 18, 2013 1:15:00 PM UTC	1368911700000	2	1	yes	63.3	237.2	20506	20827	9249	6468	0	44326	2728	8	73	5899	51	55
May 18, 2013 1:16:00 PM UTC	1368911760000	1	1	yes	63.2	237.5	20506	20827	9247	6494	0	44302	2714	4	54	5888	41	36
May 18, 2013 1:17:00 PM UTC	1368911820000	2	1	yes	63.0	237.9	20506	20827	9246	6489	0	44308	2726	11	96	5888	0	25
May 18, 2013 1:18:00 PM UTC	1368911880000	2	1	yes	62.8	238.2	20506	20827	9247	6548	0	44248	2681	21	67	5881	21	69
May 18, 2013 1:19:00 PM UTC	1368911940000	2	1	yes	62.6	238.6	20506	20827	9255	6487	0	44301	2710	8	74	5905	47	67
May 18, 2013 1:20:00 PM UTC	1368912000000	2	1	yes	62.5	238.9	20506	20827	9247	6548	0	44248	2673	10	97	5881	45	65
May 18, 2013 1:21:00 PM UTC	1368912060000	2	1	yes	62.3	239.3	20506	20827	9251	6522	0	44270	2692	16	83	5890	3	37
May 18, 2013 1:22:00 PM UTC	1368912120000	2	1	yes	62.1	239.6	20506	20827	9252	6492	0	44299	2719	17	90	5898	0	0
May 18, 2013 1:23:00 PM UTC	1368912180000	2	1	yes	62.0	240.0	20506	20827	9243	6555	0	44245	2694	5	67	5876	0	0
May 18, 2013 1:24:00 PM UTC	1368912240000	1	1	yes	61.8	240.3	20506	20827	9252	6492	0	44299	2722	26	113	5898	0	0
May 18, 2013 1:25:00 PM UTC	1368912300000	1	1	yes	61.6	240.6	20506	20827	9257	6454	0	44332	2738	21	120	5911	0	0
May 18, 2013 1:26:00 PM UTC	1368912360000	1	1	yes	61.4	241.0	20506	20827	9241	6615	0	44187	2651	20	77	5867	0	8
May 18, 2013 1:27:00 PM UTC	1368912420000	1	1	yes	61.3	241.3	20506	20827	9247	6527	0	44269	2694	3	107	5883	5	31
May 18, 2013 1:28:00 PM UTC	1368912480000	1	1	yes	61.1	241.6	20506	20827	9258	6464	0	44321	2714	17	159	5904	11	76
May 18, 2013 1:29:00 PM UTC	1368912540000	1	1	yes	60.9	241.9	20506	20827	9247	6509	0	44287	2715	8	103	5886	32	63
May 18, 2013 1:30:00 PM UTC	1368912600000	1	1	yes	60.7	242.3	20506	20827	9247	6510	0	44286	2715	12	109	5884	41	56
May 18, 2013 1:31:00 PM UTC	1368912660000	0	1	yes	60.6	242.6	20506	20827	9252	6476	0	44315	2727	7	141	5901	40	55
May 18, 2013 1:32:00 PM UTC	1368912720000	0	1	yes	60.4	242.9	20506	20827	9252	6476	0	44315	2726	5	74	5895	59	39
May 18, 2013 1:33:00 PM UTC	1368912780000	0	1	yes	60.2	243.2	20506	20827	9252	6476	0	44315	2736	13	124	5898	47	42
May 18, 2013 1:34:00 PM UTC	1368912840000	0	1	yes	60.0	243.5	20506	20827	9252	6475	0	44316	2738	7	100	5899	17	61
May 18, 2013 1:35:00 PM UTC	1368912900000	0	1	yes	59.8	243.8	20506	20827	9245	6573	0	44225	2682	15	85	5880	7	53
May 18, 2013 1:36:00 PM UTC	1368912960000	0	1	yes	59.7	244.1	20506	20827	9255	6510	0	44278	2710	14	113	5905	26	33
May 18, 2013 1:37:00 PM UTC	1368913020000	0	1	yes	59.5	244.4	20506	20827	9242	6592	0	44209	2681	19	66	5872	6	23
May 18, 2013 1:38:00 PM UTC	1368913080000	0	1	yes	59.3	244.7	20506	20827	9246	6561	0	44236	2694	8	127	5884	1	9
May 18, 2013 1:39:00 PM UTC	1368913140000	0	1	yes	59.1	245.0	20506	20827	9246	6561	0	44236	2696	9	117	5883	0	0
May 18, 2013 1:40:00 PM UTC	1368913200000	0	1	yes	58.9	245.3	20506	20827	9249	6532	0	44262	2708	15	135	5896	0	0
May 18, 2013 1:41:00 PM UTC	1368913260000	0	1	yes	58.7	245.6	20506	20827	9246	6561	0	44236	2703	7	100	5881	0	0
May 18, 2013 1:42:00 PM UTC	1368913320000	0	1	yes	58.6	245.8	20506	20827	9246	6561	0	44236	2703	9	153	5882	0	5
May 18, 2013 1:43:00 PM UTC	1368913380000	0	1	yes	58.4	246.1	20506	20827	9251	6483	0	44309	2736	9	151	5893	0	6
May 18, 2013 1:44:00 PM UTC	1368913440000	0	1	yes	58.2	246.4	20506	20827	9251	6482	0	44310	2737	10	123	5895	0	4
May 18, 2013 1:45:00 PM UTC	1368913500000	0	1	yes	58.0	246.7	20506	20827	9245	6584	0	44214	2673	20	142	5871	0	4
May 18, 2013 1:46:00 PM UTC	1368913560000	0	1	yes	57.8	247.0	20506	20827	9251	6536	0	44256	2706	19	129	5880	0	4
May 18, 2013 1:47:00 PM UTC	1368913620000	0	1	yes	57.6	247.2	20506	20827	9251	6523	0	44269	2720	17	157	5886	0	0
May 18, 2013 1:48:00 PM UTC	1368913680000	0	1	yes	57.5	247.5	20506	20827	9245	6575	0	44223	2697	12	136	5868	2	3
May 18, 2013 1:49:00 PM UTC	1368913740000	0	1	yes	57.3	247.8	20506	20827	9256	6509	0	44278	2728	14	154	5882	57	23
May 18, 2013 1:50:00 PM UTC	1368913800000	1	1	yes	57.1	248.0	20506	20827	9245	6575	0	44223	2696	16	151	5858	140	21
May 18, 2013 1:51:00 PM UTC	1368913860000	1	1	yes	56.9	248.3	20506	20827	9243	6576	0	44224	2701	8	159	5851	220	56
May 18, 2013 1:52:00 PM UTC	1368913920000	1	1	yes	56.7	248.6	20506	20827	9243	6576	0	44224	2692	8	154	5845	314	62
May 18, 2013 1:53:00 PM UTC	1368913980000	1	1	yes	56.5	248.8	20506	20827	9243	6575	0	44225	2700	43	162	5839	348	63
May 18, 2013 1:54:00 PM UTC	1368914040000	1	1	yes	56.3	249.1	20506	20827	9247	6553	0	44243	2711	94	181	5841	324	79
May 18, 2013 1:55:00 PM UTC	1368914100000	2	1	yes	56.2	249.3	20506	20827	9248	6542	0	44253	2731	141	241	5840	248	69
May 18, 2013 1:56:00 PM UTC	1368914160000	2	1	yes	56.0	249.6	20506	20827	9248	6542	0	44253	2729	175	188	5834	163	61
May 18, 2013 1:57:00 PM UTC	1368914220000	2	1	yes	55.8	249.8	20506	20827	9250	6588	0	44205	2704	350	282	5824	59	40
May 18, 2013 1:58:00 PM UTC	1368914280000	3	1	yes	55.6	250.1	20506	20827	9248	6612	0	44183	2689	700	257	5809	16	27
May 18, 2013 1:59:00 PM UTC	1368914340000	3	1	yes	55.4	250.3	20506	20827	9237	6559	0	44247	2710	1004	149	5791	0	0
May 18, 2013 2:00:00 PM UTC	1368914400000	3	1	yes	55.2	250.6	20506	20827	9252	6469	0	44322	2750	888	205	5812	0	0
May 18, 2013 2:01:00 PM UTC	1368914460000	2	1	yes	55.0	250.8	20506	20827	9252	6466	0	44325	2761	746	201	5801	0	0
May 18, 2013 2:02:00 PM UTC	1368914520000	2	1	yes	54.8	251.1	20506	20827	9252	6466	0	44325	2759	458	166	5792	12	7
May 18, 2013 2:03:00 PM UTC	1368914580000	2	1	yes	54.6	251.3	20506	20827	9252	6466	0	44325	2760	456	202	5784	7	12
May 18, 2013 2:04:00 PM UTC	1368914640000	1	1	yes	54.5	251.6	20506	20827	9244	6513	0	44286	2736	337	181	5762	0	9
May 18, 2013 2:05:00 PM UTC	1368914700000	2	1	yes	54.3	251.8	20506	20827	9254	6456	0	44333	2775	458	253	5768	0	0
May 18, 2013 2:06:00 PM UTC	1368914760000	1	2	yes	54.1	252.0	20506	20827	9244	6529	0	44270	2736	149	326	5737	0	0
May 18, 2013 2:07:00 PM UTC	1368914820000	1	1	yes	53.9	252.3	20506	20827	9256	6435	0	44352	2791	14	224	5754	2	5
May 18, 2013 2:08:00 PM UTC	1368914880000	0	1	yes	53.7	252.5	20506	20827	9245	6498	0	44300	2758	15	184	5724	10	9
May 18, 2013 2:09:00 PM UTC	1368914940000	0	1	yes	53.5	252.7	20506	20827	9244	6580	0	44219	2719	15	158	5708	17	12
May 18, 2013 2:10:00 PM UTC	1368915000000	0	1	yes	53.3	253.0	20506	20827	9244	6580	0	44219	2709	25	231	5690	3	10
May 18, 2013 2:11:00 PM UTC	1368915060000	0	1	yes	53.1	253.2	20506	20827	9247	6561	0	44235	2726	21	244	5695	8	18
May 18, 2013 2:12:00 PM UTC	1368915120000	0	1	yes	52.9	253.4	20506	20827	9247	6561	0	44235	2724	14	212	5684	14	19
May 18, 2013 2:13:00 PM UTC	1368915180000	0	1	yes	52.7	253.6	20506	20827	9246	6561	0	44236	2731	14	197	5673	7	16
May 18, 2013 2:14:00 PM UTC	1368915240000	0	1	yes	52.5	253.9	20506	20827	9246	6561	0	44236	2730	16	238	5657	13	23
May 18, 2013 2:15:00 PM UTC	1368915300000	0	1	yes	52.3	254.1	20506	20827	9248	6517	0	44278	2755	19	279	5652	19	22
May 18, 2013 2:16:00 PM UTC	1368915360000	0	1	yes	52.2	254.3	20506	20827	9248	6518	0	44277	2750	21	271	5639	20	21
May 18, 2013 2:17:00 PM UTC	1368915420000	0	1	yes	52.0	254.5	20506	20827	9248	6518	0	44277	2752	25	279	5626	30	23
May 18, 2013 2:18:00 PM UTC	1368915480000	0	1	yes	51.8	254.7	20506	20827	9248	6517	0	44278	2754	24	282	5613	35	17
May 18, 2013 2:19:00 PM UTC	1368915540000	0	1	yes	51.6	254.9	20506	20827	9248	6517	0	44278	2760	18	240	5598	41	15
May 18, 2013 2:20:00 PM UTC	1368915600000	0	1	yes	51.4	255.2	20506	20827	9250	6500	0	44293	2769	27	251	5593	28	20
May 18, 2013 2:21:00 PM UTC	1368915660000	0	1	yes	51.2	255.4	20506	20827	9250	6500	0	44293	2773	22	294	5579	18	24
May 18, 2013 2:22:00 PM UTC	1368915720000	0	1	yes	51.0	255.6	20506	20827	9250	6498	0	44295	2764	28	328	5572	16	29
May 18, 2013 2:23:00 PM UTC	1368915780000	0	1	yes	50.8	255.8	20506	20827	9250	6498	0	44295	2775	29	354	5553	19	30
May 18, 2013 2:24:00 PM UTC	1368915840000	0	1	yes	50.6	256.0	20506	20827	9248	6572	0	44223	2736	27	327	5540	38	33
May 18, 2013 2:25:00 PM UTC	1368915900000	0	1	yes	50.4	256.2	20506	20827	9250	6556	0	44237	2748	34	320	5528	48	44
May 18, 2013 2:26:00 PM UTC	1368915960000	0	1	yes	50.2	256.4	20506	20827	9240	6625	0	44178	2706	26	289	5497	57	51
May 18, 2013 2:27:00 PM UTC	1368916020000	0	1	yes	50.0	256.6	20506	20827	9251	6557	0	44235	2752	33	292	5502	81	43
May 18, 2013 2:28:00 PM UTC	1368916080000	0	1	yes	49.8	256.8	20506	20827	9240	6627	0	44176	2714	47	264	5472	87	48
May 18, 2013 2:29:00 PM UTC	1368916140000	0	1	yes	49.6	257.0	20506	20827	9251	6557	0	44235	2757	34	366	5471	89	49
May 18, 2013 2:30:00 PM UTC	1368916200000	0	1	yes	49.4	257.2	20506	20827	9242	6609	0	44192	2739	33	375	5444	48	43
May 18, 2013 2:31:00 PM UTC	1368916260000	0	1	yes	49.2	257.4	20506	20827	9251	6558	0	44234	2764	39	373	5441	19	42
May 18, 2013 2:32:00 PM UTC	1368916320000	0	1	yes	49.0	257.6	20506	20827	9240	6590	0	44213	2731	42	392	5415	12	31
May 18, 2013 2:33:00 PM UTC	1368916380000	0	1	yes	48.8	257.8	20506	20827	9251	6519	0	44273	2766	41	361	5417	9	22
May 18, 2013 2:34:00 PM UTC	1368916440000	0	1	yes	48.6	258.0	20506	20827	9240	6588	0	44215	2730	43	379	5386	0	8
May 18, 2013 2:35:00 PM UTC	1368916500000	0	1	yes	48.5	258.2	20506	20827	9254	6429	0	44360	2815	44	368	5396	0	2
May 18, 2013 2:36:00 PM UTC	1368916560000	0	1	yes	48.3	258.4	20506	20827	9244	6485	0	44314	2784	48	361	5365	0	1
May 18, 2013 2:37:00 PM UTC	1368916620000	0	1	yes	48.1	258.6	20506	20827	9253	6429	0	44361	2815	61	465	5362	0	4
May 18, 2013 2:38:00 PM UTC	1368916680000	0	1	yes	47.9	258.8	20506	20827	9242	6503	0	44298	2781	44	449	5331	0	1
May 18, 2013 2:39:00 PM UTC	1368916740000	0	1	yes	47.7	259.0	20506	20827	9253	6428	0	44362	2823	49	492	5330	0	1
May 18, 2013 2:40:00 PM UTC	1368916800000	0	1	yes	47.5	259.2	20506	20827	9244	6497	0	44302	2794	71	513	5306	0	6
May 18, 2013 2:41:00 PM UTC	1368916860000	0	1	yes	47.3	259.4	20506	20827	9255	6492	0	44296	2806	86	497	5297	0	8
May 18, 2013 2:42:00 PM UTC	1368916920000	0	1	yes	47.1	259.6	20506	20827	9245	6565	0	44233	2760	82	471	5276	0	8
May 18, 2013 2:43:00 PM UTC	1368916980000	0	1	yes	46.9	259.8	20506	20827	9245	6565	0	44233	2761	91	493	5254	1	17
May 18, 2013 2:44:00 PM UTC	1368917040000	0	2	yes	46.7	259.9	20506	20827	9246	6565	0	44232	2772	79	563	5238	8	36
May 18, 2013 2:45:00 PM UTC	1368917100000	0	2	yes	46.5	260.1	20506	20827	9246	6565	0	44232	2772	84	557	5225	4	49
May 18, 2013 2:46:00 PM UTC	1368917160000	0	1	yes	46.3	260.3	20506	20827	9247	6563	0	44233	2769	90	550	5202	5	45
May 18, 2013 2:47:00 PM UTC	1368917220000	0	1	yes	46.1	260.5	20506	20827	9247	6563	0	44233	2770	115	607	5195	4	34
May 18, 2013 2:48:00 PM UTC	1368917280000	0	1	yes	45.9	260.7	20506	20827	9250	6551	0	44242	2773	117	546	5164	0	59
May 18, 2013 2:49:00 PM UTC	1368917340000	0	2	yes	45.7	260.9	20506	20827	9250	6551	0	44242	2782	132	653	5170	0	77
May 18, 2013 2:50:00 PM UTC	1368917400000	0	2	yes	45.5	261.0	20506	20827	9251	6518	0	44274	2787	139	626	5139	0	103
May 18, 2013 2:51:00 PM UTC	1368917460000	0	2	yes	45.3	261.2	20506	20827	9251	6518	0	44274	2786	115	638	5132	0	151
May 18, 2013 2:52:00 PM UTC	1368917520000	0	2	yes	45.1	261.4	20506	20827	9251	6518	0	44274	2782	145	703	5107	0	185
May 18, 2013 2:53:00 PM UTC	1368917580000	0	2	yes	44.9	261.6	20506	20827	9252	6515	0	44276	2785	130	711	5102	0	212
May 18, 2013 2:54:00 PM UTC	1368917640000	0	2	yes	44.7	261.8	20506	20827	9254	6515	0	44274	2802	145	712	5072	0	252
May 18, 2013 2:55:00 PM UTC	1368917700000	0	2	yes	44.5	261.9	20506	20827	9253	6525	0	44265	2799	158	722	5063	0	313
May 18, 2013 2:56:00 PM UTC	1368917760000	0	2	yes	44.3	262.1	20506	20827	9254	6515	0	44274	2805	144	758	5045	0	285
May 18, 2013 2:57:00 PM UTC	1368917820000	0	3	yes	44.1	262.3	20506	20827	9255	6514	0	44274	2797	157	748	5032	0	364
May 18, 2013 2:58:00 PM UTC	1368917880000	0	3	yes	43.9	262.5	20506	20827	9255	6514	0	44274	2806	153	796	5014	0	453
May 18, 2013 2:59:00 PM UTC	1368917940000	0	3	yes	43.7	262.6	20506	20827	9245	6584	0	44214	2758	128	828	4986	0	447
May 18, 2013 3:00:00 PM UTC	1368918000000	0	3	yes	43.5	262.8	20506	20827	9256	6513	0	44274	2809	168	892	4977	0	507
May 18, 2013 3:01:00 PM UTC	1368918060000	0	3	yes	43.3	263.0	20506	20827	9246	6583	0	44214	2763	158	873	4950	0	511
May 18, 2013 3:02:00 PM UTC	1368918120000	0	3	yes	43.1	263.2	20506	20827	9257	6583	0	44203	2777	143	877	4944	0	534
May 18, 2013 3:03:00 PM UTC	1368918180000	0	3	yes	42.9	263.3	20506	20827	9257	6583	0	44203	2781	164	911	4927	0	590
May 18, 2013 3:04:00 PM UTC	1368918240000	0	4	yes	42.7	263.5	20506	20827	9256	6588	0	44199	2784	176	924	4909	0	594
May 18, 2013 3:05:00 PM UTC	1368918300000	0	4	yes	42.5	263.7	20506	20827	9256	6588	0	44199	2779	185	947	4894	0	672
May 18, 2013 3:06:00 PM UTC	1368918360000	0	4	yes	42.3	263.8	20506	20827	9246	6652	0	44145	2747	182	939	4868	0	611
May 18, 2013 3:07:00 PM UTC	1368918420000	1	4	yes	42.1	264.0	20506	20827	9258	6505	0	44280	2823	223	1033	4858	0	710
May 18, 2013 3:08:00 PM UTC	1368918480000	1	4	yes	41.9	264.2	20506	20827	9247	6548	0	44248	2781	216	996	4837	0	658
May 18, 2013 3:09:00 PM UTC	1368918540000	1	4	yes	41.7	264.3	20506	20827	9258	6477	0	44308	2820	269	1043	4830	0	699
May 18, 2013 3:10:00 PM UTC	1368918600000	1	4	yes	41.5	264.5	20506	20827	9258	6489	0	44296	2819	224	1084	4814	0	733
May 18, 2013 3:11:00 PM UTC	1368918660000	1	4	yes	41.3	264.7	20506	20827	9248	6559	0	44236	2789	204	1032	4786	5	735
May 18, 2013 3:12:00 PM UTC	1368918720000	1	4	yes	41.1	264.8	20506	20827	9259	6488	0	44296	2831	199	1073	4776	7	744
May 18, 2013 3:13:00 PM UTC	1368918780000	1	4	yes	40.9	265.0	20506	20827	9248	6558	0	44237	2798	201	1013	4745	9	719
May 18, 2013 3:14:00 PM UTC	1368918840000	1	4	yes	40.7	265.2	20506	20827	9260	6481	0	44302	2835	211	1086	4745	3	778
May 18, 2013 3:15:00 PM UTC	1368918900000	1	4	yes	40.5	265.3	20506	20827	9260	6481	0	44302	2836	275	1076	4729	2	783
May 18, 2013 3:16:00 PM UTC	1368918960000	1	4	yes	40.3	265.5	20506	20827	9260	6480	0	44303	2840	247	1060	4709	2	777
May 18, 2013 3:17:00 PM UTC	1368919020000	1	4	yes	40.1	265.7	20506	20827	9260	6480	0	44303	2835	290	1071	4695	13	787
May 18, 2013 3:18:00 PM UTC	1368919080000	1	4	yes	39.9	265.8	20506	20827	9249	6550	0	44244	2792	274	1046	4670	6	744
May 18, 2013 3:19:00 PM UTC	1368919140000	1	4	yes	39.7	266.0	20506	20827	9260	6479	0	44304	2839	341	1100	4657	17	814
May 18, 2013 3:20:00 PM UTC	1368919200000	1	4	yes	39.5	266.1	20506	20827	9250	6548	0	44245	2806	336	1085	4627	29	804
May 18, 2013 3:21:00 PM UTC	1368919260000	1	4	yes	39.3	266.3	20506	20827	9260	6477	0	44306	2836	370	1119	4626	26	803
May 18, 2013 3:22:00 PM UTC	1368919320000	1	4	yes	39.1	266.5	20506	20827	9260	6477	0	44306	2839	411	1095	4606	45	769
May 18, 2013 3:23:00 PM UTC	1368919380000	1	4	yes	38.9	266.6	20506	20827	9250	6548	0	44245	2802	396	1107	4579	39	835
May 18, 2013 3:24:00 PM UTC	1368919440000	1	4	yes	38.7	266.8	20506	20827	9260	6476	0	44307	2850	421	1095	4569	57	800
May 18, 2013 3:25:00 PM UTC	1368919500000	1	4	yes	38.5	266.9	20506	20827	9248	6626	0	44169	2777	382	1057	4547	55	801
May 18, 2013 3:26:00 PM UTC	1368919560000	1	4	yes	38.3	267.1	20506	20827	9259	6551	0	44233	2823	455	1055	4537	84	786
May 18, 2013 3:27:00 PM UTC	1368919620000	1	4	yes	38.1	267.3	20506	20827	9259	6546	0	44238	2822	520	1052	4522	112	826
May 18, 2013 3:28:00 PM UTC	1368919680000	1	4	yes	37.9	267.4	20506	20827	9249	6616	0	44178	2788	495	1042	4489	108	773
May 18, 2013 3:29:00 PM UTC	1368919740000	2	4	yes	37.7	267.6	20506	20827	9261	6542	0	44240	2837	574	1032	4474	123	801
May 18, 2013 3:30:00 PM UTC	1368919800000	2	4	yes	37.5	267.7	20506	20827	9261	6542	0	44240	2836	651	990	4464	178	780
May 18, 2013 3:31:00 PM UTC	1368919860000	2	4	yes	37.3	267.9	20506	20827	9249	6614	0	44180	2793	623	1006	4441	187	755
May 18, 2013 3:32:00 PM UTC	1368919920000	2	4	yes	37.1	268.0	20506	20827	9261	6543	0	44239	2826	697	995	4433	213	766
May 18, 2013 3:33:00 PM UTC	1368919980000	2	4	yes	36.9	268.2	20506	20827	9249	6615	0	44179	2793	691	943	4408	201	728
May 18, 2013 3:34:00 PM UTC	1368920040000	2	4	yes	36.7	268.3	20506	20827	9261	6544	0	44238	2831	733	1001	4401	229	728
May 18, 2013 3:35:00 PM UTC	1368920100000	2	4	yes	36.5	268.5	20506	20827	9261	6544	0	44238	2842	760	949	4374	222	719
May 18, 2013 3:36:00 PM UTC	1368920160000	2	4	yes	36.3	268.6	20506	20827	9249	6616	0	44178	2797	765	970	4351	215	717
May 18, 2013 3:37:00 PM UTC	1368920220000	2	4	yes	36.1	268.8	20506	20827	9261	6470	0	44312	2868	824	975	4340	230	737
May 18, 2013 3:38:00 PM UTC	1368920280000	2	4	yes	35.9	269.0	20506	20827	9249	6541	0	44253	2822	818	1008	4326	240	737
May 18, 2013 3:39:00 PM UTC	1368920340000	3	4	yes	35.7	269.1	20506	20827	9261	6469	0	44313	2869	906	912	4307	249	720
May 18, 2013 3:40:00 PM UTC	1368920400000	3	4	yes	35.5	269.3	20506	20827	9261	6469	0	44313	2872	952	901	4290	265	749
May 18, 2013 3:41:00 PM UTC	1368920460000	3	4	yes	35.3	269.4	20506	20827	9249	6539	0	44255	2818	886	945	4270	244	751
May 18, 2013 3:42:00 PM UTC	1368920520000	3	4	yes	35.1	269.6	20506	20827	9261	6468	0	44314	2872	935	963	4259	250	758
May 18, 2013 3:43:00 PM UTC	1368920580000	3	4	yes	34.9	269.7	20506	20827	9261	6468	0	44314	2879	1003	916	4234	268	725
May 18, 2013 3:44:00 PM UTC	1368920640000	3	4	yes	34.7	269.9	20506	20827	9261	6468	0	44314	2879	1008	961	4220	256	756
May 18, 2013 3:45:00 PM UTC	1368920700000	3	4	yes	34.5	270.0	20506	20827	9261	6468	0	44314	2882	1051	926	4204	257	786
May 18, 2013 3:46:00 PM UTC	1368920760000	3	4	yes	34.3	270.2	20506	20827	9249	6612	0	44182	2810	1022	917	4187	230	788
May 18, 2013 3:47:00 PM UTC	1368920820000	3	4	yes	34.1	270.3	20506	20827	9261	6460	0	44322	2885	1043	991	4163	256	788
May 18, 2013 3:48:00 PM UTC	1368920880000	3	4	yes	33.9	270.5	20506	20827	9261	6460	0	44322	2883	1095	938	4150	251	775
May 18, 2013 3:49:00 PM UTC	1368920940000	3	4	yes	33.7	270.6	20506	20827	9249	6531	0	44263	2823	1064	938	4138	216	813
May 18, 2013 3:50:00 PM UTC	1368921000000	3	4	yes	33.5	270.7	20506	20827	9261	6461	0	44321	2879	1079	968	4119	196	769
May 18, 2013 3:51:00 PM UTC	1368921060000	3	4	yes	33.3	270.9	20506	20827	9261	6461	0	44321	2884	1123	956	4101	236	774
May 18, 2013 3:52:00 PM UTC	1368921120000	3	4	yes	33.1	271.0	20506	20827	9249	6533	0	44261	2846	1114	948	4082	240	764
May 18, 2013 3:53:00 PM UTC	1368921180000	3	4	yes	32.9	271.2	20506	20827	9261	6462	0	44320	2882	1141	951	4069	229	779
May 18, 2013 3:54:00 PM UTC	1368921240000	3	4	yes	32.7	271.3	20506	20827	9249	6616	0	44178	2814	1101	936	4058	189	810
May 18, 2013 3:55:00 PM UTC	1368921300000	3	4	yes	32.5	271.5	20506	20827	9249	6616	0	44178	2813	1138	915	4041	212	794
May 18, 2013 3:56:00 PM UTC	1368921360000	3	4	yes	32.3	271.6	20506	20827	9261	6544	0	44238	2855	1174	901	4030	182	760
May 18, 2013 3:57:00 PM UTC	1368921420000	3	4	yes	32.1	271.8	20506	20827	9249	6615	0	44179	2804	1173	916	4022	177	804
May 18, 2013 3:58:00 PM UTC	1368921480000	3	4	yes	31.9	271.9	20506	20827	9261	6543	0	44239	2853	1206	863	4004	193	773
May 18, 2013 3:59:00 PM UTC	1368921540000	3	4	yes	31.7	272.1	20506	20827	9261	6543	0	44239	2842	1236	900	3997	231	759
May 18, 2013 4:00:00 PM UTC	1368921600000	3	4	yes	31.5	272.2	20506	20827	9249	6614	0	44180	2796	1218	900	3988	210	778
May 18, 2013 4:01:00 PM UTC	1368921660000	3	4	yes	31.3	272.4	20506	20827	9261	6542	0	44240	2833	1276	886	3979	232	821
May 18, 2013 4:02:00 PM UTC	1368921720000	3	4	yes	31.1	272.5	20506	20827	9261	6542	0	44240	2829	1260	959	3960	235	751
May 18, 2013 4:03:00 PM UTC	1368921780000	3	4	yes	30.9	272.6	20506	20827	9249	6616	0	44178	2779	1267	874	3959	228	747
May 18, 2013 4:04:00 PM UTC	1368921840000	3	4	yes	30.7	272.8	20506	20827	9259	6546	0	44238	2814	1285	874	3947	226	828
May 18, 2013 4:05:00 PM UTC	1368921900000	4	4	yes	30.5	272.9	20506	20827	9249	6621	0	44173	2768	1286	868	3933	247	809
May 18, 2013 4:06:00 PM UTC	1368921960000	4	4	yes	30.3	273.1	20506	20827	9258	6555	0	44230	2806	1323	903	3920	213	826
May 18, 2013 4:07:00 PM UTC	1368922020000	4	4	yes	30.1	273.2	20506	20827	9260	6483	0	44300	2814	1352	896	3917	233	810
May 18, 2013 4:08:00 PM UTC	1368922080000	4	4	yes	29.9	273.4	20506	20827	9250	6553	0	44240	2770	1341	887	3904	212	782
May 18, 2013 4:09:00 PM UTC	1368922140000	4	4	yes	29.7	273.5	20506	20827	9260	6482	0	44301	2798	1434	858	3900	228	858
May 18, 2013 4:10:00 PM UTC	1368922200000	4	4	yes	29.5	273.6	20506	20827	9260	6482	0	44301	2794	1420	887	3893	229	845
May 18, 2013 4:11:00 PM UTC	1368922260000	4	4	yes	29.3	273.8	20506	20827	9250	6551	0	44242	2741	1404	862	3885	216	846
May 18, 2013 4:12:00 PM UTC	1368922320000	4	4	yes	29.1	273.9	20506	20827	9260	6480	0	44303	2786	1458	873	3876	231	848
May 18, 2013 4:13:00 PM UTC	1368922380000	4	4	yes	28.9	274.1	20506	20827	9260	6480	0	44303	2775	1492	830	3873	247	814
May 18, 2013 4:14:00 PM UTC	1368922440000	4	4	yes	28.7	274.2	20506	20827	9249	6550	0	44244	2719	1415	865	3872	222	836
May 18, 2013 4:15:00 PM UTC	1368922500000	4	4	yes	28.5	274.3	20506	20827	9260	6479	0	44304	2759	1501	848	3856	266	814
May 18, 2013 4:16:00 PM UTC	1368922560000	4	4	yes	28.3	274.5	20506	20827	9260	6479	0	44304	2747	1504	861	3858	260	860
May 18, 2013 4:17:00 PM UTC	1368922620000	4	4	yes	28.1	274.6	20506	20827	9249	6549	0	44245	2700	1487	825	3850	248	839
May 18, 2013 4:18:00 PM UTC	1368922680000	4	4	yes	27.9	274.8	20506	20827	9260	6478	0	44305	2728	1483	909	3845	241	846
May 18, 2013 4:19:00 PM UTC	1368922740000	4	4	yes	27.7	274.9	20506	20827	9259	6484	0	44300	2718	1509	877	3838	255	839
May 18, 2013 4:20:00 PM UTC	1368922800000	4	4	yes	27.5	275.1	20506	20827	9259	6483	0	44301	2709	1505	835	3833	222	877
May 18, 2013 4:21:00 PM UTC	1368922860000	4	4	yes	27.3	275.2	20506	20827	9259	6483	0	44301	2695	1529	855	3832	249	822
May 18, 2013 4:22:00 PM UTC	1368922920000	4	4	yes	27.1	275.3	20506	20827	9248	6554	0	44241	2650	1453	879	3826	226	820
May 18, 2013 4:23:00 PM UTC	1368922980000	4	4	yes	26.9	275.5	20506	20827	9258	6483	0	44302	2671	1488	823	3826	243	774
May 18, 2013 4:24:00 PM UTC	1368923040000	4	4	yes	26.7	275.6	20506	20827	9258	6483	0	44302	2665	1462	862	3823	231	847
May 18, 2013 4:25:00 PM UTC	1368923100000	4	4	yes	26.5	275.7	20506	20827	9247	6543	0	44253	2612	1435	820	3818	227	808
May 18, 2013 4:26:00 PM UTC	1368923160000	4	4	yes	26.3	275.9	20506	20827	9258	6500	0	44285	2643	1440	836	3813	217	823
May 18, 2013 4:27:00 PM UTC	1368923220000	4	4	yes	26.1	276.0	20506	20827	9258	6500	0	44285	2627	1459	814	3813	222	857
May 18, 2013 4:28:00 PM UTC	1368923280000	4	4	yes	25.9	276.2	20506	20827	9246	6653	0	44144	2564	1430	831	3812	222	858
May 18, 2013 4:29:00 PM UTC	1368923340000	4	4	yes	25.7	276.3	20506	20827	9256	6590	0	44197	2589	1462	785	3806	196	910
May 18, 2013 4:30:00 PM UTC	1368923400000	4	4	yes	25.5	276.4	20506	20827	9256	6590	0	44197	2575	1469	793	3805	233	880
May 18, 2013 4:31:00 PM UTC	1368923460000	4	4	yes	25.3	276.6	20506	20827	9245	6660	0	44138	2522	1488	732	3808	226	919
May 18, 2013 4:32:00 PM UTC	1368923520000	4	4	yes	25.1	276.7	20506	20827	9257	6581	0	44205	2552	1453	793	3810	249	846
May 18, 2013 4:33:00 PM UTC	1368923580000	4	4	yes	24.9	276.9	20506	20827	9257	6581	0	44205	2546	1466	781	3805	273	818
May 18, 2013 4:34:00 PM UTC	1368923640000	4	4	yes	24.7	277.0	20506	20827	9245	6660	0	44138	2487	1439	769	3806	284	890
May 18, 2013 4:35:00 PM UTC	1368923700000	4	4	yes	24.5	277.1	20506	20827	9256	6518	0	44269	2532	1451	805	3805	258	883
May 18, 2013 4:36:00 PM UTC	1368923760000	4	4	yes	24.3	277.3	20506	20827	9256	6518	0	44269	2515	1479	776	3805	262	909
May 18, 2013 4:37:00 PM UTC	1368923820000	4	4	yes	24.1	277.4	20506	20827	9255	6517	0	44271	2503	1495	754	3807	299	925
May 18, 2013 4:38:00 PM UTC	1368923880000	4	4	yes	23.9	277.5	20506	20827	9255	6517	0	44271	2499	1515	702	3801	256	943
May 18, 2013 4:39:00 PM UTC	1368923940000	4	4	yes	23.7	277.7	20506	20827	9255	6517	0	44271	2481	1536	721	3803	247	995
May 18, 2013 4:40:00 PM UTC	1368924000000	4	4	yes	23.5	277.8	20506	20827	9254	6516	0	44273	2467	1517	719	3811	300	948
May 18, 2013 4:41:00 PM UTC	1368924060000	4	4	yes	23.3	278.0	20506	20827	9254	6516	0	44273	2453	1514	726	3811	276	964
May 18, 2013 4:42:00 PM UTC	1368924120000	4	4	yes	23.1	278.1	20506	20827	9253	6526	1	44263	2437	1534	726	3814	301	990
May 18, 2013 4:43:00 PM UTC	1368924180000	4	4	yes	22.9	278.2	20506	20827	9254	6517	10	44262	2431	1534	694	3803	293	1007
May 18, 2013 4:44:00 PM UTC	1368924240000	4	4	yes	22.7	278.4	20506	20827	9252	6518	17	44256	2407	1510	715	3818	285	984
May 18, 2013 4:45:00 PM UTC	1368924300000	4	4	yes	22.5	278.5	20506	20827	9252	6518	28	44245	2398	1518	700	3813	279	968
May 18, 2013 4:46:00 PM UTC	1368924360000	4	4	yes	22.3	278.6	20506	20827	9251	6518	41	44233	2379	1507	690	3819	285	1065
May 18, 2013 4:47:00 PM UTC	1368924420000	4	4	yes	22.1	278.8	20506	20827	9251	6518	54	44220	2366	1551	611	3828	309	1052
May 18, 2013 4:48:00 PM UTC	1368924480000	4	4	yes	21.9	278.9	20506	20827	9251	6518	66	44208	2354	1496	667	3820	304	1024
May 18, 2013 4:49:00 PM UTC	1368924540000	4	4	yes	21.7	279.1	20506	20827	9250	6516	84	44193	2338	1436	680	3827	281	1039
May 18, 2013 4:50:00 PM UTC	1368924600000	4	4	yes	21.5	279.2	20506	20827	9250	6547	95	44151	2327	1355	748	3840	294	1003
May 18, 2013 4:51:00 PM UTC	1368924660000	4	4	yes	21.3	279.3	20506	20827	9250	6547	105	44141	2311	1427	642	3836	305	989
May 18, 2013 4:52:00 PM UTC	1368924720000	4	4	yes	21.1	279.5	20506	20827	9247	6558	116	44122	2290	1292	753	3841	298	1066
May 18, 2013 4:53:00 PM UTC	1368924780000	4	4	yes	20.9	279.6	20506	20827	9247	6558	126	44112	2277	1384	661	3851	307	1031
May 18, 2013 4:54:00 PM UTC	1368924840000	4	4	yes	20.7	279.7	20506	20827	9247	6558	137	44101	2264	1379	628	3842	306	1005
May 18, 2013 4:55:00 PM UTC	1368924900000	4	4	yes	20.5	279.9	20506	20827	9246	6558	149	44090	2250	1386	624	3856	312	1083
May 18, 2013 4:56:00 PM UTC	1368924960000	4	4	yes	20.3	280.0	20506	20827	9246	6558	158	44081	2231	1319	680	3860	336	1083
May 18, 2013 4:57:00 PM UTC	1368925020000	4	4	yes	20.1	280.1	20506	20827	9246	6558	169	44070	2219	1283	669	3867	330	1027
May 18, 2013 4:58:00 PM UTC	1368925080000	4	4	yes	19.9	280.3	20506	20827	9245	6558	177	44063	2205	1311	629	3868	356	985
May 18, 2013 4:59:00 PM UTC	1368925140000	4	4	yes	19.7	280.4	20506	20827	9245	6558	186	44054	2193	1295	618	3874	330	999
May 18, 2013 5:00:00 PM UTC	1368925200000	4	4	yes	19.5	280.6	20506	20827	9245	6558	193	44047	2176	1278	636	3877	313	1064
May 18, 2013 5:01:00 PM UTC	1368925260000	4	4	yes	19.4	280.7	20506	20827	9244	6497	204	44098	2166	1268	618	3891	300	1078
May 18, 2013 5:02:00 PM UTC	1368925320000	3	4	yes	19.2	280.8	20506	20827	9244	6497	215	44087	2156	1228	634	3895	294	961
May 18, 2013 5:03:00 PM UTC	1368925380000	3	4	yes	19.0	281.0	20506	20827	9253	6428	236	44126	2170	1211	650	3901	301	1029
May 18, 2013 5:04:00 PM UTC	1368925440000	4	4	yes	18.8	281.1	20506	20827	9242	6501	233	44067	2121	1223	599	3905	333	1002
May 18, 2013 5:05:00 PM UTC	1368925500000	4	4	yes	18.6	281.2	20506	20827	9242	6501	240	44060	2100	1236	575	3917	357	1026
May 18, 2013 5:06:00 PM UTC	1368925560000	4	4	yes	18.4	281.4	20506	20827	9253	6427	261	44102	2125	1204	605	3917	350	988
May 18, 2013 5:07:00 PM UTC	1368925620000	4	4	yes	18.2	281.5	20506	20827	9244	6483	263	44053	2080	1206	551	3925	367	1027
May 18, 2013 5:08:00 PM UTC	1368925680000	4	4	yes	18.0	281.6	20506	20827	9244	6483	274	44042	2062	1204	537	3935	354	1042
May 18, 2013 5:09:00 PM UTC	1368925740000	4	4	yes	17.8	281.8	20506	20827	9254	6427	292	44070	2072	1216	525	3947	377	1080
May 18, 2013 5:10:00 PM UTC	1368925800000	4	4	yes	17.6	281.9	20506	20827	9240	6591	281	43931	2011	1168	531	3953	410	1054
May 18, 2013 5:11:00 PM UTC	1368925860000	4	4	yes	17.4	282.1	20506	20827	9240	6591	283	43929	2000	1116	563	3960	411	1097
May 18, 2013 5:12:00 PM UTC	1368925920000	4	4	yes	17.2	282.2	20506	20827	9251	6522	301	43969	2012	1165	513	3971	426	1060
May 18, 2013 5:13:00 PM UTC	1368925980000	4	4	yes	17.0	282.3	20506	20827	9240	6592	296	43915	1963	1144	490	3981	422	1069
May 18, 2013 5:14:00 PM UTC	1368926040000	4	4	yes	16.8	282.5	20506	20827	9240	6626	296	43881	1944	1165	456	3986	417	1123
May 18, 2013 5:15:00 PM UTC	1368926100000	4	4	yes	16.6	282.6	20506	20827	9251	6558	313	43921	1960	1151	463	3994	431	1072
May 18, 2013 5:16:00 PM UTC	1368926160000	3	4	yes	16.4	282.7	20506	20827	9253	6541	323	43926	1948	1124	472	4010	373	1064
May 18, 2013 5:17:00 PM UTC	1368926220000	3	4	yes	16.2	282.9	20506	20827	9242	6609	316	43876	1906	1104	448	4019	392	1145
May 18, 2013 5:18:00 PM UTC	1368926280000	3	4	yes	16.0	283.0	20506	20827	9251	6556	329	43907	1916	1086	468	4026	380	1147
May 18, 2013 5:19:00 PM UTC	1368926340000	4	4	yes	15.8	283.1	20506	20827	9251	6556	339	43897	1896	1085	449	4038	449	1109
May 18, 2013 5:20:00 PM UTC	1368926400000	3	4	yes	15.6	283.3	20506	20827	9240	6625	334	43844	1851	1082	410	4050	373	1109
May 18, 2013 5:21:00 PM UTC	1368926460000	4	4	yes	15.4	283.4	20506	20827	9251	6554	349	43889	1866	1106	390	4060	444	1142
May 18, 2013 5:22:00 PM UTC	1368926520000	4	4	yes	15.2	283.6	20506	20827	9251	6553	354	43885	1849	1066	404	4072	461	1151
May 18, 2013 5:23:00 PM UTC	1368926580000	3	4	yes	15.0	283.7	20506	20827	9240	6623	345	43835	1809	993	454	4081	445	1140
May 18, 2013 5:24:00 PM UTC	1368926640000	4	3	yes	14.8	283.8	20506	20827	9250	6554	368	43871	1816	1075	350	4099	507	1085
May 18, 2013 5:25:00 PM UTC	1368926700000	4	4	yes	14.7	284.0	20506	20827	9250	6554	374	43865	1800	1037	379	4105	513	1123
May 18, 2013 5:26:00 PM UTC	1368926760000	4	4	yes	14.5	284.1	20506	20827	9238	6572	367	43866	1759	1039	336	4120	484	1189
May 18, 2013 5:27:00 PM UTC	1368926820000	4	4	yes	14.3	284.2	20506	20827	9250	6502	381	43910	1770	1058	303	4135	518	1198
May 18, 2013 5:28:00 PM UTC	1368926880000	4	4	yes	14.1	284.4	20506	20827	9250	6502	381	43910	1756	1044	315	4147	502	1175
May 18, 2013 5:29:00 PM UTC	1368926940000	3	4	yes	13.9	284.5	20506	20827	9241	6571	371	43860	1710	1017	314	4164	494	1162
May 18, 2013 5:30:00 PM UTC	1368927000000	3	3	yes	13.7	284.6	20506	20827	9250	6500	394	43899	1725	980	335	4174	469	1143
May 18, 2013 5:31:00 PM UTC	1368927060000	3	3	yes	13.5	284.8	20506	20827	9250	6500	399	43894	1703	976	318	4194	499	1139
May 18, 2013 5:32:00 PM UTC	1368927120000	3	3	yes	13.3	284.9	20506	20827	9239	6569	388	43847	1663	927	335	4207	491	1110
May 18, 2013 5:33:00 PM UTC	1368927180000	3	4	yes	13.1	285.1	20506	20827	9248	6517	398	43880	1671	943	321	4219	447	1198
May 18, 2013 5:34:00 PM UTC	1368927240000	3	3	yes	12.9	285.2	20506	20827	9248	6517	400	43878	1653	967	277	4237	546	1145
May 18, 2013 5:35:00 PM UTC	1368927300000	3	4	yes	12.7	285.3	20506	20827	9248	6516	407	43872	1639	937	288	4248	503	1246
May 18, 2013 5:36:00 PM UTC	1368927360000	3	4	yes	12.5	285.5	20506	20827	9248	6516	407	43872	1620	966	243	4268	540	1256
May 18, 2013 5:37:00 PM UTC	1368927420000	3	4	yes	12.3	285.6	20506	20827	9248	6516	414	43865	1603	952	233	4287	501	1258
May 18, 2013 5:38:00 PM UTC	1368927480000	3	4	yes	12.1	285.7	20506	20827	9248	6514	418	43863	1587	936	233	4305	561	1257
May 18, 2013 5:39:00 PM UTC	1368927540000	4	4	yes	11.9	285.9	20506	20827	9248	6514	421	43860	1576	946	203	4314	585	1278
May 18, 2013 5:40:00 PM UTC	1368927600000	3	4	yes	11.7	286.0	20506	20827	9247	6555	418	43823	1553	907	224	4333	586	1287
May 18, 2013 5:41:00 PM UTC	1368927660000	3	4	yes	11.6	286.2	20506	20827	9246	6556	426	43815	1536	926	180	4350	591	1328
May 18, 2013 5:42:00 PM UTC	1368927720000	3	4	yes	11.4	286.3	20506	20827	9246	6556	428	43813	1521	890	201	4365	621	1254
May 18, 2013 5:43:00 PM UTC	1368927780000	3	4	yes	11.2	286.4	20506	20827	9246	6556	433	43808	1504	862	207	4382	561	1318
May 18, 2013 5:44:00 PM UTC	1368927840000	3	4	yes	11.0	286.6	20506	20827	9256	6486	444	43857	1510	875	191	4403	564	1366
May 18, 2013 5:45:00 PM UTC	1368927900000	4	4	yes	10.8	286.7	20506	20827	9247	6554	432	43810	1469	885	152	4417	661	1306
May 18, 2013 5:46:00 PM UTC	1368927960000	3	4	yes	10.6	286.8	20506	20827	9247	6554	434	43808	1457	851	172	4427	576	1378
May 18, 2013 5:47:00 PM UTC	1368928020000	4	4	yes	10.4	287.0	20506	20827	9254	6504	440	43845	1457	853	164	4445	693	1359
May 18, 2013 5:48:00 PM UTC	1368928080000	3	4	yes	10.2	287.1	20506	20827	9244	6572	429	43798	1414	850	134	4466	666	1305
May 18, 2013 5:49:00 PM UTC	1368928140000	4	4	yes	10.0	287.3	20506	20827	9244	6572	434	43793	1404	827	143	4475	700	1481
May 18, 2013 5:50:00 PM UTC	1368928200000	3	4	yes	9.8	287.4	20506	20827	9256	6433	448	43906	1416	845	123	4497	667	1482
May 18, 2013 5:51:00 PM UTC	1368928260000	4	4	yes	9.6	287.5	20506	20827	9245	6495	442	43861	1380	851	87	4505	714	1560
May 18, 2013 5:52:00 PM UTC	1368928320000	4	4	yes	9.4	287.7	20506	20827	9245	6495	445	43858	1358	822	92	4527	741	1544
May 18, 2013 5:53:00 PM UTC	1368928380000	4	4	yes	9.3	287.8	20506	20827	9253	6458	453	43879	1356	834	70	4546	749	1560
May 18, 2013 5:54:00 PM UTC	1368928440000	4	4	yes	9.1	288.0	20506	20827	9244	6524	448	43827	1321	807	68	4555	723	1605
May 18, 2013 5:55:00 PM UTC	1368928500000	4	4	yes	8.9	288.1	20506	20827	9244	6524	452	43823	1302	797	57	4573	791	1519
May 18, 2013 5:56:00 PM UTC	1368928560000	4	4	yes	8.7	288.2	20506	20827	9256	6430	462	43895	1320	791	71	4590	755	1452
May 18, 2013 5:57:00 PM UTC	1368928620000	4	4	yes	8.5	288.4	20506	20827	9244	6495	460	43844	1281	792	36	4605	772	1569
May 18, 2013 5:58:00 PM UTC	1368928680000	3	4	yes	8.3	288.5	20506	20827	9244	6510	459	43830	1268	746	70	4613	710	1433
May 18, 2013 5:59:00 PM UTC	1368928740000	4	4	yes	8.1	288.7	20506	20827	9252	6463	464	43864	1264	762	47	4636	792	1446
May 18, 2013 6:00:00 PM UTC	1368928800000	4	4	yes	7.9	288.8	20506	20827	9241	6531	454	43817	1225	737	43	4646	846	1488
May 18, 2013 6:01:00 PM UTC	1368928860000	4	3	yes	7.7	288.9	20506	20827	9252	6463	472	43856	1236	707	68	4664	815	1286
May 18, 2013 6:02:00 PM UTC	1368928920000	4	4	yes	7.5	289.1	20506	20827	9252	6463	471	43857	1213	692	62	4685	834	1397
May 18, 2013 6:03:00 PM UTC	1368928980000	4	4	yes	7.3	289.2	20506	20827	9244	6531	462	43806	1179	702	29	4699	876	1413
May 18, 2013 6:04:00 PM UTC	1368929040000	3	3	yes	7.2	289.4	20506	20827	9252	6461	471	43859	1178	678	44	4722	765	1312
May 18, 2013 6:05:00 PM UTC	1368929100000	4	3	yes	7.0	289.5	20506	20827	9248	6484	470	43841	1158	670	36	4731	865	1250
May 18, 2013 6:06:00 PM UTC	1368929160000	4	3	yes	6.8	289.6	20506	20827	9237	6551	460	43795	1124	635	46	4743	930	1246
May 18, 2013 6:07:00 PM UTC	1368929220000	3	3	yes	6.6	289.8	20506	20827	9249	6483	471	43840	1130	646	32	4761	812	1197
May 18, 2013 6:08:00 PM UTC	1368929280000	3	3	yes	6.4	289.9	20506	20827	9248	6610	466	43719	1109	598	63	4771	903	1212
May 18, 2013 6:09:00 PM UTC	1368929340000	4	3	yes	6.2	290.1	20506	20827	9248	6610	466	43719	1092	617	25	4788	994	1141
May 18, 2013 6:10:00 PM UTC	1368929400000	4	3	yes	6.0	290.2	20506	20827	9250	6585	472	43736	1087	596	39	4802	1020	1284
May 18, 2013 6:11:00 PM UTC	1368929460000	4	3	yes	5.8	290.3	20506	20827	9247	6605	471	43720	1064	570	46	4816	948	1093
May 18, 2013 6:12:00 PM UTC	1368929520000	3	3	yes	5.7	290.5	20506	20827	9248	6544	485	43766	1057	558	39	4831	952	1119
May 18, 2013 6:13:00 PM UTC	1368929580000	3	2	yes	5.5	290.6	20506	20827	9248	6543	496	43756	1041	558	20	4847	866	1035
May 18, 2013 6:14:00 PM UTC	1368929640000	3	2	yes	5.3	290.8	20506	20827	9248	6543	506	43746	1026	537	16	4862	891	942
May 18, 2013 6:15:00 PM UTC	1368929700000	3	2	yes	5.1	290.9	20506	20827	9247	6556	512	43728	1011	504	28	4874	962	877
May 18, 2013 6:16:00 PM UTC	1368929760000	3	2	yes	4.9	291.1	20506	20827	9246	6559	520	43718	996	486	26	4890	799	895
May 18, 2013 6:17:00 PM UTC	1368929820000	3	2	yes	4.7	291.2	20506	20827	9243	6577	522	43701	973	470	17	4901	1010	878
May 18, 2013 6:18:00 PM UTC	1368929880000	3	2	yes	4.5	291.3	20506	20827	9254	6502	542	43745	975	467	7	4926	987	839
May 18, 2013 6:19:00 PM UTC	1368929940000	3	2	yes	4.3	291.5	20506	20827	9243	6576	544	43680	945	437	8	4936	890	859
May 18, 2013 6:20:00 PM UTC	1368930000000	3	2	yes	4.2	291.6	20506	20827	9243	6576	555	43669	927	413	8	4952	939	801
May 18, 2013 6:21:00 PM UTC	1368930060000	3	2	yes	4.0	291.8	20506	20827	9258	6483	582	43720	936	405	1	4977	958	696
May 18, 2013 6:22:00 PM UTC	1368930120000	3	2	yes	3.8	291.9	20506	20827	9245	6574	587	43637	900	373	1	4976	972	763
May 18, 2013 6:23:00 PM UTC	1368930180000	3	2	yes	3.6	292.1	20506	20827	9245	6574	611	43613	884	341	3	4993	946	713
May 18, 2013 6:24:00 PM UTC	1368930240000	3	2	yes	3.4	292.2	20506	20827	9256	6508	650	43629	888	325	1	5011	1014	653
May 18, 2013 6:25:00 PM UTC	1368930300000	3	1	yes	3.2	292.4	20506	20827	9245	6574	673	43551	854	282	3	5022	946	606
May 18, 2013 6:26:00 PM UTC	1368930360000	3	1	yes	3.0	292.5	20506	20827	9245	6574	709	43515	843	257	3	5035	945	590
