December 18, 2009 7:14:00 AM UTC	1261149240000	1	0	yes	3.1	122.4	20506	20827	9256	6435	663	43689	870	77	9	5044	53	7
December 18, 2009 7:15:00 AM UTC	1261149300000	1	0	yes	3.3	122.6	20506	20827	9241	6530	623	43649	857	81	5	5015	50	7
December 18, 2009 7:16:00 AM UTC	1261149360000	1	0	yes	3.5	122.7	20506	20827	9249	6472	595	43727	884	97	12	5012	58	8
December 18, 2009 7:17:00 AM UTC	1261149420000	1	0	yes	3.6	122.9	20506	20827	9249	6503	563	43728	894	99	7	4999	56	14
December 18, 2009 7:18:00 AM UTC	1261149480000	1	0	yes	3.8	123.0	20506	20827	9245	6519	571	43708	899	53	9	4987	36	5
December 18, 2009 7:19:00 AM UTC	1261149540000	1	0	yes	4.0	123.2	20506	20827	9248	6504	548	43743	921	66	9	4972	39	11
December 18, 2009 7:20:00 AM UTC	1261149600000	1	0	yes	4.1	123.3	20506	20827	9248	6504	538	43753	933	72	9	4960	38	11
December 18, 2009 7:21:00 AM UTC	1261149660000	1	0	yes	4.3	123.5	20506	20827	9239	6563	509	43732	935	68	11	4937	41	18
December 18, 2009 7:22:00 AM UTC	1261149720000	1	0	yes	4.5	123.7	20506	20827	9248	6504	509	43782	961	83	18	4936	43	13
December 18, 2009 7:23:00 AM UTC	1261149780000	1	0	yes	4.6	123.8	20506	20827	9243	6543	492	43765	961	81	19	4914	41	23
December 18, 2009 7:24:00 AM UTC	1261149840000	1	0	yes	4.8	124.0	20506	20827	9257	6446	485	43855	1002	108	85	4913	53	47
December 18, 2009 7:25:00 AM UTC	1261149900000	1	0	yes	5.0	124.1	20506	20827	9248	6504	503	43788	997	62	78	4903	31	56
December 18, 2009 7:26:00 AM UTC	1261149960000	1	0	yes	5.1	124.3	20506	20827	9242	6543	489	43769	1006	68	42	4868	28	15
December 18, 2009 7:27:00 AM UTC	1261150020000	1	0	yes	5.3	124.5	20506	20827	9252	6484	484	43823	1030	76	74	4866	37	87
December 18, 2009 7:28:00 AM UTC	1261150080000	1	0	yes	5.5	124.6	20506	20827	9246	6487	475	43835	1033	75	78	4861	34	42
December 18, 2009 7:29:00 AM UTC	1261150140000	1	0	yes	5.6	124.8	20506	20827	9248	6526	473	43796	1054	82	50	4840	37	42
December 18, 2009 7:30:00 AM UTC	1261150200000	1	1	yes	5.8	124.9	20506	20827	9251	6488	469	43835	1077	92	73	4816	44	53
December 18, 2009 7:31:00 AM UTC	1261150260000	1	1	yes	5.9	125.1	20506	20827	9242	6546	448	43807	1068	117	123	4825	43	40
December 18, 2009 7:32:00 AM UTC	1261150320000	0	0	yes	6.1	125.3	20506	20827	9242	6582	465	43754	1077	46	41	4800	15	19
December 18, 2009 7:33:00 AM UTC	1261150380000	0	1	yes	6.3	125.4	20506	20827	9245	6564	463	43771	1101	58	90	4772	18	128
December 18, 2009 7:34:00 AM UTC	1261150440000	1	1	yes	6.4	125.6	20506	20827	9251	6527	465	43800	1121	87	110	4785	26	153
December 18, 2009 7:35:00 AM UTC	1261150500000	1	1	yes	6.6	125.7	20506	20827	9251	6523	463	43806	1135	73	111	4762	32	143
December 18, 2009 7:36:00 AM UTC	1261150560000	1	1	yes	6.8	125.9	20506	20827	9251	6523	464	43805	1148	77	130	4741	33	156
December 18, 2009 7:37:00 AM UTC	1261150620000	1	1	yes	6.9	126.1	20506	20827	9245	6565	455	43778	1154	77	144	4729	26	109
December 18, 2009 7:38:00 AM UTC	1261150680000	1	1	yes	7.1	126.2	20506	20827	9246	6565	454	43778	1165	86	168	4720	30	216
December 18, 2009 7:39:00 AM UTC	1261150740000	1	1	yes	7.3	126.4	20506	20827	9252	6525	461	43805	1187	97	239	4710	31	186
December 18, 2009 7:40:00 AM UTC	1261150800000	0	1	yes	7.4	126.6	20506	20827	9246	6565	459	43773	1190	91	267	4693	14	210
December 18, 2009 7:41:00 AM UTC	1261150860000	1	1	yes	7.6	126.7	20506	20827	9245	6565	458	43775	1201	112	259	4682	16	231
December 18, 2009 7:42:00 AM UTC	1261150920000	1	2	yes	7.7	126.9	20506	20827	9245	6565	459	43774	1216	97	326	4670	17	248
December 18, 2009 7:43:00 AM UTC	1261150980000	1	1	yes	7.9	127.1	20506	20827	9238	6607	451	43747	1218	83	251	4651	15	275
December 18, 2009 7:44:00 AM UTC	1261151040000	1	2	yes	8.1	127.2	20506	20827	9255	6454	462	43872	1268	123	374	4641	22	416
December 18, 2009 7:45:00 AM UTC	1261151100000	1	2	yes	8.2	127.4	20506	20827	9247	6509	451	43836	1262	104	371	4631	23	583
December 18, 2009 7:46:00 AM UTC	1261151160000	1	2	yes	8.4	127.6	20506	20827	9255	6454	459	43875	1292	148	366	4622	25	650
December 18, 2009 7:47:00 AM UTC	1261151220000	1	2	yes	8.5	127.7	20506	20827	9247	6538	447	43811	1292	272	269	4596	54	665
December 18, 2009 7:48:00 AM UTC	1261151280000	1	3	yes	8.7	127.9	20506	20827	9248	6538	457	43800	1298	314	285	4593	15	865
December 18, 2009 7:49:00 AM UTC	1261151340000	1	3	yes	8.8	128.1	20506	20827	9255	6496	458	43834	1327	238	445	4581	99	843
December 18, 2009 7:50:00 AM UTC	1261151400000	1	2	yes	9.0	128.2	20506	20827	9248	6538	452	43805	1326	340	319	4564	156	594
December 18, 2009 7:51:00 AM UTC	1261151460000	1	3	yes	9.2	128.4	20506	20827	9239	6595	443	43766	1325	312	415	4541	65	650
December 18, 2009 7:52:00 AM UTC	1261151520000	1	3	yes	9.3	128.6	20506	20827	9247	6539	444	43813	1353	205	587	4536	32	792
December 18, 2009 7:53:00 AM UTC	1261151580000	1	3	yes	9.5	128.7	20506	20827	9247	6539	439	43818	1363	281	552	4527	48	874
December 18, 2009 7:54:00 AM UTC	1261151640000	1	3	yes	9.6	128.9	20506	20827	9247	6539	438	43819	1379	340	548	4511	49	777
December 18, 2009 7:55:00 AM UTC	1261151700000	1	3	yes	9.8	129.1	20506	20827	9247	6539	442	43815	1390	283	613	4498	44	770
December 18, 2009 7:56:00 AM UTC	1261151760000	1	3	yes	9.9	129.2	20506	20827	9240	6586	435	43782	1394	196	715	4478	46	736
December 18, 2009 7:57:00 AM UTC	1261151820000	1	3	yes	10.1	129.4	20506	20827	9255	6487	443	43858	1432	252	680	4477	36	747
December 18, 2009 7:58:00 AM UTC	1261151880000	1	3	yes	10.3	129.6	20506	20827	9246	6539	438	43820	1432	308	642	4458	36	787
December 18, 2009 7:59:00 AM UTC	1261151940000	1	3	yes	10.4	129.8	20506	20827	9241	6530	428	43844	1437	269	678	4442	48	775
December 18, 2009 8:00:00 AM UTC	1261152000000	1	3	yes	10.6	129.9	20506	20827	9249	6474	437	43883	1467	315	675	4431	21	616
December 18, 2009 8:01:00 AM UTC	1261152060000	1	3	yes	10.7	130.1	20506	20827	9255	6474	440	43874	1489	271	740	4423	35	565
December 18, 2009 8:02:00 AM UTC	1261152120000	1	3	yes	10.9	130.3	20506	20827	9240	6574	421	43808	1470	181	811	4404	12	437
December 18, 2009 8:03:00 AM UTC	1261152180000	1	3	yes	11.0	130.5	20506	20827	9249	6519	431	43844	1501	331	712	4391	8	423
December 18, 2009 8:04:00 AM UTC	1261152240000	1	3	yes	11.2	130.6	20506	20827	9249	6519	430	43845	1509	264	761	4386	4	354
December 18, 2009 8:05:00 AM UTC	1261152300000	1	3	yes	11.3	130.8	20506	20827	9249	6519	429	43846	1523	232	802	4371	9	426
December 18, 2009 8:06:00 AM UTC	1261152360000	1	3	yes	11.5	131.0	20506	20827	9249	6519	423	43852	1536	225	766	4358	10	405
December 18, 2009 8:07:00 AM UTC	1261152420000	1	3	yes	11.6	131.2	20506	20827	9249	6519	423	43852	1553	186	789	4343	8	427
December 18, 2009 8:08:00 AM UTC	1261152480000	1	3	yes	11.8	131.3	20506	20827	9243	6564	418	43818	1545	154	832	4332	4	473
December 18, 2009 8:09:00 AM UTC	1261152540000	1	3	yes	11.9	131.5	20506	20827	9250	6518	425	43850	1576	239	799	4318	3	462
December 18, 2009 8:10:00 AM UTC	1261152600000	1	3	yes	12.1	131.7	20506	20827	9250	6518	420	43855	1588	170	831	4307	3	572
December 18, 2009 8:11:00 AM UTC	1261152660000	1	3	yes	12.2	131.9	20506	20827	9251	6510	419	43863	1608	238	778	4292	13	691
December 18, 2009 8:12:00 AM UTC	1261152720000	1	3	yes	12.4	132.0	20506	20827	9243	6563	406	43831	1597	290	756	4280	19	750
December 18, 2009 8:13:00 AM UTC	1261152780000	1	3	yes	12.5	132.2	20506	20827	9249	6517	414	43863	1622	271	653	4276	35	616
December 18, 2009 8:14:00 AM UTC	1261152840000	1	3	yes	12.7	132.4	20506	20827	9251	6510	406	43876	1641	240	635	4258	24	486
December 18, 2009 8:15:00 AM UTC	1261152900000	1	2	yes	12.8	132.6	20506	20827	9243	6562	400	43838	1631	150	605	4248	44	397
December 18, 2009 8:16:00 AM UTC	1261152960000	1	2	yes	13.0	132.8	20506	20827	9243	6628	397	43775	1644	180	564	4235	28	370
December 18, 2009 8:17:00 AM UTC	1261153020000	1	2	yes	13.1	132.9	20506	20827	9251	6581	402	43809	1669	176	436	4226	12	327
December 18, 2009 8:18:00 AM UTC	1261153080000	0	2	yes	13.3	133.1	20506	20827	9251	6581	397	43814	1687	98	530	4212	19	262
December 18, 2009 8:19:00 AM UTC	1261153140000	1	2	yes	13.4	133.3	20506	20827	9244	6628	387	43784	1682	102	589	4197	29	256
December 18, 2009 8:20:00 AM UTC	1261153200000	1	3	yes	13.6	133.5	20506	20827	9251	6580	395	43817	1712	104	669	4186	10	358
December 18, 2009 8:21:00 AM UTC	1261153260000	0	3	yes	13.7	133.7	20506	20827	9258	6529	396	43860	1738	112	634	4182	1	493
December 18, 2009 8:22:00 AM UTC	1261153320000	1	2	yes	13.8	133.9	20506	20827	9244	6628	380	43791	1710	151	524	4169	0	370
December 18, 2009 8:23:00 AM UTC	1261153380000	0	2	yes	14.0	134.0	20506	20827	9244	6628	371	43800	1727	108	453	4156	10	284
December 18, 2009 8:24:00 AM UTC	1261153440000	0	2	yes	14.1	134.2	20506	20827	9251	6577	383	43832	1759	104	355	4149	7	250
December 18, 2009 8:25:00 AM UTC	1261153500000	0	1	yes	14.3	134.4	20506	20827	9244	6628	370	43801	1746	77	250	4139	2	149
December 18, 2009 8:26:00 AM UTC	1261153560000	0	1	yes	14.4	134.6	20506	20827	9244	6628	367	43804	1756	75	209	4133	0	152
December 18, 2009 8:27:00 AM UTC	1261153620000	0	1	yes	14.6	134.8	20506	20827	9252	6519	374	43898	1799	55	139	4120	0	121
December 18, 2009 8:28:00 AM UTC	1261153680000	0	0	yes	14.7	135.0	20506	20827	9252	6571	367	43853	1804	54	82	4113	0	102
December 18, 2009 8:29:00 AM UTC	1261153740000	0	0	yes	14.8	135.2	20506	20827	9244	6620	360	43819	1796	54	31	4102	0	12
December 18, 2009 8:30:00 AM UTC	1261153800000	0	0	yes	15.0	135.3	20506	20827	9253	6570	362	43858	1829	61	29	4095	0	6
December 18, 2009 8:31:00 AM UTC	1261153860000	0	0	yes	15.1	135.5	20506	20827	9253	6570	361	43859	1843	59	26	4084	0	0
December 18, 2009 8:32:00 AM UTC	1261153920000	0	0	yes	15.3	135.7	20506	20827	9245	6620	344	43834	1832	82	26	4073	0	0
December 18, 2009 8:33:00 AM UTC	1261153980000	0	0	yes	15.4	135.9	20506	20827	9245	6620	340	43838	1838	86	25	4074	0	56
December 18, 2009 8:34:00 AM UTC	1261154040000	1	2	yes	15.6	136.1	20506	20827	9245	6620	336	43842	1849	102	184	4064	30	160
December 18, 2009 8:35:00 AM UTC	1261154100000	1	2	yes	15.7	136.3	20506	20827	9245	6617	329	43852	1863	326	229	4053	29	339
December 18, 2009 8:36:00 AM UTC	1261154160000	2	3	yes	15.8	136.5	20506	20827	9245	6620	328	43850	1876	396	444	4043	215	451
December 18, 2009 8:37:00 AM UTC	1261154220000	2	3	yes	16.0	136.7	20506	20827	9253	6571	331	43888	1908	620	384	4035	162	802
December 18, 2009 8:38:00 AM UTC	1261154280000	2	4	yes	16.1	136.9	20506	20827	9253	6571	328	43891	1921	599	528	4027	194	949
December 18, 2009 8:39:00 AM UTC	1261154340000	3	4	yes	16.2	137.0	20506	20827	9245	6621	313	43864	1901	663	599	4025	508	754
December 18, 2009 8:40:00 AM UTC	1261154400000	3	3	yes	16.4	137.2	20506	20827	9253	6622	313	43855	1931	778	468	4014	437	631
December 18, 2009 8:41:00 AM UTC	1261154460000	3	3	yes	16.5	137.4	20506	20827	9253	6579	314	43897	1944	613	541	4010	473	467
December 18, 2009 8:42:00 AM UTC	1261154520000	3	3	yes	16.6	137.6	20506	20827	9245	6630	305	43863	1944	495	604	3996	575	403
December 18, 2009 8:43:00 AM UTC	1261154580000	2	3	yes	16.8	137.8	20506	20827	9251	6580	308	43904	1971	419	500	3997	492	583
December 18, 2009 8:44:00 AM UTC	1261154640000	2	3	yes	16.9	138.0	20506	20827	9244	6631	296	43872	1957	400	603	3993	491	402
December 18, 2009 8:45:00 AM UTC	1261154700000	2	2	yes	17.1	138.2	20506	20827	9251	6583	301	43908	1995	381	640	3980	346	335
December 18, 2009 8:46:00 AM UTC	1261154760000	2	2	yes	17.2	138.4	20506	20827	9253	6522	296	43972	2010	378	541	3979	257	326
December 18, 2009 8:47:00 AM UTC	1261154820000	1	2	yes	17.3	138.6	20506	20827	9247	6566	287	43943	2001	291	456	3967	153	286
December 18, 2009 8:48:00 AM UTC	1261154880000	1	2	yes	17.4	138.8	20506	20827	9253	6522	289	43979	2026	196	414	3969	88	313
December 18, 2009 8:49:00 AM UTC	1261154940000	1	2	yes	17.6	139.0	20506	20827	9253	6522	284	43984	2037	145	325	3961	38	336
December 18, 2009 8:50:00 AM UTC	1261155000000	0	2	yes	17.7	139.2	20506	20827	9246	6569	275	43953	2034	115	286	3951	7	334
December 18, 2009 8:51:00 AM UTC	1261155060000	1	1	yes	17.8	139.4	20506	20827	9244	6574	270	43955	2041	107	212	3947	6	275
December 18, 2009 8:52:00 AM UTC	1261155120000	0	1	yes	18.0	139.6	20506	20827	9253	6522	275	43993	2071	66	142	3943	1	226
December 18, 2009 8:53:00 AM UTC	1261155180000	0	1	yes	18.1	139.8	20506	20827	9253	6540	269	43981	2074	60	117	3939	2	143
December 18, 2009 8:54:00 AM UTC	1261155240000	0	1	yes	18.2	140.0	20506	20827	9247	6579	253	43964	2066	59	111	3935	0	131
December 18, 2009 8:55:00 AM UTC	1261155300000	0	1	yes	18.4	140.2	20506	20827	9254	6530	257	44002	2102	75	141	3926	0	101
December 18, 2009 8:56:00 AM UTC	1261155360000	0	1	yes	18.5	140.4	20506	20827	9253	6541	246	44003	2106	82	121	3922	0	79
December 18, 2009 8:57:00 AM UTC	1261155420000	0	0	yes	18.6	140.6	20506	20827	9253	6541	241	44008	2114	83	107	3921	0	70
December 18, 2009 8:58:00 AM UTC	1261155480000	0	0	yes	18.7	140.8	20506	20827	9247	6586	232	43978	2102	40	92	3915	0	80
December 18, 2009 8:59:00 AM UTC	1261155540000	0	1	yes	18.9	141.0	20506	20827	9254	6541	229	44019	2132	53	104	3913	0	96
December 18, 2009 9:00:00 AM UTC	1261155600000	0	1	yes	19.0	141.2	20506	20827	9254	6541	222	44026	2144	71	193	3908	0	209
December 18, 2009 9:01:00 AM UTC	1261155660000	0	1	yes	19.1	141.4	20506	20827	9253	6541	219	44030	2159	86	303	3898	0	190
December 18, 2009 9:02:00 AM UTC	1261155720000	0	1	yes	19.2	141.6	20506	20827	9244	6594	198	44007	2145	90	300	3895	0	138
December 18, 2009 9:03:00 AM UTC	1261155780000	0	1	yes	19.4	141.8	20506	20827	9253	6541	208	44041	2173	33	268	3895	0	118
December 18, 2009 9:04:00 AM UTC	1261155840000	0	1	yes	19.5	142.0	20506	20827	9251	6551	193	44048	2174	45	243	3893	0	98
December 18, 2009 9:05:00 AM UTC	1261155900000	0	1	yes	19.6	142.2	20506	20827	9244	6653	186	43960	2155	37	283	3885	0	66
December 18, 2009 9:06:00 AM UTC	1261155960000	0	1	yes	19.7	142.4	20506	20827	9243	6614	178	44008	2172	57	254	3882	0	52
December 18, 2009 9:07:00 AM UTC	1261156020000	0	1	yes	19.9	142.6	20506	20827	9250	6571	180	44042	2206	75	303	3878	0	50
December 18, 2009 9:08:00 AM UTC	1261156080000	0	1	yes	20.0	142.8	20506	20827	9258	6516	182	44087	2237	86	158	3880	0	53
December 18, 2009 9:09:00 AM UTC	1261156140000	0	0	yes	20.1	143.0	20506	20827	9243	6620	162	44018	2197	23	148	3877	0	45
December 18, 2009 9:10:00 AM UTC	1261156200000	0	0	yes	20.2	143.2	20506	20827	9250	6571	162	44060	2228	30	145	3872	0	36
December 18, 2009 9:11:00 AM UTC	1261156260000	0	0	yes	20.3	143.5	20506	20827	9249	6571	155	44068	2242	56	102	3866	0	45
December 18, 2009 9:12:00 AM UTC	1261156320000	0	0	yes	20.5	143.7	20506	20827	9254	6529	159	44101	2272	66	162	3862	0	28
December 18, 2009 9:13:00 AM UTC	1261156380000	0	0	yes	20.6	143.9	20506	20827	9250	6570	149	44074	2260	77	89	3858	0	21
December 18, 2009 9:14:00 AM UTC	1261156440000	0	0	yes	20.7	144.1	20506	20827	9250	6570	141	44082	2263	82	142	3852	0	39
December 18, 2009 9:15:00 AM UTC	1261156500000	0	0	yes	20.8	144.3	20506	20827	9249	6570	134	44090	2275	42	61	3861	0	30
December 18, 2009 9:16:00 AM UTC	1261156560000	0	0	yes	20.9	144.5	20506	20827	9256	6528	137	44122	2303	61	138	3847	0	49
December 18, 2009 9:17:00 AM UTC	1261156620000	0	0	yes	21.1	144.7	20506	20827	9240	6651	117	44035	2263	50	132	3848	0	38
December 18, 2009 9:18:00 AM UTC	1261156680000	0	0	yes	21.2	144.9	20506	20827	9255	6553	122	44113	2321	74	97	3857	0	36
December 18, 2009 9:19:00 AM UTC	1261156740000	0	0	yes	21.3	145.1	20506	20827	9247	6610	104	44082	2297	89	106	3835	0	42
December 18, 2009 9:20:00 AM UTC	1261156800000	0	1	yes	21.4	145.4	20506	20827	9254	6570	105	44114	2326	92	171	3847	0	42
December 18, 2009 9:21:00 AM UTC	1261156860000	0	0	yes	21.5	145.6	20506	20827	9247	6610	93	44093	2310	44	105	3838	0	27
December 18, 2009 9:22:00 AM UTC	1261156920000	0	0	yes	21.6	145.8	20506	20827	9247	6610	81	44105	2325	46	142	3832	0	28
December 18, 2009 9:23:00 AM UTC	1261156980000	0	0	yes	21.7	146.0	20506	20827	9254	6575	83	44131	2349	70	50	3836	0	8
December 18, 2009 9:24:00 AM UTC	1261157040000	0	1	yes	21.8	146.2	20506	20827	9255	6512	75	44201	2369	83	60	3825	0	6
December 18, 2009 9:25:00 AM UTC	1261157100000	1	2	yes	22.0	146.4	20506	20827	9250	6548	64	44181	2362	104	65	3826	0	3
December 18, 2009 9:26:00 AM UTC	1261157160000	2	3	yes	22.1	146.6	20506	20827	9255	6512	60	44216	2379	47	37	3826	0	1
December 18, 2009 9:27:00 AM UTC	1261157220000	3	3	yes	22.2	146.9	20506	20827	9246	6569	47	44181	2358	45	39	3825	68	24
December 18, 2009 9:28:00 AM UTC	1261157280000	4	2	yes	22.3	147.1	20506	20827	9255	6512	46	44230	2400	64	43	3819	205	35
December 18, 2009 9:29:00 AM UTC	1261157340000	5	2	yes	22.4	147.3	20506	20827	9249	6581	35	44178	2378	83	51	3821	353	48
December 18, 2009 9:30:00 AM UTC	1261157400000	5	2	yes	22.5	147.5	20506	20827	9255	6540	31	44217	2411	119	48	3814	467	73
December 18, 2009 9:31:00 AM UTC	1261157460000	6	3	yes	22.6	147.7	20506	20827	9251	6561	24	44207	2405	136	68	3820	574	141
December 18, 2009 9:32:00 AM UTC	1261157520000	6	3	yes	22.7	148.0	20506	20827	9252	6561	17	44213	2413	53	71	3817	689	225
December 18, 2009 9:33:00 AM UTC	1261157580000	6	2	yes	22.8	148.2	20506	20827	9252	6561	15	44215	2417	79	92	3813	774	250
December 18, 2009 9:34:00 AM UTC	1261157640000	6	2	yes	22.9	148.4	20506	20827	9243	6619	3	44178	2398	120	126	3815	883	251
December 18, 2009 9:35:00 AM UTC	1261157700000	6	2	yes	23.0	148.6	20506	20827	9252	6561	3	44227	2435	209	202	3816	940	215
December 18, 2009 9:36:00 AM UTC	1261157760000	5	2	yes	23.1	148.8	20506	20827	9242	6620	0	44181	2413	342	299	3814	925	233
December 18, 2009 9:37:00 AM UTC	1261157820000	4	2	yes	23.2	149.1	20506	20827	9257	6522	0	44264	2475	300	337	3810	872	201
December 18, 2009 9:38:00 AM UTC	1261157880000	3	2	yes	23.3	149.3	20506	20827	9243	6618	0	44182	2425	277	348	3814	863	255
December 18, 2009 9:39:00 AM UTC	1261157940000	2	1	yes	23.4	149.5	20506	20827	9252	6560	0	44231	2462	254	292	3808	773	281
December 18, 2009 9:40:00 AM UTC	1261158000000	2	2	yes	23.5	149.7	20506	20827	9248	6555	0	44240	2461	216	278	3813	509	368
December 18, 2009 9:41:00 AM UTC	1261158060000	1	2	yes	23.7	150.0	20506	20827	9256	6557	0	44230	2489	210	293	3809	342	336
December 18, 2009 9:42:00 AM UTC	1261158120000	1	1	yes	23.8	150.2	20506	20827	9241	6653	0	44149	2444	213	286	3810	184	305
December 18, 2009 9:43:00 AM UTC	1261158180000	0	1	yes	23.8	150.4	20506	20827	9256	6558	0	44229	2503	116	296	3806	63	298
December 18, 2009 9:44:00 AM UTC	1261158240000	0	1	yes	23.9	150.6	20506	20827	9247	6618	0	44178	2480	97	303	3801	6	241
December 18, 2009 9:45:00 AM UTC	1261158300000	0	1	yes	24.0	150.9	20506	20827	9247	6618	0	44178	2486	124	286	3802	1	212
December 18, 2009 9:46:00 AM UTC	1261158360000	0	1	yes	24.1	151.1	20506	20827	9253	6583	0	44207	2503	125	271	3808	5	169
December 18, 2009 9:47:00 AM UTC	1261158420000	0	1	yes	24.2	151.3	20506	20827	9247	6617	0	44179	2497	158	225	3803	2	99
December 18, 2009 9:48:00 AM UTC	1261158480000	0	1	yes	24.3	151.6	20506	20827	9247	6617	0	44179	2501	59	229	3811	1	83
December 18, 2009 9:49:00 AM UTC	1261158540000	0	1	yes	24.4	151.8	20506	20827	9251	6583	0	44209	2523	112	171	3811	0	76
December 18, 2009 9:50:00 AM UTC	1261158600000	0	0	yes	24.5	152.0	20506	20827	9251	6583	0	44209	2538	100	136	3806	0	48
December 18, 2009 9:51:00 AM UTC	1261158660000	0	0	yes	24.6	152.2	20506	20827	9253	6508	0	44282	2551	136	151	3812	0	42
December 18, 2009 9:52:00 AM UTC	1261158720000	0	0	yes	24.7	152.5	20506	20827	9245	6571	0	44227	2533	151	134	3802	0	47
December 18, 2009 9:53:00 AM UTC	1261158780000	0	0	yes	24.8	152.7	20506	20827	9252	6576	0	44215	2543	39	154	3812	1	31
December 18, 2009 9:54:00 AM UTC	1261158840000	0	0	yes	24.9	152.9	20506	20827	9244	6636	0	44163	2526	62	108	3804	0	39
December 18, 2009 9:55:00 AM UTC	1261158900000	0	0	yes	25.0	153.2	20506	20827	9258	6543	0	44242	2577	108	111	3810	0	24
December 18, 2009 9:56:00 AM UTC	1261158960000	0	0	yes	25.1	153.4	20506	20827	9248	6604	0	44191	2553	104	154	3804	0	14
December 18, 2009 9:57:00 AM UTC	1261159020000	0	0	yes	25.2	153.6	20506	20827	9253	6573	0	44217	2578	116	136	3807	0	4
December 18, 2009 9:58:00 AM UTC	1261159080000	0	0	yes	25.3	153.9	20506	20827	9248	6604	0	44191	2556	161	117	3815	0	4
December 18, 2009 9:59:00 AM UTC	1261159140000	0	0	yes	25.3	154.1	20506	20827	9248	6604	0	44191	2572	74	115	3808	0	3
December 18, 2009 10:00:00 AM UTC	1261159200000	0	0	yes	25.4	154.3	20506	20827	9248	6604	0	44191	2570	84	86	3813	0	1
December 18, 2009 10:01:00 AM UTC	1261159260000	0	0	yes	25.5	154.6	20506	20827	9252	6573	0	44218	2600	120	91	3809	0	8
December 18, 2009 10:02:00 AM UTC	1261159320000	0	0	yes	25.6	154.8	20506	20827	9252	6552	0	44239	2602	128	107	3814	0	9
December 18, 2009 10:03:00 AM UTC	1261159380000	0	0	yes	25.7	155.0	20506	20827	9247	6582	0	44214	2597	163	151	3810	0	3
December 18, 2009 10:04:00 AM UTC	1261159440000	0	0	yes	25.8	155.3	20506	20827	9241	6681	0	44121	2566	45	141	3815	0	2
December 18, 2009 10:05:00 AM UTC	1261159500000	0	0	yes	25.9	155.5	20506	20827	9250	6618	0	44175	2605	75	131	3817	0	3
December 18, 2009 10:06:00 AM UTC	1261159560000	0	0	yes	25.9	155.8	20506	20827	9241	6681	0	44121	2577	90	122	3816	0	4
December 18, 2009 10:07:00 AM UTC	1261159620000	0	0	yes	26.0	156.0	20506	20827	9254	6587	0	44202	2632	126	136	3818	0	7
December 18, 2009 10:08:00 AM UTC	1261159680000	0	0	yes	26.1	156.2	20506	20827	9240	6681	0	44122	2584	132	95	3823	0	9
December 18, 2009 10:09:00 AM UTC	1261159740000	0	0	yes	26.2	156.5	20506	20827	9241	6680	0	44122	2590	45	89	3818	0	8
December 18, 2009 10:10:00 AM UTC	1261159800000	0	0	yes	26.3	156.7	20506	20827	9245	6650	0	44148	2601	65	108	3827	0	7
December 18, 2009 10:11:00 AM UTC	1261159860000	0	0	yes	26.3	157.0	20506	20827	9245	6609	0	44189	2618	100	92	3820	0	4
December 18, 2009 10:12:00 AM UTC	1261159920000	0	0	yes	26.4	157.2	20506	20827	9256	6523	0	44264	2667	140	92	3824	0	4
December 18, 2009 10:13:00 AM UTC	1261159980000	0	0	yes	26.5	157.4	20506	20827	9250	6563	0	44230	2650	150	88	3824	0	2
December 18, 2009 10:14:00 AM UTC	1261160040000	0	0	yes	26.6	157.7	20506	20827	9244	6592	0	44207	2641	67	80	3828	0	7
December 18, 2009 10:15:00 AM UTC	1261160100000	0	0	yes	26.6	157.9	20506	20827	9244	6592	0	44207	2643	76	87	3826	0	4
December 18, 2009 10:16:00 AM UTC	1261160160000	0	0	yes	26.7	158.2	20506	20827	9247	6632	0	44164	2652	100	84	3828	0	3
December 18, 2009 10:17:00 AM UTC	1261160220000	0	0	yes	26.8	158.4	20506	20827	9247	6632	0	44164	2649	106	90	3832	0	2
December 18, 2009 10:18:00 AM UTC	1261160280000	0	0	yes	26.9	158.6	20506	20827	9249	6633	0	44161	2657	124	80	3828	0	1
December 18, 2009 10:19:00 AM UTC	1261160340000	0	0	yes	26.9	158.9	20506	20827	9238	6697	0	44108	2619	40	77	3829	0	2
December 18, 2009 10:20:00 AM UTC	1261160400000	0	0	yes	27.0	159.1	20506	20827	9251	6606	0	44186	2676	78	73	3830	0	2
December 18, 2009 10:21:00 AM UTC	1261160460000	0	0	yes	27.1	159.4	20506	20827	9249	6554	0	44240	2678	107	80	3835	0	4
December 18, 2009 10:22:00 AM UTC	1261160520000	0	0	yes	27.2	159.6	20506	20827	9239	6620	0	44184	2645	108	81	3834	0	2
December 18, 2009 10:23:00 AM UTC	1261160580000	0	0	yes	27.2	159.9	20506	20827	9253	6514	0	44276	2709	150	78	3834	0	3
December 18, 2009 10:24:00 AM UTC	1261160640000	0	0	yes	27.3	160.1	20506	20827	9243	6578	0	44222	2679	46	74	3835	0	1
December 18, 2009 10:25:00 AM UTC	1261160700000	0	0	yes	27.4	160.4	20506	20827	9243	6579	0	44221	2685	67	69	3838	0	1
December 18, 2009 10:26:00 AM UTC	1261160760000	0	0	yes	27.4	160.6	20506	20827	9243	6579	0	44221	2688	59	91	3839	0	2
December 18, 2009 10:27:00 AM UTC	1261160820000	0	0	yes	27.5	160.9	20506	20827	9246	6555	0	44242	2701	113	77	3842	0	7
December 18, 2009 10:28:00 AM UTC	1261160880000	0	0	yes	27.6	161.1	20506	20827	9254	6561	0	44228	2727	142	83	3840	0	2
December 18, 2009 10:29:00 AM UTC	1261160940000	0	0	yes	27.6	161.4	20506	20827	9243	6610	0	44190	2685	31	66	3843	0	0
December 18, 2009 10:30:00 AM UTC	1261161000000	0	0	yes	27.7	161.6	20506	20827	9246	6589	0	44208	2693	66	93	3847	0	0
December 18, 2009 10:31:00 AM UTC	1261161060000	0	0	yes	27.8	161.9	20506	20827	9246	6589	0	44208	2703	65	74	3842	0	0
December 18, 2009 10:32:00 AM UTC	1261161120000	0	0	yes	27.8	162.1	20506	20827	9246	6589	0	44208	2698	103	83	3849	0	2
December 18, 2009 10:33:00 AM UTC	1261161180000	0	0	yes	27.9	162.4	20506	20827	9246	6578	0	44219	2717	153	69	3844	0	0
December 18, 2009 10:34:00 AM UTC	1261161240000	0	0	yes	27.9	162.6	20506	20827	9250	6556	0	44237	2720	45	62	3852	0	0
December 18, 2009 10:35:00 AM UTC	1261161300000	0	0	yes	28.0	162.9	20506	20827	9250	6556	0	44237	2736	78	68	3848	0	0
December 18, 2009 10:36:00 AM UTC	1261161360000	0	0	yes	28.1	163.1	20506	20827	9240	6619	0	44184	2697	76	83	3850	0	0
December 18, 2009 10:37:00 AM UTC	1261161420000	0	0	yes	28.1	163.4	20506	20827	9250	6556	0	44237	2737	111	73	3856	0	0
December 18, 2009 10:38:00 AM UTC	1261161480000	0	0	yes	28.2	163.6	20506	20827	9250	6556	0	44237	2742	156	81	3850	0	0
December 18, 2009 10:39:00 AM UTC	1261161540000	0	0	yes	28.2	163.9	20506	20827	9241	6622	0	44180	2709	50	72	3852	0	0
December 18, 2009 10:40:00 AM UTC	1261161600000	0	0	yes	28.3	164.1	20506	20827	9249	6628	0	44166	2725	72	72	3861	0	0
December 18, 2009 10:41:00 AM UTC	1261161660000	0	0	yes	28.3	164.4	20506	20827	9239	6694	0	44110	2688	61	70	3861	0	0
December 18, 2009 10:42:00 AM UTC	1261161720000	0	0	yes	28.4	164.6	20506	20827	9242	6675	0	44126	2701	119	69	3857	0	0
December 18, 2009 10:43:00 AM UTC	1261161780000	0	0	yes	28.4	164.9	20506	20827	9252	6600	0	44191	2751	51	49	3859	0	0
December 18, 2009 10:44:00 AM UTC	1261161840000	0	0	yes	28.5	165.1	20506	20827	9242	6667	0	44134	2713	53	48	3860	0	0
December 18, 2009 10:45:00 AM UTC	1261161900000	0	0	yes	28.5	165.4	20506	20827	9242	6636	0	44165	2720	85	51	3863	0	0
December 18, 2009 10:46:00 AM UTC	1261161960000	0	0	yes	28.6	165.6	20506	20827	9245	6618	0	44180	2735	90	59	3860	0	0
December 18, 2009 10:47:00 AM UTC	1261162020000	0	0	yes	28.6	165.9	20506	20827	9245	6618	0	44180	2736	140	50	3865	0	0
December 18, 2009 10:48:00 AM UTC	1261162080000	0	0	yes	28.7	166.1	20506	20827	9245	6618	0	44180	2734	59	35	3868	0	0
December 18, 2009 10:49:00 AM UTC	1261162140000	0	0	yes	28.7	166.4	20506	20827	9245	6618	0	44180	2739	51	55	3870	0	0
December 18, 2009 10:50:00 AM UTC	1261162200000	0	0	yes	28.8	166.7	20506	20827	9246	6617	0	44180	2742	86	55	3869	0	0
December 18, 2009 10:51:00 AM UTC	1261162260000	0	0	yes	28.8	166.9	20506	20827	9245	6617	0	44181	2750	135	46	3870	0	0
December 18, 2009 10:52:00 AM UTC	1261162320000	0	0	yes	28.9	167.2	20506	20827	9245	6617	0	44181	2743	134	43	3875	0	0
December 18, 2009 10:53:00 AM UTC	1261162380000	0	0	yes	28.9	167.4	20506	20827	9245	6609	0	44189	2752	39	39	3873	0	0
December 18, 2009 10:54:00 AM UTC	1261162440000	0	0	yes	29.0	167.7	20506	20827	9247	6591	0	44205	2761	89	43	3874	0	0
December 18, 2009 10:55:00 AM UTC	1261162500000	0	0	yes	29.0	167.9	20506	20827	9247	6591	0	44205	2760	71	56	3879	0	0
December 18, 2009 10:56:00 AM UTC	1261162560000	0	0	yes	29.0	168.2	20506	20827	9247	6591	0	44205	2767	115	49	3883	0	0
December 18, 2009 10:57:00 AM UTC	1261162620000	0	0	yes	29.1	168.5	20506	20827	9237	6654	0	44152	2729	10	32	3878	0	0
December 18, 2009 10:58:00 AM UTC	1261162680000	0	0	yes	29.1	168.7	20506	20827	9246	6591	0	44206	2771	35	38	3879	0	0
December 18, 2009 10:59:00 AM UTC	1261162740000	0	0	yes	29.2	169.0	20506	20827	9249	6550	0	44244	2787	76	51	3884	0	0
December 18, 2009 11:00:00 AM UTC	1261162800000	0	0	yes	29.2	169.2	20506	20827	9241	6619	0	44183	2745	81	51	3881	0	0
December 18, 2009 11:01:00 AM UTC	1261162860000	0	0	yes	29.2	169.5	20506	20827	9249	6550	0	44244	2791	120	54	3876	0	0
December 18, 2009 11:02:00 AM UTC	1261162920000	0	0	yes	29.3	169.8	20506	20827	9249	6550	0	44244	2786	29	46	3889	0	0
December 18, 2009 11:03:00 AM UTC	1261162980000	0	0	yes	29.3	170.0	20506	20827	9239	6624	0	44180	2751	44	38	3879	0	0
December 18, 2009 11:04:00 AM UTC	1261163040000	0	0	yes	29.3	170.3	20506	20827	9251	6537	0	44255	2801	80	50	3889	0	0
December 18, 2009 11:05:00 AM UTC	1261163100000	0	0	yes	29.4	170.5	20506	20827	9252	6612	0	44179	2788	99	45	3885	0	0
December 18, 2009 11:06:00 AM UTC	1261163160000	0	0	yes	29.4	170.8	20506	20827	9241	6680	0	44122	2744	6	17	3886	0	0
December 18, 2009 11:07:00 AM UTC	1261163220000	0	0	yes	29.4	171.1	20506	20827	9250	6609	0	44184	2785	33	25	3890	0	0
December 18, 2009 11:08:00 AM UTC	1261163280000	0	0	yes	29.5	171.3	20506	20827	9251	6614	0	44178	2786	66	34	3892	0	0
December 18, 2009 11:09:00 AM UTC	1261163340000	0	0	yes	29.5	171.6	20506	20827	9243	6664	0	44136	2756	77	41	3894	0	0
December 18, 2009 11:10:00 AM UTC	1261163400000	0	0	yes	29.5	171.8	20506	20827	9244	6669	0	44130	2759	114	34	3891	0	0
December 18, 2009 11:11:00 AM UTC	1261163460000	0	0	yes	29.6	172.1	20506	20827	9254	6599	0	44190	2796	24	48	3894	0	1
December 18, 2009 11:12:00 AM UTC	1261163520000	0	0	yes	29.6	172.4	20506	20827	9244	6646	0	44153	2762	23	36	3896	0	1
December 18, 2009 11:13:00 AM UTC	1261163580000	0	0	yes	29.6	172.6	20506	20827	9245	6646	0	44152	2759	65	32	3899	0	1
December 18, 2009 11:14:00 AM UTC	1261163640000	0	0	yes	29.6	172.9	20506	20827	9256	6573	0	44214	2813	101	48	3900	0	1
December 18, 2009 11:15:00 AM UTC	1261163700000	0	0	yes	29.7	173.2	20506	20827	9247	6561	0	44235	2784	86	53	3899	0	0
December 18, 2009 11:16:00 AM UTC	1261163760000	0	0	yes	29.7	173.4	20506	20827	9248	6564	0	44231	2791	47	22	3897	0	0
December 18, 2009 11:17:00 AM UTC	1261163820000	0	0	yes	29.7	173.7	20506	20827	9259	6493	0	44291	2825	78	34	3899	0	1
December 18, 2009 11:18:00 AM UTC	1261163880000	0	0	yes	29.7	173.9	20506	20827	9248	6560	0	44235	2796	73	38	3898	0	1
December 18, 2009 11:19:00 AM UTC	1261163940000	0	0	yes	29.8	174.2	20506	20827	9247	6639	0	44157	2770	84	36	3898	0	1
December 18, 2009 11:20:00 AM UTC	1261164000000	0	0	yes	29.8	174.5	20506	20827	9256	6571	0	44216	2813	28	18	3903	0	0
December 18, 2009 11:21:00 AM UTC	1261164060000	0	0	yes	29.8	174.7	20506	20827	9248	6633	0	44162	2776	25	19	3900	0	0
December 18, 2009 11:22:00 AM UTC	1261164120000	0	0	yes	29.8	175.0	20506	20827	9247	6633	0	44163	2772	63	20	3906	0	0
December 18, 2009 11:23:00 AM UTC	1261164180000	0	0	yes	29.8	175.3	20506	20827	9246	6638	0	44159	2781	99	23	3900	0	0
December 18, 2009 11:24:00 AM UTC	1261164240000	0	0	yes	29.8	175.5	20506	20827	9247	6611	0	44185	2778	97	31	3906	0	0
December 18, 2009 11:25:00 AM UTC	1261164300000	0	0	yes	29.9	175.8	20506	20827	9248	6613	0	44182	2786	12	28	3904	0	0
December 18, 2009 11:26:00 AM UTC	1261164360000	0	0	yes	29.9	176.1	20506	20827	9247	6619	0	44177	2784	42	31	3905	0	0
December 18, 2009 11:27:00 AM UTC	1261164420000	0	0	yes	29.9	176.3	20506	20827	9247	6619	0	44177	2786	53	28	3908	0	0
December 18, 2009 11:28:00 AM UTC	1261164480000	0	0	yes	29.9	176.6	20506	20827	9247	6615	0	44181	2786	87	30	3905	0	0
December 18, 2009 11:29:00 AM UTC	1261164540000	0	0	yes	29.9	176.8	20506	20827	9246	6616	0	44181	2790	25	14	3908	0	0
December 18, 2009 11:30:00 AM UTC	1261164600000	0	0	yes	29.9	177.1	20506	20827	9246	6616	0	44181	2785	15	20	3910	0	0
December 18, 2009 11:31:00 AM UTC	1261164660000	0	0	yes	29.9	177.4	20506	20827	9247	6615	0	44181	2790	36	35	3907	0	0
December 18, 2009 11:32:00 AM UTC	1261164720000	0	0	yes	29.9	177.6	20506	20827	9248	6614	0	44181	2786	87	31	3909	0	0
December 18, 2009 11:33:00 AM UTC	1261164780000	0	0	yes	29.9	177.9	20506	20827	9260	6466	0	44317	2842	105	42	3915	0	2
December 18, 2009 11:34:00 AM UTC	1261164840000	0	0	yes	30.0	178.2	20506	20827	9249	6612	0	44182	2791	6	11	3908	0	0
December 18, 2009 11:35:00 AM UTC	1261164900000	0	0	yes	30.0	178.4	20506	20827	9250	6611	0	44182	2785	29	20	3909	0	0
December 18, 2009 11:36:00 AM UTC	1261164960000	0	0	yes	30.0	178.7	20506	20827	9250	6591	0	44202	2789	67	23	3915	0	0
December 18, 2009 11:37:00 AM UTC	1261165020000	0	0	yes	30.0	179.0	20506	20827	9250	6591	0	44202	2792	63	28	3911	0	0
December 18, 2009 11:38:00 AM UTC	1261165080000	0	0	yes	30.0	179.2	20506	20827	9249	6592	0	44202	2788	94	33	3915	0	0
December 18, 2009 11:39:00 AM UTC	1261165140000	0	0	yes	30.0	179.5	20506	20827	9249	6592	0	44202	2794	34	27	3908	0	0
December 18, 2009 11:40:00 AM UTC	1261165200000	0	0	yes	30.0	179.8	20506	20827	9249	6592	0	44202	2790	49	17	3909	0	0
December 18, 2009 11:41:00 AM UTC	1261165260000	0	0	yes	30.0	180.0	20506	20827	9249	6592	0	44202	2793	91	42	3916	0	0
December 18, 2009 11:42:00 AM UTC	1261165320000	0	0	yes	30.0	180.3	20506	20827	9249	6592	0	44202	2794	91	40	3912	0	0
December 18, 2009 11:43:00 AM UTC	1261165380000	0	0	yes	30.0	180.5	20506	20827	9249	6592	0	44202	2792	4	0	3911	0	0
December 18, 2009 11:44:00 AM UTC	1261165440000	0	0	yes	30.0	180.8	20506	20827	9249	6592	0	44202	2787	11	34	3916	0	0
December 18, 2009 11:45:00 AM UTC	1261165500000	0	0	yes	30.0	181.1	20506	20827	9250	6591	0	44202	2790	41	36	3911	0	0
December 18, 2009 11:46:00 AM UTC	1261165560000	0	0	yes	30.0	181.3	20506	20827	9250	6590	0	44203	2791	71	48	3913	0	0
December 18, 2009 11:47:00 AM UTC	1261165620000	0	0	yes	30.0	181.6	20506	20827	9250	6606	0	44187	2783	75	42	3915	0	0
December 18, 2009 11:48:00 AM UTC	1261165680000	0	0	yes	30.0	181.9	20506	20827	9249	6610	0	44184	2790	0	34	3908	0	0
December 18, 2009 11:49:00 AM UTC	1261165740000	0	0	yes	29.9	182.1	20506	20827	9248	6533	0	44262	2807	40	37	3914	0	0
December 18, 2009 11:50:00 AM UTC	1261165800000	0	0	yes	29.9	182.4	20506	20827	9248	6612	0	44183	2788	19	35	3907	0	0
December 18, 2009 11:51:00 AM UTC	1261165860000	0	0	yes	29.9	182.7	20506	20827	9247	6613	0	44183	2789	54	41	3909	0	0
December 18, 2009 11:52:00 AM UTC	1261165920000	0	0	yes	29.9	182.9	20506	20827	9246	6614	0	44183	2786	19	10	3909	0	0
December 18, 2009 11:53:00 AM UTC	1261165980000	0	0	yes	29.9	183.2	20506	20827	9246	6614	0	44183	2789	16	12	3905	0	0
December 18, 2009 11:54:00 AM UTC	1261166040000	0	0	yes	29.9	183.5	20506	20827	9247	6613	0	44183	2785	49	12	3906	0	0
December 18, 2009 11:55:00 AM UTC	1261166100000	0	0	yes	29.9	183.7	20506	20827	9247	6617	0	44179	2784	88	8	3906	0	0
December 18, 2009 11:56:00 AM UTC	1261166160000	0	0	yes	29.9	184.0	20506	20827	9247	6617	0	44179	2783	88	11	3904	0	1
December 18, 2009 11:57:00 AM UTC	1261166220000	0	0	yes	29.9	184.2	20506	20827	9247	6622	0	44174	2780	12	13	3906	0	0
December 18, 2009 11:58:00 AM UTC	1261166280000	0	0	yes	29.8	184.5	20506	20827	9247	6609	0	44187	2778	20	30	3905	0	0
December 18, 2009 11:59:00 AM UTC	1261166340000	0	0	yes	29.8	184.8	20506	20827	9258	6559	0	44226	2817	65	33	3899	0	0
December 18, 2009 12:00:00 PM UTC	1261166400000	0	0	yes	29.8	185.0	20506	20827	9247	6628	0	44168	2775	50	33	3904	0	0
December 18, 2009 12:01:00 PM UTC	1261166460000	0	0	yes	29.8	185.3	20506	20827	9248	6627	0	44168	2780	0	10	3898	0	0
December 18, 2009 12:02:00 PM UTC	1261166520000	0	0	yes	29.8	185.6	20506	20827	9256	6566	0	44221	2810	14	26	3905	0	0
December 18, 2009 12:03:00 PM UTC	1261166580000	0	0	yes	29.7	185.8	20506	20827	9247	6635	0	44161	2770	17	24	3899	0	0
December 18, 2009 12:04:00 PM UTC	1261166640000	0	0	yes	29.7	186.1	20506	20827	9248	6563	0	44232	2793	49	28	3898	0	0
December 18, 2009 12:05:00 PM UTC	1261166700000	0	0	yes	29.7	186.4	20506	20827	9259	6491	0	44293	2827	71	49	3897	0	0
December 18, 2009 12:06:00 PM UTC	1261166760000	0	0	yes	29.7	186.6	20506	20827	9248	6557	0	44238	2792	1	6	3896	0	0
December 18, 2009 12:07:00 PM UTC	1261166820000	0	0	yes	29.7	186.9	20506	20827	9247	6562	0	44234	2784	13	27	3899	0	0
December 18, 2009 12:08:00 PM UTC	1261166880000	0	0	yes	29.6	187.1	20506	20827	9255	6579	0	44209	2808	24	32	3897	0	0
December 18, 2009 12:09:00 PM UTC	1261166940000	0	0	yes	29.6	187.4	20506	20827	9245	6641	0	44157	2761	26	26	3896	0	0
December 18, 2009 12:10:00 PM UTC	1261167000000	0	0	yes	29.6	187.7	20506	20827	9244	6641	0	44158	2759	57	36	3894	0	0
December 18, 2009 12:11:00 PM UTC	1261167060000	0	0	yes	29.6	187.9	20506	20827	9254	6597	0	44192	2792	0	15	3894	0	0
December 18, 2009 12:12:00 PM UTC	1261167120000	0	0	yes	29.5	188.2	20506	20827	9253	6598	0	44192	2797	25	26	3893	0	0
December 18, 2009 12:13:00 PM UTC	1261167180000	0	0	yes	29.5	188.5	20506	20827	9242	6672	0	44129	2748	21	29	3898	0	0
December 18, 2009 12:14:00 PM UTC	1261167240000	0	0	yes	29.5	188.7	20506	20827	9251	6607	0	44185	2791	61	29	3886	0	0
December 18, 2009 12:15:00 PM UTC	1261167300000	0	0	yes	29.4	189.0	20506	20827	9250	6610	0	44183	2782	3	10	3889	0	0
December 18, 2009 12:16:00 PM UTC	1261167360000	0	0	yes	29.4	189.2	20506	20827	9241	6677	0	44125	2747	2	11	3885	0	0
December 18, 2009 12:17:00 PM UTC	1261167420000	0	0	yes	29.4	189.5	20506	20827	9252	6533	0	44258	2806	13	30	3884	0	0
December 18, 2009 12:18:00 PM UTC	1261167480000	0	0	yes	29.3	189.8	20506	20827	9251	6533	0	44259	2802	54	27	3888	0	0
December 18, 2009 12:19:00 PM UTC	1261167540000	0	0	yes	29.3	190.0	20506	20827	9240	6607	0	44196	2754	46	34	3881	0	0
December 18, 2009 12:20:00 PM UTC	1261167600000	0	0	yes	29.3	190.3	20506	20827	9249	6546	0	44248	2786	1	4	3890	0	0
December 18, 2009 12:21:00 PM UTC	1261167660000	0	0	yes	29.2	190.5	20506	20827	9249	6546	0	44248	2791	14	20	3879	0	0
December 18, 2009 12:22:00 PM UTC	1261167720000	0	0	yes	29.2	190.8	20506	20827	9241	6614	0	44188	2739	9	21	3878	0	0
December 18, 2009 12:23:00 PM UTC	1261167780000	0	0	yes	29.2	191.1	20506	20827	9249	6546	0	44248	2786	31	29	3888	0	0
December 18, 2009 12:24:00 PM UTC	1261167840000	0	0	yes	29.1	191.3	20506	20827	9246	6588	0	44209	2768	66	36	3882	0	0
December 18, 2009 12:25:00 PM UTC	1261167900000	0	0	yes	29.1	191.6	20506	20827	9236	6660	0	44147	2728	1	5	3872	0	0
December 18, 2009 12:26:00 PM UTC	1261167960000	0	0	yes	29.0	191.8	20506	20827	9247	6588	0	44208	2764	10	21	3879	0	0
December 18, 2009 12:27:00 PM UTC	1261168020000	0	0	yes	29.0	192.1	20506	20827	9247	6588	0	44208	2763	39	23	3881	0	0
December 18, 2009 12:28:00 PM UTC	1261168080000	0	0	yes	29.0	192.3	20506	20827	9236	6659	0	44148	2719	39	19	3877	0	0
December 18, 2009 12:29:00 PM UTC	1261168140000	0	0	yes	28.9	192.6	20506	20827	9245	6606	0	44192	2747	61	32	3875	0	0
December 18, 2009 12:30:00 PM UTC	1261168200000	0	0	yes	28.9	192.9	20506	20827	9245	6612	0	44186	2746	3	12	3872	0	0
December 18, 2009 12:31:00 PM UTC	1261168260000	0	0	yes	28.8	193.1	20506	20827	9257	6545	0	44241	2787	21	21	3872	0	0
December 18, 2009 12:32:00 PM UTC	1261168320000	0	0	yes	28.8	193.4	20506	20827	9246	6612	0	44185	2742	19	25	3871	0	0
December 18, 2009 12:33:00 PM UTC	1261168380000	0	0	yes	28.7	193.6	20506	20827	9245	6613	0	44185	2745	53	31	3866	0	0
December 18, 2009 12:34:00 PM UTC	1261168440000	0	0	yes	28.7	193.9	20506	20827	9256	6543	0	44244	2778	2	10	3863	0	0
December 18, 2009 12:35:00 PM UTC	1261168500000	0	0	yes	28.6	194.1	20506	20827	9245	6613	0	44185	2734	1	11	3868	0	0
December 18, 2009 12:36:00 PM UTC	1261168560000	0	0	yes	28.6	194.4	20506	20827	9245	6613	0	44185	2734	19	22	3862	0	0
December 18, 2009 12:37:00 PM UTC	1261168620000	0	0	yes	28.5	194.7	20506	20827	9252	6564	0	44227	2758	27	39	3864	0	0
December 18, 2009 12:38:00 PM UTC	1261168680000	0	0	yes	28.5	194.9	20506	20827	9242	6663	0	44138	2714	35	40	3859	0	0
December 18, 2009 12:39:00 PM UTC	1261168740000	0	0	yes	28.4	195.2	20506	20827	9252	6597	0	44194	2749	0	11	3861	0	0
December 18, 2009 12:40:00 PM UTC	1261168800000	0	0	yes	28.4	195.4	20506	20827	9252	6603	0	44188	2740	8	21	3856	0	0
December 18, 2009 12:41:00 PM UTC	1261168860000	0	0	yes	28.3	195.7	20506	20827	9239	6689	0	44115	2693	6	25	3854	0	0
December 18, 2009 12:42:00 PM UTC	1261168920000	0	0	yes	28.3	195.9	20506	20827	9249	6623	0	44171	2726	22	44	3859	0	0
December 18, 2009 12:43:00 PM UTC	1261168980000	0	0	yes	28.2	196.2	20506	20827	9250	6551	0	44242	2745	45	49	3851	0	0
December 18, 2009 12:44:00 PM UTC	1261169040000	0	0	yes	28.2	196.4	20506	20827	9240	6617	0	44186	2703	0	4	3852	0	0
December 18, 2009 12:45:00 PM UTC	1261169100000	0	0	yes	28.1	196.7	20506	20827	9250	6551	0	44242	2739	4	25	3854	0	0
December 18, 2009 12:46:00 PM UTC	1261169160000	0	0	yes	28.0	196.9	20506	20827	9240	6619	0	44184	2695	4	21	3848	0	0
December 18, 2009 12:47:00 PM UTC	1261169220000	0	0	yes	28.0	197.2	20506	20827	9250	6551	0	44242	2736	19	50	3846	0	0
December 18, 2009 12:48:00 PM UTC	1261169280000	0	0	yes	27.9	197.4	20506	20827	9250	6551	0	44242	2725	32	67	3850	0	0
December 18, 2009 12:49:00 PM UTC	1261169340000	0	0	yes	27.9	197.7	20506	20827	9238	6641	0	44164	2677	0	12	3850	0	0
December 18, 2009 12:50:00 PM UTC	1261169400000	0	0	yes	27.8	197.9	20506	20827	9246	6584	0	44213	2696	4	16	3847	0	0
December 18, 2009 12:51:00 PM UTC	1261169460000	0	0	yes	27.7	198.2	20506	20827	9246	6584	0	44213	2704	9	52	3840	0	0
December 18, 2009 12:52:00 PM UTC	1261169520000	0	0	yes	27.7	198.4	20506	20827	9246	6584	0	44213	2691	11	42	3845	0	0
December 18, 2009 12:53:00 PM UTC	1261169580000	0	0	yes	27.6	198.7	20506	20827	9243	6608	0	44192	2686	27	51	3838	0	0
December 18, 2009 12:54:00 PM UTC	1261169640000	0	0	yes	27.5	198.9	20506	20827	9254	6556	0	44233	2724	2	36	3840	0	0
December 18, 2009 12:55:00 PM UTC	1261169700000	0	0	yes	27.5	199.2	20506	20827	9246	6550	0	44247	2702	1	30	3845	0	0
December 18, 2009 12:56:00 PM UTC	1261169760000	0	0	yes	27.4	199.4	20506	20827	9243	6573	0	44227	2685	8	41	3838	0	0
December 18, 2009 12:57:00 PM UTC	1261169820000	0	0	yes	27.4	199.7	20506	20827	9253	6509	0	44281	2715	31	59	3841	0	0
December 18, 2009 12:58:00 PM UTC	1261169880000	0	0	yes	27.3	199.9	20506	20827	9243	6576	0	44224	2673	31	59	3837	0	0
December 18, 2009 12:59:00 PM UTC	1261169940000	0	0	yes	27.2	200.2	20506	20827	9253	6509	0	44281	2708	0	17	3835	0	0
December 18, 2009 1:00:00 PM UTC	1261170000000	0	0	yes	27.1	200.4	20506	20827	9239	6611	0	44193	2653	0	22	3826	0	0
December 18, 2009 1:01:00 PM UTC	1261170060000	0	0	yes	27.1	200.7	20506	20827	9239	6612	0	44192	2645	3	45	3831	0	0
December 18, 2009 1:02:00 PM UTC	1261170120000	0	0	yes	27.0	200.9	20506	20827	9251	6601	0	44191	2672	13	53	3832	0	0
December 18, 2009 1:03:00 PM UTC	1261170180000	0	0	yes	26.9	201.1	20506	20827	9238	6692	0	44113	2619	11	45	3832	0	0
December 18, 2009 1:04:00 PM UTC	1261170240000	0	0	yes	26.9	201.4	20506	20827	9249	6627	0	44167	2659	32	68	3827	0	0
December 18, 2009 1:05:00 PM UTC	1261170300000	0	0	yes	26.8	201.6	20506	20827	9247	6628	0	44168	2649	4	33	3832	0	0
December 18, 2009 1:06:00 PM UTC	1261170360000	0	0	yes	26.7	201.9	20506	20827	9243	6656	0	44144	2638	5	50	3826	0	0
December 18, 2009 1:07:00 PM UTC	1261170420000	0	0	yes	26.6	202.1	20506	20827	9244	6586	0	44213	2635	12	59	3833	0	0
December 18, 2009 1:08:00 PM UTC	1261170480000	0	0	yes	26.6	202.4	20506	20827	9249	6559	0	44235	2655	11	63	3824	0	0
December 18, 2009 1:09:00 PM UTC	1261170540000	0	0	yes	26.5	202.6	20506	20827	9250	6558	0	44235	2648	28	75	3825	0	1
December 18, 2009 1:10:00 PM UTC	1261170600000	0	0	yes	26.4	202.8	20506	20827	9246	6592	0	44205	2627	0	52	3823	0	0
December 18, 2009 1:11:00 PM UTC	1261170660000	0	0	yes	26.3	203.1	20506	20827	9246	6602	0	44195	2617	0	45	3823	0	0
December 18, 2009 1:12:00 PM UTC	1261170720000	0	0	yes	26.2	203.3	20506	20827	9245	6648	0	44150	2606	7	47	3819	0	0
December 18, 2009 1:13:00 PM UTC	1261170780000	0	0	yes	26.2	203.6	20506	20827	9250	6609	0	44184	2624	14	80	3819	0	0
December 18, 2009 1:14:00 PM UTC	1261170840000	0	0	yes	26.1	203.8	20506	20827	9240	6675	0	44128	2583	7	83	3824	0	0
December 18, 2009 1:15:00 PM UTC	1261170900000	0	0	yes	26.0	204.0	20506	20827	9254	6586	0	44203	2628	0	31	3818	0	0
December 18, 2009 1:16:00 PM UTC	1261170960000	0	0	yes	25.9	204.3	20506	20827	9241	6675	0	44127	2577	0	33	3817	0	0
December 18, 2009 1:17:00 PM UTC	1261171020000	0	0	yes	25.8	204.5	20506	20827	9250	6612	0	44181	2603	4	43	3817	0	0
December 18, 2009 1:18:00 PM UTC	1261171080000	0	0	yes	25.8	204.7	20506	20827	9252	6612	0	44179	2601	8	39	3813	0	0
December 18, 2009 1:19:00 PM UTC	1261171140000	0	0	yes	25.7	205.0	20506	20827	9247	6575	0	44221	2594	17	50	3815	0	0
December 18, 2009 1:20:00 PM UTC	1261171200000	0	0	yes	25.6	205.2	20506	20827	9252	6545	0	44246	2600	0	26	3813	0	0
December 18, 2009 1:21:00 PM UTC	1261171260000	0	0	yes	25.5	205.5	20506	20827	9252	6568	0	44223	2601	0	27	3810	0	0
December 18, 2009 1:22:00 PM UTC	1261171320000	0	0	yes	25.4	205.7	20506	20827	9248	6598	0	44197	2570	2	27	3814	0	0
December 18, 2009 1:23:00 PM UTC	1261171380000	0	0	yes	25.3	205.9	20506	20827	9248	6598	0	44197	2573	2	32	3805	0	0
December 18, 2009 1:24:00 PM UTC	1261171440000	0	0	yes	25.2	206.2	20506	20827	9248	6598	0	44197	2555	10	42	3814	0	0
December 18, 2009 1:25:00 PM UTC	1261171500000	0	0	yes	25.2	206.4	20506	20827	9253	6570	0	44220	2573	26	43	3810	0	0
December 18, 2009 1:26:00 PM UTC	1261171560000	0	0	yes	25.1	206.6	20506	20827	9248	6598	0	44197	2549	4	31	3810	0	0
December 18, 2009 1:27:00 PM UTC	1261171620000	0	0	yes	25.0	206.9	20506	20827	9249	6597	0	44197	2545	7	32	3808	0	0
December 18, 2009 1:28:00 PM UTC	1261171680000	0	0	yes	24.9	207.1	20506	20827	9244	6629	0	44170	2521	5	33	3805	0	1
December 18, 2009 1:29:00 PM UTC	1261171740000	0	0	yes	24.8	207.3	20506	20827	9244	6627	0	44172	2513	4	50	3812	0	0
December 18, 2009 1:30:00 PM UTC	1261171800000	0	0	yes	24.7	207.6	20506	20827	9254	6501	0	44288	2565	26	97	3804	0	1
December 18, 2009 1:31:00 PM UTC	1261171860000	0	0	yes	24.6	207.8	20506	20827	9245	6563	0	44235	2518	1	34	3812	0	0
December 18, 2009 1:32:00 PM UTC	1261171920000	0	0	yes	24.5	208.0	20506	20827	9251	6576	0	44216	2539	3	41	3804	0	0
December 18, 2009 1:33:00 PM UTC	1261171980000	0	0	yes	24.4	208.2	20506	20827	9251	6576	0	44216	2519	2	68	3814	0	0
December 18, 2009 1:34:00 PM UTC	1261172040000	0	0	yes	24.3	208.5	20506	20827	9247	6610	0	44186	2500	4	57	3814	0	1
December 18, 2009 1:35:00 PM UTC	1261172100000	0	0	yes	24.2	208.7	20506	20827	9247	6610	0	44186	2491	17	113	3808	0	0
December 18, 2009 1:36:00 PM UTC	1261172160000	0	0	yes	24.1	208.9	20506	20827	9253	6576	0	44214	2504	24	136	3806	0	0
December 18, 2009 1:37:00 PM UTC	1261172220000	0	0	yes	24.0	209.2	20506	20827	9256	6551	0	44236	2515	5	22	3802	0	0
December 18, 2009 1:38:00 PM UTC	1261172280000	0	0	yes	23.9	209.4	20506	20827	9247	6611	0	44185	2477	2	110	3806	0	1
December 18, 2009 1:39:00 PM UTC	1261172340000	0	0	yes	23.8	209.6	20506	20827	9256	6551	0	44236	2502	4	112	3808	0	0
December 18, 2009 1:40:00 PM UTC	1261172400000	0	0	yes	23.7	209.8	20506	20827	9248	6610	0	44185	2464	9	77	3807	0	0
December 18, 2009 1:41:00 PM UTC	1261172460000	0	0	yes	23.6	210.1	20506	20827	9256	6549	0	44238	2487	25	124	3811	0	0
December 18, 2009 1:42:00 PM UTC	1261172520000	0	0	yes	23.5	210.3	20506	20827	9248	6547	0	44248	2459	0	91	3813	0	0
December 18, 2009 1:43:00 PM UTC	1261172580000	0	0	yes	23.4	210.5	20506	20827	9252	6552	0	44239	2459	0	91	3809	0	0
December 18, 2009 1:44:00 PM UTC	1261172640000	0	0	yes	23.3	210.7	20506	20827	9243	6612	0	44188	2423	1	35	3815	0	0
December 18, 2009 1:45:00 PM UTC	1261172700000	0	0	yes	23.2	211.0	20506	20827	9257	6515	0	44271	2471	3	78	3812	0	0
December 18, 2009 1:46:00 PM UTC	1261172760000	0	0	yes	23.1	211.2	20506	20827	9242	6611	1	44189	2410	0	65	3816	0	0
December 18, 2009 1:47:00 PM UTC	1261172820000	0	0	yes	23.0	211.4	20506	20827	9252	6553	3	44235	2437	0	43	3812	0	0
December 18, 2009 1:48:00 PM UTC	1261172880000	0	0	yes	22.9	211.6	20506	20827	9243	6612	5	44183	2399	0	16	3814	0	4
December 18, 2009 1:49:00 PM UTC	1261172940000	0	0	yes	22.8	211.8	20506	20827	9252	6553	15	44223	2417	0	43	3815	0	1
December 18, 2009 1:50:00 PM UTC	1261173000000	0	0	yes	22.7	212.1	20506	20827	9260	6495	22	44266	2439	1	54	3820	0	5
December 18, 2009 1:51:00 PM UTC	1261173060000	0	0	yes	22.6	212.3	20506	20827	9245	6592	19	44187	2383	3	23	3821	0	4
December 18, 2009 1:52:00 PM UTC	1261173120000	0	0	yes	22.5	212.5	20506	20827	9255	6534	31	44223	2408	9	37	3816	0	8
December 18, 2009 1:53:00 PM UTC	1261173180000	0	0	yes	22.4	212.7	20506	20827	9245	6611	33	44154	2365	0	17	3822	0	1
December 18, 2009 1:54:00 PM UTC	1261173240000	0	0	yes	22.3	212.9	20506	20827	9255	6503	49	44236	2398	0	17	3819	0	0
December 18, 2009 1:55:00 PM UTC	1261173300000	0	0	yes	22.2	213.2	20506	20827	9246	6560	47	44190	2355	0	21	3829	0	0
December 18, 2009 1:56:00 PM UTC	1261173360000	0	0	yes	22.1	213.4	20506	20827	9255	6503	61	44224	2378	1	21	3827	0	5
December 18, 2009 1:57:00 PM UTC	1261173420000	0	0	yes	21.9	213.6	20506	20827	9240	6606	57	44140	2325	0	26	3830	0	2
December 18, 2009 1:58:00 PM UTC	1261173480000	0	0	yes	21.8	213.8	20506	20827	9255	6549	75	44164	2361	6	109	3827	0	3
December 18, 2009 1:59:00 PM UTC	1261173540000	0	0	yes	21.7	214.0	20506	20827	9255	6549	84	44155	2355	0	15	3836	0	4
December 18, 2009 2:00:00 PM UTC	1261173600000	0	0	yes	21.6	214.2	20506	20827	9247	6596	83	44117	2322	0	9	3832	0	1
December 18, 2009 2:01:00 PM UTC	1261173660000	0	0	yes	21.5	214.5	20506	20827	9247	6596	92	44108	2310	0	20	3841	0	0
December 18, 2009 2:02:00 PM UTC	1261173720000	0	0	yes	21.4	214.7	20506	20827	9247	6596	99	44101	2306	2	91	3845	0	6
December 18, 2009 2:03:00 PM UTC	1261173780000	0	0	yes	21.3	214.9	20506	20827	9247	6596	106	44094	2297	2	10	3834	0	2
December 18, 2009 2:04:00 PM UTC	1261173840000	0	0	yes	21.1	215.1	20506	20827	9255	6541	123	44124	2318	11	78	3859	0	2
December 18, 2009 2:05:00 PM UTC	1261173900000	0	0	yes	21.0	215.3	20506	20827	9239	6674	117	44013	2256	0	60	3844	0	2
December 18, 2009 2:06:00 PM UTC	1261173960000	0	0	yes	20.9	215.5	20506	20827	9256	6519	139	44129	2303	0	76	3852	0	2
December 18, 2009 2:07:00 PM UTC	1261174020000	0	0	yes	20.8	215.7	20506	20827	9247	6590	133	44073	2262	0	94	3860	0	2
December 18, 2009 2:08:00 PM UTC	1261174080000	0	0	yes	20.7	215.9	20506	20827	9250	6561	141	44091	2265	1	56	3851	0	5
December 18, 2009 2:09:00 PM UTC	1261174140000	0	0	yes	20.6	216.2	20506	20827	9250	6561	152	44080	2260	0	98	3859	0	12
December 18, 2009 2:10:00 PM UTC	1261174200000	0	0	yes	20.4	216.4	20506	20827	9254	6520	159	44110	2271	6	97	3860	0	2
December 18, 2009 2:11:00 PM UTC	1261174260000	0	0	yes	20.3	216.6	20506	20827	9249	6562	158	44074	2239	0	80	3869	0	1
December 18, 2009 2:12:00 PM UTC	1261174320000	0	0	yes	20.2	216.8	20506	20827	9250	6562	162	44069	2228	0	61	3871	0	4
December 18, 2009 2:13:00 PM UTC	1261174380000	0	0	yes	20.1	217.0	20506	20827	9244	6599	166	44034	2201	2	74	3878	0	7
December 18, 2009 2:14:00 PM UTC	1261174440000	0	0	yes	20.0	217.2	20506	20827	9258	6507	184	44094	2236	2	103	3881	0	4
December 18, 2009 2:15:00 PM UTC	1261174500000	0	0	yes	19.8	217.4	20506	20827	9250	6562	179	44052	2202	0	109	3877	0	5
December 18, 2009 2:16:00 PM UTC	1261174560000	0	0	yes	19.7	217.6	20506	20827	9253	6540	189	44061	2196	11	56	3885	0	10
December 18, 2009 2:17:00 PM UTC	1261174620000	0	0	yes	19.6	217.8	20506	20827	9244	6639	185	43975	2155	4	93	3884	0	18
December 18, 2009 2:18:00 PM UTC	1261174680000	0	0	yes	19.5	218.0	20506	20827	9251	6542	195	44055	2172	5	49	3894	0	5
December 18, 2009 2:19:00 PM UTC	1261174740000	0	0	yes	19.4	218.2	20506	20827	9253	6532	206	44052	2170	0	85	3897	0	21
December 18, 2009 2:20:00 PM UTC	1261174800000	0	0	yes	19.2	218.4	20506	20827	9244	6587	197	44015	2141	0	92	3897	0	19
December 18, 2009 2:21:00 PM UTC	1261174860000	0	0	yes	19.1	218.6	20506	20827	9254	6532	219	44038	2154	3	70	3902	0	27
December 18, 2009 2:22:00 PM UTC	1261174920000	0	0	yes	19.0	218.8	20506	20827	9254	6532	222	44035	2142	3	61	3908	0	29
December 18, 2009 2:23:00 PM UTC	1261174980000	0	0	yes	18.8	219.0	20506	20827	9254	6532	229	44028	2131	0	102	3913	0	28
December 18, 2009 2:24:00 PM UTC	1261175040000	0	0	yes	18.7	219.2	20506	20827	9247	6577	233	43986	2103	0	96	3914	0	23
December 18, 2009 2:25:00 PM UTC	1261175100000	0	0	yes	18.6	219.4	20506	20827	9253	6532	240	44018	2113	2	83	3921	0	32
December 18, 2009 2:26:00 PM UTC	1261175160000	0	0	yes	18.5	219.6	20506	20827	9253	6532	247	44011	2103	2	75	3919	0	36
December 18, 2009 2:27:00 PM UTC	1261175220000	0	0	yes	18.3	219.8	20506	20827	9253	6528	256	44006	2097	1	56	3929	0	39
December 18, 2009 2:28:00 PM UTC	1261175280000	0	0	yes	18.2	220.0	20506	20827	9245	6584	255	43959	2061	3	106	3936	0	32
December 18, 2009 2:29:00 PM UTC	1261175340000	0	0	yes	18.1	220.2	20506	20827	9246	6573	264	43960	2051	6	150	3943	0	28
December 18, 2009 2:30:00 PM UTC	1261175400000	0	0	yes	18.0	220.4	20506	20827	9253	6510	277	44003	2071	0	48	3942	0	47
December 18, 2009 2:31:00 PM UTC	1261175460000	0	0	yes	17.8	220.6	20506	20827	9244	6562	270	43967	2039	0	105	3948	0	56
December 18, 2009 2:32:00 PM UTC	1261175520000	0	0	yes	17.7	220.8	20506	20827	9246	6557	276	43964	2027	0	86	3955	0	47
December 18, 2009 2:33:00 PM UTC	1261175580000	0	0	yes	17.6	221.0	20506	20827	9253	6510	285	43995	2036	0	62	3962	0	49
December 18, 2009 2:34:00 PM UTC	1261175640000	0	0	yes	17.4	221.2	20506	20827	9253	6510	289	43991	2027	0	104	3967	0	49
December 18, 2009 2:35:00 PM UTC	1261175700000	0	0	yes	17.3	221.4	20506	20827	9246	6561	287	43949	1997	0	97	3969	0	112
December 18, 2009 2:36:00 PM UTC	1261175760000	0	0	yes	17.2	221.6	20506	20827	9259	6463	306	44015	2031	4	59	3974	0	58
December 18, 2009 2:37:00 PM UTC	1261175820000	0	0	yes	17.0	221.8	20506	20827	9244	6619	291	43889	1973	3	100	3981	0	47
December 18, 2009 2:38:00 PM UTC	1261175880000	0	0	yes	16.9	222.0	20506	20827	9244	6619	298	43882	1956	0	106	3995	0	88
December 18, 2009 2:39:00 PM UTC	1261175940000	0	0	yes	16.8	222.2	20506	20827	9251	6568	309	43915	1969	2	180	3998	0	10
December 18, 2009 2:40:00 PM UTC	1261176000000	0	0	yes	16.6	222.4	20506	20827	9245	6618	304	43876	1939	7	110	3998	0	11
December 18, 2009 2:41:00 PM UTC	1261176060000	0	0	yes	16.5	222.6	20506	20827	9253	6568	316	43906	1944	7	101	4010	0	33
December 18, 2009 2:42:00 PM UTC	1261176120000	0	0	yes	16.4	222.8	20506	20827	9253	6559	319	43912	1941	0	79	4015	0	7
December 18, 2009 2:43:00 PM UTC	1261176180000	0	0	yes	16.2	223.0	20506	20827	9245	6608	315	43875	1901	0	42	4027	0	37
December 18, 2009 2:44:00 PM UTC	1261176240000	0	0	yes	16.1	223.2	20506	20827	9253	6559	331	43900	1919	0	49	4028	0	54
December 18, 2009 2:45:00 PM UTC	1261176300000	0	0	yes	15.9	223.4	20506	20827	9245	6609	319	43870	1884	0	82	4034	0	92
December 18, 2009 2:46:00 PM UTC	1261176360000	0	0	yes	15.8	223.5	20506	20827	9245	6609	328	43861	1874	0	50	4046	0	119
December 18, 2009 2:47:00 PM UTC	1261176420000	0	0	yes	15.7	223.7	20506	20827	9253	6507	341	43942	1888	1	93	4054	0	93
December 18, 2009 2:48:00 PM UTC	1261176480000	0	1	yes	15.5	223.9	20506	20827	9245	6609	336	43853	1848	2	101	4064	0	137
December 18, 2009 2:49:00 PM UTC	1261176540000	0	1	yes	15.4	224.1	20506	20827	9245	6609	342	43847	1839	0	136	4066	0	95
December 18, 2009 2:50:00 PM UTC	1261176600000	0	1	yes	15.2	224.3	20506	20827	9253	6559	354	43877	1858	1	133	4075	0	94
December 18, 2009 2:51:00 PM UTC	1261176660000	0	1	yes	15.1	224.5	20506	20827	9253	6560	362	43868	1837	1	186	4088	0	106
December 18, 2009 2:52:00 PM UTC	1261176720000	0	1	yes	15.0	224.7	20506	20827	9244	6609	353	43837	1806	0	181	4095	0	164
December 18, 2009 2:53:00 PM UTC	1261176780000	0	1	yes	14.8	224.9	20506	20827	9236	6659	351	43797	1779	2	209	4101	0	143
December 18, 2009 2:54:00 PM UTC	1261176840000	0	1	yes	14.7	225.1	20506	20827	9252	6560	367	43864	1803	4	303	4113	0	111
December 18, 2009 2:55:00 PM UTC	1261176900000	0	1	yes	14.5	225.2	20506	20827	9252	6548	372	43871	1789	7	348	4121	0	134
December 18, 2009 2:56:00 PM UTC	1261176960000	0	1	yes	14.4	225.4	20506	20827	9244	6600	368	43831	1752	6	441	4135	0	97
December 18, 2009 2:57:00 PM UTC	1261177020000	0	1	yes	14.3	225.6	20506	20827	9251	6549	380	43863	1766	5	422	4141	0	53
December 18, 2009 2:58:00 PM UTC	1261177080000	0	1	yes	14.1	225.8	20506	20827	9251	6549	382	43861	1756	6	385	4152	0	63
December 18, 2009 2:59:00 PM UTC	1261177140000	0	1	yes	14.0	226.0	20506	20827	9244	6600	374	43825	1725	3	410	4157	0	68
December 18, 2009 3:00:00 PM UTC	1261177200000	0	1	yes	13.8	226.2	20506	20827	9244	6600	382	43817	1707	5	418	4173	0	99
December 18, 2009 3:01:00 PM UTC	1261177260000	0	1	yes	13.7	226.3	20506	20827	9251	6553	390	43849	1718	28	463	4181	0	107
December 18, 2009 3:02:00 PM UTC	1261177320000	0	2	yes	13.5	226.5	20506	20827	9251	6553	394	43845	1708	18	578	4191	0	192
December 18, 2009 3:03:00 PM UTC	1261177380000	0	2	yes	13.4	226.7	20506	20827	9244	6600	387	43812	1678	15	565	4200	0	161
December 18, 2009 3:04:00 PM UTC	1261177440000	0	2	yes	13.2	226.9	20506	20827	9251	6553	399	43840	1684	8	487	4214	0	205
December 18, 2009 3:05:00 PM UTC	1261177500000	0	1	yes	13.1	227.1	20506	20827	9251	6553	403	43836	1668	2	331	4229	0	260
December 18, 2009 3:06:00 PM UTC	1261177560000	0	1	yes	12.9	227.3	20506	20827	9243	6600	398	43802	1640	5	315	4237	0	291
December 18, 2009 3:07:00 PM UTC	1261177620000	0	1	yes	12.8	227.4	20506	20827	9243	6552	401	43847	1630	7	247	4248	0	307
December 18, 2009 3:08:00 PM UTC	1261177680000	0	2	yes	12.7	227.6	20506	20827	9251	6450	409	43933	1644	15	470	4263	0	274
December 18, 2009 3:09:00 PM UTC	1261177740000	0	2	yes	12.5	227.8	20506	20827	9244	6545	405	43849	1603	39	474	4278	0	253
December 18, 2009 3:10:00 PM UTC	1261177800000	0	2	yes	12.4	228.0	20506	20827	9243	6552	407	43841	1597	49	433	4282	0	233
December 18, 2009 3:11:00 PM UTC	1261177860000	0	1	yes	12.2	228.1	20506	20827	9251	6499	418	43875	1606	55	370	4292	6	207
December 18, 2009 3:12:00 PM UTC	1261177920000	0	1	yes	12.1	228.3	20506	20827	9250	6507	420	43866	1587	12	322	4308	7	191
December 18, 2009 3:13:00 PM UTC	1261177980000	0	1	yes	11.9	228.5	20506	20827	9250	6507	424	43862	1573	89	205	4322	0	257
December 18, 2009 3:14:00 PM UTC	1261178040000	0	1	yes	11.8	228.7	20506	20827	9243	6552	417	43831	1544	37	268	4334	0	260
December 18, 2009 3:15:00 PM UTC	1261178100000	0	1	yes	11.6	228.9	20506	20827	9249	6508	423	43863	1550	90	304	4344	9	304
December 18, 2009 3:16:00 PM UTC	1261178160000	0	2	yes	11.5	229.0	20506	20827	9249	6508	428	43858	1535	63	445	4359	0	356
December 18, 2009 3:17:00 PM UTC	1261178220000	0	2	yes	11.3	229.2	20506	20827	9249	6508	430	43856	1522	80	450	4371	17	370
December 18, 2009 3:18:00 PM UTC	1261178280000	0	2	yes	11.1	229.4	20506	20827	9249	6508	431	43855	1508	58	453	4386	8	380
December 18, 2009 3:19:00 PM UTC	1261178340000	0	2	yes	11.0	229.6	20506	20827	9249	6508	432	43854	1499	28	572	4391	0	378
December 18, 2009 3:20:00 PM UTC	1261178400000	0	2	yes	10.8	229.7	20506	20827	9240	6562	421	43820	1466	53	598	4410	2	460
December 18, 2009 3:21:00 PM UTC	1261178460000	0	3	yes	10.7	229.9	20506	20827	9255	6463	441	43884	1486	65	580	4425	6	542
December 18, 2009 3:22:00 PM UTC	1261178520000	0	3	yes	10.5	230.1	20506	20827	9249	6464	438	43892	1467	59	600	4432	5	539
December 18, 2009 3:23:00 PM UTC	1261178580000	0	3	yes	10.4	230.3	20506	20827	9241	6521	430	43851	1437	57	660	4442	112	496
December 18, 2009 3:24:00 PM UTC	1261178640000	1	3	yes	10.2	230.4	20506	20827	9246	6525	439	43833	1430	110	678	4457	76	519
December 18, 2009 3:25:00 PM UTC	1261178700000	1	2	yes	10.1	230.6	20506	20827	9256	6466	444	43877	1432	272	548	4479	164	377
December 18, 2009 3:26:00 PM UTC	1261178760000	1	2	yes	9.9	230.8	20506	20827	9241	6564	438	43800	1394	308	501	4481	75	465
December 18, 2009 3:27:00 PM UTC	1261178820000	1	2	yes	9.8	230.9	20506	20827	9247	6525	442	43829	1389	265	583	4500	100	380
December 18, 2009 3:28:00 PM UTC	1261178880000	1	2	yes	9.6	231.1	20506	20827	9247	6525	439	43832	1379	231	624	4510	85	336
December 18, 2009 3:29:00 PM UTC	1261178940000	1	2	yes	9.5	231.3	20506	20827	9247	6525	443	43828	1361	224	623	4529	46	390
December 18, 2009 3:30:00 PM UTC	1261179000000	1	2	yes	9.3	231.5	20506	20827	9247	6525	447	43824	1351	340	541	4537	41	413
December 18, 2009 3:31:00 PM UTC	1261179060000	1	2	yes	9.1	231.6	20506	20827	9248	6524	452	43819	1343	215	630	4547	9	422
December 18, 2009 3:32:00 PM UTC	1261179120000	1	2	yes	9.0	231.8	20506	20827	9248	6524	454	43817	1325	217	593	4566	0	416
December 18, 2009 3:33:00 PM UTC	1261179180000	1	2	yes	8.8	232.0	20506	20827	9255	6482	459	43847	1326	194	545	4583	0	406
December 18, 2009 3:34:00 PM UTC	1261179240000	0	2	yes	8.7	232.1	20506	20827	9245	6554	456	43788	1292	155	593	4592	0	309
December 18, 2009 3:35:00 PM UTC	1261179300000	1	2	yes	8.5	232.3	20506	20827	9247	6524	452	43820	1287	173	504	4603	0	318
December 18, 2009 3:36:00 PM UTC	1261179360000	1	2	yes	8.3	232.5	20506	20827	9247	6500	453	43843	1265	210	435	4626	1	380
December 18, 2009 3:37:00 PM UTC	1261179420000	1	2	yes	8.2	232.6	20506	20827	9247	6500	454	43842	1260	193	404	4633	0	343
December 18, 2009 3:38:00 PM UTC	1261179480000	1	2	yes	8.0	232.8	20506	20827	9255	6442	467	43879	1267	202	438	4644	1	286
December 18, 2009 3:39:00 PM UTC	1261179540000	0	1	yes	7.9	233.0	20506	20827	9238	6597	457	43751	1216	97	409	4654	4	245
December 18, 2009 3:40:00 PM UTC	1261179600000	1	1	yes	7.7	233.1	20506	20827	9245	6556	465	43777	1214	154	313	4671	4	254
December 18, 2009 3:41:00 PM UTC	1261179660000	1	1	yes	7.5	233.3	20506	20827	9254	6498	473	43818	1219	159	304	4685	9	288
December 18, 2009 3:42:00 PM UTC	1261179720000	0	2	yes	7.4	233.5	20506	20827	9246	6556	461	43780	1188	78	360	4695	6	304
December 18, 2009 3:43:00 PM UTC	1261179780000	0	2	yes	7.2	233.6	20506	20827	9252	6514	468	43809	1184	47	419	4714	0	451
December 18, 2009 3:44:00 PM UTC	1261179840000	0	1	yes	7.1	233.8	20506	20827	9246	6556	464	43777	1163	36	320	4724	0	308
December 18, 2009 3:45:00 PM UTC	1261179900000	0	1	yes	6.9	233.9	20506	20827	9245	6556	464	43778	1151	19	272	4733	0	233
December 18, 2009 3:46:00 PM UTC	1261179960000	0	1	yes	6.7	234.1	20506	20827	9251	6517	470	43805	1145	19	212	4741	0	191
December 18, 2009 3:47:00 PM UTC	1261180020000	0	1	yes	6.6	234.3	20506	20827	9243	6573	464	43763	1116	27	151	4760	7	304
December 18, 2009 3:48:00 PM UTC	1261180080000	0	1	yes	6.4	234.4	20506	20827	9251	6512	474	43806	1121	38	118	4786	0	360
December 18, 2009 3:49:00 PM UTC	1261180140000	0	1	yes	6.2	234.6	20506	20827	9245	6555	469	43774	1099	30	110	4775	6	386
December 18, 2009 3:50:00 PM UTC	1261180200000	0	1	yes	6.1	234.8	20506	20827	9242	6541	467	43793	1079	31	75	4804	9	380
December 18, 2009 3:51:00 PM UTC	1261180260000	0	2	yes	5.9	234.9	20506	20827	9251	6482	477	43833	1086	33	148	4832	21	511
December 18, 2009 3:52:00 PM UTC	1261180320000	0	2	yes	5.8	235.1	20506	20827	9251	6482	487	43823	1071	42	303	4823	10	658
December 18, 2009 3:53:00 PM UTC	1261180380000	0	2	yes	5.6	235.2	20506	20827	9252	6480	496	43815	1059	59	302	4844	43	589
December 18, 2009 3:54:00 PM UTC	1261180440000	0	2	yes	5.4	235.4	20506	20827	9246	6480	491	43826	1030	86	267	4864	44	622
December 18, 2009 3:55:00 PM UTC	1261180500000	0	2	yes	5.3	235.6	20506	20827	9252	6475	503	43813	1030	72	288	4864	37	498
December 18, 2009 3:56:00 PM UTC	1261180560000	1	1	yes	5.1	235.7	20506	20827	9242	6534	507	43760	1004	97	248	4873	82	401
December 18, 2009 3:57:00 PM UTC	1261180620000	0	1	yes	4.9	235.9	20506	20827	9248	6496	519	43780	997	90	268	4905	45	304
December 18, 2009 3:58:00 PM UTC	1261180680000	1	1	yes	4.8	236.0	20506	20827	9248	6496	520	43779	986	125	274	4908	38	248
December 18, 2009 3:59:00 PM UTC	1261180740000	0	1	yes	4.6	236.2	20506	20827	9243	6533	525	43742	958	121	243	4918	0	201
December 18, 2009 4:00:00 PM UTC	1261180800000	0	1	yes	4.4	236.4	20506	20827	9248	6496	542	43757	961	74	233	4935	0	240
December 18, 2009 4:01:00 PM UTC	1261180860000	0	1	yes	4.3	236.5	20506	20827	9248	6496	549	43750	950	46	145	4945	4	243
December 18, 2009 4:02:00 PM UTC	1261180920000	0	1	yes	4.1	236.7	20506	20827	9248	6496	566	43733	931	71	71	4963	8	249
December 18, 2009 4:03:00 PM UTC	1261180980000	0	1	yes	3.9	236.8	20506	20827	9248	6496	579	43720	917	86	40	4974	21	261
December 18, 2009 4:04:00 PM UTC	1261181040000	0	1	yes	3.8	237.0	20506	20827	9244	6526	591	43682	893	61	79	4989	6	267
December 18, 2009 4:05:00 PM UTC	1261181100000	0	1	yes	3.6	237.1	20506	20827	9249	6468	615	43711	895	40	81	5003	12	322
December 18, 2009 4:06:00 PM UTC	1261181160000	0	1	yes	3.4	237.3	20506	20827	9249	6468	649	43677	882	50	100	5015	10	421
December 18, 2009 4:07:00 PM UTC	1261181220000	0	1	yes	3.3	237.4	20506	20827	9241	6531	667	43604	852	35	98	5017	29	460
December 18, 2009 4:08:00 PM UTC	1261181280000	0	1	yes	3.1	237.6	20506	20827	9256	6431	711	43645	869	30	30	5044	23	457
