January 12, 2010 8:17:00 AM UTC	1263309420000	0	0	yes	3.1	127.9	20972	20821	13817	6626	197	38943	453	0	0	4140	0	0
January 12, 2010 8:18:00 AM UTC	1263309480000	0	0	yes	3.2	128.1	20972	20821	13828	6581	190	38984	469	1	2	4142	0	0
January 12, 2010 8:19:00 AM UTC	1263309540000	0	0	yes	3.3	128.3	20972	20821	13817	6626	168	38972	468	1	2	4126	0	0
January 12, 2010 8:20:00 AM UTC	1263309600000	0	0	yes	3.5	128.5	20972	20821	13818	6626	157	38982	477	0	0	4117	0	0
January 12, 2010 8:21:00 AM UTC	1263309660000	0	0	yes	3.6	128.7	20972	20821	13818	6626	146	38993	486	0	0	4108	0	0
January 12, 2010 8:22:00 AM UTC	1263309720000	0	0	yes	3.7	128.9	20972	20821	13818	6626	136	39003	494	0	0	4101	0	0
January 12, 2010 8:23:00 AM UTC	1263309780000	0	0	yes	3.8	129.1	20972	20821	13817	6626	132	39008	504	0	6	4092	0	1
January 12, 2010 8:24:00 AM UTC	1263309840000	0	0	yes	4.0	129.2	20972	20821	13806	6671	123	38983	505	0	0	4077	0	0
January 12, 2010 8:25:00 AM UTC	1263309900000	0	0	yes	4.1	129.4	20972	20821	13832	6514	121	39116	532	1	6	4086	0	0
January 12, 2010 8:26:00 AM UTC	1263309960000	0	0	yes	4.2	129.6	20972	20821	13818	6583	113	39069	530	0	5	4070	0	0
January 12, 2010 8:27:00 AM UTC	1263310020000	0	0	yes	4.4	129.8	20972	20821	13809	6617	107	39050	533	0	0	4056	0	0
January 12, 2010 8:28:00 AM UTC	1263310080000	0	0	yes	4.5	130.0	20972	20821	13820	6595	105	39063	550	0	0	4052	0	0
January 12, 2010 8:29:00 AM UTC	1263310140000	0	0	yes	4.6	130.2	20972	20821	13809	6648	98	39028	548	0	0	4036	0	0
January 12, 2010 8:30:00 AM UTC	1263310200000	0	0	yes	4.7	130.4	20972	20821	13820	6596	100	39067	566	0	1	4038	0	0
January 12, 2010 8:31:00 AM UTC	1263310260000	0	0	yes	4.9	130.6	20972	20821	13820	6596	100	39067	576	0	2	4024	0	0
January 12, 2010 8:32:00 AM UTC	1263310320000	0	0	yes	5.0	130.8	20972	20821	13820	6596	94	39073	583	0	0	4016	0	0
January 12, 2010 8:33:00 AM UTC	1263310380000	0	0	yes	5.1	131.0	20972	20821	13820	6596	92	39075	595	0	0	4005	0	0
January 12, 2010 8:34:00 AM UTC	1263310440000	0	0	yes	5.2	131.2	20972	20821	13820	6596	86	39081	603	0	0	3994	0	0
January 12, 2010 8:35:00 AM UTC	1263310500000	0	0	yes	5.4	131.4	20972	20821	13810	6642	80	39051	600	0	0	3984	0	0
January 12, 2010 8:36:00 AM UTC	1263310560000	0	0	yes	5.5	131.6	20972	20821	13822	6554	81	39126	620	0	0	3982	0	0
January 12, 2010 8:37:00 AM UTC	1263310620000	0	0	yes	5.6	131.8	20972	20821	13824	6531	82	39146	634	0	0	3975	0	0
January 12, 2010 8:38:00 AM UTC	1263310680000	0	0	yes	5.7	132.0	20972	20821	13812	6585	76	39110	632	0	0	3959	0	0
January 12, 2010 8:39:00 AM UTC	1263310740000	0	0	yes	5.9	132.2	20972	20821	13821	6583	75	39104	648	0	0	3952	0	0
January 12, 2010 8:40:00 AM UTC	1263310800000	0	0	yes	6.0	132.4	20972	20821	13822	6578	78	39105	657	0	0	3946	0	0
January 12, 2010 8:41:00 AM UTC	1263310860000	0	0	yes	6.1	132.6	20972	20821	13809	6633	76	39065	656	0	1	3929	0	0
January 12, 2010 8:42:00 AM UTC	1263310920000	0	0	yes	6.2	132.8	20972	20821	13812	6625	77	39069	665	2	5	3922	0	0
January 12, 2010 8:43:00 AM UTC	1263310980000	0	0	yes	6.4	133.0	20972	20821	13822	6578	80	39103	685	0	0	3917	0	0
January 12, 2010 8:44:00 AM UTC	1263311040000	0	0	yes	6.5	133.2	20972	20821	13822	6578	79	39104	695	0	0	3905	0	0
January 12, 2010 8:45:00 AM UTC	1263311100000	0	0	yes	6.6	133.4	20972	20821	13812	6625	78	39068	691	0	0	3897	0	0
January 12, 2010 8:46:00 AM UTC	1263311160000	0	0	yes	6.7	133.6	20972	20821	13822	6578	81	39102	709	0	0	3894	0	0
January 12, 2010 8:47:00 AM UTC	1263311220000	0	0	yes	6.8	133.8	20972	20821	13812	6590	80	39101	710	0	0	3885	0	0
January 12, 2010 8:48:00 AM UTC	1263311280000	0	0	yes	7.0	134.0	20972	20821	13812	6590	82	39099	721	0	0	3874	0	0
January 12, 2010 8:49:00 AM UTC	1263311340000	0	0	yes	7.1	134.2	20972	20821	13822	6569	86	39106	737	3	3	3867	0	0
January 12, 2010 8:50:00 AM UTC	1263311400000	0	0	yes	7.2	134.4	20972	20821	13822	6569	82	39110	751	0	2	3855	0	0
January 12, 2010 8:51:00 AM UTC	1263311460000	0	0	yes	7.3	134.6	20972	20821	13810	6624	79	39070	741	0	0	3849	0	0
January 12, 2010 8:52:00 AM UTC	1263311520000	0	0	yes	7.4	134.8	20972	20821	13822	6569	87	39105	764	0	0	3841	0	0
January 12, 2010 8:53:00 AM UTC	1263311580000	0	0	yes	7.6	135.0	20972	20821	13822	6569	88	39104	773	0	0	3831	0	0
January 12, 2010 8:54:00 AM UTC	1263311640000	0	0	yes	7.7	135.2	20972	20821	13809	6619	85	39070	776	0	0	3816	0	0
January 12, 2010 8:55:00 AM UTC	1263311700000	0	0	yes	7.8	135.4	20972	20821	13822	6569	89	39103	790	0	0	3813	0	0
January 12, 2010 8:56:00 AM UTC	1263311760000	0	0	yes	7.9	135.6	20972	20821	13822	6569	86	39106	803	0	0	3800	0	0
January 12, 2010 8:57:00 AM UTC	1263311820000	0	0	yes	8.0	135.8	20972	20821	13810	6618	84	39071	794	0	0	3790	0	0
January 12, 2010 8:58:00 AM UTC	1263311880000	0	0	yes	8.1	136.0	20972	20821	13823	6579	88	39093	818	0	0	3789	0	0
January 12, 2010 8:59:00 AM UTC	1263311940000	0	0	yes	8.3	136.2	20972	20821	13834	6477	93	39179	839	1	6	3784	0	0
January 12, 2010 9:00:00 AM UTC	1263312000000	0	0	yes	8.4	136.4	20972	20821	13809	6624	87	39063	819	0	0	3764	0	0
January 12, 2010 9:01:00 AM UTC	1263312060000	0	0	yes	8.5	136.6	20972	20821	13809	6624	88	39062	828	0	0	3760	0	0
January 12, 2010 9:02:00 AM UTC	1263312120000	0	0	yes	8.6	136.8	20972	20821	13821	6574	91	39097	853	0	0	3751	0	0
January 12, 2010 9:03:00 AM UTC	1263312180000	0	0	yes	8.7	137.0	20972	20821	13808	6626	87	39062	853	0	0	3742	0	0
January 12, 2010 9:04:00 AM UTC	1263312240000	0	0	yes	8.8	137.2	20972	20821	13822	6573	90	39098	872	0	0	3733	0	0
January 12, 2010 9:05:00 AM UTC	1263312300000	0	0	yes	8.9	137.4	20972	20821	13822	6573	91	39097	877	0	0	3730	0	0
January 12, 2010 9:06:00 AM UTC	1263312360000	0	0	yes	9.0	137.6	20972	20821	13810	6625	92	39056	873	0	0	3716	0	0
January 12, 2010 9:07:00 AM UTC	1263312420000	0	0	yes	9.2	137.8	20972	20821	13823	6572	93	39095	898	0	0	3707	0	0
January 12, 2010 9:08:00 AM UTC	1263312480000	0	0	yes	9.3	138.1	20972	20821	13813	6583	90	39097	896	0	0	3699	0	0
January 12, 2010 9:09:00 AM UTC	1263312540000	0	0	yes	9.4	138.3	20972	20821	13823	6534	95	39131	917	0	0	3691	0	0
January 12, 2010 9:10:00 AM UTC	1263312600000	0	0	yes	9.5	138.5	20972	20821	13811	6636	92	39044	912	0	0	3677	0	0
January 12, 2010 9:11:00 AM UTC	1263312660000	0	0	yes	9.6	138.7	20972	20821	13811	6636	94	39042	920	0	0	3670	0	0
January 12, 2010 9:12:00 AM UTC	1263312720000	0	0	yes	9.7	138.9	20972	20821	13810	6642	94	39037	925	0	0	3662	0	0
January 12, 2010 9:13:00 AM UTC	1263312780000	0	0	yes	9.8	139.1	20972	20821	13822	6588	95	39078	946	0	0	3656	0	0
January 12, 2010 9:14:00 AM UTC	1263312840000	0	0	yes	9.9	139.3	20972	20821	13811	6642	92	39038	941	0	0	3644	0	0
January 12, 2010 9:15:00 AM UTC	1263312900000	0	0	yes	10.0	139.5	20972	20821	13823	6588	98	39074	959	0	0	3642	0	0
January 12, 2010 9:16:00 AM UTC	1263312960000	0	0	yes	10.1	139.7	20972	20821	13823	6588	99	39073	971	0	0	3630	0	0
January 12, 2010 9:17:00 AM UTC	1263313020000	0	0	yes	10.3	139.9	20972	20821	13810	6644	93	39036	967	0	0	3622	0	0
January 12, 2010 9:18:00 AM UTC	1263313080000	0	0	yes	10.4	140.1	20972	20821	13822	6588	97	39076	989	0	0	3613	0	0
January 12, 2010 9:19:00 AM UTC	1263313140000	0	0	yes	10.5	140.3	20972	20821	13823	6556	102	39102	1000	0	0	3607	0	0
January 12, 2010 9:20:00 AM UTC	1263313200000	0	0	yes	10.6	140.6	20972	20821	13821	6609	100	39053	1005	0	0	3596	0	0
January 12, 2010 9:21:00 AM UTC	1263313260000	0	0	yes	10.7	140.8	20972	20821	13810	6657	97	39019	1003	0	0	3585	0	0
January 12, 2010 9:22:00 AM UTC	1263313320000	0	0	yes	10.8	141.0	20972	20821	13820	6610	103	39050	1017	0	0	3584	0	0
January 12, 2010 9:23:00 AM UTC	1263313380000	0	0	yes	10.9	141.2	20972	20821	13820	6610	101	39052	1026	0	0	3577	0	0
January 12, 2010 9:24:00 AM UTC	1263313440000	0	0	yes	11.0	141.4	20972	20821	13820	6610	106	39047	1038	0	0	3563	0	0
January 12, 2010 9:25:00 AM UTC	1263313500000	0	0	yes	11.1	141.6	20972	20821	13807	6665	97	39014	1031	0	0	3552	0	0
January 12, 2010 9:26:00 AM UTC	1263313560000	0	0	yes	11.2	141.8	20972	20821	13819	6610	105	39049	1051	0	0	3553	0	0
January 12, 2010 9:27:00 AM UTC	1263313620000	0	0	yes	11.3	142.0	20972	20821	13817	6617	103	39046	1061	0	0	3537	0	0
January 12, 2010 9:28:00 AM UTC	1263313680000	0	0	yes	11.4	142.3	20972	20821	13819	6610	105	39049	1071	0	0	3532	0	0
January 12, 2010 9:29:00 AM UTC	1263313740000	0	0	yes	11.5	142.5	20972	20821	13808	6630	101	39044	1062	0	0	3532	0	0
January 12, 2010 9:30:00 AM UTC	1263313800000	0	0	yes	11.6	142.7	20972	20821	13816	6641	106	39020	1080	0	0	3518	0	0
January 12, 2010 9:31:00 AM UTC	1263313860000	0	0	yes	11.7	142.9	20972	20821	13815	6642	103	39023	1094	0	0	3502	0	0
January 12, 2010 9:32:00 AM UTC	1263313920000	0	0	yes	11.8	143.1	20972	20821	13815	6642	103	39023	1098	0	0	3501	0	0
January 12, 2010 9:33:00 AM UTC	1263313980000	0	0	yes	11.9	143.3	20972	20821	13815	6642	105	39021	1106	0	0	3492	0	0
January 12, 2010 9:34:00 AM UTC	1263314040000	0	0	yes	12.0	143.5	20972	20821	13815	6642	106	39020	1113	0	0	3480	0	0
January 12, 2010 9:35:00 AM UTC	1263314100000	0	0	yes	12.1	143.8	20972	20821	13801	6699	101	38982	1109	0	0	3479	0	0
January 12, 2010 9:36:00 AM UTC	1263314160000	0	0	yes	12.2	144.0	20972	20821	13814	6642	109	39018	1132	0	0	3462	0	0
January 12, 2010 9:37:00 AM UTC	1263314220000	0	0	yes	12.3	144.2	20972	20821	13814	6644	108	39017	1136	0	0	3461	0	0
January 12, 2010 9:38:00 AM UTC	1263314280000	0	0	yes	12.4	144.4	20972	20821	13825	6598	112	39048	1159	0	0	3458	0	0
January 12, 2010 9:39:00 AM UTC	1263314340000	0	0	yes	12.5	144.6	20972	20821	13802	6665	104	39012	1146	0	0	3433	0	0
January 12, 2010 9:40:00 AM UTC	1263314400000	0	0	yes	12.6	144.8	20972	20821	13810	6685	111	38977	1156	0	0	3442	0	0
January 12, 2010 9:41:00 AM UTC	1263314460000	0	0	yes	12.7	145.0	20972	20821	13810	6685	107	38981	1164	0	0	3415	0	0
January 12, 2010 9:42:00 AM UTC	1263314520000	0	0	yes	12.8	145.3	20972	20821	13810	6685	107	38981	1173	0	0	3418	0	0
January 12, 2010 9:43:00 AM UTC	1263314580000	0	0	yes	12.9	145.5	20972	20821	13810	6685	107	38981	1182	0	0	3420	0	0
January 12, 2010 9:44:00 AM UTC	1263314640000	0	0	yes	13.0	145.7	20972	20821	13810	6685	110	38978	1187	0	0	3396	0	0
January 12, 2010 9:45:00 AM UTC	1263314700000	0	0	yes	13.1	145.9	20972	20821	13809	6685	108	38981	1197	0	0	3397	0	0
January 12, 2010 9:46:00 AM UTC	1263314760000	0	0	yes	13.2	146.1	20972	20821	13818	6644	111	39010	1217	0	0	3386	0	0
January 12, 2010 9:47:00 AM UTC	1263314820000	0	0	yes	13.2	146.4	20972	20821	13797	6744	107	38935	1198	0	0	3375	0	0
January 12, 2010 9:48:00 AM UTC	1263314880000	0	0	yes	13.3	146.6	20972	20821	13818	6644	115	39006	1231	0	0	3375	0	0
January 12, 2010 9:49:00 AM UTC	1263314940000	0	0	yes	13.4	146.8	20972	20821	13806	6670	108	38999	1225	0	0	3366	0	0
January 12, 2010 9:50:00 AM UTC	1263315000000	0	0	yes	13.5	147.0	20972	20821	13820	6670	111	38982	1244	0	0	3361	0	0
January 12, 2010 9:51:00 AM UTC	1263315060000	0	0	yes	13.6	147.2	20972	20821	13810	6686	110	38977	1244	0	0	3350	0	0
January 12, 2010 9:52:00 AM UTC	1263315120000	0	0	yes	13.7	147.5	20972	20821	13820	6668	112	38983	1260	0	0	3346	0	0
January 12, 2010 9:53:00 AM UTC	1263315180000	0	0	yes	13.8	147.7	20972	20821	13805	6670	104	39004	1251	0	0	3342	0	0
January 12, 2010 9:54:00 AM UTC	1263315240000	0	0	yes	13.9	147.9	20972	20821	13815	6631	112	39025	1271	0	0	3338	0	0
January 12, 2010 9:55:00 AM UTC	1263315300000	0	0	yes	14.0	148.1	20972	20821	13815	6632	110	39026	1279	0	0	3326	0	0
January 12, 2010 9:56:00 AM UTC	1263315360000	0	0	yes	14.1	148.3	20972	20821	13806	6671	105	39001	1274	0	0	3324	0	0
January 12, 2010 9:57:00 AM UTC	1263315420000	0	0	yes	14.1	148.6	20972	20821	13815	6632	110	39026	1291	0	0	3321	0	0
January 12, 2010 9:58:00 AM UTC	1263315480000	0	0	yes	14.2	148.8	20972	20821	13815	6632	110	39026	1300	0	0	3313	0	0
January 12, 2010 9:59:00 AM UTC	1263315540000	0	0	yes	14.3	149.0	20972	20821	13822	6626	111	39024	1316	0	0	3305	0	0
January 12, 2010 10:00:00 AM UTC	1263315600000	0	0	yes	14.4	149.2	20972	20821	13801	6726	103	38953	1291	0	0	3301	0	0
January 12, 2010 10:01:00 AM UTC	1263315660000	0	0	yes	14.5	149.5	20972	20821	13816	6665	108	38994	1322	0	0	3291	0	0
January 12, 2010 10:02:00 AM UTC	1263315720000	0	0	yes	14.6	149.7	20972	20821	13809	6689	103	38982	1312	0	0	3294	0	0
January 12, 2010 10:03:00 AM UTC	1263315780000	0	0	yes	14.7	149.9	20972	20821	13825	6617	109	39032	1349	0	0	3284	0	0
January 12, 2010 10:04:00 AM UTC	1263315840000	0	0	yes	14.7	150.1	20972	20821	13809	6689	105	38980	1332	0	0	3276	0	0
January 12, 2010 10:05:00 AM UTC	1263315900000	0	0	yes	14.8	150.4	20972	20821	13823	6629	109	39022	1362	0	0	3270	0	0
January 12, 2010 10:06:00 AM UTC	1263315960000	0	0	yes	14.9	150.6	20972	20821	13809	6689	104	38981	1341	0	0	3273	0	0
January 12, 2010 10:07:00 AM UTC	1263316020000	0	0	yes	15.0	150.8	20972	20821	13809	6689	104	38981	1347	0	0	3267	0	0
January 12, 2010 10:08:00 AM UTC	1263316080000	0	0	yes	15.1	151.0	20972	20821	13817	6653	105	39008	1370	0	0	3261	0	0
January 12, 2010 10:09:00 AM UTC	1263316140000	0	0	yes	15.1	151.3	20972	20821	13793	6798	95	38897	1342	0	0	3254	0	0
January 12, 2010 10:10:00 AM UTC	1263316200000	0	0	yes	15.2	151.5	20972	20821	13808	6735	104	38936	1373	0	0	3247	0	0
January 12, 2010 10:11:00 AM UTC	1263316260000	0	0	yes	15.3	151.7	20972	20821	13803	6678	101	39001	1372	0	0	3247	0	0
January 12, 2010 10:12:00 AM UTC	1263316320000	0	0	yes	15.4	151.9	20972	20821	13818	6615	100	39050	1401	0	0	3239	0	0
January 12, 2010 10:13:00 AM UTC	1263316380000	0	0	yes	15.5	152.2	20972	20821	13804	6683	99	38997	1389	0	0	3231	0	0
January 12, 2010 10:14:00 AM UTC	1263316440000	0	0	yes	15.5	152.4	20972	20821	13818	6615	102	39048	1415	0	0	3230	0	0
January 12, 2010 10:15:00 AM UTC	1263316500000	0	0	yes	15.6	152.6	20972	20821	13804	6675	94	39010	1403	0	0	3224	0	0
January 12, 2010 10:16:00 AM UTC	1263316560000	0	0	yes	15.7	152.8	20972	20821	13817	6615	101	39050	1421	0	0	3228	0	0
January 12, 2010 10:17:00 AM UTC	1263316620000	0	0	yes	15.8	153.1	20972	20821	13811	6645	96	39031	1424	0	0	3217	0	0
January 12, 2010 10:18:00 AM UTC	1263316680000	0	0	yes	15.8	153.3	20972	20821	13813	6644	94	39032	1425	0	0	3214	0	0
January 12, 2010 10:19:00 AM UTC	1263316740000	0	0	yes	15.9	153.5	20972	20821	13810	6687	97	38989	1438	0	0	3203	0	0
January 12, 2010 10:20:00 AM UTC	1263316800000	0	0	yes	16.0	153.8	20972	20821	13810	6688	93	38992	1437	0	0	3204	0	0
January 12, 2010 10:21:00 AM UTC	1263316860000	0	0	yes	16.1	154.0	20972	20821	13810	6688	93	38992	1443	0	0	3203	0	0
January 12, 2010 10:22:00 AM UTC	1263316920000	0	0	yes	16.1	154.2	20972	20821	13810	6688	94	38991	1448	0	0	3200	0	0
January 12, 2010 10:23:00 AM UTC	1263316980000	0	0	yes	16.2	154.5	20972	20821	13810	6688	90	38995	1459	0	0	3189	0	0
January 12, 2010 10:24:00 AM UTC	1263317040000	0	0	yes	16.3	154.7	20972	20821	13818	6608	96	39061	1477	0	0	3188	0	0
January 12, 2010 10:25:00 AM UTC	1263317100000	0	0	yes	16.4	154.9	20972	20821	13794	6703	89	38997	1453	0	0	3185	0	0
January 12, 2010 10:26:00 AM UTC	1263317160000	0	0	yes	16.4	155.1	20972	20821	13818	6609	90	39066	1487	0	0	3181	0	0
January 12, 2010 10:27:00 AM UTC	1263317220000	0	0	yes	16.5	155.4	20972	20821	13804	6676	87	39016	1471	0	0	3178	0	0
January 12, 2010 10:28:00 AM UTC	1263317280000	0	0	yes	16.6	155.6	20972	20821	13818	6609	96	39060	1500	0	0	3173	0	0
January 12, 2010 10:29:00 AM UTC	1263317340000	0	0	yes	16.6	155.8	20972	20821	13810	6692	90	38991	1490	0	0	3170	0	0
January 12, 2010 10:30:00 AM UTC	1263317400000	0	0	yes	16.7	156.1	20972	20821	13809	6693	86	38995	1496	0	0	3166	0	0
January 12, 2010 10:31:00 AM UTC	1263317460000	0	0	yes	16.8	156.3	20972	20821	13803	6721	85	38974	1492	0	0	3160	0	0
January 12, 2010 10:32:00 AM UTC	1263317520000	0	0	yes	16.8	156.5	20972	20821	13802	6723	86	38972	1493	0	0	3162	0	0
January 12, 2010 10:33:00 AM UTC	1263317580000	0	0	yes	16.9	156.8	20972	20821	13824	6628	91	39040	1527	0	0	3160	0	0
January 12, 2010 10:34:00 AM UTC	1263317640000	0	0	yes	17.0	157.0	20972	20821	13809	6694	85	38995	1516	0	0	3152	0	0
January 12, 2010 10:35:00 AM UTC	1263317700000	0	0	yes	17.0	157.2	20972	20821	13823	6629	91	39040	1545	0	0	3149	0	0
January 12, 2010 10:36:00 AM UTC	1263317760000	0	0	yes	17.1	157.5	20972	20821	13815	6664	88	39016	1541	0	0	3143	0	0
January 12, 2010 10:37:00 AM UTC	1263317820000	0	0	yes	17.2	157.7	20972	20821	13808	6694	85	38996	1534	0	0	3145	0	0
January 12, 2010 10:38:00 AM UTC	1263317880000	0	0	yes	17.2	157.9	20972	20821	13807	6762	81	38933	1527	0	0	3140	0	0
January 12, 2010 10:39:00 AM UTC	1263317940000	0	0	yes	17.3	158.2	20972	20821	13812	6721	86	38964	1543	0	0	3139	0	0
January 12, 2010 10:40:00 AM UTC	1263318000000	0	0	yes	17.3	158.4	20972	20821	13815	6639	86	39043	1563	0	0	3133	0	0
January 12, 2010 10:41:00 AM UTC	1263318060000	0	0	yes	17.4	158.6	20972	20821	13815	6639	85	39044	1568	0	0	3129	0	0
January 12, 2010 10:42:00 AM UTC	1263318120000	0	0	yes	17.5	158.9	20972	20821	13802	6706	79	38996	1551	0	0	3125	0	0
January 12, 2010 10:43:00 AM UTC	1263318180000	0	0	yes	17.5	159.1	20972	20821	13821	6611	87	39064	1589	0	0	3122	0	0
January 12, 2010 10:44:00 AM UTC	1263318240000	0	0	yes	17.6	159.3	20972	20821	13800	6703	81	38999	1560	0	0	3119	0	0
January 12, 2010 10:45:00 AM UTC	1263318300000	0	0	yes	17.6	159.6	20972	20821	13815	6638	82	39048	1582	0	0	3115	0	0
January 12, 2010 10:46:00 AM UTC	1263318360000	0	0	yes	17.7	159.8	20972	20821	13821	6612	82	39068	1601	0	0	3113	0	0
January 12, 2010 10:47:00 AM UTC	1263318420000	0	0	yes	17.8	160.1	20972	20821	13806	6644	79	39054	1580	0	0	3114	0	0
January 12, 2010 10:48:00 AM UTC	1263318480000	0	0	yes	17.8	160.3	20972	20821	13820	6645	80	39038	1606	0	0	3108	0	0
January 12, 2010 10:49:00 AM UTC	1263318540000	0	0	yes	17.9	160.5	20972	20821	13806	6693	76	39008	1591	0	0	3107	0	0
January 12, 2010 10:50:00 AM UTC	1263318600000	0	0	yes	17.9	160.8	20972	20821	13811	6673	79	39020	1605	0	0	3103	0	0
January 12, 2010 10:51:00 AM UTC	1263318660000	0	0	yes	18.0	161.0	20972	20821	13811	6673	77	39022	1600	0	0	3103	0	0
January 12, 2010 10:52:00 AM UTC	1263318720000	0	0	yes	18.0	161.2	20972	20821	13806	6693	75	39009	1601	0	0	3097	0	0
January 12, 2010 10:53:00 AM UTC	1263318780000	0	0	yes	18.1	161.5	20972	20821	13806	6693	75	39009	1602	0	0	3098	0	0
January 12, 2010 10:54:00 AM UTC	1263318840000	0	0	yes	18.1	161.7	20972	20821	13812	6673	75	39023	1621	0	0	3091	0	0
January 12, 2010 10:55:00 AM UTC	1263318900000	0	0	yes	18.2	162.0	20972	20821	13812	6673	74	39024	1619	0	0	3097	0	0
January 12, 2010 10:56:00 AM UTC	1263318960000	0	0	yes	18.2	162.2	20972	20821	13812	6673	72	39026	1627	0	0	3091	0	0
January 12, 2010 10:57:00 AM UTC	1263319020000	0	0	yes	18.3	162.4	20972	20821	13812	6673	74	39024	1626	0	0	3094	0	0
January 12, 2010 10:58:00 AM UTC	1263319080000	0	0	yes	18.3	162.7	20972	20821	13817	6721	73	38972	1637	0	0	3085	0	0
January 12, 2010 10:59:00 AM UTC	1263319140000	0	0	yes	18.4	162.9	20972	20821	13816	6716	72	38979	1626	0	0	3091	0	0
January 12, 2010 11:00:00 AM UTC	1263319200000	0	0	yes	18.4	163.2	20972	20821	13801	6782	66	38934	1618	0	0	3079	0	0
January 12, 2010 11:01:00 AM UTC	1263319260000	0	0	yes	18.5	163.4	20972	20821	13816	6714	69	38984	1639	0	0	3084	0	0
January 12, 2010 11:02:00 AM UTC	1263319320000	0	0	yes	18.5	163.6	20972	20821	13818	6632	70	39063	1662	0	0	3074	0	0
January 12, 2010 11:03:00 AM UTC	1263319380000	0	0	yes	18.6	163.9	20972	20821	13803	6701	63	39016	1634	0	0	3081	0	0
January 12, 2010 11:04:00 AM UTC	1263319440000	0	0	yes	18.6	164.1	20972	20821	13818	6632	70	39063	1668	0	0	3080	0	0
January 12, 2010 11:05:00 AM UTC	1263319500000	0	0	yes	18.7	164.4	20972	20821	13803	6700	64	39016	1646	0	0	3072	0	0
January 12, 2010 11:06:00 AM UTC	1263319560000	0	0	yes	18.7	164.6	20972	20821	13823	6574	70	39116	1687	0	0	3072	0	0
January 12, 2010 11:07:00 AM UTC	1263319620000	0	0	yes	18.8	164.8	20972	20821	13823	6574	71	39115	1681	0	0	3075	0	0
January 12, 2010 11:08:00 AM UTC	1263319680000	0	0	yes	18.8	165.1	20972	20821	13805	6717	63	38998	1653	0	0	3068	0	0
January 12, 2010 11:09:00 AM UTC	1263319740000	0	0	yes	18.8	165.3	20972	20821	13820	6641	70	39052	1688	0	0	3066	0	0
January 12, 2010 11:10:00 AM UTC	1263319800000	0	0	yes	18.9	165.6	20972	20821	13809	6694	65	39015	1675	0	0	3064	0	0
January 12, 2010 11:11:00 AM UTC	1263319860000	0	0	yes	18.9	165.8	20972	20821	13809	6695	65	39014	1679	0	0	3061	0	0
January 12, 2010 11:12:00 AM UTC	1263319920000	0	0	yes	19.0	166.0	20972	20821	13809	6695	64	39015	1684	0	0	3060	0	0
January 12, 2010 11:13:00 AM UTC	1263319980000	0	0	yes	19.0	166.3	20972	20821	13809	6695	63	39016	1685	0	0	3062	0	0
January 12, 2010 11:14:00 AM UTC	1263320040000	0	0	yes	19.0	166.5	20972	20821	13810	6695	61	39017	1687	0	0	3059	0	0
January 12, 2010 11:15:00 AM UTC	1263320100000	0	0	yes	19.1	166.8	20972	20821	13810	6695	62	39016	1688	0	0	3057	0	0
January 12, 2010 11:16:00 AM UTC	1263320160000	0	0	yes	19.1	167.0	20972	20821	13810	6695	61	39017	1692	0	0	3055	0	0
January 12, 2010 11:17:00 AM UTC	1263320220000	0	0	yes	19.2	167.3	20972	20821	13810	6695	60	39018	1692	0	0	3056	0	0
January 12, 2010 11:18:00 AM UTC	1263320280000	0	0	yes	19.2	167.5	20972	20821	13811	6694	58	39020	1694	0	0	3054	0	0
January 12, 2010 11:19:00 AM UTC	1263320340000	0	0	yes	19.2	167.7	20972	20821	13813	6754	59	38957	1697	0	0	3051	0	0
January 12, 2010 11:20:00 AM UTC	1263320400000	0	0	yes	19.3	168.0	20972	20821	13815	6669	60	39039	1714	0	0	3045	0	0
January 12, 2010 11:21:00 AM UTC	1263320460000	0	0	yes	19.3	168.2	20972	20821	13815	6669	60	39039	1716	0	0	3053	0	0
January 12, 2010 11:22:00 AM UTC	1263320520000	0	0	yes	19.3	168.5	20972	20821	13801	6707	55	39020	1695	0	0	3043	0	0
January 12, 2010 11:23:00 AM UTC	1263320580000	0	0	yes	19.4	168.7	20972	20821	13817	6638	58	39070	1720	0	0	3047	0	0
January 12, 2010 11:24:00 AM UTC	1263320640000	0	0	yes	19.4	169.0	20972	20821	13820	6623	60	39080	1734	0	0	3045	0	0
January 12, 2010 11:25:00 AM UTC	1263320700000	0	0	yes	19.4	169.2	20972	20821	13806	6694	51	39032	1704	0	0	3040	0	0
January 12, 2010 11:26:00 AM UTC	1263320760000	0	0	yes	19.5	169.4	20972	20821	13820	6623	58	39082	1735	0	0	3043	0	0
January 12, 2010 11:27:00 AM UTC	1263320820000	0	0	yes	19.5	169.7	20972	20821	13820	6623	55	39085	1732	0	0	3049	0	0
January 12, 2010 11:28:00 AM UTC	1263320880000	0	0	yes	19.5	169.9	20972	20821	13805	6691	54	39033	1714	0	0	3039	0	0
January 12, 2010 11:29:00 AM UTC	1263320940000	0	0	yes	19.6	170.2	20972	20821	13821	6684	57	39021	1735	0	0	3044	0	0
January 12, 2010 11:30:00 AM UTC	1263321000000	0	0	yes	19.6	170.4	20972	20821	13807	6758	54	38964	1718	0	0	3038	0	0
January 12, 2010 11:31:00 AM UTC	1263321060000	0	0	yes	19.6	170.7	20972	20821	13824	6690	55	39014	1740	0	0	3041	0	0
January 12, 2010 11:32:00 AM UTC	1263321120000	0	0	yes	19.6	170.9	20972	20821	13821	6688	58	39016	1749	0	0	3035	0	0
January 12, 2010 11:33:00 AM UTC	1263321180000	0	0	yes	19.7	171.2	20972	20821	13806	6760	49	38968	1719	0	0	3035	0	0
January 12, 2010 11:34:00 AM UTC	1263321240000	0	0	yes	19.7	171.4	20972	20821	13825	6679	57	39022	1750	0	0	3038	0	0
January 12, 2010 11:35:00 AM UTC	1263321300000	0	0	yes	19.7	171.7	20972	20821	13809	6751	47	38976	1730	0	0	3033	0	0
January 12, 2010 11:36:00 AM UTC	1263321360000	0	0	yes	19.7	171.9	20972	20821	13810	6668	52	39053	1740	0	0	3037	0	0
January 12, 2010 11:37:00 AM UTC	1263321420000	0	0	yes	19.8	172.1	20972	20821	13826	6570	55	39132	1772	0	0	3034	0	0
January 12, 2010 11:38:00 AM UTC	1263321480000	0	0	yes	19.8	172.4	20972	20821	13810	6642	53	39078	1747	0	0	3037	0	0
January 12, 2010 11:39:00 AM UTC	1263321540000	0	0	yes	19.8	172.6	20972	20821	13810	6640	49	39084	1744	0	0	3036	0	0
January 12, 2010 11:40:00 AM UTC	1263321600000	0	0	yes	19.8	172.9	20972	20821	13825	6640	56	39062	1766	0	0	3033	0	0
January 12, 2010 11:41:00 AM UTC	1263321660000	0	0	yes	19.8	173.1	20972	20821	13810	6717	47	39009	1742	0	0	3036	0	0
January 12, 2010 11:42:00 AM UTC	1263321720000	0	0	yes	19.9	173.4	20972	20821	13811	6717	49	39006	1744	0	0	3032	0	0
January 12, 2010 11:43:00 AM UTC	1263321780000	0	0	yes	19.9	173.6	20972	20821	13811	6717	45	39010	1745	0	0	3031	0	0
January 12, 2010 11:44:00 AM UTC	1263321840000	0	0	yes	19.9	173.9	20972	20821	13811	6717	49	39006	1748	0	0	3031	0	0
January 12, 2010 11:45:00 AM UTC	1263321900000	0	0	yes	19.9	174.1	20972	20821	13812	6716	46	39009	1748	0	0	3033	0	0
January 12, 2010 11:46:00 AM UTC	1263321960000	0	0	yes	19.9	174.4	20972	20821	13812	6716	46	39009	1750	0	0	3032	0	0
January 12, 2010 11:47:00 AM UTC	1263322020000	0	0	yes	20.0	174.6	20972	20821	13814	6708	50	39011	1754	0	0	3033	0	0
January 12, 2010 11:48:00 AM UTC	1263322080000	0	0	yes	20.0	174.9	20972	20821	13831	6637	51	39064	1783	0	0	3031	0	0
January 12, 2010 11:49:00 AM UTC	1263322140000	0	0	yes	20.0	175.1	20972	20821	13815	6707	48	39013	1756	0	0	3029	0	0
January 12, 2010 11:50:00 AM UTC	1263322200000	0	0	yes	20.0	175.3	20972	20821	13818	6624	46	39095	1763	0	0	3032	0	0
January 12, 2010 11:51:00 AM UTC	1263322260000	0	0	yes	20.0	175.6	20972	20821	13830	6612	55	39086	1788	0	0	3026	0	0
January 12, 2010 11:52:00 AM UTC	1263322320000	0	0	yes	20.0	175.8	20972	20821	13815	6694	45	39029	1752	0	0	3035	0	0
January 12, 2010 11:53:00 AM UTC	1263322380000	0	0	yes	20.0	176.1	20972	20821	13815	6692	47	39029	1763	0	0	3028	0	0
January 12, 2010 11:54:00 AM UTC	1263322440000	0	0	yes	20.0	176.3	20972	20821	13815	6692	46	39030	1761	0	0	3028	0	0
January 12, 2010 11:55:00 AM UTC	1263322500000	0	0	yes	20.1	176.6	20972	20821	13816	6687	48	39032	1765	0	0	3026	0	0
January 12, 2010 11:56:00 AM UTC	1263322560000	0	0	yes	20.1	176.8	20972	20821	13816	6687	47	39033	1767	0	0	3027	0	0
January 12, 2010 11:57:00 AM UTC	1263322620000	0	0	yes	20.1	177.1	20972	20821	13816	6687	47	39033	1764	0	0	3028	0	0
January 12, 2010 11:58:00 AM UTC	1263322680000	0	0	yes	20.1	177.3	20972	20821	13816	6687	46	39034	1768	0	0	3026	0	0
January 12, 2010 11:59:00 AM UTC	1263322740000	0	0	yes	20.1	177.6	20972	20821	13816	6687	47	39033	1768	0	0	3027	0	0
January 12, 2010 12:00:00 PM UTC	1263322800000	0	0	yes	20.1	177.8	20972	20821	13816	6687	47	39033	1768	0	0	3025	0	0
January 12, 2010 12:01:00 PM UTC	1263322860000	0	0	yes	20.1	178.1	20972	20821	13815	6687	45	39036	1773	0	0	3024	0	0
January 12, 2010 12:02:00 PM UTC	1263322920000	0	0	yes	20.1	178.3	20972	20821	13816	6686	46	39035	1768	0	0	3028	0	0
January 12, 2010 12:03:00 PM UTC	1263322980000	0	0	yes	20.1	178.6	20972	20821	13816	6663	46	39058	1773	0	0	3025	0	0
January 12, 2010 12:04:00 PM UTC	1263323040000	0	0	yes	20.1	178.8	20972	20821	13816	6662	48	39057	1772	0	0	3026	0	0
January 12, 2010 12:05:00 PM UTC	1263323100000	0	0	yes	20.1	179.1	20972	20821	13817	6662	47	39057	1773	0	0	3028	0	0
January 12, 2010 12:06:00 PM UTC	1263323160000	0	0	yes	20.1	179.3	20972	20821	13817	6662	45	39059	1774	0	0	3021	0	0
January 12, 2010 12:07:00 PM UTC	1263323220000	0	0	yes	20.1	179.6	20972	20821	13818	6662	47	39056	1769	0	0	3029	0	0
January 12, 2010 12:08:00 PM UTC	1263323280000	0	0	yes	20.1	179.8	20972	20821	13818	6662	43	39060	1777	0	0	3020	0	0
January 12, 2010 12:09:00 PM UTC	1263323340000	0	0	yes	20.1	180.0	20972	20821	13818	6662	46	39057	1770	0	0	3025	0	0
January 12, 2010 12:10:00 PM UTC	1263323400000	0	0	yes	20.1	180.3	20972	20821	13818	6662	45	39058	1774	0	0	3025	0	0
January 12, 2010 12:11:00 PM UTC	1263323460000	0	0	yes	20.1	180.5	20972	20821	13818	6662	45	39058	1773	0	0	3024	0	0
January 12, 2010 12:12:00 PM UTC	1263323520000	0	0	yes	20.1	180.8	20972	20821	13817	6662	47	39057	1771	0	0	3026	0	0
January 12, 2010 12:13:00 PM UTC	1263323580000	0	0	yes	20.1	181.0	20972	20821	13816	6662	46	39059	1774	0	0	3024	0	0
January 12, 2010 12:14:00 PM UTC	1263323640000	0	0	yes	20.1	181.3	20972	20821	13816	6662	48	39057	1775	0	0	3026	0	0
January 12, 2010 12:15:00 PM UTC	1263323700000	0	0	yes	20.1	181.5	20972	20821	13816	6601	48	39118	1780	0	0	3028	0	0
January 12, 2010 12:16:00 PM UTC	1263323760000	0	0	yes	20.1	181.8	20972	20821	13815	6685	47	39036	1770	0	0	3025	0	0
January 12, 2010 12:17:00 PM UTC	1263323820000	0	0	yes	20.1	182.0	20972	20821	13815	6685	47	39036	1770	0	0	3026	0	0
January 12, 2010 12:18:00 PM UTC	1263323880000	0	0	yes	20.1	182.3	20972	20821	13816	6685	45	39037	1769	0	0	3025	0	0
January 12, 2010 12:19:00 PM UTC	1263323940000	0	0	yes	20.1	182.5	20972	20821	13816	6685	47	39035	1764	0	0	3029	0	0
January 12, 2010 12:20:00 PM UTC	1263324000000	0	0	yes	20.1	182.8	20972	20821	13816	6685	47	39035	1771	0	0	3023	0	0
January 12, 2010 12:21:00 PM UTC	1263324060000	0	0	yes	20.1	183.0	20972	20821	13816	6685	48	39034	1767	0	0	3024	0	0
January 12, 2010 12:22:00 PM UTC	1263324120000	0	0	yes	20.1	183.3	20972	20821	13832	6618	51	39082	1792	0	0	3025	0	0
January 12, 2010 12:23:00 PM UTC	1263324180000	0	0	yes	20.1	183.5	20972	20821	13816	6685	50	39032	1769	0	0	3024	0	0
January 12, 2010 12:24:00 PM UTC	1263324240000	0	0	yes	20.0	183.8	20972	20821	13815	6690	45	39033	1756	0	0	3033	0	0
January 12, 2010 12:25:00 PM UTC	1263324300000	0	0	yes	20.0	184.0	20972	20821	13831	6617	55	39080	1797	0	0	3024	0	0
January 12, 2010 12:26:00 PM UTC	1263324360000	0	0	yes	20.0	184.3	20972	20821	13816	6687	46	39034	1759	0	0	3029	0	0
January 12, 2010 12:27:00 PM UTC	1263324420000	0	0	yes	20.0	184.5	20972	20821	13818	6604	44	39117	1768	0	0	3029	0	0
January 12, 2010 12:28:00 PM UTC	1263324480000	0	0	yes	20.0	184.7	20972	20821	13818	6623	47	39095	1767	0	0	3032	0	0
January 12, 2010 12:29:00 PM UTC	1263324540000	0	0	yes	20.0	185.0	20972	20821	13815	6705	46	39017	1752	0	0	3031	0	0
January 12, 2010 12:30:00 PM UTC	1263324600000	0	0	yes	20.0	185.2	20972	20821	13814	6705	48	39016	1756	0	0	3029	0	0
January 12, 2010 12:31:00 PM UTC	1263324660000	0	0	yes	20.0	185.5	20972	20821	13814	6705	47	39017	1753	0	0	3032	0	0
January 12, 2010 12:32:00 PM UTC	1263324720000	0	0	yes	19.9	185.7	20972	20821	13812	6712	48	39011	1749	0	0	3033	0	0
January 12, 2010 12:33:00 PM UTC	1263324780000	0	0	yes	19.9	186.0	20972	20821	13827	6641	51	39064	1777	0	0	3031	0	0
January 12, 2010 12:34:00 PM UTC	1263324840000	0	0	yes	19.9	186.2	20972	20821	13811	6713	49	39010	1745	0	0	3036	0	0
January 12, 2010 12:35:00 PM UTC	1263324900000	0	0	yes	19.9	186.5	20972	20821	13811	6713	47	39012	1746	0	0	3032	0	0
January 12, 2010 12:36:00 PM UTC	1263324960000	0	0	yes	19.9	186.7	20972	20821	13827	6643	56	39057	1775	0	0	3026	0	0
January 12, 2010 12:37:00 PM UTC	1263325020000	0	0	yes	19.8	187.0	20972	20821	13810	6713	49	39011	1746	0	0	3029	0	0
January 12, 2010 12:38:00 PM UTC	1263325080000	0	0	yes	19.8	187.2	20972	20821	13810	6639	51	39083	1744	0	0	3033	0	0
January 12, 2010 12:39:00 PM UTC	1263325140000	0	0	yes	19.8	187.5	20972	20821	13826	6568	56	39133	1779	0	0	3026	0	0
January 12, 2010 12:40:00 PM UTC	1263325200000	0	0	yes	19.8	187.7	20972	20821	13810	6639	53	39081	1746	0	0	3033	0	0
January 12, 2010 12:41:00 PM UTC	1263325260000	0	0	yes	19.8	187.9	20972	20821	13810	6641	50	39082	1739	0	0	3031	0	0
January 12, 2010 12:42:00 PM UTC	1263325320000	0	0	yes	19.7	188.2	20972	20821	13827	6590	59	39107	1766	0	0	3035	0	0
January 12, 2010 12:43:00 PM UTC	1263325380000	0	0	yes	19.7	188.4	20972	20821	13809	6744	50	38980	1731	0	0	3033	0	0
January 12, 2010 12:44:00 PM UTC	1263325440000	0	0	yes	19.7	188.7	20972	20821	13822	6688	56	39017	1747	0	0	3040	0	0
January 12, 2010 12:45:00 PM UTC	1263325500000	0	0	yes	19.7	188.9	20972	20821	13806	6757	50	38970	1719	0	0	3042	0	0
January 12, 2010 12:46:00 PM UTC	1263325560000	0	0	yes	19.6	189.2	20972	20821	13807	6756	51	38969	1716	0	0	3040	0	0
January 12, 2010 12:47:00 PM UTC	1263325620000	0	0	yes	19.6	189.4	20972	20821	13824	6684	55	39020	1741	0	0	3039	0	0
January 12, 2010 12:48:00 PM UTC	1263325680000	0	0	yes	19.6	189.7	20972	20821	13807	6755	51	38970	1715	0	0	3039	0	0
January 12, 2010 12:49:00 PM UTC	1263325740000	0	0	yes	19.6	189.9	20972	20821	13823	6607	57	39096	1745	0	0	3041	0	0
January 12, 2010 12:50:00 PM UTC	1263325800000	0	0	yes	19.5	190.2	20972	20821	13820	6621	60	39082	1737	0	0	3043	0	0
January 12, 2010 12:51:00 PM UTC	1263325860000	0	0	yes	19.5	190.4	20972	20821	13805	6689	52	39037	1711	0	0	3039	0	0
January 12, 2010 12:52:00 PM UTC	1263325920000	0	0	yes	19.5	190.6	20972	20821	13820	6621	61	39081	1736	0	0	3045	0	0
January 12, 2010 12:53:00 PM UTC	1263325980000	0	0	yes	19.4	190.9	20972	20821	13820	6621	57	39085	1732	0	0	3043	0	0
January 12, 2010 12:54:00 PM UTC	1263326040000	0	0	yes	19.4	191.1	20972	20821	13802	6691	56	39034	1704	0	0	3035	0	0
January 12, 2010 12:55:00 PM UTC	1263326100000	0	0	yes	19.4	191.4	20972	20821	13817	6634	57	39075	1726	0	0	3047	0	0
January 12, 2010 12:56:00 PM UTC	1263326160000	0	0	yes	19.3	191.6	20972	20821	13815	6666	59	39043	1717	0	0	3044	0	0
January 12, 2010 12:57:00 PM UTC	1263326220000	0	0	yes	19.3	191.9	20972	20821	13815	6666	58	39044	1717	0	0	3047	0	0
January 12, 2010 12:58:00 PM UTC	1263326280000	0	0	yes	19.3	192.1	20972	20821	13815	6666	62	39040	1709	0	0	3052	0	0
January 12, 2010 12:59:00 PM UTC	1263326340000	0	0	yes	19.2	192.4	20972	20821	13812	6752	59	38960	1697	0	0	3049	0	0
January 12, 2010 1:00:00 PM UTC	1263326400000	0	0	yes	19.2	192.6	20972	20821	13811	6690	60	39022	1697	0	0	3048	0	0
January 12, 2010 1:01:00 PM UTC	1263326460000	0	0	yes	19.2	192.8	20972	20821	13810	6691	58	39024	1692	0	0	3053	0	0
January 12, 2010 1:02:00 PM UTC	1263326520000	0	0	yes	19.1	193.1	20972	20821	13810	6691	60	39022	1690	0	0	3057	0	0
January 12, 2010 1:03:00 PM UTC	1263326580000	0	0	yes	19.1	193.3	20972	20821	13810	6691	61	39021	1689	0	0	3055	0	0
January 12, 2010 1:04:00 PM UTC	1263326640000	0	0	yes	19.0	193.6	20972	20821	13809	6691	62	39021	1687	0	0	3061	0	0
January 12, 2010 1:05:00 PM UTC	1263326700000	0	0	yes	19.0	193.8	20972	20821	13809	6691	64	39019	1686	0	0	3058	0	0
January 12, 2010 1:06:00 PM UTC	1263326760000	0	0	yes	19.0	194.1	20972	20821	13809	6691	65	39018	1680	0	0	3062	0	0
January 12, 2010 1:07:00 PM UTC	1263326820000	0	0	yes	18.9	194.3	20972	20821	13824	6622	70	39067	1703	0	0	3066	0	0
January 12, 2010 1:08:00 PM UTC	1263326880000	0	0	yes	18.9	194.5	20972	20821	13809	6690	65	39019	1675	0	0	3063	0	0
January 12, 2010 1:09:00 PM UTC	1263326940000	0	0	yes	18.8	194.8	20972	20821	13805	6714	63	39001	1656	0	0	3070	0	0
January 12, 2010 1:10:00 PM UTC	1263327000000	0	0	yes	18.8	195.0	20972	20821	13807	6640	66	39070	1668	0	0	3065	0	0
January 12, 2010 1:11:00 PM UTC	1263327060000	0	0	yes	18.8	195.3	20972	20821	13808	6638	66	39071	1663	0	0	3073	0	0
January 12, 2010 1:12:00 PM UTC	1263327120000	0	0	yes	18.7	195.5	20972	20821	13823	6570	70	39120	1691	0	0	3067	0	0
January 12, 2010 1:13:00 PM UTC	1263327180000	0	0	yes	18.7	195.7	20972	20821	13803	6695	63	39022	1647	0	0	3077	0	0
January 12, 2010 1:14:00 PM UTC	1263327240000	0	0	yes	18.6	196.0	20972	20821	13818	6628	71	39066	1672	0	0	3069	0	0
January 12, 2010 1:15:00 PM UTC	1263327300000	0	0	yes	18.6	196.2	20972	20821	13818	6628	71	39066	1662	0	0	3079	0	0
January 12, 2010 1:16:00 PM UTC	1263327360000	0	0	yes	18.5	196.5	20972	20821	13802	6701	65	39015	1636	0	0	3075	0	0
January 12, 2010 1:17:00 PM UTC	1263327420000	0	0	yes	18.5	196.7	20972	20821	13816	6710	69	38988	1640	0	0	3084	0	0
January 12, 2010 1:18:00 PM UTC	1263327480000	0	0	yes	18.4	196.9	20972	20821	13816	6708	73	38986	1641	0	0	3081	0	0
January 12, 2010 1:19:00 PM UTC	1263327540000	0	0	yes	18.4	197.2	20972	20821	13816	6708	71	38988	1637	0	0	3085	0	0
January 12, 2010 1:20:00 PM UTC	1263327600000	0	0	yes	18.3	197.4	20972	20821	13817	6646	74	39046	1647	0	0	3088	0	0
January 12, 2010 1:21:00 PM UTC	1263327660000	0	0	yes	18.3	197.7	20972	20821	13812	6668	73	39030	1632	0	0	3089	0	0
January 12, 2010 1:22:00 PM UTC	1263327720000	0	0	yes	18.2	197.9	20972	20821	13812	6668	73	39030	1630	0	0	3090	0	0
January 12, 2010 1:23:00 PM UTC	1263327780000	0	0	yes	18.2	198.1	20972	20821	13812	6668	75	39028	1620	0	0	3095	0	0
January 12, 2010 1:24:00 PM UTC	1263327840000	0	0	yes	18.1	198.4	20972	20821	13812	6668	76	39027	1619	0	0	3091	0	0
January 12, 2010 1:25:00 PM UTC	1263327900000	0	0	yes	18.1	198.6	20972	20821	13805	6695	74	39009	1599	0	0	3100	0	0
January 12, 2010 1:26:00 PM UTC	1263327960000	0	0	yes	18.0	198.9	20972	20821	13811	6668	76	39028	1606	0	0	3097	0	0
January 12, 2010 1:27:00 PM UTC	1263328020000	0	0	yes	18.0	199.1	20972	20821	13811	6668	76	39028	1600	0	0	3108	0	0
January 12, 2010 1:28:00 PM UTC	1263328080000	0	0	yes	17.9	199.3	20972	20821	13825	6601	86	39071	1630	0	0	3101	0	0
January 12, 2010 1:29:00 PM UTC	1263328140000	0	0	yes	17.9	199.6	20972	20821	13805	6695	75	39008	1585	0	0	3110	0	0
January 12, 2010 1:30:00 PM UTC	1263328200000	0	0	yes	17.8	199.8	20972	20821	13808	6624	77	39074	1594	0	0	3108	0	0
January 12, 2010 1:31:00 PM UTC	1263328260000	0	0	yes	17.8	200.0	20972	20821	13822	6565	84	39112	1605	0	0	3114	0	0
January 12, 2010 1:32:00 PM UTC	1263328320000	0	0	yes	17.7	200.3	20972	20821	13801	6699	75	39008	1566	0	0	3112	0	0
January 12, 2010 1:33:00 PM UTC	1263328380000	0	0	yes	17.6	200.5	20972	20821	13815	6634	83	39051	1578	0	0	3122	0	0
January 12, 2010 1:34:00 PM UTC	1263328440000	0	0	yes	17.6	200.7	20972	20821	13806	6676	81	39020	1567	0	0	3123	0	0
January 12, 2010 1:35:00 PM UTC	1263328500000	0	0	yes	17.5	201.0	20972	20821	13821	6610	86	39066	1583	0	0	3127	0	0
January 12, 2010 1:36:00 PM UTC	1263328560000	0	0	yes	17.5	201.2	20972	20821	13815	6635	85	39048	1575	0	0	3126	0	0
January 12, 2010 1:37:00 PM UTC	1263328620000	0	0	yes	17.4	201.5	20972	20821	13815	6635	85	39048	1562	0	0	3134	0	0
January 12, 2010 1:38:00 PM UTC	1263328680000	0	0	yes	17.3	201.7	20972	20821	13812	6716	85	38970	1552	0	0	3131	0	0
January 12, 2010 1:39:00 PM UTC	1263328740000	0	0	yes	17.3	201.9	20972	20821	13806	6744	80	38953	1531	0	0	3140	0	0
January 12, 2010 1:40:00 PM UTC	1263328800000	0	0	yes	17.2	202.2	20972	20821	13808	6689	86	39000	1539	0	0	3142	0	0
January 12, 2010 1:41:00 PM UTC	1263328860000	0	0	yes	17.2	202.4	20972	20821	13815	6663	86	39019	1541	0	0	3145	0	0
January 12, 2010 1:42:00 PM UTC	1263328920000	0	0	yes	17.1	202.6	20972	20821	13815	6663	86	39019	1542	0	0	3143	0	0
January 12, 2010 1:43:00 PM UTC	1263328980000	0	0	yes	17.0	202.9	20972	20821	13809	6689	86	38999	1517	0	0	3154	0	0
January 12, 2010 1:44:00 PM UTC	1263329040000	0	0	yes	17.0	203.1	20972	20821	13809	6689	85	39000	1517	0	0	3151	0	0
January 12, 2010 1:45:00 PM UTC	1263329100000	0	0	yes	16.9	203.3	20972	20821	13808	6689	85	39001	1507	0	0	3159	0	0
January 12, 2010 1:46:00 PM UTC	1263329160000	0	0	yes	16.8	203.6	20972	20821	13816	6653	92	39022	1519	0	0	3157	0	0
January 12, 2010 1:47:00 PM UTC	1263329220000	0	0	yes	16.8	203.8	20972	20821	13803	6719	83	38978	1484	0	0	3167	0	0
January 12, 2010 1:48:00 PM UTC	1263329280000	0	0	yes	16.7	204.0	20972	20821	13825	6624	89	39045	1520	0	0	3162	0	0
January 12, 2010 1:49:00 PM UTC	1263329340000	0	0	yes	16.6	204.3	20972	20821	13803	6718	90	38972	1473	0	0	3176	0	0
January 12, 2010 1:50:00 PM UTC	1263329400000	0	0	yes	16.6	204.5	20972	20821	13818	6602	94	39069	1501	0	0	3173	0	0
January 12, 2010 1:51:00 PM UTC	1263329460000	0	0	yes	16.5	204.7	20972	20821	13805	6663	85	39030	1463	0	0	3186	0	0
January 12, 2010 1:52:00 PM UTC	1263329520000	0	0	yes	16.4	205.0	20972	20821	13810	6633	93	39047	1479	0	0	3176	0	0
January 12, 2010 1:53:00 PM UTC	1263329580000	0	0	yes	16.3	205.2	20972	20821	13818	6601	96	39068	1479	0	0	3192	0	0
January 12, 2010 1:54:00 PM UTC	1263329640000	0	0	yes	16.3	205.4	20972	20821	13818	6652	94	39019	1474	0	0	3187	0	0
January 12, 2010 1:55:00 PM UTC	1263329700000	0	0	yes	16.2	205.6	20972	20821	13810	6684	91	38998	1451	0	0	3198	0	0
January 12, 2010 1:56:00 PM UTC	1263329760000	0	0	yes	16.1	205.9	20972	20821	13810	6684	94	38995	1447	0	0	3200	0	0
January 12, 2010 1:57:00 PM UTC	1263329820000	0	0	yes	16.1	206.1	20972	20821	13810	6684	93	38996	1442	0	0	3202	0	0
January 12, 2010 1:58:00 PM UTC	1263329880000	0	0	yes	16.0	206.3	20972	20821	13826	6621	101	39035	1460	0	0	3202	0	0
January 12, 2010 1:59:00 PM UTC	1263329940000	0	0	yes	15.9	206.6	20972	20821	13810	6683	95	38995	1431	0	0	3211	0	0
January 12, 2010 2:00:00 PM UTC	1263330000000	0	0	yes	15.8	206.8	20972	20821	13825	6575	104	39079	1453	0	0	3211	0	0
January 12, 2010 2:01:00 PM UTC	1263330060000	0	0	yes	15.8	207.0	20972	20821	13811	6638	96	39038	1419	0	0	3223	0	0
January 12, 2010 2:02:00 PM UTC	1263330120000	0	0	yes	15.7	207.2	20972	20821	13817	6611	100	39055	1426	0	0	3221	0	0
January 12, 2010 2:03:00 PM UTC	1263330180000	0	0	yes	15.6	207.5	20972	20821	13803	6676	96	39008	1398	0	0	3228	0	0
January 12, 2010 2:04:00 PM UTC	1263330240000	0	0	yes	15.5	207.7	20972	20821	13826	6573	107	39077	1425	0	0	3231	0	0
January 12, 2010 2:05:00 PM UTC	1263330300000	0	0	yes	15.5	207.9	20972	20821	13806	6667	98	39012	1385	0	0	3238	0	0
January 12, 2010 2:06:00 PM UTC	1263330360000	0	0	yes	15.4	208.2	20972	20821	13818	6611	101	39053	1396	0	0	3245	0	0
January 12, 2010 2:07:00 PM UTC	1263330420000	0	0	yes	15.3	208.4	20972	20821	13818	6611	104	39050	1391	0	0	3248	0	0
January 12, 2010 2:08:00 PM UTC	1263330480000	0	0	yes	15.2	208.6	20972	20821	13808	6718	103	38954	1372	0	0	3249	0	0
January 12, 2010 2:09:00 PM UTC	1263330540000	0	0	yes	15.1	208.8	20972	20821	13817	6650	100	39016	1373	0	0	3257	0	0
January 12, 2010 2:10:00 PM UTC	1263330600000	0	0	yes	15.1	209.1	20972	20821	13817	6650	109	39007	1369	0	0	3265	0	0
January 12, 2010 2:11:00 PM UTC	1263330660000	0	0	yes	15.0	209.3	20972	20821	13809	6685	105	38984	1346	0	0	3273	0	0
January 12, 2010 2:12:00 PM UTC	1263330720000	0	0	yes	14.9	209.5	20972	20821	13809	6685	104	38985	1349	0	0	3272	0	0
January 12, 2010 2:13:00 PM UTC	1263330780000	0	0	yes	14.8	209.7	20972	20821	13800	6732	100	38951	1323	0	0	3277	0	0
January 12, 2010 2:14:00 PM UTC	1263330840000	0	0	yes	14.7	210.0	20972	20821	13809	6685	106	38983	1333	0	0	3280	0	0
January 12, 2010 2:15:00 PM UTC	1263330900000	0	0	yes	14.7	210.2	20972	20821	13809	6685	104	38985	1321	0	0	3289	0	0
January 12, 2010 2:16:00 PM UTC	1263330960000	0	0	yes	14.6	210.4	20972	20821	13816	6660	107	39000	1323	0	0	3290	0	0
January 12, 2010 2:17:00 PM UTC	1263331020000	0	0	yes	14.5	210.6	20972	20821	13801	6721	103	38958	1300	0	0	3295	0	0
January 12, 2010 2:18:00 PM UTC	1263331080000	0	0	yes	14.4	210.9	20972	20821	13822	6622	111	39028	1321	0	0	3300	0	0
January 12, 2010 2:19:00 PM UTC	1263331140000	0	0	yes	14.3	211.1	20972	20821	13815	6626	109	39033	1311	0	0	3304	0	0
January 12, 2010 2:20:00 PM UTC	1263331200000	0	0	yes	14.2	211.3	20972	20821	13815	6626	111	39031	1294	0	0	3315	0	0
January 12, 2010 2:21:00 PM UTC	1263331260000	0	0	yes	14.1	211.5	20972	20821	13815	6626	107	39035	1296	0	0	3315	0	0
January 12, 2010 2:22:00 PM UTC	1263331320000	0	0	yes	14.1	211.8	20972	20821	13806	6665	105	39007	1277	0	0	3318	0	0
January 12, 2010 2:23:00 PM UTC	1263331380000	0	0	yes	14.0	212.0	20972	20821	13815	6626	111	39031	1280	0	0	3327	0	0
January 12, 2010 2:24:00 PM UTC	1263331440000	0	0	yes	13.9	212.2	20972	20821	13815	6625	110	39033	1272	0	0	3336	0	0
January 12, 2010 2:25:00 PM UTC	1263331500000	0	0	yes	13.8	212.4	20972	20821	13805	6723	106	38949	1247	0	0	3338	0	0
January 12, 2010 2:26:00 PM UTC	1263331560000	0	0	yes	13.7	212.6	20972	20821	13805	6724	107	38947	1244	0	0	3343	0	0
January 12, 2010 2:27:00 PM UTC	1263331620000	0	0	yes	13.6	212.9	20972	20821	13810	6682	110	38981	1246	0	0	3350	0	0
January 12, 2010 2:28:00 PM UTC	1263331680000	0	0	yes	13.5	213.1	20972	20821	13820	6663	112	38988	1246	0	0	3360	0	0
January 12, 2010 2:29:00 PM UTC	1263331740000	0	0	yes	13.4	213.3	20972	20821	13818	6630	114	39021	1241	0	0	3366	0	0
January 12, 2010 2:30:00 PM UTC	1263331800000	0	0	yes	13.3	213.5	20972	20821	13810	6672	110	38991	1218	0	0	3377	0	0
January 12, 2010 2:31:00 PM UTC	1263331860000	0	0	yes	13.2	213.7	20972	20821	13818	6631	112	39022	1226	0	0	3374	0	0
January 12, 2010 2:32:00 PM UTC	1263331920000	0	0	yes	13.2	214.0	20972	20821	13818	6631	112	39022	1213	0	0	3397	0	0
January 12, 2010 2:33:00 PM UTC	1263331980000	0	0	yes	13.1	214.2	20972	20821	13810	6673	109	38991	1190	0	0	3399	0	0
January 12, 2010 2:34:00 PM UTC	1263332040000	0	0	yes	13.0	214.4	20972	20821	13810	6673	110	38990	1188	0	0	3396	0	0
January 12, 2010 2:35:00 PM UTC	1263332100000	0	0	yes	12.9	214.6	20972	20821	13820	6632	110	39021	1195	0	0	3414	0	0
January 12, 2010 2:36:00 PM UTC	1263332160000	0	0	yes	12.8	214.8	20972	20821	13810	6673	108	38992	1173	0	0	3413	0	0
January 12, 2010 2:37:00 PM UTC	1263332220000	0	0	yes	12.7	215.0	20972	20821	13822	6615	114	39032	1182	0	0	3440	0	0
January 12, 2010 2:38:00 PM UTC	1263332280000	0	0	yes	12.6	215.3	20972	20821	13801	6715	106	38961	1146	0	0	3434	0	0
January 12, 2010 2:39:00 PM UTC	1263332340000	0	0	yes	12.5	215.5	20972	20821	13825	6595	112	39051	1172	0	0	3429	0	0
January 12, 2010 2:40:00 PM UTC	1263332400000	0	0	yes	12.4	215.7	20972	20821	13811	6667	106	38999	1139	0	0	3459	0	0
January 12, 2010 2:41:00 PM UTC	1263332460000	0	0	yes	12.3	215.9	20972	20821	13814	6638	109	39022	1142	0	0	3451	0	0
January 12, 2010 2:42:00 PM UTC	1263332520000	0	0	yes	12.2	216.1	20972	20821	13814	6638	108	39023	1132	0	0	3467	0	0
January 12, 2010 2:43:00 PM UTC	1263332580000	0	0	yes	12.1	216.3	20972	20821	13825	6590	110	39058	1139	0	0	3474	0	0
January 12, 2010 2:44:00 PM UTC	1263332640000	0	0	yes	12.0	216.6	20972	20821	13815	6638	105	39025	1113	0	0	3483	0	0
January 12, 2010 2:45:00 PM UTC	1263332700000	0	0	yes	11.9	216.8	20972	20821	13815	6638	105	39025	1107	0	0	3491	0	0
January 12, 2010 2:46:00 PM UTC	1263332760000	0	0	yes	11.8	217.0	20972	20821	13806	6682	102	38993	1087	0	0	3500	0	0
January 12, 2010 2:47:00 PM UTC	1263332820000	0	0	yes	11.7	217.2	20972	20821	13828	6580	110	39065	1106	0	0	3512	0	0
January 12, 2010 2:48:00 PM UTC	1263332880000	0	0	yes	11.6	217.4	20972	20821	13816	6637	106	39024	1079	0	0	3516	0	0
January 12, 2010 2:49:00 PM UTC	1263332940000	0	0	yes	11.5	217.6	20972	20821	13822	6570	108	39083	1087	0	0	3520	0	0
January 12, 2010 2:50:00 PM UTC	1263333000000	0	0	yes	11.4	217.8	20972	20821	13806	6665	98	39014	1056	0	0	3529	0	0
January 12, 2010 2:51:00 PM UTC	1263333060000	0	0	yes	11.3	218.1	20972	20821	13828	6564	110	39081	1074	0	0	3540	0	0
January 12, 2010 2:52:00 PM UTC	1263333120000	0	0	yes	11.2	218.3	20972	20821	13819	6606	105	39053	1051	0	0	3553	0	0
January 12, 2010 2:53:00 PM UTC	1263333180000	0	0	yes	11.1	218.5	20972	20821	13820	6606	103	39054	1047	0	0	3553	0	0
January 12, 2010 2:54:00 PM UTC	1263333240000	0	0	yes	11.0	218.7	20972	20821	13820	6606	105	39052	1037	0	0	3566	0	0
January 12, 2010 2:55:00 PM UTC	1263333300000	0	0	yes	10.9	218.9	20972	20821	13809	6652	97	39025	1013	0	0	3576	0	0
January 12, 2010 2:56:00 PM UTC	1263333360000	0	0	yes	10.8	219.1	20972	20821	13820	6606	103	39054	1018	0	0	3583	0	0
January 12, 2010 2:57:00 PM UTC	1263333420000	0	0	yes	10.7	219.3	20972	20821	13810	6652	95	39026	1002	0	0	3585	0	0
January 12, 2010 2:58:00 PM UTC	1263333480000	0	0	yes	10.6	219.5	20972	20821	13821	6605	102	39055	1000	0	0	3603	0	0
January 12, 2010 2:59:00 PM UTC	1263333540000	0	0	yes	10.5	219.8	20972	20821	13812	6598	96	39077	986	0	0	3606	0	0
January 12, 2010 3:00:00 PM UTC	1263333600000	0	0	yes	10.4	220.0	20972	20821	13810	6635	93	39045	976	0	0	3613	0	0
January 12, 2010 3:01:00 PM UTC	1263333660000	0	0	yes	10.3	220.2	20972	20821	13820	6588	96	39079	980	0	0	3623	0	0
January 12, 2010 3:02:00 PM UTC	1263333720000	0	0	yes	10.1	220.4	20972	20821	13823	6582	98	39080	969	0	0	3631	0	0
January 12, 2010 3:03:00 PM UTC	1263333780000	0	0	yes	10.0	220.6	20972	20821	13811	6636	94	39042	951	0	0	3634	0	0
January 12, 2010 3:04:00 PM UTC	1263333840000	0	0	yes	9.9	220.8	20972	20821	13814	6630	91	39048	944	0	0	3644	0	0
January 12, 2010 3:05:00 PM UTC	1263333900000	0	0	yes	9.8	221.0	20972	20821	13822	6582	96	39083	948	0	0	3655	0	0
January 12, 2010 3:06:00 PM UTC	1263333960000	0	0	yes	9.7	221.2	20972	20821	13822	6582	97	39082	931	0	0	3672	0	0
January 12, 2010 3:07:00 PM UTC	1263334020000	0	0	yes	9.6	221.4	20972	20821	13811	6630	94	39048	920	0	0	3670	0	0
January 12, 2010 3:08:00 PM UTC	1263334080000	0	0	yes	9.5	221.6	20972	20821	13834	6529	98	39122	933	0	0	3682	0	0
January 12, 2010 3:09:00 PM UTC	1263334140000	0	0	yes	9.4	221.8	20972	20821	13813	6581	91	39098	903	0	0	3689	0	0
January 12, 2010 3:10:00 PM UTC	1263334200000	0	0	yes	9.3	222.0	20972	20821	13812	6619	90	39062	895	0	0	3697	0	0
January 12, 2010 3:11:00 PM UTC	1263334260000	0	0	yes	9.2	222.3	20972	20821	13811	6625	90	39057	885	0	0	3703	0	0
January 12, 2010 3:12:00 PM UTC	1263334320000	0	0	yes	9.0	222.5	20972	20821	13810	6623	93	39057	873	0	0	3715	0	0
January 12, 2010 3:13:00 PM UTC	1263334380000	0	0	yes	8.9	222.7	20972	20821	13822	6571	91	39099	880	0	0	3727	0	0
January 12, 2010 3:14:00 PM UTC	1263334440000	0	0	yes	8.8	222.9	20972	20821	13796	6673	84	39030	850	0	0	3731	0	0
January 12, 2010 3:15:00 PM UTC	1263334500000	0	0	yes	8.7	223.1	20972	20821	13821	6572	93	39097	858	0	0	3746	0	0
January 12, 2010 3:16:00 PM UTC	1263334560000	0	0	yes	8.6	223.3	20972	20821	13821	6572	92	39098	850	0	0	3755	0	0
January 12, 2010 3:17:00 PM UTC	1263334620000	0	0	yes	8.5	223.5	20972	20821	13809	6621	88	39065	829	0	0	3756	0	0
January 12, 2010 3:18:00 PM UTC	1263334680000	0	0	yes	8.4	223.7	20972	20821	13822	6571	89	39101	837	0	0	3767	0	0
January 12, 2010 3:19:00 PM UTC	1263334740000	0	0	yes	8.2	223.9	20972	20821	13822	6580	88	39093	826	0	0	3780	0	0
January 12, 2010 3:20:00 PM UTC	1263334800000	0	0	yes	8.1	224.1	20972	20821	13823	6523	90	39147	819	0	0	3787	0	0
January 12, 2010 3:21:00 PM UTC	1263334860000	0	0	yes	8.0	224.3	20972	20821	13823	6567	87	39106	807	0	0	3797	0	0
January 12, 2010 3:22:00 PM UTC	1263334920000	0	0	yes	7.9	224.5	20972	20821	13822	6568	89	39104	797	0	0	3807	0	0
January 12, 2010 3:23:00 PM UTC	1263334980000	0	0	yes	7.8	224.7	20972	20821	13809	6618	86	39070	784	0	0	3809	0	0
January 12, 2010 3:24:00 PM UTC	1263335040000	0	0	yes	7.7	224.9	20972	20821	13809	6620	86	39068	773	0	0	3814	0	0
January 12, 2010 3:25:00 PM UTC	1263335100000	0	0	yes	7.6	225.1	20972	20821	13822	6568	87	39106	775	0	0	3830	0	0
January 12, 2010 3:26:00 PM UTC	1263335160000	0	0	yes	7.4	225.3	20972	20821	13810	6620	82	39071	753	0	0	3835	0	0
January 12, 2010 3:27:00 PM UTC	1263335220000	0	0	yes	7.3	225.5	20972	20821	13811	6618	79	39075	744	0	0	3846	0	0
January 12, 2010 3:28:00 PM UTC	1263335280000	0	0	yes	7.2	225.7	20972	20821	13822	6568	83	39110	746	0	0	3860	0	0
January 12, 2010 3:29:00 PM UTC	1263335340000	0	0	yes	7.1	225.9	20972	20821	13823	6517	84	39159	740	0	0	3868	0	0
January 12, 2010 3:30:00 PM UTC	1263335400000	0	0	yes	7.0	226.1	20972	20821	13812	6566	82	39123	719	0	0	3876	0	0
January 12, 2010 3:31:00 PM UTC	1263335460000	0	0	yes	6.8	226.3	20972	20821	13823	6513	84	39163	720	0	0	3891	0	0
January 12, 2010 3:32:00 PM UTC	1263335520000	0	0	yes	6.7	226.5	20972	20821	13822	6577	82	39102	709	0	0	3892	0	0
January 12, 2010 3:33:00 PM UTC	1263335580000	0	0	yes	6.6	226.7	20972	20821	13812	6626	77	39068	693	0	0	3893	0	0
January 12, 2010 3:34:00 PM UTC	1263335640000	0	0	yes	6.5	226.9	20972	20821	13822	6577	80	39104	691	0	0	3910	0	0
January 12, 2010 3:35:00 PM UTC	1263335700000	0	0	yes	6.4	227.1	20972	20821	13822	6577	80	39104	682	0	0	3919	0	0
January 12, 2010 3:36:00 PM UTC	1263335760000	0	0	yes	6.2	227.3	20972	20821	13809	6631	77	39066	663	0	0	3922	0	0
January 12, 2010 3:37:00 PM UTC	1263335820000	0	0	yes	6.1	227.5	20972	20821	13822	6577	80	39104	666	0	0	3935	0	0
January 12, 2010 3:38:00 PM UTC	1263335880000	0	0	yes	6.0	227.7	20972	20821	13822	6577	77	39107	658	0	0	3945	0	0
January 12, 2010 3:39:00 PM UTC	1263335940000	0	0	yes	5.9	227.9	20972	20821	13810	6631	73	39069	634	0	0	3951	0	1
January 12, 2010 3:40:00 PM UTC	1263336000000	0	0	yes	5.7	228.1	20972	20821	13822	6545	79	39137	640	0	0	3965	3	5
January 12, 2010 3:41:00 PM UTC	1263336060000	0	0	yes	5.6	228.3	20972	20821	13824	6536	82	39141	629	9	6	3976	7	10
January 12, 2010 3:42:00 PM UTC	1263336120000	0	0	yes	5.5	228.5	20972	20821	13824	6536	81	39142	623	21	20	3984	12	21
January 12, 2010 3:43:00 PM UTC	1263336180000	0	0	yes	5.4	228.7	20972	20821	13821	6586	85	39091	611	45	13	3990	35	28
January 12, 2010 3:44:00 PM UTC	1263336240000	0	0	yes	5.2	228.9	20972	20821	13820	6595	88	39080	600	44	21	3997	69	29
January 12, 2010 3:45:00 PM UTC	1263336300000	0	0	yes	5.1	229.1	20972	20821	13820	6595	92	39076	591	57	21	4008	109	37
January 12, 2010 3:46:00 PM UTC	1263336360000	1	0	yes	5.0	229.3	20972	20821	13809	6641	92	39041	579	103	20	4007	165	34
January 12, 2010 3:47:00 PM UTC	1263336420000	1	0	yes	4.9	229.5	20972	20821	13820	6595	98	39070	576	138	19	4027	199	57
January 12, 2010 3:48:00 PM UTC	1263336480000	1	0	yes	4.7	229.7	20972	20821	13808	6654	96	39025	555	145	36	4026	252	67
January 12, 2010 3:49:00 PM UTC	1263336540000	1	0	yes	4.6	229.9	20972	20821	13830	6552	104	39097	566	177	49	4049	272	86
January 12, 2010 3:50:00 PM UTC	1263336600000	1	0	yes	4.5	230.1	20972	20821	13820	6571	108	39084	551	203	40	4054	291	112
January 12, 2010 3:51:00 PM UTC	1263336660000	2	0	yes	4.4	230.3	20972	20821	13809	6616	109	39049	531	248	47	4056	360	130
January 12, 2010 3:52:00 PM UTC	1263336720000	2	1	yes	4.2	230.5	20972	20821	13832	6513	119	39119	540	245	64	4079	423	141
January 12, 2010 3:53:00 PM UTC	1263336780000	2	1	yes	4.1	230.7	20972	20821	13808	6615	114	39046	514	247	65	4075	526	178
January 12, 2010 3:54:00 PM UTC	1263336840000	2	1	yes	4.0	230.9	20972	20821	13817	6621	125	39020	512	258	45	4083	623	234
January 12, 2010 3:55:00 PM UTC	1263336900000	3	1	yes	3.8	231.0	20972	20821	13829	6564	134	39056	513	253	31	4098	726	293
January 12, 2010 3:56:00 PM UTC	1263336960000	3	1	yes	3.7	231.2	20972	20821	13818	6621	136	39008	496	239	35	4098	860	325
January 12, 2010 3:57:00 PM UTC	1263337020000	3	1	yes	3.6	231.4	20972	20821	13818	6621	146	38998	485	244	37	4110	999	311
January 12, 2010 3:58:00 PM UTC	1263337080000	4	1	yes	3.5	231.6	20972	20821	13817	6621	158	38987	476	203	52	4120	1191	316
January 12, 2010 3:59:00 PM UTC	1263337140000	4	1	yes	3.3	231.8	20972	20821	13817	6621	171	38974	470	204	53	4126	1218	462
January 12, 2010 4:00:00 PM UTC	1263337200000	4	2	yes	3.2	232.0	20972	20821	13814	6650	187	38932	460	122	58	4130	1322	553
January 12, 2010 4:01:00 PM UTC	1263337260000	4	2	yes	3.1	232.2	20972	20821	13818	6588	198	38979	455	106	54	4144	1342	568
