December 24, 2009 8:20:00 AM UTC	1261668000000	0	1	no	3.0	131.1	20972	20821	13820	6596	204	38963	453	110	93	4145	31	477
December 24, 2009 8:21:00 AM UTC	1261668060000	1	2	no	3.2	131.3	20972	20821	13810	6642	181	38950	451	106	109	4132	172	522
December 24, 2009 8:22:00 AM UTC	1261668120000	1	2	no	3.3	131.5	20972	20821	13822	6554	176	39031	471	115	135	4131	136	540
December 24, 2009 8:23:00 AM UTC	1261668180000	1	2	no	3.4	131.7	20972	20821	13812	6594	157	39020	473	126	125	4118	105	449
December 24, 2009 8:24:00 AM UTC	1261668240000	1	3	no	3.5	131.9	20972	20821	13824	6531	150	39078	489	146	138	4119	100	855
December 24, 2009 8:25:00 AM UTC	1261668300000	1	3	no	3.7	132.1	20972	20821	13810	6632	136	39005	484	162	134	4100	169	877
December 24, 2009 8:26:00 AM UTC	1261668360000	1	4	no	3.8	132.3	20972	20821	13822	6578	132	39051	505	153	160	4097	97	1208
December 24, 2009 8:27:00 AM UTC	1261668420000	1	4	no	3.9	132.5	20972	20821	13822	6578	126	39057	513	186	163	4088	67	1180
December 24, 2009 8:28:00 AM UTC	1261668480000	1	3	no	4.0	132.7	20972	20821	13809	6633	120	39021	510	188	181	4076	115	1142
December 24, 2009 8:29:00 AM UTC	1261668540000	1	3	no	4.2	132.9	20972	20821	13822	6578	119	39064	527	268	134	4074	182	1183
December 24, 2009 8:30:00 AM UTC	1261668600000	2	3	no	4.3	133.1	20972	20821	13822	6578	113	39070	538	181	214	4063	550	1057
December 24, 2009 8:31:00 AM UTC	1261668660000	2	4	no	4.4	133.3	20972	20821	13812	6625	107	39039	538	217	180	4049	702	1204
December 24, 2009 8:32:00 AM UTC	1261668720000	3	3	no	4.5	133.5	20972	20821	13822	6578	107	39076	553	242	178	4049	787	1054
December 24, 2009 8:33:00 AM UTC	1261668780000	2	4	no	4.6	133.7	20972	20821	13835	6488	107	39153	576	290	140	4049	685	1253
December 24, 2009 8:34:00 AM UTC	1261668840000	3	4	no	4.8	133.9	20972	20821	13812	6590	98	39083	565	249	181	4030	747	1336
December 24, 2009 8:35:00 AM UTC	1261668900000	3	4	no	4.9	134.1	20972	20821	13812	6590	96	39085	572	336	106	4025	856	1179
December 24, 2009 8:36:00 AM UTC	1261668960000	3	4	no	5.0	134.3	20972	20821	13822	6569	97	39095	587	383	82	4017	823	1109
December 24, 2009 8:37:00 AM UTC	1261669020000	3	5	no	5.1	134.4	20972	20821	13810	6624	89	39060	585	401	87	4004	787	1469
December 24, 2009 8:38:00 AM UTC	1261669080000	3	5	no	5.2	134.6	20972	20821	13811	6616	91	39065	596	352	147	3994	948	1403
December 24, 2009 8:39:00 AM UTC	1261669140000	4	4	no	5.4	134.8	20972	20821	13822	6569	87	39105	614	414	112	3991	1160	1232
December 24, 2009 8:40:00 AM UTC	1261669200000	4	5	no	5.5	135.0	20972	20821	13822	6569	83	39109	620	410	121	3984	1107	1352
December 24, 2009 8:41:00 AM UTC	1261669260000	4	5	no	5.6	135.2	20972	20821	13809	6619	78	39077	621	386	156	3974	1293	1509
December 24, 2009 8:42:00 AM UTC	1261669320000	5	4	no	5.7	135.4	20972	20821	13822	6569	79	39113	636	523	33	3969	1396	1271
December 24, 2009 8:43:00 AM UTC	1261669380000	5	4	yes	5.8	135.6	20972	20821	13823	6567	78	39115	646	567	1	3957	1368	1227
December 24, 2009 8:44:00 AM UTC	1261669440000	5	4	no	5.9	135.8	20972	20821	13811	6629	73	39070	643	560	10	3940	1194	1144
December 24, 2009 8:45:00 AM UTC	1261669500000	4	4	no	6.1	136.0	20972	20821	13823	6579	79	39102	666	527	60	3941	1044	1161
December 24, 2009 8:46:00 AM UTC	1261669560000	5	5	no	6.2	136.2	20972	20821	13834	6477	83	39189	684	539	60	3940	1220	1136
December 24, 2009 8:47:00 AM UTC	1261669620000	5	5	no	6.3	136.4	20972	20821	13809	6624	80	39070	665	583	2	3919	1278	1295
December 24, 2009 8:48:00 AM UTC	1261669680000	6	5	no	6.4	136.6	20972	20821	13809	6624	78	39072	672	590	4	3913	1650	1322
December 24, 2009 8:49:00 AM UTC	1261669740000	7	5	no	6.5	136.8	20972	20821	13821	6574	81	39107	698	599	17	3907	2010	968
December 24, 2009 8:50:00 AM UTC	1261669800000	8	5	no	6.6	137.0	20972	20821	13808	6626	76	39073	695	618	1	3899	2060	878
December 24, 2009 8:51:00 AM UTC	1261669860000	8	6	no	6.7	137.2	20972	20821	13822	6573	84	39104	713	618	11	3893	2353	525
December 24, 2009 8:52:00 AM UTC	1261669920000	8	5	no	6.9	137.4	20972	20821	13822	6573	83	39105	723	627	13	3884	2131	686
December 24, 2009 8:53:00 AM UTC	1261669980000	7	6	no	7.0	137.6	20972	20821	13810	6625	85	39063	718	633	0	3871	2080	776
December 24, 2009 8:54:00 AM UTC	1261670040000	6	6	no	7.1	137.8	20972	20821	13823	6572	84	39104	739	647	8	3866	1787	1029
December 24, 2009 8:55:00 AM UTC	1261670100000	6	4	no	7.2	138.0	20972	20821	13813	6583	83	39104	741	639	18	3853	1608	1004
December 24, 2009 8:56:00 AM UTC	1261670160000	6	6	no	7.3	138.2	20972	20821	13823	6534	87	39139	757	648	5	3850	1521	992
December 24, 2009 8:57:00 AM UTC	1261670220000	7	5	no	7.4	138.4	20972	20821	13811	6636	84	39052	747	660	2	3843	1666	836
December 24, 2009 8:58:00 AM UTC	1261670280000	8	7	no	7.5	138.6	20972	20821	13811	6636	84	39052	760	675	1	3829	1698	1014
December 24, 2009 8:59:00 AM UTC	1261670340000	8	9	no	7.6	138.9	20972	20821	13810	6642	88	39043	765	673	3	3822	1770	960
December 24, 2009 9:00:00 AM UTC	1261670400000	8	10	no	7.7	139.1	20972	20821	13822	6588	90	39083	789	681	0	3814	1698	1047
December 24, 2009 9:01:00 AM UTC	1261670460000	8	10	no	7.8	139.3	20972	20821	13823	6588	88	39084	793	672	1	3810	1731	1099
December 24, 2009 9:02:00 AM UTC	1261670520000	8	12	no	8.0	139.5	20972	20821	13811	6642	82	39048	790	659	2	3794	1778	1298
December 24, 2009 9:03:00 AM UTC	1261670580000	9	14	no	8.1	139.7	20972	20821	13823	6588	85	39087	812	687	0	3788	1951	1321
December 24, 2009 9:04:00 AM UTC	1261670640000	9	15	no	8.2	139.9	20972	20821	13820	6596	92	39075	815	708	0	3788	2199	1185
December 24, 2009 9:05:00 AM UTC	1261670700000	10	15	no	8.3	140.1	20972	20821	13822	6588	90	39083	826	727	0	3777	2203	1199
December 24, 2009 9:06:00 AM UTC	1261670760000	10	16	no	8.4	140.3	20972	20821	13812	6602	87	39082	830	725	0	3763	2215	1199
December 24, 2009 9:07:00 AM UTC	1261670820000	10	18	no	8.5	140.5	20972	20821	13821	6609	87	39066	837	720	0	3764	2064	1360
December 24, 2009 9:08:00 AM UTC	1261670880000	10	19	no	8.6	140.7	20972	20821	13810	6657	84	39032	839	712	0	3749	2125	1269
December 24, 2009 9:09:00 AM UTC	1261670940000	11	21	no	8.7	140.9	20972	20821	13820	6610	89	39064	858	684	0	3743	2169	1211
December 24, 2009 9:10:00 AM UTC	1261671000000	11	24	no	8.8	141.1	20972	20821	13807	6674	88	39014	850	681	0	3735	2273	1185
December 24, 2009 9:11:00 AM UTC	1261671060000	12	24	no	8.9	141.3	20972	20821	13820	6610	90	39063	874	724	0	3729	2420	1171
December 24, 2009 9:12:00 AM UTC	1261671120000	13	26	no	9.0	141.5	20972	20821	13820	6610	90	39063	882	736	2	3719	2493	1128
December 24, 2009 9:13:00 AM UTC	1261671180000	12	25	no	9.1	141.7	20972	20821	13819	6610	93	39061	894	734	0	3710	2612	1011
December 24, 2009 9:14:00 AM UTC	1261671240000	13	24	no	9.2	141.9	20972	20821	13829	6561	98	39095	910	687	2	3705	2661	964
December 24, 2009 9:15:00 AM UTC	1261671300000	13	27	no	9.3	142.1	20972	20821	13817	6617	92	39057	901	646	0	3697	2705	935
December 24, 2009 9:16:00 AM UTC	1261671360000	14	26	no	9.4	142.4	20972	20821	13822	6573	92	39096	921	645	10	3687	2732	900
December 24, 2009 9:17:00 AM UTC	1261671420000	14	26	no	9.5	142.6	20972	20821	13816	6641	91	39035	920	660	10	3675	2791	846
December 24, 2009 9:18:00 AM UTC	1261671480000	14	27	no	9.6	142.8	20972	20821	13816	6641	95	39031	922	660	9	3672	2851	778
December 24, 2009 9:19:00 AM UTC	1261671540000	14	27	no	9.7	143.0	20972	20821	13806	6686	92	38999	924	688	3	3665	3019	633
December 24, 2009 9:20:00 AM UTC	1261671600000	15	25	no	9.8	143.2	20972	20821	13815	6642	94	39032	945	732	4	3654	3042	599
December 24, 2009 9:21:00 AM UTC	1261671660000	15	25	no	9.9	143.4	20972	20821	13815	6642	95	39031	951	764	5	3646	3024	616
December 24, 2009 9:22:00 AM UTC	1261671720000	14	25	no	10.0	143.6	20972	20821	13824	6603	100	39056	970	803	1	3639	2961	668
December 24, 2009 9:23:00 AM UTC	1261671780000	15	25	no	10.1	143.8	20972	20821	13801	6699	93	38990	955	827	1	3630	2968	634
December 24, 2009 9:24:00 AM UTC	1261671840000	15	24	no	10.2	144.0	20972	20821	13814	6642	95	39032	976	849	0	3615	3035	568
December 24, 2009 9:25:00 AM UTC	1261671900000	15	22	no	10.3	144.2	20972	20821	13814	6644	96	39029	979	850	0	3621	3145	474
December 24, 2009 9:26:00 AM UTC	1261671960000	15	24	no	10.4	144.5	20972	20821	13825	6598	102	39058	1000	883	0	3611	3135	470
December 24, 2009 9:27:00 AM UTC	1261672020000	15	25	no	10.5	144.7	20972	20821	13802	6665	96	39020	989	892	0	3593	2988	537
December 24, 2009 9:28:00 AM UTC	1261672080000	16	24	no	10.6	144.9	20972	20821	13810	6685	97	38991	1000	903	0	3598	3168	382
December 24, 2009 9:29:00 AM UTC	1261672140000	16	26	no	10.7	145.1	20972	20821	13810	6685	101	38987	1003	897	0	3578	3044	515
December 24, 2009 9:30:00 AM UTC	1261672200000	17	24	no	10.8	145.3	20972	20821	13810	6685	100	38988	1014	909	0	3579	3174	396
December 24, 2009 9:31:00 AM UTC	1261672260000	16	26	no	10.9	145.5	20972	20821	13810	6685	97	38991	1021	924	0	3576	3193	383
December 24, 2009 9:32:00 AM UTC	1261672320000	17	28	no	11.0	145.7	20972	20821	13810	6685	100	38988	1031	931	0	3553	3297	256
December 24, 2009 9:33:00 AM UTC	1261672380000	18	25	no	11.1	145.9	20972	20821	13818	6644	107	39014	1044	937	0	3565	3476	89
December 24, 2009 9:34:00 AM UTC	1261672440000	18	26	no	11.2	146.2	20972	20821	13818	6644	104	39017	1057	953	0	3545	3408	137
December 24, 2009 9:35:00 AM UTC	1261672500000	19	26	no	11.3	146.4	20972	20821	13797	6744	99	38943	1038	939	0	3534	3399	135
December 24, 2009 9:36:00 AM UTC	1261672560000	20	26	no	11.4	146.6	20972	20821	13818	6644	109	39012	1070	961	0	3533	3368	165
December 24, 2009 9:37:00 AM UTC	1261672620000	19	28	no	11.4	146.8	20972	20821	13806	6670	102	39005	1064	962	0	3524	3332	192
December 24, 2009 9:38:00 AM UTC	1261672680000	20	30	no	11.5	147.0	20972	20821	13820	6670	109	38984	1084	975	0	3517	3391	126
December 24, 2009 9:39:00 AM UTC	1261672740000	20	31	no	11.6	147.2	20972	20821	13810	6686	103	38984	1085	982	0	3505	3390	115
December 24, 2009 9:40:00 AM UTC	1261672800000	20	31	no	11.7	147.4	20972	20821	13820	6668	108	38987	1103	995	0	3499	3368	131
December 24, 2009 9:41:00 AM UTC	1261672860000	20	33	no	11.8	147.7	20972	20821	13805	6670	100	39008	1092	982	0	3495	3397	98
December 24, 2009 9:42:00 AM UTC	1261672920000	20	33	no	11.9	147.9	20972	20821	13815	6631	108	39029	1110	1002	0	3492	3407	85
December 24, 2009 9:43:00 AM UTC	1261672980000	20	34	no	12.0	148.1	20972	20821	13815	6632	105	39031	1118	1013	0	3482	3338	144
December 24, 2009 9:44:00 AM UTC	1261673040000	20	35	no	12.1	148.3	20972	20821	13806	6671	102	39004	1115	1013	0	3472	3368	104
December 24, 2009 9:45:00 AM UTC	1261673100000	22	36	no	12.2	148.5	20972	20821	13815	6632	108	39028	1131	1023	0	3470	3435	35
December 24, 2009 9:46:00 AM UTC	1261673160000	21	39	no	12.2	148.7	20972	20821	13815	6632	109	39027	1137	1028	0	3461	3377	84
December 24, 2009 9:47:00 AM UTC	1261673220000	22	40	no	12.3	149.0	20972	20821	13815	6603	112	39053	1152	1040	0	3453	3361	92
December 24, 2009 9:48:00 AM UTC	1261673280000	22	42	no	12.4	149.2	20972	20821	13814	6665	107	38997	1147	1040	0	3451	3413	38
December 24, 2009 9:49:00 AM UTC	1261673340000	24	40	no	12.5	149.4	20972	20821	13816	6665	110	38992	1159	1049	0	3440	3411	29
December 24, 2009 9:50:00 AM UTC	1261673400000	24	41	no	12.6	149.6	20972	20821	13802	6728	106	38947	1140	1034	0	3440	3384	56
December 24, 2009 9:51:00 AM UTC	1261673460000	23	42	no	12.7	149.8	20972	20821	13809	6689	107	38978	1166	1059	0	3427	3343	84
December 24, 2009 9:52:00 AM UTC	1261673520000	23	41	no	12.8	150.1	20972	20821	13809	6689	109	38976	1171	1062	0	3421	3308	113
December 24, 2009 9:53:00 AM UTC	1261673580000	23	41	no	12.8	150.3	20972	20821	13809	6689	110	38975	1181	1071	0	3414	3278	136
December 24, 2009 9:54:00 AM UTC	1261673640000	22	41	no	12.9	150.5	20972	20821	13809	6689	108	38977	1179	1071	0	3418	3379	39
December 24, 2009 9:55:00 AM UTC	1261673700000	22	43	no	13.0	150.7	20972	20821	13809	6689	108	38977	1189	1081	0	3407	3304	103
December 24, 2009 9:56:00 AM UTC	1261673760000	23	45	no	13.1	150.9	20972	20821	13817	6653	112	39001	1207	1095	0	3400	3276	124
December 24, 2009 9:57:00 AM UTC	1261673820000	23	43	no	13.2	151.2	20972	20821	13817	6653	111	39002	1215	1104	0	3390	3315	75
December 24, 2009 9:58:00 AM UTC	1261673880000	23	45	no	13.2	151.4	20972	20821	13808	6735	109	38931	1211	1099	0	3382	3238	144
December 24, 2009 9:59:00 AM UTC	1261673940000	23	46	no	13.3	151.6	20972	20821	13818	6615	113	39037	1227	1104	0	3381	3191	190
December 24, 2009 10:00:00 AM UTC	1261674000000	23	45	no	13.4	151.8	20972	20821	13818	6615	111	39039	1240	1129	0	3370	3214	156
December 24, 2009 10:01:00 AM UTC	1261674060000	24	45	no	13.5	152.0	20972	20821	13818	6615	110	39040	1246	1125	0	3364	3145	219
December 24, 2009 10:02:00 AM UTC	1261674120000	23	47	no	13.6	152.3	20972	20821	13818	6615	113	39037	1254	1103	0	3357	3184	173
December 24, 2009 10:03:00 AM UTC	1261674180000	24	47	no	13.6	152.5	20972	20821	13804	6675	108	38996	1240	1130	0	3352	3290	62
December 24, 2009 10:04:00 AM UTC	1261674240000	24	48	no	13.7	152.7	20972	20821	13817	6615	109	39042	1261	1149	0	3350	3252	98
December 24, 2009 10:05:00 AM UTC	1261674300000	23	50	no	13.8	152.9	20972	20821	13803	6679	107	38994	1253	1146	0	3342	3263	79
December 24, 2009 10:06:00 AM UTC	1261674360000	23	50	no	13.9	153.1	20972	20821	13825	6582	116	39060	1288	1152	0	3337	3315	22
December 24, 2009 10:07:00 AM UTC	1261674420000	24	49	no	13.9	153.4	20972	20821	13813	6644	107	39019	1276	1158	0	3329	3289	40
December 24, 2009 10:08:00 AM UTC	1261674480000	25	52	no	14.0	153.6	20972	20821	13802	6718	106	38957	1267	1158	0	3328	3283	45
December 24, 2009 10:09:00 AM UTC	1261674540000	26	53	no	14.1	153.8	20972	20821	13810	6688	105	38980	1280	1159	0	3324	3262	62
December 24, 2009 10:10:00 AM UTC	1261674600000	25	56	no	14.2	154.0	20972	20821	13810	6688	107	38978	1285	1151	0	3320	3251	69
December 24, 2009 10:11:00 AM UTC	1261674660000	26	57	no	14.2	154.3	20972	20821	13810	6688	106	38979	1297	1187	0	3310	3214	96
December 24, 2009 10:12:00 AM UTC	1261674720000	26	58	no	14.3	154.5	20972	20821	13802	6720	97	38964	1287	1178	0	3308	3262	46
December 24, 2009 10:13:00 AM UTC	1261674780000	26	62	no	14.4	154.7	20972	20821	13818	6608	111	39046	1324	1205	0	3301	3280	21
December 24, 2009 10:14:00 AM UTC	1261674840000	27	65	no	14.4	154.9	20972	20821	13794	6703	102	38984	1294	1178	0	3298	3203	95
December 24, 2009 10:15:00 AM UTC	1261674900000	27	68	no	14.5	155.2	20972	20821	13818	6609	107	39049	1332	1208	0	3291	3245	46
December 24, 2009 10:16:00 AM UTC	1261674960000	27	70	no	14.6	155.4	20972	20821	13804	6676	105	38998	1317	1174	0	3287	3229	58
December 24, 2009 10:17:00 AM UTC	1261675020000	30	67	no	14.7	155.6	20972	20821	13818	6609	108	39048	1345	1228	0	3281	3229	52
December 24, 2009 10:18:00 AM UTC	1261675080000	31	65	no	14.7	155.8	20972	20821	13810	6692	107	38974	1335	1228	0	3279	3236	43
December 24, 2009 10:19:00 AM UTC	1261675140000	29	66	no	14.8	156.1	20972	20821	13809	6693	104	38977	1336	1232	0	3277	3276	1
December 24, 2009 10:20:00 AM UTC	1261675200000	31	65	no	14.9	156.3	20972	20821	13803	6721	99	38960	1333	1234	0	3274	3238	36
December 24, 2009 10:21:00 AM UTC	1261675260000	31	66	no	14.9	156.5	20972	20821	13802	6723	103	38955	1342	1238	0	3265	3190	75
December 24, 2009 10:22:00 AM UTC	1261675320000	31	67	no	15.0	156.8	20972	20821	13824	6628	110	39021	1378	1268	0	3259	3197	62
December 24, 2009 10:23:00 AM UTC	1261675380000	32	67	no	15.1	157.0	20972	20821	13809	6694	103	38977	1360	1236	0	3258	3200	58
December 24, 2009 10:24:00 AM UTC	1261675440000	32	66	no	15.1	157.2	20972	20821	13823	6629	107	39024	1389	1260	0	3253	3220	33
December 24, 2009 10:25:00 AM UTC	1261675500000	30	66	no	15.2	157.4	20972	20821	13815	6664	105	38999	1375	1216	0	3258	3243	15
December 24, 2009 10:26:00 AM UTC	1261675560000	30	67	no	15.2	157.7	20972	20821	13808	6694	102	38979	1375	1254	0	3253	3245	8
December 24, 2009 10:27:00 AM UTC	1261675620000	29	68	no	15.3	157.9	20972	20821	13808	6694	99	38982	1381	1277	0	3245	3212	33
December 24, 2009 10:28:00 AM UTC	1261675680000	28	68	no	15.4	158.1	20972	20821	13806	6748	97	38932	1386	1259	0	3237	3181	56
December 24, 2009 10:29:00 AM UTC	1261675740000	28	67	no	15.4	158.4	20972	20821	13815	6639	105	39024	1405	1247	0	3237	3168	69
December 24, 2009 10:30:00 AM UTC	1261675800000	28	65	no	15.5	158.6	20972	20821	13815	6639	102	39027	1412	1255	0	3227	3197	30
December 24, 2009 10:31:00 AM UTC	1261675860000	27	64	no	15.6	158.8	20972	20821	13802	6706	94	38981	1388	1264	0	3233	3171	62
December 24, 2009 10:32:00 AM UTC	1261675920000	27	64	no	15.6	159.0	20972	20821	13821	6611	103	39048	1429	1250	0	3226	3198	28
December 24, 2009 10:33:00 AM UTC	1261675980000	27	61	no	15.7	159.3	20972	20821	13806	6677	96	39004	1413	1260	0	3224	3138	86
December 24, 2009 10:34:00 AM UTC	1261676040000	27	62	no	15.7	159.5	20972	20821	13815	6638	101	39029	1432	1256	0	3216	3187	29
December 24, 2009 10:35:00 AM UTC	1261676100000	26	62	no	15.8	159.7	20972	20821	13801	6704	94	38984	1414	1257	0	3212	3198	14
December 24, 2009 10:36:00 AM UTC	1261676160000	28	61	no	15.8	160.0	20972	20821	13822	6569	99	39093	1456	1289	0	3207	3192	15
December 24, 2009 10:37:00 AM UTC	1261676220000	28	62	no	15.9	160.2	20972	20821	13806	6644	96	39037	1425	1266	0	3211	3208	3
December 24, 2009 10:38:00 AM UTC	1261676280000	29	63	no	16.0	160.4	20972	20821	13806	6693	93	38991	1433	1275	0	3203	3189	14
December 24, 2009 10:39:00 AM UTC	1261676340000	28	61	no	16.0	160.7	20972	20821	13825	6606	104	39048	1464	1276	0	3204	3197	7
December 24, 2009 10:40:00 AM UTC	1261676400000	30	60	no	16.1	160.9	20972	20821	13811	6673	95	39004	1450	1313	0	3196	3194	2
December 24, 2009 10:41:00 AM UTC	1261676460000	30	57	no	16.1	161.1	20972	20821	13827	6602	100	39054	1475	1350	0	3197	3197	0
December 24, 2009 10:42:00 AM UTC	1261676520000	30	57	no	16.2	161.4	20972	20821	13806	6693	93	38991	1458	1359	0	3188	3185	3
December 24, 2009 10:43:00 AM UTC	1261676580000	30	57	no	16.2	161.6	20972	20821	13812	6673	95	39003	1461	1365	0	3190	3174	16
December 24, 2009 10:44:00 AM UTC	1261676640000	30	58	no	16.3	161.8	20972	20821	13812	6673	95	39003	1462	1365	0	3186	3186	0
December 24, 2009 10:45:00 AM UTC	1261676700000	29	57	no	16.3	162.1	20972	20821	13812	6673	91	39007	1464	1364	0	3187	3186	1
December 24, 2009 10:46:00 AM UTC	1261676760000	29	55	no	16.4	162.3	20972	20821	13812	6673	93	39005	1471	1359	0	3182	3182	0
December 24, 2009 10:47:00 AM UTC	1261676820000	29	53	no	16.4	162.5	20972	20821	13817	6651	96	39019	1487	1349	0	3181	3149	32
December 24, 2009 10:48:00 AM UTC	1261676880000	29	49	no	16.5	162.8	20972	20821	13800	6789	89	38905	1461	1362	0	3175	3168	7
December 24, 2009 10:49:00 AM UTC	1261676940000	27	48	no	16.5	163.0	20972	20821	13816	6716	91	38960	1486	1378	0	3176	3163	13
December 24, 2009 10:50:00 AM UTC	1261677000000	29	47	no	16.6	163.2	20972	20821	13816	6714	92	38961	1494	1390	0	3169	3166	3
December 24, 2009 10:51:00 AM UTC	1261677060000	28	49	no	16.6	163.5	20972	20821	13801	6782	88	38912	1468	1377	0	3172	3169	3
December 24, 2009 10:52:00 AM UTC	1261677120000	28	47	no	16.7	163.7	20972	20821	13818	6632	92	39041	1503	1398	0	3164	3124	40
December 24, 2009 10:53:00 AM UTC	1261677180000	28	46	no	16.7	163.9	20972	20821	13803	6701	85	38994	1485	1399	0	3164	3164	0
December 24, 2009 10:54:00 AM UTC	1261677240000	28	44	no	16.8	164.2	20972	20821	13818	6632	90	39043	1513	1420	0	3159	3154	5
December 24, 2009 10:55:00 AM UTC	1261677300000	28	43	no	16.8	164.4	20972	20821	13807	6680	89	39007	1501	1408	0	3160	3160	0
December 24, 2009 10:56:00 AM UTC	1261677360000	28	46	no	16.9	164.6	20972	20821	13808	6643	86	39046	1510	1396	0	3157	3155	2
December 24, 2009 10:57:00 AM UTC	1261677420000	27	49	no	16.9	164.9	20972	20821	13823	6574	93	39093	1535	1395	0	3156	3156	0
December 24, 2009 10:58:00 AM UTC	1261677480000	28	47	no	16.9	165.1	20972	20821	13805	6717	86	38975	1509	1363	0	3150	3150	0
December 24, 2009 10:59:00 AM UTC	1261677540000	28	45	no	17.0	165.3	20972	20821	13820	6641	93	39029	1540	1431	0	3147	3132	15
December 24, 2009 11:00:00 AM UTC	1261677600000	28	43	no	17.0	165.6	20972	20821	13809	6694	87	38993	1517	1365	0	3150	3150	0
December 24, 2009 11:01:00 AM UTC	1261677660000	26	40	no	17.1	165.8	20972	20821	13809	6695	84	38995	1524	1383	0	3146	3146	0
December 24, 2009 11:02:00 AM UTC	1261677720000	27	37	no	17.1	166.0	20972	20821	13809	6695	87	38992	1527	1385	0	3144	3144	0
December 24, 2009 11:03:00 AM UTC	1261677780000	26	36	no	17.2	166.3	20972	20821	13809	6695	86	38993	1532	1398	0	3141	3141	0
December 24, 2009 11:04:00 AM UTC	1261677840000	25	38	no	17.2	166.5	20972	20821	13810	6695	84	38994	1535	1417	0	3139	3132	7
December 24, 2009 11:05:00 AM UTC	1261677900000	24	36	no	17.2	166.8	20972	20821	13810	6695	84	38994	1539	1424	0	3135	3135	0
December 24, 2009 11:06:00 AM UTC	1261677960000	25	36	no	17.3	167.0	20972	20821	13810	6695	84	38994	1542	1446	0	3134	3134	0
December 24, 2009 11:07:00 AM UTC	1261678020000	24	36	no	17.3	167.2	20972	20821	13810	6695	83	38995	1545	1440	0	3134	3134	0
December 24, 2009 11:08:00 AM UTC	1261678080000	25	32	no	17.3	167.5	20972	20821	13811	6694	82	38996	1546	1445	0	3133	3133	0
December 24, 2009 11:09:00 AM UTC	1261678140000	24	33	no	17.4	167.7	20972	20821	13812	6753	83	38935	1548	1465	0	3129	3128	1
December 24, 2009 11:10:00 AM UTC	1261678200000	23	32	no	17.4	167.9	20972	20821	13815	6669	86	39013	1558	1470	0	3128	3128	0
December 24, 2009 11:11:00 AM UTC	1261678260000	23	32	no	17.4	168.2	20972	20821	13815	6669	85	39014	1558	1473	0	3136	3135	1
December 24, 2009 11:12:00 AM UTC	1261678320000	24	30	no	17.5	168.4	20972	20821	13801	6707	79	38996	1543	1464	0	3120	3120	0
December 24, 2009 11:13:00 AM UTC	1261678380000	24	31	no	17.5	168.7	20972	20821	13817	6638	83	39045	1567	1484	0	3129	3111	18
December 24, 2009 11:14:00 AM UTC	1261678440000	24	32	no	17.5	168.9	20972	20821	13820	6623	85	39055	1579	1494	0	3132	3127	5
December 24, 2009 11:15:00 AM UTC	1261678500000	24	34	no	17.6	169.1	20972	20821	13820	6623	85	39055	1578	1493	0	3122	3122	0
December 24, 2009 11:16:00 AM UTC	1261678560000	24	36	no	17.6	169.4	20972	20821	13820	6623	85	39055	1586	1501	0	3123	3089	34
December 24, 2009 11:17:00 AM UTC	1261678620000	25	39	no	17.6	169.6	20972	20821	13805	6693	76	39009	1563	1487	0	3114	3114	0
December 24, 2009 11:18:00 AM UTC	1261678680000	26	41	no	17.7	169.8	20972	20821	13820	6623	83	39057	1589	1506	0	3117	3117	0
December 24, 2009 11:19:00 AM UTC	1261678740000	27	43	no	17.7	170.1	20972	20821	13823	6609	83	39068	1592	1509	0	3117	3117	0
December 24, 2009 11:20:00 AM UTC	1261678800000	26	46	no	17.7	170.3	20972	20821	13807	6758	76	38942	1563	1487	0	3115	3115	0
December 24, 2009 11:21:00 AM UTC	1261678860000	28	49	no	17.8	170.6	20972	20821	13824	6690	81	38988	1589	1508	0	3113	3113	0
December 24, 2009 11:22:00 AM UTC	1261678920000	28	54	no	17.8	170.8	20972	20821	13807	6759	75	38942	1569	1494	0	3113	3113	0
December 24, 2009 11:23:00 AM UTC	1261678980000	29	57	no	17.8	171.0	20972	20821	13821	6688	82	38992	1595	1513	0	3113	3113	0
December 24, 2009 11:24:00 AM UTC	1261679040000	30	61	no	17.8	171.3	20972	20821	13822	6688	83	38990	1597	1514	0	3112	3112	0
December 24, 2009 11:25:00 AM UTC	1261679100000	29	62	no	17.9	171.5	20972	20821	13809	6751	73	38950	1580	1507	0	3108	3108	0
December 24, 2009 11:26:00 AM UTC	1261679160000	30	66	no	17.9	171.8	20972	20821	13826	6601	83	39073	1615	1530	0	3108	3108	0
December 24, 2009 11:27:00 AM UTC	1261679220000	30	68	no	17.9	172.0	20972	20821	13810	6668	76	39029	1588	1511	0	3112	3112	0
December 24, 2009 11:28:00 AM UTC	1261679280000	33	66	no	17.9	172.2	20972	20821	13810	6642	78	39053	1596	1498	0	3104	3104	0
December 24, 2009 11:29:00 AM UTC	1261679340000	35	65	no	17.9	172.5	20972	20821	13826	6570	82	39105	1621	1539	0	3102	3099	3
December 24, 2009 11:30:00 AM UTC	1261679400000	38	61	no	18.0	172.7	20972	20821	13810	6640	74	39059	1596	1498	0	3107	3107	0
December 24, 2009 11:31:00 AM UTC	1261679460000	40	60	no	18.0	173.0	20972	20821	13825	6648	81	39029	1616	1525	0	3107	3107	0
December 24, 2009 11:32:00 AM UTC	1261679520000	42	58	no	18.0	173.2	20972	20821	13810	6717	74	38982	1594	1505	0	3105	3105	0
December 24, 2009 11:33:00 AM UTC	1261679580000	41	59	no	18.0	173.4	20972	20821	13811	6717	72	38983	1594	1522	0	3107	3107	0
December 24, 2009 11:34:00 AM UTC	1261679640000	41	59	no	18.0	173.7	20972	20821	13826	6647	79	39031	1625	1533	0	3104	3104	0
December 24, 2009 11:35:00 AM UTC	1261679700000	42	58	no	18.1	173.9	20972	20821	13811	6717	72	38983	1599	1481	0	3102	3102	0
December 24, 2009 11:36:00 AM UTC	1261679760000	43	57	no	18.1	174.2	20972	20821	13812	6716	74	38981	1601	1502	0	3104	3104	0
December 24, 2009 11:37:00 AM UTC	1261679820000	43	57	no	18.1	174.4	20972	20821	13812	6716	74	38981	1604	1456	0	3102	3102	0
December 24, 2009 11:38:00 AM UTC	1261679880000	43	57	no	18.1	174.6	20972	20821	13814	6708	73	38988	1607	1454	0	3104	3104	0
December 24, 2009 11:39:00 AM UTC	1261679940000	41	58	no	18.1	174.9	20972	20821	13815	6707	74	38987	1610	1450	0	3099	3099	0
December 24, 2009 11:40:00 AM UTC	1261680000000	41	58	no	18.1	175.1	20972	20821	13815	6707	74	38987	1603	1407	0	3105	3105	0
December 24, 2009 11:41:00 AM UTC	1261680060000	40	59	no	18.2	175.4	20972	20821	13819	6601	74	39089	1620	1414	0	3098	3098	0
December 24, 2009 11:42:00 AM UTC	1261680120000	43	57	no	18.2	175.6	20972	20821	13830	6612	80	39061	1634	1479	0	3098	3098	0
December 24, 2009 11:43:00 AM UTC	1261680180000	43	57	no	18.2	175.8	20972	20821	13815	6694	72	39002	1611	1454	0	3100	3094	6
December 24, 2009 11:44:00 AM UTC	1261680240000	43	57	no	18.2	176.1	20972	20821	13815	6692	73	39003	1615	1438	0	3099	3099	0
December 24, 2009 11:45:00 AM UTC	1261680300000	43	57	no	18.2	176.3	20972	20821	13815	6692	73	39003	1607	1444	0	3105	3105	0
December 24, 2009 11:46:00 AM UTC	1261680360000	43	57	no	18.2	176.6	20972	20821	13816	6687	73	39007	1618	1469	0	3097	3097	0
December 24, 2009 11:47:00 AM UTC	1261680420000	41	59	no	18.2	176.8	20972	20821	13816	6687	74	39006	1615	1457	0	3098	3098	0
December 24, 2009 11:48:00 AM UTC	1261680480000	42	58	no	18.2	177.1	20972	20821	13816	6687	73	39007	1620	1461	0	3099	3099	0
December 24, 2009 11:49:00 AM UTC	1261680540000	41	58	no	18.2	177.3	20972	20821	13816	6687	72	39008	1620	1496	0	3097	3097	0
December 24, 2009 11:50:00 AM UTC	1261680600000	42	58	no	18.3	177.5	20972	20821	13816	6687	74	39006	1616	1474	0	3098	3098	0
December 24, 2009 11:51:00 AM UTC	1261680660000	39	60	no	18.3	177.8	20972	20821	13816	6687	74	39006	1622	1482	0	3095	3095	0
December 24, 2009 11:52:00 AM UTC	1261680720000	41	58	no	18.3	178.0	20972	20821	13815	6687	73	39008	1621	1491	0	3098	3092	6
December 24, 2009 11:53:00 AM UTC	1261680780000	40	58	no	18.3	178.3	20972	20821	13815	6687	73	39008	1620	1479	0	3096	3096	0
December 24, 2009 11:54:00 AM UTC	1261680840000	39	59	no	18.3	178.5	20972	20821	13816	6665	73	39029	1622	1445	0	3095	3095	0
December 24, 2009 11:55:00 AM UTC	1261680900000	37	60	no	18.3	178.7	20972	20821	13816	6662	73	39032	1622	1486	0	3098	3098	0
December 24, 2009 11:56:00 AM UTC	1261680960000	37	60	no	18.3	179.0	20972	20821	13816	6662	72	39033	1623	1469	0	3096	3096	0
December 24, 2009 11:57:00 AM UTC	1261681020000	35	60	no	18.3	179.2	20972	20821	13817	6662	71	39033	1621	1473	0	3098	3098	0
December 24, 2009 11:58:00 AM UTC	1261681080000	34	59	no	18.3	179.5	20972	20821	13818	6662	73	39030	1627	1481	0	3092	3092	0
December 24, 2009 11:59:00 AM UTC	1261681140000	34	57	no	18.3	179.7	20972	20821	13818	6662	72	39031	1625	1505	0	3096	3096	0
December 24, 2009 12:00:00 PM UTC	1261681200000	33	56	no	18.3	179.9	20972	20821	13818	6662	74	39029	1622	1495	0	3096	3096	0
December 24, 2009 12:01:00 PM UTC	1261681260000	33	58	no	18.3	180.2	20972	20821	13818	6662	71	39032	1631	1503	0	3089	3088	1
December 24, 2009 12:02:00 PM UTC	1261681320000	34	57	no	18.3	180.4	20972	20821	13818	6662	72	39031	1624	1518	0	3096	3096	0
December 24, 2009 12:03:00 PM UTC	1261681380000	34	56	no	18.3	180.7	20972	20821	13817	6662	72	39032	1627	1521	0	3092	3092	0
December 24, 2009 12:04:00 PM UTC	1261681440000	34	54	no	18.3	180.9	20972	20821	13817	6662	73	39031	1627	1545	0	3092	3092	0
December 24, 2009 12:05:00 PM UTC	1261681500000	34	54	no	18.3	181.2	20972	20821	13816	6662	72	39033	1621	1534	0	3098	3098	0
December 24, 2009 12:06:00 PM UTC	1261681560000	34	57	no	18.3	181.4	20972	20821	13816	6662	72	39033	1624	1544	0	3095	3095	0
December 24, 2009 12:07:00 PM UTC	1261681620000	34	57	no	18.3	181.6	20972	20821	13816	6682	74	39011	1621	1521	0	3097	3097	0
December 24, 2009 12:08:00 PM UTC	1261681680000	33	58	no	18.3	181.9	20972	20821	13815	6685	72	39011	1623	1526	0	3097	3097	0
December 24, 2009 12:09:00 PM UTC	1261681740000	34	59	no	18.3	182.1	20972	20821	13816	6685	73	39009	1617	1528	0	3098	3098	0
December 24, 2009 12:10:00 PM UTC	1261681800000	36	57	no	18.3	182.4	20972	20821	13816	6685	74	39008	1620	1541	0	3096	3096	0
December 24, 2009 12:11:00 PM UTC	1261681860000	34	56	no	18.2	182.6	20972	20821	13816	6685	74	39008	1619	1536	0	3097	3090	7
December 24, 2009 12:12:00 PM UTC	1261681920000	34	53	no	18.2	182.8	20972	20821	13816	6685	73	39009	1616	1505	0	3098	3098	0
December 24, 2009 12:13:00 PM UTC	1261681980000	34	53	no	18.2	183.1	20972	20821	13816	6685	74	39008	1623	1521	0	3091	3088	3
December 24, 2009 12:14:00 PM UTC	1261682040000	31	52	no	18.2	183.3	20972	20821	13816	6685	73	39009	1617	1510	0	3097	3093	4
December 24, 2009 12:15:00 PM UTC	1261682100000	32	48	no	18.2	183.6	20972	20821	13816	6685	74	39008	1619	1477	0	3095	3090	5
December 24, 2009 12:16:00 PM UTC	1261682160000	31	48	no	18.2	183.8	20972	20821	13815	6690	73	39005	1613	1530	0	3099	3095	4
December 24, 2009 12:17:00 PM UTC	1261682220000	30	52	no	18.2	184.1	20972	20821	13816	6687	72	39008	1608	1534	0	3103	3103	0
December 24, 2009 12:18:00 PM UTC	1261682280000	30	55	no	18.2	184.3	20972	20821	13816	6687	73	39007	1615	1542	0	3097	3089	8
December 24, 2009 12:19:00 PM UTC	1261682340000	30	54	no	18.2	184.5	20972	20821	13818	6604	73	39088	1619	1546	0	3099	3097	2
December 24, 2009 12:20:00 PM UTC	1261682400000	32	47	no	18.2	184.8	20972	20821	13833	6550	82	39118	1643	1561	0	3100	3100	0
December 24, 2009 12:21:00 PM UTC	1261682460000	32	47	no	18.1	185.0	20972	20821	13815	6705	74	38989	1602	1528	0	3102	3097	5
December 24, 2009 12:22:00 PM UTC	1261682520000	31	46	no	18.1	185.3	20972	20821	13814	6705	74	38990	1601	1527	0	3106	3078	28
December 24, 2009 12:23:00 PM UTC	1261682580000	30	46	no	18.1	185.5	20972	20821	13812	6712	75	38984	1606	1531	0	3100	3093	7
December 24, 2009 12:24:00 PM UTC	1261682640000	31	46	no	18.1	185.7	20972	20821	13812	6712	72	38987	1600	1528	0	3104	3074	30
December 24, 2009 12:25:00 PM UTC	1261682700000	30	48	no	18.1	186.0	20972	20821	13827	6641	80	39035	1625	1545	0	3106	3103	3
December 24, 2009 12:26:00 PM UTC	1261682760000	29	50	no	18.1	186.2	20972	20821	13811	6713	74	38985	1599	1525	0	3105	3070	35
December 24, 2009 12:27:00 PM UTC	1261682820000	27	49	no	18.0	186.5	20972	20821	13811	6713	74	38985	1599	1525	0	3102	3101	1
December 24, 2009 12:28:00 PM UTC	1261682880000	27	50	no	18.0	186.7	20972	20821	13827	6643	81	39032	1624	1543	0	3106	3106	0
December 24, 2009 12:29:00 PM UTC	1261682940000	26	52	no	18.0	186.9	20972	20821	13810	6713	73	38987	1596	1523	0	3101	3016	85
December 24, 2009 12:30:00 PM UTC	1261683000000	28	50	no	18.0	187.2	20972	20821	13808	6715	72	38988	1590	1518	0	3104	3097	7
December 24, 2009 12:31:00 PM UTC	1261683060000	30	49	no	18.0	187.4	20972	20821	13826	6568	82	39107	1622	1540	0	3105	3104	1
December 24, 2009 12:32:00 PM UTC	1261683120000	30	50	no	17.9	187.7	20972	20821	13810	6639	78	39056	1599	1521	0	3105	3103	2
December 24, 2009 12:33:00 PM UTC	1261683180000	30	50	no	17.9	187.9	20972	20821	13826	6568	82	39107	1618	1536	0	3111	3111	0
December 24, 2009 12:34:00 PM UTC	1261683240000	31	50	no	17.9	188.1	20972	20821	13810	6664	75	39034	1591	1516	0	3108	3108	0
December 24, 2009 12:35:00 PM UTC	1261683300000	31	53	no	17.9	188.4	20972	20821	13809	6744	75	38955	1580	1505	0	3110	3110	0
December 24, 2009 12:36:00 PM UTC	1261683360000	31	53	no	17.8	188.6	20972	20821	13822	6688	81	38992	1600	1519	0	3109	3109	0
December 24, 2009 12:37:00 PM UTC	1261683420000	31	54	no	17.8	188.9	20972	20821	13806	6757	76	38944	1572	1496	0	3112	3112	0
December 24, 2009 12:38:00 PM UTC	1261683480000	32	52	no	17.8	189.1	20972	20821	13821	6686	82	38994	1595	1513	0	3110	3110	0
December 24, 2009 12:39:00 PM UTC	1261683540000	33	53	no	17.8	189.3	20972	20821	13824	6684	82	38993	1593	1511	0	3117	3117	0
December 24, 2009 12:40:00 PM UTC	1261683600000	33	54	no	17.7	189.6	20972	20821	13807	6755	78	38943	1562	1484	0	3118	3118	0
December 24, 2009 12:41:00 PM UTC	1261683660000	33	55	no	17.7	189.8	20972	20821	13821	6685	84	38993	1584	1500	0	3117	3117	0
December 24, 2009 12:42:00 PM UTC	1261683720000	32	52	no	17.7	190.1	20972	20821	13805	6691	77	39010	1562	1485	0	3117	3117	0
December 24, 2009 12:43:00 PM UTC	1261683780000	32	51	no	17.7	190.3	20972	20821	13820	6621	83	39059	1583	1500	0	3123	3123	0
December 24, 2009 12:44:00 PM UTC	1261683840000	32	50	no	17.6	190.5	20972	20821	13820	6621	84	39058	1583	1499	0	3121	3121	0
December 24, 2009 12:45:00 PM UTC	1261683900000	31	46	no	17.6	190.8	20972	20821	13806	6692	77	39008	1557	1480	0	3118	3118	0
December 24, 2009 12:46:00 PM UTC	1261683960000	32	45	no	17.6	191.0	20972	20821	13820	6621	84	39058	1579	1495	0	3128	3128	0
December 24, 2009 12:47:00 PM UTC	1261684020000	31	46	no	17.5	191.2	20972	20821	13817	6634	82	39050	1573	1491	0	3120	3120	0
December 24, 2009 12:48:00 PM UTC	1261684080000	30	45	no	17.5	191.5	20972	20821	13817	6634	81	39051	1571	1490	0	3128	3128	0
December 24, 2009 12:49:00 PM UTC	1261684140000	30	45	no	17.5	191.7	20972	20821	13815	6666	84	39018	1560	1476	0	3132	3132	0
December 24, 2009 12:50:00 PM UTC	1261684200000	30	42	no	17.4	192.0	20972	20821	13800	6735	78	38970	1541	1463	0	3124	3124	0
December 24, 2009 12:51:00 PM UTC	1261684260000	31	39	no	17.4	192.2	20972	20821	13813	6744	83	38943	1544	1461	0	3136	3136	0
December 24, 2009 12:52:00 PM UTC	1261684320000	32	37	no	17.4	192.4	20972	20821	13811	6690	82	39000	1549	1467	0	3131	3131	0
December 24, 2009 12:53:00 PM UTC	1261684380000	30	37	no	17.3	192.7	20972	20821	13811	6690	81	39001	1544	1463	0	3133	3133	0
December 24, 2009 12:54:00 PM UTC	1261684440000	30	34	no	17.3	192.9	20972	20821	13810	6691	84	38998	1543	1459	0	3133	3130	3
December 24, 2009 12:55:00 PM UTC	1261684500000	29	30	no	17.2	193.1	20972	20821	13810	6691	83	38999	1539	1456	0	3138	3138	0
December 24, 2009 12:56:00 PM UTC	1261684560000	27	29	no	17.2	193.4	20972	20821	13810	6691	84	38998	1536	1452	0	3136	3131	5
December 24, 2009 12:57:00 PM UTC	1261684620000	27	27	no	17.2	193.6	20972	20821	13809	6691	85	38998	1531	1446	0	3142	3115	27
December 24, 2009 12:58:00 PM UTC	1261684680000	25	28	no	17.1	193.9	20972	20821	13809	6691	86	38997	1530	1440	0	3142	3142	0
December 24, 2009 12:59:00 PM UTC	1261684740000	25	27	no	17.1	194.1	20972	20821	13809	6691	87	38996	1527	1440	0	3142	3136	6
December 24, 2009 1:00:00 PM UTC	1261684800000	23	30	no	17.0	194.3	20972	20821	13824	6622	92	39045	1548	1456	0	3144	3139	5
December 24, 2009 1:01:00 PM UTC	1261684860000	24	31	no	17.0	194.6	20972	20821	13809	6690	87	38997	1524	1434	0	3148	3102	46
December 24, 2009 1:02:00 PM UTC	1261684920000	24	32	no	17.0	194.8	20972	20821	13805	6714	86	38978	1507	1407	0	3155	3111	44
December 24, 2009 1:03:00 PM UTC	1261684980000	23	37	no	16.9	195.0	20972	20821	13823	6570	93	39097	1543	1440	2	3150	3138	12
December 24, 2009 1:04:00 PM UTC	1261685040000	23	38	no	16.9	195.3	20972	20821	13808	6638	85	39052	1512	1427	0	3156	3140	16
December 24, 2009 1:05:00 PM UTC	1261685100000	24	36	no	16.8	195.5	20972	20821	13823	6570	94	39096	1532	1434	0	3154	3106	48
December 24, 2009 1:06:00 PM UTC	1261685160000	23	36	no	16.8	195.7	20972	20821	13803	6695	86	38999	1493	1407	0	3162	3076	86
December 24, 2009 1:07:00 PM UTC	1261685220000	22	38	no	16.7	196.0	20972	20821	13818	6628	91	39046	1511	1420	0	3160	3064	96
December 24, 2009 1:08:00 PM UTC	1261685280000	22	42	no	16.7	196.2	20972	20821	13818	6628	91	39046	1503	1412	0	3167	2909	258
December 24, 2009 1:09:00 PM UTC	1261685340000	22	47	no	16.7	196.4	20972	20821	13802	6701	89	38991	1479	1389	1	3165	2774	391
December 24, 2009 1:10:00 PM UTC	1261685400000	21	50	no	16.6	196.7	20972	20821	13816	6710	92	38965	1493	1401	0	3171	2657	514
December 24, 2009 1:11:00 PM UTC	1261685460000	21	53	no	16.6	196.9	20972	20821	13801	6778	84	38920	1469	1385	0	3171	2447	685
December 24, 2009 1:12:00 PM UTC	1261685520000	24	54	no	16.5	197.1	20972	20821	13816	6708	91	38968	1490	1399	0	3174	2310	778
December 24, 2009 1:13:00 PM UTC	1261685580000	26	52	no	16.5	197.4	20972	20821	13817	6646	97	39023	1490	1393	0	3178	2692	486
December 24, 2009 1:14:00 PM UTC	1261685640000	26	57	no	16.4	197.6	20972	20821	13812	6668	93	39010	1476	1383	0	3179	3055	124
December 24, 2009 1:15:00 PM UTC	1261685700000	25	65	no	16.4	197.8	20972	20821	13812	6668	90	39013	1470	1380	0	3182	3002	180
December 24, 2009 1:16:00 PM UTC	1261685760000	27	59	no	16.3	198.1	20972	20821	13812	6668	95	39008	1463	1363	5	3187	2876	311
December 24, 2009 1:17:00 PM UTC	1261685820000	32	52	yes	16.3	198.3	20972	20821	13812	6668	94	39009	1465	1357	14	3188	2898	290
December 24, 2009 1:18:00 PM UTC	1261685880000	32	53	yes	16.2	198.5	20972	20821	13805	6695	93	38990	1451	1358	0	3194	3083	111
December 24, 2009 1:19:00 PM UTC	1261685940000	32	56	yes	16.1	198.8	20972	20821	13805	6695	92	38991	1451	1359	0	3192	3186	6
December 24, 2009 1:20:00 PM UTC	1261686000000	32	59	yes	16.1	199.0	20972	20821	13811	6668	97	39007	1450	1353	0	3198	3198	0
December 24, 2009 1:21:00 PM UTC	1261686060000	32	61	yes	16.0	199.2	20972	20821	13811	6668	96	39008	1450	1317	30	3197	3074	123
December 24, 2009 1:22:00 PM UTC	1261686120000	32	62	yes	16.0	199.5	20972	20821	13805	6695	94	38989	1427	1305	24	3208	3083	125
December 24, 2009 1:23:00 PM UTC	1261686180000	30	66	yes	15.9	199.7	20972	20821	13821	6632	100	39030	1446	1335	11	3208	2990	218
December 24, 2009 1:24:00 PM UTC	1261686240000	31	66	yes	15.9	199.9	20972	20821	13808	6624	96	39055	1430	1285	42	3211	2890	321
December 24, 2009 1:25:00 PM UTC	1261686300000	35	62	yes	15.8	200.2	20972	20821	13821	6607	98	39057	1445	1288	27	3213	2997	216
December 24, 2009 1:26:00 PM UTC	1261686360000	42	56	yes	15.8	200.4	20972	20821	13801	6699	93	38990	1409	1237	33	3215	3109	105
December 24, 2009 1:27:00 PM UTC	1261686420000	51	47	yes	15.7	200.6	20972	20821	13815	6634	99	39035	1427	1251	15	3221	3060	161
December 24, 2009 1:28:00 PM UTC	1261686480000	62	36	yes	15.6	200.9	20972	20821	13821	6610	102	39050	1429	1214	16	3226	3109	115
December 24, 2009 1:29:00 PM UTC	1261686540000	63	35	yes	15.6	201.1	20972	20821	13802	6702	93	38986	1393	1226	8	3230	3183	47
December 24, 2009 1:30:00 PM UTC	1261686600000	62	36	yes	15.5	201.3	20972	20821	13815	6635	101	39032	1411	1271	0	3231	3221	10
December 24, 2009 1:31:00 PM UTC	1261686660000	63	36	yes	15.5	201.5	20972	20821	13799	6701	97	38986	1387	1269	2	3234	3226	8
December 24, 2009 1:32:00 PM UTC	1261686720000	62	37	yes	15.4	201.8	20972	20821	13812	6716	101	38954	1391	1260	0	3239	3191	48
December 24, 2009 1:33:00 PM UTC	1261686780000	59	38	yes	15.3	202.0	20972	20821	13807	6759	96	38921	1375	1272	0	3244	3239	5
December 24, 2009 1:34:00 PM UTC	1261686840000	54	39	yes	15.3	202.2	20972	20821	13808	6689	102	38984	1376	1273	0	3247	3218	14
December 24, 2009 1:35:00 PM UTC	1261686900000	49	39	yes	15.2	202.5	20972	20821	13815	6663	104	39001	1381	1272	0	3253	3220	22
December 24, 2009 1:36:00 PM UTC	1261686960000	45	37	yes	15.1	202.7	20972	20821	13809	6689	100	38985	1365	1265	0	3257	3220	37
December 24, 2009 1:37:00 PM UTC	1261687020000	45	32	yes	15.1	202.9	20972	20821	13809	6689	102	38983	1365	1263	0	3255	3231	24
December 24, 2009 1:38:00 PM UTC	1261687080000	38	32	yes	15.0	203.1	20972	20821	13809	6689	101	38984	1358	1257	0	3262	3261	1
December 24, 2009 1:39:00 PM UTC	1261687140000	35	30	yes	15.0	203.4	20972	20821	13808	6689	107	38979	1354	1247	0	3265	3254	11
December 24, 2009 1:40:00 PM UTC	1261687200000	34	30	yes	14.9	203.6	20972	20821	13816	6653	107	39007	1355	1248	0	3273	3267	6
December 24, 2009 1:41:00 PM UTC	1261687260000	33	31	yes	14.8	203.8	20972	20821	13809	6688	103	38983	1339	1236	0	3274	3228	46
December 24, 2009 1:42:00 PM UTC	1261687320000	31	31	yes	14.8	204.1	20972	20821	13825	6624	109	39025	1353	1243	1	3278	3195	83
December 24, 2009 1:43:00 PM UTC	1261687380000	30	32	no	14.7	204.3	20972	20821	13802	6736	102	38943	1321	1218	1	3276	3160	116
December 24, 2009 1:44:00 PM UTC	1261687440000	29	33	yes	14.6	204.5	20972	20821	13818	6602	109	39054	1337	1228	0	3287	3092	195
December 24, 2009 1:45:00 PM UTC	1261687500000	29	32	yes	14.5	204.7	20972	20821	13818	6602	108	39055	1334	1225	1	3290	2955	335
December 24, 2009 1:46:00 PM UTC	1261687560000	29	33	yes	14.5	205.0	20972	20821	13810	6633	105	39035	1312	1207	0	3301	2955	346
December 24, 2009 1:47:00 PM UTC	1261687620000	27	34	yes	14.4	205.2	20972	20821	13818	6601	113	39051	1322	1209	0	3305	2801	504
December 24, 2009 1:48:00 PM UTC	1261687680000	27	36	yes	14.3	205.4	20972	20821	13818	6652	108	39005	1310	1202	0	3309	3001	308
December 24, 2009 1:49:00 PM UTC	1261687740000	28	42	yes	14.3	205.6	20972	20821	13818	6616	108	39041	1314	1206	0	3307	2935	372
December 24, 2009 1:50:00 PM UTC	1261687800000	27	38	yes	14.2	205.9	20972	20821	13810	6684	109	38980	1287	1177	1	3319	2878	441
December 24, 2009 1:51:00 PM UTC	1261687860000	28	33	yes	14.1	206.1	20972	20821	13810	6684	107	38982	1283	1176	0	3321	3057	264
December 24, 2009 1:52:00 PM UTC	1261687920000	27	35	yes	14.0	206.3	20972	20821	13810	6684	106	38983	1273	1167	0	3332	3132	200
December 24, 2009 1:53:00 PM UTC	1261687980000	25	45	yes	14.0	206.5	20972	20821	13810	6683	108	38982	1275	1166	1	3329	3020	309
December 24, 2009 1:54:00 PM UTC	1261688040000	24	48	yes	13.9	206.8	20972	20821	13825	6575	116	39067	1290	1174	0	3335	2908	427
December 24, 2009 1:55:00 PM UTC	1261688100000	25	66	yes	13.8	207.0	20972	20821	13811	6638	108	39026	1265	1157	0	3341	2906	435
December 24, 2009 1:56:00 PM UTC	1261688160000	24	72	yes	13.7	207.2	20972	20821	13817	6611	110	39045	1263	1153	0	3348	2861	487
December 24, 2009 1:57:00 PM UTC	1261688220000	24	72	yes	13.7	207.4	20972	20821	13803	6676	106	38998	1234	1126	2	3357	2989	368
December 24, 2009 1:58:00 PM UTC	1261688280000	23	73	yes	13.6	207.6	20972	20821	13826	6573	118	39066	1268	1150	0	3353	2916	437
December 24, 2009 1:59:00 PM UTC	1261688340000	22	73	yes	13.5	207.9	20972	20821	13806	6667	108	39002	1228	1120	0	3363	2986	377
December 24, 2009 2:00:00 PM UTC	1261688400000	22	65	yes	13.4	208.1	20972	20821	13818	6611	111	39043	1243	1132	0	3367	3086	281
December 24, 2009 2:01:00 PM UTC	1261688460000	20	55	yes	13.4	208.3	20972	20821	13803	6674	108	38998	1212	1103	1	3380	3014	366
December 24, 2009 2:02:00 PM UTC	1261688520000	18	61	yes	13.3	208.5	20972	20821	13808	6718	110	38947	1212	1101	1	3381	2743	638
December 24, 2009 2:03:00 PM UTC	1261688580000	18	66	yes	13.2	208.8	20972	20821	13816	6681	108	38978	1217	1045	64	3386	2562	824
December 24, 2009 2:04:00 PM UTC	1261688640000	18	69	yes	13.1	209.0	20972	20821	13817	6650	113	39003	1213	969	131	3393	2498	895
December 24, 2009 2:05:00 PM UTC	1261688700000	19	72	yes	13.0	209.2	20972	20821	13809	6685	111	38978	1196	1011	74	3397	2553	844
December 24, 2009 2:06:00 PM UTC	1261688760000	21	72	yes	13.0	209.4	20972	20821	13809	6685	109	38980	1183	1028	46	3409	2522	887
December 24, 2009 2:07:00 PM UTC	1261688820000	23	66	yes	12.9	209.6	20972	20821	13823	6623	117	39020	1201	1046	38	3408	2793	615
December 24, 2009 2:08:00 PM UTC	1261688880000	23	69	yes	12.8	209.9	20972	20821	13809	6685	110	38979	1173	1053	10	3416	2864	552
December 24, 2009 2:09:00 PM UTC	1261688940000	24	70	yes	12.7	210.1	20972	20821	13822	6632	112	39017	1186	1068	6	3422	2879	543
December 24, 2009 2:10:00 PM UTC	1261689000000	25	70	yes	12.6	210.3	20972	20821	13809	6685	109	38980	1160	1051	0	3432	2943	489
December 24, 2009 2:11:00 PM UTC	1261689060000	29	67	yes	12.5	210.5	20972	20821	13816	6660	111	38996	1160	987	62	3438	3027	411
December 24, 2009 2:12:00 PM UTC	1261689120000	33	66	yes	12.5	210.7	20972	20821	13801	6721	104	38957	1139	1018	17	3441	3386	55
December 24, 2009 2:13:00 PM UTC	1261689180000	38	62	yes	12.4	210.9	20972	20821	13822	6622	112	39027	1158	1046	0	3449	3449	0
December 24, 2009 2:14:00 PM UTC	1261689240000	41	59	yes	12.3	211.2	20972	20821	13803	6686	103	38991	1127	1024	0	3454	3453	1
December 24, 2009 2:15:00 PM UTC	1261689300000	43	57	yes	12.2	211.4	20972	20821	13815	6626	109	39033	1130	1021	0	3470	3470	0
December 24, 2009 2:16:00 PM UTC	1261689360000	44	56	yes	12.1	211.6	20972	20821	13801	6685	103	38994	1116	1013	0	3468	3468	0
December 24, 2009 2:17:00 PM UTC	1261689420000	44	56	yes	12.0	211.8	20972	20821	13815	6626	106	39036	1123	1017	0	3473	3473	0
December 24, 2009 2:18:00 PM UTC	1261689480000	45	54	yes	11.9	212.0	20972	20821	13815	6626	107	39035	1113	1006	0	3488	3488	0
December 24, 2009 2:19:00 PM UTC	1261689540000	44	53	yes	11.9	212.3	20972	20821	13815	6625	106	39037	1109	1003	0	3491	3490	1
December 24, 2009 2:20:00 PM UTC	1261689600000	42	53	yes	11.8	212.5	20972	20821	13820	6664	107	38992	1104	997	0	3496	3496	0
December 24, 2009 2:21:00 PM UTC	1261689660000	40	52	yes	11.7	212.7	20972	20821	13805	6724	101	38953	1081	980	0	3501	3501	0
December 24, 2009 2:22:00 PM UTC	1261689720000	39	51	yes	11.6	212.9	20972	20821	13820	6663	107	38993	1089	982	0	3513	3513	0
December 24, 2009 2:23:00 PM UTC	1261689780000	33	49	yes	11.5	213.1	20972	20821	13805	6724	102	38952	1061	959	0	3521	3521	0
December 24, 2009 2:24:00 PM UTC	1261689840000	30	41	yes	11.4	213.3	20972	20821	13818	6630	107	39028	1077	970	0	3526	3526	0
December 24, 2009 2:25:00 PM UTC	1261689900000	26	35	no	11.3	213.5	20972	20821	13810	6672	106	38995	1056	950	0	3538	3528	10
December 24, 2009 2:26:00 PM UTC	1261689960000	24	31	no	11.2	213.8	20972	20821	13818	6631	105	39029	1060	955	0	3538	3533	5
December 24, 2009 2:27:00 PM UTC	1261690020000	22	29	no	11.1	214.0	20972	20821	13818	6631	106	39028	1048	942	0	3556	3519	37
December 24, 2009 2:28:00 PM UTC	1261690080000	21	25	no	11.0	214.2	20972	20821	13810	6673	103	38997	1033	930	0	3556	3493	63
December 24, 2009 2:29:00 PM UTC	1261690140000	18	21	no	10.9	214.4	20972	20821	13810	6673	98	39002	1028	930	0	3557	3449	108
December 24, 2009 2:30:00 PM UTC	1261690200000	16	19	no	10.8	214.6	20972	20821	13820	6632	102	39029	1028	926	0	3581	3312	269
December 24, 2009 2:31:00 PM UTC	1261690260000	14	16	no	10.7	214.8	20972	20821	13810	6673	100	39000	1009	909	0	3577	3078	488
December 24, 2009 2:32:00 PM UTC	1261690320000	12	16	yes	10.7	215.0	20972	20821	13822	6615	102	39044	1020	918	0	3603	2681	802
December 24, 2009 2:33:00 PM UTC	1261690380000	11	15	yes	10.6	215.2	20972	20821	13810	6673	97	39003	998	900	1	3594	2459	995
December 24, 2009 2:34:00 PM UTC	1261690440000	10	17	yes	10.5	215.5	20972	20821	13825	6560	103	39095	1010	893	14	3595	2062	1389
December 24, 2009 2:35:00 PM UTC	1261690500000	9	18	yes	10.4	215.7	20972	20821	13811	6667	97	39008	977	830	50	3624	1940	1624
December 24, 2009 2:36:00 PM UTC	1261690560000	9	18	yes	10.3	215.9	20972	20821	13814	6638	96	39035	979	810	73	3616	1898	1647
December 24, 2009 2:37:00 PM UTC	1261690620000	9	17	yes	10.2	216.1	20972	20821	13814	6638	97	39034	969	837	35	3629	1871	1724
December 24, 2009 2:38:00 PM UTC	1261690680000	8	16	yes	10.1	216.3	20972	20821	13825	6590	100	39068	974	873	1	3642	1810	1681
December 24, 2009 2:39:00 PM UTC	1261690740000	7	14	yes	10.0	216.5	20972	20821	13815	6638	95	39035	950	850	5	3645	1635	1641
December 24, 2009 2:40:00 PM UTC	1261690800000	6	16	yes	9.9	216.7	20972	20821	13815	6638	93	39037	943	849	1	3656	1540	2000
December 24, 2009 2:41:00 PM UTC	1261690860000	7	13	yes	9.8	216.9	20972	20821	13815	6638	94	39036	941	840	7	3655	1588	1925
December 24, 2009 2:42:00 PM UTC	1261690920000	7	9	yes	9.7	217.1	20972	20821	13815	6638	94	39036	932	837	1	3666	1864	1539
December 24, 2009 2:43:00 PM UTC	1261690980000	7	6	yes	9.6	217.4	20972	20821	13816	6637	92	39038	922	830	0	3677	1716	1335
December 24, 2009 2:44:00 PM UTC	1261691040000	6	5	yes	9.5	217.6	20972	20821	13808	6625	89	39061	911	814	8	3682	1402	1392
December 24, 2009 2:45:00 PM UTC	1261691100000	5	5	yes	9.4	217.8	20972	20821	13806	6665	89	39023	896	791	16	3690	1149	1442
December 24, 2009 2:46:00 PM UTC	1261691160000	5	4	yes	9.3	218.0	20972	20821	13816	6620	92	39055	898	782	24	3700	1214	1189
December 24, 2009 2:47:00 PM UTC	1261691220000	5	3	yes	9.2	218.2	20972	20821	13819	6606	92	39066	895	749	54	3708	1172	1008
December 24, 2009 2:48:00 PM UTC	1261691280000	5	3	yes	9.1	218.4	20972	20821	13807	6661	87	39028	874	702	85	3709	1122	896
December 24, 2009 2:49:00 PM UTC	1261691340000	4	3	yes	9.0	218.6	20972	20821	13820	6606	89	39068	876	699	88	3725	1043	959
December 24, 2009 2:50:00 PM UTC	1261691400000	4	3	yes	8.9	218.8	20972	20821	13820	6606	92	39065	867	655	119	3736	933	926
December 24, 2009 2:51:00 PM UTC	1261691460000	4	3	yes	8.8	219.0	20972	20821	13820	6606	92	39065	863	635	135	3739	838	985
December 24, 2009 2:52:00 PM UTC	1261691520000	4	3	yes	8.6	219.2	20972	20821	13810	6652	86	39035	844	633	122	3744	805	987
December 24, 2009 2:53:00 PM UTC	1261691580000	3	3	yes	8.5	219.4	20972	20821	13821	6605	87	39070	841	614	140	3760	703	1003
December 24, 2009 2:54:00 PM UTC	1261691640000	3	4	yes	8.4	219.6	20972	20821	13823	6549	89	39122	846	662	95	3764	678	1357
December 24, 2009 2:55:00 PM UTC	1261691700000	4	3	yes	8.3	219.8	20972	20821	13823	6543	90	39127	838	636	112	3768	1067	1113
December 24, 2009 2:56:00 PM UTC	1261691760000	5	3	yes	8.2	220.0	20972	20821	13810	6635	88	39050	809	563	152	3781	1252	860
December 24, 2009 2:57:00 PM UTC	1261691820000	5	2	yes	8.1	220.2	20972	20821	13810	6635	83	39055	802	605	114	3786	1201	832
December 24, 2009 2:58:00 PM UTC	1261691880000	4	3	yes	8.0	220.5	20972	20821	13823	6582	84	39094	806	536	186	3795	1076	858
December 24, 2009 2:59:00 PM UTC	1261691940000	4	3	yes	7.9	220.7	20972	20821	13811	6636	84	39052	785	515	186	3800	915	979
December 24, 2009 3:00:00 PM UTC	1261692000000	4	3	yes	7.8	220.9	20972	20821	13822	6582	89	39090	789	586	114	3813	998	939
December 24, 2009 3:01:00 PM UTC	1261692060000	4	2	yes	7.7	221.1	20972	20821	13822	6582	89	39090	779	536	154	3824	1096	676
December 24, 2009 3:02:00 PM UTC	1261692120000	4	2	yes	7.6	221.3	20972	20821	13822	6582	85	39094	773	552	136	3828	994	603
December 24, 2009 3:03:00 PM UTC	1261692180000	4	2	yes	7.5	221.5	20972	20821	13811	6630	82	39060	754	540	123	3838	910	498
December 24, 2009 3:04:00 PM UTC	1261692240000	3	2	yes	7.4	221.7	20972	20821	13823	6532	87	39141	763	555	119	3846	712	540
December 24, 2009 3:05:00 PM UTC	1261692300000	3	2	yes	7.2	221.9	20972	20821	13813	6581	84	39105	744	488	167	3849	641	447
December 24, 2009 3:06:00 PM UTC	1261692360000	2	2	yes	7.1	222.1	20972	20821	13823	6570	83	39107	742	384	266	3863	493	593
December 24, 2009 3:07:00 PM UTC	1261692420000	2	2	yes	7.0	222.3	20972	20821	13821	6576	87	39099	734	338	300	3871	509	575
December 24, 2009 3:08:00 PM UTC	1261692480000	2	2	yes	6.9	222.5	20972	20821	13810	6623	82	39068	714	343	261	3877	555	522
December 24, 2009 3:09:00 PM UTC	1261692540000	2	2	yes	6.8	222.7	20972	20821	13822	6571	84	39106	716	339	258	3890	576	543
December 24, 2009 3:10:00 PM UTC	1261692600000	2	2	yes	6.7	222.9	20972	20821	13796	6673	76	39038	690	291	284	3889	566	575
December 24, 2009 3:11:00 PM UTC	1261692660000	2	2	yes	6.6	223.1	20972	20821	13821	6572	80	39110	701	203	385	3903	525	533
December 24, 2009 3:12:00 PM UTC	1261692720000	2	3	yes	6.5	223.3	20972	20821	13821	6572	81	39109	694	189	387	3911	474	602
December 24, 2009 3:13:00 PM UTC	1261692780000	1	2	yes	6.3	223.5	20972	20821	13809	6621	79	39074	669	208	344	3916	350	594
December 24, 2009 3:14:00 PM UTC	1261692840000	1	2	yes	6.2	223.7	20972	20821	13822	6571	82	39108	676	295	281	3928	152	668
December 24, 2009 3:15:00 PM UTC	1261692900000	0	2	yes	6.1	223.9	20972	20821	13822	6580	80	39101	668	168	398	3938	7	573
December 24, 2009 3:16:00 PM UTC	1261692960000	0	2	yes	6.0	224.1	20972	20821	13823	6523	77	39160	656	125	422	3948	42	403
December 24, 2009 3:17:00 PM UTC	1261693020000	0	2	yes	5.9	224.3	20972	20821	13810	6618	73	39082	637	162	340	3946	25	314
December 24, 2009 3:18:00 PM UTC	1261693080000	0	2	yes	5.8	224.5	20972	20821	13822	6568	78	39115	644	95	429	3960	23	349
December 24, 2009 3:19:00 PM UTC	1261693140000	0	2	yes	5.6	224.7	20972	20821	13809	6618	79	39077	625	141	331	3970	47	271
December 24, 2009 3:20:00 PM UTC	1261693200000	0	2	yes	5.5	224.9	20972	20821	13809	6620	80	39074	617	140	340	3972	39	332
December 24, 2009 3:21:00 PM UTC	1261693260000	0	2	yes	5.4	225.1	20972	20821	13822	6568	84	39109	617	89	398	3987	27	419
December 24, 2009 3:22:00 PM UTC	1261693320000	0	2	yes	5.3	225.3	20972	20821	13822	6568	88	39105	607	64	409	3998	11	362
December 24, 2009 3:23:00 PM UTC	1261693380000	0	2	yes	5.2	225.5	20972	20821	13811	6618	89	39065	587	94	322	4004	34	318
December 24, 2009 3:24:00 PM UTC	1261693440000	0	2	yes	5.1	225.7	20972	20821	13822	6568	96	39097	593	26	428	4013	0	231
December 24, 2009 3:25:00 PM UTC	1261693500000	0	2	yes	4.9	225.9	20972	20821	13823	6517	96	39147	587	24	430	4023	3	297
December 24, 2009 3:26:00 PM UTC	1261693560000	0	2	yes	4.8	226.1	20972	20821	13812	6566	96	39109	569	55	367	4026	22	302
December 24, 2009 3:27:00 PM UTC	1261693620000	0	2	yes	4.7	226.3	20972	20821	13823	6513	102	39145	571	14	404	4040	0	214
December 24, 2009 3:28:00 PM UTC	1261693680000	0	2	yes	4.6	226.5	20972	20821	13822	6577	108	39076	556	37	346	4047	15	266
December 24, 2009 3:29:00 PM UTC	1261693740000	0	2	yes	4.5	226.7	20972	20821	13812	6626	105	39040	541	45	292	4048	29	274
December 24, 2009 3:30:00 PM UTC	1261693800000	0	1	yes	4.3	226.8	20972	20821	13811	6630	107	39035	533	23	298	4051	0	213
December 24, 2009 3:31:00 PM UTC	1261693860000	0	1	yes	4.2	227.0	20972	20821	13822	6577	118	39066	532	27	258	4068	6	272
December 24, 2009 3:32:00 PM UTC	1261693920000	0	1	yes	4.1	227.2	20972	20821	13812	6625	118	39028	518	22	232	4070	0	197
December 24, 2009 3:33:00 PM UTC	1261693980000	0	1	yes	4.0	227.4	20972	20821	13809	6631	122	39021	506	22	230	4079	1	186
December 24, 2009 3:34:00 PM UTC	1261694040000	0	1	yes	3.9	227.6	20972	20821	13822	6577	129	39055	507	10	190	4096	0	123
December 24, 2009 3:35:00 PM UTC	1261694100000	0	1	yes	3.7	227.8	20972	20821	13821	6585	136	39041	498	24	135	4102	0	115
December 24, 2009 3:36:00 PM UTC	1261694160000	0	1	yes	3.6	228.0	20972	20821	13810	6599	143	39031	486	6	172	4102	0	189
December 24, 2009 3:37:00 PM UTC	1261694220000	0	1	yes	3.5	228.2	20972	20821	13822	6545	154	39062	486	12	155	4121	0	105
December 24, 2009 3:38:00 PM UTC	1261694280000	0	1	yes	3.4	228.4	20972	20821	13824	6536	168	39055	474	16	162	4130	0	75
December 24, 2009 3:39:00 PM UTC	1261694340000	0	1	yes	3.2	228.6	20972	20821	13810	6641	176	38956	454	12	93	4130	0	103
December 24, 2009 3:40:00 PM UTC	1261694400000	0	1	yes	3.1	228.8	20972	20821	13808	6641	189	38945	448	10	113	4137	4	52
