March 16, 2007 6:36:00 AM UTC	1174052160000	2	2	no	3.1	96.2	20972	20821	13801	6708	181	38893	448	131	6	4132	619	569
March 16, 2007 6:37:00 AM UTC	1174052220000	2	2	no	3.3	96.4	20972	20821	13817	6636	169	38961	467	145	3	4135	565	672
March 16, 2007 6:38:00 AM UTC	1174052280000	2	2	no	3.5	96.6	20972	20821	13800	6715	148	38920	469	156	7	4110	685	691
March 16, 2007 6:39:00 AM UTC	1174052340000	2	2	no	3.6	96.8	20972	20821	13817	6642	140	38984	491	177	4	4110	400	658
March 16, 2007 6:40:00 AM UTC	1174052400000	1	2	no	3.8	96.9	20972	20821	13817	6642	134	38990	498	165	14	4101	327	751
March 16, 2007 6:41:00 AM UTC	1174052460000	1	3	no	4.0	97.1	20972	20821	13817	6643	123	39000	511	190	81	4089	352	1029
March 16, 2007 6:42:00 AM UTC	1174052520000	3	4	no	4.1	97.3	20972	20821	13817	6643	117	39006	522	290	53	4075	793	931
March 16, 2007 6:43:00 AM UTC	1174052580000	3	3	no	4.3	97.5	20972	20821	13816	6644	113	39010	533	296	63	4065	775	807
March 16, 2007 6:44:00 AM UTC	1174052640000	3	6	no	4.5	97.7	20972	20821	13816	6644	107	39016	547	271	26	4052	699	1071
March 16, 2007 6:45:00 AM UTC	1174052700000	2	8	no	4.6	97.9	20972	20821	13813	6723	101	38946	555	258	27	4036	675	1660
March 16, 2007 6:46:00 AM UTC	1174052760000	3	13	no	4.8	98.1	20972	20821	13811	6733	97	38942	561	338	30	4030	629	2284
March 16, 2007 6:47:00 AM UTC	1174052820000	3	17	no	5.0	98.3	20972	20821	13813	6653	96	39021	580	398	15	4013	755	2850
March 16, 2007 6:48:00 AM UTC	1174052880000	5	18	no	5.1	98.4	20972	20821	13813	6653	90	39027	590	380	53	4010	1491	2301
March 16, 2007 6:49:00 AM UTC	1174052940000	8	15	no	5.3	98.6	20972	20821	13813	6684	87	38999	601	397	22	3992	1951	1894
March 16, 2007 6:50:00 AM UTC	1174053000000	10	15	no	5.5	98.8	20972	20821	13812	6676	82	39013	613	394	13	3987	2539	1164
March 16, 2007 6:51:00 AM UTC	1174053060000	11	16	no	5.6	99.0	20972	20821	13812	6677	79	39015	627	461	10	3962	2632	1001
March 16, 2007 6:52:00 AM UTC	1174053120000	12	15	no	5.8	99.2	20972	20821	13812	6677	78	39016	639	540	0	3963	2720	767
March 16, 2007 6:53:00 AM UTC	1174053180000	11	17	no	6.0	99.4	20972	20821	13825	6617	81	39060	660	561	1	3951	2532	854
March 16, 2007 6:54:00 AM UTC	1174053240000	8	17	no	6.1	99.6	20972	20821	13809	6689	77	39008	657	573	5	3940	2251	1278
March 16, 2007 6:55:00 AM UTC	1174053300000	7	17	no	6.3	99.8	20972	20821	13809	6689	76	39009	671	583	10	3915	1577	1804
March 16, 2007 6:56:00 AM UTC	1174053360000	6	22	no	6.4	100.0	20972	20821	13809	6691	79	39004	680	476	48	3909	1371	1688
March 16, 2007 6:57:00 AM UTC	1174053420000	6	29	no	6.6	100.2	20972	20821	13809	6691	80	39003	690	459	41	3899	1205	1950
March 16, 2007 6:58:00 AM UTC	1174053480000	6	33	no	6.8	100.3	20972	20821	13809	6691	81	39002	707	493	32	3883	1181	2127
March 16, 2007 6:59:00 AM UTC	1174053540000	7	32	no	6.9	100.5	20972	20821	13809	6691	79	39004	719	545	20	3872	1360	1832
March 16, 2007 7:00:00 AM UTC	1174053600000	10	28	no	7.1	100.7	20972	20821	13805	6710	81	38987	723	608	5	3863	1834	1167
March 16, 2007 7:01:00 AM UTC	1174053660000	10	26	no	7.3	100.9	20972	20821	13809	6625	84	39065	751	658	1	3846	1915	1151
March 16, 2007 7:02:00 AM UTC	1174053720000	11	27	no	7.4	101.1	20972	20821	13808	6626	85	39064	759	670	4	3835	2306	1337
March 16, 2007 7:03:00 AM UTC	1174053780000	13	26	no	7.6	101.3	20972	20821	13807	6622	85	39069	772	685	1	3822	2702	1015
March 16, 2007 7:04:00 AM UTC	1174053840000	10	26	no	7.8	101.5	20972	20821	13805	6638	84	39056	779	690	2	3811	2401	1202
March 16, 2007 7:05:00 AM UTC	1174053900000	9	31	no	7.9	101.7	20972	20821	13805	6638	86	39054	789	703	0	3801	1996	1496
March 16, 2007 7:06:00 AM UTC	1174053960000	10	33	no	8.1	101.9	20972	20821	13820	6645	89	39029	816	727	0	3788	2284	1492
March 16, 2007 7:07:00 AM UTC	1174054020000	10	36	no	8.2	102.1	20972	20821	13801	6718	87	38977	810	723	0	3771	2472	1277
March 16, 2007 7:08:00 AM UTC	1174054080000	11	34	no	8.4	102.3	20972	20821	13817	6679	89	38998	837	748	0	3765	2419	1312
March 16, 2007 7:09:00 AM UTC	1174054140000	11	29	no	8.6	102.4	20972	20821	13801	6753	88	38941	837	749	0	3742	2450	1248
March 16, 2007 7:10:00 AM UTC	1174054200000	11	25	no	8.7	102.6	20972	20821	13817	6683	93	38990	862	769	0	3741	2235	1398
March 16, 2007 7:11:00 AM UTC	1174054260000	9	24	no	8.9	102.8	20972	20821	13806	6738	88	38951	865	774	3	3718	1923	1629
March 16, 2007 7:12:00 AM UTC	1174054320000	9	22	no	9.1	103.0	20972	20821	13818	6683	92	38990	888	796	0	3712	1987	1562
March 16, 2007 7:13:00 AM UTC	1174054380000	8	23	no	9.2	103.2	20972	20821	13802	6754	89	38938	878	783	6	3703	2074	1602
March 16, 2007 7:14:00 AM UTC	1174054440000	10	24	no	9.4	103.4	20972	20821	13817	6683	95	38988	914	816	3	3686	2579	1100
March 16, 2007 7:15:00 AM UTC	1174054500000	12	21	yes	9.5	103.6	20972	20821	13803	6677	92	39011	912	819	1	3673	2951	650
March 16, 2007 7:16:00 AM UTC	1174054560000	13	18	no	9.7	103.8	20972	20821	13819	6606	96	39062	940	835	6	3666	2938	640
March 16, 2007 7:17:00 AM UTC	1174054620000	13	16	no	9.9	104.0	20972	20821	13816	6623	97	39047	954	857	0	3648	2817	692
March 16, 2007 7:18:00 AM UTC	1174054680000	12	15	no	10.0	104.2	20972	20821	13815	6624	102	39042	961	859	0	3638	2697	841
March 16, 2007 7:19:00 AM UTC	1174054740000	10	13	no	10.2	104.4	20972	20821	13815	6624	99	39045	978	877	2	3621	2551	852
March 16, 2007 7:20:00 AM UTC	1174054800000	10	11	no	10.3	104.6	20972	20821	13815	6626	100	39042	989	889	0	3610	2391	858
March 16, 2007 7:21:00 AM UTC	1174054860000	9	10	no	10.5	104.8	20972	20821	13815	6626	100	39042	997	895	2	3602	2180	903
March 16, 2007 7:22:00 AM UTC	1174054920000	8	10	no	10.7	105.0	20972	20821	13815	6626	103	39039	1015	912	0	3584	1959	944
March 16, 2007 7:23:00 AM UTC	1174054980000	7	11	no	10.8	105.2	20972	20821	13810	6647	104	39022	1021	917	0	3572	1891	893
March 16, 2007 7:24:00 AM UTC	1174055040000	7	11	yes	11.0	105.3	20972	20821	13810	6644	103	39026	1038	929	4	3556	1742	1049
March 16, 2007 7:25:00 AM UTC	1174055100000	7	12	yes	11.2	105.5	20972	20821	13810	6644	103	39026	1049	940	6	3546	1668	1206
March 16, 2007 7:26:00 AM UTC	1174055160000	7	13	yes	11.3	105.7	20972	20821	13810	6645	106	39022	1056	931	8	3540	1534	1343
March 16, 2007 7:27:00 AM UTC	1174055220000	6	12	yes	11.5	105.9	20972	20821	13815	6625	107	39036	1081	974	0	3520	1367	1231
March 16, 2007 7:28:00 AM UTC	1174055280000	6	12	yes	11.6	106.1	20972	20821	13827	6551	111	39094	1107	991	3	3511	1195	1207
March 16, 2007 7:29:00 AM UTC	1174055340000	5	13	yes	11.8	106.3	20972	20821	13811	6682	100	38990	1101	990	11	3492	914	1085
March 16, 2007 7:30:00 AM UTC	1174055400000	4	14	yes	12.0	106.5	20972	20821	13825	6621	110	39027	1131	921	99	3480	702	819
March 16, 2007 7:31:00 AM UTC	1174055460000	4	16	yes	12.1	106.7	20972	20821	13810	6692	106	38975	1117	870	141	3473	435	733
March 16, 2007 7:32:00 AM UTC	1174055520000	3	20	yes	12.3	106.9	20972	20821	13805	6713	105	38960	1132	837	190	3455	339	840
March 16, 2007 7:33:00 AM UTC	1174055580000	3	24	yes	12.4	107.1	20972	20821	13805	6713	103	38962	1138	688	347	3449	235	1239
March 16, 2007 7:34:00 AM UTC	1174055640000	3	31	yes	12.6	107.3	20972	20821	13805	6713	111	38954	1154	746	297	3430	275	1938
March 16, 2007 7:35:00 AM UTC	1174055700000	4	33	yes	12.7	107.5	20972	20821	13805	6714	111	38953	1168	864	186	3415	272	2072
March 16, 2007 7:36:00 AM UTC	1174055760000	5	39	yes	12.9	107.7	20972	20821	13805	6714	108	38956	1173	995	70	3410	420	1973
March 16, 2007 7:37:00 AM UTC	1174055820000	5	44	yes	13.1	107.9	20972	20821	13800	6741	104	38938	1188	1074	10	3388	345	1946
March 16, 2007 7:38:00 AM UTC	1174055880000	6	49	yes	13.2	108.1	20972	20821	13800	6741	103	38939	1197	1074	20	3380	255	2022
March 16, 2007 7:39:00 AM UTC	1174055940000	7	50	yes	13.4	108.3	20972	20821	13819	6653	115	38996	1239	1093	31	3364	203	2032
March 16, 2007 7:40:00 AM UTC	1174056000000	9	52	yes	13.5	108.5	20972	20821	13804	6718	108	38953	1230	1106	16	3357	485	1883
March 16, 2007 7:41:00 AM UTC	1174056060000	12	54	yes	13.7	108.7	20972	20821	13818	6598	110	39057	1265	1150	5	3343	1297	1408
March 16, 2007 7:42:00 AM UTC	1174056120000	14	59	yes	13.9	108.9	20972	20821	13800	6691	102	38990	1250	1148	0	3331	1785	1155
March 16, 2007 7:43:00 AM UTC	1174056180000	16	63	yes	14.0	109.1	20972	20821	13818	6600	111	39054	1285	1173	1	3327	1870	1199
March 16, 2007 7:44:00 AM UTC	1174056240000	15	69	yes	14.2	109.3	20972	20821	13807	6650	101	39025	1285	1184	0	3308	1600	1513
March 16, 2007 7:45:00 AM UTC	1174056300000	17	76	yes	14.3	109.5	20972	20821	13812	6623	107	39041	1308	1201	0	3304	1544	1705
March 16, 2007 7:46:00 AM UTC	1174056360000	19	80	yes	14.5	109.7	20972	20821	13796	6692	100	38995	1301	1201	0	3288	1667	1621
March 16, 2007 7:47:00 AM UTC	1174056420000	19	81	yes	14.6	109.9	20972	20821	13813	6624	106	39040	1335	1228	0	3281	1853	1424
March 16, 2007 7:48:00 AM UTC	1174056480000	20	80	yes	14.8	110.1	20972	20821	13798	6693	99	38993	1319	1218	1	3277	1813	1464
March 16, 2007 7:49:00 AM UTC	1174056540000	22	78	yes	15.0	110.3	20972	20821	13818	6599	104	39062	1370	1266	0	3255	2102	1153
March 16, 2007 7:50:00 AM UTC	1174056600000	23	77	yes	15.1	110.5	20972	20821	13812	6670	104	38997	1366	1262	0	3254	2122	1132
March 16, 2007 7:51:00 AM UTC	1174056660000	26	74	yes	15.3	110.7	20972	20821	13812	6679	102	38990	1381	1279	0	3239	2164	1075
March 16, 2007 7:52:00 AM UTC	1174056720000	24	76	yes	15.4	110.9	20972	20821	13812	6679	99	38993	1394	1295	0	3229	2123	1106
March 16, 2007 7:53:00 AM UTC	1174056780000	25	75	yes	15.6	111.1	20972	20821	13813	6610	100	39060	1413	1311	1	3221	2254	967
March 16, 2007 7:54:00 AM UTC	1174056840000	24	75	yes	15.7	111.3	20972	20821	13808	6637	96	39042	1419	1323	0	3210	2318	892
March 16, 2007 7:55:00 AM UTC	1174056900000	24	74	yes	15.9	111.5	20972	20821	13806	6637	95	39045	1431	1336	0	3203	2397	806
March 16, 2007 7:56:00 AM UTC	1174056960000	22	72	yes	16.0	111.7	20972	20821	13805	6716	91	38971	1436	1345	0	3194	2389	805
March 16, 2007 7:57:00 AM UTC	1174057020000	21	70	yes	16.2	111.9	20972	20821	13805	6717	87	38974	1451	1364	0	3182	2572	610
March 16, 2007 7:58:00 AM UTC	1174057080000	22	67	yes	16.4	112.1	20972	20821	13805	6717	92	38969	1461	1369	0	3179	2808	371
March 16, 2007 7:59:00 AM UTC	1174057140000	20	67	yes	16.5	112.3	20972	20821	13805	6716	91	38971	1476	1385	0	3170	2881	289
March 16, 2007 8:00:00 AM UTC	1174057200000	20	65	yes	16.7	112.5	20972	20821	13805	6716	90	38972	1490	1400	0	3158	2915	243
March 16, 2007 8:01:00 AM UTC	1174057260000	19	65	yes	16.8	112.8	20972	20821	13812	6687	89	38995	1510	1419	2	3155	2777	378
March 16, 2007 8:02:00 AM UTC	1174057320000	18	61	yes	17.0	113.0	20972	20821	13799	6755	80	38949	1496	1416	0	3146	2714	432
March 16, 2007 8:03:00 AM UTC	1174057380000	17	59	yes	17.1	113.2	20972	20821	13813	6688	87	38995	1539	1452	0	3134	2331	803
March 16, 2007 8:04:00 AM UTC	1174057440000	16	61	yes	17.3	113.4	20972	20821	13805	6728	80	38970	1529	1447	2	3130	2221	909
March 16, 2007 8:05:00 AM UTC	1174057500000	15	66	yes	17.4	113.6	20972	20821	13815	6619	84	39065	1570	1486	0	3121	2108	1013
March 16, 2007 8:06:00 AM UTC	1174057560000	13	69	yes	17.6	113.8	20972	20821	13799	6696	78	39010	1553	1474	1	3116	1862	1254
March 16, 2007 8:07:00 AM UTC	1174057620000	12	73	yes	17.7	114.0	20972	20821	13815	6620	83	39065	1591	1508	0	3108	1583	1525
March 16, 2007 8:08:00 AM UTC	1174057680000	11	75	yes	17.9	114.2	20972	20821	13795	6707	72	39009	1576	1503	1	3100	1464	1636
March 16, 2007 8:09:00 AM UTC	1174057740000	12	76	yes	18.0	114.4	20972	20821	13809	6648	76	39050	1602	1524	2	3099	1486	1613
March 16, 2007 8:10:00 AM UTC	1174057800000	12	80	yes	18.2	114.6	20972	20821	13831	6546	82	39124	1660	1578	0	3088	1389	1699
March 16, 2007 8:11:00 AM UTC	1174057860000	11	84	yes	18.3	114.8	20972	20821	13815	6620	74	39074	1643	1569	0	3081	1323	1758
March 16, 2007 8:12:00 AM UTC	1174057920000	11	85	yes	18.5	115.0	20972	20821	13824	6598	74	39087	1663	1589	0	3078	1257	1821
March 16, 2007 8:13:00 AM UTC	1174057980000	11	86	yes	18.6	115.2	20972	20821	13808	6663	68	39044	1652	1584	0	3069	1298	1771
March 16, 2007 8:14:00 AM UTC	1174058040000	16	77	no	18.8	115.5	20972	20821	13822	6597	35	39129	1689	1654	0	3061	1648	1413
March 16, 2007 8:15:00 AM UTC	1174058100000	12	85	yes	18.9	115.7	20972	20821	13801	6746	58	38978	1657	1599	0	3060	1385	1675
March 16, 2007 8:16:00 AM UTC	1174058160000	12	84	yes	19.1	115.9	20972	20821	13825	6583	66	39109	1722	1656	0	3048	1433	1615
March 16, 2007 8:17:00 AM UTC	1174058220000	12	84	yes	19.2	116.1	20972	20821	13809	6653	57	39064	1706	1649	0	3049	1624	1425
March 16, 2007 8:18:00 AM UTC	1174058280000	12	84	yes	19.4	116.3	20972	20821	13817	6615	59	39092	1724	1664	1	3043	1804	1239
March 16, 2007 8:19:00 AM UTC	1174058340000	13	81	yes	19.5	116.5	20972	20821	13802	6681	53	39047	1720	1666	1	3035	1846	1189
March 16, 2007 8:20:00 AM UTC	1174058400000	13	80	yes	19.7	116.7	20972	20821	13817	6615	55	39096	1750	1694	1	3034	2010	1024
March 16, 2007 8:21:00 AM UTC	1174058460000	13	76	yes	19.8	116.9	20972	20821	13809	6647	50	39077	1752	1702	0	3029	2216	813
March 16, 2007 8:22:00 AM UTC	1174058520000	14	71	yes	20.0	117.2	20972	20821	13817	6615	49	39102	1775	1726	0	3022	2348	674
March 16, 2007 8:23:00 AM UTC	1174058580000	15	66	yes	20.1	117.4	20972	20821	13817	6632	48	39086	1784	1736	0	3019	2288	731
March 16, 2007 8:24:00 AM UTC	1174058640000	14	63	yes	20.3	117.6	20972	20821	13809	6667	41	39066	1780	1739	0	3009	2089	920
March 16, 2007 8:25:00 AM UTC	1174058700000	12	62	yes	20.4	117.8	20972	20821	13809	6667	39	39068	1792	1753	0	3004	1780	1224
March 16, 2007 8:26:00 AM UTC	1174058760000	11	58	yes	20.6	118.0	20972	20821	13810	6667	35	39071	1802	1767	0	3004	1710	1294
March 16, 2007 8:27:00 AM UTC	1174058820000	11	57	yes	20.7	118.2	20972	20821	13811	6601	38	39133	1828	1790	0	2997	1706	1291
March 16, 2007 8:28:00 AM UTC	1174058880000	11	53	yes	20.9	118.5	20972	20821	13813	6603	30	39137	1839	1809	0	2992	1725	1267
March 16, 2007 8:29:00 AM UTC	1174058940000	11	52	yes	21.0	118.7	20972	20821	13810	6680	28	39065	1837	1809	0	2989	1672	1317
March 16, 2007 8:30:00 AM UTC	1174059000000	10	52	yes	21.2	118.9	20972	20821	13816	6651	29	39087	1867	1838	0	2981	1399	1582
March 16, 2007 8:31:00 AM UTC	1174059060000	10	53	yes	21.3	119.1	20972	20821	13801	6714	23	39045	1848	1825	0	2982	1292	1690
March 16, 2007 8:32:00 AM UTC	1174059120000	9	58	yes	21.5	119.3	20972	20821	13824	6615	25	39119	1905	1880	0	2975	1170	1805
March 16, 2007 8:33:00 AM UTC	1174059180000	9	65	yes	21.6	119.5	20972	20821	13801	6734	17	39031	1867	1850	0	2967	1088	1879
March 16, 2007 8:34:00 AM UTC	1174059240000	9	72	yes	21.7	119.8	20972	20821	13816	6671	17	39079	1904	1887	0	2967	1026	1941
March 16, 2007 8:35:00 AM UTC	1174059300000	9	76	yes	21.9	120.0	20972	20821	13801	6734	11	39037	1890	1879	0	2961	1106	1855
March 16, 2007 8:36:00 AM UTC	1174059360000	9	72	yes	22.0	120.2	20972	20821	13814	6671	11	39087	1929	1918	0	2955	1040	1915
March 16, 2007 8:37:00 AM UTC	1174059420000	10	69	yes	22.2	120.4	20972	20821	13803	6672	6	39102	1926	1920	0	2956	1181	1770
March 16, 2007 8:38:00 AM UTC	1174059480000	10	71	yes	22.3	120.6	20972	20821	13817	6608	8	39150	1961	1953	0	2948	1144	1804
March 16, 2007 8:39:00 AM UTC	1174059540000	10	67	yes	22.5	120.9	20972	20821	13808	6644	5	39126	1958	1953	0	2951	1183	1768
March 16, 2007 8:40:00 AM UTC	1174059600000	11	63	yes	22.6	121.1	20972	20821	13808	6650	2	39123	1966	1964	0	2944	1293	1651
March 16, 2007 8:41:00 AM UTC	1174059660000	10	60	yes	22.7	121.3	20972	20821	13817	6608	3	39155	1997	1993	1	2941	1190	1749
March 16, 2007 8:42:00 AM UTC	1174059720000	10	54	yes	22.9	121.5	20972	20821	13808	6667	1	39107	1985	1984	0	2937	1238	1678
March 16, 2007 8:43:00 AM UTC	1174059780000	11	49	yes	23.0	121.8	20972	20821	13808	6667	1	39107	1998	1997	0	2937	1208	1724
March 16, 2007 8:44:00 AM UTC	1174059840000	10	45	yes	23.2	122.0	20972	20821	13798	6706	0	39079	1985	1985	0	2937	1146	1774
March 16, 2007 8:45:00 AM UTC	1174059900000	10	42	yes	23.3	122.2	20972	20821	13808	6668	0	39107	2020	2019	1	2934	1048	1863
March 16, 2007 8:46:00 AM UTC	1174059960000	10	39	yes	23.5	122.4	20972	20821	13822	6669	0	39092	2048	2048	0	2928	1040	1874
March 16, 2007 8:47:00 AM UTC	1174060020000	9	37	yes	23.6	122.7	20972	20821	13814	6643	0	39126	2050	2049	1	2934	918	1927
March 16, 2007 8:48:00 AM UTC	1174060080000	8	36	yes	23.7	122.9	20972	20821	13814	6643	0	39126	2064	2063	1	2926	769	1940
March 16, 2007 8:49:00 AM UTC	1174060140000	8	35	yes	23.9	123.1	20972	20821	13825	6605	0	39153	2086	2082	3	2927	665	2097
March 16, 2007 8:50:00 AM UTC	1174060200000	8	34	yes	24.0	123.3	20972	20821	13815	6644	0	39124	2083	2083	0	2924	711	1976
March 16, 2007 8:51:00 AM UTC	1174060260000	8	34	yes	24.2	123.6	20972	20821	13815	6644	0	39124	2094	2092	2	2921	664	1792
March 16, 2007 8:52:00 AM UTC	1174060320000	7	36	yes	24.3	123.8	20972	20821	13805	6709	0	39069	2082	2082	0	2913	548	1912
March 16, 2007 8:53:00 AM UTC	1174060380000	7	37	yes	24.4	124.0	20972	20821	13814	6672	0	39097	2103	2100	3	2922	499	1987
March 16, 2007 8:54:00 AM UTC	1174060440000	7	35	yes	24.6	124.2	20972	20821	13814	6672	0	39097	2118	2114	4	2912	533	1936
March 16, 2007 8:55:00 AM UTC	1174060500000	8	38	yes	24.7	124.5	20972	20821	13821	6649	0	39113	2134	2134	0	2912	596	2006
March 16, 2007 8:56:00 AM UTC	1174060560000	8	39	yes	24.8	124.7	20972	20821	13806	6709	0	39068	2123	2123	0	2913	695	2047
March 16, 2007 8:57:00 AM UTC	1174060620000	8	41	yes	25.0	124.9	20972	20821	13821	6592	0	39170	2167	2164	3	2901	723	2076
March 16, 2007 8:58:00 AM UTC	1174060680000	9	42	yes	25.1	125.2	20972	20821	13806	6652	0	39125	2159	2156	3	2911	846	2061
March 16, 2007 8:59:00 AM UTC	1174060740000	9	42	yes	25.2	125.4	20972	20821	13813	6632	0	39138	2174	2174	0	2897	916	1981
March 16, 2007 9:00:00 AM UTC	1174060800000	9	39	yes	25.4	125.6	20972	20821	13808	6652	0	39123	2168	2166	2	2919	962	1957
March 16, 2007 9:01:00 AM UTC	1174060860000	9	37	yes	25.5	125.9	20972	20821	13820	6621	0	39142	2203	2194	9	2901	956	1945
March 16, 2007 9:02:00 AM UTC	1174060920000	9	35	yes	25.7	126.1	20972	20821	13811	6662	0	39110	2193	2190	3	2902	1107	1795
March 16, 2007 9:03:00 AM UTC	1174060980000	9	35	yes	25.8	126.3	20972	20821	13821	6623	0	39139	2221	2195	26	2904	1160	1744
March 16, 2007 9:04:00 AM UTC	1174061040000	9	35	yes	25.9	126.6	20972	20821	13812	6662	0	39109	2210	2195	15	2900	1096	1804
March 16, 2007 9:05:00 AM UTC	1174061100000	9	34	yes	26.1	126.8	20972	20821	13812	6662	0	39109	2225	2155	70	2900	1087	1813
March 16, 2007 9:06:00 AM UTC	1174061160000	9	39	yes	26.2	127.0	20972	20821	13803	6704	0	39076	2210	2106	104	2896	957	1939
March 16, 2007 9:07:00 AM UTC	1174061220000	8	44	yes	26.3	127.3	20972	20821	13815	6608	0	39160	2250	2108	142	2900	848	2046
March 16, 2007 9:08:00 AM UTC	1174061280000	8	54	yes	26.5	127.5	20972	20821	13815	6608	0	39160	2258	2082	176	2900	708	2187
March 16, 2007 9:09:00 AM UTC	1174061340000	8	64	yes	26.6	127.7	20972	20821	13818	6593	0	39172	2282	2110	172	2895	632	2263
March 16, 2007 9:10:00 AM UTC	1174061400000	8	70	yes	26.7	128.0	20972	20821	13817	6626	0	39140	2274	2145	129	2900	513	2387
March 16, 2007 9:11:00 AM UTC	1174061460000	9	73	yes	26.8	128.2	20972	20821	13817	6626	0	39140	2286	2232	54	2901	496	2405
March 16, 2007 9:12:00 AM UTC	1174061520000	9	74	yes	27.0	128.5	20972	20821	13818	6626	0	39139	2295	2290	5	2898	661	2237
March 16, 2007 9:13:00 AM UTC	1174061580000	10	75	yes	27.1	128.7	20972	20821	13818	6626	0	39139	2302	2302	0	2901	927	1974
March 16, 2007 9:14:00 AM UTC	1174061640000	10	76	yes	27.2	128.9	20972	20821	13829	6569	0	39185	2333	2333	0	2905	1057	1848
March 16, 2007 9:15:00 AM UTC	1174061700000	11	76	yes	27.4	129.2	20972	20821	13806	6671	0	39106	2304	2304	0	2895	1075	1820
March 16, 2007 9:16:00 AM UTC	1174061760000	12	80	yes	27.5	129.4	20972	20821	13832	6514	0	39237	2373	2373	0	2899	1099	1800
March 16, 2007 9:17:00 AM UTC	1174061820000	11	83	yes	27.6	129.7	20972	20821	13818	6583	0	39182	2347	2346	1	2901	1130	1771
March 16, 2007 9:18:00 AM UTC	1174061880000	11	85	yes	27.8	129.9	20972	20821	13823	6548	0	39212	2369	2362	7	2904	1050	1854
March 16, 2007 9:19:00 AM UTC	1174061940000	12	85	yes	27.9	130.2	20972	20821	13819	6603	0	39161	2360	2360	0	2903	1091	1812
March 16, 2007 9:20:00 AM UTC	1174062000000	13	86	yes	28.0	130.4	20972	20821	13820	6596	0	39167	2375	2375	0	2902	1284	1618
March 16, 2007 9:21:00 AM UTC	1174062060000	21	79	yes	28.1	130.6	20972	20821	13820	6596	0	39167	2377	2377	0	2901	1937	964
March 16, 2007 9:22:00 AM UTC	1174062120000	21	78	yes	28.3	130.9	20972	20821	13820	6596	0	39167	2389	2389	0	2903	2567	336
March 16, 2007 9:23:00 AM UTC	1174062180000	23	76	yes	28.4	131.1	20972	20821	13820	6596	0	39167	2403	2403	0	2897	2687	210
March 16, 2007 9:24:00 AM UTC	1174062240000	28	71	yes	28.5	131.4	20972	20821	13810	6642	0	39131	2382	2382	0	2904	2796	108
March 16, 2007 9:25:00 AM UTC	1174062300000	26	73	yes	28.6	131.6	20972	20821	13822	6554	0	39207	2419	2419	0	2902	2894	8
March 16, 2007 9:26:00 AM UTC	1174062360000	28	72	yes	28.8	131.9	20972	20821	13824	6531	0	39228	2446	2446	0	2903	2789	114
March 16, 2007 9:27:00 AM UTC	1174062420000	28	72	yes	28.9	132.1	20972	20821	13821	6583	0	39179	2432	2432	0	2903	2845	58
March 16, 2007 9:28:00 AM UTC	1174062480000	27	73	yes	29.0	132.4	20972	20821	13822	6578	0	39183	2443	2443	0	2904	2653	251
March 16, 2007 9:29:00 AM UTC	1174062540000	25	75	yes	29.1	132.6	20972	20821	13809	6633	0	39141	2427	2427	0	2903	2602	301
March 16, 2007 9:30:00 AM UTC	1174062600000	24	75	yes	29.3	132.9	20972	20821	13822	6578	0	39183	2463	2463	0	2907	2623	284
March 16, 2007 9:31:00 AM UTC	1174062660000	21	76	yes	29.4	133.1	20972	20821	13822	6578	0	39183	2466	2466	0	2910	2558	352
March 16, 2007 9:32:00 AM UTC	1174062720000	20	76	yes	29.5	133.4	20972	20821	13812	6625	0	39146	2448	2448	0	2909	2382	527
March 16, 2007 9:33:00 AM UTC	1174062780000	19	74	yes	29.6	133.6	20972	20821	13822	6578	0	39183	2482	2482	0	2912	2243	669
March 16, 2007 9:34:00 AM UTC	1174062840000	19	71	yes	29.7	133.9	20972	20821	13812	6590	0	39181	2484	2484	0	2911	2120	791
March 16, 2007 9:35:00 AM UTC	1174062900000	19	68	yes	29.9	134.1	20972	20821	13823	6542	0	39218	2513	2513	0	2916	2055	861
March 16, 2007 9:36:00 AM UTC	1174062960000	20	67	yes	30.0	134.4	20972	20821	13822	6569	0	39192	2506	2506	0	2918	1913	1005
March 16, 2007 9:37:00 AM UTC	1174063020000	20	63	yes	30.1	134.6	20972	20821	13810	6624	0	39149	2490	2489	1	2916	1892	1024
March 16, 2007 9:38:00 AM UTC	1174063080000	18	64	yes	30.2	134.9	20972	20821	13822	6569	0	39192	2524	2522	2	2920	1825	1095
March 16, 2007 9:39:00 AM UTC	1174063140000	19	62	yes	30.3	135.1	20972	20821	13809	6619	0	39155	2506	2505	1	2918	1893	1025
March 16, 2007 9:40:00 AM UTC	1174063200000	18	65	yes	30.5	135.4	20972	20821	13822	6569	0	39192	2535	2494	41	2920	1813	1107
March 16, 2007 9:41:00 AM UTC	1174063260000	17	63	yes	30.6	135.7	20972	20821	13823	6567	0	39193	2540	2509	31	2924	1832	1092
March 16, 2007 9:42:00 AM UTC	1174063320000	16	60	yes	30.7	135.9	20972	20821	13811	6629	0	39143	2518	2507	11	2925	1814	1111
March 16, 2007 9:43:00 AM UTC	1174063380000	16	55	yes	30.8	136.2	20972	20821	13834	6477	0	39272	2597	2593	4	2927	1754	1173
March 16, 2007 9:44:00 AM UTC	1174063440000	15	53	yes	30.9	136.4	20972	20821	13809	6624	0	39150	2525	2500	25	2928	1718	1210
March 16, 2007 9:45:00 AM UTC	1174063500000	13	52	yes	31.0	136.7	20972	20821	13821	6574	0	39188	2570	2445	125	2933	1655	1278
March 16, 2007 9:46:00 AM UTC	1174063560000	12	51	yes	31.1	136.9	20972	20821	13821	6574	0	39188	2576	2451	125	2936	1508	1428
March 16, 2007 9:47:00 AM UTC	1174063620000	12	50	yes	31.3	137.2	20972	20821	13822	6573	0	39188	2583	2440	143	2940	1319	1621
March 16, 2007 9:48:00 AM UTC	1174063680000	11	48	yes	31.4	137.5	20972	20821	13822	6573	0	39188	2589	2468	121	2938	1156	1782
March 16, 2007 9:49:00 AM UTC	1174063740000	11	45	yes	31.5	137.7	20972	20821	13822	6573	0	39188	2593	2549	44	2941	1183	1758
March 16, 2007 9:50:00 AM UTC	1174063800000	11	42	yes	31.6	138.0	20972	20821	13813	6583	0	39187	2587	2572	15	2942	1171	1771
March 16, 2007 9:51:00 AM UTC	1174063860000	11	38	yes	31.7	138.3	20972	20821	13823	6534	0	39226	2624	2606	18	2942	1178	1764
March 16, 2007 9:52:00 AM UTC	1174063920000	11	37	yes	31.8	138.5	20972	20821	13811	6636	0	39136	2582	2555	27	2947	1161	1783
March 16, 2007 9:53:00 AM UTC	1174063980000	10	32	yes	31.9	138.8	20972	20821	13822	6588	0	39173	2616	2567	49	2947	1113	1793
March 16, 2007 9:54:00 AM UTC	1174064040000	9	32	yes	32.0	139.0	20972	20821	13822	6588	0	39173	2617	2360	257	2955	962	1969
March 16, 2007 9:55:00 AM UTC	1174064100000	8	31	yes	32.1	139.3	20972	20821	13811	6642	0	39130	2601	2123	478	2956	933	1897
March 16, 2007 9:56:00 AM UTC	1174064160000	8	31	yes	32.3	139.6	20972	20821	13823	6588	0	39172	2627	2248	379	2962	809	2094
March 16, 2007 9:57:00 AM UTC	1174064220000	9	29	yes	32.4	139.8	20972	20821	13820	6596	0	39167	2639	2418	221	2961	818	1918
March 16, 2007 9:58:00 AM UTC	1174064280000	8	33	yes	32.5	140.1	20972	20821	13822	6588	0	39173	2639	2356	283	2961	679	2141
March 16, 2007 9:59:00 AM UTC	1174064340000	9	31	yes	32.6	140.4	20972	20821	13823	6556	0	39204	2663	2516	147	2968	682	2226
March 16, 2007 10:00:00 AM UTC	1174064400000	8	33	yes	32.7	140.6	20972	20821	13810	6657	0	39116	2624	2459	165	2971	571	2191
March 16, 2007 10:01:00 AM UTC	1174064460000	8	33	yes	32.8	140.9	20972	20821	13820	6610	0	39153	2658	2571	87	2974	548	2154
March 16, 2007 10:02:00 AM UTC	1174064520000	9	34	yes	32.9	141.2	20972	20821	13820	6610	0	39153	2656	2584	72	2978	585	2028
March 16, 2007 10:03:00 AM UTC	1174064580000	8	38	yes	33.0	141.5	20972	20821	13820	6610	0	39153	2663	2535	128	2981	565	2061
March 16, 2007 10:04:00 AM UTC	1174064640000	9	41	yes	33.1	141.7	20972	20821	13819	6610	0	39154	2663	2518	145	2989	563	2024
March 16, 2007 10:05:00 AM UTC	1174064700000	8	44	yes	33.2	142.0	20972	20821	13817	6617	0	39149	2668	2571	97	2988	536	2145
March 16, 2007 10:06:00 AM UTC	1174064760000	9	47	yes	33.3	142.3	20972	20821	13819	6610	0	39154	2675	2606	69	2994	566	2209
March 16, 2007 10:07:00 AM UTC	1174064820000	9	46	yes	33.4	142.5	20972	20821	13816	6584	0	39183	2686	2643	43	2996	591	2191
March 16, 2007 10:08:00 AM UTC	1174064880000	9	46	yes	33.5	142.8	20972	20821	13828	6586	0	39169	2705	2675	30	3002	688	2128
March 16, 2007 10:09:00 AM UTC	1174064940000	9	44	yes	33.6	143.1	20972	20821	13815	6642	0	39126	2683	2632	51	3004	711	2144
March 16, 2007 10:10:00 AM UTC	1174065000000	9	42	yes	33.7	143.4	20972	20821	13815	6642	0	39126	2685	2453	232	3006	658	2201
March 16, 2007 10:11:00 AM UTC	1174065060000	9	38	yes	33.8	143.6	20972	20821	13824	6603	0	39156	2714	2402	312	3011	715	2187
March 16, 2007 10:12:00 AM UTC	1174065120000	9	34	yes	33.9	143.9	20972	20821	13814	6642	0	39127	2692	2550	142	3014	738	2155
March 16, 2007 10:13:00 AM UTC	1174065180000	9	32	yes	34.0	144.2	20972	20821	13814	6644	0	39125	2697	2445	252	3016	701	2168
March 16, 2007 10:14:00 AM UTC	1174065240000	9	29	yes	34.1	144.5	20972	20821	13825	6598	0	39160	2722	2307	415	3020	790	2021
March 16, 2007 10:15:00 AM UTC	1174065300000	9	26	yes	34.2	144.8	20972	20821	13810	6685	0	39088	2698	2199	499	3023	921	1772
March 16, 2007 10:16:00 AM UTC	1174065360000	8	25	yes	34.3	145.0	20972	20821	13810	6685	0	39088	2698	2022	676	3014	801	1917
March 16, 2007 10:17:00 AM UTC	1174065420000	8	24	yes	34.4	145.3	20972	20821	13810	6685	0	39088	2698	1909	789	3034	870	2046
March 16, 2007 10:18:00 AM UTC	1174065480000	8	23	yes	34.5	145.6	20972	20821	13810	6685	0	39088	2701	2161	540	3030	768	2179
March 16, 2007 10:19:00 AM UTC	1174065540000	8	20	yes	34.6	145.9	20972	20821	13796	6744	0	39043	2672	2164	508	3042	906	1880
March 16, 2007 10:20:00 AM UTC	1174065600000	8	21	yes	34.7	146.2	20972	20821	13818	6644	0	39121	2737	2137	600	3038	846	1779
March 16, 2007 10:21:00 AM UTC	1174065660000	7	20	yes	34.8	146.4	20972	20821	13810	6684	0	39089	2719	1995	724	3045	698	1697
March 16, 2007 10:22:00 AM UTC	1174065720000	6	21	yes	34.9	146.7	20972	20821	13806	6702	0	39075	2707	1677	1030	3050	610	1718
March 16, 2007 10:23:00 AM UTC	1174065780000	6	20	yes	34.9	147.0	20972	20821	13820	6670	0	39093	2739	1666	1073	3050	535	1781
March 16, 2007 10:24:00 AM UTC	1174065840000	6	19	yes	35.0	147.3	20972	20821	13805	6728	0	39050	2705	1759	946	3058	596	1632
March 16, 2007 10:25:00 AM UTC	1174065900000	7	18	yes	35.1	147.6	20972	20821	13805	6727	0	39051	2708	1903	805	3057	636	1565
March 16, 2007 10:26:00 AM UTC	1174065960000	7	17	yes	35.2	147.9	20972	20821	13815	6631	0	39137	2754	1937	817	3062	579	1568
March 16, 2007 10:27:00 AM UTC	1174066020000	6	17	yes	35.3	148.2	20972	20821	13815	6632	0	39136	2750	1762	983	3068	543	1787
March 16, 2007 10:28:00 AM UTC	1174066080000	6	18	yes	35.4	148.4	20972	20821	13815	6632	0	39136	2761	1632	1109	3071	565	1912
March 16, 2007 10:29:00 AM UTC	1174066140000	5	18	yes	35.5	148.7	20972	20821	13815	6632	0	39136	2748	1445	1164	3075	595	2333
March 16, 2007 10:30:00 AM UTC	1174066200000	6	16	yes	35.6	149.0	20972	20821	13822	6626	0	39135	2770	1669	943	3081	757	1988
March 16, 2007 10:31:00 AM UTC	1174066260000	6	16	yes	35.6	149.3	20972	20821	13801	6726	0	39056	2716	1660	741	3084	708	1942
March 16, 2007 10:32:00 AM UTC	1174066320000	5	18	yes	35.7	149.6	20972	20821	13816	6665	0	39102	2759	1400	938	3087	553	1875
March 16, 2007 10:33:00 AM UTC	1174066380000	7	19	yes	35.8	149.9	20972	20821	13825	6617	0	39141	2783	1750	838	3093	632	1616
March 16, 2007 10:34:00 AM UTC	1174066440000	7	20	yes	35.9	150.2	20972	20821	13809	6689	0	39085	2750	1876	722	3096	634	1660
March 16, 2007 10:35:00 AM UTC	1174066500000	8	21	yes	36.0	150.5	20972	20821	13809	6689	0	39085	2748	2028	719	3107	700	1752
March 16, 2007 10:36:00 AM UTC	1174066560000	7	22	yes	36.1	150.8	20972	20821	13809	6689	0	39085	2749	1984	741	3112	737	1978
March 16, 2007 10:37:00 AM UTC	1174066620000	7	20	yes	36.1	151.0	20972	20821	13817	6653	0	39113	2769	1919	666	3114	776	1921
March 16, 2007 10:38:00 AM UTC	1174066680000	8	19	yes	36.2	151.3	20972	20821	13808	6735	0	39040	2747	1804	700	3117	908	1807
March 16, 2007 10:39:00 AM UTC	1174066740000	7	21	yes	36.3	151.6	20972	20821	13818	6615	0	39150	2785	1548	1056	3124	1013	1939
March 16, 2007 10:40:00 AM UTC	1174066800000	8	24	yes	36.4	151.9	20972	20821	13818	6615	0	39150	2792	1718	1068	3123	1181	1927
March 16, 2007 10:41:00 AM UTC	1174066860000	8	28	yes	36.5	152.2	20972	20821	13818	6615	0	39150	2788	1704	1084	3130	1211	1912
March 16, 2007 10:42:00 AM UTC	1174066920000	9	31	yes	36.5	152.5	20972	20821	13804	6675	0	39104	2760	1994	766	3132	1133	1996
March 16, 2007 10:43:00 AM UTC	1174066980000	10	31	yes	36.6	152.8	20972	20821	13817	6615	0	39151	2790	2322	468	3140	960	2180
March 16, 2007 10:44:00 AM UTC	1174067040000	10	30	yes	36.7	153.1	20972	20821	13811	6645	0	39127	2783	2476	307	3142	878	2264
March 16, 2007 10:45:00 AM UTC	1174067100000	12	28	yes	36.8	153.4	20972	20821	13810	6714	0	39059	2761	2649	112	3147	969	2176
March 16, 2007 10:46:00 AM UTC	1174067160000	13	25	yes	36.8	153.7	20972	20821	13810	6688	0	39085	2775	2698	77	3151	961	2190
March 16, 2007 10:47:00 AM UTC	1174067220000	13	28	yes	36.9	154.0	20972	20821	13810	6688	0	39085	2777	2757	20	3155	1005	2150
March 16, 2007 10:48:00 AM UTC	1174067280000	14	29	yes	37.0	154.3	20972	20821	13810	6688	0	39085	2776	2734	42	3161	980	2181
March 16, 2007 10:49:00 AM UTC	1174067340000	15	32	yes	37.1	154.6	20972	20821	13818	6655	0	39110	2787	2704	83	3168	1279	1889
March 16, 2007 10:50:00 AM UTC	1174067400000	17	39	yes	37.1	154.9	20972	20821	13794	6703	0	39086	2754	2752	2	3172	1877	1295
March 16, 2007 10:51:00 AM UTC	1174067460000	17	47	yes	37.2	155.2	20972	20821	13818	6609	0	39156	2802	2802	0	3177	1965	1212
March 16, 2007 10:52:00 AM UTC	1174067520000	17	53	yes	37.3	155.5	20972	20821	13818	6609	0	39156	2812	2812	0	3178	1901	1277
March 16, 2007 10:53:00 AM UTC	1174067580000	16	59	yes	37.3	155.8	20972	20821	13803	6721	0	39059	2759	2759	0	3189	1730	1459
March 16, 2007 10:54:00 AM UTC	1174067640000	15	61	yes	37.4	156.1	20972	20821	13809	6693	0	39081	2781	2781	0	3187	1596	1574
March 16, 2007 10:55:00 AM UTC	1174067700000	14	63	yes	37.5	156.4	20972	20821	13816	6658	0	39109	2800	2799	1	3196	1376	1790
March 16, 2007 10:56:00 AM UTC	1174067760000	13	68	yes	37.5	156.7	20972	20821	13808	6694	0	39081	2782	2782	0	3198	1237	1930
March 16, 2007 10:57:00 AM UTC	1174067820000	13	68	yes	37.6	157.0	20972	20821	13809	6694	0	39080	2773	2773	0	3207	1217	1959
March 16, 2007 10:58:00 AM UTC	1174067880000	13	68	yes	37.7	157.3	20972	20821	13809	6694	0	39080	2780	2780	0	3205	1248	1858
March 16, 2007 10:59:00 AM UTC	1174067940000	13	65	yes	37.7	157.6	20972	20821	13814	6664	0	39105	2796	2777	19	3210	1183	1944
March 16, 2007 11:00:00 AM UTC	1174068000000	13	64	yes	37.8	157.9	20972	20821	13807	6762	0	39014	2755	2687	68	3219	1273	1843
March 16, 2007 11:01:00 AM UTC	1174068060000	13	61	yes	37.9	158.2	20972	20821	13812	6721	0	39050	2784	2567	217	3222	1432	1722
March 16, 2007 11:02:00 AM UTC	1174068120000	13	61	yes	37.9	158.6	20972	20821	13815	6639	0	39129	2809	2263	546	3229	1632	1561
March 16, 2007 11:03:00 AM UTC	1174068180000	13	58	yes	38.0	158.9	20972	20821	13802	6706	0	39075	2769	1998	771	3233	1884	1332
March 16, 2007 11:04:00 AM UTC	1174068240000	14	58	yes	38.0	159.2	20972	20821	13821	6611	0	39151	2821	1991	830	3241	2154	1077
March 16, 2007 11:05:00 AM UTC	1174068300000	15	59	yes	38.1	159.5	20972	20821	13815	6638	0	39130	2806	2202	604	3239	2346	893
March 16, 2007 11:06:00 AM UTC	1174068360000	16	61	yes	38.2	159.8	20972	20821	13801	6704	0	39078	2767	2180	587	3246	2535	711
March 16, 2007 11:07:00 AM UTC	1174068420000	17	61	yes	38.2	160.1	20972	20821	13806	6644	0	39133	2785	2419	366	3254	2411	843
March 16, 2007 11:08:00 AM UTC	1174068480000	18	65	yes	38.3	160.4	20972	20821	13806	6693	0	39084	2773	2299	474	3260	2516	744
March 16, 2007 11:09:00 AM UTC	1174068540000	21	62	yes	38.3	160.7	20972	20821	13825	6606	0	39152	2828	2503	325	3267	2355	912
March 16, 2007 11:10:00 AM UTC	1174068600000	23	61	yes	38.4	161.0	20972	20821	13811	6673	0	39099	2790	2484	306	3267	2465	802
March 16, 2007 11:11:00 AM UTC	1174068660000	25	59	yes	38.4	161.3	20972	20821	13806	6693	0	39084	2775	2698	77	3274	2349	925
March 16, 2007 11:12:00 AM UTC	1174068720000	28	58	yes	38.5	161.7	20972	20821	13812	6673	0	39098	2786	2786	0	3274	2406	868
March 16, 2007 11:13:00 AM UTC	1174068780000	31	59	yes	38.5	162.0	20972	20821	13812	6673	0	39098	2795	2795	0	3278	2328	950
March 16, 2007 11:14:00 AM UTC	1174068840000	34	57	yes	38.6	162.3	20972	20821	13812	6673	0	39098	2785	2785	0	3284	2494	790
March 16, 2007 11:15:00 AM UTC	1174068900000	39	54	yes	38.6	162.6	20972	20821	13817	6651	0	39115	2815	2815	0	3284	2692	592
March 16, 2007 11:16:00 AM UTC	1174068960000	43	53	yes	38.7	162.9	20972	20821	13816	6716	0	39051	2780	2780	0	3291	3025	266
March 16, 2007 11:17:00 AM UTC	1174069020000	47	50	yes	38.7	163.2	20972	20821	13816	6714	0	39053	2793	2793	0	3291	3192	99
March 16, 2007 11:18:00 AM UTC	1174069080000	50	48	yes	38.8	163.5	20972	20821	13804	6694	0	39085	2770	2770	0	3301	3272	29
March 16, 2007 11:19:00 AM UTC	1174069140000	51	45	yes	38.8	163.9	20972	20821	13803	6701	0	39079	2776	2776	0	3297	3290	7
March 16, 2007 11:20:00 AM UTC	1174069200000	52	46	yes	38.9	164.2	20972	20821	13818	6632	0	39133	2805	2805	0	3310	3300	10
March 16, 2007 11:21:00 AM UTC	1174069260000	54	43	yes	38.9	164.5	20972	20821	13823	6574	0	39186	2833	2833	0	3309	3309	0
March 16, 2007 11:22:00 AM UTC	1174069320000	56	42	yes	39.0	164.8	20972	20821	13808	6643	0	39132	2785	2785	0	3318	3318	0
March 16, 2007 11:23:00 AM UTC	1174069380000	60	39	yes	39.0	165.1	20972	20821	13805	6717	0	39061	2761	2761	0	3325	3325	0
March 16, 2007 11:24:00 AM UTC	1174069440000	62	36	yes	39.1	165.4	20972	20821	13809	6694	0	39080	2778	2778	0	3326	3326	0
March 16, 2007 11:25:00 AM UTC	1174069500000	68	31	yes	39.1	165.7	20972	20821	13809	6695	0	39079	2782	2782	0	3328	3328	0
March 16, 2007 11:26:00 AM UTC	1174069560000	70	29	yes	39.1	166.1	20972	20821	13825	6626	0	39132	2817	2817	0	3330	3330	0
March 16, 2007 11:27:00 AM UTC	1174069620000	72	28	yes	39.2	166.4	20972	20821	13809	6695	0	39079	2782	2782	0	3335	3335	0
March 16, 2007 11:28:00 AM UTC	1174069680000	73	27	yes	39.2	166.7	20972	20821	13810	6695	0	39078	2781	2781	0	3331	3331	0
March 16, 2007 11:29:00 AM UTC	1174069740000	74	25	yes	39.3	167.0	20972	20821	13810	6695	0	39078	2780	2780	0	3340	3340	0
March 16, 2007 11:30:00 AM UTC	1174069800000	78	22	no	39.3	167.3	20972	20821	13811	6694	0	39078	2780	2780	0	3340	3340	0
March 16, 2007 11:31:00 AM UTC	1174069860000	76	24	no	39.3	167.7	20972	20821	13797	6822	0	38964	2726	2726	0	3346	3346	0
March 16, 2007 11:32:00 AM UTC	1174069920000	78	22	yes	39.4	168.0	20972	20821	13815	6669	0	39099	2791	2791	0	3347	3347	0
March 16, 2007 11:33:00 AM UTC	1174069980000	76	24	yes	39.4	168.3	20972	20821	13815	6669	0	39099	2794	2794	0	3354	3354	0
March 16, 2007 11:34:00 AM UTC	1174070040000	76	24	yes	39.4	168.6	20972	20821	13817	6638	0	39128	2798	2798	0	3357	3357	0
March 16, 2007 11:35:00 AM UTC	1174070100000	75	25	yes	39.5	168.9	20972	20821	13820	6623	0	39140	2805	2805	0	3367	3367	0
March 16, 2007 11:36:00 AM UTC	1174070160000	80	20	yes	39.5	169.3	20972	20821	13806	6694	0	39083	2769	2769	0	3359	3359	0
March 16, 2007 11:37:00 AM UTC	1174070220000	77	23	yes	39.5	169.6	20972	20821	13805	6693	0	39085	2767	2767	0	3361	3361	0
March 16, 2007 11:38:00 AM UTC	1174070280000	79	21	no	39.6	169.9	20972	20821	13820	6623	0	39140	2800	2800	0	3370	3370	0
March 16, 2007 11:39:00 AM UTC	1174070340000	78	22	no	39.6	170.2	20972	20821	13821	6684	0	39078	2790	2790	0	3368	3368	0
March 16, 2007 11:40:00 AM UTC	1174070400000	78	22	no	39.6	170.6	20972	20821	13824	6690	0	39069	2784	2784	0	3376	3376	0
March 16, 2007 11:41:00 AM UTC	1174070460000	76	24	yes	39.6	170.9	20972	20821	13821	6688	0	39074	2796	2796	0	3369	3369	0
March 16, 2007 11:42:00 AM UTC	1174070520000	73	27	yes	39.7	171.2	20972	20821	13806	6760	0	39017	2750	2750	0	3376	3376	0
March 16, 2007 11:43:00 AM UTC	1174070580000	69	31	yes	39.7	171.5	20972	20821	13809	6751	0	39023	2750	2750	0	3381	3381	0
March 16, 2007 11:44:00 AM UTC	1174070640000	68	32	yes	39.7	171.8	20972	20821	13810	6668	0	39105	2780	2780	0	3379	3379	0
March 16, 2007 11:45:00 AM UTC	1174070700000	64	36	yes	39.7	172.2	20972	20821	13826	6570	0	39187	2826	2826	0	3386	3386	0
March 16, 2007 11:46:00 AM UTC	1174070760000	65	35	yes	39.8	172.5	20972	20821	13826	6570	0	39187	2831	2831	0	3379	3379	0
March 16, 2007 11:47:00 AM UTC	1174070820000	65	35	yes	39.8	172.8	20972	20821	13808	6720	0	39055	2756	2756	0	3387	3387	0
March 16, 2007 11:48:00 AM UTC	1174070880000	65	35	yes	39.8	173.1	20972	20821	13810	6717	0	39056	2774	2774	0	3390	3390	0
March 16, 2007 11:49:00 AM UTC	1174070940000	63	37	yes	39.8	173.5	20972	20821	13811	6717	0	39055	2765	2765	0	3391	3391	0
March 16, 2007 11:50:00 AM UTC	1174071000000	63	37	yes	39.8	173.8	20972	20821	13811	6717	0	39055	2773	2773	0	3390	3390	0
March 16, 2007 11:51:00 AM UTC	1174071060000	59	41	yes	39.9	174.1	20972	20821	13812	6716	0	39055	2764	2764	0	3396	3396	0
March 16, 2007 11:52:00 AM UTC	1174071120000	60	40	yes	39.9	174.4	20972	20821	13827	6645	0	39111	2809	2809	0	3393	3393	0
March 16, 2007 11:53:00 AM UTC	1174071180000	60	40	yes	39.9	174.8	20972	20821	13814	6708	0	39061	2772	2772	0	3397	3397	0
March 16, 2007 11:54:00 AM UTC	1174071240000	60	40	yes	39.9	175.1	20972	20821	13815	6707	0	39061	2770	2770	0	3400	3400	0
March 16, 2007 11:55:00 AM UTC	1174071300000	58	42	yes	39.9	175.4	20972	20821	13819	6601	0	39163	2799	2799	0	3399	3399	0
March 16, 2007 11:56:00 AM UTC	1174071360000	56	44	yes	39.9	175.7	20972	20821	13815	6694	0	39074	2777	2777	0	3398	3398	0
March 16, 2007 11:57:00 AM UTC	1174071420000	56	44	yes	40.0	176.1	20972	20821	13815	6692	0	39076	2774	2774	0	3401	3401	0
March 16, 2007 11:58:00 AM UTC	1174071480000	58	42	yes	40.0	176.4	20972	20821	13816	6687	0	39080	2780	2780	0	3400	3400	0
March 16, 2007 11:59:00 AM UTC	1174071540000	58	42	no	40.0	176.7	20972	20821	13816	6687	0	39080	2777	2777	0	3402	3402	0
March 16, 2007 12:00:00 PM UTC	1174071600000	61	39	no	40.0	177.0	20972	20821	13816	6687	0	39080	2782	2782	0	3398	3398	0
March 16, 2007 12:01:00 PM UTC	1174071660000	63	37	no	40.0	177.4	20972	20821	13816	6687	0	39080	2778	2778	0	3405	3405	0
March 16, 2007 12:02:00 PM UTC	1174071720000	66	34	no	40.0	177.7	20972	20821	13816	6687	0	39080	2776	2776	0	3407	3407	0
March 16, 2007 12:03:00 PM UTC	1174071780000	66	34	no	40.0	178.0	20972	20821	13815	6687	0	39081	2788	2788	0	3399	3399	0
March 16, 2007 12:04:00 PM UTC	1174071840000	66	34	no	40.0	178.3	20972	20821	13816	6684	0	39083	2774	2774	0	3412	3412	0
March 16, 2007 12:05:00 PM UTC	1174071900000	64	36	no	40.0	178.7	20972	20821	13816	6662	0	39105	2789	2789	0	3401	3401	0
March 16, 2007 12:06:00 PM UTC	1174071960000	64	36	no	40.0	179.0	20972	20821	13816	6662	0	39105	2776	2776	0	3413	3413	0
March 16, 2007 12:07:00 PM UTC	1174072020000	66	34	no	40.0	179.3	20972	20821	13817	6662	0	39104	2781	2781	0	3408	3408	0
March 16, 2007 12:08:00 PM UTC	1174072080000	67	33	no	40.0	179.7	20972	20821	13818	6662	0	39103	2780	2780	0	3406	3406	0
March 16, 2007 12:09:00 PM UTC	1174072140000	71	29	yes	40.0	180.0	20972	20821	13818	6662	0	39103	2782	2782	0	3407	3407	0
March 16, 2007 12:10:00 PM UTC	1174072200000	75	25	yes	40.0	180.3	20972	20821	13818	6662	0	39103	2780	2780	0	3409	3409	0
March 16, 2007 12:11:00 PM UTC	1174072260000	77	22	yes	40.0	180.6	20972	20821	13817	6662	0	39104	2782	2782	0	3407	3407	0
March 16, 2007 12:12:00 PM UTC	1174072320000	77	23	no	40.0	181.0	20972	20821	13816	6662	0	39105	2776	2776	0	3414	3414	0
March 16, 2007 12:13:00 PM UTC	1174072380000	80	20	no	40.0	181.3	20972	20821	13816	6662	0	39105	2790	2790	0	3400	3400	0
March 16, 2007 12:14:00 PM UTC	1174072440000	83	17	no	40.0	181.6	20972	20821	13816	6682	0	39085	2774	2774	0	3408	3408	0
March 16, 2007 12:15:00 PM UTC	1174072500000	84	16	no	40.0	181.9	20972	20821	13815	6685	0	39083	2780	2780	0	3405	3405	0
March 16, 2007 12:16:00 PM UTC	1174072560000	88	12	no	40.0	182.3	20972	20821	13816	6685	0	39082	2778	2778	0	3404	3404	0
March 16, 2007 12:17:00 PM UTC	1174072620000	90	10	no	40.0	182.6	20972	20821	13816	6685	0	39082	2776	2776	0	3409	3409	0
March 16, 2007 12:18:00 PM UTC	1174072680000	94	6	no	40.0	182.9	20972	20821	13816	6685	0	39082	2783	2783	0	3397	3397	0
March 16, 2007 12:19:00 PM UTC	1174072740000	95	5	no	40.0	183.2	20972	20821	13832	6618	0	39133	2813	2813	0	3411	3411	0
March 16, 2007 12:20:00 PM UTC	1174072800000	96	4	no	40.0	183.6	20972	20821	13816	6685	0	39082	2781	2781	0	3398	3398	0
March 16, 2007 12:21:00 PM UTC	1174072860000	97	3	no	40.0	183.9	20972	20821	13815	6690	0	39078	2771	2771	0	3404	3404	0
March 16, 2007 12:22:00 PM UTC	1174072920000	98	2	no	40.0	184.2	20972	20821	13816	6687	0	39080	2775	2775	0	3403	3403	0
March 16, 2007 12:23:00 PM UTC	1174072980000	99	1	no	39.9	184.5	20972	20821	13818	6604	0	39161	2797	2797	0	3399	3399	0
March 16, 2007 12:24:00 PM UTC	1174073040000	100	0	no	39.9	184.9	20972	20821	13815	6705	0	39063	2773	2773	0	3395	3395	0
March 16, 2007 12:25:00 PM UTC	1174073100000	100	0	no	39.9	185.2	20972	20821	13831	6635	0	39117	2809	2809	0	3401	3401	0
March 16, 2007 12:26:00 PM UTC	1174073160000	100	0	no	39.9	185.5	20972	20821	13827	6641	0	39115	2810	2810	0	3396	3396	0
March 16, 2007 12:27:00 PM UTC	1174073220000	100	0	no	39.9	185.8	20972	20821	13812	6712	0	39059	2766	2766	0	3393	3393	0
March 16, 2007 12:28:00 PM UTC	1174073280000	100	0	no	39.9	186.2	20972	20821	13811	6713	0	39059	2771	2771	0	3390	3390	0
March 16, 2007 12:29:00 PM UTC	1174073340000	100	0	no	39.8	186.5	20972	20821	13811	6713	0	39059	2763	2763	0	3392	3392	0
March 16, 2007 12:30:00 PM UTC	1174073400000	100	0	no	39.8	186.8	20972	20821	13810	6713	0	39060	2770	2770	0	3393	3393	0
March 16, 2007 12:31:00 PM UTC	1174073460000	100	0	no	39.8	187.1	20972	20821	13823	6653	0	39107	2790	2790	0	3390	3390	0
March 16, 2007 12:32:00 PM UTC	1174073520000	100	0	no	39.8	187.5	20972	20821	13826	6568	0	39189	2829	2829	0	3383	3383	0
March 16, 2007 12:33:00 PM UTC	1174073580000	100	0	no	39.8	187.8	20972	20821	13810	6639	0	39134	2786	2786	0	3388	3388	0
March 16, 2007 12:34:00 PM UTC	1174073640000	100	0	no	39.7	188.1	20972	20821	13810	6664	0	39109	2782	2782	0	3381	3381	0
March 16, 2007 12:35:00 PM UTC	1174073700000	100	0	no	39.7	188.4	20972	20821	13809	6744	0	39030	2753	2753	0	3381	3381	0
March 16, 2007 12:36:00 PM UTC	1174073760000	100	0	no	39.7	188.8	20972	20821	13806	6757	0	39020	2750	2750	0	3378	3378	0
March 16, 2007 12:37:00 PM UTC	1174073820000	100	0	no	39.7	189.1	20972	20821	13821	6686	0	39076	2796	2796	0	3371	3371	0
March 16, 2007 12:38:00 PM UTC	1174073880000	100	0	no	39.6	189.4	20972	20821	13824	6684	0	39075	2792	2792	0	3374	3374	0
March 16, 2007 12:39:00 PM UTC	1174073940000	100	0	no	39.6	189.7	20972	20821	13821	6685	0	39077	2789	2789	0	3369	3369	0
March 16, 2007 12:40:00 PM UTC	1174074000000	100	0	no	39.6	190.1	20972	20821	13805	6691	0	39087	2759	2759	0	3369	3369	0
March 16, 2007 12:41:00 PM UTC	1174074060000	100	0	no	39.6	190.4	20972	20821	13805	6689	0	39089	2768	2768	0	3367	3367	0
March 16, 2007 12:42:00 PM UTC	1174074120000	100	0	no	39.5	190.7	20972	20821	13820	6621	0	39142	2807	2807	0	3369	3369	0
March 16, 2007 12:43:00 PM UTC	1174074180000	100	0	no	39.5	191.0	20972	20821	13820	6621	0	39142	2806	2806	0	3367	3367	0
March 16, 2007 12:44:00 PM UTC	1174074240000	100	0	no	39.5	191.3	20972	20821	13817	6634	0	39132	2801	2801	0	3356	3356	0
March 16, 2007 12:45:00 PM UTC	1174074300000	100	0	no	39.4	191.7	20972	20821	13815	6666	0	39102	2796	2796	0	3354	3354	0
March 16, 2007 12:46:00 PM UTC	1174074360000	100	0	no	39.4	192.0	20972	20821	13815	6666	0	39102	2796	2796	0	3348	3348	0
March 16, 2007 12:47:00 PM UTC	1174074420000	100	0	no	39.4	192.3	20972	20821	13812	6749	0	39022	2763	2763	0	3349	3349	0
March 16, 2007 12:48:00 PM UTC	1174074480000	100	0	no	39.3	192.6	20972	20821	13811	6690	0	39082	2783	2783	0	3340	3340	0
March 16, 2007 12:49:00 PM UTC	1174074540000	100	0	no	39.3	192.9	20972	20821	13810	6691	0	39082	2777	2777	0	3344	3344	0
March 16, 2007 12:50:00 PM UTC	1174074600000	100	0	no	39.2	193.3	20972	20821	13810	6691	0	39082	2779	2779	0	3335	3335	0
March 16, 2007 12:51:00 PM UTC	1174074660000	100	0	no	39.2	193.6	20972	20821	13809	6691	0	39083	2783	2783	0	3338	3338	0
March 16, 2007 12:52:00 PM UTC	1174074720000	100	0	no	39.2	193.9	20972	20821	13825	6622	0	39136	2816	2816	0	3333	3333	0
March 16, 2007 12:53:00 PM UTC	1174074780000	100	0	no	39.1	194.2	20972	20821	13809	6691	0	39083	2782	2782	0	3330	3330	0
March 16, 2007 12:54:00 PM UTC	1174074840000	100	0	no	39.1	194.5	20972	20821	13809	6690	0	39084	2779	2779	0	3327	3327	0
March 16, 2007 12:55:00 PM UTC	1174074900000	100	0	no	39.0	194.9	20972	20821	13805	6714	0	39064	2765	2765	0	3324	3324	0
March 16, 2007 12:56:00 PM UTC	1174074960000	100	0	no	39.0	195.2	20972	20821	13823	6570	0	39190	2825	2825	0	3321	3321	0
March 16, 2007 12:57:00 PM UTC	1174075020000	100	0	no	39.0	195.5	20972	20821	13823	6570	0	39190	2834	2834	0	3309	3309	0
March 16, 2007 12:58:00 PM UTC	1174075080000	100	0	no	38.9	195.8	20972	20821	13818	6628	0	39137	2801	2801	0	3316	3316	0
March 16, 2007 12:59:00 PM UTC	1174075140000	100	0	no	38.9	196.1	20972	20821	13803	6696	0	39084	2771	2771	0	3305	3305	0
March 16, 2007 1:00:00 PM UTC	1174075200000	100	0	no	38.8	196.4	20972	20821	13802	6701	0	39080	2767	2767	0	3301	3301	0
March 16, 2007 1:01:00 PM UTC	1174075260000	100	0	no	38.8	196.7	20972	20821	13816	6710	0	39057	2788	2788	0	3297	3297	0
March 16, 2007 1:02:00 PM UTC	1174075320000	100	0	no	38.7	197.1	20972	20821	13816	6708	0	39059	2786	2786	0	3292	3292	0
March 16, 2007 1:03:00 PM UTC	1174075380000	100	0	no	38.7	197.4	20972	20821	13817	6646	0	39120	2812	2812	0	3287	3287	0
March 16, 2007 1:04:00 PM UTC	1174075440000	100	0	no	38.6	197.7	20972	20821	13800	6739	0	39044	2748	2748	0	3287	3287	0
March 16, 2007 1:05:00 PM UTC	1174075500000	100	0	no	38.6	198.0	20972	20821	13812	6668	0	39103	2790	2790	0	3282	3282	0
March 16, 2007 1:06:00 PM UTC	1174075560000	100	0	no	38.5	198.3	20972	20821	13812	6668	0	39103	2790	2790	0	3278	3278	0
March 16, 2007 1:06:58 PM UTC	1174075618000	100	0	no	38.5	198.6	20972	20821	13805	6695	0	39083	2768	2768	0	3278	3278	0
March 16, 2007 1:08:00 PM UTC	1174075680000	100	0	no	38.4	198.9	20972	20821	13811	6668	0	39104	2793	2793	0	3269	3269	0
March 16, 2007 1:09:00 PM UTC	1174075740000	100	0	no	38.4	199.3	20972	20821	13811	6668	0	39104	2787	2787	0	3265	3265	0
March 16, 2007 1:10:00 PM UTC	1174075800000	100	0	no	38.3	199.6	20972	20821	13805	6695	0	39083	2772	2772	0	3260	3260	0
March 16, 2007 1:11:00 PM UTC	1174075860000	100	0	no	38.3	199.9	20972	20821	13808	6624	0	39151	2792	2792	0	3256	3256	0
March 16, 2007 1:12:00 PM UTC	1174075920000	100	0	no	38.2	200.2	20972	20821	13821	6607	0	39155	2823	2823	0	3250	3250	0
March 16, 2007 1:13:00 PM UTC	1174075980000	100	0	no	38.1	200.5	20972	20821	13815	6634	0	39134	2807	2807	0	3247	3247	0
March 16, 2007 1:14:00 PM UTC	1174076040000	100	0	no	38.1	200.8	20972	20821	13806	6676	0	39101	2780	2780	0	3244	3244	0
March 16, 2007 1:15:00 PM UTC	1174076100000	100	0	no	38.0	201.1	20972	20821	13802	6702	0	39079	2772	2772	0	3235	3235	0
March 16, 2007 1:16:00 PM UTC	1174076160000	100	0	no	38.0	201.4	20972	20821	13815	6635	0	39133	2807	2807	0	3232	3232	0
March 16, 2007 1:17:00 PM UTC	1174076220000	100	0	no	37.9	201.7	20972	20821	13812	6716	0	39055	2787	2787	0	3224	3224	0
March 16, 2007 1:18:00 PM UTC	1174076280000	100	0	no	37.8	202.0	20972	20821	13807	6759	0	39017	2757	2757	0	3221	3221	0
March 16, 2007 1:19:00 PM UTC	1174076340000	100	0	no	37.8	202.3	20972	20821	13808	6689	0	39086	2778	2778	0	3221	3221	0
March 16, 2007 1:20:00 PM UTC	1174076400000	100	0	no	37.7	202.6	20972	20821	13809	6689	0	39085	2777	2777	0	3212	3212	0
March 16, 2007 1:21:00 PM UTC	1174076460000	100	0	no	37.7	202.9	20972	20821	13809	6689	0	39085	2774	2774	0	3213	3213	0
March 16, 2007 1:22:00 PM UTC	1174076520000	100	0	no	37.6	203.3	20972	20821	13808	6689	0	39086	2783	2783	0	3202	3202	0
March 16, 2007 1:23:00 PM UTC	1174076580000	100	0	no	37.5	203.6	20972	20821	13816	6653	0	39114	2802	2802	0	3198	3198	0
March 16, 2007 1:24:00 PM UTC	1174076640000	100	0	no	37.5	203.9	20972	20821	13809	6688	0	39086	2782	2782	0	3192	3192	0
March 16, 2007 1:25:00 PM UTC	1174076700000	100	0	no	37.4	204.2	20972	20821	13810	6687	0	39086	2771	2771	0	3194	3194	0
March 16, 2007 1:26:00 PM UTC	1174076760000	100	0	no	37.3	204.5	20972	20821	13818	6602	0	39163	2812	2812	0	3182	3182	0
March 16, 2007 1:27:00 PM UTC	1174076820000	100	0	no	37.3	204.8	20972	20821	13818	6602	0	39163	2799	2799	0	3180	3180	0
March 16, 2007 1:28:00 PM UTC	1174076880000	100	0	no	37.2	205.1	20972	20821	13794	6697	0	39092	2751	2751	0	3174	3174	0
March 16, 2007 1:29:00 PM UTC	1174076940000	100	0	no	37.1	205.4	20972	20821	13818	6652	0	39113	2793	2793	0	3170	3170	0
March 16, 2007 1:30:00 PM UTC	1174077000000	100	0	no	37.0	205.7	20972	20821	13810	6684	0	39089	2779	2779	0	3165	3165	0
March 16, 2007 1:31:00 PM UTC	1174077060000	100	0	no	37.0	206.0	20972	20821	13810	6684	0	39089	2778	2778	0	3158	3158	0
March 16, 2007 1:32:00 PM UTC	1174077120000	100	0	no	36.9	206.3	20972	20821	13810	6684	0	39089	2775	2775	0	3157	3157	0
March 16, 2007 1:33:00 PM UTC	1174077180000	100	0	no	36.8	206.6	20972	20821	13810	6698	0	39075	2761	2761	0	3148	3148	0
March 16, 2007 1:34:00 PM UTC	1174077240000	100	0	no	36.7	206.9	20972	20821	13811	6638	0	39134	2785	2785	0	3144	3144	0
March 16, 2007 1:35:00 PM UTC	1174077300000	100	0	no	36.7	207.2	20972	20821	13817	6611	0	39155	2786	2786	0	3146	3146	0
March 16, 2007 1:36:00 PM UTC	1174077360000	100	0	no	36.6	207.5	20972	20821	13803	6676	0	39104	2758	2758	0	3137	3137	0
March 16, 2007 1:37:00 PM UTC	1174077420000	100	0	no	36.5	207.8	20972	20821	13818	6611	0	39154	2790	2790	0	3135	3135	0
March 16, 2007 1:38:00 PM UTC	1174077480000	100	0	no	36.4	208.1	20972	20821	13818	6611	0	39154	2794	2794	0	3124	3124	0
March 16, 2007 1:39:00 PM UTC	1174077540000	100	0	no	36.4	208.3	20972	20821	13818	6611	0	39154	2789	2789	0	3125	3125	0
March 16, 2007 1:40:00 PM UTC	1174077600000	100	0	no	36.3	208.6	20972	20821	13808	6718	0	39057	2746	2746	0	3122	3122	0
March 16, 2007 1:41:00 PM UTC	1174077660000	100	0	no	36.2	208.9	20972	20821	13817	6650	0	39116	2770	2770	0	3115	3115	0
March 16, 2007 1:42:00 PM UTC	1174077720000	100	0	no	36.1	209.2	20972	20821	13809	6685	0	39089	2750	2750	0	3114	3114	0
March 16, 2007 1:43:00 PM UTC	1174077780000	100	0	no	36.0	209.5	20972	20821	13809	6685	0	39089	2750	2750	0	3110	3110	0
March 16, 2007 1:44:00 PM UTC	1174077840000	100	0	no	36.0	209.8	20972	20821	13800	6732	0	39051	2727	2727	0	3100	3100	0
March 16, 2007 1:45:00 PM UTC	1174077900000	100	0	yes	35.9	210.1	20972	20821	13822	6632	0	39129	2773	2773	0	3100	3100	0
March 16, 2007 1:46:00 PM UTC	1174077960000	100	0	yes	35.8	210.4	20972	20821	13816	6660	0	39107	2761	2761	0	3094	3094	0
March 16, 2007 1:47:00 PM UTC	1174078020000	100	0	yes	35.7	210.7	20972	20821	13801	6721	0	39061	2716	2716	0	3091	3091	0
March 16, 2007 1:48:00 PM UTC	1174078080000	100	0	yes	35.6	211.0	20972	20821	13822	6622	0	39139	2772	2772	0	3084	3084	0
March 16, 2007 1:49:00 PM UTC	1174078140000	100	0	yes	35.5	211.3	20972	20821	13815	6626	0	39142	2760	2760	0	3078	3078	0
March 16, 2007 1:50:00 PM UTC	1174078200000	100	0	yes	35.5	211.6	20972	20821	13815	6626	0	39142	2759	2759	0	3074	3074	0
March 16, 2007 1:51:00 PM UTC	1174078260000	100	0	yes	35.4	211.8	20972	20821	13815	6626	0	39142	2754	2754	0	3069	3069	0
March 16, 2007 1:52:00 PM UTC	1174078320000	100	0	yes	35.3	212.1	20972	20821	13815	6625	0	39143	2754	2754	0	3067	3067	0
March 16, 2007 1:53:00 PM UTC	1174078380000	100	0	yes	35.2	212.4	20972	20821	13805	6723	0	39055	2711	2711	0	3061	3061	0
March 16, 2007 1:54:00 PM UTC	1174078440000	99	1	yes	35.1	212.7	20972	20821	13805	6724	0	39054	2705	2705	0	3061	3061	0
March 16, 2007 1:55:00 PM UTC	1174078500000	99	1	yes	35.0	213.0	20972	20821	13820	6663	0	39100	2750	2750	0	3052	3052	0
March 16, 2007 1:56:00 PM UTC	1174078560000	98	2	yes	34.9	213.3	20972	20821	13806	6661	0	39116	2724	2724	0	3053	3053	0
March 16, 2007 1:57:00 PM UTC	1174078620000	94	6	yes	34.8	213.5	20972	20821	13810	6672	0	39101	2722	2722	0	3049	3049	0
March 16, 2007 1:58:00 PM UTC	1174078680000	91	9	yes	34.7	213.8	20972	20821	13818	6631	0	39134	2738	2738	0	3042	3042	0
March 16, 2007 1:59:00 PM UTC	1174078740000	89	11	yes	34.6	214.1	20972	20821	13796	6731	0	39056	2678	2678	0	3044	3044	0
March 16, 2007 2:00:00 PM UTC	1174078800000	86	14	yes	34.6	214.4	20972	20821	13810	6673	0	39100	2705	2705	0	3028	3028	0
March 16, 2007 2:01:00 PM UTC	1174078860000	85	15	yes	34.5	214.7	20972	20821	13810	6673	0	39100	2703	2703	0	3037	3037	0
March 16, 2007 2:02:00 PM UTC	1174078920000	84	16	yes	34.4	215.0	20972	20821	13810	6673	0	39100	2700	2700	0	3016	3016	0
March 16, 2007 2:03:00 PM UTC	1174078980000	83	17	yes	34.3	215.2	20972	20821	13810	6673	0	39100	2700	2700	0	3025	3025	0
March 16, 2007 2:04:00 PM UTC	1174079040000	81	19	yes	34.2	215.5	20972	20821	13825	6595	0	39163	2725	2725	0	3023	3023	0
March 16, 2007 2:05:00 PM UTC	1174079100000	83	17	yes	34.1	215.8	20972	20821	13811	6667	0	39105	2688	2688	0	3019	3019	0
March 16, 2007 2:06:00 PM UTC	1174079160000	83	17	yes	34.0	216.1	20972	20821	13814	6638	0	39131	2698	2698	0	3014	3014	0
March 16, 2007 2:07:00 PM UTC	1174079220000	85	15	yes	33.9	216.3	20972	20821	13825	6590	0	39168	2723	2723	0	3011	3011	0
March 16, 2007 2:08:00 PM UTC	1174079280000	86	14	yes	33.8	216.6	20972	20821	13815	6638	0	39130	2688	2688	0	3008	3008	0
March 16, 2007 2:09:00 PM UTC	1174079340000	88	12	no	33.7	216.9	20972	20821	13815	6638	0	39130	2680	2680	0	3009	3009	0
March 16, 2007 2:10:00 PM UTC	1174079400000	90	10	yes	33.6	217.2	20972	20821	13828	6580	0	39175	2706	2706	0	3004	3004	0
March 16, 2007 2:11:00 PM UTC	1174079460000	91	9	yes	33.5	217.5	20972	20821	13816	6579	0	39188	2692	2692	0	2998	2998	0
March 16, 2007 2:12:00 PM UTC	1174079520000	91	9	yes	33.4	217.7	20972	20821	13819	6606	0	39158	2678	2678	0	2998	2998	0
March 16, 2007 2:13:00 PM UTC	1174079580000	90	10	yes	33.3	218.0	20972	20821	13816	6620	0	39147	2672	2672	0	2990	2990	0
March 16, 2007 2:14:00 PM UTC	1174079640000	89	11	no	33.2	218.3	20972	20821	13819	6606	0	39158	2669	2669	0	2990	2990	0
March 16, 2007 2:15:00 PM UTC	1174079700000	86	14	no	33.1	218.5	20972	20821	13820	6606	0	39157	2664	2664	0	2984	2984	0
March 16, 2007 2:16:00 PM UTC	1174079760000	87	13	no	33.0	218.8	20972	20821	13820	6606	0	39157	2660	2660	0	2981	2981	0
March 16, 2007 2:17:00 PM UTC	1174079820000	87	13	no	32.9	219.1	20972	20821	13820	6606	0	39157	2663	2663	0	2975	2975	0
March 16, 2007 2:18:00 PM UTC	1174079880000	88	12	no	32.8	219.4	20972	20821	13822	6598	0	39163	2654	2654	0	2974	2974	0
March 16, 2007 2:19:00 PM UTC	1174079940000	86	14	no	32.7	219.6	20972	20821	13823	6549	0	39211	2665	2665	0	2972	2972	0
March 16, 2007 2:20:00 PM UTC	1174080000000	87	13	no	32.5	219.9	20972	20821	13822	6582	0	39179	2640	2640	0	2966	2966	0
March 16, 2007 2:21:00 PM UTC	1174080060000	87	13	no	32.4	220.2	20972	20821	13820	6588	0	39175	2640	2640	0	2965	2965	0
March 16, 2007 2:22:00 PM UTC	1174080120000	87	13	no	32.3	220.4	20972	20821	13823	6582	0	39178	2632	2632	0	2964	2964	0
March 16, 2007 2:23:00 PM UTC	1174080180000	86	14	no	32.2	220.7	20972	20821	13811	6636	0	39136	2601	2601	0	2960	2960	0
March 16, 2007 2:24:00 PM UTC	1174080240000	86	14	no	32.1	221.0	20972	20821	13822	6582	0	39179	2620	2620	0	2958	2958	0
March 16, 2007 2:25:00 PM UTC	1174080300000	84	16	no	32.0	221.2	20972	20821	13822	6582	0	39179	2624	2624	0	2951	2951	0
March 16, 2007 2:26:00 PM UTC	1174080360000	85	15	no	31.9	221.5	20972	20821	13811	6630	0	39142	2592	2592	0	2947	2947	0
March 16, 2007 2:27:00 PM UTC	1174080420000	84	16	no	31.8	221.8	20972	20821	13823	6532	0	39228	2630	2630	0	2942	2942	0
March 16, 2007 2:28:00 PM UTC	1174080480000	86	14	no	31.7	222.0	20972	20821	13813	6581	0	39189	2594	2594	0	2943	2943	0
March 16, 2007 2:29:00 PM UTC	1174080540000	86	14	no	31.6	222.3	20972	20821	13821	6576	0	39186	2595	2595	0	2943	2943	0
March 16, 2007 2:30:00 PM UTC	1174080600000	88	12	no	31.5	222.5	20972	20821	13822	6571	0	39190	2595	2595	0	2941	2941	0
March 16, 2007 2:31:00 PM UTC	1174080660000	90	10	no	31.3	222.8	20972	20821	13822	6571	0	39190	2584	2584	0	2941	2941	0
March 16, 2007 2:32:00 PM UTC	1174080720000	93	7	no	31.2	223.1	20972	20821	13821	6572	0	39190	2581	2581	0	2934	2934	0
March 16, 2007 2:33:00 PM UTC	1174080780000	92	8	no	31.1	223.3	20972	20821	13821	6572	0	39190	2571	2571	0	2934	2934	0
March 16, 2007 2:34:00 PM UTC	1174080840000	95	5	no	31.0	223.6	20972	20821	13809	6621	0	39153	2537	2537	0	2928	2928	0
March 16, 2007 2:35:00 PM UTC	1174080900000	96	4	no	30.9	223.8	20972	20821	13822	6579	0	39182	2563	2563	0	2928	2928	0
March 16, 2007 2:36:00 PM UTC	1174080960000	98	2	no	30.8	224.1	20972	20821	13823	6523	0	39237	2560	2560	0	2927	2927	0
March 16, 2007 2:37:00 PM UTC	1174081020000	97	3	no	30.7	224.4	20972	20821	13823	6567	0	39193	2542	2542	0	2927	2927	0
March 16, 2007 2:38:00 PM UTC	1174081080000	98	2	no	30.5	224.6	20972	20821	13822	6568	0	39193	2541	2541	0	2923	2923	0
March 16, 2007 2:39:00 PM UTC	1174081140000	98	2	no	30.4	224.9	20972	20821	13796	6670	0	39117	2488	2488	0	2919	2919	0
March 16, 2007 2:40:00 PM UTC	1174081200000	99	1	no	30.3	225.1	20972	20821	13822	6568	0	39193	2529	2529	0	2922	2922	0
March 16, 2007 2:41:00 PM UTC	1174081260000	99	1	no	30.2	225.4	20972	20821	13811	6618	0	39154	2491	2491	0	2919	2919	0
March 16, 2007 2:42:00 PM UTC	1174081320000	99	1	no	30.1	225.6	20972	20821	13822	6568	0	39193	2514	2514	0	2917	2917	0
March 16, 2007 2:43:00 PM UTC	1174081380000	99	1	no	29.9	225.9	20972	20821	13823	6517	0	39243	2518	2518	0	2919	2919	0
March 16, 2007 2:44:00 PM UTC	1174081440000	100	0	no	29.8	226.1	20972	20821	13812	6566	0	39205	2489	2489	0	2911	2911	0
March 16, 2007 2:45:00 PM UTC	1174081500000	100	0	no	29.7	226.4	20972	20821	13822	6577	0	39184	2480	2480	0	2915	2915	0
March 16, 2007 2:46:00 PM UTC	1174081560000	100	0	no	29.6	226.7	20972	20821	13812	6626	0	39145	2460	2460	0	2909	2909	0
March 16, 2007 2:47:00 PM UTC	1174081620000	100	0	no	29.5	226.9	20972	20821	13822	6577	0	39184	2472	2472	0	2909	2909	0
March 16, 2007 2:48:00 PM UTC	1174081680000	100	0	no	29.3	227.2	20972	20821	13822	6577	0	39184	2463	2463	0	2910	2910	0
March 16, 2007 2:49:00 PM UTC	1174081740000	100	0	no	29.2	227.4	20972	20821	13809	6631	0	39143	2427	2427	0	2904	2904	0
March 16, 2007 2:50:00 PM UTC	1174081800000	100	0	no	29.1	227.7	20972	20821	13822	6577	0	39184	2450	2450	0	2908	2908	0
March 16, 2007 2:51:00 PM UTC	1174081860000	100	0	no	29.0	227.9	20972	20821	13810	6631	0	39142	2412	2412	0	2905	2905	0
March 16, 2007 2:52:00 PM UTC	1174081920000	100	0	yes	28.9	228.1	20972	20821	13822	6545	0	39216	2442	2442	0	2903	2903	0
March 16, 2007 2:53:00 PM UTC	1174081980000	100	0	yes	28.7	228.4	20972	20821	13824	6536	0	39223	2433	2433	0	2902	2902	0
March 16, 2007 2:54:00 PM UTC	1174082040000	100	0	yes	28.6	228.6	20972	20821	13810	6641	0	39132	2387	2387	0	2904	2904	0
March 16, 2007 2:55:00 PM UTC	1174082100000	100	0	yes	28.5	228.9	20972	20821	13820	6595	0	39168	2408	2408	0	2900	2900	0
March 16, 2007 2:56:00 PM UTC	1174082160000	100	0	no	28.4	229.1	20972	20821	13820	6595	0	39168	2395	2395	0	2903	2903	0
March 16, 2007 2:57:00 PM UTC	1174082220000	100	0	no	28.2	229.4	20972	20821	13820	6595	0	39168	2386	2386	0	2901	2901	0
March 16, 2007 2:58:00 PM UTC	1174082280000	100	0	no	28.1	229.6	20972	20821	13820	6595	0	39168	2383	2383	0	2899	2899	0
March 16, 2007 2:59:00 PM UTC	1174082340000	100	0	no	28.0	229.9	20972	20821	13818	6607	0	39158	2366	2366	0	2904	2904	0
March 16, 2007 3:00:00 PM UTC	1174082400000	100	0	no	27.9	230.1	20972	20821	13820	6571	0	39192	2367	2367	0	2905	2905	0
March 16, 2007 3:01:00 PM UTC	1174082460000	100	0	no	27.7	230.4	20972	20821	13821	6558	0	39204	2364	2364	0	2900	2900	0
March 16, 2007 3:02:00 PM UTC	1174082520000	100	0	no	27.6	230.6	20972	20821	13832	6513	0	39238	2378	2378	0	2899	2899	0
March 16, 2007 3:03:00 PM UTC	1174082580000	100	0	no	27.5	230.8	20972	20821	13806	6665	0	39112	2310	2310	0	2899	2899	0
March 16, 2007 3:04:00 PM UTC	1174082640000	100	0	no	27.3	231.1	20972	20821	13818	6621	0	39144	2312	2312	0	2904	2904	0
March 16, 2007 3:05:00 PM UTC	1174082700000	99	1	no	27.2	231.3	20972	20821	13818	6621	0	39144	2314	2314	0	2899	2899	0
March 16, 2007 3:06:00 PM UTC	1174082760000	99	1	no	27.1	231.6	20972	20821	13805	6680	0	39098	2270	2270	0	2900	2900	0
March 16, 2007 3:07:00 PM UTC	1174082820000	96	4	no	26.9	231.8	20972	20821	13817	6621	0	39145	2292	2292	0	2902	2902	0
March 16, 2007 3:08:00 PM UTC	1174082880000	95	5	no	26.8	232.0	20972	20821	13814	6650	0	39119	2268	2268	0	2901	2901	0
March 16, 2007 3:09:00 PM UTC	1174082940000	93	7	no	26.7	232.3	20972	20821	13818	6588	0	39177	2289	2289	0	2896	2896	0
March 16, 2007 3:10:00 PM UTC	1174083000000	88	12	no	26.6	232.5	20972	20821	13815	6604	0	39164	2264	2264	0	2901	2901	0
March 16, 2007 3:11:00 PM UTC	1174083060000	82	18	no	26.4	232.8	20972	20821	13828	6545	0	39210	2285	2285	0	2900	2900	0
March 16, 2007 3:12:00 PM UTC	1174083120000	82	18	no	26.3	233.0	20972	20821	13812	6662	0	39109	2239	2239	0	2897	2897	0
March 16, 2007 3:13:00 PM UTC	1174083180000	80	20	no	26.2	233.2	20972	20821	13812	6662	0	39109	2232	2232	0	2899	2899	0
March 16, 2007 3:14:00 PM UTC	1174083240000	79	21	yes	26.0	233.5	20972	20821	13812	6661	0	39110	2217	2217	0	2903	2903	0
March 16, 2007 3:15:00 PM UTC	1174083300000	80	20	yes	25.9	233.7	20972	20821	13812	6661	0	39110	2206	2206	0	2903	2903	0
March 16, 2007 3:16:00 PM UTC	1174083360000	87	13	yes	25.8	233.9	20972	20821	13811	6661	0	39111	2201	2201	0	2900	2900	0
March 16, 2007 3:17:00 PM UTC	1174083420000	89	11	yes	25.6	234.2	20972	20821	13820	6620	0	39143	2210	2210	0	2901	2901	0
March 16, 2007 3:18:00 PM UTC	1174083480000	91	9	yes	25.5	234.4	20972	20821	13821	6593	0	39169	2208	2208	0	2915	2915	0
March 16, 2007 3:19:00 PM UTC	1174083540000	91	9	yes	25.4	234.6	20972	20821	13821	6593	0	39169	2198	2198	0	2900	2900	0
March 16, 2007 3:20:00 PM UTC	1174083600000	93	7	no	25.2	234.9	20972	20821	13806	6654	0	39123	2165	2165	0	2911	2911	0
March 16, 2007 3:21:00 PM UTC	1174083660000	93	7	no	25.1	235.1	20972	20821	13821	6593	0	39169	2171	2171	0	2903	2903	0
March 16, 2007 3:22:00 PM UTC	1174083720000	95	5	no	24.9	235.3	20972	20821	13806	6709	0	39068	2133	2133	0	2910	2910	0
March 16, 2007 3:23:00 PM UTC	1174083780000	95	5	yes	24.8	235.6	20972	20821	13821	6649	0	39113	2142	2142	0	2906	2906	0
March 16, 2007 3:24:00 PM UTC	1174083840000	97	3	no	24.7	235.8	20972	20821	13815	6666	0	39102	2127	2127	0	2915	2915	0
March 16, 2007 3:25:00 PM UTC	1174083900000	96	4	no	24.5	236.0	20972	20821	13828	6604	0	39151	2143	2143	0	2914	2914	0
March 16, 2007 3:26:00 PM UTC	1174083960000	97	3	no	24.4	236.2	20972	20821	13805	6709	0	39069	2090	2090	0	2911	2911	0
March 16, 2007 3:27:00 PM UTC	1174084020000	97	3	no	24.3	236.5	20972	20821	13803	6704	0	39076	2072	2072	0	2922	2922	0
March 16, 2007 3:28:00 PM UTC	1174084080000	98	2	yes	24.1	236.7	20972	20821	13815	6644	0	39124	2091	2091	0	2921	2921	0
March 16, 2007 3:29:00 PM UTC	1174084140000	97	3	yes	24.0	236.9	20972	20821	13811	6667	0	39105	2073	2073	0	2925	2925	0
March 16, 2007 3:30:00 PM UTC	1174084200000	88	12	yes	23.8	237.2	20972	20821	13814	6643	0	39126	2072	2072	0	2925	2925	0
March 16, 2007 3:31:00 PM UTC	1174084260000	83	17	yes	23.7	237.4	20972	20821	13801	6704	0	39078	2028	2028	0	2933	2933	0
March 16, 2007 3:32:00 PM UTC	1174084320000	81	19	yes	23.6	237.6	20972	20821	13822	6660	0	39101	2057	2057	0	2927	2927	0
March 16, 2007 3:33:00 PM UTC	1174084380000	77	23	yes	23.4	237.8	20972	20821	13808	6667	0	39108	2026	2026	0	2934	2934	0
March 16, 2007 3:34:00 PM UTC	1174084440000	79	21	yes	23.3	238.1	20972	20821	13820	6604	0	39159	2033	2033	0	2934	2934	0
March 16, 2007 3:35:00 PM UTC	1174084500000	79	21	yes	23.1	238.3	20972	20821	13808	6666	0	39109	2005	2005	0	2937	2937	0
March 16, 2007 3:36:00 PM UTC	1174084560000	82	18	yes	23.0	238.5	20972	20821	13809	6645	1	39128	1993	1992	0	2938	2938	0
March 16, 2007 3:37:00 PM UTC	1174084620000	79	21	yes	22.9	238.7	20972	20821	13817	6609	3	39154	2003	2000	0	2943	2943	0
March 16, 2007 3:38:00 PM UTC	1174084680000	73	27	yes	22.7	239.0	20972	20821	13810	6640	1	39132	1977	1976	0	2943	2943	0
March 16, 2007 3:39:00 PM UTC	1174084740000	68	32	yes	22.6	239.2	20972	20821	13808	6645	3	39127	1965	1962	0	2949	2949	0
March 16, 2007 3:40:00 PM UTC	1174084800000	68	32	yes	22.4	239.4	20972	20821	13817	6609	5	39152	1967	1962	0	2951	2951	0
March 16, 2007 3:41:00 PM UTC	1174084860000	64	36	yes	22.3	239.6	20972	20821	13817	6609	5	39152	1960	1955	0	2953	2953	0
March 16, 2007 3:42:00 PM UTC	1174084920000	62	38	yes	22.1	239.8	20972	20821	13807	6707	7	39062	1924	1917	0	2955	2955	0
March 16, 2007 3:43:00 PM UTC	1174084980000	62	38	yes	22.0	240.1	20972	20821	13801	6734	7	39041	1896	1889	0	2961	2961	0
March 16, 2007 3:44:00 PM UTC	1174085040000	60	40	yes	21.9	240.3	20972	20821	13816	6670	13	39084	1915	1902	0	2963	2963	0
March 16, 2007 3:45:00 PM UTC	1174085100000	62	38	yes	21.7	240.5	20972	20821	13808	6700	16	39059	1889	1873	0	2964	2964	0
March 16, 2007 3:46:00 PM UTC	1174085160000	59	41	yes	21.6	240.7	20972	20821	13824	6616	20	39123	1910	1882	8	2974	2974	0
March 16, 2007 3:47:00 PM UTC	1174085220000	60	40	yes	21.4	240.9	20972	20821	13801	6715	20	39047	1856	1836	0	2976	2976	0
March 16, 2007 3:48:00 PM UTC	1174085280000	59	41	yes	21.3	241.2	20972	20821	13824	6616	28	39115	1890	1855	7	2978	2978	0
March 16, 2007 3:49:00 PM UTC	1174085340000	60	40	yes	21.1	241.4	20972	20821	13810	6681	27	39065	1843	1813	3	2989	2989	0
March 16, 2007 3:50:00 PM UTC	1174085400000	62	38	yes	21.0	241.6	20972	20821	13826	6540	35	39182	1873	1838	0	2992	2992	0
March 16, 2007 3:51:00 PM UTC	1174085460000	64	36	yes	20.8	241.8	20972	20821	13819	6572	37	39155	1853	1815	1	2993	2993	0
March 16, 2007 3:52:00 PM UTC	1174085520000	67	33	yes	20.7	242.0	20972	20821	13810	6669	34	39070	1812	1778	0	3004	3004	0
March 16, 2007 3:53:00 PM UTC	1174085580000	70	30	yes	20.5	242.2	20972	20821	13809	6669	39	39066	1806	1767	0	3005	3005	0
March 16, 2007 3:54:00 PM UTC	1174085640000	71	29	yes	20.4	242.5	20972	20821	13817	6603	43	39120	1809	1766	0	3001	3001	0
March 16, 2007 3:55:00 PM UTC	1174085700000	72	28	yes	20.2	242.7	20972	20821	13817	6633	45	39088	1794	1749	0	3014	3014	0
March 16, 2007 3:56:00 PM UTC	1174085760000	76	24	yes	20.1	242.9	20972	20821	13801	6681	41	39060	1762	1721	0	3015	3015	0
March 16, 2007 3:57:00 PM UTC	1174085820000	76	24	yes	20.0	243.1	20972	20821	13817	6616	51	39099	1776	1725	0	3020	3020	0
March 16, 2007 3:58:00 PM UTC	1174085880000	80	20	no	19.8	243.3	20972	20821	13802	6682	48	39051	1728	1680	0	3034	3034	0
March 16, 2007 3:59:00 PM UTC	1174085940000	84	16	yes	19.7	243.5	20972	20821	13817	6616	55	39095	1751	1696	0	3030	3030	0
March 16, 2007 4:00:00 PM UTC	1174086000000	93	7	no	19.5	243.7	20972	20821	13803	6682	50	39048	1713	1663	0	3036	3036	0
March 16, 2007 4:01:00 PM UTC	1174086060000	95	5	no	19.4	244.0	20972	20821	13825	6584	61	39113	1741	1680	0	3040	3040	0
March 16, 2007 4:02:00 PM UTC	1174086120000	98	2	no	19.2	244.2	20972	20821	13804	6681	56	39042	1692	1636	0	3047	3047	0
March 16, 2007 4:03:00 PM UTC	1174086180000	99	1	no	19.1	244.4	20972	20821	13801	6748	56	38978	1667	1611	0	3053	3053	0
March 16, 2007 4:04:00 PM UTC	1174086240000	100	0	no	18.9	244.6	20972	20821	13808	6665	59	39051	1675	1616	0	3057	3057	0
March 16, 2007 4:05:00 PM UTC	1174086300000	100	0	no	18.8	244.8	20972	20821	13808	6665	57	39053	1658	1601	0	3066	3066	0
March 16, 2007 4:06:00 PM UTC	1174086360000	100	0	no	18.6	245.0	20972	20821	13808	6656	33	39086	1650	1615	0	3072	3072	0
March 16, 2007 4:07:00 PM UTC	1174086420000	99	1	no	18.5	245.2	20972	20821	13815	6620	35	39113	1650	1612	0	3077	3077	0
March 16, 2007 4:08:00 PM UTC	1174086480000	100	0	no	18.3	245.4	20972	20821	13809	6649	33	39092	1633	1600	0	3081	3081	0
March 16, 2007 4:09:00 PM UTC	1174086540000	100	0	no	18.2	245.6	20972	20821	13809	6649	39	39086	1615	1576	0	3093	3093	0
March 16, 2007 4:10:00 PM UTC	1174086600000	100	0	no	18.0	245.9	20972	20821	13808	6657	40	39078	1605	1565	0	3097	3097	0
March 16, 2007 4:11:00 PM UTC	1174086660000	99	1	no	17.9	246.1	20972	20821	13815	6621	70	39077	1605	1535	0	3103	3103	0
March 16, 2007 4:12:00 PM UTC	1174086720000	99	1	no	17.7	246.3	20972	20821	13801	6681	57	39044	1569	1504	0	3109	3109	0
March 16, 2007 4:13:00 PM UTC	1174086780000	97	3	no	17.6	246.5	20972	20821	13815	6621	51	39096	1583	1530	0	3113	3113	0
March 16, 2007 4:14:00 PM UTC	1174086840000	96	4	no	17.4	246.7	20972	20821	13805	6728	14	39036	1537	1518	0	3126	3126	0
March 16, 2007 4:15:00 PM UTC	1174086900000	96	4	no	17.2	246.9	20972	20821	13813	6687	13	39070	1547	1522	0	3131	3131	0
March 16, 2007 4:16:00 PM UTC	1174086960000	98	2	no	17.1	247.1	20972	20821	13799	6754	5	39025	1508	1497	0	3140	3140	0
March 16, 2007 4:17:00 PM UTC	1174087020000	99	1	no	16.9	247.3	20972	20821	13816	6661	5	39101	1521	1510	0	3152	3152	0
March 16, 2007 4:18:00 PM UTC	1174087080000	100	0	no	16.8	247.5	20972	20821	13805	6715	1	39062	1501	1482	0	3151	3151	0
March 16, 2007 4:19:00 PM UTC	1174087140000	100	0	no	16.6	247.7	20972	20821	13821	6648	0	39114	1505	1485	0	3164	3164	0
March 16, 2007 4:20:00 PM UTC	1174087200000	100	0	no	16.5	247.9	20972	20821	13805	6716	1	39061	1476	1452	0	3167	3167	0
March 16, 2007 4:21:00 PM UTC	1174087260000	100	0	no	16.3	248.1	20972	20821	13826	6621	0	39136	1489	1469	0	3181	3181	0
March 16, 2007 4:22:00 PM UTC	1174087320000	100	0	no	16.2	248.3	20972	20821	13805	6715	0	39063	1445	1437	0	3189	3189	0
March 16, 2007 4:23:00 PM UTC	1174087380000	100	0	no	16.0	248.5	20972	20821	13806	6635	0	39142	1440	1423	0	3193	3193	0
March 16, 2007 4:24:00 PM UTC	1174087440000	100	0	no	15.9	248.7	20972	20821	13808	6635	0	39140	1430	1403	0	3206	3206	0
March 16, 2007 4:25:00 PM UTC	1174087500000	100	0	no	15.7	249.0	20972	20821	13813	6608	0	39162	1423	1410	0	3215	3215	0
March 16, 2007 4:26:00 PM UTC	1174087560000	100	0	no	15.6	249.2	20972	20821	13812	6679	1	39091	1401	1380	0	3224	3224	0
March 16, 2007 4:27:00 PM UTC	1174087620000	100	0	no	15.4	249.4	20972	20821	13812	6679	0	39092	1392	1377	0	3231	3231	0
March 16, 2007 4:28:00 PM UTC	1174087680000	100	0	no	15.2	249.6	20972	20821	13812	6671	0	39100	1372	1363	0	3249	3249	0
March 16, 2007 4:29:00 PM UTC	1174087740000	100	0	no	15.1	249.8	20972	20821	13818	6601	0	39164	1378	1374	0	3256	3253	3
March 16, 2007 4:30:00 PM UTC	1174087800000	99	1	no	14.9	250.0	20972	20821	13813	6626	0	39144	1353	1344	0	3266	3266	0
March 16, 2007 4:31:00 PM UTC	1174087860000	100	0	no	14.8	250.2	20972	20821	13813	6626	0	39144	1344	1340	0	3274	3274	0
March 16, 2007 4:32:00 PM UTC	1174087920000	99	1	no	14.6	250.4	20972	20821	13812	6626	0	39145	1335	1309	0	3279	3279	0
March 16, 2007 4:33:00 PM UTC	1174087980000	99	1	no	14.5	250.6	20972	20821	13818	6602	0	39163	1325	1270	0	3294	3294	0
March 16, 2007 4:34:00 PM UTC	1174088040000	99	0	no	14.3	250.8	20972	20821	13802	6686	0	39095	1287	1210	0	3301	3301	0
March 16, 2007 4:35:00 PM UTC	1174088100000	99	1	no	14.1	251.0	20972	20821	13818	6599	0	39166	1298	1287	0	3315	3315	0
March 16, 2007 4:36:00 PM UTC	1174088160000	100	0	no	14.0	251.2	20972	20821	13805	6653	0	39125	1270	1270	0	3322	3322	0
March 16, 2007 4:37:00 PM UTC	1174088220000	100	0	no	13.8	251.4	20972	20821	13824	6575	0	39184	1282	1282	0	3331	3331	0
March 16, 2007 4:38:00 PM UTC	1174088280000	100	0	no	13.7	251.6	20972	20821	13804	6721	0	39058	1240	1240	0	3346	3346	0
March 16, 2007 4:39:00 PM UTC	1174088340000	100	0	no	13.5	251.8	20972	20821	13817	6664	0	39102	1246	1246	0	3355	3355	0
March 16, 2007 4:40:00 PM UTC	1174088400000	100	0	no	13.4	252.0	20972	20821	13801	6733	0	39049	1207	1207	0	3374	3374	0
March 16, 2007 4:41:00 PM UTC	1174088460000	100	0	no	13.2	252.2	20972	20821	13816	6667	0	39100	1216	1206	0	3383	3383	0
March 16, 2007 4:42:00 PM UTC	1174088520000	100	0	no	13.0	252.4	20972	20821	13805	6715	0	39063	1188	1187	0	3398	3398	0
March 16, 2007 4:43:00 PM UTC	1174088580000	100	0	no	12.9	252.6	20972	20821	13821	6647	0	39115	1199	1189	0	3408	3404	4
March 16, 2007 4:44:00 PM UTC	1174088640000	99	1	no	12.7	252.8	20972	20821	13805	6714	0	39064	1168	1166	0	3422	3410	12
March 16, 2007 4:45:00 PM UTC	1174088700000	99	1	no	12.6	253.0	20972	20821	13805	6714	0	39064	1150	1150	0	3435	3424	11
March 16, 2007 4:46:00 PM UTC	1174088760000	99	1	no	12.4	253.2	20972	20821	13810	6693	0	39080	1149	1149	0	3439	3409	30
March 16, 2007 4:47:00 PM UTC	1174088820000	98	2	no	12.2	253.4	20972	20821	13810	6693	0	39080	1132	1132	0	3458	3455	3
March 16, 2007 4:48:00 PM UTC	1174088880000	97	3	no	12.1	253.6	20972	20821	13809	6701	0	39073	1116	1113	0	3472	3443	29
March 16, 2007 4:49:00 PM UTC	1174088940000	95	5	no	11.9	253.8	20972	20821	13812	6607	0	39164	1115	1099	0	3482	3481	0
March 16, 2007 4:50:00 PM UTC	1174089000000	94	6	no	11.8	253.9	20972	20821	13808	6688	0	39087	1089	1075	0	3501	3490	11
March 16, 2007 4:51:00 PM UTC	1174089060000	91	9	no	11.6	254.1	20972	20821	13810	6645	0	39128	1089	1088	0	3506	3484	22
March 16, 2007 4:52:00 PM UTC	1174089120000	90	10	no	11.5	254.3	20972	20821	13810	6645	0	39128	1072	1072	0	3523	3506	17
March 16, 2007 4:53:00 PM UTC	1174089180000	87	13	no	11.3	254.5	20972	20821	13810	6645	0	39128	1060	1060	0	3535	3529	5
March 16, 2007 4:54:00 PM UTC	1174089240000	82	18	no	11.1	254.7	20972	20821	13811	6643	0	39129	1050	1050	0	3543	3543	0
March 16, 2007 4:55:00 PM UTC	1174089300000	79	21	no	11.0	254.9	20972	20821	13811	6643	0	39129	1030	1030	0	3563	3561	0
March 16, 2007 4:56:00 PM UTC	1174089360000	73	27	no	10.8	255.1	20972	20821	13797	6698	0	39088	1005	1001	0	3572	3565	0
March 16, 2007 4:57:00 PM UTC	1174089420000	71	29	no	10.6	255.3	20972	20821	13815	6627	0	39141	1012	1000	0	3587	3579	0
March 16, 2007 4:58:00 PM UTC	1174089480000	72	28	no	10.5	255.5	20972	20821	13802	6698	0	39083	979	975	0	3598	3536	6
March 16, 2007 4:59:00 PM UTC	1174089540000	74	26	no	10.3	255.7	20972	20821	13815	6625	0	39143	990	985	0	3611	3582	22
March 16, 2007 5:00:00 PM UTC	1174089600000	77	23	no	10.2	255.9	20972	20821	13798	6696	0	39089	955	952	0	3625	3616	9
March 16, 2007 5:01:00 PM UTC	1174089660000	80	20	no	10.0	256.1	20972	20821	13819	6607	0	39157	968	966	0	3638	3637	1
March 16, 2007 5:02:00 PM UTC	1174089720000	84	16	no	9.8	256.3	20972	20821	13803	6677	0	39103	935	903	0	3649	3645	3
March 16, 2007 5:03:00 PM UTC	1174089780000	80	20	no	9.7	256.5	20972	20821	13820	6607	0	39156	938	927	0	3669	3645	0
March 16, 2007 5:04:00 PM UTC	1174089840000	76	24	no	9.5	256.7	20972	20821	13802	6755	0	39026	907	867	0	3672	3649	12
March 16, 2007 5:05:00 PM UTC	1174089900000	77	22	no	9.4	256.9	20972	20821	13818	6681	0	39084	909	859	0	3692	3606	54
March 16, 2007 5:06:00 PM UTC	1174089960000	82	18	no	9.2	257.1	20972	20821	13802	6754	0	39027	882	849	0	3698	3629	38
March 16, 2007 5:07:00 PM UTC	1174090020000	83	17	no	9.0	257.3	20972	20821	13806	6739	0	39038	874	863	0	3710	3661	9
March 16, 2007 5:08:00 PM UTC	1174090080000	82	18	no	8.9	257.4	20972	20821	13817	6681	0	39085	871	842	0	3731	3719	2
March 16, 2007 5:09:00 PM UTC	1174090140000	76	24	no	8.7	257.6	20972	20821	13801	6753	0	39029	848	742	0	3732	3669	1
March 16, 2007 5:10:00 PM UTC	1174090200000	70	30	no	8.5	257.8	20972	20821	13817	6683	0	39083	853	736	0	3748	3607	54
March 16, 2007 5:11:00 PM UTC	1174090260000	60	38	no	8.4	258.0	20972	20821	13801	6716	1	39065	821	421	0	3760	3494	48
March 16, 2007 5:12:00 PM UTC	1174090320000	52	46	no	8.2	258.2	20972	20821	13823	6616	10	39134	831	359	0	3778	3545	47
March 16, 2007 5:13:00 PM UTC	1174090380000	48	51	no	8.1	258.4	20972	20821	13808	6611	2	39162	807	367	0	3790	3440	102
March 16, 2007 5:14:00 PM UTC	1174090440000	39	58	no	7.9	258.6	20972	20821	13823	6551	11	39198	813	253	0	3803	3242	136
March 16, 2007 5:15:00 PM UTC	1174090500000	36	61	no	7.7	258.8	20972	20821	13807	6623	38	39115	783	158	0	3810	3114	95
March 16, 2007 5:16:00 PM UTC	1174090560000	36	61	no	7.6	259.0	20972	20821	13824	6554	35	39170	783	167	0	3833	3125	108
March 16, 2007 5:17:00 PM UTC	1174090620000	31	65	no	7.4	259.2	20972	20821	13807	6699	37	39040	754	153	0	3835	2812	278
March 16, 2007 5:18:00 PM UTC	1174090680000	28	67	no	7.2	259.4	20972	20821	13821	6634	43	39085	759	115	0	3848	2544	328
March 16, 2007 5:19:00 PM UTC	1174090740000	28	68	no	7.1	259.6	20972	20821	13809	6692	37	39045	727	127	0	3865	2438	373
March 16, 2007 5:20:00 PM UTC	1174090800000	27	68	no	6.9	259.7	20972	20821	13809	6692	43	39039	717	141	0	3874	2266	367
March 16, 2007 5:21:00 PM UTC	1174090860000	25	68	no	6.8	259.9	20972	20821	13809	6692	44	39038	706	128	0	3883	1701	390
March 16, 2007 5:22:00 PM UTC	1174090920000	26	67	no	6.6	260.1	20972	20821	13809	6692	19	39063	694	221	0	3901	1806	347
March 16, 2007 5:23:00 PM UTC	1174090980000	26	66	no	6.4	260.3	20972	20821	13809	6690	2	39082	682	368	0	3907	1499	241
March 16, 2007 5:24:00 PM UTC	1174091040000	27	65	no	6.3	260.5	20972	20821	13809	6690	0	39084	666	435	0	3924	1483	149
March 16, 2007 5:25:00 PM UTC	1174091100000	25	62	no	6.1	260.7	20972	20821	13812	6678	0	39093	659	472	0	3925	1061	45
March 16, 2007 5:26:00 PM UTC	1174091160000	22	61	no	5.9	260.9	20972	20821	13812	6678	0	39093	651	540	0	3951	893	22
March 16, 2007 5:27:00 PM UTC	1174091220000	18	59	no	5.8	261.1	20972	20821	13812	6676	0	39095	635	533	0	3953	657	111
March 16, 2007 5:28:00 PM UTC	1174091280000	15	54	no	5.6	261.3	20972	20821	13812	6676	0	39095	626	498	0	3970	513	124
March 16, 2007 5:29:00 PM UTC	1174091340000	14	52	no	5.4	261.5	20972	20821	13813	6652	0	39118	617	495	0	3970	369	77
March 16, 2007 5:30:00 PM UTC	1174091400000	10	39	no	5.3	261.6	20972	20821	13813	6652	0	39118	600	452	0	3997	317	62
March 16, 2007 5:31:00 PM UTC	1174091460000	8	31	no	5.1	261.8	20972	20821	13813	6652	0	39118	592	356	0	4001	225	25
March 16, 2007 5:32:00 PM UTC	1174091520000	6	21	no	5.0	262.0	20972	20821	13813	6723	0	39047	579	311	0	4016	171	3
March 16, 2007 5:33:00 PM UTC	1174091580000	3	7	no	4.8	262.2	20972	20821	13798	6717	5	39063	554	267	0	4023	199	0
March 16, 2007 5:34:00 PM UTC	1174091640000	2	4	no	4.6	262.4	20972	20821	13816	6644	11	39112	558	255	0	4043	172	0
March 16, 2007 5:35:00 PM UTC	1174091700000	1	1	no	4.5	262.6	20972	20821	13816	6644	35	39088	545	187	0	4054	175	0
March 16, 2007 5:36:00 PM UTC	1174091760000	1	0	no	4.3	262.8	20972	20821	13817	6643	11	39112	535	217	0	4062	151	0
March 16, 2007 5:37:00 PM UTC	1174091820000	1	0	no	4.1	263.0	20972	20821	13817	6643	9	39114	523	251	0	4076	137	0
March 16, 2007 5:38:00 PM UTC	1174091880000	1	0	no	4.0	263.2	20972	20821	13817	6642	9	39115	512	319	0	4086	144	0
March 16, 2007 5:39:00 PM UTC	1174091940000	1	0	no	3.8	263.3	20972	20821	13817	6642	15	39109	499	276	0	4102	106	0
March 16, 2007 5:40:00 PM UTC	1174092000000	1	0	no	3.6	263.5	20972	20821	13818	6631	70	39064	492	124	0	4109	80	0
March 16, 2007 5:41:00 PM UTC	1174092060000	0	0	no	3.5	263.7	20972	20821	13818	6631	136	38998	480	31	0	4122	27	0
March 16, 2007 5:42:00 PM UTC	1174092120000	0	0	no	3.3	263.9	20972	20821	13818	6632	129	39004	470	45	0	4132	63	0
March 16, 2007 5:43:00 PM UTC	1174092180000	0	0	no	3.1	264.1	20972	20821	13818	6643	173	38949	460	20	0	4143	11	0
