August 17, 2007 5:22:00 AM UTC	1187353320000	18	24	no	3.1	73.2	20972	20821	13810	6699	191	38883	458	2	9	4133	1136	581
August 17, 2007 5:23:00 AM UTC	1187353380000	25	29	no	3.3	73.4	20972	20821	13810	6699	173	38901	467	51	5	4123	1356	571
August 17, 2007 5:24:00 AM UTC	1187353440000	31	29	no	3.4	73.6	20972	20821	13811	6689	158	38925	480	56	15	4113	1856	726
August 17, 2007 5:25:00 AM UTC	1187353500000	39	30	no	3.6	73.8	20972	20821	13812	6619	147	39005	493	67	28	4104	2245	845
August 17, 2007 5:26:00 AM UTC	1187353560000	38	33	no	3.8	73.9	20972	20821	13810	6624	137	39012	506	149	24	4091	2593	870
August 17, 2007 5:27:00 AM UTC	1187353620000	36	35	no	3.9	74.1	20972	20821	13810	6641	131	39001	512	179	35	4082	2393	1024
August 17, 2007 5:28:00 AM UTC	1187353680000	33	40	no	4.1	74.3	20972	20821	13810	6642	124	39007	524	87	33	4072	1585	1625
August 17, 2007 5:29:00 AM UTC	1187353740000	34	39	no	4.2	74.5	20972	20821	13810	6642	117	39014	537	94	9	4057	1700	1250
August 17, 2007 5:30:00 AM UTC	1187353800000	41	37	no	4.4	74.7	20972	20821	13810	6642	114	39017	546	97	3	4050	2258	965
August 17, 2007 5:31:00 AM UTC	1187353860000	41	48	no	4.6	74.9	20972	20821	13810	6647	111	39015	560	116	4	4034	2151	1265
August 17, 2007 5:32:00 AM UTC	1187353920000	41	48	no	4.7	75.0	20972	20821	13815	6626	105	39037	568	135	0	4031	2141	1341
August 17, 2007 5:33:00 AM UTC	1187353980000	43	53	no	4.9	75.2	20972	20821	13815	6626	97	39045	582	175	1	4017	2131	1396
August 17, 2007 5:34:00 AM UTC	1187354040000	42	56	no	5.0	75.4	20972	20821	13815	6626	97	39045	594	193	5	4005	1970	1678
August 17, 2007 5:35:00 AM UTC	1187354100000	44	54	no	5.2	75.6	20972	20821	13815	6628	92	39048	603	142	11	3996	1441	2192
August 17, 2007 5:36:00 AM UTC	1187354160000	45	51	no	5.4	75.8	20972	20821	13815	6628	86	39054	616	43	22	3983	817	2505
August 17, 2007 5:37:00 AM UTC	1187354220000	50	47	no	5.5	76.0	20972	20821	13798	6699	77	39009	612	21	0	3967	994	2326
August 17, 2007 5:38:00 AM UTC	1187354280000	48	49	no	5.7	76.1	20972	20821	13819	6612	83	39069	638	45	0	3967	1335	1961
August 17, 2007 5:39:00 AM UTC	1187354340000	51	46	no	5.8	76.3	20972	20821	13803	6683	71	39026	639	101	0	3947	1907	1483
August 17, 2007 5:40:00 AM UTC	1187354400000	53	44	no	6.0	76.5	20972	20821	13820	6611	70	39082	664	120	0	3943	2184	1163
August 17, 2007 5:41:00 AM UTC	1187354460000	53	44	no	6.2	76.7	20972	20821	13802	6754	76	38951	657	85	16	3921	1846	1684
August 17, 2007 5:42:00 AM UTC	1187354520000	56	41	no	6.3	76.9	20972	20821	13818	6683	81	39001	683	59	51	3917	1931	1400
August 17, 2007 5:43:00 AM UTC	1187354580000	74	24	no	6.5	77.1	20972	20821	13818	6683	82	39000	688	52	21	3912	2306	1162
August 17, 2007 5:44:00 AM UTC	1187354640000	90	8	no	6.6	77.2	20972	20821	13806	6738	79	38960	691	136	5	3892	3490	240
August 17, 2007 5:45:00 AM UTC	1187354700000	91	8	no	6.8	77.4	20972	20821	13817	6684	81	39001	717	225	2	3885	3601	132
August 17, 2007 5:46:00 AM UTC	1187354760000	85	14	no	7.0	77.6	20972	20821	13801	6755	51	38976	717	387	2	3864	3453	302
August 17, 2007 5:47:00 AM UTC	1187354820000	79	20	no	7.1	77.8	20972	20821	13817	6683	60	39023	749	325	16	3854	3469	305
August 17, 2007 5:48:00 AM UTC	1187354880000	76	22	no	7.3	78.0	20972	20821	13801	6724	76	38982	744	263	30	3837	3070	692
August 17, 2007 5:49:00 AM UTC	1187354940000	82	17	no	7.5	78.1	20972	20821	13820	6651	53	39059	766	324	35	3837	3315	420
August 17, 2007 5:50:00 AM UTC	1187355000000	87	13	no	7.6	78.3	20972	20821	13805	6636	53	39089	773	531	1	3819	3680	125
August 17, 2007 5:51:00 AM UTC	1187355060000	92	8	no	7.8	78.5	20972	20821	13805	6636	30	39112	785	625	0	3806	3758	44
August 17, 2007 5:52:00 AM UTC	1187355120000	96	4	no	7.9	78.7	20972	20821	13807	6624	38	39114	797	657	0	3797	3758	39
August 17, 2007 5:53:00 AM UTC	1187355180000	99	1	no	8.1	78.9	20972	20821	13808	6627	0	39148	812	793	0	3782	3781	1
August 17, 2007 5:54:00 AM UTC	1187355240000	99	1	no	8.3	79.1	20972	20821	13809	6628	0	39146	820	789	0	3776	3767	9
August 17, 2007 5:55:00 AM UTC	1187355300000	100	0	no	8.4	79.2	20972	20821	13805	6706	0	39072	826	815	0	3759	3753	6
August 17, 2007 5:56:00 AM UTC	1187355360000	100	0	no	8.6	79.4	20972	20821	13825	6615	0	39143	861	859	0	3750	3750	0
August 17, 2007 5:57:00 AM UTC	1187355420000	100	0	no	8.8	79.6	20972	20821	13809	6688	0	39086	855	834	0	3734	3734	0
August 17, 2007 5:58:00 AM UTC	1187355480000	98	2	no	8.9	79.8	20972	20821	13826	6617	1	39139	889	887	0	3723	3722	0
August 17, 2007 5:59:00 AM UTC	1187355540000	98	2	no	9.1	80.0	20972	20821	13809	6689	0	39085	885	884	0	3704	3703	1
August 17, 2007 6:00:00 AM UTC	1187355600000	97	2	no	9.3	80.2	20972	20821	13809	6689	0	39085	895	861	0	3698	3698	0
August 17, 2007 6:01:00 AM UTC	1187355660000	98	2	no	9.4	80.3	20972	20821	13809	6691	0	39083	908	866	0	3682	3663	19
August 17, 2007 6:02:00 AM UTC	1187355720000	99	1	no	9.6	80.5	20972	20821	13809	6691	0	39083	919	919	0	3671	3662	9
August 17, 2007 6:03:00 AM UTC	1187355780000	100	0	no	9.7	80.7	20972	20821	13812	6681	11	39079	934	883	0	3650	3643	7
August 17, 2007 6:04:00 AM UTC	1187355840000	99	1	no	9.9	80.9	20972	20821	13812	6681	53	39037	946	891	0	3656	3649	7
August 17, 2007 6:05:00 AM UTC	1187355900000	100	0	no	10.1	81.1	20972	20821	13812	6682	48	39041	956	905	0	3632	3632	0
August 17, 2007 6:06:00 AM UTC	1187355960000	100	0	no	10.2	81.2	20972	20821	13812	6682	38	39051	973	935	0	3623	3623	0
August 17, 2007 6:07:00 AM UTC	1187356020000	100	0	no	10.4	81.4	20972	20821	13813	6659	32	39079	989	953	0	3599	3599	0
August 17, 2007 6:08:00 AM UTC	1187356080000	100	0	no	10.6	81.6	20972	20821	13813	6659	56	39055	996	928	0	3603	3603	0
August 17, 2007 6:09:00 AM UTC	1187356140000	100	0	no	10.7	81.8	20972	20821	13813	6659	60	39051	1013	950	0	3577	3577	0
August 17, 2007 6:10:00 AM UTC	1187356200000	100	0	no	10.9	82.0	20972	20821	13813	6724	51	38995	1024	949	0	3572	3572	0
August 17, 2007 6:11:00 AM UTC	1187356260000	100	0	no	11.1	82.2	20972	20821	13813	6724	47	38999	1036	988	0	3555	3555	0
August 17, 2007 6:12:00 AM UTC	1187356320000	100	0	no	11.2	82.3	20972	20821	13816	6639	37	39091	1056	1015	0	3543	3543	0
August 17, 2007 6:13:00 AM UTC	1187356380000	100	0	no	11.4	82.5	20972	20821	13816	6639	5	39123	1068	1063	0	3531	3531	0
August 17, 2007 6:14:00 AM UTC	1187356440000	100	0	no	11.6	82.7	20972	20821	13817	6640	0	39126	1078	1078	0	3520	3520	0
August 17, 2007 6:15:00 AM UTC	1187356500000	100	0	no	11.7	82.9	20972	20821	13817	6640	1	39125	1093	1092	0	3507	3507	0
August 17, 2007 6:16:00 AM UTC	1187356560000	100	0	no	11.9	83.1	20972	20821	13817	6641	0	39125	1104	1104	0	3494	3494	0
August 17, 2007 6:17:00 AM UTC	1187356620000	100	0	no	12.1	83.3	20972	20821	13817	6641	0	39125	1117	1117	0	3483	3483	0
August 17, 2007 6:18:00 AM UTC	1187356680000	100	0	no	12.2	83.4	20972	20821	13800	6715	0	39068	1112	1112	0	3466	3466	0
August 17, 2007 6:19:00 AM UTC	1187356740000	100	0	no	12.4	83.6	20972	20821	13817	6637	0	39129	1145	1145	0	3457	3457	0
August 17, 2007 6:20:00 AM UTC	1187356800000	100	0	no	12.5	83.8	20972	20821	13801	6710	0	39072	1141	1141	0	3438	3438	0
August 17, 2007 6:21:00 AM UTC	1187356860000	100	0	no	12.7	84.0	20972	20821	13818	6646	0	39119	1179	1179	0	3424	3424	0
August 17, 2007 6:22:00 AM UTC	1187356920000	100	0	no	12.9	84.2	20972	20821	13818	6646	0	39119	1188	1188	0	3413	3413	0
August 17, 2007 6:23:00 AM UTC	1187356980000	100	0	no	13.0	84.3	20972	20821	13818	6647	0	39118	1201	1201	0	3401	3401	0
August 17, 2007 6:24:00 AM UTC	1187357040000	100	0	no	13.2	84.5	20972	20821	13818	6647	0	39118	1216	1216	0	3386	3386	0
August 17, 2007 6:25:00 AM UTC	1187357100000	100	0	no	13.4	84.7	20972	20821	13817	6622	0	39144	1227	1227	0	3380	3380	0
August 17, 2007 6:26:00 AM UTC	1187357160000	100	0	no	13.5	84.9	20972	20821	13816	6698	0	39069	1235	1235	0	3362	3362	0
August 17, 2007 6:27:00 AM UTC	1187357220000	100	0	no	13.7	85.1	20972	20821	13800	6767	0	39016	1228	1228	0	3351	3351	0
August 17, 2007 6:28:00 AM UTC	1187357280000	100	0	no	13.9	85.3	20972	20821	13817	6688	0	39078	1267	1267	0	3341	3341	0
August 17, 2007 6:29:00 AM UTC	1187357340000	100	0	no	14.0	85.4	20972	20821	13799	6767	2	39015	1258	1256	0	3328	3328	0
August 17, 2007 6:30:00 AM UTC	1187357400000	100	0	no	14.2	85.6	20972	20821	13812	6700	9	39062	1292	1283	0	3318	3318	0
August 17, 2007 6:31:00 AM UTC	1187357460000	100	0	no	14.4	85.8	20972	20821	13800	6687	13	39083	1291	1278	0	3305	3305	0
August 17, 2007 6:32:00 AM UTC	1187357520000	100	0	no	14.5	86.0	20972	20821	13817	6608	12	39146	1333	1321	0	3293	3293	0
August 17, 2007 6:33:00 AM UTC	1187357580000	100	0	no	14.7	86.2	20972	20821	13799	6681	9	39094	1318	1309	0	3284	3284	0
August 17, 2007 6:34:00 AM UTC	1187357640000	100	0	no	14.9	86.4	20972	20821	13817	6609	6	39151	1354	1348	0	3276	3276	0
August 17, 2007 6:35:00 AM UTC	1187357700000	100	0	no	15.0	86.6	20972	20821	13801	6681	0	39101	1350	1350	0	3258	3258	0
August 17, 2007 6:36:00 AM UTC	1187357760000	100	0	no	15.2	86.7	20972	20821	13817	6626	0	39140	1384	1384	0	3251	3251	0
August 17, 2007 6:37:00 AM UTC	1187357820000	100	0	no	15.4	86.9	20972	20821	13817	6626	1	39139	1397	1396	0	3241	3241	0
August 17, 2007 6:38:00 AM UTC	1187357880000	100	0	no	15.5	87.1	20972	20821	13818	6624	0	39141	1413	1413	0	3232	3232	0
August 17, 2007 6:39:00 AM UTC	1187357940000	100	0	no	15.7	87.3	20972	20821	13818	6624	0	39141	1426	1426	0	3223	3223	0
August 17, 2007 6:40:00 AM UTC	1187358000000	100	0	no	15.9	87.5	20972	20821	13804	6691	0	39088	1412	1412	0	3216	3216	0
August 17, 2007 6:41:00 AM UTC	1187358060000	100	0	no	16.0	87.7	20972	20821	13820	6619	0	39144	1453	1453	0	3209	3209	0
August 17, 2007 6:42:00 AM UTC	1187358120000	100	0	no	16.2	87.8	20972	20821	13802	6748	0	39033	1432	1432	0	3194	3194	0
August 17, 2007 6:43:00 AM UTC	1187358180000	100	0	no	16.4	88.0	20972	20821	13820	6672	0	39091	1468	1468	0	3186	3186	0
August 17, 2007 6:44:00 AM UTC	1187358240000	100	0	no	16.5	88.2	20972	20821	13802	6748	0	39033	1456	1456	0	3181	3181	0
August 17, 2007 6:45:00 AM UTC	1187358300000	100	0	no	16.7	88.4	20972	20821	13821	6676	0	39086	1503	1503	0	3167	3167	0
August 17, 2007 6:46:00 AM UTC	1187358360000	100	0	no	16.9	88.6	20972	20821	13802	6748	0	39033	1490	1490	0	3158	3158	0
August 17, 2007 6:47:00 AM UTC	1187358420000	100	0	no	17.0	88.8	20972	20821	13821	6674	0	39088	1517	1517	0	3156	3156	0
August 17, 2007 6:48:00 AM UTC	1187358480000	100	0	no	17.2	89.0	20972	20821	13802	6748	0	39033	1515	1515	0	3139	3139	0
August 17, 2007 6:49:00 AM UTC	1187358540000	100	0	no	17.4	89.1	20972	20821	13820	6590	0	39173	1567	1567	0	3134	3134	0
August 17, 2007 6:50:00 AM UTC	1187358600000	100	0	no	17.5	89.3	20972	20821	13801	6663	0	39119	1542	1542	0	3130	3130	0
August 17, 2007 6:51:00 AM UTC	1187358660000	100	0	no	17.7	89.5	20972	20821	13819	6627	0	39137	1592	1592	0	3122	3122	0
August 17, 2007 6:52:00 AM UTC	1187358720000	100	0	no	17.9	89.7	20972	20821	13819	6627	0	39137	1606	1606	0	3112	3112	0
August 17, 2007 6:53:00 AM UTC	1187358780000	100	0	no	18.0	89.9	20972	20821	13800	6786	0	38997	1582	1582	0	3105	3105	0
August 17, 2007 6:54:00 AM UTC	1187358840000	100	0	no	18.2	90.1	20972	20821	13819	6635	0	39129	1635	1635	0	3099	3099	0
August 17, 2007 6:55:00 AM UTC	1187358900000	100	0	no	18.3	90.3	20972	20821	13819	6635	0	39129	1646	1646	0	3092	3092	0
August 17, 2007 6:56:00 AM UTC	1187358960000	100	0	no	18.5	90.5	20972	20821	13819	6635	0	39129	1662	1662	0	3082	3082	0
August 17, 2007 6:57:00 AM UTC	1187359020000	100	0	no	18.7	90.6	20972	20821	13801	6671	0	39111	1637	1637	0	3075	3075	0
August 17, 2007 6:58:00 AM UTC	1187359080000	100	0	no	18.8	90.8	20972	20821	13820	6598	0	39165	1688	1688	0	3068	3068	0
August 17, 2007 6:59:00 AM UTC	1187359140000	100	0	no	19.0	91.0	20972	20821	13802	6748	0	39033	1657	1657	0	3066	3066	0
August 17, 2007 7:00:00 AM UTC	1187359200000	100	0	no	19.2	91.2	20972	20821	13821	6674	0	39088	1701	1701	0	3057	3057	0
August 17, 2007 7:01:00 AM UTC	1187359260000	100	0	no	19.3	91.4	20972	20821	13802	6748	0	39033	1689	1689	0	3050	3050	0
August 17, 2007 7:02:00 AM UTC	1187359320000	100	0	no	19.5	91.6	20972	20821	13821	6676	0	39086	1733	1733	0	3044	3044	0
August 17, 2007 7:03:00 AM UTC	1187359380000	100	0	no	19.7	91.8	20972	20821	13802	6748	0	39033	1713	1713	0	3041	3041	0
August 17, 2007 7:04:00 AM UTC	1187359440000	100	0	no	19.8	92.0	20972	20821	13820	6672	0	39091	1752	1752	0	3033	3033	0
August 17, 2007 7:05:00 AM UTC	1187359500000	100	0	no	20.0	92.1	20972	20821	13802	6748	0	39033	1742	1742	0	3026	3026	0
August 17, 2007 7:06:00 AM UTC	1187359560000	100	0	no	20.2	92.3	20972	20821	13820	6611	0	39152	1797	1797	0	3016	3016	0
August 17, 2007 7:07:00 AM UTC	1187359620000	100	0	no	20.3	92.5	20972	20821	13804	6685	0	39094	1782	1782	0	3016	3016	0
August 17, 2007 7:08:00 AM UTC	1187359680000	100	0	no	20.5	92.7	20972	20821	13818	6618	0	39147	1819	1819	0	3014	3014	0
August 17, 2007 7:09:00 AM UTC	1187359740000	100	0	no	20.7	92.9	20972	20821	13818	6618	0	39147	1834	1834	0	3006	3006	0
August 17, 2007 7:10:00 AM UTC	1187359800000	100	0	no	20.8	93.1	20972	20821	13817	6626	0	39140	1847	1847	0	3001	3001	0
August 17, 2007 7:11:00 AM UTC	1187359860000	100	0	no	21.0	93.3	20972	20821	13817	6626	0	39140	1863	1863	0	2992	2992	0
August 17, 2007 7:12:00 AM UTC	1187359920000	100	0	no	21.2	93.5	20972	20821	13817	6612	0	39154	1870	1870	0	2992	2992	0
August 17, 2007 7:13:00 AM UTC	1187359980000	100	0	no	21.3	93.7	20972	20821	13817	6612	0	39154	1883	1883	0	2990	2990	0
August 17, 2007 7:14:00 AM UTC	1187360040000	100	0	no	21.5	93.9	20972	20821	13799	6685	0	39099	1871	1871	0	2979	2979	0
August 17, 2007 7:15:00 AM UTC	1187360100000	100	0	no	21.7	94.0	20972	20821	13817	6613	0	39153	1909	1909	0	2977	2977	0
August 17, 2007 7:16:00 AM UTC	1187360160000	100	0	no	21.8	94.2	20972	20821	13798	6767	0	39018	1881	1881	0	2972	2972	0
August 17, 2007 7:17:00 AM UTC	1187360220000	100	0	no	22.0	94.4	20972	20821	13812	6700	0	39071	1924	1924	0	2968	2968	0
August 17, 2007 7:18:00 AM UTC	1187360280000	100	0	no	22.2	94.6	20972	20821	13799	6767	0	39017	1899	1899	0	2972	2972	0
August 17, 2007 7:19:00 AM UTC	1187360340000	100	0	no	22.3	94.8	20972	20821	13817	6687	0	39079	1952	1952	0	2961	2961	0
August 17, 2007 7:20:00 AM UTC	1187360400000	100	0	no	22.5	95.0	20972	20821	13800	6766	0	39017	1932	1932	0	2955	2955	0
August 17, 2007 7:21:00 AM UTC	1187360460000	100	0	no	22.7	95.2	20972	20821	13816	6698	0	39069	1971	1971	0	2954	2954	0
August 17, 2007 7:22:00 AM UTC	1187360520000	100	0	no	22.8	95.4	20972	20821	13801	6719	0	39063	1968	1968	0	2945	2945	0
August 17, 2007 7:23:00 AM UTC	1187360580000	100	0	no	23.0	95.6	20972	20821	13818	6643	0	39122	2004	2004	0	2948	2948	0
August 17, 2007 7:24:00 AM UTC	1187360640000	100	0	no	23.2	95.8	20972	20821	13801	6714	0	39068	1991	1991	0	2943	2943	0
August 17, 2007 7:25:00 AM UTC	1187360700000	100	0	no	23.3	96.0	20972	20821	13818	6644	0	39121	2038	2038	0	2938	2938	0
August 17, 2007 7:26:00 AM UTC	1187360760000	100	0	no	23.5	96.2	20972	20821	13801	6708	0	39074	2009	2009	0	2939	2939	0
August 17, 2007 7:27:00 AM UTC	1187360820000	100	0	no	23.7	96.4	20972	20821	13817	6636	0	39130	2059	2059	0	2934	2934	0
August 17, 2007 7:28:00 AM UTC	1187360880000	100	0	no	23.8	96.6	20972	20821	13800	6715	0	39068	2040	2040	0	2929	2929	0
August 17, 2007 7:29:00 AM UTC	1187360940000	100	0	no	24.0	96.8	20972	20821	13817	6642	0	39124	2077	2077	0	2932	2932	0
August 17, 2007 7:30:00 AM UTC	1187361000000	100	0	no	24.1	97.0	20972	20821	13801	6715	0	39067	2059	2059	0	2927	2927	0
August 17, 2007 7:31:00 AM UTC	1187361060000	100	0	no	24.3	97.1	20972	20821	13817	6643	0	39123	2103	2103	0	2924	2924	0
August 17, 2007 7:32:00 AM UTC	1187361120000	100	0	no	24.5	97.3	20972	20821	13817	6643	0	39123	2118	2118	0	2919	2919	0
August 17, 2007 7:33:00 AM UTC	1187361180000	100	0	no	24.6	97.5	20972	20821	13816	6644	0	39123	2130	2130	0	2917	2917	0
August 17, 2007 7:34:00 AM UTC	1187361240000	100	0	no	24.8	97.7	20972	20821	13816	6644	0	39123	2136	2136	0	2924	2924	0
August 17, 2007 7:35:00 AM UTC	1187361300000	100	0	no	25.0	97.9	20972	20821	13813	6723	0	39047	2147	2147	0	2910	2910	0
August 17, 2007 7:36:00 AM UTC	1187361360000	100	0	no	25.1	98.1	20972	20821	13813	6652	0	39118	2167	2167	0	2911	2911	0
August 17, 2007 7:37:00 AM UTC	1187361420000	100	0	no	25.3	98.3	20972	20821	13813	6653	0	39117	2172	2172	0	2914	2914	0
August 17, 2007 7:38:00 AM UTC	1187361480000	100	0	no	25.5	98.5	20972	20821	13813	6653	0	39117	2185	2185	0	2904	2904	0
August 17, 2007 7:39:00 AM UTC	1187361540000	100	0	no	25.6	98.7	20972	20821	13812	6676	0	39095	2196	2196	0	2908	2908	0
August 17, 2007 7:40:00 AM UTC	1187361600000	100	0	no	25.8	98.9	20972	20821	13812	6676	0	39095	2207	2207	0	2898	2898	0
August 17, 2007 7:41:00 AM UTC	1187361660000	100	0	no	26.0	99.1	20972	20821	13812	6677	0	39094	2220	2220	0	2909	2909	0
August 17, 2007 7:42:00 AM UTC	1187361720000	100	0	no	26.1	99.3	20972	20821	13812	6677	0	39094	2223	2223	0	2910	2910	0
August 17, 2007 7:43:00 AM UTC	1187361780000	100	0	no	26.3	99.5	20972	20821	13809	6689	0	39085	2239	2239	0	2899	2899	0
August 17, 2007 7:44:00 AM UTC	1187361840000	100	0	no	26.5	99.7	20972	20821	13809	6689	0	39085	2251	2251	0	2894	2894	0
August 17, 2007 7:45:00 AM UTC	1187361900000	100	0	no	26.6	99.9	20972	20821	13809	6691	0	39083	2258	2258	0	2908	2908	0
August 17, 2007 7:46:00 AM UTC	1187361960000	100	0	no	26.8	100.1	20972	20821	13809	6691	0	39083	2270	2270	0	2901	2901	0
August 17, 2007 7:47:00 AM UTC	1187362020000	100	0	no	26.9	100.3	20972	20821	13809	6691	0	39083	2288	2288	0	2895	2895	0
August 17, 2007 7:48:00 AM UTC	1187362080000	100	0	no	27.1	100.5	20972	20821	13809	6691	0	39083	2297	2297	0	2899	2899	0
August 17, 2007 7:49:00 AM UTC	1187362140000	100	0	no	27.3	100.7	20972	20821	13805	6710	0	39068	2301	2301	0	2897	2897	0
August 17, 2007 7:50:00 AM UTC	1187362200000	100	0	no	27.4	100.9	20972	20821	13809	6625	0	39149	2328	2328	0	2901	2901	0
August 17, 2007 7:51:00 AM UTC	1187362260000	100	0	no	27.6	101.1	20972	20821	13808	6626	0	39149	2338	2338	0	2898	2898	0
August 17, 2007 7:52:00 AM UTC	1187362320000	100	0	no	27.8	101.3	20972	20821	13807	6622	0	39154	2348	2348	0	2896	2896	0
August 17, 2007 7:53:00 AM UTC	1187362380000	100	0	no	27.9	101.6	20972	20821	13805	6638	0	39140	2352	2352	0	2900	2900	0
August 17, 2007 7:54:00 AM UTC	1187362440000	100	0	no	28.1	101.8	20972	20821	13823	6552	0	39208	2403	2403	0	2902	2902	0
August 17, 2007 7:55:00 AM UTC	1187362500000	100	0	no	28.2	102.0	20972	20821	13801	6718	0	39064	2360	2360	0	2896	2896	0
August 17, 2007 7:56:00 AM UTC	1187362560000	100	0	no	28.4	102.2	20972	20821	13817	6679	0	39087	2402	2402	0	2898	2898	0
August 17, 2007 7:57:00 AM UTC	1187362620000	100	0	no	28.6	102.4	20972	20821	13801	6753	0	39029	2375	2375	0	2902	2902	0
August 17, 2007 7:58:00 AM UTC	1187362680000	100	0	no	28.7	102.6	20972	20821	13817	6683	0	39083	2418	2418	0	2905	2905	0
August 17, 2007 7:59:00 AM UTC	1187362740000	100	0	no	28.9	102.8	20972	20821	13806	6738	0	39039	2404	2404	0	2902	2902	0
August 17, 2007 8:00:00 AM UTC	1187362800000	100	0	no	29.1	103.0	20972	20821	13818	6683	0	39082	2443	2443	0	2904	2904	0
August 17, 2007 8:01:00 AM UTC	1187362860000	100	0	no	29.2	103.2	20972	20821	13802	6754	0	39027	2417	2417	0	2905	2905	0
August 17, 2007 8:02:00 AM UTC	1187362920000	100	0	no	29.4	103.4	20972	20821	13817	6683	0	39083	2462	2462	0	2907	2907	0
August 17, 2007 8:03:00 AM UTC	1187362980000	100	0	no	29.5	103.6	20972	20821	13803	6677	0	39103	2451	2451	0	2908	2908	0
August 17, 2007 8:04:00 AM UTC	1187363040000	100	0	no	29.7	103.8	20972	20821	13819	6606	0	39158	2499	2499	0	2906	2906	0
August 17, 2007 8:05:00 AM UTC	1187363100000	100	0	no	29.9	104.0	20972	20821	13798	6695	0	39090	2462	2462	0	2910	2910	0
August 17, 2007 8:06:00 AM UTC	1187363160000	100	0	no	30.0	104.2	20972	20821	13815	6624	0	39144	2505	2505	0	2914	2914	0
August 17, 2007 8:07:00 AM UTC	1187363220000	100	0	no	30.2	104.5	20972	20821	13802	6697	0	39084	2482	2482	0	2915	2915	0
August 17, 2007 8:08:00 AM UTC	1187363280000	100	0	no	30.3	104.7	20972	20821	13815	6626	0	39142	2530	2530	0	2913	2913	0
August 17, 2007 8:09:00 AM UTC	1187363340000	100	0	no	30.5	104.9	20972	20821	13797	6697	0	39089	2497	2497	0	2921	2921	0
August 17, 2007 8:10:00 AM UTC	1187363400000	100	0	no	30.7	105.1	20972	20821	13810	6647	0	39126	2539	2539	0	2916	2916	0
August 17, 2007 8:11:00 AM UTC	1187363460000	100	0	no	30.8	105.3	20972	20821	13795	6715	0	39073	2502	2502	0	2929	2929	0
August 17, 2007 8:12:00 AM UTC	1187363520000	100	0	no	31.0	105.5	20972	20821	13810	6644	0	39129	2555	2555	0	2928	2928	0
August 17, 2007 8:13:00 AM UTC	1187363580000	100	0	no	31.1	105.7	20972	20821	13810	6645	0	39128	2569	2569	0	2928	2928	0
August 17, 2007 8:14:00 AM UTC	1187363640000	100	0	no	31.3	105.9	20972	20821	13812	6644	0	39127	2569	2569	0	2935	2935	0
August 17, 2007 8:15:00 AM UTC	1187363700000	100	0	no	31.5	106.2	20972	20821	13812	6618	0	39153	2591	2591	0	2938	2938	0
August 17, 2007 8:16:00 AM UTC	1187363760000	100	0	no	31.6	106.4	20972	20821	13811	6682	0	39090	2581	2581	0	2943	2943	0
August 17, 2007 8:17:00 AM UTC	1187363820000	100	0	no	31.8	106.6	20972	20821	13810	6692	0	39081	2591	2591	0	2941	2941	0
August 17, 2007 8:18:00 AM UTC	1187363880000	100	0	no	31.9	106.8	20972	20821	13810	6692	0	39081	2596	2596	0	2948	2948	0
August 17, 2007 8:19:00 AM UTC	1187363940000	100	0	no	32.1	107.0	20972	20821	13805	6713	0	39065	2594	2594	0	2948	2948	0
August 17, 2007 8:20:00 AM UTC	1187364000000	100	0	no	32.3	107.2	20972	20821	13805	6713	0	39065	2604	2604	0	2957	2957	0
August 17, 2007 8:21:00 AM UTC	1187364060000	100	0	no	32.4	107.5	20972	20821	13805	6714	0	39064	2604	2604	0	2964	2964	0
August 17, 2007 8:22:00 AM UTC	1187364120000	100	0	no	32.6	107.7	20972	20821	13805	6714	0	39064	2618	2618	0	2961	2961	0
August 17, 2007 8:23:00 AM UTC	1187364180000	100	0	no	32.7	107.9	20972	20821	13800	6741	0	39042	2611	2611	0	2966	2966	0
August 17, 2007 8:24:00 AM UTC	1187364240000	100	0	no	32.9	108.1	20972	20821	13816	6671	0	39096	2646	2646	0	2975	2975	0
August 17, 2007 8:25:00 AM UTC	1187364300000	100	0	no	33.1	108.3	20972	20821	13804	6718	0	39061	2632	2632	0	2979	2979	0
August 17, 2007 8:26:00 AM UTC	1187364360000	99	1	no	33.2	108.6	20972	20821	13824	6577	0	39182	2692	2692	0	2984	2984	0
August 17, 2007 8:27:00 AM UTC	1187364420000	96	4	no	33.4	108.8	20972	20821	13800	6691	0	39092	2641	2641	0	2987	2987	0
August 17, 2007 8:28:00 AM UTC	1187364480000	92	8	no	33.5	109.0	20972	20821	13818	6600	0	39165	2698	2698	0	2994	2994	0
August 17, 2007 8:29:00 AM UTC	1187364540000	87	13	no	33.7	109.2	20972	20821	13807	6650	0	39126	2672	2672	0	2998	2998	0
August 17, 2007 8:30:00 AM UTC	1187364600000	84	15	no	33.8	109.5	20972	20821	13818	6600	0	39165	2704	2704	0	3008	3008	0
August 17, 2007 8:31:00 AM UTC	1187364660000	81	17	no	34.0	109.7	20972	20821	13796	6692	0	39095	2664	2664	0	3012	3012	0
August 17, 2007 8:32:00 AM UTC	1187364720000	78	20	yes	34.2	109.9	20972	20821	13813	6624	0	39146	2706	2706	0	3018	3018	0
August 17, 2007 8:33:00 AM UTC	1187364780000	74	22	no	34.3	110.1	20972	20821	13818	6599	0	39166	2730	2730	0	3021	3021	0
August 17, 2007 8:34:00 AM UTC	1187364840000	71	27	yes	34.5	110.4	20972	20821	13812	6670	0	39101	2710	2710	0	3033	3033	0
August 17, 2007 8:35:00 AM UTC	1187364900000	68	31	yes	34.6	110.6	20972	20821	13812	6679	0	39092	2713	2713	0	3039	3039	0
August 17, 2007 8:36:00 AM UTC	1187364960000	66	33	yes	34.8	110.8	20972	20821	13812	6679	0	39092	2723	2723	0	3042	3042	0
August 17, 2007 8:37:00 AM UTC	1187365020000	62	37	yes	34.9	111.0	20972	20821	13813	6610	0	39160	2737	2737	0	3050	3050	0
August 17, 2007 8:38:00 AM UTC	1187365080000	58	41	yes	35.1	111.3	20972	20821	13808	6637	0	39138	2740	2740	0	3055	3055	0
August 17, 2007 8:39:00 AM UTC	1187365140000	57	41	yes	35.2	111.5	20972	20821	13806	6637	0	39140	2738	2735	3	3065	3065	0
August 17, 2007 8:40:00 AM UTC	1187365200000	53	44	yes	35.4	111.7	20972	20821	13805	6716	0	39062	2724	2643	78	3073	3073	0
August 17, 2007 8:41:00 AM UTC	1187365260000	50	45	yes	35.5	112.0	20972	20821	13805	6717	0	39061	2725	2641	79	3079	3070	9
August 17, 2007 8:42:00 AM UTC	1187365320000	49	45	yes	35.7	112.2	20972	20821	13821	6648	0	39114	2766	2736	30	3085	3079	6
August 17, 2007 8:43:00 AM UTC	1187365380000	47	45	no	35.9	112.4	20972	20821	13805	6716	0	39062	2741	2728	13	3091	3057	34
August 17, 2007 8:44:00 AM UTC	1187365440000	46	48	no	36.0	112.7	20972	20821	13812	6687	0	39084	2745	2721	24	3106	3072	34
August 17, 2007 8:45:00 AM UTC	1187365500000	44	50	no	36.2	112.9	20972	20821	13799	6755	0	39029	2719	2661	57	3113	3107	6
August 17, 2007 8:46:00 AM UTC	1187365560000	45	51	yes	36.3	113.1	20972	20821	13813	6688	0	39082	2761	2708	51	3121	3120	1
August 17, 2007 8:47:00 AM UTC	1187365620000	45	52	no	36.5	113.4	20972	20821	13805	6728	0	39050	2742	2587	148	3125	3125	0
August 17, 2007 8:48:00 AM UTC	1187365680000	50	47	no	36.6	113.6	20972	20821	13815	6619	0	39149	2795	2604	185	3134	3104	30
August 17, 2007 8:49:00 AM UTC	1187365740000	60	39	yes	36.8	113.8	20972	20821	13815	6620	0	39148	2792	2775	12	3144	3142	2
August 17, 2007 8:50:00 AM UTC	1187365800000	64	35	yes	36.9	114.1	20972	20821	13815	6620	0	39148	2800	2800	0	3156	3154	2
August 17, 2007 8:51:00 AM UTC	1187365860000	65	33	no	37.1	114.3	20972	20821	13809	6648	0	39126	2775	2768	6	3169	3164	5
August 17, 2007 8:52:00 AM UTC	1187365920000	69	30	yes	37.2	114.5	20972	20821	13809	6648	0	39126	2788	2788	0	3174	3174	0
August 17, 2007 8:53:00 AM UTC	1187365980000	69	30	yes	37.4	114.8	20972	20821	13815	6620	0	39148	2810	2796	14	3183	3183	0
August 17, 2007 8:54:00 AM UTC	1187366040000	67	31	yes	37.5	115.0	20972	20821	13824	6583	0	39176	2825	2825	0	3196	3196	0
August 17, 2007 8:55:00 AM UTC	1187366100000	65	32	yes	37.7	115.3	20972	20821	13808	6663	0	39112	2778	2778	0	3209	3209	0
August 17, 2007 8:56:00 AM UTC	1187366160000	63	34	yes	37.8	115.5	20972	20821	13822	6650	0	39111	2803	2803	0	3222	3222	0
August 17, 2007 8:57:00 AM UTC	1187366220000	61	37	yes	38.0	115.8	20972	20821	13804	6679	0	39100	2777	2777	0	3230	3230	0
August 17, 2007 8:58:00 AM UTC	1187366280000	59	38	yes	38.1	116.0	20972	20821	13825	6583	0	39175	2830	2811	19	3244	3244	0
August 17, 2007 8:59:00 AM UTC	1187366340000	54	43	yes	38.3	116.2	20972	20821	13803	6681	0	39099	2774	2703	68	3249	3222	27
August 17, 2007 9:00:00 AM UTC	1187366400000	54	44	yes	38.4	116.5	20972	20821	13817	6615	0	39151	2820	2770	50	3261	3216	45
August 17, 2007 9:01:00 AM UTC	1187366460000	52	47	yes	38.6	116.7	20972	20821	13817	6615	0	39151	2805	2801	3	3283	3202	81
August 17, 2007 9:02:00 AM UTC	1187366520000	50	47	yes	38.7	117.0	20972	20821	13809	6647	0	39127	2789	2786	3	3295	3052	243
August 17, 2007 9:03:00 AM UTC	1187366580000	49	46	yes	38.9	117.2	20972	20821	13817	6632	0	39134	2800	2693	106	3307	3199	108
August 17, 2007 9:04:00 AM UTC	1187366640000	44	48	yes	39.0	117.5	20972	20821	13801	6732	0	39050	2751	2622	127	3319	3211	108
August 17, 2007 9:05:00 AM UTC	1187366700000	43	48	no	39.2	117.7	20972	20821	13809	6667	0	39107	2781	2507	269	3331	3273	58
August 17, 2007 9:06:00 AM UTC	1187366760000	44	51	yes	39.3	118.0	20972	20821	13810	6667	0	39106	2774	2746	26	3339	3337	2
August 17, 2007 9:07:00 AM UTC	1187366820000	44	47	yes	39.5	118.2	20972	20821	13811	6601	0	39171	2803	2755	42	3353	3351	2
August 17, 2007 9:08:00 AM UTC	1187366880000	44	50	yes	39.6	118.5	20972	20821	13813	6603	0	39167	2791	2789	2	3370	3370	0
August 17, 2007 9:09:00 AM UTC	1187366940000	45	49	yes	39.8	118.7	20972	20821	13810	6680	0	39093	2776	2728	45	3378	3371	7
August 17, 2007 9:10:00 AM UTC	1187367000000	45	47	yes	39.9	119.0	20972	20821	13801	6714	0	39068	2752	2630	118	3387	3386	1
August 17, 2007 9:11:00 AM UTC	1187367060000	48	44	yes	40.0	119.2	20972	20821	13824	6615	0	39144	2815	2810	4	3399	3399	0
August 17, 2007 9:12:00 AM UTC	1187367120000	48	48	yes	40.2	119.5	20972	20821	13801	6734	0	39048	2742	2742	0	3410	3409	1
August 17, 2007 9:13:00 AM UTC	1187367180000	47	48	yes	40.3	119.8	20972	20821	13816	6671	0	39096	2774	2764	8	3426	3424	2
August 17, 2007 9:14:00 AM UTC	1187367240000	45	48	yes	40.5	120.0	20972	20821	13801	6734	0	39048	2735	2695	40	3441	3423	18
August 17, 2007 9:15:00 AM UTC	1187367300000	46	49	yes	40.6	120.3	20972	20821	13814	6671	0	39098	2769	2767	2	3456	3396	60
August 17, 2007 9:16:00 AM UTC	1187367360000	46	50	yes	40.8	120.5	20972	20821	13817	6608	0	39158	2802	2767	35	3463	3434	29
August 17, 2007 9:17:00 AM UTC	1187367420000	45	51	yes	40.9	120.8	20972	20821	13808	6644	0	39131	2777	2630	147	3479	3452	27
August 17, 2007 9:18:00 AM UTC	1187367480000	47	51	yes	41.0	121.1	20972	20821	13808	6650	0	39125	2775	2621	154	3484	3471	13
August 17, 2007 9:19:00 AM UTC	1187367540000	49	50	yes	41.2	121.3	20972	20821	13817	6608	0	39158	2796	2557	239	3502	3408	94
August 17, 2007 9:20:00 AM UTC	1187367600000	51	48	yes	41.3	121.6	20972	20821	13808	6667	0	39108	2755	2530	225	3515	3514	1
August 17, 2007 9:21:00 AM UTC	1187367660000	54	46	yes	41.5	121.8	20972	20821	13820	6605	0	39158	2792	2595	196	3531	3522	9
August 17, 2007 9:22:00 AM UTC	1187367720000	57	43	yes	41.6	122.1	20972	20821	13808	6668	0	39107	2750	2558	191	3540	3538	2
August 17, 2007 9:23:00 AM UTC	1187367780000	58	41	yes	41.8	122.4	20972	20821	13822	6669	0	39092	2777	2705	71	3554	3554	0
August 17, 2007 9:24:00 AM UTC	1187367840000	60	40	yes	41.9	122.6	20972	20821	13801	6705	0	39077	2745	2659	81	3561	3561	0
August 17, 2007 9:25:00 AM UTC	1187367900000	62	38	yes	42.0	122.9	20972	20821	13814	6643	0	39126	2781	2716	62	3575	3575	0
August 17, 2007 9:26:00 AM UTC	1187367960000	67	33	yes	42.2	123.2	20972	20821	13815	6644	0	39124	2771	2764	7	3591	3591	0
August 17, 2007 9:27:00 AM UTC	1187368020000	73	27	yes	42.3	123.4	20972	20821	13815	6644	0	39124	2768	2768	0	3601	3601	0
August 17, 2007 9:28:00 AM UTC	1187368080000	78	22	yes	42.5	123.7	20972	20821	13805	6709	0	39069	2738	2738	0	3605	3605	0
August 17, 2007 9:29:00 AM UTC	1187368140000	81	19	yes	42.6	124.0	20972	20821	13827	6613	0	39143	2786	2786	0	3630	3630	0
August 17, 2007 9:30:00 AM UTC	1187368200000	84	16	yes	42.7	124.3	20972	20821	13814	6672	0	39097	2762	2762	0	3627	3627	0
August 17, 2007 9:31:00 AM UTC	1187368260000	85	15	yes	42.9	124.5	20972	20821	13821	6649	0	39113	2767	2767	0	3653	3653	0
August 17, 2007 9:32:00 AM UTC	1187368320000	87	13	yes	43.0	124.8	20972	20821	13816	6649	0	39118	2766	2766	0	3654	3654	0
August 17, 2007 9:33:00 AM UTC	1187368380000	90	10	yes	43.1	125.1	20972	20821	13806	6652	0	39125	2765	2765	0	3673	3673	0
August 17, 2007 9:34:00 AM UTC	1187368440000	93	7	yes	43.3	125.4	20972	20821	13821	6592	0	39170	2792	2792	0	3676	3676	0
August 17, 2007 9:35:00 AM UTC	1187368500000	93	7	no	43.4	125.6	20972	20821	13808	6652	0	39123	2751	2751	0	3704	3704	0
August 17, 2007 9:36:00 AM UTC	1187368560000	94	6	no	43.5	125.9	20972	20821	13820	6621	0	39142	2769	2768	1	3697	3697	0
August 17, 2007 9:37:00 AM UTC	1187368620000	95	5	no	43.7	126.2	20972	20821	13812	6662	0	39109	2754	2744	10	3718	3718	0
August 17, 2007 9:38:00 AM UTC	1187368680000	96	4	no	43.8	126.5	20972	20821	13821	6623	0	39139	2768	2754	13	3724	3724	0
August 17, 2007 9:39:00 AM UTC	1187368740000	97	3	no	43.9	126.8	20972	20821	13812	6662	0	39109	2747	2668	77	3735	3735	0
August 17, 2007 9:40:00 AM UTC	1187368800000	97	3	yes	44.1	127.0	20972	20821	13803	6704	0	39076	2721	2636	85	3742	3742	0
August 17, 2007 9:41:00 AM UTC	1187368860000	95	5	yes	44.2	127.3	20972	20821	13815	6608	0	39160	2769	2730	39	3757	3757	0
August 17, 2007 9:42:00 AM UTC	1187368920000	94	6	yes	44.3	127.6	20972	20821	13818	6593	0	39172	2783	2771	12	3773	3773	0
August 17, 2007 9:43:00 AM UTC	1187368980000	93	7	yes	44.5	127.9	20972	20821	13817	6626	0	39140	2753	2737	16	3785	3785	0
August 17, 2007 9:44:00 AM UTC	1187369040000	92	8	yes	44.6	128.2	20972	20821	13817	6626	0	39140	2756	2684	72	3791	3791	0
August 17, 2007 9:45:00 AM UTC	1187369100000	91	9	yes	44.7	128.5	20972	20821	13818	6626	0	39139	2756	2668	88	3800	3800	0
August 17, 2007 9:46:00 AM UTC	1187369160000	90	10	yes	44.9	128.8	20972	20821	13818	6626	0	39139	2757	2591	166	3814	3814	0
August 17, 2007 9:47:00 AM UTC	1187369220000	87	13	no	45.0	129.1	20972	20821	13817	6626	0	39140	2758	2588	170	3823	3823	0
August 17, 2007 9:48:00 AM UTC	1187369280000	85	15	yes	45.1	129.4	20972	20821	13819	6571	0	39193	2784	2595	189	3835	3835	0
August 17, 2007 9:49:00 AM UTC	1187369340000	84	16	yes	45.2	129.6	20972	20821	13818	6583	0	39182	2768	2647	121	3849	3849	0
August 17, 2007 9:50:00 AM UTC	1187369400000	82	18	yes	45.4	129.9	20972	20821	13823	6548	0	39212	2782	2726	56	3863	3863	0
August 17, 2007 9:51:00 AM UTC	1187369460000	79	21	yes	45.5	130.2	20972	20821	13809	6648	0	39126	2733	2540	193	3865	3865	0
August 17, 2007 9:52:00 AM UTC	1187369520000	78	22	yes	45.6	130.5	20972	20821	13820	6596	0	39167	2762	2564	198	3881	3881	0
August 17, 2007 9:53:00 AM UTC	1187369580000	76	24	yes	45.8	130.8	20972	20821	13820	6596	0	39167	2765	2470	295	3887	3859	28
August 17, 2007 9:54:00 AM UTC	1187369640000	71	29	yes	45.9	131.1	20972	20821	13820	6596	0	39167	2762	2417	344	3894	3848	46
August 17, 2007 9:55:00 AM UTC	1187369700000	68	32	yes	46.0	131.4	20972	20821	13810	6642	0	39131	2739	2372	364	3900	3807	93
August 17, 2007 9:56:00 AM UTC	1187369760000	63	37	yes	46.1	131.7	20972	20821	13824	6531	0	39228	2795	2235	557	3921	3834	87
August 17, 2007 9:57:00 AM UTC	1187369820000	58	42	yes	46.3	132.0	20972	20821	13812	6585	0	39186	2762	1946	815	3927	3839	88
August 17, 2007 9:58:00 AM UTC	1187369880000	53	47	yes	46.4	132.3	20972	20821	13822	6578	0	39183	2766	1696	1070	3940	3833	107
August 17, 2007 9:59:00 AM UTC	1187369940000	51	49	yes	46.5	132.6	20972	20821	13809	6633	0	39141	2726	1488	1233	3943	3877	66
August 17, 2007 10:00:00 AM UTC	1187370000000	48	51	yes	46.6	132.9	20972	20821	13822	6578	0	39183	2762	1400	1360	3959	3909	50
August 17, 2007 10:01:00 AM UTC	1187370060000	44	54	yes	46.7	133.3	20972	20821	13812	6625	0	39146	2739	1327	1412	3957	3920	37
August 17, 2007 10:02:00 AM UTC	1187370120000	42	56	yes	46.9	133.6	20972	20821	13822	6578	0	39183	2764	1319	1440	3977	3879	98
August 17, 2007 10:03:00 AM UTC	1187370180000	39	58	yes	47.0	133.9	20972	20821	13812	6590	0	39181	2762	1254	1502	3986	3709	277
August 17, 2007 10:04:00 AM UTC	1187370240000	38	60	yes	47.1	134.2	20972	20821	13822	6569	0	39192	2767	1189	1576	3998	3608	390
August 17, 2007 10:05:00 AM UTC	1187370300000	36	62	yes	47.2	134.5	20972	20821	13810	6624	0	39149	2733	1222	1510	4003	3671	332
August 17, 2007 10:06:00 AM UTC	1187370360000	31	67	yes	47.3	134.8	20972	20821	13822	6569	0	39192	2760	1226	1526	4020	3606	414
August 17, 2007 10:07:00 AM UTC	1187370420000	26	65	no	47.5	135.1	20972	20821	13796	6671	0	39116	2711	1468	1207	4014	3515	499
August 17, 2007 10:08:00 AM UTC	1187370480000	25	67	yes	47.6	135.4	20972	20821	13822	6569	0	39192	2753	1482	1230	4042	3510	532
August 17, 2007 10:09:00 AM UTC	1187370540000	26	71	yes	47.7	135.8	20972	20821	13810	6618	0	39155	2734	1612	1113	4033	3625	408
August 17, 2007 10:10:00 AM UTC	1187370600000	23	68	yes	47.8	136.1	20972	20821	13822	6582	0	39179	2760	1457	1278	4051	3485	566
August 17, 2007 10:11:00 AM UTC	1187370660000	22	66	yes	47.9	136.4	20972	20821	13809	6624	0	39150	2733	1302	1408	4050	3279	771
August 17, 2007 10:12:00 AM UTC	1187370720000	21	68	yes	48.0	136.7	20972	20821	13821	6574	0	39188	2762	1377	1377	4069	3324	745
August 17, 2007 10:13:00 AM UTC	1187370780000	20	69	yes	48.1	137.0	20972	20821	13808	6626	0	39149	2742	1352	1377	4068	3130	938
August 17, 2007 10:14:00 AM UTC	1187370840000	21	69	yes	48.3	137.4	20972	20821	13822	6573	0	39188	2761	1360	1395	4089	3212	877
August 17, 2007 10:15:00 AM UTC	1187370900000	19	72	yes	48.4	137.7	20972	20821	13822	6573	0	39188	2760	1346	1404	4094	2834	1260
August 17, 2007 10:16:00 AM UTC	1187370960000	18	71	yes	48.5	138.0	20972	20821	13813	6583	0	39187	2747	1272	1461	4104	2824	1280
August 17, 2007 10:17:00 AM UTC	1187371020000	18	71	yes	48.6	138.3	20972	20821	13835	6481	0	39267	2803	1292	1489	4121	2854	1267
August 17, 2007 10:18:00 AM UTC	1187371080000	17	73	yes	48.7	138.7	20972	20821	13811	6636	0	39136	2728	1099	1604	4116	2729	1387
August 17, 2007 10:19:00 AM UTC	1187371140000	16	74	yes	48.8	139.0	20972	20821	13822	6588	0	39173	2747	1033	1707	4132	2718	1414
August 17, 2007 10:20:00 AM UTC	1187371200000	16	74	yes	48.9	139.3	20972	20821	13811	6642	0	39130	2734	908	1819	4123	2586	1537
August 17, 2007 10:21:00 AM UTC	1187371260000	15	74	yes	49.0	139.7	20972	20821	13823	6588	0	39172	2749	855	1884	4142	2463	1679
August 17, 2007 10:22:00 AM UTC	1187371320000	15	73	yes	49.1	140.0	20972	20821	13810	6644	0	39129	2724	795	1897	4143	2387	1756
August 17, 2007 10:23:00 AM UTC	1187371380000	15	71	yes	49.2	140.3	20972	20821	13823	6556	0	39204	2765	880	1861	4159	2411	1748
August 17, 2007 10:24:00 AM UTC	1187371440000	14	72	yes	49.3	140.7	20972	20821	13810	6657	0	39116	2716	872	1804	4161	2400	1761
August 17, 2007 10:25:00 AM UTC	1187371500000	15	72	yes	49.5	141.0	20972	20821	13820	6610	0	39153	2742	967	1743	4173	2306	1867
August 17, 2007 10:26:00 AM UTC	1187371560000	14	71	yes	49.6	141.3	20972	20821	13820	6610	0	39153	2743	992	1744	4185	2266	1919
August 17, 2007 10:27:00 AM UTC	1187371620000	14	73	yes	49.7	141.7	20972	20821	13807	6665	0	39111	2712	1022	1679	4182	2202	1980
August 17, 2007 10:28:00 AM UTC	1187371680000	13	73	yes	49.8	142.0	20972	20821	13817	6617	0	39149	2735	885	1833	4197	2133	2064
August 17, 2007 10:29:00 AM UTC	1187371740000	13	72	yes	49.9	142.4	20972	20821	13822	6573	0	39188	2755	855	1876	4214	2142	2072
August 17, 2007 10:30:00 AM UTC	1187371800000	13	70	yes	50.0	142.7	20972	20821	13816	6641	0	39126	2726	665	2026	4208	2153	2055
August 17, 2007 10:31:00 AM UTC	1187371860000	12	72	yes	50.1	143.1	20972	20821	13815	6642	0	39126	2728	509	2140	4215	2085	2130
August 17, 2007 10:32:00 AM UTC	1187371920000	11	72	yes	50.2	143.4	20972	20821	13815	6642	0	39126	2731	362	2305	4220	2054	2166
August 17, 2007 10:33:00 AM UTC	1187371980000	10	73	yes	50.3	143.7	20972	20821	13812	6656	0	39115	2722	341	2347	4231	1881	2350
August 17, 2007 10:34:00 AM UTC	1187372040000	11	72	yes	50.4	144.1	20972	20821	13814	6642	0	39127	2726	266	2374	4235	1846	2389
August 17, 2007 10:35:00 AM UTC	1187372100000	10	72	yes	50.5	144.4	20972	20821	13825	6598	0	39160	2757	314	2338	4248	1761	2487
August 17, 2007 10:36:00 AM UTC	1187372160000	9	71	yes	50.6	144.8	20972	20821	13810	6685	0	39088	2709	221	2343	4248	1743	2505
August 17, 2007 10:37:00 AM UTC	1187372220000	9	69	yes	50.6	145.2	20972	20821	13810	6685	0	39088	2703	189	2335	4246	1704	2542
August 17, 2007 10:38:00 AM UTC	1187372280000	10	68	yes	50.7	145.5	20972	20821	13810	6685	0	39088	2711	238	2304	4267	1803	2464
August 17, 2007 10:39:00 AM UTC	1187372340000	8	68	yes	50.8	145.9	20972	20821	13796	6744	0	39043	2668	153	2278	4263	1571	2692
August 17, 2007 10:40:00 AM UTC	1187372400000	8	66	yes	50.9	146.2	20972	20821	13818	6644	0	39121	2730	186	2236	4276	1686	2590
August 17, 2007 10:41:00 AM UTC	1187372460000	9	65	yes	51.0	146.6	20972	20821	13818	6644	0	39121	2724	232	2192	4287	1610	2677
August 17, 2007 10:42:00 AM UTC	1187372520000	9	65	yes	51.1	146.9	20972	20821	13820	6670	0	39093	2722	191	2202	4294	1656	2638
August 17, 2007 10:43:00 AM UTC	1187372580000	8	65	yes	51.2	147.3	20972	20821	13805	6728	0	39050	2687	182	2199	4283	1638	2645
August 17, 2007 10:44:00 AM UTC	1187372640000	8	65	yes	51.3	147.7	20972	20821	13805	6670	0	39108	2701	155	2171	4293	1641	2652
August 17, 2007 10:45:00 AM UTC	1187372700000	8	63	yes	51.4	148.0	20972	20821	13815	6632	0	39136	2730	176	2279	4304	1646	2658
August 17, 2007 10:46:00 AM UTC	1187372760000	8	65	yes	51.5	148.4	20972	20821	13801	6692	0	39090	2700	194	2189	4298	1554	2744
August 17, 2007 10:47:00 AM UTC	1187372820000	8	62	yes	51.6	148.7	20972	20821	13815	6632	0	39136	2728	173	2192	4316	1563	2752
August 17, 2007 10:48:00 AM UTC	1187372880000	8	63	yes	51.6	149.1	20972	20821	13822	6626	0	39135	2740	187	2087	4325	1640	2685
August 17, 2007 10:49:00 AM UTC	1187372940000	8	65	yes	51.7	149.5	20972	20821	13816	6665	0	39102	2714	124	2242	4327	1481	2846
August 17, 2007 10:50:00 AM UTC	1187373000000	8	61	yes	51.8	149.9	20972	20821	13809	6689	0	39085	2701	139	2097	4329	1571	2758
August 17, 2007 10:51:00 AM UTC	1187373060000	7	63	yes	51.9	150.2	20972	20821	13803	6715	0	39065	2689	111	2144	4331	1442	2888
August 17, 2007 10:52:00 AM UTC	1187373120000	7	62	yes	52.0	150.6	20972	20821	13809	6689	0	39085	2701	138	2131	4338	1455	2883
August 17, 2007 10:53:00 AM UTC	1187373180000	7	61	yes	52.1	151.0	20972	20821	13817	6653	0	39113	2717	192	2105	4358	1401	2957
August 17, 2007 10:54:00 AM UTC	1187373240000	7	60	yes	52.1	151.3	20972	20821	13808	6735	0	39040	2678	130	2129	4353	1471	2882
August 17, 2007 10:55:00 AM UTC	1187373300000	7	62	yes	52.2	151.7	20972	20821	13803	6678	0	39102	2702	142	2116	4354	1436	2918
August 17, 2007 10:56:00 AM UTC	1187373360000	8	61	yes	52.3	152.1	20972	20821	13804	6683	0	39096	2703	187	2041	4357	1561	2796
August 17, 2007 10:57:00 AM UTC	1187373420000	7	59	yes	52.4	152.5	20972	20821	13804	6675	0	39104	2695	141	2085	4362	1463	2899
August 17, 2007 10:58:00 AM UTC	1187373480000	7	58	yes	52.4	152.8	20972	20821	13817	6615	0	39151	2744	161	2097	4375	1406	2964
August 17, 2007 10:59:00 AM UTC	1187373540000	7	59	yes	52.5	153.2	20972	20821	13825	6582	0	39176	2749	131	2113	4385	1469	2916
August 17, 2007 11:00:00 AM UTC	1187373600000	7	60	yes	52.6	153.6	20972	20821	13818	6657	0	39108	2727	143	2009	4382	1449	2933
August 17, 2007 11:01:00 AM UTC	1187373660000	7	60	yes	52.7	154.0	20972	20821	13810	6688	0	39085	2704	94	1990	4380	1342	3038
August 17, 2007 11:02:00 AM UTC	1187373720000	7	59	yes	52.7	154.4	20972	20821	13810	6688	0	39085	2703	123	2079	4385	1495	2885
August 17, 2007 11:03:00 AM UTC	1187373780000	8	59	yes	52.8	154.8	20972	20821	13818	6608	0	39157	2732	176	2043	4397	1610	2787
August 17, 2007 11:04:00 AM UTC	1187373840000	7	60	yes	52.9	155.1	20972	20821	13818	6609	0	39156	2727	169	2090	4401	1444	2955
August 17, 2007 11:05:00 AM UTC	1187373900000	7	60	yes	52.9	155.5	20972	20821	13818	6609	0	39156	2735	186	2126	4403	1447	2956
August 17, 2007 11:06:00 AM UTC	1187373960000	7	58	yes	53.0	155.9	20972	20821	13825	6626	0	39132	2730	130	2094	4413	1460	2946
August 17, 2007 11:07:00 AM UTC	1187374020000	7	60	yes	53.1	156.3	20972	20821	13816	6658	0	39109	2719	158	2173	4411	1514	2897
August 17, 2007 11:08:00 AM UTC	1187374080000	7	59	yes	53.2	156.7	20972	20821	13808	6694	0	39081	2695	143	2138	4409	1439	2969
August 17, 2007 11:09:00 AM UTC	1187374140000	7	60	yes	53.2	157.1	20972	20821	13809	6694	0	39080	2700	121	2134	4408	1509	2899
August 17, 2007 11:10:00 AM UTC	1187374200000	7	61	yes	53.3	157.5	20972	20821	13815	6664	0	39104	2711	124	2097	4420	1458	2962
August 17, 2007 11:11:00 AM UTC	1187374260000	7	64	yes	53.3	157.9	20972	20821	13808	6694	0	39081	2694	141	2153	4418	1646	2772
August 17, 2007 11:12:00 AM UTC	1187374320000	7	64	yes	53.4	158.3	20972	20821	13812	6721	0	39050	2686	104	2119	4428	1502	2926
August 17, 2007 11:13:00 AM UTC	1187374380000	7	66	yes	53.5	158.7	20972	20821	13815	6639	0	39129	2726	132	2123	4433	1635	2797
August 17, 2007 11:14:00 AM UTC	1187374440000	7	67	yes	53.5	159.1	20972	20821	13821	6611	0	39151	2736	159	2156	4444	1640	2803
August 17, 2007 11:15:00 AM UTC	1187374500000	7	63	yes	53.6	159.5	20972	20821	13815	6638	0	39130	2724	130	2129	4441	1619	2822
August 17, 2007 11:16:00 AM UTC	1187374560000	7	65	yes	53.6	159.9	20972	20821	13821	6612	0	39150	2733	147	1929	4446	1469	2977
August 17, 2007 11:17:00 AM UTC	1187374620000	7	64	yes	53.7	160.3	20972	20821	13820	6645	0	39118	2711	106	1880	4447	1501	2946
August 17, 2007 11:18:00 AM UTC	1187374680000	8	63	yes	53.8	160.7	20972	20821	13825	6606	0	39152	2736	141	1789	4459	1646	2813
August 17, 2007 11:19:00 AM UTC	1187374740000	7	64	yes	53.8	161.1	20972	20821	13811	6673	0	39099	2701	76	1792	4449	1527	2922
August 17, 2007 11:20:00 AM UTC	1187374800000	7	61	yes	53.9	161.5	20972	20821	13806	6693	0	39084	2699	105	1777	4443	1529	2914
August 17, 2007 11:21:00 AM UTC	1187374860000	7	64	yes	53.9	161.9	20972	20821	13812	6673	0	39098	2699	85	1842	4455	1482	2971
August 17, 2007 11:22:00 AM UTC	1187374920000	7	62	yes	54.0	162.3	20972	20821	13812	6673	0	39098	2707	106	1868	4454	1523	2931
August 17, 2007 11:23:00 AM UTC	1187374980000	7	63	yes	54.0	162.7	20972	20821	13817	6721	0	39045	2674	79	1875	4457	1619	2838
August 17, 2007 11:24:00 AM UTC	1187375040000	8	61	yes	54.1	163.1	20972	20821	13801	6782	0	39000	2655	100	1818	4444	1634	2810
August 17, 2007 11:25:00 AM UTC	1187375100000	7	61	yes	54.1	163.5	20972	20821	13804	6694	0	39085	2698	70	1921	4452	1616	2833
August 17, 2007 11:26:00 AM UTC	1187375160000	7	59	yes	54.2	163.9	20972	20821	13803	6701	0	39079	2692	116	1767	4453	1527	2920
August 17, 2007 11:27:00 AM UTC	1187375220000	6	60	yes	54.2	164.3	20972	20821	13803	6700	0	39080	2691	80	1794	4458	1429	3029
August 17, 2007 11:28:00 AM UTC	1187375280000	7	61	yes	54.2	164.7	20972	20821	13808	6643	0	39132	2709	117	1761	4464	1548	2915
August 17, 2007 11:29:00 AM UTC	1187375340000	6	62	yes	54.3	165.1	20972	20821	13805	6717	0	39061	2678	49	1731	4463	1378	3083
August 17, 2007 11:30:00 AM UTC	1187375400000	7	59	yes	54.3	165.5	20972	20821	13809	6694	0	39080	2689	93	1790	4474	1568	2905
August 17, 2007 11:31:00 AM UTC	1187375460000	7	60	yes	54.4	165.9	20972	20821	13809	6695	0	39079	2696	59	1800	4472	1542	2930
August 17, 2007 11:32:00 AM UTC	1187375520000	6	60	yes	54.4	166.4	20972	20821	13809	6695	0	39079	2694	81	1688	4474	1503	2968
August 17, 2007 11:33:00 AM UTC	1187375580000	6	60	yes	54.5	166.8	20972	20821	13810	6695	0	39078	2696	71	1816	4474	1483	2991
August 17, 2007 11:34:00 AM UTC	1187375640000	7	59	yes	54.5	167.2	20972	20821	13810	6695	0	39078	2694	86	1448	4478	1552	2914
August 17, 2007 11:35:00 AM UTC	1187375700000	7	58	yes	54.5	167.6	20972	20821	13812	6753	0	39018	2668	32	1450	4471	1615	2856
August 17, 2007 11:36:00 AM UTC	1187375760000	7	57	yes	54.6	168.0	20972	20821	13815	6669	0	39099	2714	48	1435	4484	1600	2855
August 17, 2007 11:37:00 AM UTC	1187375820000	7	58	yes	54.6	168.4	20972	20821	13801	6707	0	39075	2681	30	1454	4465	1611	2835
August 17, 2007 11:38:00 AM UTC	1187375880000	7	58	yes	54.6	168.8	20972	20821	13802	6691	0	39090	2697	61	1401	4470	1657	2784
August 17, 2007 11:39:00 AM UTC	1187375940000	7	56	yes	54.7	169.3	20972	20821	13806	6694	0	39083	2686	74	1304	4478	1658	2819
August 17, 2007 11:40:00 AM UTC	1187376000000	7	58	yes	54.7	169.7	20972	20821	13805	6693	0	39085	2695	48	1395	4480	1770	2708
August 17, 2007 11:41:00 AM UTC	1187376060000	7	56	yes	54.7	170.1	20972	20821	13823	6609	0	39151	2729	71	1210	4502	1739	2751
August 17, 2007 11:42:00 AM UTC	1187376120000	7	57	yes	54.7	170.5	20972	20821	13824	6690	0	39069	2700	61	1325	4494	1751	2719
August 17, 2007 11:43:00 AM UTC	1187376180000	7	56	yes	54.8	170.9	20972	20821	13821	6688	0	39074	2701	39	1277	4495	1818	2668
August 17, 2007 11:44:00 AM UTC	1187376240000	8	57	yes	54.8	171.4	20972	20821	13822	6688	0	39073	2694	71	1361	4502	1895	2590
August 17, 2007 11:45:00 AM UTC	1187376300000	8	57	yes	54.8	171.8	20972	20821	13826	6601	0	39156	2740	57	1346	4508	1944	2559
August 17, 2007 11:46:00 AM UTC	1187376360000	8	55	yes	54.8	172.2	20972	20821	13826	6570	0	39187	2746	77	1355	4514	1992	2518
August 17, 2007 11:47:00 AM UTC	1187376420000	8	56	yes	54.9	172.6	20972	20821	13810	6640	0	39133	2714	74	1296	4496	1942	2537
August 17, 2007 11:48:00 AM UTC	1187376480000	8	57	yes	54.9	173.0	20972	20821	13810	6717	0	39056	2685	80	1339	4492	2023	2468
August 17, 2007 11:49:00 AM UTC	1187376540000	8	56	yes	54.9	173.5	20972	20821	13811	6717	0	39055	2680	41	1418	4497	1987	2499
August 17, 2007 11:50:00 AM UTC	1187376600000	8	59	yes	54.9	173.9	20972	20821	13811	6717	0	39055	2686	65	1272	4496	1974	2521
August 17, 2007 11:51:00 AM UTC	1187376660000	8	58	yes	54.9	174.3	20972	20821	13812	6716	0	39055	2683	32	1188	4495	1933	2537
August 17, 2007 11:52:00 AM UTC	1187376720000	8	59	yes	55.0	174.7	20972	20821	13814	6708	0	39061	2686	48	1328	4503	1947	2539
August 17, 2007 11:53:00 AM UTC	1187376780000	8	61	yes	55.0	175.1	20972	20821	13815	6707	0	39061	2689	37	1261	4498	1865	2632
August 17, 2007 11:54:00 AM UTC	1187376840000	8	58	yes	55.0	175.6	20972	20821	13819	6601	0	39163	2731	81	1221	4504	2052	2452
August 17, 2007 11:55:00 AM UTC	1187376900000	9	59	yes	55.0	176.0	20972	20821	13830	6624	0	39129	2725	39	1267	4521	2004	2517
August 17, 2007 11:56:00 AM UTC	1187376960000	8	57	yes	55.0	176.4	20972	20821	13816	6687	0	39080	2696	39	1222	4503	2030	2473
August 17, 2007 11:57:00 AM UTC	1187377020000	9	54	yes	55.0	176.8	20972	20821	13816	6687	0	39080	2694	57	1396	4507	2167	2334
August 17, 2007 11:58:00 AM UTC	1187377080000	9	58	yes	55.0	177.3	20972	20821	13816	6687	0	39080	2691	40	1401	4507	2173	2320
August 17, 2007 11:59:00 AM UTC	1187377140000	10	57	yes	55.0	177.7	20972	20821	13816	6687	0	39080	2698	53	1496	4502	2397	2104
August 17, 2007 12:00:00 PM UTC	1187377200000	10	59	yes	55.0	178.1	20972	20821	13815	6687	0	39081	2695	31	1461	4506	2482	2019
August 17, 2007 12:01:00 PM UTC	1187377260000	10	57	yes	55.0	178.5	20972	20821	13816	6663	0	39104	2702	16	1247	4507	2782	1725
August 17, 2007 12:02:00 PM UTC	1187377320000	9	59	yes	55.0	179.0	20972	20821	13816	6662	0	39105	2699	26	1303	4508	2511	1990
August 17, 2007 12:03:00 PM UTC	1187377380000	10	59	yes	55.0	179.4	20972	20821	13817	6662	0	39104	2697	125	1572	4509	2469	2040
August 17, 2007 12:04:00 PM UTC	1187377440000	9	62	yes	55.0	179.8	20972	20821	13818	6662	0	39103	2696	308	1398	4505	2161	2344
August 17, 2007 12:05:00 PM UTC	1187377500000	10	65	yes	55.0	180.2	20972	20821	13818	6662	0	39103	2696	523	1374	4503	2175	2328
August 17, 2007 12:06:00 PM UTC	1187377560000	11	66	yes	55.0	180.7	20972	20821	13817	6662	0	39104	2700	468	1635	4506	2274	2232
August 17, 2007 12:07:00 PM UTC	1187377620000	9	53	yes	55.0	181.1	20972	20821	13816	6662	0	39105	2699	428	935	4505	2206	2297
August 17, 2007 12:08:00 PM UTC	1187377680000	11	59	yes	55.0	181.5	20972	20821	13816	6601	0	39166	2739	773	1271	4514	2373	2141
August 17, 2007 12:09:00 PM UTC	1187377740000	11	65	yes	55.0	181.9	20972	20821	13815	6685	0	39083	2697	402	1257	4508	2321	2187
August 17, 2007 12:10:00 PM UTC	1187377800000	10	68	yes	55.0	182.4	20972	20821	13816	6685	0	39082	2692	166	1433	4503	2279	2224
August 17, 2007 12:11:00 PM UTC	1187377860000	9	66	yes	55.0	182.8	20972	20821	13816	6685	0	39082	2691	39	1394	4506	2167	2339
August 17, 2007 12:12:00 PM UTC	1187377920000	10	63	yes	55.0	183.2	20972	20821	13816	6685	0	39082	2692	109	1450	4503	1910	2592
August 17, 2007 12:13:00 PM UTC	1187377980000	10	62	yes	55.0	183.6	20972	20821	13831	6619	0	39133	2728	317	1403	4516	1833	2673
August 17, 2007 12:14:00 PM UTC	1187378040000	9	51	yes	55.0	184.1	20972	20821	13816	6687	0	39080	2695	19	666	4505	1750	2735
August 17, 2007 12:15:00 PM UTC	1187378100000	9	59	yes	55.0	184.5	20972	20821	13818	6604	0	39161	2730	175	1918	4504	1925	2575
August 17, 2007 12:16:00 PM UTC	1187378160000	11	61	yes	55.0	184.9	20972	20821	13815	6705	0	39063	2687	338	1545	4501	2265	2236
August 17, 2007 12:17:00 PM UTC	1187378220000	10	62	yes	54.9	185.3	20972	20821	13814	6705	0	39064	2684	5	1252	4501	2564	1923
August 17, 2007 12:18:00 PM UTC	1187378280000	11	58	yes	54.9	185.7	20972	20821	13812	6712	0	39059	2687	13	1261	4494	2663	1825
August 17, 2007 12:19:00 PM UTC	1187378340000	10	60	yes	54.9	186.2	20972	20821	13811	6713	0	39059	2686	7	1316	4497	2816	1681
August 17, 2007 12:20:00 PM UTC	1187378400000	11	59	yes	54.9	186.6	20972	20821	13811	6713	0	39059	2683	36	1470	4495	2855	1640
August 17, 2007 12:21:00 PM UTC	1187378460000	11	58	yes	54.9	187.0	20972	20821	13810	6713	0	39060	2688	186	1295	4492	2831	1661
August 17, 2007 12:22:00 PM UTC	1187378520000	11	59	yes	54.9	187.4	20972	20821	13826	6568	0	39189	2746	219	1407	4510	2684	1826
August 17, 2007 12:23:00 PM UTC	1187378580000	10	60	yes	54.8	187.9	20972	20821	13826	6568	0	39189	2746	153	1451	4512	2645	1867
August 17, 2007 12:24:00 PM UTC	1187378640000	12	60	yes	54.8	188.3	20972	20821	13827	6590	0	39166	2743	458	1174	4510	2669	1841
August 17, 2007 12:25:00 PM UTC	1187378700000	13	58	yes	54.8	188.7	20972	20821	13822	6688	0	39073	2696	807	1000	4501	2820	1681
August 17, 2007 12:26:00 PM UTC	1187378760000	12	62	yes	54.8	189.1	20972	20821	13821	6686	0	39076	2701	440	1330	4497	2810	1687
August 17, 2007 12:27:00 PM UTC	1187378820000	12	60	yes	54.7	189.5	20972	20821	13807	6755	0	39021	2665	407	1025	4479	2829	1646
August 17, 2007 12:28:00 PM UTC	1187378880000	12	61	yes	54.7	189.9	20972	20821	13808	6681	0	39094	2688	415	1260	4487	2665	1822
August 17, 2007 12:29:00 PM UTC	1187378940000	12	58	yes	54.7	190.4	20972	20821	13805	6689	0	39089	2697	465	1222	4476	2374	2102
August 17, 2007 12:30:00 PM UTC	1187379000000	13	58	yes	54.6	190.8	20972	20821	13806	6692	0	39085	2688	434	1106	4469	2266	2203
August 17, 2007 12:31:00 PM UTC	1187379060000	13	59	yes	54.6	191.2	20972	20821	13802	6691	0	39090	2692	508	894	4471	2336	2135
August 17, 2007 12:32:00 PM UTC	1187379120000	12	52	yes	54.6	191.6	20972	20821	13815	6666	0	39102	2707	488	1166	4480	2213	2267
August 17, 2007 12:33:00 PM UTC	1187379180000	11	54	yes	54.5	192.0	20972	20821	13815	6666	0	39102	2714	495	1256	4483	2171	2274
August 17, 2007 12:34:00 PM UTC	1187379240000	11	54	yes	54.5	192.4	20972	20821	13811	6690	0	39082	2694	484	1195	4474	2201	2273
August 17, 2007 12:35:00 PM UTC	1187379300000	9	54	yes	54.5	192.9	20972	20821	13810	6691	0	39082	2698	253	1255	4474	2166	2306
August 17, 2007 12:36:00 PM UTC	1187379360000	9	52	yes	54.4	193.3	20972	20821	13810	6691	0	39082	2692	328	1030	4472	2159	2312
August 17, 2007 12:37:00 PM UTC	1187379420000	11	53	yes	54.4	193.7	20972	20821	13809	6691	0	39083	2695	502	1142	4472	2234	2229
August 17, 2007 12:38:00 PM UTC	1187379480000	10	54	yes	54.4	194.1	20972	20821	13809	6691	0	39083	2695	447	1242	4470	2258	2212
August 17, 2007 12:39:00 PM UTC	1187379540000	10	55	yes	54.3	194.5	20972	20821	13809	6690	0	39084	2689	446	1139	4475	2167	2306
August 17, 2007 12:40:00 PM UTC	1187379600000	10	55	yes	54.3	194.9	20972	20821	13805	6714	0	39064	2679	528	1081	4464	2141	2318
August 17, 2007 12:41:00 PM UTC	1187379660000	11	54	yes	54.2	195.3	20972	20821	13808	6638	0	39137	2710	736	912	4464	2238	2226
August 17, 2007 12:42:00 PM UTC	1187379720000	12	54	yes	54.2	195.7	20972	20821	13803	6695	0	39085	2694	873	718	4462	2436	2026
August 17, 2007 12:43:00 PM UTC	1187379780000	13	55	yes	54.1	196.1	20972	20821	13803	6696	0	39084	2689	767	760	4452	2450	2002
August 17, 2007 12:44:00 PM UTC	1187379840000	12	56	yes	54.1	196.6	20972	20821	13815	6716	0	39052	2689	590	1052	4463	2446	2016
August 17, 2007 12:45:00 PM UTC	1187379900000	12	56	yes	54.0	197.0	20972	20821	13816	6708	0	39059	2692	550	1018	4459	2417	2039
August 17, 2007 12:46:00 PM UTC	1187379960000	11	57	yes	54.0	197.4	20972	20821	13817	6721	0	39045	2675	413	1311	4453	2378	2075
August 17, 2007 12:47:00 PM UTC	1187380020000	11	59	yes	53.9	197.8	20972	20821	13812	6668	0	39103	2705	483	1182	4453	2462	1991
August 17, 2007 12:48:00 PM UTC	1187380080000	11	58	yes	53.9	198.2	20972	20821	13812	6668	0	39103	2699	445	1103	4453	2523	1930
August 17, 2007 12:49:00 PM UTC	1187380140000	12	56	yes	53.8	198.6	20972	20821	13805	6695	0	39083	2699	431	997	4438	2490	1948
August 17, 2007 12:50:00 PM UTC	1187380200000	13	56	yes	53.8	199.0	20972	20821	13811	6668	0	39104	2702	390	1067	4447	2517	1930
August 17, 2007 12:51:00 PM UTC	1187380260000	14	54	yes	53.7	199.4	20972	20821	13805	6695	0	39083	2694	368	1233	4436	2728	1708
August 17, 2007 12:52:00 PM UTC	1187380320000	13	55	yes	53.7	199.8	20972	20821	13808	6624	0	39151	2720	254	1288	4439	2718	1721
August 17, 2007 12:53:00 PM UTC	1187380380000	15	54	yes	53.6	200.2	20972	20821	13821	6607	0	39155	2731	161	1454	4446	2936	1510
August 17, 2007 12:54:00 PM UTC	1187380440000	13	57	yes	53.6	200.6	20972	20821	13815	6634	0	39134	2726	50	1512	4442	2817	1625
August 17, 2007 12:55:00 PM UTC	1187380500000	14	56	yes	53.5	201.0	20972	20821	13821	6610	0	39152	2734	40	1620	4442	2869	1572
August 17, 2007 12:56:00 PM UTC	1187380560000	13	53	yes	53.4	201.4	20972	20821	13815	6635	0	39133	2727	39	1565	4430	2793	1637
August 17, 2007 12:57:00 PM UTC	1187380620000	14	55	yes	53.4	201.8	20972	20821	13812	6716	0	39055	2685	22	1801	4425	2858	1567
August 17, 2007 12:58:00 PM UTC	1187380680000	13	57	yes	53.3	202.2	20972	20821	13808	6689	0	39086	2698	13	1888	4416	2865	1551
August 17, 2007 12:59:00 PM UTC	1187380740000	13	57	yes	53.2	202.6	20972	20821	13815	6663	0	39105	2710	43	1825	4419	2950	1469
August 17, 2007 1:00:00 PM UTC	1187380800000	14	57	yes	53.2	202.9	20972	20821	13809	6689	0	39085	2699	9	1922	4408	3075	1333
August 17, 2007 1:01:00 PM UTC	1187380860000	14	57	yes	53.1	203.3	20972	20821	13808	6689	0	39086	2698	18	1940	4404	3223	1181
August 17, 2007 1:02:00 PM UTC	1187380920000	15	58	yes	53.1	203.7	20972	20821	13803	6719	0	39061	2689	217	1872	4394	3284	1110
August 17, 2007 1:03:00 PM UTC	1187380980000	15	59	yes	53.0	204.1	20972	20821	13825	6624	0	39134	2728	161	2266	4411	3517	894
August 17, 2007 1:04:00 PM UTC	1187381040000	15	58	yes	52.9	204.5	20972	20821	13818	6602	0	39163	2736	15	2421	4402	3536	866
August 17, 2007 1:05:00 PM UTC	1187381100000	16	60	yes	52.8	204.9	20972	20821	13818	6602	0	39163	2729	29	2340	4399	3594	805
August 17, 2007 1:06:00 PM UTC	1187381160000	18	58	yes	52.8	205.3	20972	20821	13818	6601	0	39164	2732	220	2365	4399	3660	739
August 17, 2007 1:06:58 PM UTC	1187381218000	19	56	yes	52.7	205.6	20972	20821	13810	6684	0	39089	2702	803	1765	4381	3680	701
August 17, 2007 1:08:00 PM UTC	1187381280000	21	57	yes	52.6	206.0	20972	20821	13810	6684	0	39089	2707	1121	1517	4375	3788	587
August 17, 2007 1:09:00 PM UTC	1187381340000	21	58	yes	52.6	206.4	20972	20821	13802	6718	0	39063	2693	1124	1533	4370	3864	506
August 17, 2007 1:10:00 PM UTC	1187381400000	21	58	yes	52.5	206.8	20972	20821	13825	6575	0	39183	2751	1166	1565	4384	3962	422
August 17, 2007 1:11:00 PM UTC	1187381460000	21	58	yes	52.4	207.2	20972	20821	13817	6611	0	39155	2743	1147	1526	4373	3892	481
August 17, 2007 1:12:00 PM UTC	1187381520000	20	54	yes	52.3	207.6	20972	20821	13818	6611	0	39154	2729	1124	1554	4372	3853	519
August 17, 2007 1:13:00 PM UTC	1187381580000	19	59	yes	52.3	207.9	20972	20821	13806	6667	0	39110	2711	910	1801	4355	3833	522
August 17, 2007 1:14:00 PM UTC	1187381640000	18	60	yes	52.2	208.3	20972	20821	13803	6674	0	39106	2700	960	1740	4353	3388	965
August 17, 2007 1:15:00 PM UTC	1187381700000	18	61	yes	52.1	208.7	20972	20821	13808	6718	0	39057	2682	1357	1325	4347	3422	925
August 17, 2007 1:16:00 PM UTC	1187381760000	17	62	yes	52.0	209.1	20972	20821	13817	6650	0	39116	2717	920	1797	4353	3437	916
August 17, 2007 1:17:00 PM UTC	1187381820000	17	62	yes	51.9	209.4	20972	20821	13809	6685	0	39089	2694	739	1924	4338	3390	948
August 17, 2007 1:18:00 PM UTC	1187381880000	18	59	yes	51.9	209.8	20972	20821	13800	6732	0	39051	2685	708	1930	4322	3384	938
August 17, 2007 1:19:00 PM UTC	1187381940000	18	56	yes	51.8	210.2	20972	20821	13809	6685	0	39089	2702	870	1733	4328	3510	818
August 17, 2007 1:20:00 PM UTC	1187382000000	19	59	yes	51.7	210.5	20972	20821	13816	6660	0	39107	2717	818	1792	4323	3512	811
August 17, 2007 1:21:00 PM UTC	1187382060000	19	59	yes	51.6	210.9	20972	20821	13822	6622	0	39139	2737	705	1931	4322	3547	775
August 17, 2007 1:22:00 PM UTC	1187382120000	19	59	yes	51.5	211.3	20972	20821	13815	6626	0	39142	2726	615	1902	4314	3591	723
August 17, 2007 1:23:00 PM UTC	1187382180000	19	56	yes	51.4	211.6	20972	20821	13815	6626	0	39142	2728	564	1936	4307	3546	761
August 17, 2007 1:24:00 PM UTC	1187382240000	20	48	yes	51.3	212.0	20972	20821	13815	6626	0	39142	2729	902	1422	4304	3394	910
August 17, 2007 1:25:00 PM UTC	1187382300000	20	52	yes	51.2	212.4	20972	20821	13805	6665	0	39113	2707	937	1250	4286	3444	842
August 17, 2007 1:26:00 PM UTC	1187382360000	21	50	yes	51.2	212.7	20972	20821	13805	6724	0	39054	2690	1134	1372	4281	3391	890
August 17, 2007 1:27:00 PM UTC	1187382420000	22	53	yes	51.1	213.1	20972	20821	13805	6724	0	39054	2693	1433	1021	4276	3208	1068
August 17, 2007 1:28:00 PM UTC	1187382480000	21	56	yes	51.0	213.4	20972	20821	13818	6630	0	39135	2722	1155	1448	4284	3034	1250
August 17, 2007 1:29:00 PM UTC	1187382540000	20	56	yes	50.9	213.8	20972	20821	13818	6631	0	39134	2733	928	1697	4273	2964	1309
August 17, 2007 1:30:00 PM UTC	1187382600000	19	56	yes	50.8	214.2	20972	20821	13810	6673	0	39100	2702	443	1946	4265	2840	1425
August 17, 2007 1:31:00 PM UTC	1187382660000	18	55	yes	50.7	214.5	20972	20821	13810	6673	0	39100	2713	754	1680	4265	2734	1531
August 17, 2007 1:32:00 PM UTC	1187382720000	19	56	yes	50.6	214.9	20972	20821	13810	6673	0	39100	2703	982	1557	4244	2517	1727
August 17, 2007 1:33:00 PM UTC	1187382780000	18	58	yes	50.5	215.2	20972	20821	13810	6673	0	39100	2711	746	1772	4245	2613	1632
August 17, 2007 1:34:00 PM UTC	1187382840000	17	59	yes	50.4	215.6	20972	20821	13825	6595	0	39163	2745	376	2178	4249	2497	1752
August 17, 2007 1:35:00 PM UTC	1187382900000	17	59	yes	50.3	215.9	20972	20821	13814	6638	0	39131	2725	719	1746	4231	2272	1959
August 17, 2007 1:36:00 PM UTC	1187382960000	16	59	yes	50.2	216.3	20972	20821	13812	6652	0	39119	2727	465	2050	4226	2246	1980
August 17, 2007 1:37:00 PM UTC	1187383020000	15	59	yes	50.1	216.6	20972	20821	13815	6638	0	39130	2728	417	2049	4220	2003	2217
August 17, 2007 1:38:00 PM UTC	1187383080000	14	58	yes	50.0	217.0	20972	20821	13815	6638	0	39130	2733	88	2382	4208	1977	2226
August 17, 2007 1:39:00 PM UTC	1187383140000	14	60	yes	49.9	217.3	20972	20821	13816	6637	0	39130	2727	215	2243	4205	2152	2053
August 17, 2007 1:40:00 PM UTC	1187383200000	13	57	yes	49.8	217.6	20972	20821	13822	6570	0	39191	2755	131	2116	4212	1990	2222
August 17, 2007 1:41:00 PM UTC	1187383260000	13	58	yes	49.7	218.0	20972	20821	13816	6620	0	39147	2734	93	2234	4193	1797	2396
August 17, 2007 1:42:00 PM UTC	1187383320000	12	59	yes	49.6	218.3	20972	20821	13807	6661	0	39115	2709	133	2234	4182	1704	2477
August 17, 2007 1:43:00 PM UTC	1187383380000	11	62	yes	49.5	218.7	20972	20821	13820	6606	0	39157	2741	146	2167	4181	1546	2633
August 17, 2007 1:44:00 PM UTC	1187383440000	11	60	yes	49.4	219.0	20972	20821	13820	6606	0	39157	2742	126	2201	4170	1598	2557
August 17, 2007 1:45:00 PM UTC	1187383500000	10	60	yes	49.3	219.3	20972	20821	13810	6652	0	39121	2715	119	1998	4160	1592	2565
August 17, 2007 1:46:00 PM UTC	1187383560000	10	61	yes	49.2	219.7	20972	20821	13823	6549	0	39211	2767	74	2151	4157	1591	2547
August 17, 2007 1:47:00 PM UTC	1187383620000	10	61	yes	49.1	220.0	20972	20821	13810	6635	0	39138	2725	172	1874	4139	1501	2638
August 17, 2007 1:48:00 PM UTC	1187383680000	9	63	yes	49.0	220.3	20972	20821	13823	6582	0	39178	2753	179	1873	4134	1459	2670
August 17, 2007 1:49:00 PM UTC	1187383740000	9	60	yes	48.9	220.7	20972	20821	13811	6636	0	39136	2732	120	1926	4119	1460	2650
August 17, 2007 1:50:00 PM UTC	1187383800000	9	62	yes	48.8	221.0	20972	20821	13822	6582	0	39179	2748	80	1923	4126	1410	2716
August 17, 2007 1:51:00 PM UTC	1187383860000	9	62	yes	48.6	221.3	20972	20821	13811	6630	0	39142	2735	77	2014	4109	1314	2782
August 17, 2007 1:52:00 PM UTC	1187383920000	8	62	yes	48.5	221.7	20972	20821	13835	6479	0	39269	2802	50	2036	4121	1299	2810
August 17, 2007 1:53:00 PM UTC	1187383980000	8	60	yes	48.4	222.0	20972	20821	13813	6581	0	39189	2749	1	2116	4101	1252	2849
August 17, 2007 1:54:00 PM UTC	1187384040000	8	64	yes	48.3	222.3	20972	20821	13821	6576	0	39186	2757	0	2029	4088	1267	2821
August 17, 2007 1:55:00 PM UTC	1187384100000	8	62	yes	48.2	222.6	20972	20821	13822	6571	0	39190	2761	0	2142	4086	1242	2831
August 17, 2007 1:56:00 PM UTC	1187384160000	8	61	yes	48.1	223.0	20972	20821	13808	6623	0	39152	2741	0	2075	4065	1334	2731
August 17, 2007 1:57:00 PM UTC	1187384220000	8	64	yes	48.0	223.3	20972	20821	13821	6572	0	39190	2766	0	2148	4061	1224	2828
August 17, 2007 1:58:00 PM UTC	1187384280000	8	64	yes	47.9	223.6	20972	20821	13809	6621	0	39153	2732	0	2112	4049	1270	2773
August 17, 2007 1:59:00 PM UTC	1187384340000	8	64	yes	47.7	223.9	20972	20821	13822	6580	0	39181	2763	0	2146	4044	1359	2684
August 17, 2007 2:00:00 PM UTC	1187384400000	8	65	yes	47.6	224.2	20972	20821	13810	6618	0	39155	2734	0	2199	4026	1288	2738
August 17, 2007 2:01:00 PM UTC	1187384460000	9	65	yes	47.5	224.6	20972	20821	13822	6568	0	39193	2759	0	2208	4035	1396	2638
August 17, 2007 2:02:00 PM UTC	1187384520000	8	64	yes	47.4	224.9	20972	20821	13796	6670	0	39117	2711	0	2199	4012	1278	2730
August 17, 2007 2:03:00 PM UTC	1187384580000	8	65	yes	47.3	225.2	20972	20821	13822	6568	0	39193	2761	0	2208	4013	1349	2663
August 17, 2007 2:04:00 PM UTC	1187384640000	8	66	yes	47.2	225.5	20972	20821	13811	6618	0	39154	2741	0	2117	3993	1293	2700
August 17, 2007 2:05:00 PM UTC	1187384700000	8	66	yes	47.0	225.8	20972	20821	13822	6568	0	39193	2766	0	2182	3992	1384	2608
August 17, 2007 2:06:00 PM UTC	1187384760000	9	65	yes	46.9	226.1	20972	20821	13812	6566	0	39205	2761	0	2188	3980	1430	2545
August 17, 2007 2:07:00 PM UTC	1187384820000	9	66	yes	46.8	226.4	20972	20821	13822	6577	0	39184	2768	1	2154	3970	1405	2560
August 17, 2007 2:08:00 PM UTC	1187384880000	9	66	yes	46.7	226.7	20972	20821	13812	6626	0	39145	2739	0	2321	3953	1468	2485
August 17, 2007 2:09:00 PM UTC	1187384940000	9	67	yes	46.6	227.0	20972	20821	13822	6577	0	39184	2760	0	2341	3956	1523	2433
August 17, 2007 2:10:00 PM UTC	1187385000000	9	68	yes	46.4	227.3	20972	20821	13809	6631	0	39143	2728	3	2410	3937	1506	2431
August 17, 2007 2:11:00 PM UTC	1187385060000	10	67	yes	46.3	227.7	20972	20821	13822	6577	0	39184	2763	1	2437	3938	1364	2574
August 17, 2007 2:12:00 PM UTC	1187385120000	10	66	yes	46.2	228.0	20972	20821	13810	6599	0	39174	2751	2	2394	3921	1369	2548
August 17, 2007 2:13:00 PM UTC	1187385180000	10	66	yes	46.1	228.3	20972	20821	13822	6545	0	39216	2787	13	2409	3916	1472	2444
August 17, 2007 2:14:00 PM UTC	1187385240000	10	69	yes	45.9	228.6	20972	20821	13810	6641	0	39132	2735	7	2388	3897	1422	2475
August 17, 2007 2:15:00 PM UTC	1187385300000	10	66	yes	45.8	228.9	20972	20821	13820	6595	0	39168	2761	1	2361	3887	1397	2490
August 17, 2007 2:16:00 PM UTC	1187385360000	10	68	yes	45.7	229.2	20972	20821	13820	6595	0	39168	2767	5	2332	3881	1410	2471
August 17, 2007 2:17:00 PM UTC	1187385420000	10	67	yes	45.6	229.5	20972	20821	13820	6595	0	39168	2764	11	2529	3877	1419	2458
August 17, 2007 2:18:00 PM UTC	1187385480000	10	66	yes	45.4	229.8	20972	20821	13808	6654	0	39121	2735	18	2372	3856	1435	2421
August 17, 2007 2:19:00 PM UTC	1187385540000	10	66	yes	45.3	230.0	20972	20821	13820	6571	0	39192	2773	4	2470	3858	1440	2418
August 17, 2007 2:20:00 PM UTC	1187385600000	11	67	yes	45.2	230.3	20972	20821	13821	6558	0	39204	2777	11	2457	3847	1452	2395
August 17, 2007 2:21:00 PM UTC	1187385660000	10	66	yes	45.1	230.6	20972	20821	13819	6571	0	39193	2777	5	2468	3833	1449	2384
August 17, 2007 2:22:00 PM UTC	1187385720000	10	68	yes	44.9	230.9	20972	20821	13817	6621	0	39145	2757	13	2554	3819	1432	2387
August 17, 2007 2:23:00 PM UTC	1187385780000	10	70	yes	44.8	231.2	20972	20821	13818	6621	0	39144	2758	17	2680	3809	1485	2324
August 17, 2007 2:24:00 PM UTC	1187385840000	10	68	yes	44.7	231.5	20972	20821	13818	6621	0	39144	2760	46	2566	3794	1564	2230
August 17, 2007 2:25:00 PM UTC	1187385900000	10	69	yes	44.5	231.8	20972	20821	13817	6621	0	39145	2759	41	2663	3786	1561	2225
August 17, 2007 2:26:00 PM UTC	1187385960000	10	69	yes	44.4	232.1	20972	20821	13814	6650	0	39119	2741	26	2641	3773	1507	2266
August 17, 2007 2:27:00 PM UTC	1187386020000	11	68	yes	44.3	232.4	20972	20821	13818	6588	0	39177	2781	35	2632	3767	1496	2271
August 17, 2007 2:28:00 PM UTC	1187386080000	10	71	yes	44.1	232.7	20972	20821	13815	6604	0	39164	2767	152	2576	3752	1478	2274
August 17, 2007 2:29:00 PM UTC	1187386140000	11	68	yes	44.0	232.9	20972	20821	13805	6646	0	39132	2751	239	2466	3735	1535	2200
August 17, 2007 2:30:00 PM UTC	1187386200000	11	69	yes	43.9	233.2	20972	20821	13812	6662	0	39109	2744	211	2488	3729	1516	2213
August 17, 2007 2:31:00 PM UTC	1187386260000	11	68	yes	43.7	233.5	20972	20821	13812	6661	0	39110	2749	242	2462	3714	1587	2127
August 17, 2007 2:32:00 PM UTC	1187386320000	11	70	yes	43.6	233.8	20972	20821	13812	6661	0	39110	2757	323	2401	3709	1510	2199
August 17, 2007 2:33:00 PM UTC	1187386380000	11	69	yes	43.5	234.1	20972	20821	13820	6620	0	39143	2771	290	2445	3690	1535	2155
August 17, 2007 2:34:00 PM UTC	1187386440000	11	71	yes	43.3	234.3	20972	20821	13808	6653	0	39122	2754	263	2421	3697	1413	2284
August 17, 2007 2:35:00 PM UTC	1187386500000	11	72	yes	43.2	234.6	20972	20821	13821	6593	0	39169	2785	810	1970	3673	1582	2091
August 17, 2007 2:36:00 PM UTC	1187386560000	12	72	yes	43.1	234.9	20972	20821	13806	6654	0	39123	2761	823	1938	3671	1585	2086
August 17, 2007 2:37:00 PM UTC	1187386620000	12	71	yes	42.9	235.2	20972	20821	13811	6688	0	39084	2746	854	1890	3648	1622	2026
August 17, 2007 2:38:00 PM UTC	1187386680000	12	72	yes	42.8	235.4	20972	20821	13806	6709	0	39068	2736	958	1778	3644	1658	1986
August 17, 2007 2:39:00 PM UTC	1187386740000	12	71	yes	42.7	235.7	20972	20821	13806	6709	0	39068	2736	993	1743	3621	1562	2059
August 17, 2007 2:40:00 PM UTC	1187386800000	12	71	yes	42.5	236.0	20972	20821	13828	6604	0	39151	2791	1063	1728	3627	1612	2015
August 17, 2007 2:41:00 PM UTC	1187386860000	12	69	yes	42.4	236.3	20972	20821	13805	6709	0	39069	2746	999	1747	3596	1599	1997
August 17, 2007 2:42:00 PM UTC	1187386920000	13	69	yes	42.2	236.5	20972	20821	13815	6644	0	39124	2770	1023	1747	3597	1618	1979
August 17, 2007 2:43:00 PM UTC	1187386980000	12	71	yes	42.1	236.8	20972	20821	13815	6644	0	39124	2774	1115	1659	3583	1584	1999
August 17, 2007 2:44:00 PM UTC	1187387040000	12	69	yes	42.0	237.1	20972	20821	13814	6643	0	39126	2779	1140	1637	3566	1592	1974
August 17, 2007 2:45:00 PM UTC	1187387100000	12	68	yes	41.8	237.3	20972	20821	13814	6643	0	39126	2784	1171	1613	3559	1653	1906
August 17, 2007 2:46:00 PM UTC	1187387160000	12	68	yes	41.7	237.6	20972	20821	13822	6660	0	39101	2778	1205	1568	3549	1642	1907
August 17, 2007 2:47:00 PM UTC	1187387220000	12	68	yes	41.5	237.9	20972	20821	13808	6667	0	39108	2758	1146	1611	3530	1629	1901
August 17, 2007 2:48:00 PM UTC	1187387280000	12	68	yes	41.4	238.1	20972	20821	13820	6604	0	39159	2790	1338	1450	3525	1593	1932
August 17, 2007 2:49:00 PM UTC	1187387340000	13	68	yes	41.3	238.4	20972	20821	13808	6666	0	39109	2755	1319	1432	3512	1668	1844
August 17, 2007 2:50:00 PM UTC	1187387400000	13	66	yes	41.1	238.7	20972	20821	13817	6609	0	39157	2800	1386	1411	3495	1553	1942
August 17, 2007 2:51:00 PM UTC	1187387460000	13	67	yes	41.0	238.9	20972	20821	13810	6640	0	39133	2774	1336	1437	3480	1620	1860
August 17, 2007 2:52:00 PM UTC	1187387520000	13	68	yes	40.8	239.2	20972	20821	13808	6645	0	39130	2774	1477	1297	3473	1687	1786
August 17, 2007 2:53:00 PM UTC	1187387580000	13	67	yes	40.7	239.4	20972	20821	13817	6609	0	39157	2802	1525	1277	3458	1659	1799
August 17, 2007 2:54:00 PM UTC	1187387640000	13	67	yes	40.5	239.7	20972	20821	13814	6671	0	39098	2772	1512	1260	3447	1573	1874
August 17, 2007 2:55:00 PM UTC	1187387700000	13	66	yes	40.4	240.0	20972	20821	13801	6734	0	39048	2731	1496	1235	3435	1623	1812
August 17, 2007 2:56:00 PM UTC	1187387760000	14	68	yes	40.3	240.2	20972	20821	13816	6670	0	39097	2773	1575	1198	3421	1657	1764
August 17, 2007 2:57:00 PM UTC	1187387820000	13	68	yes	40.1	240.5	20972	20821	13801	6734	0	39048	2744	1518	1226	3405	1660	1745
August 17, 2007 2:58:00 PM UTC	1187387880000	14	67	yes	40.0	240.7	20972	20821	13824	6616	0	39143	2807	1661	1146	3397	1679	1718
August 17, 2007 2:59:00 PM UTC	1187387940000	14	65	yes	39.8	241.0	20972	20821	13801	6715	0	39067	2756	1624	1132	3380	1605	1775
August 17, 2007 3:00:00 PM UTC	1187388000000	14	66	yes	39.7	241.2	20972	20821	13810	6681	0	39092	2778	1630	1148	3368	1673	1695
August 17, 2007 3:01:00 PM UTC	1187388060000	14	65	yes	39.5	241.5	20972	20821	13813	6604	0	39166	2792	1657	1134	3364	1644	1720
August 17, 2007 3:02:00 PM UTC	1187388120000	14	65	yes	39.4	241.7	20972	20821	13811	6606	0	39166	2806	1737	1069	3343	1696	1647
August 17, 2007 3:03:00 PM UTC	1187388180000	14	65	yes	39.2	242.0	20972	20821	13810	6669	0	39104	2773	1789	984	3334	1711	1623
August 17, 2007 3:04:00 PM UTC	1187388240000	14	65	yes	39.1	242.2	20972	20821	13809	6669	0	39105	2780	1714	1066	3324	1619	1705
August 17, 2007 3:05:00 PM UTC	1187388300000	14	64	yes	38.9	242.5	20972	20821	13809	6669	0	39105	2780	1733	1047	3312	1646	1666
August 17, 2007 3:06:00 PM UTC	1187388360000	15	63	yes	38.8	242.7	20972	20821	13817	6633	0	39133	2808	1822	986	3299	1633	1666
August 17, 2007 3:07:00 PM UTC	1187388420000	14	63	yes	38.6	243.0	20972	20821	13793	6713	0	39077	2751	1820	931	3287	1652	1635
August 17, 2007 3:08:00 PM UTC	1187388480000	14	64	yes	38.5	243.2	20972	20821	13817	6616	0	39150	2808	1893	915	3273	1772	1501
August 17, 2007 3:09:00 PM UTC	1187388540000	15	64	yes	38.3	243.5	20972	20821	13802	6682	0	39099	2784	1844	940	3256	1654	1602
August 17, 2007 3:10:00 PM UTC	1187388600000	15	63	yes	38.2	243.7	20972	20821	13817	6616	0	39150	2813	1942	871	3242	1744	1498
August 17, 2007 3:11:00 PM UTC	1187388660000	15	63	yes	38.0	244.0	20972	20821	13825	6584	0	39174	2829	2012	816	3239	1812	1427
August 17, 2007 3:12:00 PM UTC	1187388720000	15	62	yes	37.9	244.2	20972	20821	13804	6681	0	39098	2778	1976	802	3218	1756	1462
August 17, 2007 3:13:00 PM UTC	1187388780000	15	62	yes	37.7	244.4	20972	20821	13815	6682	0	39086	2786	1929	857	3215	1828	1387
August 17, 2007 3:14:00 PM UTC	1187388840000	16	61	yes	37.6	244.7	20972	20821	13808	6665	0	39110	2776	2001	775	3201	1852	1349
August 17, 2007 3:15:00 PM UTC	1187388900000	16	62	yes	37.4	244.9	20972	20821	13824	6597	0	39162	2810	2125	685	3190	1818	1372
August 17, 2007 3:16:00 PM UTC	1187388960000	16	62	yes	37.3	245.2	20972	20821	13815	6620	0	39148	2809	2144	665	3179	1872	1307
August 17, 2007 3:17:00 PM UTC	1187389020000	16	63	yes	37.1	245.4	20972	20821	13809	6649	0	39125	2782	2059	723	3168	1921	1247
August 17, 2007 3:18:00 PM UTC	1187389080000	17	63	yes	37.0	245.6	20972	20821	13809	6649	0	39125	2777	2133	644	3162	1935	1227
August 17, 2007 3:19:00 PM UTC	1187389140000	17	62	yes	36.8	245.9	20972	20821	13815	6621	0	39147	2792	2172	620	3152	1960	1192
August 17, 2007 3:20:00 PM UTC	1187389200000	17	62	yes	36.7	246.1	20972	20821	13815	6621	0	39147	2788	2146	642	3140	2000	1140
August 17, 2007 3:21:00 PM UTC	1187389260000	17	61	yes	36.5	246.4	20972	20821	13815	6621	0	39147	2794	2365	429	3128	2004	1124
August 17, 2007 3:22:00 PM UTC	1187389320000	17	60	yes	36.4	246.6	20972	20821	13815	6621	0	39147	2783	2331	452	3118	2011	1107
August 17, 2007 3:23:00 PM UTC	1187389380000	18	60	yes	36.2	246.8	20972	20821	13813	6687	0	39083	2761	2318	443	3112	2089	1023
August 17, 2007 3:24:00 PM UTC	1187389440000	18	61	yes	36.1	247.1	20972	20821	13799	6754	0	39030	2717	2273	444	3106	2116	990
August 17, 2007 3:25:00 PM UTC	1187389500000	18	59	yes	35.9	247.3	20972	20821	13816	6661	0	39106	2760	2320	440	3098	2055	1043
August 17, 2007 3:26:00 PM UTC	1187389560000	18	60	yes	35.8	247.5	20972	20821	13805	6715	0	39063	2739	2335	404	3089	2237	852
August 17, 2007 3:27:00 PM UTC	1187389620000	19	61	yes	35.6	247.8	20972	20821	13821	6648	0	39114	2766	2434	332	3080	2267	813
August 17, 2007 3:28:00 PM UTC	1187389680000	19	60	yes	35.5	248.0	20972	20821	13805	6716	0	39062	2726	2645	81	3073	2198	875
August 17, 2007 3:29:00 PM UTC	1187389740000	21	59	yes	35.3	248.2	20972	20821	13826	6621	0	39136	2771	2552	219	3070	2246	824
August 17, 2007 3:30:00 PM UTC	1187389800000	22	58	yes	35.2	248.5	20972	20821	13806	6635	0	39142	2738	2447	291	3058	2480	578
August 17, 2007 3:31:00 PM UTC	1187389860000	21	58	yes	35.0	248.7	20972	20821	13808	6635	0	39140	2739	2430	309	3049	2359	690
August 17, 2007 3:32:00 PM UTC	1187389920000	21	58	yes	34.8	248.9	20972	20821	13813	6608	0	39162	2735	2481	254	3049	2288	761
August 17, 2007 3:33:00 PM UTC	1187389980000	21	58	yes	34.7	249.1	20972	20821	13812	6679	0	39092	2717	2391	326	3037	2414	623
August 17, 2007 3:34:00 PM UTC	1187390040000	19	54	yes	34.5	249.4	20972	20821	13812	6679	0	39092	2706	2529	177	3035	2439	596
August 17, 2007 3:35:00 PM UTC	1187390100000	22	56	yes	34.4	249.6	20972	20821	13812	6671	0	39100	2704	2657	47	3033	2656	377
August 17, 2007 3:36:00 PM UTC	1187390160000	22	56	yes	34.2	249.8	20972	20821	13818	6601	0	39164	2727	2640	87	3020	2610	410
August 17, 2007 3:37:00 PM UTC	1187390220000	21	58	yes	34.1	250.0	20972	20821	13813	6626	0	39144	2702	2676	26	3015	2532	483
August 17, 2007 3:38:00 PM UTC	1187390280000	21	56	yes	33.9	250.3	20972	20821	13813	6626	0	39144	2701	2669	32	3009	2574	435
August 17, 2007 3:39:00 PM UTC	1187390340000	21	56	yes	33.7	250.5	20972	20821	13812	6626	0	39145	2690	2665	25	3005	2582	423
August 17, 2007 3:40:00 PM UTC	1187390400000	22	55	yes	33.6	250.7	20972	20821	13802	6686	0	39095	2656	2620	36	2994	2426	568
August 17, 2007 3:41:00 PM UTC	1187390460000	23	56	yes	33.4	250.9	20972	20821	13818	6599	0	39166	2697	2655	42	2990	2624	366
August 17, 2007 3:42:00 PM UTC	1187390520000	23	56	yes	33.3	251.2	20972	20821	13805	6653	0	39125	2655	2610	45	2984	2719	265
August 17, 2007 3:43:00 PM UTC	1187390580000	24	54	yes	33.1	251.4	20972	20821	13824	6575	0	39184	2701	2677	24	2974	2796	178
August 17, 2007 3:44:00 PM UTC	1187390640000	24	55	yes	33.0	251.6	20972	20821	13804	6721	0	39058	2623	2531	92	2977	2694	283
August 17, 2007 3:45:00 PM UTC	1187390700000	23	55	yes	32.8	251.8	20972	20821	13817	6664	0	39102	2649	2555	94	2972	2618	354
August 17, 2007 3:46:00 PM UTC	1187390760000	23	56	yes	32.6	252.0	20972	20821	13801	6733	0	39049	2610	2578	32	2965	2544	421
August 17, 2007 3:47:00 PM UTC	1187390820000	22	55	yes	32.5	252.3	20972	20821	13821	6643	0	39119	2648	2645	3	2958	2410	548
August 17, 2007 3:48:00 PM UTC	1187390880000	23	56	yes	32.3	252.5	20972	20821	13805	6715	0	39063	2607	2607	0	2955	2708	247
August 17, 2007 3:49:00 PM UTC	1187390940000	24	56	yes	32.2	252.7	20972	20821	13805	6714	0	39064	2597	2597	0	2953	2736	217
August 17, 2007 3:50:00 PM UTC	1187391000000	24	57	yes	32.0	252.9	20972	20821	13805	6714	0	39064	2590	2590	0	2948	2800	148
August 17, 2007 3:51:00 PM UTC	1187391060000	25	55	yes	31.9	253.1	20972	20821	13810	6693	0	39080	2595	2595	0	2941	2709	232
August 17, 2007 3:52:00 PM UTC	1187391120000	26	54	yes	31.7	253.3	20972	20821	13810	6693	0	39080	2580	2580	0	2941	2814	127
August 17, 2007 3:53:00 PM UTC	1187391180000	25	55	yes	31.5	253.6	20972	20821	13809	6701	0	39073	2570	2570	0	2938	2823	115
August 17, 2007 3:54:00 PM UTC	1187391240000	25	55	yes	31.4	253.8	20972	20821	13812	6607	0	39164	2585	2582	3	2936	2894	42
August 17, 2007 3:55:00 PM UTC	1187391300000	25	55	yes	31.2	254.0	20972	20821	13808	6688	0	39087	2551	2551	0	2936	2756	180
August 17, 2007 3:56:00 PM UTC	1187391360000	26	56	yes	31.1	254.2	20972	20821	13810	6645	0	39128	2562	2562	0	2926	2751	175
August 17, 2007 3:57:00 PM UTC	1187391420000	26	57	yes	30.9	254.4	20972	20821	13810	6645	0	39128	2551	2551	0	2923	2748	175
August 17, 2007 3:58:00 PM UTC	1187391480000	31	55	yes	30.7	254.6	20972	20821	13810	6645	0	39128	2535	2535	0	2931	2866	65
August 17, 2007 3:59:00 PM UTC	1187391540000	34	53	yes	30.6	254.8	20972	20821	13811	6643	0	39129	2534	2534	0	2916	2824	92
August 17, 2007 4:00:00 PM UTC	1187391600000	34	43	no	30.4	255.1	20972	20821	13815	6627	0	39141	2531	2531	0	2918	2859	59
August 17, 2007 4:01:00 PM UTC	1187391660000	37	41	no	30.3	255.3	20972	20821	13815	6627	0	39141	2518	2518	0	2917	2917	0
August 17, 2007 4:02:00 PM UTC	1187391720000	41	45	yes	30.1	255.5	20972	20821	13802	6698	0	39083	2476	2476	0	2913	2913	0
August 17, 2007 4:03:00 PM UTC	1187391780000	44	41	yes	29.9	255.7	20972	20821	13815	6625	0	39143	2498	2498	0	2916	2916	0
August 17, 2007 4:04:00 PM UTC	1187391840000	46	45	yes	29.8	255.9	20972	20821	13798	6696	0	39089	2453	2453	0	2913	2913	0
August 17, 2007 4:05:00 PM UTC	1187391900000	50	36	yes	29.6	256.1	20972	20821	13819	6607	0	39157	2494	2494	0	2908	2886	22
August 17, 2007 4:06:00 PM UTC	1187391960000	54	35	no	29.4	256.3	20972	20821	13803	6677	0	39103	2449	2449	0	2904	2904	0
August 17, 2007 4:07:00 PM UTC	1187392020000	61	35	yes	29.3	256.5	20972	20821	13817	6685	0	39081	2450	2450	0	2910	2910	0
August 17, 2007 4:08:00 PM UTC	1187392080000	75	22	yes	29.1	256.7	20972	20821	13802	6755	0	39026	2412	2412	0	2905	2905	0
August 17, 2007 4:09:00 PM UTC	1187392140000	82	18	yes	29.0	256.9	20972	20821	13818	6681	0	39084	2440	2440	0	2901	2901	0
August 17, 2007 4:10:00 PM UTC	1187392200000	81	19	yes	28.8	257.2	20972	20821	13806	6739	0	39038	2397	2395	2	2903	2903	0
August 17, 2007 4:11:00 PM UTC	1187392260000	89	11	no	28.6	257.4	20972	20821	13817	6681	0	39085	2416	2399	17	2903	2902	1
August 17, 2007 4:12:00 PM UTC	1187392320000	92	8	no	28.5	257.6	20972	20821	13801	6753	0	39029	2371	2371	0	2900	2879	21
August 17, 2007 4:13:00 PM UTC	1187392380000	93	7	yes	28.3	257.8	20972	20821	13817	6683	0	39083	2391	2391	0	2903	2903	0
August 17, 2007 4:14:00 PM UTC	1187392440000	97	3	yes	28.1	258.0	20972	20821	13801	6716	0	39066	2352	2352	0	2896	2896	0
August 17, 2007 4:15:00 PM UTC	1187392500000	99	1	yes	28.0	258.2	20972	20821	13820	6644	0	39119	2376	2376	0	2898	2898	0
August 17, 2007 4:16:00 PM UTC	1187392560000	100	0	yes	27.8	258.4	20972	20821	13808	6611	0	39164	2357	2357	0	2902	2902	0
August 17, 2007 4:17:00 PM UTC	1187392620000	94	6	yes	27.7	258.6	20972	20821	13823	6551	0	39209	2379	2379	0	2894	2894	0
August 17, 2007 4:18:00 PM UTC	1187392680000	96	4	no	27.5	258.8	20972	20821	13807	6623	0	39153	2328	2328	0	2897	2897	0
August 17, 2007 4:19:00 PM UTC	1187392740000	96	4	yes	27.3	259.0	20972	20821	13824	6554	0	39205	2358	2358	0	2896	2896	0
August 17, 2007 4:20:00 PM UTC	1187392800000	89	11	yes	27.2	259.2	20972	20821	13807	6699	0	39077	2295	2295	0	2897	2897	0
August 17, 2007 4:21:00 PM UTC	1187392860000	80	20	yes	27.0	259.4	20972	20821	13825	6621	0	39137	2319	2319	0	2900	2900	0
August 17, 2007 4:22:00 PM UTC	1187392920000	75	20	no	26.8	259.6	20972	20821	13809	6692	0	39082	2279	2279	0	2894	2894	0
August 17, 2007 4:23:00 PM UTC	1187392980000	71	25	yes	26.7	259.8	20972	20821	13826	6619	0	39138	2300	2300	0	2897	2897	0
August 17, 2007 4:24:00 PM UTC	1187393040000	67	30	yes	26.5	260.0	20972	20821	13809	6692	0	39082	2247	2247	0	2907	2907	0
August 17, 2007 4:25:00 PM UTC	1187393100000	73	27	yes	26.3	260.2	20972	20821	13824	6619	0	39140	2279	2279	0	2899	2899	0
August 17, 2007 4:26:00 PM UTC	1187393160000	84	16	yes	26.2	260.4	20972	20821	13809	6690	0	39084	2234	2234	0	2907	2907	0
August 17, 2007 4:27:00 PM UTC	1187393220000	79	20	yes	26.0	260.6	20972	20821	13825	6617	0	39141	2251	2251	0	2907	2907	0
August 17, 2007 4:28:00 PM UTC	1187393280000	83	17	yes	25.9	260.8	20972	20821	13812	6678	0	39093	2214	2214	0	2911	2911	0
August 17, 2007 4:29:00 PM UTC	1187393340000	84	16	no	25.7	261.0	20972	20821	13812	6678	0	39093	2200	2200	0	2900	2900	0
August 17, 2007 4:30:00 PM UTC	1187393400000	86	14	yes	25.5	261.2	20972	20821	13812	6676	0	39095	2188	2188	0	2912	2912	0
August 17, 2007 4:31:00 PM UTC	1187393460000	88	12	yes	25.4	261.4	20972	20821	13814	6652	0	39117	2180	2180	0	2903	2903	0
August 17, 2007 4:32:00 PM UTC	1187393520000	89	11	no	25.2	261.6	20972	20821	13813	6652	0	39118	2161	2161	0	2919	2919	0
August 17, 2007 4:33:00 PM UTC	1187393580000	89	11	no	25.0	261.8	20972	20821	13813	6652	0	39118	2153	2153	0	2907	2907	0
August 17, 2007 4:34:00 PM UTC	1187393640000	93	7	no	24.9	262.0	20972	20821	13813	6723	0	39047	2137	2137	0	2917	2917	0
August 17, 2007 4:35:00 PM UTC	1187393700000	88	12	no	24.7	262.2	20972	20821	13815	6644	0	39124	2136	2136	0	2920	2920	0
August 17, 2007 4:36:00 PM UTC	1187393760000	93	7	yes	24.5	262.4	20972	20821	13816	6644	0	39123	2124	2124	0	2920	2920	0
August 17, 2007 4:37:00 PM UTC	1187393820000	92	8	no	24.4	262.6	20972	20821	13816	6644	0	39123	2109	2109	0	2922	2922	0
August 17, 2007 4:38:00 PM UTC	1187393880000	99	1	no	24.2	262.8	20972	20821	13817	6643	0	39123	2096	2096	0	2924	2924	0
August 17, 2007 4:39:00 PM UTC	1187393940000	99	1	no	24.0	263.0	20972	20821	13817	6643	0	39123	2083	2083	0	2929	2929	0
August 17, 2007 4:40:00 PM UTC	1187394000000	100	0	no	23.9	263.2	20972	20821	13817	6642	0	39124	2066	2066	0	2933	2933	0
August 17, 2007 4:41:00 PM UTC	1187394060000	99	1	yes	23.7	263.4	20972	20821	13817	6642	0	39124	2060	2060	0	2934	2934	0
August 17, 2007 4:42:00 PM UTC	1187394120000	95	5	no	23.5	263.6	20972	20821	13818	6631	0	39134	2055	2055	0	2931	2931	0
August 17, 2007 4:43:00 PM UTC	1187394180000	96	4	no	23.4	263.8	20972	20821	13818	6631	0	39134	2033	2033	0	2944	2944	0
August 17, 2007 4:44:00 PM UTC	1187394240000	96	4	no	23.2	264.0	20972	20821	13818	6643	0	39122	2028	2028	0	2939	2939	0
August 17, 2007 4:45:00 PM UTC	1187394300000	96	4	no	23.0	264.1	20972	20821	13818	6643	0	39122	2015	2015	0	2944	2944	0
August 17, 2007 4:46:00 PM UTC	1187394360000	94	6	no	22.9	264.3	20972	20821	13818	6641	1	39123	1997	1996	0	2952	2952	0
August 17, 2007 4:47:00 PM UTC	1187394420000	91	9	no	22.7	264.5	20972	20821	13818	6641	0	39124	1986	1986	0	2952	2952	0
August 17, 2007 4:48:00 PM UTC	1187394480000	84	16	no	22.6	264.7	20972	20821	13817	6616	0	39150	1977	1977	0	2955	2955	0
August 17, 2007 4:49:00 PM UTC	1187394540000	84	16	no	22.4	264.9	20972	20821	13816	6697	0	39070	1952	1952	0	2956	2956	0
August 17, 2007 4:50:00 PM UTC	1187394600000	79	21	no	22.2	265.1	20972	20821	13815	6696	0	39072	1941	1941	0	2962	2962	0
August 17, 2007 4:51:00 PM UTC	1187394660000	78	22	no	22.1	265.3	20972	20821	13815	6696	0	39072	1924	1924	0	2971	2971	0
August 17, 2007 4:52:00 PM UTC	1187394720000	78	22	no	21.9	265.5	20972	20821	13814	6686	1	39082	1918	1917	0	2970	2970	0
August 17, 2007 4:53:00 PM UTC	1187394780000	90	10	no	21.7	265.7	20972	20821	13814	6686	0	39083	1903	1903	0	2976	2976	0
August 17, 2007 4:54:00 PM UTC	1187394840000	88	12	no	21.6	265.9	20972	20821	13802	6681	6	39094	1871	1865	0	2983	2983	0
August 17, 2007 4:55:00 PM UTC	1187394900000	90	10	no	21.4	266.1	20972	20821	13817	6613	6	39147	1893	1887	0	2981	2981	0
August 17, 2007 4:56:00 PM UTC	1187394960000	89	11	no	21.2	266.3	20972	20821	13799	6686	3	39095	1848	1845	0	2989	2989	0
August 17, 2007 4:57:00 PM UTC	1187395020000	88	12	no	21.1	266.5	20972	20821	13817	6612	13	39141	1859	1846	0	2998	2998	0
August 17, 2007 4:58:00 PM UTC	1187395080000	82	18	no	20.9	266.6	20972	20821	13801	6697	0	39085	1818	1818	0	2999	2999	0
August 17, 2007 4:59:00 PM UTC	1187395140000	76	24	no	20.7	266.8	20972	20821	13817	6623	3	39140	1834	1831	0	3004	3004	0
August 17, 2007 5:00:00 PM UTC	1187395200000	76	24	no	20.6	267.0	20972	20821	13803	6690	15	39075	1795	1780	0	3008	3008	0
August 17, 2007 5:01:00 PM UTC	1187395260000	76	24	no	20.4	267.2	20972	20821	13818	6617	0	39148	1811	1811	0	3014	3014	0
August 17, 2007 5:02:00 PM UTC	1187395320000	71	29	no	20.2	267.4	20972	20821	13803	6689	1	39090	1771	1770	0	3017	3017	0
August 17, 2007 5:03:00 PM UTC	1187395380000	67	33	no	20.1	267.6	20972	20821	13819	6615	0	39149	1783	1783	0	3025	3025	0
August 17, 2007 5:04:00 PM UTC	1187395440000	66	34	no	19.9	267.8	20972	20821	13802	6747	8	39026	1733	1725	0	3033	3033	0
August 17, 2007 5:05:00 PM UTC	1187395500000	65	34	no	19.7	268.0	20972	20821	13819	6676	0	39088	1743	1743	0	3037	3037	0
August 17, 2007 5:06:00 PM UTC	1187395560000	66	34	no	19.6	268.2	20972	20821	13802	6747	4	39030	1705	1701	0	3042	3042	0
August 17, 2007 5:07:00 PM UTC	1187395620000	67	32	no	19.4	268.3	20972	20821	13821	6672	2	39088	1722	1720	0	3049	3049	0
August 17, 2007 5:08:00 PM UTC	1187395680000	67	32	no	19.2	268.5	20972	20821	13802	6747	2	39032	1678	1676	0	3057	3057	0
August 17, 2007 5:09:00 PM UTC	1187395740000	65	35	no	19.1	268.7	20972	20821	13821	6674	2	39086	1693	1691	0	3058	3058	0
August 17, 2007 5:10:00 PM UTC	1187395800000	65	35	no	18.9	268.9	20972	20821	13821	6674	16	39072	1676	1660	0	3068	3068	0
August 17, 2007 5:11:00 PM UTC	1187395860000	63	37	no	18.7	269.1	20972	20821	13820	6674	22	39067	1667	1645	0	3075	3075	0
August 17, 2007 5:12:00 PM UTC	1187395920000	62	37	no	18.6	269.3	20972	20821	13820	6597	35	39131	1662	1627	0	3081	3081	0
August 17, 2007 5:13:00 PM UTC	1187395980000	59	41	no	18.4	269.5	20972	20821	13801	6670	41	39071	1614	1573	0	3089	3089	0
August 17, 2007 5:14:00 PM UTC	1187396040000	52	48	no	18.2	269.7	20972	20821	13819	6597	51	39116	1639	1588	0	3096	3096	0
August 17, 2007 5:15:00 PM UTC	1187396100000	53	46	yes	18.1	269.8	20972	20821	13819	6597	70	39097	1626	1556	0	3102	3102	0
August 17, 2007 5:16:00 PM UTC	1187396160000	53	45	no	17.9	270.0	20972	20821	13819	6597	72	39095	1610	1538	0	3111	3111	0
August 17, 2007 5:17:00 PM UTC	1187396220000	57	42	yes	17.7	270.2	20972	20821	13800	6747	64	38972	1559	1494	1	3118	3118	0
August 17, 2007 5:18:00 PM UTC	1187396280000	56	43	yes	17.6	270.4	20972	20821	13819	6589	84	39091	1585	1500	1	3125	3125	0
August 17, 2007 5:19:00 PM UTC	1187396340000	56	41	yes	17.4	270.6	20972	20821	13801	6662	59	39061	1531	1472	0	3136	3136	0
August 17, 2007 5:20:00 PM UTC	1187396400000	55	39	no	17.2	270.8	20972	20821	13820	6589	57	39117	1554	1496	1	3143	3143	0
August 17, 2007 5:21:00 PM UTC	1187396460000	56	34	no	17.1	271.0	20972	20821	13802	6747	56	38978	1505	1449	0	3148	3148	0
August 17, 2007 5:22:00 PM UTC	1187396520000	54	35	no	16.9	271.1	20972	20821	13821	6674	54	39034	1510	1456	0	3160	3160	0
August 17, 2007 5:23:00 PM UTC	1187396580000	56	33	no	16.7	271.3	20972	20821	13802	6747	43	38991	1475	1432	0	3168	3168	0
August 17, 2007 5:24:00 PM UTC	1187396640000	58	31	no	16.6	271.5	20972	20821	13821	6672	68	39022	1489	1421	0	3177	3177	0
August 17, 2007 5:25:00 PM UTC	1187396700000	60	27	no	16.4	271.7	20972	20821	13802	6747	24	39010	1451	1427	0	3183	3183	0
August 17, 2007 5:26:00 PM UTC	1187396760000	56	33	no	16.2	271.9	20972	20821	13819	6676	45	39043	1460	1415	0	3191	3191	0
August 17, 2007 5:27:00 PM UTC	1187396820000	54	40	no	16.1	272.1	20972	20821	13819	6676	24	39064	1445	1421	0	3204	3204	0
August 17, 2007 5:28:00 PM UTC	1187396880000	60	39	no	15.9	272.3	20972	20821	13802	6747	18	39016	1407	1389	0	3214	3214	0
August 17, 2007 5:29:00 PM UTC	1187396940000	70	29	no	15.7	272.4	20972	20821	13819	6623	16	39125	1430	1414	0	3217	3217	0
August 17, 2007 5:30:00 PM UTC	1187397000000	68	32	no	15.6	272.6	20972	20821	13803	6694	0	39086	1385	1385	0	3233	3233	0
August 17, 2007 5:31:00 PM UTC	1187397060000	81	19	no	15.4	272.8	20972	20821	13818	6621	0	39144	1402	1402	0	3241	3241	0
August 17, 2007 5:32:00 PM UTC	1187397120000	91	9	no	15.2	273.0	20972	20821	13803	6691	0	39089	1367	1367	0	3251	3251	0
August 17, 2007 5:33:00 PM UTC	1187397180000	92	8	no	15.1	273.2	20972	20821	13817	6621	0	39145	1370	1370	0	3265	3265	0
August 17, 2007 5:34:00 PM UTC	1187397240000	91	9	no	14.9	273.4	20972	20821	13801	6693	0	39089	1337	1337	0	3270	3270	0
August 17, 2007 5:35:00 PM UTC	1187397300000	96	4	no	14.7	273.5	20972	20821	13817	6607	0	39159	1345	1345	0	3284	3284	0
August 17, 2007 5:36:00 PM UTC	1187397360000	95	5	no	14.6	273.7	20972	20821	13799	6681	0	39103	1306	1306	0	3295	3295	0
August 17, 2007 5:37:00 PM UTC	1187397420000	95	5	no	14.4	273.9	20972	20821	13817	6607	5	39154	1322	1317	0	3300	3300	0
August 17, 2007 5:38:00 PM UTC	1187397480000	89	11	no	14.2	274.1	20972	20821	13817	6607	4	39155	1304	1300	0	3313	3313	0
August 17, 2007 5:39:00 PM UTC	1187397540000	84	16	no	14.1	274.3	20972	20821	13814	6686	0	39083	1283	1283	0	3326	3326	0
August 17, 2007 5:40:00 PM UTC	1187397600000	85	15	no	13.9	274.5	20972	20821	13814	6686	0	39083	1274	1274	0	3334	3332	2
August 17, 2007 5:41:00 PM UTC	1187397660000	88	12	no	13.7	274.7	20972	20821	13815	6697	0	39071	1256	1256	0	3349	3343	6
August 17, 2007 5:42:00 PM UTC	1187397720000	86	14	no	13.6	274.8	20972	20821	13815	6697	0	39071	1243	1243	0	3359	3340	19
August 17, 2007 5:43:00 PM UTC	1187397780000	88	12	no	13.4	275.0	20972	20821	13798	6775	0	39010	1205	1205	0	3369	3333	36
August 17, 2007 5:44:00 PM UTC	1187397840000	83	17	no	13.2	275.2	20972	20821	13816	6696	0	39071	1209	1209	0	3385	3385	0
August 17, 2007 5:45:00 PM UTC	1187397900000	86	14	no	13.1	275.4	20972	20821	13802	6716	0	39065	1182	1182	0	3400	3400	0
August 17, 2007 5:46:00 PM UTC	1187397960000	95	5	no	12.9	275.6	20972	20821	13818	6645	0	39120	1194	1194	0	3408	3408	0
August 17, 2007 5:47:00 PM UTC	1187398020000	96	4	no	12.7	275.7	20972	20821	13800	6721	0	39062	1156	1156	0	3424	3424	0
August 17, 2007 5:48:00 PM UTC	1187398080000	99	1	no	12.6	275.9	20972	20821	13818	6643	0	39122	1164	1164	0	3439	3439	0
August 17, 2007 5:49:00 PM UTC	1187398140000	98	2	no	12.4	276.1	20972	20821	13818	6633	0	39132	1151	1151	0	3452	3452	0
August 17, 2007 5:50:00 PM UTC	1187398200000	99	1	no	12.2	276.3	20972	20821	13818	6630	0	39135	1136	1136	0	3468	3468	0
August 17, 2007 5:51:00 PM UTC	1187398260000	100	0	no	12.1	276.5	20972	20821	13818	6630	0	39135	1127	1127	0	3475	3475	0
August 17, 2007 5:52:00 PM UTC	1187398320000	100	0	no	11.9	276.7	20972	20821	13817	6639	0	39127	1106	1106	0	3495	3495	0
August 17, 2007 5:53:00 PM UTC	1187398380000	100	0	no	11.8	276.8	20972	20821	13817	6639	0	39127	1094	1094	0	3504	3504	0
August 17, 2007 5:54:00 PM UTC	1187398440000	100	0	no	11.6	277.0	20972	20821	13817	6639	0	39127	1083	1083	0	3517	3517	0
August 17, 2007 5:55:00 PM UTC	1187398500000	100	0	no	11.4	277.2	20972	20821	13817	6639	0	39127	1068	1068	0	3530	3530	0
August 17, 2007 5:56:00 PM UTC	1187398560000	98	2	no	11.3	277.4	20972	20821	13801	6711	0	39071	1034	1034	0	3545	3545	0
August 17, 2007 5:57:00 PM UTC	1187398620000	97	3	no	11.1	277.6	20972	20821	13816	6637	0	39130	1042	1042	0	3558	3558	0
August 17, 2007 5:58:00 PM UTC	1187398680000	97	3	no	10.9	277.8	20972	20821	13816	6637	0	39130	1027	1027	0	3572	3572	0
August 17, 2007 5:59:00 PM UTC	1187398740000	95	5	no	10.8	277.9	20972	20821	13813	6722	0	39048	1011	1011	0	3581	3581	0
August 17, 2007 6:00:00 PM UTC	1187398800000	99	1	no	10.6	278.1	20972	20821	13813	6658	0	39112	1004	1004	0	3592	3592	0
August 17, 2007 6:01:00 PM UTC	1187398860000	98	2	no	10.4	278.3	20972	20821	13813	6656	0	39114	989	989	0	3606	3606	0
August 17, 2007 6:02:00 PM UTC	1187398920000	91	9	no	10.3	278.5	20972	20821	13813	6656	0	39114	979	979	0	3617	3617	0
August 17, 2007 6:03:00 PM UTC	1187398980000	92	8	no	10.1	278.7	20972	20821	13812	6680	0	39091	958	958	0	3636	3636	0
August 17, 2007 6:04:00 PM UTC	1187399040000	95	5	no	9.9	278.8	20972	20821	13812	6680	0	39091	948	948	0	3654	3654	0
August 17, 2007 6:05:00 PM UTC	1187399100000	93	7	no	9.8	279.0	20972	20821	13812	6679	0	39092	937	937	0	3652	3652	0
August 17, 2007 6:06:00 PM UTC	1187399160000	90	10	no	9.6	279.2	20972	20821	13812	6679	0	39092	922	922	0	3680	3680	0
August 17, 2007 6:07:00 PM UTC	1187399220000	79	21	no	9.4	279.4	20972	20821	13825	6617	0	39141	927	927	0	3684	3684	0
August 17, 2007 6:08:00 PM UTC	1187399280000	72	28	no	9.3	279.6	20972	20821	13809	6688	0	39086	899	899	0	3697	3697	0
August 17, 2007 6:09:00 PM UTC	1187399340000	68	32	no	9.1	279.8	20972	20821	13809	6688	0	39086	885	885	0	3699	3699	0
August 17, 2007 6:10:00 PM UTC	1187399400000	73	27	no	9.0	279.9	20972	20821	13809	6687	0	39087	873	873	0	3718	3710	8
August 17, 2007 6:11:00 PM UTC	1187399460000	77	22	no	8.8	280.1	20972	20821	13809	6687	0	39087	854	854	0	3736	3727	9
August 17, 2007 6:12:00 PM UTC	1187399520000	76	24	no	8.6	280.3	20972	20821	13809	6686	0	39088	843	843	0	3748	3727	19
August 17, 2007 6:13:00 PM UTC	1187399580000	81	19	no	8.5	280.5	20972	20821	13809	6686	0	39088	834	834	0	3757	3756	1
August 17, 2007 6:14:00 PM UTC	1187399640000	78	22	no	8.3	280.7	20972	20821	13807	6693	0	39083	817	817	0	3770	3770	0
August 17, 2007 6:15:00 PM UTC	1187399700000	71	29	no	8.1	280.9	20972	20821	13809	6627	0	39147	811	811	0	3785	3785	0
August 17, 2007 6:16:00 PM UTC	1187399760000	71	29	no	8.0	281.0	20972	20821	13824	6554	0	39205	817	817	0	3798	3794	1
August 17, 2007 6:17:00 PM UTC	1187399820000	67	33	no	7.8	281.2	20972	20821	13807	6621	0	39155	788	788	0	3805	3801	0
August 17, 2007 6:18:00 PM UTC	1187399880000	69	31	no	7.6	281.4	20972	20821	13823	6549	0	39211	793	778	0	3823	3741	57
August 17, 2007 6:19:00 PM UTC	1187399940000	67	33	no	7.5	281.6	20972	20821	13808	6607	0	39168	769	769	0	3828	3814	2
August 17, 2007 6:20:00 PM UTC	1187400000000	65	35	no	7.3	281.8	20972	20821	13823	6549	0	39211	766	766	0	3850	3820	0
August 17, 2007 6:21:00 PM UTC	1187400060000	64	35	no	7.2	281.9	20972	20821	13801	6719	0	39063	726	726	0	3854	3845	0
August 17, 2007 6:22:00 PM UTC	1187400120000	60	39	no	7.0	282.1	20972	20821	13801	6754	0	39028	712	709	0	3868	3752	0
August 17, 2007 6:23:00 PM UTC	1187400180000	57	43	no	6.8	282.3	20972	20821	13817	6684	0	39082	716	709	0	3885	3767	11
August 17, 2007 6:24:00 PM UTC	1187400240000	47	52	no	6.7	282.5	20972	20821	13801	6753	0	39029	694	694	0	3886	3491	97
August 17, 2007 6:25:00 PM UTC	1187400300000	39	60	no	6.5	282.7	20972	20821	13821	6665	0	39097	699	694	0	3906	3531	31
August 17, 2007 6:26:00 PM UTC	1187400360000	35	63	no	6.3	282.9	20972	20821	13806	6737	0	39040	670	663	0	3913	3430	12
August 17, 2007 6:27:00 PM UTC	1187400420000	34	63	no	6.2	283.0	20972	20821	13818	6678	0	39087	676	658	0	3924	3093	56
August 17, 2007 6:28:00 PM UTC	1187400480000	33	63	no	6.0	283.2	20972	20821	13802	6751	0	39030	645	629	0	3935	3104	0
August 17, 2007 6:29:00 PM UTC	1187400540000	29	60	no	5.9	283.4	20972	20821	13817	6680	0	39086	654	640	0	3946	2525	0
August 17, 2007 6:30:00 PM UTC	1187400600000	27	57	no	5.7	283.6	20972	20821	13803	6680	0	39100	632	609	0	3953	2305	1
August 17, 2007 6:31:00 PM UTC	1187400660000	31	56	no	5.5	283.8	20972	20821	13819	6609	0	39155	632	608	0	3972	2076	5
August 17, 2007 6:32:00 PM UTC	1187400720000	29	59	no	5.4	284.0	20972	20821	13819	6609	0	39155	619	597	0	3985	1950	2
August 17, 2007 6:33:00 PM UTC	1187400780000	24	60	no	5.2	284.1	20972	20821	13815	6625	0	39143	604	583	0	3995	1140	0
August 17, 2007 6:34:00 PM UTC	1187400840000	22	59	no	5.0	284.3	20972	20821	13815	6625	0	39143	592	569	0	4007	1348	28
August 17, 2007 6:35:00 PM UTC	1187400900000	20	59	no	4.9	284.5	20972	20821	13802	6696	0	39085	571	549	0	4007	1243	5
August 17, 2007 6:36:00 PM UTC	1187400960000	18	50	no	4.7	284.7	20972	20821	13815	6623	0	39145	570	549	0	4029	910	7
August 17, 2007 6:37:00 PM UTC	1187401020000	15	44	no	4.6	284.9	20972	20821	13797	6694	0	39092	545	529	0	4032	816	16
August 17, 2007 6:38:00 PM UTC	1187401080000	14	31	no	4.4	285.0	20972	20821	13811	6639	0	39133	543	528	0	4051	655	1
August 17, 2007 6:39:00 PM UTC	1187401140000	14	19	no	4.2	285.2	20972	20821	13811	6639	0	39133	534	517	0	4061	617	0
August 17, 2007 6:40:00 PM UTC	1187401200000	9	11	no	4.1	285.4	20972	20821	13810	6639	0	39134	524	508	0	4072	468	5
August 17, 2007 6:41:00 PM UTC	1187401260000	7	4	no	3.9	285.6	20972	20821	13810	6639	0	39134	509	495	0	4087	411	0
August 17, 2007 6:42:00 PM UTC	1187401320000	6	1	no	3.8	285.8	20972	20821	13810	6637	0	39136	498	485	0	4097	424	1
August 17, 2007 6:43:00 PM UTC	1187401380000	4	1	no	3.6	286.0	20972	20821	13810	6640	0	39133	484	472	0	4108	372	0
August 17, 2007 6:44:00 PM UTC	1187401440000	4	0	no	3.4	286.2	20972	20821	13812	6604	0	39167	479	465	0	4119	369	0
August 17, 2007 6:45:00 PM UTC	1187401500000	4	1	no	3.3	286.3	20972	20821	13809	6705	0	39069	464	451	0	4127	375	0
August 17, 2007 6:46:00 PM UTC	1187401560000	3	0	no	3.1	286.5	20972	20821	13825	6625	0	39133	467	457	0	4144	303	0
