August 27, 2012 5:36:00 AM UTC	1346070960000	16	8	no	3.1	78.7	20972	20821	13807	6624	197	38955	450	255	0	4144	3805	330
August 27, 2012 5:37:00 AM UTC	1346071020000	16	9	no	3.2	78.9	20972	20821	13808	6627	179	38969	459	280	0	4135	3828	301
August 27, 2012 5:38:00 AM UTC	1346071080000	17	10	no	3.4	79.1	20972	20821	13809	6628	163	38983	474	311	0	4123	3786	336
August 27, 2012 5:39:00 AM UTC	1346071140000	18	9	no	3.6	79.2	20972	20821	13805	6706	151	38921	483	332	0	4102	3819	279
August 27, 2012 5:40:00 AM UTC	1346071200000	19	10	no	3.7	79.4	20972	20821	13825	6615	140	39003	509	369	0	4102	3880	220
August 27, 2012 5:41:00 AM UTC	1346071260000	19	12	no	3.9	79.6	20972	20821	13809	6688	125	38961	505	380	0	4084	3783	301
August 27, 2012 5:42:00 AM UTC	1346071320000	20	13	no	4.1	79.8	20972	20821	13826	6617	127	39013	532	405	0	4079	3828	251
August 27, 2012 5:43:00 AM UTC	1346071380000	22	14	no	4.2	80.0	20972	20821	13809	6689	117	38968	529	412	0	4060	3869	191
August 27, 2012 5:44:00 AM UTC	1346071440000	23	15	no	4.4	80.2	20972	20821	13809	6689	109	38976	539	430	0	4052	3887	165
August 27, 2012 5:45:00 AM UTC	1346071500000	25	16	no	4.6	80.4	20972	20821	13809	6691	106	38977	547	441	0	4045	3900	145
August 27, 2012 5:46:00 AM UTC	1346071560000	27	17	no	4.7	80.5	20972	20821	13809	6691	102	38981	558	456	0	4032	3915	117
August 27, 2012 5:47:00 AM UTC	1346071620000	29	20	no	4.9	80.7	20972	20821	13812	6681	98	38992	569	471	0	4019	3911	108
August 27, 2012 5:48:00 AM UTC	1346071680000	30	24	no	5.0	80.9	20972	20821	13812	6681	92	38998	580	488	0	4018	3952	66
August 27, 2012 5:49:00 AM UTC	1346071740000	33	24	no	5.2	81.1	20972	20821	13812	6682	88	39001	597	509	0	3991	3907	84
August 27, 2012 5:50:00 AM UTC	1346071800000	36	27	no	5.4	81.3	20972	20821	13812	6682	84	39005	607	523	0	3989	3943	46
August 27, 2012 5:51:00 AM UTC	1346071860000	38	30	no	5.5	81.5	20972	20821	13813	6659	82	39029	622	540	0	3965	3886	79
August 27, 2012 5:52:00 AM UTC	1346071920000	38	37	no	5.7	81.6	20972	20821	13813	6659	78	39033	632	554	0	3965	3933	32
August 27, 2012 5:53:00 AM UTC	1346071980000	37	46	no	5.9	81.8	20972	20821	13798	6733	73	38979	628	555	0	3943	3902	41
August 27, 2012 5:54:00 AM UTC	1346072040000	39	53	no	6.0	82.0	20972	20821	13813	6724	74	38972	655	581	0	3940	3902	38
August 27, 2012 5:55:00 AM UTC	1346072100000	42	53	no	6.2	82.2	20972	20821	13798	6711	72	39002	656	584	0	3921	3879	42
August 27, 2012 5:56:00 AM UTC	1346072160000	50	49	no	6.4	82.4	20972	20821	13816	6639	78	39050	680	602	0	3920	3894	26
August 27, 2012 5:57:00 AM UTC	1346072220000	57	42	no	6.5	82.6	20972	20821	13816	6639	81	39047	693	612	0	3906	3884	22
August 27, 2012 5:58:00 AM UTC	1346072280000	60	37	no	6.7	82.7	20972	20821	13817	6640	82	39044	703	621	0	3895	3869	26
August 27, 2012 5:59:00 AM UTC	1346072340000	64	34	no	6.9	82.9	20972	20821	13817	6640	83	39043	715	632	0	3885	3883	2
August 27, 2012 6:00:00 AM UTC	1346072400000	64	33	no	7.0	83.1	20972	20821	13817	6641	79	39046	726	647	0	3870	3868	2
August 27, 2012 6:01:00 AM UTC	1346072460000	65	32	no	7.2	83.3	20972	20821	13817	6641	81	39044	737	656	0	3863	3863	0
August 27, 2012 6:02:00 AM UTC	1346072520000	63	34	no	7.3	83.5	20972	20821	13817	6637	81	39048	756	675	0	3844	3844	0
August 27, 2012 6:03:00 AM UTC	1346072580000	63	34	no	7.5	83.7	20972	20821	13817	6637	80	39049	768	688	0	3833	3833	0
August 27, 2012 6:04:00 AM UTC	1346072640000	65	32	no	7.7	83.9	20972	20821	13801	6710	77	38995	763	686	0	3817	3817	0
August 27, 2012 6:05:00 AM UTC	1346072700000	63	31	no	7.8	84.0	20972	20821	13818	6646	85	39034	793	708	0	3810	3810	0
August 27, 2012 6:06:00 AM UTC	1346072760000	61	30	no	8.0	84.2	20972	20821	13801	6717	84	38981	790	706	0	3791	3791	0
August 27, 2012 6:07:00 AM UTC	1346072820000	59	27	no	8.2	84.4	20972	20821	13818	6647	89	39029	818	729	0	3783	3783	0
August 27, 2012 6:08:00 AM UTC	1346072880000	60	24	no	8.3	84.6	20972	20821	13801	6723	88	38971	814	726	0	3767	3767	0
August 27, 2012 6:09:00 AM UTC	1346072940000	61	20	no	8.5	84.8	20972	20821	13816	6698	89	38980	841	752	0	3755	3747	8
August 27, 2012 6:10:00 AM UTC	1346073000000	59	21	no	8.7	85.0	20972	20821	13800	6767	88	38928	836	748	0	3741	3736	5
August 27, 2012 6:11:00 AM UTC	1346073060000	56	23	no	8.8	85.1	20972	20821	13817	6688	88	38990	865	777	0	3736	3731	5
August 27, 2012 6:12:00 AM UTC	1346073120000	52	27	no	9.0	85.3	20972	20821	13817	6688	90	38988	879	788	1	3722	3718	4
August 27, 2012 6:13:00 AM UTC	1346073180000	47	31	no	9.2	85.5	20972	20821	13812	6700	92	38979	889	795	2	3708	3708	0
August 27, 2012 6:14:00 AM UTC	1346073240000	46	32	no	9.3	85.7	20972	20821	13812	6700	94	38977	905	810	1	3691	3691	0
August 27, 2012 6:15:00 AM UTC	1346073300000	44	34	no	9.5	85.9	20972	20821	13800	6687	92	39004	904	812	0	3678	3658	20
August 27, 2012 6:16:00 AM UTC	1346073360000	43	34	no	9.7	86.1	20972	20821	13817	6608	95	39063	933	838	0	3673	3643	30
August 27, 2012 6:17:00 AM UTC	1346073420000	44	34	no	9.8	86.3	20972	20821	13799	6681	93	39010	930	837	0	3655	3572	83
August 27, 2012 6:18:00 AM UTC	1346073480000	45	31	no	10.0	86.4	20972	20821	13817	6609	97	39060	965	867	1	3642	3570	72
August 27, 2012 6:19:00 AM UTC	1346073540000	45	31	no	10.2	86.6	20972	20821	13801	6697	94	38991	957	863	0	3629	3544	85
August 27, 2012 6:20:00 AM UTC	1346073600000	46	31	no	10.3	86.8	20972	20821	13817	6626	101	39039	990	889	0	3617	3497	120
August 27, 2012 6:21:00 AM UTC	1346073660000	47	30	no	10.5	87.0	20972	20821	13803	6694	95	38991	981	886	0	3604	3530	74
August 27, 2012 6:22:00 AM UTC	1346073720000	48	30	no	10.7	87.2	20972	20821	13818	6624	102	39039	1014	912	0	3594	3515	79
August 27, 2012 6:23:00 AM UTC	1346073780000	51	27	no	10.8	87.4	20972	20821	13803	6697	95	38988	1011	914	2	3573	3459	114
August 27, 2012 6:24:00 AM UTC	1346073840000	53	26	no	11.0	87.6	20972	20821	13820	6619	102	39042	1046	940	4	3559	3455	104
August 27, 2012 6:25:00 AM UTC	1346073900000	54	24	no	11.2	87.7	20972	20821	13802	6748	97	38936	1029	930	2	3550	3491	59
August 27, 2012 6:26:00 AM UTC	1346073960000	56	23	no	11.3	87.9	20972	20821	13820	6672	100	38991	1067	967	0	3535	3481	54
August 27, 2012 6:27:00 AM UTC	1346074020000	56	24	no	11.5	88.1	20972	20821	13820	6672	102	38989	1077	975	0	3523	3428	95
August 27, 2012 6:28:00 AM UTC	1346074080000	59	25	no	11.7	88.3	20972	20821	13802	6748	100	38933	1071	971	0	3508	3367	141
August 27, 2012 6:29:00 AM UTC	1346074140000	59	25	no	11.8	88.5	20972	20821	13821	6676	105	38981	1102	997	0	3497	3200	297
August 27, 2012 6:30:00 AM UTC	1346074200000	57	27	no	12.0	88.7	20972	20821	13802	6748	102	38931	1094	992	0	3484	3241	243
August 27, 2012 6:31:00 AM UTC	1346074260000	56	28	no	12.2	88.9	20972	20821	13821	6674	107	38981	1125	1018	0	3468	3254	214
August 27, 2012 6:32:00 AM UTC	1346074320000	54	29	no	12.3	89.0	20972	20821	13802	6748	103	38930	1124	1021	0	3453	3257	196
August 27, 2012 6:33:00 AM UTC	1346074380000	54	31	yes	12.5	89.2	20972	20821	13820	6590	110	39063	1158	1048	0	3451	3195	256
August 27, 2012 6:34:00 AM UTC	1346074440000	53	33	no	12.7	89.4	20972	20821	13801	6700	106	38976	1149	1043	0	3432	3221	211
August 27, 2012 6:35:00 AM UTC	1346074500000	51	34	no	12.8	89.6	20972	20821	13819	6627	113	39024	1193	1080	0	3417	3169	248
August 27, 2012 6:36:00 AM UTC	1346074560000	49	34	yes	13.0	89.8	20972	20821	13800	6786	107	38890	1173	1066	0	3408	3223	185
August 27, 2012 6:37:00 AM UTC	1346074620000	47	32	yes	13.1	90.0	20972	20821	13819	6635	114	39015	1221	1107	0	3391	3270	121
August 27, 2012 6:38:00 AM UTC	1346074680000	43	31	yes	13.3	90.2	20972	20821	13819	6635	114	39015	1234	1120	0	3377	3312	65
August 27, 2012 6:39:00 AM UTC	1346074740000	39	32	yes	13.5	90.3	20972	20821	13819	6635	114	39015	1248	1134	0	3364	3310	54
August 27, 2012 6:40:00 AM UTC	1346074800000	35	31	no	13.6	90.5	20972	20821	13801	6708	104	38970	1227	1123	0	3357	3325	32
August 27, 2012 6:41:00 AM UTC	1346074860000	33	29	no	13.8	90.7	20972	20821	13820	6598	112	39053	1275	1163	0	3339	3292	47
August 27, 2012 6:42:00 AM UTC	1346074920000	33	29	no	14.0	90.9	20972	20821	13802	6748	105	38928	1256	1149	2	3328	3274	54
August 27, 2012 6:43:00 AM UTC	1346074980000	31	30	no	14.1	91.1	20972	20821	13821	6674	112	38976	1282	1166	4	3322	3250	72
August 27, 2012 6:44:00 AM UTC	1346075040000	32	31	no	14.3	91.3	20972	20821	13821	6674	109	38979	1300	1185	6	3307	3248	59
August 27, 2012 6:45:00 AM UTC	1346075100000	33	32	no	14.5	91.5	20972	20821	13802	6748	101	38932	1293	1192	0	3298	3290	8
August 27, 2012 6:46:00 AM UTC	1346075160000	32	34	no	14.6	91.7	20972	20821	13821	6676	104	38982	1332	1228	0	3287	3264	23
August 27, 2012 6:47:00 AM UTC	1346075220000	33	32	no	14.8	91.8	20972	20821	13802	6748	101	38932	1322	1218	3	3275	3272	3
August 27, 2012 6:48:00 AM UTC	1346075280000	33	33	yes	15.0	92.0	20972	20821	13820	6672	102	38989	1358	1255	1	3265	3215	50
August 27, 2012 6:49:00 AM UTC	1346075340000	32	33	yes	15.1	92.2	20972	20821	13802	6748	98	38935	1351	1253	0	3255	3115	140
August 27, 2012 6:50:00 AM UTC	1346075400000	31	33	no	15.3	92.4	20972	20821	13820	6611	104	39048	1396	1290	2	3241	3067	174
August 27, 2012 6:51:00 AM UTC	1346075460000	30	34	yes	15.5	92.6	20972	20821	13803	6691	95	38994	1379	1284	0	3233	3070	163
August 27, 2012 6:52:00 AM UTC	1346075520000	30	33	yes	15.6	92.8	20972	20821	13818	6618	102	39045	1425	1323	0	3224	3056	168
August 27, 2012 6:53:00 AM UTC	1346075580000	29	32	yes	15.8	93.0	20972	20821	13803	6691	90	38999	1416	1325	1	3213	2995	218
August 27, 2012 6:54:00 AM UTC	1346075640000	29	32	yes	16.0	93.2	20972	20821	13817	6626	98	39042	1446	1347	1	3209	2956	253
August 27, 2012 6:55:00 AM UTC	1346075700000	29	30	yes	16.1	93.4	20972	20821	13801	6699	92	38991	1435	1343	0	3199	2852	347
August 27, 2012 6:56:00 AM UTC	1346075760000	30	30	yes	16.3	93.6	20972	20821	13817	6612	94	39060	1474	1380	0	3191	2821	370
August 27, 2012 6:57:00 AM UTC	1346075820000	30	30	yes	16.5	93.7	20972	20821	13799	6685	87	39012	1465	1377	1	3178	2778	400
August 27, 2012 6:58:00 AM UTC	1346075880000	30	30	yes	16.6	93.9	20972	20821	13817	6613	90	39063	1501	1410	1	3172	2724	448
August 27, 2012 6:59:00 AM UTC	1346075940000	31	30	yes	16.8	94.1	20972	20821	13800	6692	84	39007	1486	1402	0	3166	2705	461
August 27, 2012 7:00:00 AM UTC	1346076000000	32	29	yes	17.0	94.3	20972	20821	13812	6700	90	38981	1521	1431	0	3151	2658	493
August 27, 2012 7:01:00 AM UTC	1346076060000	33	29	yes	17.1	94.5	20972	20821	13812	6700	89	38982	1533	1444	0	3144	2667	477
August 27, 2012 7:02:00 AM UTC	1346076120000	34	29	yes	17.3	94.7	20972	20821	13817	6687	86	38993	1548	1462	0	3137	2664	473
August 27, 2012 7:03:00 AM UTC	1346076180000	35	29	yes	17.5	94.9	20972	20821	13817	6687	83	38996	1561	1478	0	3131	2676	455
August 27, 2012 7:04:00 AM UTC	1346076240000	37	29	yes	17.6	95.1	20972	20821	13816	6698	81	38988	1572	1491	0	3121	2637	484
August 27, 2012 7:05:00 AM UTC	1346076300000	37	29	yes	17.8	95.3	20972	20821	13817	6615	79	39072	1596	1517	0	3114	2601	513
August 27, 2012 7:06:00 AM UTC	1346076360000	38	30	yes	18.0	95.5	20972	20821	13818	6643	78	39044	1609	1531	0	3106	2535	571
August 27, 2012 7:07:00 AM UTC	1346076420000	39	32	yes	18.1	95.7	20972	20821	13818	6643	75	39047	1621	1546	0	3100	2513	587
August 27, 2012 7:08:00 AM UTC	1346076480000	41	34	yes	18.3	95.8	20972	20821	13818	6644	72	39049	1631	1559	0	3095	2464	631
August 27, 2012 7:09:00 AM UTC	1346076540000	43	36	yes	18.5	96.0	20972	20821	13818	6644	71	39050	1645	1574	0	3089	2426	663
August 27, 2012 7:10:00 AM UTC	1346076600000	46	39	yes	18.6	96.2	20972	20821	13817	6636	69	39061	1659	1590	0	3079	2338	741
August 27, 2012 7:11:00 AM UTC	1346076660000	49	41	yes	18.8	96.4	20972	20821	13817	6636	65	39065	1671	1606	0	3072	2242	830
August 27, 2012 7:12:00 AM UTC	1346076720000	52	41	yes	19.0	96.6	20972	20821	13800	6715	56	39012	1653	1597	0	3068	2225	843
August 27, 2012 7:13:00 AM UTC	1346076780000	55	41	yes	19.1	96.8	20972	20821	13817	6642	59	39065	1693	1634	0	3063	2267	796
August 27, 2012 7:14:00 AM UTC	1346076840000	59	39	yes	19.3	97.0	20972	20821	13801	6715	54	39013	1678	1624	0	3059	2305	754
August 27, 2012 7:15:00 AM UTC	1346076900000	64	35	yes	19.4	97.2	20972	20821	13817	6643	53	39070	1725	1672	0	3045	2537	508
August 27, 2012 7:16:00 AM UTC	1346076960000	69	30	no	19.6	97.4	20972	20821	13801	6717	49	39016	1712	1663	0	3040	2656	384
August 27, 2012 7:17:00 AM UTC	1346077020000	74	25	no	19.8	97.6	20972	20821	13816	6644	52	39071	1751	1699	0	3034	2735	299
August 27, 2012 7:18:00 AM UTC	1346077080000	77	23	no	19.9	97.8	20972	20821	13798	6717	42	39026	1737	1695	0	3026	2783	243
August 27, 2012 7:19:00 AM UTC	1346077140000	80	20	no	20.1	98.0	20972	20821	13813	6723	40	39007	1757	1672	45	3034	2837	197
August 27, 2012 7:20:00 AM UTC	1346077200000	82	18	no	20.3	98.2	20972	20821	13798	6726	29	39030	1756	1719	8	3015	2899	116
August 27, 2012 7:21:00 AM UTC	1346077260000	83	17	no	20.4	98.4	20972	20821	13813	6653	40	39077	1801	1761	0	3016	2901	115
August 27, 2012 7:22:00 AM UTC	1346077320000	86	14	no	20.6	98.6	20972	20821	13813	6653	39	39078	1808	1769	0	3005	2959	46
August 27, 2012 7:23:00 AM UTC	1346077380000	89	11	no	20.8	98.8	20972	20821	13812	6676	37	39058	1825	1783	5	3000	2980	20
August 27, 2012 7:24:00 AM UTC	1346077440000	92	8	yes	20.9	99.0	20972	20821	13812	6676	32	39063	1833	1801	0	2994	2983	11
August 27, 2012 7:25:00 AM UTC	1346077500000	93	7	yes	21.1	99.2	20972	20821	13812	6677	25	39069	1850	1825	0	2999	2999	0
August 27, 2012 7:26:00 AM UTC	1346077560000	94	6	no	21.3	99.4	20972	20821	13812	6677	22	39072	1864	1842	0	2988	2988	0
August 27, 2012 7:27:00 AM UTC	1346077620000	97	3	yes	21.4	99.6	20972	20821	13809	6689	23	39062	1873	1850	0	2986	2986	0
August 27, 2012 7:28:00 AM UTC	1346077680000	97	3	no	21.6	99.7	20972	20821	13809	6689	20	39065	1883	1863	0	2971	2971	0
August 27, 2012 7:29:00 AM UTC	1346077740000	98	2	no	21.7	99.9	20972	20821	13809	6691	17	39066	1899	1882	0	2971	2971	0
August 27, 2012 7:30:00 AM UTC	1346077800000	98	2	no	21.9	100.1	20972	20821	13809	6691	8	39075	1912	1904	0	2969	2969	0
August 27, 2012 7:31:00 AM UTC	1346077860000	98	2	no	22.1	100.3	20972	20821	13809	6691	6	39077	1926	1920	0	2962	2962	0
August 27, 2012 7:32:00 AM UTC	1346077920000	97	3	no	22.2	100.5	20972	20821	13809	6691	2	39081	1935	1933	0	2964	2964	0
August 27, 2012 7:33:00 AM UTC	1346077980000	96	4	no	22.4	100.7	20972	20821	13805	6710	3	39065	1940	1937	0	2959	2959	0
August 27, 2012 7:34:00 AM UTC	1346078040000	96	4	no	22.6	100.9	20972	20821	13809	6625	2	39147	1971	1969	0	2953	2953	0
August 27, 2012 7:35:00 AM UTC	1346078100000	95	5	no	22.7	101.1	20972	20821	13808	6626	2	39147	1982	1980	0	2948	2948	0
August 27, 2012 7:36:00 AM UTC	1346078160000	96	4	no	22.9	101.3	20972	20821	13807	6622	1	39153	1991	1990	0	2944	2944	0
August 27, 2012 7:37:00 AM UTC	1346078220000	95	5	no	23.1	101.5	20972	20821	13805	6638	1	39139	2002	2001	0	2941	2941	0
August 27, 2012 7:38:00 AM UTC	1346078280000	94	6	no	23.2	101.7	20972	20821	13805	6638	0	39140	2017	2017	0	2937	2937	0
August 27, 2012 7:39:00 AM UTC	1346078340000	94	5	no	23.4	101.9	20972	20821	13801	6718	0	39064	2014	2014	0	2933	2933	0
August 27, 2012 7:40:00 AM UTC	1346078400000	95	5	no	23.5	102.1	20972	20821	13817	6679	0	39087	2051	2051	0	2936	2936	0
August 27, 2012 7:41:00 AM UTC	1346078460000	95	5	no	23.7	102.4	20972	20821	13801	6753	0	39029	2034	2034	0	2929	2929	0
August 27, 2012 7:42:00 AM UTC	1346078520000	95	5	no	23.9	102.6	20972	20821	13817	6683	0	39083	2081	2081	0	2924	2924	0
August 27, 2012 7:43:00 AM UTC	1346078580000	95	4	no	24.0	102.8	20972	20821	13806	6738	0	39039	2065	2065	0	2923	2923	0
August 27, 2012 7:44:00 AM UTC	1346078640000	95	5	no	24.2	103.0	20972	20821	13818	6683	0	39082	2101	2101	0	2922	2922	0
August 27, 2012 7:45:00 AM UTC	1346078700000	95	5	no	24.3	103.2	20972	20821	13802	6754	0	39027	2083	2083	0	2916	2916	0
August 27, 2012 7:46:00 AM UTC	1346078760000	94	5	no	24.5	103.4	20972	20821	13817	6683	0	39083	2125	2125	0	2915	2915	0
August 27, 2012 7:47:00 AM UTC	1346078820000	94	6	no	24.7	103.6	20972	20821	13820	6606	0	39157	2150	2150	0	2914	2914	0
August 27, 2012 7:48:00 AM UTC	1346078880000	93	6	no	24.8	103.8	20972	20821	13819	6606	0	39158	2157	2157	0	2915	2915	0
August 27, 2012 7:49:00 AM UTC	1346078940000	92	8	no	25.0	104.0	20972	20821	13816	6623	0	39144	2164	2164	0	2912	2912	0
August 27, 2012 7:50:00 AM UTC	1346079000000	90	9	no	25.2	104.2	20972	20821	13815	6624	0	39144	2177	2177	0	2909	2909	0
August 27, 2012 7:51:00 AM UTC	1346079060000	89	10	no	25.3	104.4	20972	20821	13815	6624	0	39144	2187	2187	0	2908	2908	0
August 27, 2012 7:52:00 AM UTC	1346079120000	87	12	no	25.5	104.6	20972	20821	13815	6626	0	39142	2196	2196	0	2907	2907	0
August 27, 2012 7:53:00 AM UTC	1346079180000	84	14	no	25.6	104.8	20972	20821	13815	6626	0	39142	2213	2213	0	2902	2902	0
August 27, 2012 7:54:00 AM UTC	1346079240000	81	16	no	25.8	105.0	20972	20821	13810	6647	0	39126	2213	2213	0	2901	2901	0
August 27, 2012 7:55:00 AM UTC	1346079300000	76	18	no	26.0	105.2	20972	20821	13810	6647	0	39126	2227	2227	0	2901	2901	0
August 27, 2012 7:56:00 AM UTC	1346079360000	74	18	no	26.1	105.4	20972	20821	13810	6644	0	39129	2240	2236	4	2897	2896	1
August 27, 2012 7:57:00 AM UTC	1346079420000	74	17	no	26.3	105.6	20972	20821	13810	6644	0	39129	2248	2248	0	2901	2901	0
August 27, 2012 7:58:00 AM UTC	1346079480000	72	18	no	26.4	105.9	20972	20821	13810	6645	0	39128	2264	2264	0	2897	2897	0
August 27, 2012 7:59:00 AM UTC	1346079540000	70	18	no	26.6	106.1	20972	20821	13808	6688	0	39087	2266	2261	5	2896	2896	0
August 27, 2012 8:00:00 AM UTC	1346079600000	68	20	no	26.8	106.3	20972	20821	13811	6682	0	39090	2279	2276	3	2897	2893	4
August 27, 2012 8:01:00 AM UTC	1346079660000	67	24	no	26.9	106.5	20972	20821	13811	6682	0	39090	2290	2274	16	2897	2867	30
August 27, 2012 8:02:00 AM UTC	1346079720000	67	28	no	27.1	106.7	20972	20821	13810	6692	0	39081	2293	2242	50	2898	2888	10
August 27, 2012 8:03:00 AM UTC	1346079780000	70	28	yes	27.2	106.9	20972	20821	13805	6713	0	39065	2299	2256	43	2899	2877	22
August 27, 2012 8:04:00 AM UTC	1346079840000	70	28	no	27.4	107.1	20972	20821	13805	6713	0	39065	2312	2210	102	2897	2778	119
August 27, 2012 8:05:00 AM UTC	1346079900000	70	27	no	27.6	107.3	20972	20821	13822	6640	0	39121	2350	2136	207	2896	2703	193
August 27, 2012 8:06:00 AM UTC	1346079960000	71	27	no	27.7	107.5	20972	20821	13805	6714	0	39064	2328	1971	349	2899	2478	421
August 27, 2012 8:07:00 AM UTC	1346080020000	73	26	no	27.9	107.8	20972	20821	13820	6648	0	39115	2379	1805	561	2891	2177	712
August 27, 2012 8:08:00 AM UTC	1346080080000	73	26	no	28.0	108.0	20972	20821	13800	6741	0	39042	2344	1681	659	2895	1971	924
August 27, 2012 8:09:00 AM UTC	1346080140000	75	25	no	28.2	108.2	20972	20821	13816	6671	0	39096	2387	1818	568	2895	1939	943
August 27, 2012 8:10:00 AM UTC	1346080200000	73	25	no	28.3	108.4	20972	20821	13804	6718	0	39061	2362	1848	514	2897	1855	1042
August 27, 2012 8:11:00 AM UTC	1346080260000	72	27	no	28.5	108.6	20972	20821	13824	6577	0	39182	2431	1931	500	2897	1812	1085
August 27, 2012 8:12:00 AM UTC	1346080320000	72	26	yes	28.7	108.8	20972	20821	13800	6691	0	39092	2385	2199	186	2898	1864	1034
August 27, 2012 8:13:00 AM UTC	1346080380000	71	27	yes	28.8	109.0	20972	20821	13818	6600	0	39165	2445	2371	74	2894	1826	1068
August 27, 2012 8:14:00 AM UTC	1346080440000	70	28	no	29.0	109.3	20972	20821	13807	6650	0	39126	2420	2348	72	2900	1639	1261
August 27, 2012 8:15:00 AM UTC	1346080500000	68	28	no	29.1	109.5	20972	20821	13818	6600	0	39165	2455	2284	166	2902	1688	1214
August 27, 2012 8:16:00 AM UTC	1346080560000	65	31	no	29.3	109.7	20972	20821	13796	6692	0	39095	2429	2166	262	2897	1733	1164
August 27, 2012 8:17:00 AM UTC	1346080620000	63	31	no	29.4	109.9	20972	20821	13813	6624	0	39146	2467	2198	269	2905	1853	1052
August 27, 2012 8:18:00 AM UTC	1346080680000	60	33	no	29.6	110.1	20972	20821	13818	6599	0	39166	2493	2039	454	2903	1906	997
August 27, 2012 8:19:00 AM UTC	1346080740000	61	32	no	29.8	110.4	20972	20821	13812	6670	0	39101	2478	2085	393	2911	1896	1015
August 27, 2012 8:20:00 AM UTC	1346080800000	63	32	no	29.9	110.6	20972	20821	13812	6679	0	39092	2479	2158	321	2911	1935	976
August 27, 2012 8:21:00 AM UTC	1346080860000	64	31	yes	30.1	110.8	20972	20821	13812	6679	0	39092	2495	2089	406	2910	1988	922
August 27, 2012 8:22:00 AM UTC	1346080920000	65	29	no	30.2	111.0	20972	20821	13813	6610	0	39160	2515	1953	562	2913	1953	960
August 27, 2012 8:23:00 AM UTC	1346080980000	67	27	no	30.4	111.2	20972	20821	13808	6637	0	39138	2519	1874	645	2913	2005	908
August 27, 2012 8:24:00 AM UTC	1346081040000	70	25	yes	30.5	111.5	20972	20821	13806	6637	0	39140	2514	1904	610	2920	2078	842
August 27, 2012 8:25:00 AM UTC	1346081100000	71	23	yes	30.7	111.7	20972	20821	13805	6716	0	39062	2509	2010	499	2921	2219	702
August 27, 2012 8:26:00 AM UTC	1346081160000	72	22	yes	30.8	111.9	20972	20821	13805	6717	0	39061	2526	2103	423	2920	2197	723
August 27, 2012 8:27:00 AM UTC	1346081220000	73	21	yes	31.0	112.1	20972	20821	13805	6717	0	39061	2524	2259	265	2932	2215	717
August 27, 2012 8:28:00 AM UTC	1346081280000	70	23	yes	31.1	112.4	20972	20821	13805	6716	0	39062	2543	2194	349	2930	2143	787
August 27, 2012 8:29:00 AM UTC	1346081340000	68	25	yes	31.3	112.6	20972	20821	13819	6647	0	39117	2581	2205	376	2935	1953	982
August 27, 2012 8:30:00 AM UTC	1346081400000	66	27	yes	31.5	112.8	20972	20821	13799	6743	0	39041	2538	2144	394	2945	1832	1104
August 27, 2012 8:31:00 AM UTC	1346081460000	64	28	no	31.6	113.0	20972	20821	13813	6688	0	39082	2581	2066	505	2936	1853	1074
August 27, 2012 8:32:00 AM UTC	1346081520000	64	28	no	31.8	113.3	20972	20821	13805	6728	0	39050	2563	1607	923	2943	1984	959
August 27, 2012 8:33:00 AM UTC	1346081580000	68	26	no	31.9	113.5	20972	20821	13815	6619	0	39149	2615	1572	1014	2945	2021	924
August 27, 2012 8:34:00 AM UTC	1346081640000	69	26	no	32.1	113.7	20972	20821	13799	6696	0	39088	2575	1621	938	2951	2158	793
August 27, 2012 8:35:00 AM UTC	1346081700000	73	23	no	32.2	114.0	20972	20821	13815	6620	0	39148	2628	2282	346	2956	2180	766
August 27, 2012 8:36:00 AM UTC	1346081760000	77	21	yes	32.4	114.2	20972	20821	13795	6707	0	39081	2595	2413	182	2953	2082	859
August 27, 2012 8:37:00 AM UTC	1346081820000	83	16	yes	32.5	114.4	20972	20821	13809	6648	0	39126	2625	2533	92	2962	2124	834
August 27, 2012 8:38:00 AM UTC	1346081880000	84	15	no	32.7	114.6	20972	20821	13815	6620	0	39148	2652	2641	11	2966	2293	673
August 27, 2012 8:39:00 AM UTC	1346081940000	84	13	no	32.8	114.9	20972	20821	13809	6645	0	39129	2642	2604	38	2971	2553	418
August 27, 2012 8:40:00 AM UTC	1346082000000	83	14	no	33.0	115.1	20972	20821	13808	6663	0	39112	2638	2581	57	2978	2628	350
August 27, 2012 8:41:00 AM UTC	1346082060000	82	14	no	33.1	115.3	20972	20821	13808	6663	0	39112	2648	2604	44	2977	2702	275
August 27, 2012 8:42:00 AM UTC	1346082120000	80	15	no	33.3	115.6	20972	20821	13801	6746	0	39036	2629	2618	11	2985	2817	168
August 27, 2012 8:43:00 AM UTC	1346082180000	76	19	no	33.4	115.8	20972	20821	13804	6679	0	39100	2657	2653	4	2988	2858	130
August 27, 2012 8:44:00 AM UTC	1346082240000	75	20	no	33.6	116.0	20972	20821	13825	6583	0	39175	2711	2671	40	2994	2951	43
August 27, 2012 8:45:00 AM UTC	1346082300000	76	18	no	33.7	116.3	20972	20821	13817	6615	0	39151	2706	2497	203	3000	2959	41
August 27, 2012 8:46:00 AM UTC	1346082360000	79	17	no	33.9	116.5	20972	20821	13817	6615	0	39151	2701	2355	260	3012	2997	15
August 27, 2012 8:47:00 AM UTC	1346082420000	84	15	no	34.0	116.8	20972	20821	13817	6615	0	39151	2714	2489	224	3011	3004	7
August 27, 2012 8:48:00 AM UTC	1346082480000	90	10	no	34.2	117.0	20972	20821	13809	6647	0	39127	2706	2698	6	3017	3013	4
August 27, 2012 8:49:00 AM UTC	1346082540000	94	6	yes	34.3	117.2	20972	20821	13817	6632	0	39134	2727	2715	12	3024	3011	13
August 27, 2012 8:50:00 AM UTC	1346082600000	94	6	yes	34.5	117.5	20972	20821	13817	6632	0	39134	2727	2636	91	3032	2998	34
August 27, 2012 8:51:00 AM UTC	1346082660000	95	5	no	34.6	117.7	20972	20821	13809	6667	0	39107	2703	2570	133	3038	2977	61
August 27, 2012 8:52:00 AM UTC	1346082720000	96	4	no	34.8	117.9	20972	20821	13809	6667	0	39107	2720	2555	165	3042	2925	117
August 27, 2012 8:53:00 AM UTC	1346082780000	97	3	no	34.9	118.2	20972	20821	13819	6567	0	39197	2763	2635	128	3043	2954	89
August 27, 2012 8:54:00 AM UTC	1346082840000	96	4	no	35.0	118.4	20972	20821	13826	6538	0	39219	2780	2630	150	3054	2975	79
August 27, 2012 8:55:00 AM UTC	1346082900000	97	3	yes	35.2	118.7	20972	20821	13810	6680	0	39093	2728	2528	200	3058	3024	34
August 27, 2012 8:56:00 AM UTC	1346082960000	98	2	yes	35.3	118.9	20972	20821	13816	6651	0	39116	2751	2519	229	3068	3048	20
August 27, 2012 8:57:00 AM UTC	1346083020000	99	1	yes	35.5	119.2	20972	20821	13801	6714	0	39068	2714	2613	101	3077	3033	44
August 27, 2012 8:58:00 AM UTC	1346083080000	99	1	no	35.6	119.4	20972	20821	13822	6635	0	39126	2766	2650	116	3079	3068	11
August 27, 2012 8:59:00 AM UTC	1346083140000	99	1	no	35.8	119.7	20972	20821	13816	6671	0	39096	2753	2703	50	3086	3084	2
August 27, 2012 9:00:00 AM UTC	1346083200000	99	1	no	35.9	119.9	20972	20821	13816	6671	0	39096	2760	2745	15	3090	3090	0
August 27, 2012 9:01:00 AM UTC	1346083260000	100	0	yes	36.1	120.1	20972	20821	13807	6706	0	39070	2737	2716	21	3102	3102	0
August 27, 2012 9:02:00 AM UTC	1346083320000	99	1	no	36.2	120.4	20972	20821	13817	6608	0	39158	2783	2712	71	3110	3109	1
August 27, 2012 9:03:00 AM UTC	1346083380000	99	1	no	36.3	120.6	20972	20821	13817	6608	0	39158	2790	2767	23	3121	3086	35
August 27, 2012 9:04:00 AM UTC	1346083440000	99	1	yes	36.5	120.9	20972	20821	13808	6644	0	39131	2771	2690	81	3130	3053	77
August 27, 2012 9:05:00 AM UTC	1346083500000	99	1	no	36.6	121.1	20972	20821	13808	6650	0	39125	2767	2722	45	3136	3055	81
August 27, 2012 9:06:00 AM UTC	1346083560000	99	1	no	36.8	121.4	20972	20821	13823	6581	0	39179	2813	2800	13	3145	3073	72
August 27, 2012 9:07:00 AM UTC	1346083620000	99	1	no	36.9	121.6	20972	20821	13808	6667	0	39108	2763	2726	37	3157	3116	41
August 27, 2012 9:08:00 AM UTC	1346083680000	99	1	no	37.1	121.9	20972	20821	13820	6605	0	39158	2804	2797	7	3165	3123	42
August 27, 2012 9:09:00 AM UTC	1346083740000	100	0	no	37.2	122.2	20972	20821	13808	6668	0	39107	2767	2767	0	3175	3144	31
August 27, 2012 9:10:00 AM UTC	1346083800000	100	0	no	37.3	122.4	20972	20821	13822	6669	0	39092	2800	2800	0	3184	3152	32
August 27, 2012 9:11:00 AM UTC	1346083860000	100	0	no	37.5	122.7	20972	20821	13814	6643	0	39126	2799	2799	0	3195	3182	13
August 27, 2012 9:12:00 AM UTC	1346083920000	100	0	no	37.6	122.9	20972	20821	13814	6643	0	39126	2802	2802	0	3199	3199	0
August 27, 2012 9:13:00 AM UTC	1346083980000	100	0	no	37.8	123.2	20972	20821	13815	6644	0	39124	2797	2797	0	3213	3213	0
August 27, 2012 9:14:00 AM UTC	1346084040000	100	0	no	37.9	123.4	20972	20821	13815	6644	0	39124	2797	2797	0	3225	3225	0
August 27, 2012 9:15:00 AM UTC	1346084100000	100	0	no	38.0	123.7	20972	20821	13815	6666	0	39102	2790	2790	0	3232	3232	0
August 27, 2012 9:16:00 AM UTC	1346084160000	100	0	no	38.2	124.0	20972	20821	13813	6674	0	39096	2773	2773	0	3251	3250	1
August 27, 2012 9:17:00 AM UTC	1346084220000	100	0	no	38.3	124.2	20972	20821	13814	6672	0	39097	2781	2781	0	3257	3257	0
August 27, 2012 9:18:00 AM UTC	1346084280000	99	1	no	38.4	124.5	20972	20821	13821	6649	0	39113	2795	2795	0	3267	3267	0
August 27, 2012 9:19:00 AM UTC	1346084340000	99	1	no	38.6	124.7	20972	20821	13816	6649	0	39118	2796	2796	0	3279	3279	0
August 27, 2012 9:20:00 AM UTC	1346084400000	99	1	no	38.7	125.0	20972	20821	13821	6592	0	39170	2814	2814	0	3277	3277	0
August 27, 2012 9:21:00 AM UTC	1346084460000	99	1	no	38.9	125.3	20972	20821	13806	6652	0	39125	2778	2778	0	3303	3303	0
August 27, 2012 9:22:00 AM UTC	1346084520000	99	1	no	39.0	125.5	20972	20821	13813	6632	0	39138	2791	2791	0	3315	3315	0
August 27, 2012 9:23:00 AM UTC	1346084580000	99	1	no	39.1	125.8	20972	20821	13820	6621	0	39142	2793	2793	0	3333	3333	0
August 27, 2012 9:24:00 AM UTC	1346084640000	99	1	no	39.3	126.1	20972	20821	13811	6662	0	39110	2776	2776	0	3337	3336	1
August 27, 2012 9:25:00 AM UTC	1346084700000	99	1	no	39.4	126.3	20972	20821	13812	6662	0	39109	2765	2765	0	3349	3348	1
August 27, 2012 9:26:00 AM UTC	1346084760000	100	0	no	39.5	126.6	20972	20821	13812	6662	0	39109	2771	2771	0	3360	3360	0
August 27, 2012 9:27:00 AM UTC	1346084820000	100	0	no	39.7	126.9	20972	20821	13812	6662	0	39109	2774	2774	0	3370	3370	0
August 27, 2012 9:28:00 AM UTC	1346084880000	100	0	no	39.8	127.1	20972	20821	13828	6550	0	39205	2824	2823	1	3389	3387	2
August 27, 2012 9:29:00 AM UTC	1346084940000	100	0	no	39.9	127.4	20972	20821	13815	6608	0	39160	2787	2785	2	3398	3398	0
August 27, 2012 9:30:00 AM UTC	1346085000000	100	0	no	40.1	127.7	20972	20821	13818	6593	0	39172	2800	2798	2	3408	3408	0
August 27, 2012 9:31:00 AM UTC	1346085060000	100	0	no	40.2	127.9	20972	20821	13817	6626	0	39140	2781	2781	0	3423	3401	22
August 27, 2012 9:32:00 AM UTC	1346085120000	99	1	no	40.3	128.2	20972	20821	13817	6626	0	39140	2786	2786	0	3428	3351	77
August 27, 2012 9:33:00 AM UTC	1346085180000	99	1	no	40.4	128.5	20972	20821	13818	6626	0	39139	2782	2778	4	3439	3302	137
August 27, 2012 9:34:00 AM UTC	1346085240000	100	0	no	40.6	128.8	20972	20821	13818	6626	0	39139	2776	2763	13	3453	3355	98
August 27, 2012 9:35:00 AM UTC	1346085300000	99	1	no	40.7	129.1	20972	20821	13817	6626	0	39140	2785	2785	0	3461	3307	154
August 27, 2012 9:36:00 AM UTC	1346085360000	100	0	no	40.8	129.3	20972	20821	13808	6616	0	39159	2774	2774	0	3476	3379	97
August 27, 2012 9:37:00 AM UTC	1346085420000	100	0	no	41.0	129.6	20972	20821	13818	6583	0	39182	2795	2795	0	3487	3477	10
August 27, 2012 9:38:00 AM UTC	1346085480000	100	0	no	41.1	129.9	20972	20821	13823	6548	0	39212	2812	2812	0	3501	3501	0
August 27, 2012 9:39:00 AM UTC	1346085540000	100	0	no	41.2	130.2	20972	20821	13819	6603	0	39161	2784	2784	0	3505	3505	0
August 27, 2012 9:40:00 AM UTC	1346085600000	100	0	no	41.3	130.4	20972	20821	13820	6596	0	39167	2791	2791	0	3518	3518	0
August 27, 2012 9:41:00 AM UTC	1346085660000	100	0	no	41.5	130.7	20972	20821	13797	6699	0	39087	2733	2733	0	3523	3523	0
August 27, 2012 9:42:00 AM UTC	1346085720000	100	0	no	41.6	131.0	20972	20821	13820	6596	0	39167	2789	2789	0	3539	3539	0
August 27, 2012 9:43:00 AM UTC	1346085780000	100	0	no	41.7	131.3	20972	20821	13821	6588	0	39174	2785	2785	0	3553	3553	0
August 27, 2012 9:44:00 AM UTC	1346085840000	100	0	no	41.8	131.6	20972	20821	13822	6554	0	39207	2807	2807	0	3558	3558	0
August 27, 2012 9:45:00 AM UTC	1346085900000	100	0	no	42.0	131.9	20972	20821	13824	6531	0	39228	2807	2806	1	3580	3580	0
August 27, 2012 9:46:00 AM UTC	1346085960000	100	0	no	42.1	132.2	20972	20821	13821	6583	0	39179	2790	2790	0	3582	3582	0
August 27, 2012 9:47:00 AM UTC	1346086020000	100	0	no	42.2	132.4	20972	20821	13822	6578	0	39183	2790	2790	0	3590	3590	0
August 27, 2012 9:48:00 AM UTC	1346086080000	100	0	no	42.3	132.7	20972	20821	13812	6625	0	39146	2756	2756	0	3601	3601	0
August 27, 2012 9:49:00 AM UTC	1346086140000	100	0	no	42.5	133.0	20972	20821	13822	6578	0	39183	2794	2794	0	3610	3610	0
August 27, 2012 9:50:00 AM UTC	1346086200000	100	0	yes	42.6	133.3	20972	20821	13812	6625	0	39146	2765	2765	0	3621	3621	0
August 27, 2012 9:51:00 AM UTC	1346086260000	100	0	no	42.7	133.6	20972	20821	13822	6578	0	39183	2788	2788	0	3637	3637	0
August 27, 2012 9:52:00 AM UTC	1346086320000	100	0	yes	42.8	133.9	20972	20821	13812	6590	0	39181	2783	2780	3	3641	3641	0
August 27, 2012 9:53:00 AM UTC	1346086380000	100	0	no	42.9	134.2	20972	20821	13822	6569	0	39192	2781	2777	4	3665	3665	0
August 27, 2012 9:54:00 AM UTC	1346086440000	100	0	yes	43.1	134.5	20972	20821	13810	6624	0	39149	2753	2737	16	3668	3668	0
August 27, 2012 9:55:00 AM UTC	1346086500000	100	0	no	43.2	134.8	20972	20821	13822	6569	0	39192	2791	2760	31	3676	3676	0
August 27, 2012 9:56:00 AM UTC	1346086560000	100	0	no	43.3	135.1	20972	20821	13809	6621	0	39153	2756	2756	0	3685	3685	0
August 27, 2012 9:57:00 AM UTC	1346086620000	100	0	no	43.4	135.4	20972	20821	13822	6569	0	39192	2786	2786	0	3695	3695	0
August 27, 2012 9:58:00 AM UTC	1346086680000	100	0	no	43.5	135.7	20972	20821	13823	6567	0	39193	2787	2787	0	3702	3702	0
August 27, 2012 9:59:00 AM UTC	1346086740000	100	0	no	43.6	136.0	20972	20821	13823	6579	0	39181	2787	2787	0	3717	3717	0
August 27, 2012 10:00:00 AM UTC	1346086800000	100	0	no	43.8	136.3	20972	20821	13822	6573	0	39188	2789	2789	0	3722	3722	0
August 27, 2012 10:01:00 AM UTC	1346086860000	100	0	no	43.9	136.6	20972	20821	13809	6624	0	39150	2752	2752	0	3734	3734	0
August 27, 2012 10:02:00 AM UTC	1346086920000	100	0	no	44.0	136.9	20972	20821	13821	6574	0	39188	2782	2782	0	3747	3747	0
August 27, 2012 10:03:00 AM UTC	1346086980000	100	0	no	44.1	137.2	20972	20821	13822	6573	0	39188	2778	2778	0	3758	3758	0
August 27, 2012 10:04:00 AM UTC	1346087040000	100	0	no	44.2	137.5	20972	20821	13810	6625	0	39148	2755	2755	0	3762	3762	0
August 27, 2012 10:05:00 AM UTC	1346087100000	100	0	no	44.3	137.8	20972	20821	13823	6572	0	39188	2784	2784	0	3769	3769	0
August 27, 2012 10:06:00 AM UTC	1346087160000	100	0	no	44.4	138.1	20972	20821	13813	6583	0	39187	2782	2782	0	3772	3772	0
August 27, 2012 10:07:00 AM UTC	1346087220000	100	0	no	44.5	138.4	20972	20821	13822	6588	0	39173	2777	2777	0	3791	3791	0
August 27, 2012 10:08:00 AM UTC	1346087280000	100	0	no	44.7	138.7	20972	20821	13822	6588	0	39173	2780	2780	0	3793	3793	0
August 27, 2012 10:09:00 AM UTC	1346087340000	100	0	no	44.8	139.0	20972	20821	13822	6588	0	39173	2770	2770	0	3813	3813	0
August 27, 2012 10:10:00 AM UTC	1346087400000	100	0	no	44.9	139.4	20972	20821	13811	6642	0	39130	2744	2744	0	3812	3812	0
August 27, 2012 10:11:00 AM UTC	1346087460000	100	0	no	45.0	139.7	20972	20821	13823	6588	0	39172	2774	2774	0	3825	3825	0
August 27, 2012 10:12:00 AM UTC	1346087520000	100	0	no	45.1	140.0	20972	20821	13810	6644	0	39129	2738	2738	0	3836	3836	0
August 27, 2012 10:13:00 AM UTC	1346087580000	100	0	no	45.2	140.3	20972	20821	13823	6556	0	39204	2789	2789	0	3849	3849	0
August 27, 2012 10:14:00 AM UTC	1346087640000	100	0	no	45.3	140.6	20972	20821	13833	6555	0	39195	2793	2793	0	3859	3859	0
August 27, 2012 10:15:00 AM UTC	1346087700000	100	0	no	45.4	140.9	20972	20821	13820	6610	0	39153	2766	2766	0	3861	3861	0
August 27, 2012 10:16:00 AM UTC	1346087760000	99	1	no	45.5	141.3	20972	20821	13820	6610	0	39153	2769	2769	0	3865	3864	1
August 27, 2012 10:17:00 AM UTC	1346087820000	98	2	no	45.6	141.6	20972	20821	13807	6665	0	39111	2731	2731	0	3874	3872	2
August 27, 2012 10:18:00 AM UTC	1346087880000	96	3	no	45.7	141.9	20972	20821	13819	6610	0	39154	2764	2764	0	3889	3840	49
August 27, 2012 10:19:00 AM UTC	1346087940000	94	6	no	45.8	142.2	20972	20821	13807	6662	0	39114	2738	2738	0	3890	3706	184
August 27, 2012 10:20:00 AM UTC	1346088000000	93	7	no	45.9	142.5	20972	20821	13816	6584	0	39183	2768	2768	0	3905	3564	341
August 27, 2012 10:21:00 AM UTC	1346088060000	89	11	no	46.0	142.9	20972	20821	13815	6642	0	39126	2752	2748	4	3911	3356	555
August 27, 2012 10:22:00 AM UTC	1346088120000	86	14	no	46.1	143.2	20972	20821	13815	6642	0	39126	2737	2659	78	3925	3205	717
August 27, 2012 10:23:00 AM UTC	1346088180000	82	18	no	46.2	143.5	20972	20821	13815	6642	0	39126	2750	2536	213	3926	3164	754
August 27, 2012 10:24:00 AM UTC	1346088240000	79	20	yes	46.3	143.8	20972	20821	13801	6699	0	39083	2718	2173	445	3932	3111	813
August 27, 2012 10:25:00 AM UTC	1346088300000	74	23	no	46.4	144.2	20972	20821	13803	6701	0	39079	2721	1782	571	3934	2968	951
August 27, 2012 10:26:00 AM UTC	1346088360000	69	26	yes	46.5	144.5	20972	20821	13825	6598	0	39160	2768	1560	739	3949	2914	987
August 27, 2012 10:27:00 AM UTC	1346088420000	63	29	no	46.6	144.8	20972	20821	13810	6685	0	39088	2727	1349	869	3961	2838	961
August 27, 2012 10:28:00 AM UTC	1346088480000	57	34	yes	46.7	145.2	20972	20821	13810	6685	0	39088	2735	1307	957	3953	2740	1130
August 27, 2012 10:29:00 AM UTC	1346088540000	52	32	yes	46.8	145.5	20972	20821	13810	6685	0	39088	2732	1269	703	3979	2742	1042
August 27, 2012 10:30:00 AM UTC	1346088600000	48	33	yes	46.9	145.8	20972	20821	13810	6685	0	39088	2733	1345	705	3976	2708	1010
August 27, 2012 10:31:00 AM UTC	1346088660000	43	35	yes	47.0	146.2	20972	20821	13818	6644	0	39121	2751	1107	582	3990	2689	1017
August 27, 2012 10:32:00 AM UTC	1346088720000	31	37	no	47.1	146.5	20972	20821	13810	6684	0	39089	2732	983	804	3998	2649	1113
August 27, 2012 10:33:00 AM UTC	1346088780000	30	37	yes	47.2	146.8	20972	20821	13806	6670	0	39107	2734	1075	915	3996	2608	1204
August 27, 2012 10:34:00 AM UTC	1346088840000	28	36	yes	47.3	147.2	20972	20821	13810	6686	0	39087	2731	999	955	4005	2552	1217
August 27, 2012 10:35:00 AM UTC	1346088900000	25	36	yes	47.3	147.5	20972	20821	13820	6668	0	39095	2737	555	1322	4021	2309	1558
August 27, 2012 10:36:00 AM UTC	1346088960000	21	36	yes	47.4	147.8	20972	20821	13815	6631	0	39137	2749	347	1491	4024	2129	1820
August 27, 2012 10:37:00 AM UTC	1346089020000	18	34	yes	47.5	148.2	20972	20821	13815	6632	0	39136	2748	325	1322	4026	1970	1807
August 27, 2012 10:38:00 AM UTC	1346089080000	15	35	yes	47.6	148.5	20972	20821	13815	6632	0	39136	2752	193	1703	4038	1929	1999
August 27, 2012 10:39:00 AM UTC	1346089140000	13	33	yes	47.7	148.9	20972	20821	13803	6693	0	39087	2721	80	1833	4029	1881	2034
August 27, 2012 10:40:00 AM UTC	1346089200000	12	33	yes	47.8	149.2	20972	20821	13801	6726	0	39056	2708	113	1874	4040	1882	2089
August 27, 2012 10:41:00 AM UTC	1346089260000	11	32	yes	47.9	149.6	20972	20821	13816	6665	0	39102	2737	97	1912	4048	1925	2069
August 27, 2012 10:42:00 AM UTC	1346089320000	11	30	yes	48.0	149.9	20972	20821	13825	6617	0	39141	2760	113	1971	4068	1968	2054
August 27, 2012 10:43:00 AM UTC	1346089380000	12	28	yes	48.0	150.2	20972	20821	13803	6715	0	39065	2709	133	1849	4061	2023	1932
August 27, 2012 10:44:00 AM UTC	1346089440000	13	30	yes	48.1	150.6	20972	20821	13809	6689	0	39085	2721	191	1928	4068	2189	1828
August 27, 2012 10:45:00 AM UTC	1346089500000	13	31	yes	48.2	150.9	20972	20821	13817	6653	0	39113	2741	414	1744	4085	2316	1758
August 27, 2012 10:46:00 AM UTC	1346089560000	14	30	yes	48.3	151.3	20972	20821	13808	6735	0	39040	2709	596	1590	4083	2392	1664
August 27, 2012 10:47:00 AM UTC	1346089620000	15	30	yes	48.4	151.6	20972	20821	13818	6615	0	39150	2755	639	1756	4100	2619	1452
August 27, 2012 10:48:00 AM UTC	1346089680000	17	30	yes	48.4	152.0	20972	20821	13818	6615	0	39150	2752	974	1558	4099	2699	1395
August 27, 2012 10:49:00 AM UTC	1346089740000	18	31	yes	48.5	152.4	20972	20821	13825	6584	0	39174	2764	1312	1173	4115	2864	1249
August 27, 2012 10:50:00 AM UTC	1346089800000	21	31	yes	48.6	152.7	20972	20821	13817	6615	0	39151	2742	1447	990	4115	3144	967
August 27, 2012 10:51:00 AM UTC	1346089860000	23	34	yes	48.7	153.1	20972	20821	13811	6645	0	39127	2738	1629	883	4113	3328	765
August 27, 2012 10:52:00 AM UTC	1346089920000	25	38	yes	48.7	153.4	20972	20821	13810	6714	0	39059	2707	1617	1008	4115	3477	638
August 27, 2012 10:53:00 AM UTC	1346089980000	29	40	yes	48.8	153.8	20972	20821	13810	6688	0	39085	2730	1654	952	4121	3622	499
August 27, 2012 10:54:00 AM UTC	1346090040000	35	40	yes	48.9	154.1	20972	20821	13810	6688	0	39085	2724	1904	679	4128	3689	439
August 27, 2012 10:55:00 AM UTC	1346090100000	40	41	yes	49.0	154.5	20972	20821	13802	6720	0	39061	2710	1815	880	4124	3893	231
August 27, 2012 10:56:00 AM UTC	1346090160000	43	41	no	49.0	154.8	20972	20821	13810	6640	0	39133	2740	2013	687	4135	3977	158
August 27, 2012 10:57:00 AM UTC	1346090220000	50	37	no	49.1	155.2	20972	20821	13818	6609	0	39156	2756	1984	562	4147	4066	81
August 27, 2012 10:58:00 AM UTC	1346090280000	57	33	no	49.2	155.6	20972	20821	13818	6609	0	39156	2759	2258	350	4149	4026	123
August 27, 2012 10:59:00 AM UTC	1346090340000	63	30	no	49.2	155.9	20972	20821	13825	6626	0	39132	2748	2595	153	4162	3807	355
August 27, 2012 11:00:00 AM UTC	1346090400000	64	29	no	49.3	156.3	20972	20821	13803	6721	0	39059	2703	2695	8	4151	3458	693
August 27, 2012 11:01:00 AM UTC	1346090460000	67	27	no	49.4	156.7	20972	20821	13808	6694	0	39081	2711	2691	20	4162	3070	1092
August 27, 2012 11:02:00 AM UTC	1346090520000	70	26	no	49.4	157.0	20972	20821	13809	6694	0	39080	2718	2630	88	4166	2801	1365
August 27, 2012 11:03:00 AM UTC	1346090580000	73	24	no	49.5	157.4	20972	20821	13815	6664	0	39104	2733	2545	188	4178	2617	1561
August 27, 2012 11:04:00 AM UTC	1346090640000	72	27	no	49.6	157.8	20972	20821	13808	6694	0	39081	2716	2486	197	4175	2489	1684
August 27, 2012 11:05:00 AM UTC	1346090700000	70	29	no	49.6	158.1	20972	20821	13806	6748	0	39029	2701	2312	241	4178	2368	1800
August 27, 2012 11:06:00 AM UTC	1346090760000	68	31	yes	49.7	158.5	20972	20821	13799	6705	0	39079	2708	2082	436	4180	2298	1878
August 27, 2012 11:07:00 AM UTC	1346090820000	64	34	no	49.7	158.9	20972	20821	13802	6706	0	39075	2709	1808	495	4185	2243	1921
August 27, 2012 11:08:00 AM UTC	1346090880000	61	35	no	49.8	159.2	20972	20821	13806	6677	0	39100	2722	1780	342	4195	2147	2005
August 27, 2012 11:09:00 AM UTC	1346090940000	58	37	no	49.9	159.6	20972	20821	13801	6704	0	39078	2701	1658	410	4194	2015	2108
August 27, 2012 11:10:00 AM UTC	1346091000000	54	38	no	49.9	160.0	20972	20821	13806	6644	0	39133	2729	1586	414	4200	1793	2244
August 27, 2012 11:11:00 AM UTC	1346091060000	52	39	no	50.0	160.4	20972	20821	13820	6645	0	39118	2733	1393	510	4214	1722	2294
August 27, 2012 11:12:00 AM UTC	1346091120000	48	40	yes	50.0	160.7	20972	20821	13825	6606	0	39152	2756	1184	620	4227	1573	2384
August 27, 2012 11:13:00 AM UTC	1346091180000	45	41	no	50.1	161.1	20972	20821	13827	6602	0	39154	2759	1193	588	4228	1522	2348
August 27, 2012 11:14:00 AM UTC	1346091240000	44	40	yes	50.1	161.5	20972	20821	13806	6693	0	39084	2713	1228	439	4212	1465	2509
August 27, 2012 11:15:00 AM UTC	1346091300000	40	41	yes	50.2	161.9	20972	20821	13812	6673	0	39098	2721	1029	618	4228	1327	2690
August 27, 2012 11:16:00 AM UTC	1346091360000	36	44	yes	50.2	162.2	20972	20821	13812	6673	0	39098	2722	1131	764	4226	1289	2829
August 27, 2012 11:17:00 AM UTC	1346091420000	34	48	yes	50.3	162.6	20972	20821	13817	6651	0	39115	2739	1144	855	4234	1248	2930
August 27, 2012 11:18:00 AM UTC	1346091480000	34	50	yes	50.3	163.0	20972	20821	13816	6716	0	39051	2710	1188	1027	4234	1321	2872
August 27, 2012 11:19:00 AM UTC	1346091540000	32	51	no	50.4	163.4	20972	20821	13816	6714	0	39053	2715	1287	899	4236	1306	2846
August 27, 2012 11:20:00 AM UTC	1346091600000	35	51	yes	50.4	163.7	20972	20821	13818	6632	0	39133	2743	1527	818	4246	1339	2727
August 27, 2012 11:21:00 AM UTC	1346091660000	37	49	yes	50.5	164.1	20972	20821	13818	6632	0	39133	2743	1672	713	4245	1306	2835
August 27, 2012 11:22:00 AM UTC	1346091720000	40	46	yes	50.5	164.5	20972	20821	13823	6574	0	39186	2769	1710	522	4255	1339	2674
August 27, 2012 11:23:00 AM UTC	1346091780000	39	46	yes	50.6	164.9	20972	20821	13823	6574	0	39186	2760	1714	518	4260	1338	2647
August 27, 2012 11:24:00 AM UTC	1346091840000	38	45	yes	50.6	165.3	20972	20821	13820	6641	0	39122	2741	1801	336	4263	1280	2560
August 27, 2012 11:25:00 AM UTC	1346091900000	38	44	no	50.7	165.7	20972	20821	13824	6626	0	39133	2746	1771	363	4265	1267	2437
August 27, 2012 11:26:00 AM UTC	1346091960000	41	40	no	50.7	166.0	20972	20821	13809	6695	0	39079	2714	1753	383	4256	1415	2375
August 27, 2012 11:27:00 AM UTC	1346092020000	41	41	yes	50.7	166.4	20972	20821	13809	6695	0	39079	2712	1643	508	4258	1502	2166
August 27, 2012 11:28:00 AM UTC	1346092080000	40	40	yes	50.8	166.8	20972	20821	13810	6695	0	39078	2718	1281	652	4259	1556	2196
August 27, 2012 11:29:00 AM UTC	1346092140000	38	34	no	50.8	167.2	20972	20821	13810	6695	0	39078	2705	958	502	4266	1588	1879
August 27, 2012 11:30:00 AM UTC	1346092200000	37	35	yes	50.8	167.6	20972	20821	13809	6769	0	39005	2682	692	463	4263	1729	2037
August 27, 2012 11:31:00 AM UTC	1346092260000	33	34	yes	50.9	168.0	20972	20821	13815	6669	0	39099	2732	280	605	4270	1774	1843
August 27, 2012 11:32:00 AM UTC	1346092320000	30	33	yes	50.9	168.3	20972	20821	13815	6669	0	39099	2724	79	382	4274	1841	1919
August 27, 2012 11:33:00 AM UTC	1346092380000	28	32	yes	50.9	168.7	20972	20821	13817	6638	0	39128	2741	56	303	4274	1887	1729
August 27, 2012 11:34:00 AM UTC	1346092440000	26	30	yes	51.0	169.1	20972	20821	13820	6623	0	39140	2737	22	276	4278	1962	1690
August 27, 2012 11:35:00 AM UTC	1346092500000	24	27	yes	51.0	169.5	20972	20821	13820	6623	0	39140	2747	0	284	4280	2082	1586
August 27, 2012 11:36:00 AM UTC	1346092560000	22	27	yes	51.0	169.9	20972	20821	13820	6623	0	39140	2735	0	197	4285	2198	1487
August 27, 2012 11:37:00 AM UTC	1346092620000	21	25	yes	51.1	170.3	20972	20821	13821	6684	0	39078	2720	21	335	4287	2297	1502
August 27, 2012 11:38:00 AM UTC	1346092680000	19	26	yes	51.1	170.7	20972	20821	13824	6690	0	39069	2715	47	441	4293	2390	1458
August 27, 2012 11:39:00 AM UTC	1346092740000	18	25	yes	51.1	171.1	20972	20821	13806	6760	0	39017	2687	68	528	4279	2566	1365
August 27, 2012 11:40:00 AM UTC	1346092800000	17	26	yes	51.1	171.5	20972	20821	13809	6751	0	39023	2688	122	550	4282	2731	1378
August 27, 2012 11:41:00 AM UTC	1346092860000	17	26	yes	51.2	171.9	20972	20821	13810	6668	0	39105	2726	301	529	4286	2968	1138
August 27, 2012 11:42:00 AM UTC	1346092920000	17	27	yes	51.2	172.2	20972	20821	13810	6642	0	39131	2732	413	642	4286	3075	994
August 27, 2012 11:43:00 AM UTC	1346092980000	17	25	yes	51.2	172.6	20972	20821	13810	6640	0	39133	2725	513	633	4295	3272	799
August 27, 2012 11:44:00 AM UTC	1346093040000	18	26	yes	51.2	173.0	20972	20821	13810	6717	0	39056	2706	695	577	4287	3410	750
August 27, 2012 11:45:00 AM UTC	1346093100000	18	24	yes	51.3	173.4	20972	20821	13811	6717	0	39055	2698	785	528	4293	3573	600
August 27, 2012 11:46:00 AM UTC	1346093160000	17	25	yes	51.3	173.8	20972	20821	13811	6717	0	39055	2707	597	640	4292	3748	523
August 27, 2012 11:47:00 AM UTC	1346093220000	18	24	yes	51.3	174.2	20972	20821	13812	6716	0	39055	2703	575	766	4295	3887	388
August 27, 2012 11:48:00 AM UTC	1346093280000	18	25	yes	51.3	174.6	20972	20821	13814	6708	0	39061	2707	663	688	4301	3943	353
August 27, 2012 11:49:00 AM UTC	1346093340000	18	23	yes	51.3	175.0	20972	20821	13815	6707	0	39061	2705	764	632	4297	3978	315
August 27, 2012 11:50:00 AM UTC	1346093400000	18	21	no	51.3	175.4	20972	20821	13819	6601	0	39163	2749	915	660	4299	4016	277
August 27, 2012 11:51:00 AM UTC	1346093460000	18	16	no	51.3	175.8	20972	20821	13815	6694	0	39074	2708	1173	614	4303	4061	201
August 27, 2012 11:52:00 AM UTC	1346093520000	20	19	yes	51.4	176.2	20972	20821	13815	6692	0	39076	2712	1423	623	4300	4122	162
August 27, 2012 11:53:00 AM UTC	1346093580000	20	21	yes	51.4	176.6	20972	20821	13816	6687	0	39080	2712	1542	535	4302	4165	114
August 27, 2012 11:54:00 AM UTC	1346093640000	21	18	yes	51.4	177.0	20972	20821	13816	6687	0	39080	2710	1591	636	4303	4224	79
August 27, 2012 11:55:00 AM UTC	1346093700000	22	18	no	51.4	177.4	20972	20821	13816	6687	0	39080	2713	1785	585	4303	4250	53
August 27, 2012 11:56:00 AM UTC	1346093760000	23	17	no	51.4	177.8	20972	20821	13816	6687	0	39080	2709	2002	379	4305	4279	26
August 27, 2012 11:57:00 AM UTC	1346093820000	25	20	no	51.4	178.1	20972	20821	13815	6687	0	39081	2710	2136	215	4305	4283	22
August 27, 2012 11:58:00 AM UTC	1346093880000	27	20	no	51.4	178.5	20972	20821	13816	6663	0	39104	2718	2369	94	4304	4299	5
August 27, 2012 11:59:00 AM UTC	1346093940000	29	20	no	51.4	178.9	20972	20821	13816	6662	0	39105	2716	2471	44	4305	4305	0
August 27, 2012 12:00:00 PM UTC	1346094000000	31	18	no	51.4	179.3	20972	20821	13817	6662	0	39104	2719	2429	88	4305	4305	0
August 27, 2012 12:01:00 PM UTC	1346094060000	33	20	yes	51.4	179.7	20972	20821	13818	6662	0	39103	2718	2389	109	4308	4308	0
August 27, 2012 12:02:00 PM UTC	1346094120000	34	22	yes	51.4	180.1	20972	20821	13818	6662	0	39103	2719	2453	88	4307	4304	3
August 27, 2012 12:03:00 PM UTC	1346094180000	33	18	no	51.4	180.5	20972	20821	13818	6662	0	39103	2717	2511	79	4302	4288	14
August 27, 2012 12:04:00 PM UTC	1346094240000	34	18	no	51.4	180.9	20972	20821	13817	6662	0	39104	2719	2570	65	4307	4287	20
August 27, 2012 12:05:00 PM UTC	1346094300000	35	17	no	51.4	181.3	20972	20821	13816	6662	0	39105	2717	2491	130	4306	4271	35
August 27, 2012 12:06:00 PM UTC	1346094360000	35	18	no	51.4	181.7	20972	20821	13816	6684	0	39083	2719	2491	106	4305	4272	28
August 27, 2012 12:07:00 PM UTC	1346094420000	36	19	no	51.4	182.1	20972	20821	13829	6617	0	39137	2747	2578	56	4323	4298	20
August 27, 2012 12:08:00 PM UTC	1346094480000	37	19	no	51.4	182.5	20972	20821	13816	6685	0	39082	2718	2616	48	4301	4286	14
August 27, 2012 12:09:00 PM UTC	1346094540000	38	20	no	51.4	182.9	20972	20821	13816	6685	0	39082	2717	2604	71	4302	4300	2
August 27, 2012 12:10:00 PM UTC	1346094600000	39	22	no	51.4	183.3	20972	20821	13816	6685	0	39082	2715	2606	62	4302	4299	3
August 27, 2012 12:11:00 PM UTC	1346094660000	39	22	no	51.4	183.7	20972	20821	13815	6690	0	39078	2713	2475	96	4300	4291	9
August 27, 2012 12:12:00 PM UTC	1346094720000	39	23	no	51.3	184.1	20972	20821	13816	6687	0	39080	2713	2371	85	4298	4233	65
August 27, 2012 12:13:00 PM UTC	1346094780000	40	23	no	51.3	184.5	20972	20821	13818	6604	0	39161	2748	2365	77	4300	4120	180
August 27, 2012 12:14:00 PM UTC	1346094840000	40	23	no	51.3	184.9	20972	20821	13815	6705	0	39063	2703	2350	52	4295	4010	285
August 27, 2012 12:15:00 PM UTC	1346094900000	41	23	no	51.3	185.3	20972	20821	13814	6705	0	39064	2706	2441	28	4298	3918	380
August 27, 2012 12:16:00 PM UTC	1346094960000	41	24	no	51.3	185.6	20972	20821	13812	6712	0	39059	2701	2474	97	4295	3672	622
August 27, 2012 12:17:00 PM UTC	1346095020000	41	25	no	51.3	186.0	20972	20821	13811	6713	0	39059	2701	2555	70	4293	3527	721
August 27, 2012 12:18:00 PM UTC	1346095080000	42	25	no	51.3	186.4	20972	20821	13811	6713	0	39059	2700	2544	84	4295	3405	777
August 27, 2012 12:19:00 PM UTC	1346095140000	42	24	no	51.2	186.8	20972	20821	13810	6713	0	39060	2704	2483	95	4290	3202	937
August 27, 2012 12:20:00 PM UTC	1346095200000	43	25	no	51.2	187.2	20972	20821	13810	6639	0	39134	2732	2460	106	4289	3027	1054
August 27, 2012 12:21:00 PM UTC	1346095260000	44	25	no	51.2	187.6	20972	20821	13810	6639	0	39134	2730	2440	106	4295	2962	1006
August 27, 2012 12:22:00 PM UTC	1346095320000	45	24	no	51.2	188.0	20972	20821	13810	6664	0	39109	2732	2414	91	4283	2760	1203
August 27, 2012 12:23:00 PM UTC	1346095380000	46	22	no	51.1	188.4	20972	20821	13809	6744	0	39030	2685	2312	107	4283	2636	1292
August 27, 2012 12:24:00 PM UTC	1346095440000	47	22	no	51.1	188.8	20972	20821	13806	6757	0	39020	2687	2275	101	4275	2576	1306
August 27, 2012 12:25:00 PM UTC	1346095500000	47	21	no	51.1	189.2	20972	20821	13807	6756	0	39020	2680	2231	127	4277	2547	1284
August 27, 2012 12:26:00 PM UTC	1346095560000	47	20	no	51.1	189.6	20972	20821	13807	6755	0	39021	2683	2170	156	4277	2484	1437
August 27, 2012 12:27:00 PM UTC	1346095620000	47	20	no	51.0	190.0	20972	20821	13808	6681	0	39094	2712	2127	247	4273	2543	1433
August 27, 2012 12:28:00 PM UTC	1346095680000	47	20	no	51.0	190.3	20972	20821	13805	6689	0	39089	2710	2033	240	4271	2584	1370
August 27, 2012 12:29:00 PM UTC	1346095740000	47	21	no	51.0	190.7	20972	20821	13806	6692	0	39085	2709	2007	398	4270	2640	1360
August 27, 2012 12:30:00 PM UTC	1346095800000	46	20	no	50.9	191.1	20972	20821	13802	6691	0	39090	2704	1958	291	4277	2658	1321
August 27, 2012 12:31:00 PM UTC	1346095860000	46	20	no	50.9	191.5	20972	20821	13817	6634	0	39132	2742	2006	335	4275	2620	1352
August 27, 2012 12:32:00 PM UTC	1346095920000	47	20	no	50.9	191.9	20972	20821	13815	6666	0	39102	2725	1925	473	4271	2731	1127
August 27, 2012 12:33:00 PM UTC	1346095980000	48	20	no	50.8	192.3	20972	20821	13812	6749	0	39022	2687	1915	510	4263	2745	1136
August 27, 2012 12:34:00 PM UTC	1346096040000	48	20	no	50.8	192.7	20972	20821	13811	6690	0	39082	2702	1970	614	4266	2747	1224
August 27, 2012 12:35:00 PM UTC	1346096100000	50	22	yes	50.8	193.1	20972	20821	13810	6691	0	39082	2713	2025	680	4258	2900	1251
August 27, 2012 12:36:00 PM UTC	1346096160000	50	23	yes	50.7	193.4	20972	20821	13810	6691	0	39082	2707	1981	704	4257	2968	1215
August 27, 2012 12:37:00 PM UTC	1346096220000	52	24	yes	50.7	193.8	20972	20821	13809	6691	0	39083	2716	2029	633	4256	2930	1285
August 27, 2012 12:38:00 PM UTC	1346096280000	51	24	no	50.7	194.2	20972	20821	13809	6691	0	39083	2710	2049	578	4256	2711	1512
August 27, 2012 12:39:00 PM UTC	1346096340000	53	26	yes	50.6	194.6	20972	20821	13809	6690	0	39084	2713	2082	617	4252	2461	1775
August 27, 2012 12:40:00 PM UTC	1346096400000	52	28	yes	50.6	195.0	20972	20821	13807	6640	0	39136	2734	1841	784	4251	2243	1989
August 27, 2012 12:41:00 PM UTC	1346096460000	51	30	yes	50.5	195.4	20972	20821	13808	6638	0	39137	2728	1518	928	4242	2068	2117
August 27, 2012 12:42:00 PM UTC	1346096520000	51	32	yes	50.5	195.7	20972	20821	13803	6695	0	39085	2710	1331	976	4243	2175	2005
August 27, 2012 12:43:00 PM UTC	1346096580000	50	32	yes	50.4	196.1	20972	20821	13803	6696	0	39084	2706	1190	872	4236	2238	1872
August 27, 2012 12:44:00 PM UTC	1346096640000	49	33	yes	50.4	196.5	20972	20821	13802	6701	0	39080	2710	991	768	4228	2374	1702
August 27, 2012 12:45:00 PM UTC	1346096700000	48	33	yes	50.3	196.9	20972	20821	13801	6778	0	39004	2675	827	869	4222	2483	1559
August 27, 2012 12:46:00 PM UTC	1346096760000	48	32	yes	50.3	197.2	20972	20821	13800	6788	0	38995	2667	632	794	4218	2446	1620
August 27, 2012 12:47:00 PM UTC	1346096820000	46	32	yes	50.2	197.6	20972	20821	13812	6668	0	39103	2724	548	683	4225	2249	1786
August 27, 2012 12:48:00 PM UTC	1346096880000	45	33	yes	50.2	198.0	20972	20821	13812	6668	0	39103	2724	444	663	4222	1806	2159
August 27, 2012 12:49:00 PM UTC	1346096940000	44	32	yes	50.1	198.4	20972	20821	13812	6668	0	39103	2723	464	631	4219	1330	2522
August 27, 2012 12:50:00 PM UTC	1346097000000	42	33	yes	50.1	198.8	20972	20821	13805	6695	0	39083	2708	467	520	4211	1279	2446
August 27, 2012 12:51:00 PM UTC	1346097060000	40	32	yes	50.0	199.1	20972	20821	13811	6668	0	39104	2732	378	495	4214	1167	2323
August 27, 2012 12:52:00 PM UTC	1346097120000	38	32	yes	50.0	199.5	20972	20821	13805	6695	0	39083	2710	220	364	4201	1114	2295
August 27, 2012 12:53:00 PM UTC	1346097180000	36	30	yes	49.9	199.9	20972	20821	13808	6624	0	39151	2743	86	243	4201	1052	2346
August 27, 2012 12:54:00 PM UTC	1346097240000	33	31	yes	49.9	200.2	20972	20821	13801	6699	0	39083	2707	13	173	4194	805	2498
August 27, 2012 12:55:00 PM UTC	1346097300000	30	33	yes	49.8	200.6	20972	20821	13815	6634	0	39134	2739	18	127	4201	670	2598
August 27, 2012 12:56:00 PM UTC	1346097360000	27	33	yes	49.7	201.0	20972	20821	13821	6610	0	39152	2755	52	135	4201	323	2919
August 27, 2012 12:57:00 PM UTC	1346097420000	25	34	yes	49.7	201.4	20972	20821	13815	6635	0	39133	2743	115	111	4192	97	3120
August 27, 2012 12:58:00 PM UTC	1346097480000	23	33	yes	49.6	201.7	20972	20821	13812	6716	0	39055	2712	86	136	4183	135	3059
August 27, 2012 12:59:00 PM UTC	1346097540000	20	32	yes	49.6	202.1	20972	20821	13808	6689	0	39086	2718	47	124	4173	180	2940
August 27, 2012 1:00:00 PM UTC	1346097600000	18	32	yes	49.5	202.5	20972	20821	13815	6663	0	39105	2729	20	112	4177	205	2994
August 27, 2012 1:01:00 PM UTC	1346097660000	16	30	yes	49.4	202.8	20972	20821	13809	6689	0	39085	2716	35	127	4164	265	3034
August 27, 2012 1:02:00 PM UTC	1346097720000	15	33	yes	49.4	203.2	20972	20821	13824	6623	0	39136	2752	33	137	4171	371	2961
August 27, 2012 1:03:00 PM UTC	1346097780000	13	30	yes	49.3	203.6	20972	20821	13816	6653	0	39114	2732	0	133	4163	401	2987
August 27, 2012 1:04:00 PM UTC	1346097840000	10	29	yes	49.2	203.9	20972	20821	13809	6688	0	39086	2722	0	159	4149	390	2995
August 27, 2012 1:05:00 PM UTC	1346097900000	9	28	yes	49.2	204.3	20972	20821	13802	6736	0	39045	2687	0	154	4140	389	2912
August 27, 2012 1:06:00 PM UTC	1346097960000	8	28	yes	49.1	204.6	20972	20821	13805	6663	0	39115	2726	8	224	4134	435	2886
August 27, 2012 1:07:00 PM UTC	1346098020000	7	28	yes	49.0	205.0	20972	20821	13810	6633	0	39140	2735	21	515	4146	511	2719
August 27, 2012 1:08:00 PM UTC	1346098080000	7	27	yes	49.0	205.4	20972	20821	13818	6652	0	39113	2745	97	574	4135	532	2710
August 27, 2012 1:09:00 PM UTC	1346098140000	7	28	yes	48.9	205.7	20972	20821	13810	6684	0	39089	2723	243	538	4127	502	2769
August 27, 2012 1:10:00 PM UTC	1346098200000	7	28	yes	48.8	206.1	20972	20821	13810	6684	0	39089	2729	410	449	4116	500	2841
August 27, 2012 1:11:00 PM UTC	1346098260000	7	27	yes	48.7	206.4	20972	20821	13802	6718	0	39063	2708	466	487	4110	452	2902
August 27, 2012 1:12:00 PM UTC	1346098320000	6	27	yes	48.7	206.8	20972	20821	13825	6575	0	39183	2775	452	620	4122	472	2894
August 27, 2012 1:13:00 PM UTC	1346098380000	7	26	yes	48.6	207.1	20972	20821	13817	6611	0	39155	2754	378	647	4110	576	2693
August 27, 2012 1:14:00 PM UTC	1346098440000	7	27	yes	48.5	207.5	20972	20821	13803	6676	0	39104	2718	398	842	4100	750	2431
August 27, 2012 1:15:00 PM UTC	1346098500000	7	26	yes	48.4	207.9	20972	20821	13806	6667	0	39110	2720	484	967	4089	884	2273
August 27, 2012 1:16:00 PM UTC	1346098560000	8	25	yes	48.4	208.2	20972	20821	13818	6611	0	39154	2758	599	1388	4096	1071	2305
August 27, 2012 1:17:00 PM UTC	1346098620000	8	25	yes	48.3	208.6	20972	20821	13808	6718	0	39057	2707	624	1219	4083	1100	2117
August 27, 2012 1:18:00 PM UTC	1346098680000	8	26	yes	48.2	208.9	20972	20821	13817	6650	0	39116	2741	837	1150	4078	1217	2007
August 27, 2012 1:19:00 PM UTC	1346098740000	9	24	yes	48.1	209.3	20972	20821	13809	6685	0	39089	2724	967	1114	4075	1316	1951
August 27, 2012 1:20:00 PM UTC	1346098800000	10	25	yes	48.0	209.6	20972	20821	13823	6623	0	39137	2754	1143	906	4071	1487	1870
August 27, 2012 1:21:00 PM UTC	1346098860000	11	24	yes	47.9	210.0	20972	20821	13809	6685	0	39089	2727	1200	792	4056	1644	1686
August 27, 2012 1:22:00 PM UTC	1346098920000	12	23	yes	47.9	210.3	20972	20821	13809	6685	0	39089	2718	1185	678	4051	1800	1424
August 27, 2012 1:23:00 PM UTC	1346098980000	12	23	yes	47.8	210.6	20972	20821	13801	6721	0	39061	2705	1048	757	4037	1877	1438
August 27, 2012 1:24:00 PM UTC	1346099040000	11	24	yes	47.7	211.0	20972	20821	13822	6622	0	39139	2748	792	1140	4048	1917	1309
August 27, 2012 1:25:00 PM UTC	1346099100000	10	24	yes	47.6	211.3	20972	20821	13815	6626	0	39142	2755	656	1185	4031	1929	1202
August 27, 2012 1:26:00 PM UTC	1346099160000	10	23	yes	47.5	211.7	20972	20821	13806	6665	0	39112	2725	681	1179	4024	1944	1202
August 27, 2012 1:27:00 PM UTC	1346099220000	10	23	yes	47.4	212.0	20972	20821	13815	6626	0	39142	2752	697	1265	4021	1947	1033
August 27, 2012 1:28:00 PM UTC	1346099280000	10	24	yes	47.3	212.4	20972	20821	13805	6665	0	39113	2724	696	1081	4011	1872	1261
August 27, 2012 1:29:00 PM UTC	1346099340000	10	22	yes	47.3	212.7	20972	20821	13805	6724	0	39054	2702	740	1005	4009	1776	1335
August 27, 2012 1:30:00 PM UTC	1346099400000	10	24	yes	47.2	213.0	20972	20821	13820	6663	0	39100	2740	801	1095	4005	1682	1433
August 27, 2012 1:31:00 PM UTC	1346099460000	10	24	yes	47.1	213.4	20972	20821	13818	6630	0	39135	2749	786	1046	4000	1576	1529
August 27, 2012 1:32:00 PM UTC	1346099520000	11	25	yes	47.0	213.7	20972	20821	13806	6690	0	39087	2725	778	1049	3975	1581	1530
August 27, 2012 1:33:00 PM UTC	1346099580000	11	24	yes	46.9	214.0	20972	20821	13818	6631	0	39134	2756	896	994	3989	1543	1519
August 27, 2012 1:34:00 PM UTC	1346099640000	12	24	yes	46.8	214.4	20972	20821	13810	6673	0	39100	2732	969	871	3962	1506	1539
August 27, 2012 1:35:00 PM UTC	1346099700000	12	24	yes	46.7	214.7	20972	20821	13810	6673	0	39100	2733	873	887	3964	1514	1561
August 27, 2012 1:36:00 PM UTC	1346099760000	11	25	yes	46.6	215.0	20972	20821	13822	6615	0	39146	2763	887	853	3976	1468	1534
August 27, 2012 1:37:00 PM UTC	1346099820000	10	25	yes	46.5	215.4	20972	20821	13802	6661	0	39120	2737	925	738	3939	1321	1587
August 27, 2012 1:38:00 PM UTC	1346099880000	10	25	yes	46.4	215.7	20972	20821	13811	6667	0	39105	2736	1245	816	3945	1279	1916
August 27, 2012 1:39:00 PM UTC	1346099940000	11	22	yes	46.3	216.0	20972	20821	13814	6638	0	39131	2744	1391	680	3933	1254	1654
August 27, 2012 1:40:00 PM UTC	1346100000000	12	21	yes	46.2	216.3	20972	20821	13825	6590	0	39168	2778	1500	640	3936	1157	1736
August 27, 2012 1:41:00 PM UTC	1346100060000	12	21	yes	46.1	216.7	20972	20821	13815	6638	0	39130	2746	1604	576	3924	1080	1890
August 27, 2012 1:42:00 PM UTC	1346100120000	13	20	yes	46.0	217.0	20972	20821	13806	6682	0	39095	2729	1579	475	3908	898	2066
August 27, 2012 1:43:00 PM UTC	1346100180000	14	21	yes	45.9	217.3	20972	20821	13816	6637	0	39130	2750	1678	458	3902	770	2182
August 27, 2012 1:44:00 PM UTC	1346100240000	14	24	yes	45.8	217.6	20972	20821	13822	6570	0	39191	2778	1675	542	3902	638	2221
August 27, 2012 1:45:00 PM UTC	1346100300000	14	24	yes	45.7	218.0	20972	20821	13816	6620	0	39147	2758	1567	599	3884	644	2033
August 27, 2012 1:46:00 PM UTC	1346100360000	14	26	yes	45.6	218.3	20972	20821	13819	6606	0	39158	2767	1441	644	3878	634	2054
August 27, 2012 1:47:00 PM UTC	1346100420000	13	26	yes	45.5	218.6	20972	20821	13820	6606	0	39157	2771	1321	738	3867	617	1835
August 27, 2012 1:48:00 PM UTC	1346100480000	12	29	yes	45.4	218.9	20972	20821	13820	6606	0	39157	2767	1205	794	3856	628	1882
August 27, 2012 1:49:00 PM UTC	1346100540000	10	28	yes	45.3	219.2	20972	20821	13810	6652	0	39121	2746	1117	734	3846	589	1860
August 27, 2012 1:50:00 PM UTC	1346100600000	9	28	yes	45.2	219.6	20972	20821	13823	6549	0	39211	2782	1027	962	3848	575	1865
August 27, 2012 1:51:00 PM UTC	1346100660000	9	27	yes	45.1	219.9	20972	20821	13822	6582	0	39179	2773	1094	1218	3836	572	2031
August 27, 2012 1:52:00 PM UTC	1346100720000	9	27	yes	45.0	220.2	20972	20821	13820	6588	0	39175	2767	1075	1113	3829	516	2160
August 27, 2012 1:53:00 PM UTC	1346100780000	9	26	yes	44.9	220.5	20972	20821	13823	6582	0	39178	2774	1122	1203	3818	472	2183
August 27, 2012 1:54:00 PM UTC	1346100840000	9	24	yes	44.8	220.8	20972	20821	13814	6630	0	39139	2750	1133	1181	3802	448	2357
August 27, 2012 1:55:00 PM UTC	1346100900000	9	23	yes	44.6	221.1	20972	20821	13810	6635	0	39138	2746	1161	1152	3791	387	2290
August 27, 2012 1:56:00 PM UTC	1346100960000	9	22	no	44.5	221.4	20972	20821	13811	6630	0	39142	2747	1233	1197	3788	467	2602
August 27, 2012 1:57:00 PM UTC	1346101020000	8	22	yes	44.4	221.7	20972	20821	13823	6532	0	39228	2799	1148	962	3783	335	1928
August 27, 2012 1:58:00 PM UTC	1346101080000	8	19	no	44.3	222.0	20972	20821	13812	6619	0	39152	2759	1300	936	3770	328	2402
August 27, 2012 1:59:00 PM UTC	1346101140000	7	18	yes	44.2	222.4	20972	20821	13810	6623	0	39150	2752	1306	611	3759	197	1948
August 27, 2012 2:00:00 PM UTC	1346101200000	7	19	yes	44.1	222.7	20972	20821	13822	6571	0	39190	2785	1502	839	3753	250	2412
August 27, 2012 2:01:00 PM UTC	1346101260000	6	18	yes	44.0	223.0	20972	20821	13808	6623	0	39152	2752	1294	835	3743	179	2152
August 27, 2012 2:02:00 PM UTC	1346101320000	6	19	yes	43.9	223.3	20972	20821	13821	6572	0	39190	2777	1234	933	3740	209	2032
August 27, 2012 2:03:00 PM UTC	1346101380000	5	20	yes	43.8	223.6	20972	20821	13809	6621	0	39153	2749	1120	1040	3721	245	2196
August 27, 2012 2:04:00 PM UTC	1346101440000	5	18	yes	43.6	223.9	20972	20821	13822	6580	0	39181	2787	1071	1203	3719	279	2112
August 27, 2012 2:05:00 PM UTC	1346101500000	5	21	yes	43.5	224.2	20972	20821	13823	6523	0	39237	2795	950	1425	3705	298	2310
August 27, 2012 2:06:00 PM UTC	1346101560000	4	20	yes	43.4	224.5	20972	20821	13822	6568	0	39193	2787	760	1398	3693	338	1991
August 27, 2012 2:07:00 PM UTC	1346101620000	4	19	yes	43.3	224.8	20972	20821	13809	6618	0	39156	2759	670	1334	3682	389	2078
August 27, 2012 2:08:00 PM UTC	1346101680000	3	19	yes	43.2	225.1	20972	20821	13822	6568	0	39193	2789	608	1446	3674	445	2118
August 27, 2012 2:09:00 PM UTC	1346101740000	3	19	yes	43.1	225.4	20972	20821	13811	6618	0	39154	2765	538	1487	3660	560	2148
August 27, 2012 2:10:00 PM UTC	1346101800000	4	18	yes	42.9	225.7	20972	20821	13822	6568	0	39193	2777	552	1445	3662	615	2244
August 27, 2012 2:11:00 PM UTC	1346101860000	3	18	yes	42.8	226.0	20972	20821	13812	6566	0	39205	2780	485	1434	3645	627	2295
August 27, 2012 2:12:00 PM UTC	1346101920000	3	17	yes	42.7	226.2	20972	20821	13823	6513	0	39247	2802	465	1464	3636	645	2353
August 27, 2012 2:13:00 PM UTC	1346101980000	3	17	yes	42.6	226.5	20972	20821	13822	6577	0	39184	2790	460	1459	3626	545	2466
August 27, 2012 2:14:00 PM UTC	1346102040000	3	17	yes	42.4	226.8	20972	20821	13822	6577	0	39184	2786	483	1439	3612	526	2516
August 27, 2012 2:15:00 PM UTC	1346102100000	3	18	yes	42.3	227.1	20972	20821	13822	6577	0	39184	2792	475	1437	3602	528	2390
August 27, 2012 2:16:00 PM UTC	1346102160000	3	19	yes	42.2	227.4	20972	20821	13809	6631	0	39143	2755	473	1440	3587	507	2479
August 27, 2012 2:17:00 PM UTC	1346102220000	3	19	yes	42.1	227.7	20972	20821	13822	6577	0	39184	2789	510	1439	3584	564	2382
August 27, 2012 2:18:00 PM UTC	1346102280000	3	20	yes	42.0	228.0	20972	20821	13810	6599	0	39174	2776	495	1408	3571	613	2336
August 27, 2012 2:19:00 PM UTC	1346102340000	4	19	yes	41.8	228.3	20972	20821	13822	6545	0	39216	2803	602	1352	3565	660	2257
August 27, 2012 2:20:00 PM UTC	1346102400000	4	19	yes	41.7	228.6	20972	20821	13824	6536	0	39223	2811	596	1372	3553	692	2286
August 27, 2012 2:21:00 PM UTC	1346102460000	4	17	yes	41.6	228.8	20972	20821	13820	6595	0	39168	2779	560	1341	3541	765	2151
August 27, 2012 2:22:00 PM UTC	1346102520000	3	19	yes	41.5	229.1	20972	20821	13820	6595	0	39168	2790	540	1368	3527	641	2360
August 27, 2012 2:23:00 PM UTC	1346102580000	3	19	yes	41.3	229.4	20972	20821	13820	6595	0	39168	2786	518	1375	3517	564	2439
August 27, 2012 2:24:00 PM UTC	1346102640000	5	18	yes	41.2	229.7	20972	20821	13820	6595	0	39168	2789	1017	1237	3509	892	2310
August 27, 2012 2:25:00 PM UTC	1346102700000	6	18	yes	41.1	230.0	20972	20821	13820	6594	0	39169	2787	1139	1165	3496	813	2343
August 27, 2012 2:26:00 PM UTC	1346102760000	5	21	yes	41.0	230.2	20972	20821	13809	6616	0	39158	2773	1034	1307	3485	554	2632
August 27, 2012 2:27:00 PM UTC	1346102820000	5	21	yes	40.8	230.5	20972	20821	13832	6513	0	39238	2829	1154	1390	3478	518	2616
August 27, 2012 2:28:00 PM UTC	1346102880000	5	22	yes	40.7	230.8	20972	20821	13806	6665	0	39112	2756	1105	1448	3462	545	2470
August 27, 2012 2:29:00 PM UTC	1346102940000	5	22	yes	40.6	231.1	20972	20821	13829	6564	0	39190	2811	1198	1406	3457	515	2215
August 27, 2012 2:30:00 PM UTC	1346103000000	5	21	yes	40.4	231.4	20972	20821	13818	6621	0	39144	2780	1274	1344	3439	513	2003
August 27, 2012 2:31:00 PM UTC	1346103060000	5	21	yes	40.3	231.6	20972	20821	13817	6621	0	39145	2788	1356	1282	3423	491	1980
August 27, 2012 2:32:00 PM UTC	1346103120000	6	21	yes	40.2	231.9	20972	20821	13828	6579	0	39176	2806	1555	1089	3421	539	1885
August 27, 2012 2:33:00 PM UTC	1346103180000	6	21	yes	40.0	232.2	20972	20821	13807	6648	0	39128	2775	1571	1042	3399	530	1982
August 27, 2012 2:34:00 PM UTC	1346103240000	6	21	yes	39.9	232.4	20972	20821	13828	6545	0	39210	2816	1556	1109	3404	538	1867
August 27, 2012 2:35:00 PM UTC	1346103300000	6	20	yes	39.8	232.7	20972	20821	13815	6604	0	39164	2786	1487	1190	3386	551	1906
August 27, 2012 2:36:00 PM UTC	1346103360000	5	20	yes	39.6	233.0	20972	20821	13812	6662	0	39109	2772	1386	1292	3368	544	1947
August 27, 2012 2:37:00 PM UTC	1346103420000	5	19	yes	39.5	233.3	20972	20821	13812	6662	0	39109	2775	1341	1329	3360	511	1926
August 27, 2012 2:38:00 PM UTC	1346103480000	5	20	yes	39.4	233.5	20972	20821	13822	6617	0	39144	2796	1316	1344	3348	529	1898
August 27, 2012 2:39:00 PM UTC	1346103540000	5	20	yes	39.2	233.8	20972	20821	13812	6661	0	39110	2770	1325	1335	3343	511	1933
August 27, 2012 2:40:00 PM UTC	1346103600000	5	21	yes	39.1	234.1	20972	20821	13820	6620	0	39143	2802	1295	1369	3318	497	2051
August 27, 2012 2:41:00 PM UTC	1346103660000	5	21	yes	39.0	234.3	20972	20821	13808	6653	0	39122	2773	1258	1413	3331	489	2052
August 27, 2012 2:42:00 PM UTC	1346103720000	5	21	yes	38.8	234.6	20972	20821	13813	6634	0	39136	2793	1215	1458	3295	499	2126
August 27, 2012 2:43:00 PM UTC	1346103780000	5	20	yes	38.7	234.8	20972	20821	13806	6654	0	39123	2782	1190	1435	3294	484	2022
August 27, 2012 2:44:00 PM UTC	1346103840000	5	19	yes	38.6	235.1	20972	20821	13821	6593	0	39169	2811	1239	1416	3275	513	2016
August 27, 2012 2:45:00 PM UTC	1346103900000	5	18	yes	38.4	235.4	20972	20821	13806	6709	0	39068	2764	1242	1351	3266	476	2084
August 27, 2012 2:46:00 PM UTC	1346103960000	4	18	yes	38.3	235.6	20972	20821	13806	6709	0	39068	2761	1175	1397	3246	443	2189
August 27, 2012 2:47:00 PM UTC	1346104020000	5	17	yes	38.2	235.9	20972	20821	13815	6666	0	39102	2785	1278	1280	3250	463	2125
August 27, 2012 2:48:00 PM UTC	1346104080000	4	17	yes	38.0	236.2	20972	20821	13805	6709	0	39069	2761	1191	1361	3232	491	2012
August 27, 2012 2:49:00 PM UTC	1346104140000	5	17	yes	37.9	236.4	20972	20821	13815	6644	0	39124	2800	1251	1344	3227	525	2072
August 27, 2012 2:50:00 PM UTC	1346104200000	5	17	yes	37.7	236.7	20972	20821	13815	6644	0	39124	2795	1253	1384	3214	517	2137
August 27, 2012 2:51:00 PM UTC	1346104260000	5	17	yes	37.6	236.9	20972	20821	13811	6667	0	39105	2782	1349	1219	3201	473	2190
August 27, 2012 2:52:00 PM UTC	1346104320000	5	17	yes	37.5	237.2	20972	20821	13814	6643	0	39126	2791	1306	1281	3193	465	2274
August 27, 2012 2:53:00 PM UTC	1346104380000	5	16	yes	37.3	237.4	20972	20821	13799	6760	0	39024	2738	1318	1184	3181	511	2323
August 27, 2012 2:54:00 PM UTC	1346104440000	5	17	yes	37.2	237.7	20972	20821	13822	6660	0	39101	2791	1412	1196	3175	415	2352
August 27, 2012 2:55:00 PM UTC	1346104500000	5	16	yes	37.0	237.9	20972	20821	13798	6704	0	39081	2741	1368	1203	3166	450	2207
August 27, 2012 2:56:00 PM UTC	1346104560000	5	18	yes	36.9	238.2	20972	20821	13820	6604	0	39159	2798	1389	1235	3155	397	2384
August 27, 2012 2:57:00 PM UTC	1346104620000	5	20	yes	36.8	238.5	20972	20821	13808	6666	0	39109	2765	1383	1297	3143	432	2434
August 27, 2012 2:58:00 PM UTC	1346104680000	5	20	yes	36.6	238.7	20972	20821	13817	6609	0	39157	2795	1448	1260	3134	426	2472
August 27, 2012 2:59:00 PM UTC	1346104740000	5	21	yes	36.5	239.0	20972	20821	13810	6640	0	39133	2763	1427	1274	3130	374	2478
August 27, 2012 3:00:00 PM UTC	1346104800000	5	22	yes	36.3	239.2	20972	20821	13808	6645	0	39130	2768	1381	1313	3119	357	2547
August 27, 2012 3:01:00 PM UTC	1346104860000	5	20	yes	36.2	239.5	20972	20821	13817	6609	0	39157	2776	1411	1279	3115	368	2459
August 27, 2012 3:02:00 PM UTC	1346104920000	5	23	yes	36.0	239.7	20972	20821	13814	6671	0	39098	2757	1450	1266	3104	338	2591
August 27, 2012 3:03:00 PM UTC	1346104980000	5	22	yes	35.9	239.9	20972	20821	13801	6734	0	39048	2712	1386	1244	3094	327	2504
August 27, 2012 3:04:00 PM UTC	1346105040000	5	22	yes	35.8	240.2	20972	20821	13816	6670	0	39097	2759	1399	1267	3083	301	2489
August 27, 2012 3:05:00 PM UTC	1346105100000	5	22	yes	35.6	240.4	20972	20821	13801	6734	0	39048	2715	1326	1346	3075	283	2492
August 27, 2012 3:06:00 PM UTC	1346105160000	4	23	yes	35.5	240.7	20972	20821	13824	6616	0	39143	2768	1309	1435	3076	243	2370
August 27, 2012 3:07:00 PM UTC	1346105220000	4	23	yes	35.3	240.9	20972	20821	13801	6715	0	39067	2714	1280	1394	3067	246	2341
August 27, 2012 3:08:00 PM UTC	1346105280000	4	21	yes	35.2	241.2	20972	20821	13824	6616	0	39143	2764	1262	1473	3058	273	2208
August 27, 2012 3:09:00 PM UTC	1346105340000	4	21	yes	35.0	241.4	20972	20821	13813	6604	0	39166	2746	1304	1367	3053	251	2285
August 27, 2012 3:10:00 PM UTC	1346105400000	4	20	yes	34.9	241.7	20972	20821	13811	6606	0	39166	2733	1205	1419	3044	277	2259
August 27, 2012 3:11:00 PM UTC	1346105460000	5	18	yes	34.7	241.9	20972	20821	13810	6604	0	39169	2737	1355	1265	3039	333	2110
August 27, 2012 3:12:00 PM UTC	1346105520000	4	18	yes	34.6	242.1	20972	20821	13809	6669	0	39105	2710	1272	1314	3034	334	2201
August 27, 2012 3:13:00 PM UTC	1346105580000	5	18	yes	34.4	242.4	20972	20821	13809	6669	0	39105	2701	1316	1249	3025	345	2076
August 27, 2012 3:14:00 PM UTC	1346105640000	5	17	yes	34.3	242.6	20972	20821	13817	6633	0	39133	2723	1372	1242	3021	430	2052
August 27, 2012 3:15:00 PM UTC	1346105700000	5	16	yes	34.1	242.9	20972	20821	13817	6616	0	39150	2722	1400	1229	3013	422	2065
August 27, 2012 3:16:00 PM UTC	1346105760000	5	17	yes	34.0	243.1	20972	20821	13809	6648	0	39126	2700	1446	1176	3008	447	2131
August 27, 2012 3:17:00 PM UTC	1346105820000	6	16	yes	33.8	243.3	20972	20821	13802	6682	0	39099	2671	1577	1017	3001	524	2070
August 27, 2012 3:18:00 PM UTC	1346105880000	6	16	yes	33.7	243.6	20972	20821	13817	6616	0	39150	2698	1663	994	3003	587	2070
August 27, 2012 3:19:00 PM UTC	1346105940000	6	16	yes	33.5	243.8	20972	20821	13810	6647	0	39126	2680	1660	966	2993	607	2076
August 27, 2012 3:20:00 PM UTC	1346106000000	6	15	yes	33.4	244.0	20972	20821	13825	6584	0	39174	2706	1715	965	2986	605	2068
August 27, 2012 3:21:00 PM UTC	1346106060000	6	16	yes	33.2	244.3	20972	20821	13801	6748	0	39034	2632	1690	905	2983	601	2046
August 27, 2012 3:22:00 PM UTC	1346106120000	6	16	yes	33.1	244.5	20972	20821	13822	6651	0	39110	2672	1744	916	2978	660	2014
August 27, 2012 3:23:00 PM UTC	1346106180000	6	16	yes	32.9	244.7	20972	20821	13808	6665	0	39110	2638	1791	845	2975	700	2013
August 27, 2012 3:24:00 PM UTC	1346106240000	6	16	yes	32.8	245.0	20972	20821	13824	6597	0	39162	2660	1806	845	2970	655	2095
August 27, 2012 3:25:00 PM UTC	1346106300000	7	16	yes	32.6	245.2	20972	20821	13815	6620	0	39148	2651	1821	828	2965	701	2059
August 27, 2012 3:26:00 PM UTC	1346106360000	7	16	yes	32.5	245.4	20972	20821	13809	6649	0	39125	2630	1817	805	2960	677	2025
August 27, 2012 3:27:00 PM UTC	1346106420000	6	17	yes	32.3	245.7	20972	20821	13809	6649	0	39125	2617	1779	833	2960	649	2145
August 27, 2012 3:28:00 PM UTC	1346106480000	7	17	yes	32.2	245.9	20972	20821	13815	6621	0	39147	2627	1813	801	2953	706	2028
August 27, 2012 3:29:00 PM UTC	1346106540000	6	18	yes	32.0	246.1	20972	20821	13815	6621	0	39147	2613	1746	862	2951	691	2111
August 27, 2012 3:30:00 PM UTC	1346106600000	7	17	yes	31.9	246.3	20972	20821	13815	6621	0	39147	2611	1859	751	2948	675	2138
August 27, 2012 3:31:00 PM UTC	1346106660000	6	18	yes	31.7	246.6	20972	20821	13815	6621	0	39147	2602	1772	830	2942	715	2100
August 27, 2012 3:32:00 PM UTC	1346106720000	7	18	yes	31.6	246.8	20972	20821	13813	6687	0	39083	2578	1857	713	2939	698	2033
August 27, 2012 3:33:00 PM UTC	1346106780000	7	18	yes	31.4	247.0	20972	20821	13799	6754	0	39030	2531	1839	686	2938	649	2081
August 27, 2012 3:34:00 PM UTC	1346106840000	6	18	yes	31.3	247.3	20972	20821	13816	6661	0	39106	2568	1831	737	2935	636	2092
August 27, 2012 3:35:00 PM UTC	1346106900000	7	18	yes	31.1	247.5	20972	20821	13805	6715	0	39063	2539	1865	673	2928	745	2061
August 27, 2012 3:36:00 PM UTC	1346106960000	7	18	yes	31.0	247.7	20972	20821	13821	6648	0	39114	2558	1869	688	2926	671	2050
August 27, 2012 3:37:00 PM UTC	1346107020000	7	18	yes	30.8	247.9	20972	20821	13805	6716	0	39062	2520	1835	683	2924	696	2036
August 27, 2012 3:38:00 PM UTC	1346107080000	7	18	yes	30.7	248.2	20972	20821	13826	6621	0	39136	2564	1848	716	2920	685	2036
August 27, 2012 3:39:00 PM UTC	1346107140000	6	19	yes	30.5	248.4	20972	20821	13805	6715	0	39063	2500	1761	739	2919	700	2068
August 27, 2012 3:40:00 PM UTC	1346107200000	7	18	yes	30.3	248.6	20972	20821	13822	6567	0	39194	2549	1840	709	2920	726	2019
August 27, 2012 3:41:00 PM UTC	1346107260000	6	19	yes	30.2	248.8	20972	20821	13808	6635	0	39140	2502	1808	694	2911	661	2064
August 27, 2012 3:42:00 PM UTC	1346107320000	7	18	yes	30.0	249.0	20972	20821	13826	6612	0	39145	2530	1795	735	2906	692	2011
August 27, 2012 3:43:00 PM UTC	1346107380000	7	18	yes	29.9	249.3	20972	20821	13812	6679	0	39092	2483	1838	645	2910	715	1990
August 27, 2012 3:44:00 PM UTC	1346107440000	7	19	yes	29.7	249.5	20972	20821	13812	6671	0	39100	2478	1827	651	2908	683	2020
August 27, 2012 3:45:00 PM UTC	1346107500000	7	19	yes	29.6	249.7	20972	20821	13818	6601	0	39164	2487	1818	669	2905	749	1981
August 27, 2012 3:46:00 PM UTC	1346107560000	7	18	yes	29.4	249.9	20972	20821	13813	6626	0	39144	2466	1896	570	2906	685	2024
August 27, 2012 3:47:00 PM UTC	1346107620000	7	19	yes	29.3	250.1	20972	20821	13813	6626	0	39144	2461	1829	632	2899	736	1986
August 27, 2012 3:48:00 PM UTC	1346107680000	7	19	yes	29.1	250.4	20972	20821	13796	6696	0	39091	2413	1875	538	2902	726	1973
August 27, 2012 3:49:00 PM UTC	1346107740000	7	20	yes	28.9	250.6	20972	20821	13818	6602	0	39163	2445	1887	557	2902	754	1986
August 27, 2012 3:50:00 PM UTC	1346107800000	6	19	yes	28.8	250.8	20972	20821	13802	6686	0	39095	2399	1821	578	2897	649	2050
August 27, 2012 3:51:00 PM UTC	1346107860000	7	21	yes	28.6	251.0	20972	20821	13818	6599	0	39166	2425	1957	468	2896	737	1989
August 27, 2012 3:52:00 PM UTC	1346107920000	7	21	yes	28.5	251.2	20972	20821	13805	6653	0	39125	2388	1909	479	2898	707	2060
August 27, 2012 3:53:00 PM UTC	1346107980000	7	20	yes	28.3	251.4	20972	20821	13822	6650	0	39111	2398	1936	462	2898	649	2109
August 27, 2012 3:54:00 PM UTC	1346108040000	7	21	yes	28.2	251.7	20972	20821	13804	6721	0	39058	2352	1863	489	2897	772	2021
August 27, 2012 3:55:00 PM UTC	1346108100000	7	20	yes	28.0	251.9	20972	20821	13817	6664	0	39102	2373	1919	454	2895	688	2060
August 27, 2012 3:56:00 PM UTC	1346108160000	7	21	yes	27.8	252.1	20972	20821	13801	6733	0	39049	2332	1809	523	2893	695	2072
August 27, 2012 3:57:00 PM UTC	1346108220000	7	21	yes	27.7	252.3	20972	20821	13805	6715	0	39063	2329	1822	507	2892	710	2019
August 27, 2012 3:58:00 PM UTC	1346108280000	7	22	yes	27.5	252.5	20972	20821	13805	6715	0	39063	2316	1848	468	2898	669	2145
August 27, 2012 3:59:00 PM UTC	1346108340000	7	21	yes	27.4	252.7	20972	20821	13805	6714	0	39064	2305	1879	426	2898	772	1991
August 27, 2012 4:00:00 PM UTC	1346108400000	7	21	yes	27.2	252.9	20972	20821	13805	6714	0	39064	2301	1808	493	2891	730	1914
August 27, 2012 4:01:00 PM UTC	1346108460000	7	23	yes	27.0	253.1	20972	20821	13810	6693	0	39080	2292	1831	461	2894	734	2029
August 27, 2012 4:02:00 PM UTC	1346108520000	7	21	yes	26.9	253.4	20972	20821	13810	6693	0	39080	2287	1867	420	2893	757	2012
August 27, 2012 4:03:00 PM UTC	1346108580000	7	22	yes	26.7	253.6	20972	20821	13809	6701	0	39073	2271	1859	412	2898	815	1936
August 27, 2012 4:04:00 PM UTC	1346108640000	7	22	yes	26.6	253.8	20972	20821	13812	6607	0	39164	2274	1853	421	2900	809	2007
August 27, 2012 4:05:00 PM UTC	1346108700000	7	22	yes	26.4	254.0	20972	20821	13808	6688	0	39087	2254	1897	357	2898	838	1963
August 27, 2012 4:06:00 PM UTC	1346108760000	7	22	yes	26.2	254.2	20972	20821	13810	6645	0	39128	2251	1929	322	2897	855	1952
August 27, 2012 4:07:00 PM UTC	1346108820000	7	23	yes	26.1	254.4	20972	20821	13810	6645	0	39128	2232	1925	307	2907	869	1911
August 27, 2012 4:08:00 PM UTC	1346108880000	7	23	yes	25.9	254.6	20972	20821	13810	6645	0	39128	2228	1977	251	2902	893	1959
August 27, 2012 4:09:00 PM UTC	1346108940000	7	23	yes	25.8	254.8	20972	20821	13811	6643	0	39129	2214	1940	274	2902	933	1897
August 27, 2012 4:10:00 PM UTC	1346109000000	8	23	yes	25.6	255.0	20972	20821	13815	6627	0	39141	2207	1948	259	2907	978	1850
August 27, 2012 4:11:00 PM UTC	1346109060000	8	23	yes	25.4	255.2	20972	20821	13815	6627	0	39141	2196	1948	248	2906	979	1860
August 27, 2012 4:12:00 PM UTC	1346109120000	8	24	yes	25.3	255.4	20972	20821	13815	6627	0	39141	2184	1942	242	2910	1026	1824
August 27, 2012 4:13:00 PM UTC	1346109180000	8	23	yes	25.1	255.6	20972	20821	13815	6625	0	39143	2178	1979	199	2906	1071	1743
August 27, 2012 4:14:00 PM UTC	1346109240000	8	24	yes	25.0	255.9	20972	20821	13815	6625	0	39143	2161	1949	212	2911	1076	1767
August 27, 2012 4:15:00 PM UTC	1346109300000	8	23	yes	24.8	256.1	20972	20821	13819	6607	0	39157	2155	1963	192	2914	1047	1794
August 27, 2012 4:16:00 PM UTC	1346109360000	8	23	yes	24.6	256.3	20972	20821	13819	6607	0	39157	2147	1986	161	2912	1147	1721
August 27, 2012 4:17:00 PM UTC	1346109420000	8	23	yes	24.5	256.5	20972	20821	13820	6607	0	39156	2137	1966	171	2915	1097	1775
August 27, 2012 4:18:00 PM UTC	1346109480000	8	24	yes	24.3	256.7	20972	20821	13802	6755	0	39026	2074	1917	157	2923	1124	1766
August 27, 2012 4:19:00 PM UTC	1346109540000	8	25	yes	24.2	256.9	20972	20821	13818	6681	0	39084	2098	1945	153	2919	1125	1713
August 27, 2012 4:20:00 PM UTC	1346109600000	8	25	yes	24.0	257.1	20972	20821	13802	6754	0	39027	2052	1893	159	2926	1163	1741
August 27, 2012 4:21:00 PM UTC	1346109660000	8	24	yes	23.8	257.3	20972	20821	13821	6666	0	39096	2078	1931	147	2929	1130	1779
August 27, 2012 4:22:00 PM UTC	1346109720000	8	25	yes	23.7	257.5	20972	20821	13801	6753	0	39029	2030	1905	125	2925	1206	1716
August 27, 2012 4:23:00 PM UTC	1346109780000	8	25	yes	23.5	257.7	20972	20821	13801	6753	0	39029	2018	1906	112	2935	1253	1681
August 27, 2012 4:24:00 PM UTC	1346109840000	8	24	yes	23.3	257.9	20972	20821	13801	6753	0	39029	2002	1900	102	2938	1237	1650
August 27, 2012 4:25:00 PM UTC	1346109900000	8	25	yes	23.2	258.1	20972	20821	13801	6716	1	39065	2001	1932	68	2937	1202	1734
August 27, 2012 4:26:00 PM UTC	1346109960000	8	26	yes	23.0	258.3	20972	20821	13808	6611	2	39162	2011	1910	99	2944	1255	1688
August 27, 2012 4:27:00 PM UTC	1346110020000	8	25	yes	22.8	258.5	20972	20821	13808	6611	3	39161	1995	1934	58	2948	1201	1747
August 27, 2012 4:28:00 PM UTC	1346110080000	8	27	yes	22.7	258.7	20972	20821	13807	6623	2	39151	1979	1935	42	2948	1240	1708
August 27, 2012 4:29:00 PM UTC	1346110140000	8	26	yes	22.5	258.9	20972	20821	13808	6626	4	39145	1962	1882	76	2957	1220	1734
August 27, 2012 4:30:00 PM UTC	1346110200000	8	27	yes	22.4	259.1	20972	20821	13809	6627	5	39142	1958	1880	73	2957	1284	1671
August 27, 2012 4:31:00 PM UTC	1346110260000	9	26	yes	22.2	259.3	20972	20821	13807	6699	8	39069	1928	1905	15	2963	1339	1618
August 27, 2012 4:32:00 PM UTC	1346110320000	8	27	yes	22.0	259.5	20972	20821	13809	6692	10	39072	1915	1878	27	2970	1301	1669
August 27, 2012 4:33:00 PM UTC	1346110380000	9	27	yes	21.9	259.7	20972	20821	13809	6692	14	39068	1910	1874	22	2968	1415	1544
August 27, 2012 4:34:00 PM UTC	1346110440000	9	27	yes	21.7	259.9	20972	20821	13809	6692	19	39063	1897	1869	9	2972	1379	1587
August 27, 2012 4:35:00 PM UTC	1346110500000	9	27	yes	21.5	260.1	20972	20821	13809	6692	21	39061	1885	1849	15	2980	1375	1605
August 27, 2012 4:36:00 PM UTC	1346110560000	9	27	yes	21.4	260.3	20972	20821	13809	6690	25	39059	1875	1842	8	2975	1431	1527
August 27, 2012 4:37:00 PM UTC	1346110620000	9	27	yes	21.2	260.5	20972	20821	13809	6690	28	39056	1852	1816	8	2991	1484	1507
August 27, 2012 4:38:00 PM UTC	1346110680000	9	28	yes	21.0	260.7	20972	20821	13812	6678	31	39062	1847	1806	10	2991	1493	1498
August 27, 2012 4:39:00 PM UTC	1346110740000	9	28	yes	20.9	260.9	20972	20821	13812	6678	36	39057	1834	1794	4	3006	1519	1487
August 27, 2012 4:40:00 PM UTC	1346110800000	9	28	yes	20.7	261.1	20972	20821	13812	6676	39	39056	1818	1778	1	3000	1531	1469
August 27, 2012 4:41:00 PM UTC	1346110860000	9	29	yes	20.6	261.3	20972	20821	13812	6676	39	39056	1809	1767	3	3007	1529	1478
August 27, 2012 4:42:00 PM UTC	1346110920000	9	29	yes	20.4	261.5	20972	20821	13813	6652	42	39076	1792	1744	6	3007	1488	1519
August 27, 2012 4:43:00 PM UTC	1346110980000	9	29	yes	20.2	261.7	20972	20821	13813	6652	44	39074	1782	1738	0	3022	1553	1469
August 27, 2012 4:44:00 PM UTC	1346111040000	9	30	yes	20.1	261.9	20972	20821	13813	6652	48	39070	1771	1722	1	3023	1554	1469
August 27, 2012 4:45:00 PM UTC	1346111100000	9	31	yes	19.9	262.0	20972	20821	13813	6723	49	38998	1746	1697	0	3036	1610	1426
August 27, 2012 4:46:00 PM UTC	1346111160000	9	30	yes	19.7	262.2	20972	20821	13816	6644	52	39071	1745	1693	0	3038	1620	1418
August 27, 2012 4:47:00 PM UTC	1346111220000	9	29	yes	19.6	262.4	20972	20821	13816	6644	53	39070	1732	1679	0	3046	1629	1417
August 27, 2012 4:48:00 PM UTC	1346111280000	9	30	yes	19.4	262.6	20972	20821	13801	6717	51	39014	1694	1643	0	3049	1627	1422
August 27, 2012 4:49:00 PM UTC	1346111340000	9	30	yes	19.2	262.8	20972	20821	13817	6643	58	39065	1704	1646	0	3055	1658	1397
August 27, 2012 4:50:00 PM UTC	1346111400000	9	31	yes	19.1	263.0	20972	20821	13801	6715	54	39013	1662	1608	0	3066	1668	1398
August 27, 2012 4:51:00 PM UTC	1346111460000	9	30	yes	18.9	263.2	20972	20821	13817	6642	66	39058	1678	1612	0	3070	1694	1376
August 27, 2012 4:52:00 PM UTC	1346111520000	9	30	yes	18.7	263.4	20972	20821	13800	6715	58	39010	1635	1577	0	3080	1717	1363
August 27, 2012 4:53:00 PM UTC	1346111580000	9	31	yes	18.6	263.6	20972	20821	13818	6631	70	39064	1657	1587	0	3080	1702	1378
August 27, 2012 4:54:00 PM UTC	1346111640000	9	31	yes	18.4	263.8	20972	20821	13802	6703	63	39015	1614	1551	0	3088	1720	1367
August 27, 2012 4:55:00 PM UTC	1346111700000	9	32	yes	18.2	264.0	20972	20821	13818	6643	74	39048	1626	1552	0	3098	1698	1400
August 27, 2012 4:56:00 PM UTC	1346111760000	9	32	yes	18.1	264.2	20972	20821	13800	6719	70	38994	1588	1518	0	3103	1680	1423
August 27, 2012 4:57:00 PM UTC	1346111820000	9	31	yes	17.9	264.4	20972	20821	13818	6641	77	39047	1595	1517	1	3115	1693	1422
August 27, 2012 4:58:00 PM UTC	1346111880000	10	32	yes	17.7	264.6	20972	20821	13818	6641	80	39044	1589	1508	1	3116	1806	1310
August 27, 2012 4:59:00 PM UTC	1346111940000	10	32	yes	17.6	264.7	20972	20821	13816	6697	78	38992	1566	1486	2	3125	1833	1292
August 27, 2012 5:00:00 PM UTC	1346112000000	10	32	yes	17.4	264.9	20972	20821	13816	6697	82	38988	1549	1465	2	3137	1827	1310
August 27, 2012 5:01:00 PM UTC	1346112060000	10	32	yes	17.2	265.1	20972	20821	13815	6696	85	38987	1541	1456	0	3141	1810	1331
August 27, 2012 5:02:00 PM UTC	1346112120000	10	32	yes	17.1	265.3	20972	20821	13815	6696	87	38985	1527	1440	0	3148	1896	1252
August 27, 2012 5:03:00 PM UTC	1346112180000	10	33	yes	16.9	265.5	20972	20821	13814	6686	91	38992	1518	1427	0	3156	1888	1268
August 27, 2012 5:04:00 PM UTC	1346112240000	10	32	yes	16.8	265.7	20972	20821	13814	6686	90	38993	1509	1419	0	3161	1962	1199
August 27, 2012 5:05:00 PM UTC	1346112300000	10	33	yes	16.6	265.9	20972	20821	13817	6613	92	39061	1499	1407	0	3171	1981	1190
August 27, 2012 5:06:00 PM UTC	1346112360000	10	32	yes	16.4	266.1	20972	20821	13817	6613	95	39058	1482	1386	1	3184	1974	1210
August 27, 2012 5:07:00 PM UTC	1346112420000	10	34	yes	16.3	266.3	20972	20821	13799	6686	89	39009	1449	1359	1	3188	2009	1179
August 27, 2012 5:08:00 PM UTC	1346112480000	10	33	yes	16.1	266.5	20972	20821	13817	6612	95	39059	1456	1361	0	3200	2029	1171
August 27, 2012 5:09:00 PM UTC	1346112540000	10	34	yes	15.9	266.7	20972	20821	13801	6697	91	38994	1420	1329	0	3208	2096	1112
August 27, 2012 5:10:00 PM UTC	1346112600000	11	33	yes	15.8	266.8	20972	20821	13817	6623	100	39043	1434	1334	0	3216	2154	1062
August 27, 2012 5:11:00 PM UTC	1346112660000	11	34	yes	15.6	267.0	20972	20821	13803	6690	92	38998	1395	1303	0	3229	2142	1087
August 27, 2012 5:12:00 PM UTC	1346112720000	11	34	yes	15.4	267.2	20972	20821	13818	6617	104	39044	1404	1300	0	3238	2187	1051
August 27, 2012 5:13:00 PM UTC	1346112780000	11	34	yes	15.3	267.4	20972	20821	13803	6689	96	38995	1366	1269	1	3244	2210	1034
August 27, 2012 5:14:00 PM UTC	1346112840000	11	34	yes	15.1	267.6	20972	20821	13819	6615	107	39042	1374	1267	0	3259	2260	999
August 27, 2012 5:15:00 PM UTC	1346112900000	11	35	yes	14.9	267.8	20972	20821	13802	6747	98	38936	1331	1233	0	3271	2294	977
August 27, 2012 5:16:00 PM UTC	1346112960000	11	35	yes	14.8	268.0	20972	20821	13819	6676	104	38984	1343	1239	0	3274	2286	988
August 27, 2012 5:17:00 PM UTC	1346113020000	11	34	yes	14.6	268.2	20972	20821	13802	6747	101	38933	1302	1201	0	3291	2310	981
August 27, 2012 5:18:00 PM UTC	1346113080000	11	35	yes	14.4	268.3	20972	20821	13821	6672	106	38984	1313	1207	0	3301	2378	923
August 27, 2012 5:19:00 PM UTC	1346113140000	11	35	yes	14.3	268.5	20972	20821	13802	6747	103	38931	1279	1176	0	3310	2411	899
August 27, 2012 5:20:00 PM UTC	1346113200000	11	36	yes	14.1	268.7	20972	20821	13821	6674	112	38976	1281	1169	0	3323	2390	933
August 27, 2012 5:21:00 PM UTC	1346113260000	12	35	yes	13.9	268.9	20972	20821	13821	6674	112	38976	1267	1155	0	3334	2466	868
August 27, 2012 5:22:00 PM UTC	1346113320000	11	36	yes	13.8	269.1	20972	20821	13820	6674	112	38977	1262	1150	0	3349	2472	877
August 27, 2012 5:23:00 PM UTC	1346113380000	12	36	yes	13.6	269.3	20972	20821	13820	6597	113	39053	1253	1140	0	3358	2541	817
August 27, 2012 5:24:00 PM UTC	1346113440000	12	37	yes	13.4	269.5	20972	20821	13801	6670	105	39007	1211	1106	0	3372	2544	828
August 27, 2012 5:25:00 PM UTC	1346113500000	12	37	yes	13.3	269.7	20972	20821	13819	6597	113	39054	1226	1113	0	3386	2592	794
August 27, 2012 5:26:00 PM UTC	1346113560000	12	38	yes	13.1	269.8	20972	20821	13819	6597	114	39053	1214	1100	0	3398	2580	818
August 27, 2012 5:27:00 PM UTC	1346113620000	12	38	yes	12.9	270.0	20972	20821	13819	6597	115	39052	1199	1084	0	3411	2673	738
August 27, 2012 5:28:00 PM UTC	1346113680000	12	38	yes	12.8	270.2	20972	20821	13800	6747	105	38931	1157	1052	0	3421	2677	744
August 27, 2012 5:29:00 PM UTC	1346113740000	12	39	yes	12.6	270.4	20972	20821	13819	6589	112	39063	1174	1062	0	3435	2737	698
August 27, 2012 5:30:00 PM UTC	1346113800000	12	38	yes	12.4	270.6	20972	20821	13801	6662	104	39016	1131	1027	0	3449	2718	731
August 27, 2012 5:31:00 PM UTC	1346113860000	12	38	yes	12.3	270.8	20972	20821	13820	6589	108	39066	1144	1036	0	3465	2737	728
August 27, 2012 5:32:00 PM UTC	1346113920000	13	38	yes	12.1	271.0	20972	20821	13802	6747	101	38933	1103	1002	0	3474	2820	654
August 27, 2012 5:33:00 PM UTC	1346113980000	13	38	yes	11.9	271.2	20972	20821	13821	6674	107	38981	1106	999	0	3487	2834	653
August 27, 2012 5:34:00 PM UTC	1346114040000	13	38	yes	11.8	271.3	20972	20821	13802	6747	98	38936	1075	977	0	3503	2899	604
August 27, 2012 5:35:00 PM UTC	1346114100000	13	38	yes	11.6	271.5	20972	20821	13821	6672	103	38987	1083	980	0	3516	2862	654
August 27, 2012 5:36:00 PM UTC	1346114160000	13	38	yes	11.4	271.7	20972	20821	13802	6747	101	38933	1052	951	0	3526	2909	617
August 27, 2012 5:37:00 PM UTC	1346114220000	13	37	yes	11.3	271.9	20972	20821	13819	6676	104	38984	1059	955	0	3541	2991	550
August 27, 2012 5:38:00 PM UTC	1346114280000	14	37	yes	11.1	272.1	20972	20821	13819	6676	101	38987	1050	949	0	3551	3064	487
August 27, 2012 5:39:00 PM UTC	1346114340000	14	37	yes	10.9	272.3	20972	20821	13802	6747	96	38938	1013	917	0	3565	3100	465
August 27, 2012 5:40:00 PM UTC	1346114400000	14	37	yes	10.8	272.4	20972	20821	13819	6623	101	39040	1021	920	0	3583	3109	474
August 27, 2012 5:41:00 PM UTC	1346114460000	14	37	yes	10.6	272.6	20972	20821	13803	6694	94	38992	995	901	0	3589	3081	508
August 27, 2012 5:42:00 PM UTC	1346114520000	14	37	yes	10.4	272.8	20972	20821	13818	6621	101	39043	1000	899	0	3607	3098	509
August 27, 2012 5:43:00 PM UTC	1346114580000	14	38	yes	10.3	273.0	20972	20821	13803	6691	93	38996	964	871	0	3621	3227	394
August 27, 2012 5:44:00 PM UTC	1346114640000	15	37	yes	10.1	273.2	20972	20821	13817	6621	98	39047	972	874	0	3636	3213	423
August 27, 2012 5:45:00 PM UTC	1346114700000	14	38	yes	9.9	273.4	20972	20821	13801	6693	92	38997	939	847	0	3647	3225	422
August 27, 2012 5:46:00 PM UTC	1346114760000	15	37	yes	9.8	273.6	20972	20821	13817	6607	95	39064	944	849	0	3663	3319	344
August 27, 2012 5:47:00 PM UTC	1346114820000	15	37	yes	9.6	273.7	20972	20821	13799	6681	94	39009	917	823	0	3668	3254	414
August 27, 2012 5:48:00 PM UTC	1346114880000	15	36	yes	9.4	273.9	20972	20821	13817	6607	95	39064	919	824	0	3686	3245	441
August 27, 2012 5:49:00 PM UTC	1346114940000	15	35	yes	9.3	274.1	20972	20821	13802	6675	90	39016	885	795	0	3699	3295	404
August 27, 2012 5:50:00 PM UTC	1346115000000	15	36	yes	9.1	274.3	20972	20821	13814	6686	93	38990	887	794	0	3711	3301	410
August 27, 2012 5:51:00 PM UTC	1346115060000	15	35	yes	8.9	274.5	20972	20821	13814	6686	91	38992	873	782	0	3726	3354	372
August 27, 2012 5:52:00 PM UTC	1346115120000	16	34	yes	8.8	274.7	20972	20821	13815	6697	88	38983	857	769	0	3742	3409	333
August 27, 2012 5:53:00 PM UTC	1346115180000	15	34	yes	8.6	274.9	20972	20821	13815	6697	86	38985	847	761	0	3752	3404	348
August 27, 2012 5:54:00 PM UTC	1346115240000	15	34	yes	8.4	275.0	20972	20821	13798	6775	84	38926	817	733	0	3758	3434	324
August 27, 2012 5:55:00 PM UTC	1346115300000	16	33	yes	8.3	275.2	20972	20821	13816	6696	89	38982	820	731	0	3776	3458	318
August 27, 2012 5:56:00 PM UTC	1346115360000	15	33	yes	8.1	275.4	20972	20821	13802	6716	86	38979	797	711	0	3784	3455	329
August 27, 2012 5:57:00 PM UTC	1346115420000	16	33	yes	7.9	275.6	20972	20821	13818	6645	89	39031	797	708	0	3804	3464	340
August 27, 2012 5:58:00 PM UTC	1346115480000	15	32	no	7.8	275.8	20972	20821	13800	6721	83	38979	768	685	0	3812	3501	311
August 27, 2012 5:59:00 PM UTC	1346115540000	16	32	no	7.6	276.0	20972	20821	13818	6643	84	39038	773	689	0	3830	3538	292
August 27, 2012 6:00:00 PM UTC	1346115600000	16	31	no	7.4	276.1	20972	20821	13802	6703	77	39001	747	670	0	3834	3674	160
August 27, 2012 6:01:00 PM UTC	1346115660000	16	30	no	7.3	276.3	20972	20821	13818	6630	80	39055	751	671	0	3851	3656	195
August 27, 2012 6:02:00 PM UTC	1346115720000	16	30	no	7.1	276.5	20972	20821	13818	6630	80	39055	738	658	0	3863	3615	248
August 27, 2012 6:03:00 PM UTC	1346115780000	16	29	no	6.9	276.7	20972	20821	13817	6639	77	39050	722	645	0	3879	3652	227
August 27, 2012 6:04:00 PM UTC	1346115840000	16	29	no	6.8	276.9	20972	20821	13817	6639	79	39048	711	632	0	3885	3692	193
August 27, 2012 6:05:00 PM UTC	1346115900000	16	27	no	6.6	277.1	20972	20821	13817	6639	80	39047	698	618	0	3902	3699	203
August 27, 2012 6:06:00 PM UTC	1346115960000	16	27	no	6.5	277.2	20972	20821	13817	6639	81	39046	686	605	0	3912	3669	243
August 27, 2012 6:07:00 PM UTC	1346116020000	16	27	no	6.3	277.4	20972	20821	13816	6637	80	39050	676	596	0	3923	3718	205
August 27, 2012 6:08:00 PM UTC	1346116080000	16	26	no	6.1	277.6	20972	20821	13816	6637	78	39052	663	585	0	3937	3805	132
August 27, 2012 6:09:00 PM UTC	1346116140000	16	25	no	6.0	277.8	20972	20821	13798	6709	71	39005	640	569	0	3937	3790	147
August 27, 2012 6:10:00 PM UTC	1346116200000	16	24	no	5.8	278.0	20972	20821	13813	6722	73	38975	636	563	0	3959	3764	195
August 27, 2012 6:11:00 PM UTC	1346116260000	16	23	no	5.6	278.2	20972	20821	13813	6658	78	39034	626	548	0	3967	3713	254
August 27, 2012 6:12:00 PM UTC	1346116320000	15	22	no	5.5	278.4	20972	20821	13813	6656	83	39031	613	530	0	3984	3737	247
August 27, 2012 6:13:00 PM UTC	1346116380000	15	21	no	5.3	278.5	20972	20821	13813	6656	88	39026	597	509	0	3990	3735	255
August 27, 2012 6:14:00 PM UTC	1346116440000	15	19	no	5.1	278.7	20972	20821	13812	6680	92	38999	588	496	0	4008	3779	229
August 27, 2012 6:15:00 PM UTC	1346116500000	15	18	no	5.0	278.9	20972	20821	13812	6680	94	38997	576	482	0	4012	3703	309
August 27, 2012 6:16:00 PM UTC	1346116560000	15	17	no	4.8	279.1	20972	20821	13812	6679	100	38992	569	469	0	4028	3771	257
August 27, 2012 6:17:00 PM UTC	1346116620000	14	17	no	4.6	279.3	20972	20821	13812	6679	102	38990	559	457	0	4030	3656	374
August 27, 2012 6:18:00 PM UTC	1346116680000	14	16	no	4.5	279.5	20972	20821	13809	6688	107	38979	546	439	0	4044	3678	366
August 27, 2012 6:19:00 PM UTC	1346116740000	14	14	no	4.3	279.6	20972	20821	13809	6688	108	38978	535	427	0	4057	3601	455
August 27, 2012 6:20:00 PM UTC	1346116800000	13	12	no	4.1	279.8	20972	20821	13809	6687	116	38971	524	408	0	4067	3611	456
August 27, 2012 6:21:00 PM UTC	1346116860000	13	13	no	4.0	280.0	20972	20821	13809	6687	125	38962	511	386	0	4079	3608	471
August 27, 2012 6:22:00 PM UTC	1346116920000	13	11	no	3.8	280.2	20972	20821	13826	6614	133	39010	512	379	0	4099	3586	513
August 27, 2012 6:23:00 PM UTC	1346116980000	12	10	no	3.7	280.4	20972	20821	13809	6686	141	38947	483	342	0	4107	3562	545
August 27, 2012 6:24:00 PM UTC	1346117040000	12	10	no	3.5	280.6	20972	20821	13809	6686	154	38934	474	320	0	4117	3448	659
August 27, 2012 6:25:00 PM UTC	1346117100000	11	10	no	3.3	280.8	20972	20821	13807	6693	170	38913	466	297	0	4121	3447	646
August 27, 2012 6:26:00 PM UTC	1346117160000	11	8	no	3.2	280.9	20972	20821	13809	6627	190	38957	459	269	0	4138	3418	680
