February 26, 2011 7:12:00 AM UTC	1298729520000	0	0	no	3.1	106.7	20972	20821	13810	6692	201	38880	456	0	0	4135	0	0
February 26, 2011 7:13:00 AM UTC	1298729580000	0	0	no	3.2	106.9	20972	20821	13820	6643	185	38935	472	0	0	4137	0	0
February 26, 2011 7:14:00 AM UTC	1298729640000	0	0	no	3.4	107.1	20972	20821	13805	6713	163	38902	469	0	0	4118	0	0
February 26, 2011 7:15:00 AM UTC	1298729700000	0	0	no	3.5	107.3	20972	20821	13805	6713	149	38916	482	0	0	4102	0	0
February 26, 2011 7:16:00 AM UTC	1298729760000	0	0	no	3.7	107.5	20972	20821	13805	6714	140	38924	486	0	0	4097	0	0
February 26, 2011 7:17:00 AM UTC	1298729820000	0	0	no	3.9	107.7	20972	20821	13805	6714	133	38931	503	0	0	4080	0	0
February 26, 2011 7:18:00 AM UTC	1298729880000	0	0	no	4.0	107.9	20972	20821	13800	6741	122	38920	505	0	0	4071	0	0
February 26, 2011 7:19:00 AM UTC	1298729940000	0	0	no	4.2	108.1	20972	20821	13800	6741	112	38930	519	0	0	4056	0	0
February 26, 2011 7:20:00 AM UTC	1298730000000	0	0	no	4.3	108.3	20972	20821	13820	6649	115	38999	547	0	0	4054	0	0
February 26, 2011 7:21:00 AM UTC	1298730060000	0	0	no	4.5	108.4	20972	20821	13804	6718	107	38954	541	0	0	4041	0	0
February 26, 2011 7:22:00 AM UTC	1298730120000	0	0	no	4.6	108.6	20972	20821	13824	6577	106	39076	569	0	0	4034	0	0
February 26, 2011 7:23:00 AM UTC	1298730180000	0	0	no	4.8	108.8	20972	20821	13800	6691	95	38997	558	0	0	4016	0	0
February 26, 2011 7:24:00 AM UTC	1298730240000	0	0	no	5.0	109.0	20972	20821	13818	6600	98	39067	590	0	0	4012	0	0
February 26, 2011 7:25:00 AM UTC	1298730300000	0	0	no	5.1	109.2	20972	20821	13807	6650	89	39037	591	0	0	3991	0	0
February 26, 2011 7:26:00 AM UTC	1298730360000	0	0	no	5.3	109.4	20972	20821	13818	6600	87	39078	610	0	0	3992	0	0
February 26, 2011 7:27:00 AM UTC	1298730420000	0	0	no	5.4	109.6	20972	20821	13812	6623	82	39066	622	0	1	3975	0	1
February 26, 2011 7:28:00 AM UTC	1298730480000	0	0	yes	5.6	109.8	20972	20821	13813	6624	79	39067	625	0	0	3972	1	0
February 26, 2011 7:29:00 AM UTC	1298730540000	0	0	no	5.7	110.0	20972	20821	13813	6624	78	39068	639	0	1	3956	0	0
February 26, 2011 7:30:00 AM UTC	1298730600000	0	0	no	5.9	110.2	20972	20821	13818	6599	79	39087	655	0	1	3947	0	0
February 26, 2011 7:31:00 AM UTC	1298730660000	0	0	no	6.1	110.4	20972	20821	13812	6670	75	39026	663	0	3	3932	0	12
February 26, 2011 7:32:00 AM UTC	1298730720000	0	0	no	6.2	110.6	20972	20821	13812	6671	78	39022	675	0	20	3919	0	17
February 26, 2011 7:33:00 AM UTC	1298730780000	0	0	yes	6.4	110.8	20972	20821	13812	6679	78	39014	680	1	9	3910	1	6
February 26, 2011 7:34:00 AM UTC	1298730840000	0	0	yes	6.5	110.9	20972	20821	13826	6612	82	39063	712	0	3	3897	0	1
February 26, 2011 7:35:00 AM UTC	1298730900000	0	0	yes	6.7	111.1	20972	20821	13808	6637	79	39059	704	0	7	3887	0	9
February 26, 2011 7:36:00 AM UTC	1298730960000	0	0	yes	6.8	111.3	20972	20821	13808	6637	79	39059	720	0	0	3868	0	10
February 26, 2011 7:37:00 AM UTC	1298731020000	0	0	yes	7.0	111.5	20972	20821	13806	6637	82	39058	724	4	3	3865	0	1
February 26, 2011 7:38:00 AM UTC	1298731080000	0	0	yes	7.1	111.7	20972	20821	13805	6716	80	38982	734	0	0	3848	0	0
February 26, 2011 7:39:00 AM UTC	1298731140000	0	0	yes	7.3	111.9	20972	20821	13805	6717	81	38980	746	0	0	3837	0	0
February 26, 2011 7:40:00 AM UTC	1298731200000	0	0	yes	7.5	112.1	20972	20821	13805	6717	85	38976	757	0	2	3825	0	0
February 26, 2011 7:41:00 AM UTC	1298731260000	0	0	yes	7.6	112.3	20972	20821	13821	6648	86	39028	788	0	1	3812	0	0
February 26, 2011 7:42:00 AM UTC	1298731320000	0	0	yes	7.8	112.5	20972	20821	13805	6716	84	38978	777	0	1	3806	0	3
February 26, 2011 7:43:00 AM UTC	1298731380000	0	0	yes	7.9	112.7	20972	20821	13812	6687	86	38998	806	0	4	3787	0	0
February 26, 2011 7:44:00 AM UTC	1298731440000	0	0	yes	8.1	112.9	20972	20821	13799	6755	85	38944	795	0	2	3777	0	0
February 26, 2011 7:45:00 AM UTC	1298731500000	0	0	yes	8.2	113.1	20972	20821	13813	6688	87	38995	827	0	0	3765	0	0
February 26, 2011 7:46:00 AM UTC	1298731560000	0	0	yes	8.4	113.3	20972	20821	13805	6728	85	38965	823	0	0	3755	0	0
February 26, 2011 7:47:00 AM UTC	1298731620000	0	0	yes	8.5	113.5	20972	20821	13815	6619	89	39060	852	0	5	3746	0	0
February 26, 2011 7:48:00 AM UTC	1298731680000	0	0	yes	8.7	113.7	20972	20821	13815	6619	90	39059	863	0	9	3735	0	3
February 26, 2011 7:49:00 AM UTC	1298731740000	0	0	yes	8.8	113.9	20972	20821	13815	6620	91	39057	868	0	7	3729	0	2
February 26, 2011 7:50:00 AM UTC	1298731800000	0	0	yes	9.0	114.1	20972	20821	13815	6620	91	39057	883	0	12	3714	0	3
February 26, 2011 7:51:00 AM UTC	1298731860000	0	0	yes	9.1	114.3	20972	20821	13809	6648	90	39036	886	0	22	3705	0	2
February 26, 2011 7:52:00 AM UTC	1298731920000	0	0	yes	9.3	114.5	20972	20821	13809	6648	92	39034	901	0	28	3689	0	3
February 26, 2011 7:53:00 AM UTC	1298731980000	0	0	yes	9.4	114.7	20972	20821	13815	6620	94	39054	919	0	21	3679	0	1
February 26, 2011 7:54:00 AM UTC	1298732040000	0	0	yes	9.6	114.9	20972	20821	13809	6645	90	39039	924	0	38	3666	0	3
February 26, 2011 7:55:00 AM UTC	1298732100000	0	0	yes	9.7	115.1	20972	20821	13824	6598	98	39063	949	1	30	3656	0	2
February 26, 2011 7:56:00 AM UTC	1298732160000	0	0	yes	9.9	115.3	20972	20821	13808	6663	92	39020	944	0	10	3642	0	2
February 26, 2011 7:57:00 AM UTC	1298732220000	0	0	yes	10.0	115.5	20972	20821	13822	6597	99	39065	974	0	26	3630	0	1
February 26, 2011 7:58:00 AM UTC	1298732280000	0	0	yes	10.2	115.7	20972	20821	13801	6746	93	38943	953	0	31	3620	0	1
February 26, 2011 7:59:00 AM UTC	1298732340000	0	0	yes	10.3	115.9	20972	20821	13810	6649	98	39026	986	0	28	3602	0	0
February 26, 2011 8:00:00 AM UTC	1298732400000	0	0	yes	10.5	116.1	20972	20821	13809	6653	98	39023	992	0	9	3596	0	0
February 26, 2011 8:01:00 AM UTC	1298732460000	0	0	yes	10.6	116.3	20972	20821	13803	6681	95	39004	999	0	5	3580	0	0
February 26, 2011 8:02:00 AM UTC	1298732520000	0	0	yes	10.8	116.5	20972	20821	13817	6615	103	39048	1026	0	14	3574	0	0
February 26, 2011 8:03:00 AM UTC	1298732580000	0	0	yes	10.9	116.7	20972	20821	13802	6681	100	39000	1023	0	6	3558	0	0
February 26, 2011 8:04:00 AM UTC	1298732640000	0	0	yes	11.1	116.9	20972	20821	13817	6615	104	39047	1051	0	1	3549	0	0
February 26, 2011 8:05:00 AM UTC	1298732700000	0	0	yes	11.2	117.1	20972	20821	13801	6681	100	39001	1045	0	4	3535	0	0
February 26, 2011 8:06:00 AM UTC	1298732760000	0	0	yes	11.4	117.3	20972	20821	13817	6632	108	39026	1074	0	5	3530	0	0
February 26, 2011 8:07:00 AM UTC	1298732820000	0	0	yes	11.5	117.5	20972	20821	13817	6632	106	39028	1080	0	0	3525	0	0
February 26, 2011 8:08:00 AM UTC	1298732880000	0	0	yes	11.7	117.7	20972	20821	13809	6667	102	39005	1086	0	0	3502	0	0
February 26, 2011 8:09:00 AM UTC	1298732940000	0	0	yes	11.8	117.9	20972	20821	13809	6667	104	39003	1092	0	0	3495	0	0
February 26, 2011 8:10:00 AM UTC	1298733000000	0	0	yes	12.0	118.1	20972	20821	13810	6602	104	39067	1117	0	5	3477	0	0
February 26, 2011 8:11:00 AM UTC	1298733060000	0	0	yes	12.1	118.3	20972	20821	13811	6601	108	39063	1123	0	0	3470	0	0
February 26, 2011 8:12:00 AM UTC	1298733120000	0	0	yes	12.3	118.5	20972	20821	13813	6603	108	39059	1135	0	7	3458	0	0
February 26, 2011 8:13:00 AM UTC	1298733180000	0	0	yes	12.4	118.7	20972	20821	13810	6680	107	38986	1141	0	3	3444	0	0
February 26, 2011 8:14:00 AM UTC	1298733240000	0	0	yes	12.6	118.9	20972	20821	13816	6651	110	39006	1159	0	0	3434	0	0
February 26, 2011 8:15:00 AM UTC	1298733300000	0	0	yes	12.7	119.1	20972	20821	13801	6714	107	38961	1153	0	0	3423	0	0
February 26, 2011 8:16:00 AM UTC	1298733360000	0	0	yes	12.9	119.3	20972	20821	13824	6615	116	39028	1197	0	6	3408	0	0
February 26, 2011 8:17:00 AM UTC	1298733420000	0	0	yes	13.0	119.5	20972	20821	13801	6734	104	38944	1177	0	8	3393	0	0
February 26, 2011 8:18:00 AM UTC	1298733480000	0	0	yes	13.1	119.7	20972	20821	13816	6671	110	38986	1206	0	4	3386	0	0
February 26, 2011 8:19:00 AM UTC	1298733540000	0	0	yes	13.3	119.9	20972	20821	13816	6671	112	38984	1222	0	5	3373	0	0
February 26, 2011 8:20:00 AM UTC	1298733600000	0	0	yes	13.4	120.1	20972	20821	13815	6670	110	38988	1231	0	4	3362	0	0
February 26, 2011 8:21:00 AM UTC	1298733660000	0	0	yes	13.6	120.3	20972	20821	13814	6671	113	38985	1247	0	1	3349	0	0
February 26, 2011 8:22:00 AM UTC	1298733720000	0	0	yes	13.7	120.5	20972	20821	13817	6608	115	39043	1262	0	5	3343	0	0
February 26, 2011 8:23:00 AM UTC	1298733780000	0	0	yes	13.9	120.7	20972	20821	13808	6644	108	39023	1263	0	3	3332	0	0
February 26, 2011 8:24:00 AM UTC	1298733840000	0	0	yes	14.0	120.9	20972	20821	13808	6650	108	39017	1270	0	1	3325	0	0
February 26, 2011 8:25:00 AM UTC	1298733900000	0	0	yes	14.2	121.2	20972	20821	13808	6650	109	39016	1288	0	0	3309	0	0
February 26, 2011 8:26:00 AM UTC	1298733960000	0	0	yes	14.3	121.4	20972	20821	13823	6581	114	39065	1315	0	6	3303	0	0
February 26, 2011 8:27:00 AM UTC	1298734020000	0	0	yes	14.4	121.6	20972	20821	13808	6667	107	39001	1306	0	9	3292	0	0
February 26, 2011 8:28:00 AM UTC	1298734080000	0	0	yes	14.6	121.8	20972	20821	13808	6667	108	39000	1316	0	0	3285	0	0
February 26, 2011 8:29:00 AM UTC	1298734140000	0	0	yes	14.7	122.0	20972	20821	13798	6706	102	38977	1314	0	1	3274	0	0
February 26, 2011 8:30:00 AM UTC	1298734200000	0	0	yes	14.9	122.2	20972	20821	13808	6668	104	39003	1341	0	3	3269	0	0
February 26, 2011 8:31:00 AM UTC	1298734260000	0	0	yes	15.0	122.4	20972	20821	13822	6669	110	38982	1369	0	13	3255	0	0
February 26, 2011 8:32:00 AM UTC	1298734320000	0	0	yes	15.1	122.6	20972	20821	13801	6705	98	38979	1354	0	0	3251	0	0
February 26, 2011 8:33:00 AM UTC	1298734380000	0	0	yes	15.3	122.8	20972	20821	13814	6643	102	39024	1382	0	2	3246	0	0
February 26, 2011 8:34:00 AM UTC	1298734440000	0	0	yes	15.4	123.0	20972	20821	13811	6667	102	39003	1389	0	6	3234	0	0
February 26, 2011 8:35:00 AM UTC	1298734500000	0	0	yes	15.6	123.3	20972	20821	13815	6644	100	39024	1404	0	0	3228	0	0
February 26, 2011 8:36:00 AM UTC	1298734560000	0	0	yes	15.7	123.5	20972	20821	13815	6644	99	39025	1420	0	1	3218	0	0
February 26, 2011 8:37:00 AM UTC	1298734620000	0	0	yes	15.8	123.7	20972	20821	13815	6666	98	39004	1422	0	5	3212	0	0
February 26, 2011 8:38:00 AM UTC	1298734680000	0	0	yes	16.0	123.9	20972	20821	13813	6674	96	39000	1434	0	12	3198	0	0
February 26, 2011 8:39:00 AM UTC	1298734740000	0	0	yes	16.1	124.1	20972	20821	13814	6672	95	39002	1448	0	2	3199	0	0
February 26, 2011 8:40:00 AM UTC	1298734800000	0	0	yes	16.3	124.3	20972	20821	13806	6709	90	38978	1447	0	3	3180	0	0
February 26, 2011 8:41:00 AM UTC	1298734860000	0	0	yes	16.4	124.5	20972	20821	13821	6649	94	39019	1474	1	9	3191	0	0
February 26, 2011 8:42:00 AM UTC	1298734920000	0	0	yes	16.5	124.8	20972	20821	13816	6649	94	39024	1490	0	2	3169	0	0
February 26, 2011 8:43:00 AM UTC	1298734980000	0	0	yes	16.7	125.0	20972	20821	13821	6592	94	39076	1505	0	12	3154	0	0
February 26, 2011 8:44:00 AM UTC	1298735040000	0	0	yes	16.8	125.2	20972	20821	13806	6652	87	39038	1502	0	7	3161	0	0
February 26, 2011 8:45:00 AM UTC	1298735100000	0	0	yes	16.9	125.4	20972	20821	13813	6632	85	39053	1515	0	2	3143	0	0
February 26, 2011 8:46:00 AM UTC	1298735160000	0	0	yes	17.1	125.6	20972	20821	13821	6592	90	39080	1535	0	8	3160	0	0
February 26, 2011 8:47:00 AM UTC	1298735220000	0	0	yes	17.2	125.8	20972	20821	13820	6621	88	39054	1545	0	14	3140	0	0
February 26, 2011 8:48:00 AM UTC	1298735280000	0	0	yes	17.3	126.0	20972	20821	13811	6662	82	39028	1542	0	0	3133	0	0
February 26, 2011 8:49:00 AM UTC	1298735340000	0	0	yes	17.5	126.3	20972	20821	13812	6662	80	39029	1551	0	8	3131	0	0
February 26, 2011 8:50:00 AM UTC	1298735400000	0	0	yes	17.6	126.5	20972	20821	13821	6623	82	39057	1571	0	14	3125	0	0
February 26, 2011 8:51:00 AM UTC	1298735460000	0	0	yes	17.7	126.7	20972	20821	13825	6603	82	39073	1597	1	24	3115	0	0
February 26, 2011 8:52:00 AM UTC	1298735520000	0	0	yes	17.9	126.9	20972	20821	13812	6662	75	39034	1584	1	7	3111	0	0
February 26, 2011 8:53:00 AM UTC	1298735580000	0	0	yes	18.0	127.1	20972	20821	13828	6550	79	39126	1626	4	26	3102	0	0
February 26, 2011 8:54:00 AM UTC	1298735640000	0	0	yes	18.1	127.4	20972	20821	13815	6608	72	39088	1614	8	31	3097	0	0
February 26, 2011 8:55:00 AM UTC	1298735700000	0	0	yes	18.3	127.6	20972	20821	13818	6593	74	39098	1632	0	14	3093	0	0
February 26, 2011 8:56:00 AM UTC	1298735760000	0	0	yes	18.4	127.8	20972	20821	13818	6593	72	39100	1640	0	22	3086	0	0
February 26, 2011 8:57:00 AM UTC	1298735820000	0	0	yes	18.5	128.0	20972	20821	13828	6581	72	39102	1667	10	32	3081	0	8
February 26, 2011 8:58:00 AM UTC	1298735880000	0	0	yes	18.7	128.2	20972	20821	13817	6626	69	39071	1659	0	29	3075	0	3
February 26, 2011 8:59:00 AM UTC	1298735940000	0	0	yes	18.8	128.5	20972	20821	13818	6626	64	39075	1666	0	42	3072	0	9
February 26, 2011 9:00:00 AM UTC	1298736000000	0	0	yes	18.9	128.7	20972	20821	13818	6626	61	39078	1676	5	23	3068	0	0
February 26, 2011 9:01:00 AM UTC	1298736060000	0	0	yes	19.1	128.9	20972	20821	13818	6626	60	39079	1687	0	3	3061	0	0
February 26, 2011 9:02:00 AM UTC	1298736120000	0	0	yes	19.2	129.1	20972	20821	13817	6626	61	39079	1696	0	11	3057	0	0
February 26, 2011 9:03:00 AM UTC	1298736180000	0	0	yes	19.3	129.4	20972	20821	13819	6571	59	39134	1721	1	17	3050	0	0
February 26, 2011 9:04:00 AM UTC	1298736240000	0	0	yes	19.4	129.6	20972	20821	13818	6583	52	39130	1728	9	21	3045	0	0
February 26, 2011 9:05:00 AM UTC	1298736300000	0	0	yes	19.6	129.8	20972	20821	13809	6617	49	39108	1722	0	3	3045	0	0
February 26, 2011 9:06:00 AM UTC	1298736360000	0	0	yes	19.7	130.0	20972	20821	13820	6595	56	39112	1746	0	12	3040	0	0
February 26, 2011 9:07:00 AM UTC	1298736420000	0	0	yes	19.8	130.2	20972	20821	13809	6648	45	39081	1735	0	19	3032	0	0
February 26, 2011 9:08:00 AM UTC	1298736480000	0	0	yes	20.0	130.5	20972	20821	13820	6596	47	39120	1765	0	7	3029	0	0
February 26, 2011 9:09:00 AM UTC	1298736540000	0	0	yes	20.1	130.7	20972	20821	13809	6642	47	39085	1759	0	4	3024	0	0
February 26, 2011 9:10:00 AM UTC	1298736600000	0	0	yes	20.2	130.9	20972	20821	13820	6596	48	39119	1788	1	19	3018	0	0
February 26, 2011 9:11:00 AM UTC	1298736660000	0	0	yes	20.3	131.2	20972	20821	13820	6596	42	39125	1796	0	1	3016	0	0
February 26, 2011 9:12:00 AM UTC	1298736720000	0	0	yes	20.5	131.4	20972	20821	13810	6642	36	39095	1789	0	7	3013	0	0
February 26, 2011 9:13:00 AM UTC	1298736780000	0	0	yes	20.6	131.6	20972	20821	13822	6554	39	39168	1823	0	15	3008	0	0
February 26, 2011 9:14:00 AM UTC	1298736840000	0	0	yes	20.7	131.8	20972	20821	13824	6531	39	39189	1844	0	2	3002	0	0
February 26, 2011 9:15:00 AM UTC	1298736900000	0	0	yes	20.8	132.1	20972	20821	13810	6632	30	39111	1814	0	0	3003	0	0
February 26, 2011 9:16:00 AM UTC	1298736960000	0	0	yes	21.0	132.3	20972	20821	13822	6578	32	39151	1850	1	10	2997	0	0
February 26, 2011 9:17:00 AM UTC	1298737020000	0	0	yes	21.1	132.5	20972	20821	13809	6633	28	39113	1838	0	0	2992	0	0
February 26, 2011 9:18:00 AM UTC	1298737080000	0	0	yes	21.2	132.8	20972	20821	13812	6625	28	39118	1850	0	5	2989	0	0
February 26, 2011 9:19:00 AM UTC	1298737140000	0	0	yes	21.3	133.0	20972	20821	13822	6578	26	39157	1877	0	17	2989	0	0
February 26, 2011 9:20:00 AM UTC	1298737200000	0	0	yes	21.4	133.2	20972	20821	13812	6625	22	39124	1873	0	6	2979	0	0
February 26, 2011 9:21:00 AM UTC	1298737260000	0	0	yes	21.6	133.4	20972	20821	13822	6578	20	39163	1898	4	22	2980	0	0
February 26, 2011 9:22:00 AM UTC	1298737320000	0	0	yes	21.7	133.7	20972	20821	13823	6537	21	39202	1920	12	53	2976	0	0
February 26, 2011 9:23:00 AM UTC	1298737380000	0	0	yes	21.8	133.9	20972	20821	13812	6590	13	39168	1905	2	108	2976	0	28
February 26, 2011 9:24:00 AM UTC	1298737440000	0	1	yes	21.9	134.1	20972	20821	13823	6542	13	39205	1940	18	342	2968	0	52
February 26, 2011 9:25:00 AM UTC	1298737500000	0	1	yes	22.0	134.4	20972	20821	13822	6569	12	39180	1940	29	336	2969	0	57
February 26, 2011 9:26:00 AM UTC	1298737560000	0	1	yes	22.2	134.6	20972	20821	13810	6624	8	39141	1924	18	391	2964	0	55
February 26, 2011 9:27:00 AM UTC	1298737620000	0	1	yes	22.3	134.8	20972	20821	13822	6569	6	39186	1957	30	385	2964	0	78
February 26, 2011 9:28:00 AM UTC	1298737680000	0	2	yes	22.4	135.1	20972	20821	13809	6621	3	39150	1951	24	494	2954	0	369
February 26, 2011 9:29:00 AM UTC	1298737740000	0	3	yes	22.5	135.3	20972	20821	13809	6619	2	39153	1954	20	776	2960	0	540
February 26, 2011 9:30:00 AM UTC	1298737800000	0	3	yes	22.6	135.6	20972	20821	13822	6569	2	39190	1983	55	777	2956	8	565
February 26, 2011 9:31:00 AM UTC	1298737860000	1	3	yes	22.8	135.8	20972	20821	13810	6618	1	39154	1966	236	602	2948	31	510
February 26, 2011 9:32:00 AM UTC	1298737920000	1	2	yes	22.9	136.0	20972	20821	13823	6579	2	39179	2010	316	483	2945	46	393
February 26, 2011 9:33:00 AM UTC	1298737980000	1	2	yes	23.0	136.3	20972	20821	13822	6573	1	39187	2008	293	460	2952	74	274
February 26, 2011 9:34:00 AM UTC	1298738040000	1	1	yes	23.1	136.5	20972	20821	13809	6624	1	39149	1997	262	384	2940	56	180
February 26, 2011 9:35:00 AM UTC	1298738100000	1	1	yes	23.2	136.7	20972	20821	13821	6574	1	39187	2033	218	344	2941	52	120
February 26, 2011 9:36:00 AM UTC	1298738160000	0	1	yes	23.3	137.0	20972	20821	13821	6574	0	39188	2046	126	329	2935	28	81
February 26, 2011 9:37:00 AM UTC	1298738220000	0	1	yes	23.4	137.2	20972	20821	13822	6573	0	39188	2045	133	262	2941	23	55
February 26, 2011 9:38:00 AM UTC	1298738280000	0	1	yes	23.6	137.5	20972	20821	13822	6573	0	39188	2059	85	211	2935	6	48
February 26, 2011 9:39:00 AM UTC	1298738340000	0	1	yes	23.7	137.7	20972	20821	13822	6573	0	39188	2067	22	202	2933	0	22
February 26, 2011 9:40:00 AM UTC	1298738400000	0	1	yes	23.8	137.9	20972	20821	13811	6628	0	39144	2056	10	195	2929	0	9
February 26, 2011 9:41:00 AM UTC	1298738460000	0	0	yes	23.9	138.2	20972	20821	13813	6583	0	39187	2069	0	165	2931	0	4
February 26, 2011 9:42:00 AM UTC	1298738520000	0	0	yes	24.0	138.4	20972	20821	13822	6588	0	39173	2091	7	120	2928	0	1
February 26, 2011 9:43:00 AM UTC	1298738580000	0	0	yes	24.1	138.7	20972	20821	13811	6636	0	39136	2078	7	77	2926	0	0
February 26, 2011 9:44:00 AM UTC	1298738640000	0	0	yes	24.2	138.9	20972	20821	13810	6642	0	39131	2085	0	35	2925	0	2
February 26, 2011 9:45:00 AM UTC	1298738700000	0	0	yes	24.3	139.1	20972	20821	13814	6635	0	39134	2092	3	37	2922	0	1
February 26, 2011 9:46:00 AM UTC	1298738760000	0	0	yes	24.4	139.4	20972	20821	13811	6642	0	39130	2101	5	57	2919	0	0
February 26, 2011 9:47:00 AM UTC	1298738820000	0	0	yes	24.5	139.6	20972	20821	13823	6588	0	39172	2131	0	42	2917	0	0
February 26, 2011 9:48:00 AM UTC	1298738880000	0	0	yes	24.7	139.9	20972	20821	13810	6644	0	39129	2116	1	48	2917	0	1
February 26, 2011 9:49:00 AM UTC	1298738940000	0	1	yes	24.8	140.1	20972	20821	13822	6588	0	39173	2145	11	29	2916	0	1
February 26, 2011 9:50:00 AM UTC	1298739000000	0	1	yes	24.9	140.4	20972	20821	13823	6556	0	39204	2168	0	18	2915	0	0
February 26, 2011 9:51:00 AM UTC	1298739060000	0	1	yes	25.0	140.6	20972	20821	13822	6602	0	39159	2165	0	22	2912	0	3
February 26, 2011 9:52:00 AM UTC	1298739120000	0	2	yes	25.1	140.9	20972	20821	13820	6610	0	39153	2171	4	31	2912	0	0
February 26, 2011 9:53:00 AM UTC	1298739180000	0	2	yes	25.2	141.1	20972	20821	13807	6674	0	39102	2141	0	7	2915	0	0
February 26, 2011 9:54:00 AM UTC	1298739240000	0	2	yes	25.3	141.4	20972	20821	13820	6610	0	39153	2185	2	6	2908	0	0
February 26, 2011 9:55:00 AM UTC	1298739300000	0	3	yes	25.4	141.6	20972	20821	13807	6665	0	39111	2162	2	15	2911	0	0
February 26, 2011 9:56:00 AM UTC	1298739360000	0	3	yes	25.5	141.9	20972	20821	13819	6610	0	39154	2199	0	0	2913	0	0
February 26, 2011 9:57:00 AM UTC	1298739420000	0	4	yes	25.6	142.1	20972	20821	13817	6617	0	39149	2201	0	2	2907	0	0
February 26, 2011 9:58:00 AM UTC	1298739480000	0	4	yes	25.7	142.4	20972	20821	13822	6573	0	39188	2224	2	6	2908	0	0
February 26, 2011 9:59:00 AM UTC	1298739540000	0	5	yes	25.8	142.6	20972	20821	13816	6641	0	39126	2216	0	0	2906	0	0
February 26, 2011 10:00:00 AM UTC	1298739600000	0	5	yes	25.9	142.9	20972	20821	13815	6642	0	39126	2227	0	0	2903	0	0
February 26, 2011 10:01:00 AM UTC	1298739660000	0	6	yes	26.0	143.1	20972	20821	13815	6642	0	39126	2230	0	0	2906	0	0
February 26, 2011 10:02:00 AM UTC	1298739720000	0	5	yes	26.1	143.4	20972	20821	13815	6642	0	39126	2232	2	8	2906	0	0
February 26, 2011 10:03:00 AM UTC	1298739780000	0	5	yes	26.2	143.6	20972	20821	13824	6603	0	39156	2263	0	0	2902	0	0
February 26, 2011 10:04:00 AM UTC	1298739840000	0	5	yes	26.3	143.9	20972	20821	13814	6642	0	39127	2251	0	1	2906	0	0
February 26, 2011 10:05:00 AM UTC	1298739900000	0	7	yes	26.4	144.1	20972	20821	13814	6642	0	39127	2257	0	0	2901	0	0
February 26, 2011 10:06:00 AM UTC	1298739960000	0	9	yes	26.5	144.4	20972	20821	13825	6598	0	39160	2281	0	0	2915	0	0
February 26, 2011 10:07:00 AM UTC	1298740020000	0	10	yes	26.6	144.6	20972	20821	13802	6665	0	39116	2252	0	0	2896	0	0
February 26, 2011 10:08:00 AM UTC	1298740080000	0	13	yes	26.7	144.9	20972	20821	13810	6685	0	39088	2267	0	9	2907	0	0
February 26, 2011 10:09:00 AM UTC	1298740140000	0	18	yes	26.8	145.1	20972	20821	13810	6685	0	39088	2277	0	9	2891	0	0
February 26, 2011 10:10:00 AM UTC	1298740200000	0	21	yes	26.9	145.4	20972	20821	13820	6643	0	39120	2298	0	57	2908	0	0
February 26, 2011 10:11:00 AM UTC	1298740260000	0	27	yes	27.0	145.6	20972	20821	13810	6685	0	39088	2286	4	244	2890	0	5
February 26, 2011 10:12:00 AM UTC	1298740320000	0	37	yes	27.1	145.9	20972	20821	13796	6744	0	39043	2264	0	581	2904	0	112
February 26, 2011 10:13:00 AM UTC	1298740380000	0	41	yes	27.2	146.2	20972	20821	13818	6644	0	39121	2319	6	900	2899	0	295
February 26, 2011 10:14:00 AM UTC	1298740440000	0	48	yes	27.3	146.4	20972	20821	13810	6684	0	39089	2309	15	1101	2901	0	624
February 26, 2011 10:15:00 AM UTC	1298740500000	0	52	yes	27.3	146.7	20972	20821	13818	6644	0	39121	2333	41	1262	2899	0	968
February 26, 2011 10:16:00 AM UTC	1298740560000	0	58	yes	27.4	146.9	20972	20821	13820	6670	0	39093	2333	132	1350	2899	0	1302
February 26, 2011 10:17:00 AM UTC	1298740620000	1	61	yes	27.5	147.2	20972	20821	13810	6686	0	39087	2328	312	1306	2895	0	1621
February 26, 2011 10:18:00 AM UTC	1298740680000	1	59	yes	27.6	147.5	20972	20821	13820	6668	0	39095	2350	580	1198	2898	5	1898
February 26, 2011 10:19:00 AM UTC	1298740740000	2	59	yes	27.7	147.7	20972	20821	13805	6670	0	39108	2335	738	1142	2898	4	2159
February 26, 2011 10:20:00 AM UTC	1298740800000	2	58	yes	27.8	148.0	20972	20821	13815	6632	0	39136	2360	923	1062	2899	6	2309
February 26, 2011 10:21:00 AM UTC	1298740860000	3	59	yes	27.9	148.2	20972	20821	13806	6671	0	39106	2340	1046	997	2897	37	2400
February 26, 2011 10:22:00 AM UTC	1298740920000	4	57	yes	28.0	148.5	20972	20821	13815	6632	0	39136	2364	1328	829	2904	58	2515
February 26, 2011 10:23:00 AM UTC	1298740980000	4	59	yes	28.1	148.8	20972	20821	13815	6632	0	39136	2375	1438	780	2898	86	2590
February 26, 2011 10:24:00 AM UTC	1298741040000	4	58	yes	28.1	149.0	20972	20821	13822	6626	0	39135	2392	1374	909	2903	114	2608
February 26, 2011 10:25:00 AM UTC	1298741100000	4	62	yes	28.2	149.3	20972	20821	13801	6726	0	39056	2357	1354	924	2896	121	2687
February 26, 2011 10:26:00 AM UTC	1298741160000	4	60	yes	28.3	149.6	20972	20821	13816	6665	0	39102	2385	1365	975	2900	83	2756
February 26, 2011 10:27:00 AM UTC	1298741220000	4	65	yes	28.4	149.8	20972	20821	13809	6689	0	39085	2381	1411	949	2900	123	2753
February 26, 2011 10:28:00 AM UTC	1298741280000	4	67	yes	28.5	150.1	20972	20821	13809	6689	0	39085	2386	1516	866	2901	135	2766
February 26, 2011 10:29:00 AM UTC	1298741340000	4	69	yes	28.6	150.3	20972	20821	13823	6629	0	39131	2429	1421	1008	2899	85	2814
February 26, 2011 10:30:00 AM UTC	1298741400000	3	71	yes	28.6	150.6	20972	20821	13809	6689	0	39085	2396	1286	1110	2902	44	2857
February 26, 2011 10:31:00 AM UTC	1298741460000	3	69	yes	28.7	150.9	20972	20821	13809	6689	0	39085	2411	1255	1156	2897	72	2825
February 26, 2011 10:32:00 AM UTC	1298741520000	4	69	yes	28.8	151.1	20972	20821	13817	6653	0	39113	2420	1500	920	2903	97	2806
February 26, 2011 10:33:00 AM UTC	1298741580000	4	69	yes	28.9	151.4	20972	20821	13808	6735	0	39040	2410	1534	876	2901	63	2837
February 26, 2011 10:34:00 AM UTC	1298741640000	5	67	yes	29.0	151.7	20972	20821	13803	6678	0	39102	2416	1569	847	2904	263	2641
February 26, 2011 10:35:00 AM UTC	1298741700000	5	63	yes	29.1	151.9	20972	20821	13818	6615	0	39150	2456	1807	649	2897	321	2576
February 26, 2011 10:36:00 AM UTC	1298741760000	6	64	yes	29.1	152.2	20972	20821	13804	6683	0	39096	2422	2027	395	2906	199	2707
February 26, 2011 10:37:00 AM UTC	1298741820000	7	63	yes	29.2	152.5	20972	20821	13804	6675	0	39104	2436	2261	175	2897	358	2539
February 26, 2011 10:38:00 AM UTC	1298741880000	8	62	yes	29.3	152.8	20972	20821	13817	6615	0	39151	2458	2312	146	2909	425	2484
February 26, 2011 10:39:00 AM UTC	1298741940000	8	59	yes	29.4	153.0	20972	20821	13811	6645	0	39127	2456	2260	196	2903	410	2493
February 26, 2011 10:40:00 AM UTC	1298742000000	9	54	yes	29.4	153.3	20972	20821	13813	6644	0	39126	2460	2356	104	2907	624	2283
February 26, 2011 10:41:00 AM UTC	1298742060000	12	51	yes	29.5	153.6	20972	20821	13802	6718	0	39063	2442	2325	117	2907	1063	1844
February 26, 2011 10:42:00 AM UTC	1298742120000	11	53	no	29.6	153.8	20972	20821	13810	6688	0	39085	2464	2326	138	2908	1014	1894
February 26, 2011 10:43:00 AM UTC	1298742180000	10	55	no	29.7	154.1	20972	20821	13810	6688	0	39085	2466	2429	37	2908	1101	1807
February 26, 2011 10:44:00 AM UTC	1298742240000	10	59	no	29.7	154.4	20972	20821	13810	6688	0	39085	2466	2429	37	2912	959	1953
February 26, 2011 10:45:00 AM UTC	1298742300000	10	64	no	29.8	154.7	20972	20821	13818	6655	0	39110	2485	2404	81	2909	847	2062
February 26, 2011 10:46:00 AM UTC	1298742360000	9	71	no	29.9	154.9	20972	20821	13794	6703	0	39086	2456	2298	158	2913	970	1943
February 26, 2011 10:47:00 AM UTC	1298742420000	8	77	no	29.9	155.2	20972	20821	13818	6609	0	39156	2510	2115	395	2911	1033	1878
February 26, 2011 10:48:00 AM UTC	1298742480000	8	86	no	30.0	155.5	20972	20821	13818	6609	0	39156	2509	2096	413	2913	873	2040
February 26, 2011 10:49:00 AM UTC	1298742540000	9	88	no	30.1	155.7	20972	20821	13803	6721	0	39059	2478	2212	266	2911	901	2010
February 26, 2011 10:50:00 AM UTC	1298742600000	9	89	no	30.1	156.0	20972	20821	13825	6626	0	39132	2525	2171	352	2917	935	1982
February 26, 2011 10:51:00 AM UTC	1298742660000	9	90	yes	30.2	156.3	20972	20821	13803	6721	0	39059	2483	2271	212	2910	922	1988
February 26, 2011 10:52:00 AM UTC	1298742720000	8	91	yes	30.3	156.6	20972	20821	13802	6723	0	39058	2478	2165	313	2919	830	2089
February 26, 2011 10:53:00 AM UTC	1298742780000	9	91	yes	30.3	156.8	20972	20821	13809	6694	0	39080	2506	2338	164	2916	755	2161
February 26, 2011 10:54:00 AM UTC	1298742840000	9	91	yes	30.4	157.1	20972	20821	13809	6694	0	39080	2507	2191	310	2921	923	1998
February 26, 2011 10:55:00 AM UTC	1298742900000	9	91	no	30.5	157.4	20972	20821	13815	6664	0	39104	2527	2021	506	2923	1008	1915
February 26, 2011 10:56:00 AM UTC	1298742960000	11	89	no	30.5	157.7	20972	20821	13808	6694	0	39081	2519	2292	227	2925	1203	1722
February 26, 2011 10:57:00 AM UTC	1298743020000	13	87	no	30.6	158.0	20972	20821	13807	6762	0	39014	2500	2394	106	2921	1351	1570
February 26, 2011 10:58:00 AM UTC	1298743080000	17	83	no	30.7	158.2	20972	20821	13812	6721	0	39050	2525	2341	184	2925	1747	1178
February 26, 2011 10:59:00 AM UTC	1298743140000	20	80	yes	30.7	158.5	20972	20821	13815	6639	0	39129	2543	2299	244	2923	1669	1254
February 26, 2011 11:00:00 AM UTC	1298743200000	22	78	no	30.8	158.8	20972	20821	13815	6639	0	39129	2549	2298	251	2928	1724	1204
February 26, 2011 11:01:00 AM UTC	1298743260000	25	75	no	30.8	159.1	20972	20821	13821	6611	0	39151	2566	2439	127	2926	1863	1063
February 26, 2011 11:02:00 AM UTC	1298743320000	26	74	no	30.9	159.3	20972	20821	13800	6703	0	39080	2526	2489	37	2927	1781	1146
February 26, 2011 11:03:00 AM UTC	1298743380000	27	73	no	31.0	159.6	20972	20821	13801	6704	0	39078	2529	2478	51	2926	2111	815
February 26, 2011 11:04:00 AM UTC	1298743440000	30	70	no	31.0	159.9	20972	20821	13821	6612	0	39150	2581	2485	96	2929	2271	658
February 26, 2011 11:05:00 AM UTC	1298743500000	33	67	no	31.1	160.2	20972	20821	13806	6644	0	39133	2558	2467	91	2923	2273	650
February 26, 2011 11:06:00 AM UTC	1298743560000	34	66	no	31.1	160.5	20972	20821	13806	6693	0	39084	2548	2447	101	2932	2614	318
February 26, 2011 11:07:00 AM UTC	1298743620000	35	65	no	31.2	160.8	20972	20821	13811	6673	0	39099	2561	2420	141	2929	2334	595
February 26, 2011 11:08:00 AM UTC	1298743680000	35	65	no	31.2	161.0	20972	20821	13811	6673	0	39099	2562	2514	48	2938	2564	374
February 26, 2011 11:09:00 AM UTC	1298743740000	37	63	no	31.3	161.3	20972	20821	13806	6693	0	39084	2555	2503	52	2934	2686	248
February 26, 2011 11:10:00 AM UTC	1298743800000	38	62	no	31.4	161.6	20972	20821	13812	6673	0	39098	2569	2518	51	2937	2617	320
February 26, 2011 11:11:00 AM UTC	1298743860000	39	61	no	31.4	161.9	20972	20821	13812	6673	0	39098	2569	2517	52	2938	2522	416
February 26, 2011 11:12:00 AM UTC	1298743920000	37	63	no	31.5	162.2	20972	20821	13812	6673	0	39098	2578	2498	80	2938	2524	414
February 26, 2011 11:13:00 AM UTC	1298743980000	38	62	no	31.5	162.4	20972	20821	13812	6673	0	39098	2579	2562	17	2939	2486	453
February 26, 2011 11:14:00 AM UTC	1298744040000	36	64	no	31.6	162.7	20972	20821	13800	6789	0	38994	2544	2470	74	2938	2736	202
February 26, 2011 11:15:00 AM UTC	1298744100000	35	65	no	31.6	163.0	20972	20821	13816	6716	0	39051	2582	2502	78	2939	2708	231
February 26, 2011 11:16:00 AM UTC	1298744160000	33	67	no	31.7	163.3	20972	20821	13816	6714	0	39053	2584	2523	61	2942	2854	88
February 26, 2011 11:17:00 AM UTC	1298744220000	33	67	no	31.7	163.6	20972	20821	13804	6694	0	39085	2574	2487	87	2941	2828	113
February 26, 2011 11:18:00 AM UTC	1298744280000	30	70	no	31.8	163.9	20972	20821	13803	6701	0	39079	2574	2252	322	2944	2829	115
February 26, 2011 11:19:00 AM UTC	1298744340000	31	69	no	31.8	164.2	20972	20821	13818	6632	0	39133	2608	2415	189	2943	2795	148
February 26, 2011 11:20:00 AM UTC	1298744400000	29	71	no	31.8	164.4	20972	20821	13823	6574	0	39186	2635	2354	270	2948	2695	253
February 26, 2011 11:21:00 AM UTC	1298744460000	30	70	no	31.9	164.7	20972	20821	13808	6643	0	39132	2600	2396	185	2945	2607	338
February 26, 2011 11:22:00 AM UTC	1298744520000	30	70	no	31.9	165.0	20972	20821	13807	6641	0	39135	2602	2368	173	2951	2449	502
February 26, 2011 11:23:00 AM UTC	1298744580000	29	71	no	32.0	165.3	20972	20821	13820	6641	0	39122	2626	2390	160	2948	2655	293
February 26, 2011 11:24:00 AM UTC	1298744640000	27	73	no	32.0	165.6	20972	20821	13809	6694	0	39080	2599	2411	157	2953	2464	489
February 26, 2011 11:25:00 AM UTC	1298744700000	29	70	no	32.1	165.9	20972	20821	13809	6695	0	39079	2604	2448	123	2948	2690	258
February 26, 2011 11:26:00 AM UTC	1298744760000	29	71	no	32.1	166.2	20972	20821	13809	6695	0	39079	2601	2477	84	2955	2565	390
February 26, 2011 11:27:00 AM UTC	1298744820000	29	71	no	32.1	166.5	20972	20821	13809	6695	0	39079	2608	2329	265	2952	2738	214
February 26, 2011 11:28:00 AM UTC	1298744880000	31	69	no	32.2	166.7	20972	20821	13810	6695	0	39078	2609	2465	137	2955	2595	360
February 26, 2011 11:29:00 AM UTC	1298744940000	31	69	no	32.2	167.0	20972	20821	13810	6695	0	39078	2613	2490	110	2949	2667	282
February 26, 2011 11:30:00 AM UTC	1298745000000	30	70	no	32.3	167.3	20972	20821	13811	6694	0	39078	2614	2368	201	2956	2726	230
February 26, 2011 11:31:00 AM UTC	1298745060000	30	70	no	32.3	167.6	20972	20821	13812	6753	0	39018	2601	2550	38	2955	2768	187
February 26, 2011 11:32:00 AM UTC	1298745120000	28	72	no	32.3	167.9	20972	20821	13815	6669	0	39099	2630	2504	126	2960	2698	262
February 26, 2011 11:33:00 AM UTC	1298745180000	27	73	no	32.4	168.2	20972	20821	13815	6669	0	39099	2630	2543	87	2963	2661	302
February 26, 2011 11:34:00 AM UTC	1298745240000	24	76	no	32.4	168.5	20972	20821	13801	6707	0	39075	2600	2545	53	2955	2731	224
February 26, 2011 11:35:00 AM UTC	1298745300000	19	81	no	32.4	168.8	20972	20821	13817	6638	0	39128	2634	2148	475	2958	2588	370
February 26, 2011 11:36:00 AM UTC	1298745360000	16	84	no	32.5	169.1	20972	20821	13820	6623	0	39140	2645	2021	608	2963	2459	504
February 26, 2011 11:37:00 AM UTC	1298745420000	18	82	no	32.5	169.3	20972	20821	13820	6623	0	39140	2643	2037	575	2970	2443	527
February 26, 2011 11:38:00 AM UTC	1298745480000	15	85	no	32.5	169.6	20972	20821	13805	6693	0	39085	2615	1849	714	2962	2014	948
February 26, 2011 11:39:00 AM UTC	1298745540000	19	81	no	32.5	169.9	20972	20821	13805	6691	0	39087	2610	2016	576	2964	2284	680
February 26, 2011 11:40:00 AM UTC	1298745600000	22	78	no	32.6	170.2	20972	20821	13821	6684	0	39078	2640	2090	479	2966	2103	863
February 26, 2011 11:41:00 AM UTC	1298745660000	21	79	no	32.6	170.5	20972	20821	13824	6690	0	39069	2639	2140	443	2967	2304	663
February 26, 2011 11:42:00 AM UTC	1298745720000	19	80	no	32.6	170.8	20972	20821	13807	6759	0	39017	2607	2300	200	2970	1931	1039
February 26, 2011 11:43:00 AM UTC	1298745780000	20	78	no	32.7	171.1	20972	20821	13806	6760	0	39017	2606	2427	141	2975	1762	1213
February 26, 2011 11:44:00 AM UTC	1298745840000	19	79	no	32.7	171.4	20972	20821	13822	6688	0	39073	2647	2406	199	2967	1777	1190
February 26, 2011 11:45:00 AM UTC	1298745900000	18	81	no	32.7	171.7	20972	20821	13826	6601	0	39156	2674	2445	177	2970	1944	1026
February 26, 2011 11:46:00 AM UTC	1298745960000	17	82	no	32.7	172.0	20972	20821	13810	6668	0	39105	2634	2189	406	2972	1700	1272
February 26, 2011 11:47:00 AM UTC	1298746020000	18	82	no	32.8	172.3	20972	20821	13810	6642	0	39131	2642	2352	285	2970	2040	930
February 26, 2011 11:48:00 AM UTC	1298746080000	21	79	no	32.8	172.6	20972	20821	13826	6570	0	39187	2679	2221	454	2970	2036	934
February 26, 2011 11:49:00 AM UTC	1298746140000	23	77	no	32.8	172.9	20972	20821	13825	6640	0	39118	2659	2476	176	2978	2585	393
February 26, 2011 11:50:00 AM UTC	1298746200000	23	77	no	32.8	173.1	20972	20821	13810	6717	0	39056	2631	2431	199	2973	2241	732
February 26, 2011 11:51:00 AM UTC	1298746260000	22	78	no	32.8	173.4	20972	20821	13811	6717	0	39055	2628	2577	44	2981	2391	590
February 26, 2011 11:52:00 AM UTC	1298746320000	23	77	no	32.9	173.7	20972	20821	13811	6717	0	39055	2630	2526	104	2977	2600	377
February 26, 2011 11:53:00 AM UTC	1298746380000	22	78	no	32.9	174.0	20972	20821	13827	6645	0	39111	2670	2623	47	2979	2377	602
February 26, 2011 11:54:00 AM UTC	1298746440000	21	79	no	32.9	174.3	20972	20821	13812	6716	0	39055	2629	2534	95	2981	2385	596
February 26, 2011 11:55:00 AM UTC	1298746500000	19	81	no	32.9	174.6	20972	20821	13814	6708	0	39061	2639	2428	211	2981	2250	731
February 26, 2011 11:56:00 AM UTC	1298746560000	18	82	no	32.9	174.9	20972	20821	13815	6707	0	39061	2634	2480	154	2982	2568	414
February 26, 2011 11:57:00 AM UTC	1298746620000	19	81	no	32.9	175.2	20972	20821	13832	6557	0	39194	2697	2435	262	2980	2595	385
February 26, 2011 11:58:00 AM UTC	1298746680000	20	80	no	33.0	175.5	20972	20821	13819	6601	0	39163	2663	2355	299	2982	2567	415
February 26, 2011 11:59:00 AM UTC	1298746740000	21	79	no	33.0	175.8	20972	20821	13815	6694	0	39074	2641	2475	148	2979	2233	746
February 26, 2011 12:00:00 PM UTC	1298746800000	24	76	no	33.0	176.1	20972	20821	13815	6692	0	39076	2646	2467	161	2981	2554	427
February 26, 2011 12:01:00 PM UTC	1298746860000	26	74	no	33.0	176.4	20972	20821	13831	6621	0	39131	2676	2583	93	2983	2590	393
February 26, 2011 12:02:00 PM UTC	1298746920000	27	73	no	33.0	176.7	20972	20821	13816	6687	0	39080	2654	2552	94	2976	2639	337
February 26, 2011 12:03:00 PM UTC	1298746980000	26	74	no	33.0	177.0	20972	20821	13816	6687	0	39080	2647	2562	83	2980	2584	396
February 26, 2011 12:04:00 PM UTC	1298747040000	27	73	no	33.0	177.3	20972	20821	13816	6687	0	39080	2652	2638	14	2979	2648	331
February 26, 2011 12:05:00 PM UTC	1298747100000	29	71	no	33.0	177.6	20972	20821	13816	6687	0	39080	2651	2632	19	2981	2635	346
February 26, 2011 12:06:00 PM UTC	1298747160000	28	72	no	33.0	177.9	20972	20821	13816	6687	0	39080	2650	2593	55	2979	2627	352
February 26, 2011 12:07:00 PM UTC	1298747220000	27	73	no	33.0	178.1	20972	20821	13815	6687	0	39081	2652	2641	11	2981	2920	61
February 26, 2011 12:08:00 PM UTC	1298747280000	26	74	no	33.0	178.4	20972	20821	13816	6684	0	39083	2650	2573	77	2982	2816	166
February 26, 2011 12:09:00 PM UTC	1298747340000	27	73	no	33.1	178.7	20972	20821	13816	6662	0	39105	2656	2617	39	2981	2848	133
February 26, 2011 12:10:00 PM UTC	1298747400000	24	76	no	33.1	179.0	20972	20821	13816	6662	0	39105	2655	2649	6	2981	2850	131
February 26, 2011 12:11:00 PM UTC	1298747460000	24	76	no	33.1	179.3	20972	20821	13817	6662	0	39104	2652	2564	88	2983	2805	178
February 26, 2011 12:12:00 PM UTC	1298747520000	22	78	no	33.1	179.6	20972	20821	13818	6662	0	39103	2654	2563	91	2980	2734	246
February 26, 2011 12:13:00 PM UTC	1298747580000	24	76	no	33.1	179.9	20972	20821	13818	6662	0	39103	2652	2619	33	2978	2770	208
February 26, 2011 12:14:00 PM UTC	1298747640000	22	78	no	33.1	180.2	20972	20821	13818	6662	0	39103	2656	2630	26	2980	2838	142
February 26, 2011 12:15:00 PM UTC	1298747700000	22	78	no	33.1	180.5	20972	20821	13818	6662	0	39103	2651	2633	18	2981	2660	321
February 26, 2011 12:16:00 PM UTC	1298747760000	23	77	no	33.1	180.8	20972	20821	13817	6662	0	39104	2654	2646	8	2986	2821	165
February 26, 2011 12:17:00 PM UTC	1298747820000	19	81	no	33.1	181.1	20972	20821	13816	6662	0	39105	2651	2643	8	2984	2678	306
February 26, 2011 12:18:00 PM UTC	1298747880000	20	80	no	33.1	181.4	20972	20821	13816	6662	0	39105	2656	2645	11	2986	2797	189
February 26, 2011 12:19:00 PM UTC	1298747940000	21	79	no	33.0	181.7	20972	20821	13816	6684	0	39083	2652	2643	9	2984	2714	270
February 26, 2011 12:20:00 PM UTC	1298748000000	24	76	no	33.0	182.0	20972	20821	13815	6685	0	39083	2650	2642	8	2984	2783	201
February 26, 2011 12:21:00 PM UTC	1298748060000	24	76	no	33.0	182.3	20972	20821	13816	6685	0	39082	2647	2620	27	2986	2820	166
February 26, 2011 12:22:00 PM UTC	1298748120000	22	78	no	33.0	182.6	20972	20821	13816	6685	0	39082	2648	2644	4	2980	2639	341
February 26, 2011 12:23:00 PM UTC	1298748180000	25	75	no	33.0	182.9	20972	20821	13832	6611	0	39140	2692	2669	23	2980	2851	129
February 26, 2011 12:24:00 PM UTC	1298748240000	24	76	no	33.0	183.2	20972	20821	13816	6685	0	39082	2644	2643	1	2985	2826	159
February 26, 2011 12:25:00 PM UTC	1298748300000	24	76	no	33.0	183.5	20972	20821	13816	6685	0	39082	2648	2646	2	2979	2762	217
February 26, 2011 12:26:00 PM UTC	1298748360000	23	76	no	33.0	183.7	20972	20821	13815	6690	0	39078	2643	2635	8	2981	2761	220
February 26, 2011 12:27:00 PM UTC	1298748420000	24	76	no	33.0	184.0	20972	20821	13816	6687	0	39080	2645	2623	22	2981	2762	219
February 26, 2011 12:28:00 PM UTC	1298748480000	23	76	no	33.0	184.3	20972	20821	13815	6681	0	39087	2640	2628	12	2980	2762	218
February 26, 2011 12:29:00 PM UTC	1298748540000	22	77	no	33.0	184.6	20972	20821	13818	6604	0	39161	2660	2605	55	2976	2827	149
February 26, 2011 12:30:00 PM UTC	1298748600000	23	76	no	32.9	184.9	20972	20821	13815	6705	0	39063	2641	2605	36	2978	2790	188
February 26, 2011 12:31:00 PM UTC	1298748660000	26	73	no	32.9	185.2	20972	20821	13814	6705	0	39064	2638	2619	19	2980	2853	127
February 26, 2011 12:32:00 PM UTC	1298748720000	23	77	no	32.9	185.5	20972	20821	13812	6712	0	39059	2636	2628	8	2977	2911	66
February 26, 2011 12:33:00 PM UTC	1298748780000	22	77	no	32.9	185.8	20972	20821	13812	6712	0	39059	2633	2615	18	2979	2759	220
February 26, 2011 12:34:00 PM UTC	1298748840000	22	78	no	32.9	186.1	20972	20821	13811	6713	0	39059	2635	2619	16	2976	2791	185
February 26, 2011 12:35:00 PM UTC	1298748900000	21	79	no	32.9	186.4	20972	20821	13811	6713	0	39059	2629	2607	22	2979	2544	435
February 26, 2011 12:36:00 PM UTC	1298748960000	23	76	no	32.8	186.7	20972	20821	13827	6643	0	39113	2673	2659	14	2975	2741	234
February 26, 2011 12:37:00 PM UTC	1298749020000	21	77	no	32.8	187.0	20972	20821	13810	6713	0	39060	2630	2622	8	2971	2770	201
February 26, 2011 12:38:00 PM UTC	1298749080000	20	78	no	32.8	187.3	20972	20821	13810	6639	0	39134	2641	2529	112	2973	2688	285
February 26, 2011 12:39:00 PM UTC	1298749140000	20	77	no	32.8	187.6	20972	20821	13810	6639	0	39134	2647	2582	65	2978	2770	208
February 26, 2011 12:40:00 PM UTC	1298749200000	19	75	no	32.8	187.9	20972	20821	13826	6568	0	39189	2678	2528	150	2974	2724	250
February 26, 2011 12:41:00 PM UTC	1298749260000	20	72	no	32.7	188.2	20972	20821	13810	6664	0	39109	2636	2572	64	2969	2710	259
February 26, 2011 12:42:00 PM UTC	1298749320000	18	71	no	32.7	188.4	20972	20821	13809	6744	0	39030	2611	2545	66	2976	2673	303
February 26, 2011 12:43:00 PM UTC	1298749380000	18	68	no	32.7	188.7	20972	20821	13806	6757	0	39020	2610	2530	80	2969	2638	331
February 26, 2011 12:44:00 PM UTC	1298749440000	20	66	no	32.7	189.0	20972	20821	13821	6686	0	39076	2642	2512	130	2970	2891	79
February 26, 2011 12:45:00 PM UTC	1298749500000	20	63	no	32.6	189.3	20972	20821	13824	6684	0	39075	2646	2393	253	2970	2842	128
February 26, 2011 12:46:00 PM UTC	1298749560000	19	62	no	32.6	189.6	20972	20821	13807	6755	0	39021	2602	2544	58	2970	2900	70
February 26, 2011 12:47:00 PM UTC	1298749620000	19	62	no	32.6	189.9	20972	20821	13823	6607	0	39153	2658	2491	167	2966	2635	331
February 26, 2011 12:48:00 PM UTC	1298749680000	20	64	no	32.6	190.2	20972	20821	13820	6621	0	39142	2649	2567	82	2968	2835	133
February 26, 2011 12:49:00 PM UTC	1298749740000	21	63	no	32.5	190.5	20972	20821	13820	6621	0	39142	2647	2604	43	2962	2910	52
February 26, 2011 12:50:00 PM UTC	1298749800000	21	61	no	32.5	190.8	20972	20821	13806	6692	0	39085	2607	2588	19	2961	2818	143
February 26, 2011 12:51:00 PM UTC	1298749860000	21	62	no	32.5	191.1	20972	20821	13820	6621	0	39142	2648	2589	59	2968	2851	117
February 26, 2011 12:52:00 PM UTC	1298749920000	21	59	no	32.4	191.4	20972	20821	13817	6634	0	39132	2632	2609	23	2968	2856	112
February 26, 2011 12:53:00 PM UTC	1298749980000	21	59	no	32.4	191.6	20972	20821	13815	6666	0	39102	2636	2523	113	2954	2726	228
February 26, 2011 12:54:00 PM UTC	1298750040000	20	61	no	32.4	191.9	20972	20821	13800	6735	0	39048	2589	2474	115	2962	2496	466
February 26, 2011 12:55:00 PM UTC	1298750100000	19	61	no	32.3	192.2	20972	20821	13813	6744	0	39026	2614	2465	149	2957	2129	828
February 26, 2011 12:56:00 PM UTC	1298750160000	20	59	no	32.3	192.5	20972	20821	13811	6690	0	39082	2606	2477	129	2962	2287	675
February 26, 2011 12:57:00 PM UTC	1298750220000	20	57	no	32.3	192.8	20972	20821	13810	6691	0	39082	2614	2554	60	2956	2378	578
February 26, 2011 12:58:00 PM UTC	1298750280000	19	56	no	32.2	193.1	20972	20821	13810	6691	0	39082	2603	2255	348	2962	2537	416
February 26, 2011 12:59:00 PM UTC	1298750340000	18	59	no	32.2	193.4	20972	20821	13810	6691	0	39082	2608	2150	458	2950	2270	657
February 26, 2011 1:00:00 PM UTC	1298750400000	17	61	no	32.1	193.7	20972	20821	13809	6691	0	39083	2609	2044	565	2952	2308	577
February 26, 2011 1:01:00 PM UTC	1298750460000	14	61	yes	32.1	194.0	20972	20821	13809	6691	0	39083	2602	1688	914	2954	2082	767
February 26, 2011 1:02:00 PM UTC	1298750520000	11	63	yes	32.1	194.2	20972	20821	13809	6691	0	39083	2605	1516	1089	2951	1621	1135
February 26, 2011 1:03:00 PM UTC	1298750580000	10	66	yes	32.0	194.5	20972	20821	13809	6690	0	39084	2602	1253	1347	2952	1642	1230
February 26, 2011 1:04:00 PM UTC	1298750640000	9	71	yes	32.0	194.8	20972	20821	13805	6714	0	39064	2586	1040	1542	2950	1476	1463
February 26, 2011 1:05:00 PM UTC	1298750700000	7	76	yes	31.9	195.1	20972	20821	13823	6570	0	39190	2638	1093	1542	2948	1237	1709
February 26, 2011 1:06:00 PM UTC	1298750760000	6	80	yes	31.9	195.4	20972	20821	13808	6638	0	39137	2603	933	1663	2945	1087	1858
February 26, 2011 1:07:00 PM UTC	1298750820000	6	83	yes	31.9	195.7	20972	20821	13803	6695	0	39085	2580	763	1817	2943	1042	1899
February 26, 2011 1:08:00 PM UTC	1298750880000	7	84	yes	31.8	196.0	20972	20821	13818	6628	0	39137	2615	797	1769	2944	1039	1905
February 26, 2011 1:09:00 PM UTC	1298750940000	10	82	yes	31.8	196.3	20972	20821	13818	6628	0	39137	2607	1272	1321	2946	1286	1660
February 26, 2011 1:10:00 PM UTC	1298751000000	15	81	yes	31.7	196.5	20972	20821	13801	6778	0	39004	2553	1552	951	2943	2098	845
February 26, 2011 1:11:00 PM UTC	1298751060000	19	80	yes	31.7	196.8	20972	20821	13816	6710	0	39057	2582	2131	447	2943	2111	832
February 26, 2011 1:12:00 PM UTC	1298751120000	20	80	yes	31.6	197.1	20972	20821	13816	6708	0	39059	2583	2244	337	2945	2238	707
February 26, 2011 1:13:00 PM UTC	1298751180000	21	79	yes	31.6	197.4	20972	20821	13817	6646	0	39120	2603	2186	405	2938	2205	733
February 26, 2011 1:14:00 PM UTC	1298751240000	25	75	yes	31.5	197.7	20972	20821	13800	6739	0	39044	2541	2294	247	2945	2223	722
February 26, 2011 1:15:00 PM UTC	1298751300000	28	72	no	31.5	198.0	20972	20821	13812	6668	0	39103	2579	2385	194	2937	2434	503
February 26, 2011 1:16:00 PM UTC	1298751360000	35	65	no	31.4	198.2	20972	20821	13812	6668	0	39103	2577	2566	11	2936	2469	467
February 26, 2011 1:17:00 PM UTC	1298751420000	42	58	no	31.4	198.5	20972	20821	13805	6695	0	39083	2561	2559	2	2933	2565	368
February 26, 2011 1:18:00 PM UTC	1298751480000	42	58	no	31.3	198.8	20972	20821	13805	6695	0	39083	2555	2555	0	2932	2771	161
February 26, 2011 1:19:00 PM UTC	1298751540000	44	56	no	31.3	199.1	20972	20821	13811	6668	0	39104	2566	2561	5	2931	2795	136
February 26, 2011 1:20:00 PM UTC	1298751600000	42	58	no	31.2	199.4	20972	20821	13805	6695	0	39083	2552	2538	14	2930	2867	63
February 26, 2011 1:21:00 PM UTC	1298751660000	41	59	no	31.1	199.7	20972	20821	13821	6632	0	39130	2576	2575	0	2931	2842	89
February 26, 2011 1:22:00 PM UTC	1298751720000	34	66	no	31.1	199.9	20972	20821	13808	6624	0	39151	2559	2559	0	2930	2808	122
February 26, 2011 1:23:00 PM UTC	1298751780000	33	67	no	31.0	200.2	20972	20821	13801	6699	0	39083	2534	2532	2	2930	2812	118
February 26, 2011 1:24:00 PM UTC	1298751840000	34	66	no	31.0	200.5	20972	20821	13815	6634	0	39134	2565	2561	4	2927	2819	108
February 26, 2011 1:25:00 PM UTC	1298751900000	31	69	no	30.9	200.8	20972	20821	13806	6676	0	39101	2539	2535	1	2927	2718	209
February 26, 2011 1:26:00 PM UTC	1298751960000	29	70	no	30.9	201.1	20972	20821	13814	6635	0	39134	2556	2553	3	2926	2707	219
February 26, 2011 1:27:00 PM UTC	1298752020000	31	69	no	30.8	201.3	20972	20821	13815	6635	0	39133	2552	2549	2	2925	2868	57
February 26, 2011 1:28:00 PM UTC	1298752080000	30	70	no	30.7	201.6	20972	20821	13815	6635	0	39133	2550	2550	0	2924	2876	48
February 26, 2011 1:29:00 PM UTC	1298752140000	28	72	no	30.7	201.9	20972	20821	13806	6744	0	39033	2521	2513	8	2919	2852	67
February 26, 2011 1:30:00 PM UTC	1298752200000	29	71	no	30.6	202.2	20972	20821	13808	6689	0	39086	2523	2523	0	2924	2768	156
February 26, 2011 1:31:00 PM UTC	1298752260000	29	71	no	30.6	202.5	20972	20821	13815	6663	0	39105	2535	2531	4	2922	2822	100
February 26, 2011 1:32:00 PM UTC	1298752320000	28	72	no	30.5	202.7	20972	20821	13809	6689	0	39085	2513	2513	0	2920	2786	134
February 26, 2011 1:33:00 PM UTC	1298752380000	28	72	no	30.4	203.0	20972	20821	13809	6689	0	39085	2511	2511	0	2917	2767	150
February 26, 2011 1:34:00 PM UTC	1298752440000	31	69	no	30.4	203.3	20972	20821	13808	6689	0	39086	2503	2502	1	2917	2757	160
February 26, 2011 1:35:00 PM UTC	1298752500000	30	70	no	30.3	203.6	20972	20821	13816	6653	0	39114	2518	2516	2	2913	2731	182
February 26, 2011 1:36:00 PM UTC	1298752560000	32	68	no	30.2	203.8	20972	20821	13809	6688	0	39086	2501	2495	6	2914	2775	139
February 26, 2011 1:37:00 PM UTC	1298752620000	37	63	no	30.2	204.1	20972	20821	13825	6624	0	39134	2524	2524	0	2916	2873	43
February 26, 2011 1:38:00 PM UTC	1298752680000	35	65	no	30.1	204.4	20972	20821	13818	6602	0	39163	2520	2519	1	2911	2836	75
February 26, 2011 1:39:00 PM UTC	1298752740000	38	62	no	30.0	204.7	20972	20821	13805	6663	0	39115	2478	2478	0	2914	2843	71
February 26, 2011 1:40:00 PM UTC	1298752800000	38	62	no	30.0	204.9	20972	20821	13810	6633	0	39140	2499	2497	2	2906	2852	54
February 26, 2011 1:41:00 PM UTC	1298752860000	37	63	no	29.9	205.2	20972	20821	13818	6601	0	39164	2498	2484	13	2914	2837	77
February 26, 2011 1:42:00 PM UTC	1298752920000	38	62	no	29.8	205.5	20972	20821	13818	6652	0	39113	2489	2489	0	2908	2806	102
February 26, 2011 1:43:00 PM UTC	1298752980000	41	59	no	29.7	205.8	20972	20821	13810	6684	0	39089	2472	2464	8	2908	2874	34
February 26, 2011 1:44:00 PM UTC	1298753040000	42	58	no	29.7	206.0	20972	20821	13810	6684	0	39089	2464	2464	0	2912	2805	107
February 26, 2011 1:45:00 PM UTC	1298753100000	41	59	no	29.6	206.3	20972	20821	13810	6684	0	39089	2464	2461	3	2906	2771	135
February 26, 2011 1:46:00 PM UTC	1298753160000	39	61	no	29.5	206.6	20972	20821	13810	6698	0	39075	2451	2449	2	2907	2749	158
February 26, 2011 1:47:00 PM UTC	1298753220000	44	56	no	29.4	206.8	20972	20821	13825	6575	0	39183	2495	2495	0	2905	2842	63
February 26, 2011 1:48:00 PM UTC	1298753280000	46	54	no	29.4	207.1	20972	20821	13803	6672	0	39108	2434	2433	0	2908	2790	118
February 26, 2011 1:49:00 PM UTC	1298753340000	45	55	no	29.3	207.4	20972	20821	13803	6676	0	39104	2436	2409	27	2904	2829	75
February 26, 2011 1:50:00 PM UTC	1298753400000	42	58	no	29.2	207.6	20972	20821	13826	6573	0	39184	2480	2478	0	2902	2758	144
February 26, 2011 1:51:00 PM UTC	1298753460000	44	56	no	29.1	207.9	20972	20821	13806	6667	0	39110	2426	2421	1	2905	2767	138
February 26, 2011 1:52:00 PM UTC	1298753520000	39	61	no	29.1	208.2	20972	20821	13818	6611	0	39154	2448	2412	24	2905	2824	81
February 26, 2011 1:53:00 PM UTC	1298753580000	45	55	no	29.0	208.5	20972	20821	13808	6718	0	39057	2410	2404	5	2903	2636	267
February 26, 2011 1:54:00 PM UTC	1298753640000	40	60	no	28.9	208.7	20972	20821	13793	6780	0	39010	2373	2366	0	2903	2675	228
February 26, 2011 1:55:00 PM UTC	1298753700000	41	59	no	28.8	209.0	20972	20821	13817	6650	0	39116	2424	2409	0	2907	2505	402
February 26, 2011 1:56:00 PM UTC	1298753760000	39	61	no	28.7	209.3	20972	20821	13809	6685	0	39089	2406	2375	11	2904	2670	234
February 26, 2011 1:57:00 PM UTC	1298753820000	39	61	no	28.7	209.5	20972	20821	13809	6685	0	39089	2403	2398	0	2905	2739	166
February 26, 2011 1:58:00 PM UTC	1298753880000	37	63	no	28.6	209.8	20972	20821	13800	6732	0	39051	2372	2365	1	2905	2711	194
February 26, 2011 1:59:00 PM UTC	1298753940000	38	62	no	28.5	210.1	20972	20821	13822	6632	0	39129	2415	2385	6	2899	2730	169
February 26, 2011 2:00:00 PM UTC	1298754000000	36	64	no	28.4	210.3	20972	20821	13809	6685	0	39089	2383	2351	1	2900	2765	135
February 26, 2011 2:01:00 PM UTC	1298754060000	39	61	no	28.3	210.6	20972	20821	13816	6660	0	39107	2391	2237	0	2901	2732	169
February 26, 2011 2:02:00 PM UTC	1298754120000	40	59	no	28.2	210.8	20972	20821	13822	6622	0	39139	2404	2226	5	2898	2694	204
February 26, 2011 2:03:00 PM UTC	1298754180000	42	58	no	28.2	211.1	20972	20821	13803	6686	0	39094	2356	2218	7	2899	2826	73
February 26, 2011 2:04:00 PM UTC	1298754240000	37	63	no	28.1	211.4	20972	20821	13815	6626	0	39142	2377	2257	0	2896	2715	181
February 26, 2011 2:05:00 PM UTC	1298754300000	42	58	no	28.0	211.6	20972	20821	13815	6626	0	39142	2370	2215	16	2899	2772	127
February 26, 2011 2:06:00 PM UTC	1298754360000	30	70	no	27.9	211.9	20972	20821	13815	6626	0	39142	2369	2214	18	2898	2600	298
February 26, 2011 2:07:00 PM UTC	1298754420000	33	66	no	27.8	212.2	20972	20821	13815	6625	0	39143	2363	2180	38	2898	2493	405
February 26, 2011 2:08:00 PM UTC	1298754480000	36	64	no	27.7	212.4	20972	20821	13805	6723	0	39055	2327	2256	15	2895	2737	158
February 26, 2011 2:09:00 PM UTC	1298754540000	37	63	no	27.6	212.7	20972	20821	13805	6724	0	39054	2315	2190	0	2901	2736	165
February 26, 2011 2:10:00 PM UTC	1298754600000	38	62	no	27.5	212.9	20972	20821	13820	6663	0	39100	2343	2211	0	2895	2844	51
February 26, 2011 2:11:00 PM UTC	1298754660000	42	57	no	27.5	213.2	20972	20821	13806	6661	0	39116	2321	2207	0	2899	2787	112
February 26, 2011 2:12:00 PM UTC	1298754720000	43	57	no	27.4	213.5	20972	20821	13818	6630	0	39135	2335	2162	2	2898	2721	177
February 26, 2011 2:13:00 PM UTC	1298754780000	43	56	no	27.3	213.7	20972	20821	13806	6690	0	39087	2299	2190	0	2894	2621	273
February 26, 2011 2:14:00 PM UTC	1298754840000	44	55	no	27.2	214.0	20972	20821	13818	6631	0	39134	2323	2155	0	2898	2687	211
February 26, 2011 2:15:00 PM UTC	1298754900000	42	58	no	27.1	214.2	20972	20821	13810	6673	0	39100	2290	2147	3	2898	2670	228
February 26, 2011 2:16:00 PM UTC	1298754960000	41	58	no	27.0	214.5	20972	20821	13810	6673	0	39100	2293	2113	0	2902	2660	242
February 26, 2011 2:17:00 PM UTC	1298755020000	44	56	no	26.9	214.7	20972	20821	13810	6673	0	39100	2284	2197	0	2901	2704	197
February 26, 2011 2:18:00 PM UTC	1298755080000	42	58	no	26.8	215.0	20972	20821	13822	6615	0	39146	2306	2208	4	2911	2696	215
February 26, 2011 2:19:00 PM UTC	1298755140000	42	58	no	26.7	215.3	20972	20821	13801	6715	0	39067	2245	2120	15	2904	2697	207
February 26, 2011 2:20:00 PM UTC	1298755200000	40	59	no	26.6	215.5	20972	20821	13825	6595	0	39163	2294	2083	6	2893	2671	222
February 26, 2011 2:21:00 PM UTC	1298755260000	38	61	no	26.5	215.8	20972	20821	13811	6667	0	39105	2256	2004	0	2906	2742	164
February 26, 2011 2:22:00 PM UTC	1298755320000	43	57	no	26.4	216.0	20972	20821	13814	6638	0	39131	2264	1949	2	2893	2667	226
February 26, 2011 2:23:00 PM UTC	1298755380000	43	56	no	26.3	216.3	20972	20821	13812	6652	0	39119	2243	1981	0	2911	2600	311
February 26, 2011 2:24:00 PM UTC	1298755440000	41	58	no	26.2	216.5	20972	20821	13815	6638	0	39130	2241	1879	3	2900	2748	152
February 26, 2011 2:25:00 PM UTC	1298755500000	47	52	no	26.1	216.8	20972	20821	13815	6638	0	39130	2236	1895	5	2905	2808	97
February 26, 2011 2:26:00 PM UTC	1298755560000	49	50	no	26.0	217.0	20972	20821	13806	6682	0	39095	2209	1898	2	2912	2687	225
February 26, 2011 2:27:00 PM UTC	1298755620000	43	56	no	25.9	217.3	20972	20821	13816	6637	0	39130	2223	1851	0	2907	2618	289
February 26, 2011 2:28:00 PM UTC	1298755680000	46	54	no	25.8	217.5	20972	20821	13808	6625	0	39150	2207	1851	0	2911	2715	196
February 26, 2011 2:29:00 PM UTC	1298755740000	44	56	no	25.7	217.8	20972	20821	13806	6665	0	39112	2182	1946	0	2913	2726	187
February 26, 2011 2:30:00 PM UTC	1298755800000	38	61	no	25.6	218.0	20972	20821	13828	6564	0	39191	2229	1935	5	2909	2706	203
February 26, 2011 2:31:00 PM UTC	1298755860000	37	62	no	25.5	218.3	20972	20821	13819	6606	0	39158	2199	1986	0	2912	2568	344
February 26, 2011 2:32:00 PM UTC	1298755920000	35	64	no	25.4	218.5	20972	20821	13820	6606	0	39157	2191	2027	13	2908	2592	316
February 26, 2011 2:33:00 PM UTC	1298755980000	34	66	no	25.3	218.8	20972	20821	13820	6606	0	39157	2177	2016	1	2914	2752	162
February 26, 2011 2:34:00 PM UTC	1298756040000	30	70	no	25.2	219.0	20972	20821	13820	6606	0	39157	2180	2048	0	2909	2424	485
February 26, 2011 2:35:00 PM UTC	1298756100000	30	70	no	25.1	219.3	20972	20821	13810	6652	0	39121	2143	2050	3	2919	2494	425
February 26, 2011 2:36:00 PM UTC	1298756160000	28	72	no	25.0	219.5	20972	20821	13821	6605	0	39157	2164	2079	1	2910	2614	296
February 26, 2011 2:37:00 PM UTC	1298756220000	26	74	no	24.9	219.8	20972	20821	13812	6598	0	39173	2137	2080	10	2920	2554	366
February 26, 2011 2:38:00 PM UTC	1298756280000	27	73	no	24.8	220.0	20972	20821	13810	6635	0	39138	2126	2011	0	2917	2520	397
February 26, 2011 2:39:00 PM UTC	1298756340000	25	74	no	24.7	220.3	20972	20821	13823	6582	0	39178	2142	2009	0	2918	2663	255
February 26, 2011 2:40:00 PM UTC	1298756400000	27	73	no	24.6	220.5	20972	20821	13823	6582	0	39178	2136	1985	0	2915	2716	199
February 26, 2011 2:41:00 PM UTC	1298756460000	28	72	no	24.5	220.7	20972	20821	13823	6582	0	39178	2118	1916	1	2926	2658	268
February 26, 2011 2:42:00 PM UTC	1298756520000	27	72	no	24.4	221.0	20972	20821	13822	6582	0	39179	2118	1857	4	2919	2649	267
February 26, 2011 2:43:00 PM UTC	1298756580000	29	70	no	24.2	221.2	20972	20821	13822	6582	0	39179	2107	1770	0	2923	2849	74
February 26, 2011 2:44:00 PM UTC	1298756640000	31	68	no	24.1	221.5	20972	20821	13811	6630	0	39142	2077	1666	0	2931	2825	97
February 26, 2011 2:45:00 PM UTC	1298756700000	29	69	no	24.0	221.7	20972	20821	13823	6532	0	39228	2098	1577	0	2932	2894	37
February 26, 2011 2:46:00 PM UTC	1298756760000	30	69	no	23.9	222.0	20972	20821	13813	6581	0	39189	2074	1529	0	2928	2797	119
February 26, 2011 2:47:00 PM UTC	1298756820000	28	70	no	23.8	222.2	20972	20821	13823	6570	0	39190	2075	1433	0	2933	2880	50
February 26, 2011 2:48:00 PM UTC	1298756880000	26	72	no	23.7	222.4	20972	20821	13810	6623	0	39150	2046	1407	0	2934	2697	224
February 26, 2011 2:49:00 PM UTC	1298756940000	20	79	no	23.6	222.7	20972	20821	13822	6571	0	39190	2056	1374	0	2940	2470	462
February 26, 2011 2:50:00 PM UTC	1298757000000	17	82	no	23.5	222.9	20972	20821	13796	6673	0	39114	2011	1351	1	2934	2477	435
February 26, 2011 2:51:00 PM UTC	1298757060000	20	78	no	23.4	223.2	20972	20821	13821	6572	0	39190	2041	1343	0	2941	2517	392
February 26, 2011 2:52:00 PM UTC	1298757120000	18	80	no	23.2	223.4	20972	20821	13809	6622	0	39152	2016	1255	0	2942	2592	316
February 26, 2011 2:53:00 PM UTC	1298757180000	19	79	no	23.1	223.6	20972	20821	13822	6571	0	39190	2019	1304	0	2950	2732	192
February 26, 2011 2:54:00 PM UTC	1298757240000	19	79	no	23.0	223.9	20972	20821	13822	6580	1	39180	2018	1242	0	2944	2582	346
February 26, 2011 2:55:00 PM UTC	1298757300000	16	82	no	22.9	224.1	20972	20821	13823	6523	2	39235	2004	1148	0	2945	2474	435
February 26, 2011 2:56:00 PM UTC	1298757360000	15	83	no	22.8	224.4	20972	20821	13823	6567	2	39191	1997	1188	0	2947	2453	476
February 26, 2011 2:57:00 PM UTC	1298757420000	14	84	no	22.7	224.6	20972	20821	13822	6568	2	39191	1986	1122	0	2956	2437	501
February 26, 2011 2:58:00 PM UTC	1298757480000	13	85	no	22.5	224.8	20972	20821	13809	6618	2	39154	1961	1051	0	2950	2477	449
February 26, 2011 2:59:00 PM UTC	1298757540000	12	86	no	22.4	225.1	20972	20821	13822	6568	6	39187	1975	1064	0	2953	2485	452
February 26, 2011 3:00:00 PM UTC	1298757600000	12	86	no	22.3	225.3	20972	20821	13810	6620	6	39147	1939	1040	0	2962	2461	472
February 26, 2011 3:01:00 PM UTC	1298757660000	12	85	no	22.2	225.5	20972	20821	13811	6618	7	39147	1929	1072	0	2960	2486	425
February 26, 2011 3:02:00 PM UTC	1298757720000	13	85	no	22.1	225.8	20972	20821	13822	6568	11	39182	1941	1034	0	2967	2550	393
February 26, 2011 3:03:00 PM UTC	1298757780000	13	85	no	22.0	226.0	20972	20821	13812	6566	8	39197	1922	1079	0	2964	2557	369
February 26, 2011 3:04:00 PM UTC	1298757840000	13	84	no	21.8	226.2	20972	20821	13823	6513	15	39232	1931	1080	0	2975	2564	371
February 26, 2011 3:05:00 PM UTC	1298757900000	14	84	no	21.7	226.5	20972	20821	13822	6577	17	39167	1912	1039	0	2975	2604	328
February 26, 2011 3:06:00 PM UTC	1298757960000	14	84	no	21.6	226.7	20972	20821	13812	6626	18	39127	1882	1019	0	2975	2599	318
February 26, 2011 3:07:00 PM UTC	1298758020000	14	84	no	21.5	226.9	20972	20821	13822	6577	18	39166	1891	1041	0	2982	2601	321
February 26, 2011 3:08:00 PM UTC	1298758080000	15	83	no	21.4	227.2	20972	20821	13822	6577	19	39165	1885	1011	0	2985	2637	309
February 26, 2011 3:09:00 PM UTC	1298758140000	14	83	no	21.2	227.4	20972	20821	13809	6631	26	39117	1857	941	0	2985	2630	309
February 26, 2011 3:10:00 PM UTC	1298758200000	15	83	no	21.1	227.6	20972	20821	13822	6577	29	39155	1865	1037	0	2993	2662	286
February 26, 2011 3:11:00 PM UTC	1298758260000	15	83	no	21.0	227.9	20972	20821	13821	6585	22	39155	1849	966	0	2997	2663	266
February 26, 2011 3:12:00 PM UTC	1298758320000	14	83	no	20.9	228.1	20972	20821	13810	6599	26	39148	1827	1015	0	3000	2656	291
February 26, 2011 3:13:00 PM UTC	1298758380000	15	83	no	20.7	228.3	20972	20821	13824	6536	28	39195	1842	955	0	3001	2656	292
February 26, 2011 3:14:00 PM UTC	1298758440000	15	83	no	20.6	228.5	20972	20821	13824	6536	30	39193	1826	954	0	3011	2669	315
February 26, 2011 3:15:00 PM UTC	1298758500000	15	83	no	20.5	228.8	20972	20821	13808	6641	36	39098	1791	979	0	3009	2623	325
February 26, 2011 3:16:00 PM UTC	1298758560000	15	83	no	20.4	229.0	20972	20821	13820	6595	42	39126	1795	948	0	3018	2624	326
February 26, 2011 3:17:00 PM UTC	1298758620000	16	82	no	20.2	229.2	20972	20821	13808	6652	39	39084	1766	998	0	3020	2626	346
February 26, 2011 3:18:00 PM UTC	1298758680000	16	81	no	20.1	229.4	20972	20821	13820	6595	34	39134	1775	863	0	3033	2643	322
February 26, 2011 3:19:00 PM UTC	1298758740000	17	81	no	20.0	229.7	20972	20821	13820	6595	11	39157	1771	980	0	3025	2683	289
February 26, 2011 3:20:00 PM UTC	1298758800000	18	80	no	19.9	229.9	20972	20821	13830	6552	12	39189	1774	996	0	3036	2783	209
February 26, 2011 3:21:00 PM UTC	1298758860000	20	79	no	19.7	230.1	20972	20821	13820	6571	0	39192	1752	1200	0	3041	2782	127
February 26, 2011 3:22:00 PM UTC	1298758920000	19	80	no	19.6	230.4	20972	20821	13821	6558	0	39204	1739	1235	0	3044	2894	100
February 26, 2011 3:23:00 PM UTC	1298758980000	20	79	no	19.5	230.6	20972	20821	13832	6513	1	39237	1754	1299	0	3045	2912	79
February 26, 2011 3:24:00 PM UTC	1298759040000	18	80	no	19.3	230.8	20972	20821	13806	6665	0	39112	1690	1076	0	3057	2850	91
February 26, 2011 3:25:00 PM UTC	1298759100000	19	79	no	19.2	231.0	20972	20821	13817	6621	1	39144	1704	1243	0	3053	2947	71
February 26, 2011 3:26:00 PM UTC	1298759160000	18	80	no	19.1	231.2	20972	20821	13818	6621	13	39131	1688	1144	0	3060	2837	92
February 26, 2011 3:27:00 PM UTC	1298759220000	19	80	no	19.0	231.5	20972	20821	13818	6621	0	39144	1679	1101	0	3065	2897	80
February 26, 2011 3:28:00 PM UTC	1298759280000	20	79	no	18.8	231.7	20972	20821	13817	6621	2	39143	1672	1363	0	3067	2946	72
February 26, 2011 3:29:00 PM UTC	1298759340000	21	78	no	18.7	231.9	20972	20821	13828	6579	0	39176	1677	1200	0	3075	3012	63
February 26, 2011 3:30:00 PM UTC	1298759400000	20	79	no	18.6	232.1	20972	20821	13807	6648	0	39128	1635	1363	0	3078	2938	55
February 26, 2011 3:31:00 PM UTC	1298759460000	21	78	no	18.4	232.4	20972	20821	13818	6588	0	39177	1645	1307	0	3086	2946	53
February 26, 2011 3:32:00 PM UTC	1298759520000	20	79	no	18.3	232.6	20972	20821	13815	6604	0	39164	1630	1283	0	3090	2958	52
February 26, 2011 3:33:00 PM UTC	1298759580000	20	79	no	18.2	232.8	20972	20821	13828	6545	0	39210	1641	1270	0	3095	2995	49
February 26, 2011 3:34:00 PM UTC	1298759640000	20	78	no	18.0	233.0	20972	20821	13812	6662	0	39109	1595	1229	0	3106	2989	36
February 26, 2011 3:35:00 PM UTC	1298759700000	21	79	no	17.9	233.2	20972	20821	13812	6662	0	39109	1589	1454	0	3108	3073	25
February 26, 2011 3:36:00 PM UTC	1298759760000	20	79	no	17.8	233.5	20972	20821	13812	6661	0	39110	1577	1178	0	3112	3013	41
February 26, 2011 3:37:00 PM UTC	1298759820000	20	79	no	17.6	233.7	20972	20821	13812	6661	0	39110	1561	1322	0	3125	2971	33
February 26, 2011 3:38:00 PM UTC	1298759880000	20	79	no	17.5	233.9	20972	20821	13811	6661	0	39111	1558	1150	0	3122	3020	26
February 26, 2011 3:39:00 PM UTC	1298759940000	19	79	no	17.4	234.1	20972	20821	13820	6620	2	39141	1558	1000	0	3125	2921	37
February 26, 2011 3:40:00 PM UTC	1298760000000	19	78	no	17.2	234.3	20972	20821	13808	6653	0	39122	1534	952	0	3147	2909	24
February 26, 2011 3:41:00 PM UTC	1298760060000	18	79	no	17.1	234.5	20972	20821	13813	6634	3	39133	1526	646	0	3136	2876	39
February 26, 2011 3:42:00 PM UTC	1298760120000	17	80	no	17.0	234.8	20972	20821	13806	6654	4	39119	1516	548	0	3147	2750	48
February 26, 2011 3:43:00 PM UTC	1298760180000	17	79	no	16.8	235.0	20972	20821	13821	6593	25	39144	1514	524	0	3175	2759	35
February 26, 2011 3:44:00 PM UTC	1298760240000	18	79	no	16.7	235.2	20972	20821	13811	6688	8	39076	1493	493	0	3157	2838	32
February 26, 2011 3:45:00 PM UTC	1298760300000	17	79	no	16.6	235.4	20972	20821	13806	6709	20	39048	1467	422	0	3181	2754	35
February 26, 2011 3:46:00 PM UTC	1298760360000	17	79	no	16.4	235.6	20972	20821	13806	6709	41	39027	1458	375	0	3170	2746	39
February 26, 2011 3:47:00 PM UTC	1298760420000	17	79	no	16.3	235.8	20972	20821	13815	6666	75	39027	1461	368	0	3187	2715	62
February 26, 2011 3:48:00 PM UTC	1298760480000	16	80	no	16.1	236.0	20972	20821	13814	6665	93	39011	1452	268	0	3192	2753	81
February 26, 2011 3:49:00 PM UTC	1298760540000	17	79	no	16.0	236.3	20972	20821	13805	6709	89	38980	1425	303	0	3197	2737	56
February 26, 2011 3:50:00 PM UTC	1298760600000	17	79	no	15.9	236.5	20972	20821	13815	6644	66	39058	1432	372	0	3210	2673	65
February 26, 2011 3:51:00 PM UTC	1298760660000	18	78	no	15.7	236.7	20972	20821	13815	6644	71	39053	1419	319	0	3218	2771	40
February 26, 2011 3:52:00 PM UTC	1298760720000	18	78	no	15.6	236.9	20972	20821	13825	6605	70	39083	1423	299	0	3224	2661	29
February 26, 2011 3:53:00 PM UTC	1298760780000	18	78	no	15.5	237.1	20972	20821	13814	6643	63	39063	1403	227	0	3227	2708	25
February 26, 2011 3:54:00 PM UTC	1298760840000	18	77	no	15.3	237.3	20972	20821	13814	6643	50	39076	1384	253	0	3246	2703	24
February 26, 2011 3:55:00 PM UTC	1298760900000	18	78	no	15.2	237.5	20972	20821	13807	6722	59	38995	1363	261	0	3246	2654	17
February 26, 2011 3:56:00 PM UTC	1298760960000	18	77	no	15.0	237.7	20972	20821	13822	6660	51	39050	1371	270	0	3260	2621	22
February 26, 2011 3:57:00 PM UTC	1298761020000	18	77	no	14.9	238.0	20972	20821	13798	6704	61	39020	1330	217	0	3265	2554	17
February 26, 2011 3:58:00 PM UTC	1298761080000	17	78	no	14.8	238.2	20972	20821	13820	6604	100	39059	1349	130	0	3276	2491	25
February 26, 2011 3:59:00 PM UTC	1298761140000	18	78	no	14.6	238.4	20972	20821	13808	6666	93	39016	1322	131	0	3281	2520	29
February 26, 2011 4:00:00 PM UTC	1298761200000	17	77	no	14.5	238.6	20972	20821	13823	6582	109	39069	1326	71	0	3297	2437	21
February 26, 2011 4:01:00 PM UTC	1298761260000	18	77	no	14.3	238.8	20972	20821	13817	6609	106	39051	1312	101	0	3300	2424	26
February 26, 2011 4:02:00 PM UTC	1298761320000	17	77	no	14.2	239.0	20972	20821	13810	6640	107	39026	1289	58	0	3309	2337	36
February 26, 2011 4:03:00 PM UTC	1298761380000	17	77	no	14.0	239.2	20972	20821	13808	6645	108	39022	1274	47	0	3322	2268	28
February 26, 2011 4:04:00 PM UTC	1298761440000	17	77	no	13.9	239.4	20972	20821	13817	6609	110	39047	1279	49	0	3326	2118	18
February 26, 2011 4:05:00 PM UTC	1298761500000	17	77	no	13.8	239.6	20972	20821	13817	6609	112	39045	1266	34	0	3338	2226	36
February 26, 2011 4:06:00 PM UTC	1298761560000	17	77	no	13.6	239.8	20972	20821	13807	6707	106	38963	1235	31	0	3348	2180	26
February 26, 2011 4:07:00 PM UTC	1298761620000	17	77	no	13.5	240.0	20972	20821	13801	6734	107	38941	1213	12	0	3362	2120	36
February 26, 2011 4:08:00 PM UTC	1298761680000	17	77	no	13.3	240.2	20972	20821	13816	6670	112	38985	1223	1	0	3369	2030	20
February 26, 2011 4:09:00 PM UTC	1298761740000	17	77	no	13.2	240.5	20972	20821	13801	6734	104	38944	1189	12	0	3383	2025	27
February 26, 2011 4:10:00 PM UTC	1298761800000	17	77	no	13.0	240.7	20972	20821	13824	6616	114	39029	1216	4	0	3391	2085	28
February 26, 2011 4:11:00 PM UTC	1298761860000	17	77	no	12.9	240.9	20972	20821	13801	6715	109	38958	1169	17	0	3407	1919	35
February 26, 2011 4:12:00 PM UTC	1298761920000	17	77	no	12.8	241.1	20972	20821	13816	6650	110	39007	1182	22	0	3411	2056	30
February 26, 2011 4:13:00 PM UTC	1298761980000	17	76	no	12.6	241.3	20972	20821	13810	6681	107	38985	1155	11	0	3430	2033	30
February 26, 2011 4:14:00 PM UTC	1298762040000	18	76	no	12.5	241.5	20972	20821	13813	6604	107	39059	1152	10	0	3442	2051	27
February 26, 2011 4:15:00 PM UTC	1298762100000	17	76	no	12.3	241.7	20972	20821	13811	6606	110	39056	1142	9	0	3450	1799	25
February 26, 2011 4:16:00 PM UTC	1298762160000	17	75	no	12.2	241.9	20972	20821	13810	6604	106	39063	1133	12	0	3462	1652	26
February 26, 2011 4:17:00 PM UTC	1298762220000	17	76	no	12.0	242.1	20972	20821	13809	6669	103	39002	1113	2	0	3476	1742	29
February 26, 2011 4:18:00 PM UTC	1298762280000	16	76	no	11.9	242.3	20972	20821	13809	6669	102	39003	1096	0	0	3494	1458	33
February 26, 2011 4:19:00 PM UTC	1298762340000	16	75	no	11.7	242.5	20972	20821	13809	6669	104	39001	1084	0	0	3508	1486	30
February 26, 2011 4:20:00 PM UTC	1298762400000	15	75	no	11.6	242.7	20972	20821	13817	6633	108	39025	1083	0	0	3514	1380	29
February 26, 2011 4:21:00 PM UTC	1298762460000	15	75	no	11.4	242.9	20972	20821	13801	6681	97	39004	1057	2	0	3521	1283	23
February 26, 2011 4:22:00 PM UTC	1298762520000	15	75	no	11.3	243.1	20972	20821	13817	6616	105	39045	1059	0	0	3541	1214	23
February 26, 2011 4:23:00 PM UTC	1298762580000	15	75	no	11.1	243.3	20972	20821	13817	6616	106	39044	1055	0	0	3546	1265	30
February 26, 2011 4:24:00 PM UTC	1298762640000	15	74	no	11.0	243.5	20972	20821	13817	6616	104	39046	1037	0	0	3563	1148	31
February 26, 2011 4:25:00 PM UTC	1298762700000	14	74	no	10.8	243.7	20972	20821	13817	6616	105	39045	1030	0	0	3569	911	18
February 26, 2011 4:26:00 PM UTC	1298762760000	15	74	no	10.7	243.9	20972	20821	13810	6647	99	39027	1009	0	0	3583	994	28
February 26, 2011 4:27:00 PM UTC	1298762820000	14	74	no	10.5	244.1	20972	20821	13825	6584	102	39072	1015	1	0	3591	870	27
February 26, 2011 4:28:00 PM UTC	1298762880000	15	74	no	10.4	244.3	20972	20821	13801	6748	95	38939	970	0	0	3601	853	18
February 26, 2011 4:29:00 PM UTC	1298762940000	14	73	no	10.2	244.5	20972	20821	13822	6651	99	39011	985	0	0	3616	821	24
February 26, 2011 4:30:00 PM UTC	1298763000000	13	73	no	10.1	244.7	20972	20821	13808	6665	95	39015	958	0	0	3627	706	9
February 26, 2011 4:31:00 PM UTC	1298763060000	12	73	no	9.9	244.9	20972	20821	13824	6597	97	39065	964	1	0	3642	443	7
February 26, 2011 4:32:00 PM UTC	1298763120000	12	72	no	9.8	245.1	20972	20821	13808	6656	93	39026	938	0	0	3649	494	7
February 26, 2011 4:33:00 PM UTC	1298763180000	11	72	no	9.6	245.3	20972	20821	13815	6620	93	39055	932	0	0	3667	374	2
February 26, 2011 4:34:00 PM UTC	1298763240000	9	71	no	9.5	245.5	20972	20821	13809	6649	93	39032	917	0	0	3672	132	2
February 26, 2011 4:35:00 PM UTC	1298763300000	9	71	no	9.3	245.7	20972	20821	13809	6649	92	39033	907	0	0	3681	95	4
February 26, 2011 4:36:00 PM UTC	1298763360000	9	69	no	9.2	245.9	20972	20821	13815	6621	91	39056	902	0	0	3693	149	1
February 26, 2011 4:37:00 PM UTC	1298763420000	7	68	no	9.0	246.1	20972	20821	13815	6621	92	39055	891	0	0	3706	49	4
February 26, 2011 4:38:00 PM UTC	1298763480000	7	65	no	8.9	246.3	20972	20821	13815	6621	91	39056	876	0	0	3722	12	0
February 26, 2011 4:39:00 PM UTC	1298763540000	6	61	no	8.7	246.5	20972	20821	13815	6621	89	39058	868	0	0	3730	27	0
February 26, 2011 4:40:00 PM UTC	1298763600000	5	54	no	8.6	246.7	20972	20821	13805	6728	87	38963	835	0	0	3742	13	0
February 26, 2011 4:41:00 PM UTC	1298763660000	4	48	no	8.4	246.9	20972	20821	13813	6687	88	38995	842	0	0	3752	3	1
February 26, 2011 4:42:00 PM UTC	1298763720000	3	41	no	8.3	247.1	20972	20821	13799	6754	85	38945	809	0	0	3763	0	0
February 26, 2011 4:43:00 PM UTC	1298763780000	1	30	no	8.1	247.3	20972	20821	13816	6661	88	39018	820	0	0	3778	0	0
February 26, 2011 4:44:00 PM UTC	1298763840000	1	26	no	8.0	247.5	20972	20821	13805	6715	85	38978	795	0	0	3786	0	0
February 26, 2011 4:45:00 PM UTC	1298763900000	0	21	no	7.8	247.7	20972	20821	13821	6648	87	39027	797	0	0	3804	0	0
February 26, 2011 4:46:00 PM UTC	1298763960000	0	16	no	7.7	247.9	20972	20821	13805	6716	85	38977	774	0	0	3809	0	0
February 26, 2011 4:47:00 PM UTC	1298764020000	0	13	no	7.5	248.1	20972	20821	13805	6716	83	38979	755	0	0	3826	0	0
February 26, 2011 4:48:00 PM UTC	1298764080000	0	10	no	7.3	248.3	20972	20821	13805	6715	80	38983	751	0	0	3832	0	0
February 26, 2011 4:49:00 PM UTC	1298764140000	0	7	no	7.2	248.5	20972	20821	13806	6635	83	39059	741	0	0	3846	0	0
February 26, 2011 4:50:00 PM UTC	1298764200000	0	5	no	7.0	248.6	20972	20821	13822	6567	84	39110	748	0	0	3860	0	0
February 26, 2011 4:51:00 PM UTC	1298764260000	0	2	no	6.9	248.8	20972	20821	13808	6635	80	39060	722	0	0	3868	0	0
February 26, 2011 4:52:00 PM UTC	1298764320000	0	1	no	6.7	249.0	20972	20821	13826	6612	85	39060	724	0	0	3885	0	0
February 26, 2011 4:53:00 PM UTC	1298764380000	0	0	no	6.6	249.2	20972	20821	13812	6679	79	39013	701	0	0	3889	0	0
February 26, 2011 4:54:00 PM UTC	1298764440000	0	0	no	6.4	249.4	20972	20821	13812	6679	78	39014	685	0	0	3905	0	0
February 26, 2011 4:55:00 PM UTC	1298764500000	0	0	no	6.3	249.6	20972	20821	13812	6671	78	39022	677	0	0	3918	0	0
February 26, 2011 4:56:00 PM UTC	1298764560000	0	0	no	6.1	249.8	20972	20821	13818	6601	78	39086	667	0	0	3936	0	0
February 26, 2011 4:57:00 PM UTC	1298764620000	0	0	no	6.0	250.0	20972	20821	13813	6626	77	39067	656	0	0	3938	0	0
February 26, 2011 4:58:00 PM UTC	1298764680000	0	0	no	5.8	250.2	20972	20821	13813	6626	77	39067	645	0	0	3952	0	0
February 26, 2011 4:59:00 PM UTC	1298764740000	0	0	no	5.6	250.4	20972	20821	13812	6626	80	39065	636	0	0	3960	0	0
February 26, 2011 5:00:00 PM UTC	1298764800000	0	0	no	5.5	250.6	20972	20821	13818	6602	82	39081	629	0	0	3973	0	0
February 26, 2011 5:01:00 PM UTC	1298764860000	0	0	no	5.3	250.8	20972	20821	13802	6686	82	39013	595	0	0	3980	0	0
February 26, 2011 5:02:00 PM UTC	1298764920000	0	0	no	5.2	251.0	20972	20821	13818	6599	92	39074	602	0	0	3998	0	0
February 26, 2011 5:03:00 PM UTC	1298764980000	0	0	no	5.0	251.2	20972	20821	13805	6653	92	39033	576	0	0	4006	0	0
February 26, 2011 5:04:00 PM UTC	1298765040000	0	0	no	4.9	251.3	20972	20821	13818	6599	101	39065	583	0	0	4018	0	0
February 26, 2011 5:05:00 PM UTC	1298765100000	0	0	no	4.7	251.5	20972	20821	13804	6721	101	38957	562	0	0	4016	0	0
February 26, 2011 5:06:00 PM UTC	1298765160000	0	0	no	4.5	251.7	20972	20821	13821	6642	108	39012	560	0	0	4042	0	0
February 26, 2011 5:07:00 PM UTC	1298765220000	0	0	no	4.4	251.9	20972	20821	13801	6733	108	38941	534	0	0	4043	0	0
February 26, 2011 5:08:00 PM UTC	1298765280000	0	0	no	4.2	252.1	20972	20821	13801	6733	112	38937	517	0	0	4061	0	0
February 26, 2011 5:09:00 PM UTC	1298765340000	0	0	no	4.1	252.3	20972	20821	13805	6715	123	38940	517	0	0	4066	0	0
February 26, 2011 5:10:00 PM UTC	1298765400000	0	0	no	3.9	252.5	20972	20821	13805	6715	129	38934	508	0	0	4075	0	0
February 26, 2011 5:11:00 PM UTC	1298765460000	0	0	no	3.7	252.7	20972	20821	13821	6647	140	38975	505	0	0	4099	0	0
February 26, 2011 5:12:00 PM UTC	1298765520000	0	0	no	3.6	252.9	20972	20821	13805	6714	146	38918	487	0	0	4100	0	0
February 26, 2011 5:13:00 PM UTC	1298765580000	0	0	no	3.4	253.1	20972	20821	13820	6644	166	38953	479	0	0	4128	0	0
February 26, 2011 5:14:00 PM UTC	1298765640000	0	0	no	3.3	253.3	20972	20821	13810	6693	178	38902	468	0	0	4122	0	0
February 26, 2011 5:15:00 PM UTC	1298765700000	0	0	no	3.1	253.4	20972	20821	13825	6621	198	38939	467	0	0	4144	0	0
