October 10, 2006 6:37:00 AM UTC	1160487420000	3	26	no	3.1	103.7	20972	20821	13819	6606	175	38983	463	204	58	4140	559	1702
October 10, 2006 6:38:00 AM UTC	1160487480000	5	33	yes	3.3	103.9	20972	20821	13819	6606	168	38990	477	246	22	4129	1093	1476
October 10, 2006 6:39:00 AM UTC	1160487540000	7	38	yes	3.4	104.1	20972	20821	13798	6695	148	38942	466	298	7	4114	1407	1233
October 10, 2006 6:40:00 AM UTC	1160487600000	7	40	no	3.6	104.3	20972	20821	13815	6624	133	39011	493	344	8	4107	1259	1154
October 10, 2006 6:41:00 AM UTC	1160487660000	7	42	no	3.8	104.5	20972	20821	13802	6697	119	38965	489	347	14	4088	1061	1383
October 10, 2006 6:42:00 AM UTC	1160487720000	10	46	no	3.9	104.7	20972	20821	13815	6626	121	39021	515	351	29	4084	1071	1976
October 10, 2006 6:43:00 AM UTC	1160487780000	12	53	no	4.1	104.9	20972	20821	13797	6697	107	38982	515	391	12	4062	1205	2000
October 10, 2006 6:44:00 AM UTC	1160487840000	16	62	yes	4.2	105.1	20972	20821	13810	6647	104	39022	531	418	5	4062	1805	2002
October 10, 2006 6:45:00 AM UTC	1160487900000	18	66	yes	4.4	105.2	20972	20821	13810	6647	100	39026	545	443	1	4047	1832	2004
October 10, 2006 6:46:00 AM UTC	1160487960000	20	67	yes	4.6	105.4	20972	20821	13810	6644	89	39040	556	467	0	4039	2171	1809
October 10, 2006 6:47:00 AM UTC	1160488020000	24	62	yes	4.7	105.6	20972	20821	13810	6644	98	39031	567	468	0	4028	2918	1086
October 10, 2006 6:48:00 AM UTC	1160488080000	28	56	yes	4.9	105.8	20972	20821	13810	6645	87	39041	581	493	1	4013	3467	545
October 10, 2006 6:49:00 AM UTC	1160488140000	33	51	yes	5.0	106.0	20972	20821	13808	6688	82	39005	582	499	0	4008	3659	349
October 10, 2006 6:50:00 AM UTC	1160488200000	37	46	yes	5.2	106.2	20972	20821	13812	6618	76	39077	600	524	0	3998	3924	74
October 10, 2006 6:51:00 AM UTC	1160488260000	44	39	yes	5.4	106.4	20972	20821	13811	6682	76	39014	608	532	0	3984	3910	74
October 10, 2006 6:52:00 AM UTC	1160488320000	44	39	yes	5.5	106.6	20972	20821	13810	6692	67	39014	620	553	0	3970	3910	60
October 10, 2006 6:53:00 AM UTC	1160488380000	43	39	yes	5.7	106.8	20972	20821	13810	6692	66	39015	634	568	0	3957	3931	26
October 10, 2006 6:54:00 AM UTC	1160488440000	39	40	yes	5.8	107.0	20972	20821	13820	6643	66	39054	651	585	0	3954	3928	26
October 10, 2006 6:55:00 AM UTC	1160488500000	37	41	yes	6.0	107.2	20972	20821	13805	6713	60	39005	649	585	0	3934	3926	8
October 10, 2006 6:56:00 AM UTC	1160488560000	34	43	yes	6.2	107.4	20972	20821	13822	6640	68	39053	672	598	0	3932	3908	23
October 10, 2006 6:57:00 AM UTC	1160488620000	34	43	yes	6.3	107.5	20972	20821	13805	6714	67	38997	675	591	0	3907	3883	24
October 10, 2006 6:58:00 AM UTC	1160488680000	34	42	yes	6.5	107.7	20972	20821	13820	6648	69	39046	699	597	0	3904	3787	92
October 10, 2006 6:59:00 AM UTC	1160488740000	35	38	yes	6.6	107.9	20972	20821	13800	6741	61	38981	689	622	0	3887	3708	141
October 10, 2006 7:00:00 AM UTC	1160488800000	34	38	yes	6.8	108.1	20972	20821	13816	6671	66	39030	718	652	0	3876	3835	29
October 10, 2006 7:01:00 AM UTC	1160488860000	35	39	yes	6.9	108.3	20972	20821	13804	6718	57	39004	714	588	0	3868	3788	77
October 10, 2006 7:02:00 AM UTC	1160488920000	34	40	yes	7.1	108.5	20972	20821	13804	6718	55	39006	731	567	0	3849	3689	97
October 10, 2006 7:03:00 AM UTC	1160488980000	33	41	yes	7.3	108.7	20972	20821	13818	6598	34	39133	756	598	0	3845	3665	143
October 10, 2006 7:04:00 AM UTC	1160489040000	31	45	yes	7.4	108.9	20972	20821	13800	6691	45	39047	747	542	0	3826	3606	143
October 10, 2006 7:05:00 AM UTC	1160489100000	29	50	yes	7.6	109.1	20972	20821	13818	6600	43	39122	782	521	0	3819	3398	326
October 10, 2006 7:06:00 AM UTC	1160489160000	27	52	yes	7.7	109.3	20972	20821	13807	6650	41	39085	774	489	0	3807	3429	266
October 10, 2006 7:07:00 AM UTC	1160489220000	27	58	yes	7.9	109.5	20972	20821	13818	6600	46	39119	807	490	0	3793	3222	349
October 10, 2006 7:08:00 AM UTC	1160489280000	26	62	yes	8.0	109.7	20972	20821	13796	6692	48	39047	793	407	0	3785	3271	247
October 10, 2006 7:09:00 AM UTC	1160489340000	24	68	yes	8.2	109.9	20972	20821	13813	6624	57	39089	819	403	0	3777	3290	286
October 10, 2006 7:10:00 AM UTC	1160489400000	22	74	no	8.4	110.1	20972	20821	13813	6624	40	39106	834	460	6	3763	3217	311
October 10, 2006 7:11:00 AM UTC	1160489460000	24	74	no	8.5	110.3	20972	20821	13818	6599	27	39139	848	542	0	3759	3264	168
October 10, 2006 7:12:00 AM UTC	1160489520000	26	72	no	8.7	110.5	20972	20821	13812	6670	29	39072	856	497	0	3735	3359	100
October 10, 2006 7:13:00 AM UTC	1160489580000	28	70	no	8.8	110.7	20972	20821	13812	6679	23	39069	864	467	0	3727	3318	214
October 10, 2006 7:14:00 AM UTC	1160489640000	37	62	no	9.0	110.8	20972	20821	13812	6679	5	39087	879	568	0	3710	3384	179
October 10, 2006 7:15:00 AM UTC	1160489700000	43	57	no	9.1	111.0	20972	20821	13813	6610	0	39160	896	737	0	3700	3564	61
October 10, 2006 7:16:00 AM UTC	1160489760000	51	49	no	9.3	111.2	20972	20821	13808	6637	6	39132	902	874	0	3688	3637	30
October 10, 2006 7:17:00 AM UTC	1160489820000	54	46	no	9.4	111.4	20972	20821	13806	6637	1	39139	913	905	0	3673	3652	8
October 10, 2006 7:18:00 AM UTC	1160489880000	56	44	no	9.6	111.6	20972	20821	13805	6716	1	39061	916	907	0	3668	3652	5
October 10, 2006 7:19:00 AM UTC	1160489940000	60	40	no	9.8	111.8	20972	20821	13826	6622	0	39135	953	931	0	3656	3649	7
October 10, 2006 7:20:00 AM UTC	1160490000000	59	41	no	9.9	112.0	20972	20821	13805	6717	2	39059	940	892	0	3642	3613	14
October 10, 2006 7:21:00 AM UTC	1160490060000	63	37	no	10.1	112.2	20972	20821	13821	6648	6	39108	973	946	0	3629	3552	50
October 10, 2006 7:22:00 AM UTC	1160490120000	68	32	no	10.2	112.4	20972	20821	13805	6716	0	39062	968	926	0	3614	3612	1
October 10, 2006 7:23:00 AM UTC	1160490180000	72	28	no	10.4	112.6	20972	20821	13819	6647	0	39117	1002	953	0	3601	3595	6
October 10, 2006 7:24:00 AM UTC	1160490240000	72	28	no	10.5	112.8	20972	20821	13799	6755	0	39029	983	981	0	3590	3590	0
October 10, 2006 7:25:00 AM UTC	1160490300000	71	29	no	10.7	113.0	20972	20821	13813	6688	0	39082	1013	982	0	3581	3581	0
October 10, 2006 7:26:00 AM UTC	1160490360000	69	31	no	10.8	113.2	20972	20821	13813	6688	0	39082	1030	1023	0	3562	3562	0
October 10, 2006 7:27:00 AM UTC	1160490420000	67	32	no	11.0	113.4	20972	20821	13815	6619	15	39134	1039	1021	0	3558	3556	0
October 10, 2006 7:28:00 AM UTC	1160490480000	68	32	no	11.1	113.6	20972	20821	13815	6619	7	39142	1059	1035	0	3538	3529	0
October 10, 2006 7:29:00 AM UTC	1160490540000	65	35	no	11.3	113.8	20972	20821	13815	6620	4	39144	1066	1009	0	3532	3532	0
October 10, 2006 7:30:00 AM UTC	1160490600000	65	34	no	11.4	114.0	20972	20821	13815	6620	19	39129	1081	944	0	3518	3518	0
October 10, 2006 7:31:00 AM UTC	1160490660000	65	34	no	11.6	114.2	20972	20821	13809	6648	29	39097	1084	949	0	3505	3505	0
October 10, 2006 7:32:00 AM UTC	1160490720000	63	37	no	11.7	114.4	20972	20821	13809	6648	36	39090	1098	980	0	3491	3491	0
October 10, 2006 7:33:00 AM UTC	1160490780000	62	38	no	11.9	114.6	20972	20821	13831	6546	35	39171	1135	1065	0	3486	3486	0
October 10, 2006 7:34:00 AM UTC	1160490840000	60	40	no	12.0	114.8	20972	20821	13815	6620	50	39098	1127	1054	0	3471	3471	0
October 10, 2006 7:35:00 AM UTC	1160490900000	58	42	no	12.2	115.0	20972	20821	13809	6645	67	39062	1133	1036	0	3457	3457	0
October 10, 2006 7:36:00 AM UTC	1160490960000	58	42	no	12.3	115.2	20972	20821	13808	6663	56	39056	1139	1056	0	3447	3447	0
October 10, 2006 7:37:00 AM UTC	1160491020000	59	41	no	12.5	115.4	20972	20821	13808	6663	39	39073	1155	1099	0	3431	3431	0
October 10, 2006 7:38:00 AM UTC	1160491080000	66	34	no	12.6	115.6	20972	20821	13801	6746	44	38992	1150	1103	1	3422	3422	0
October 10, 2006 7:39:00 AM UTC	1160491140000	69	31	no	12.8	115.8	20972	20821	13804	6679	63	39037	1174	1100	0	3405	3405	0
October 10, 2006 7:40:00 AM UTC	1160491200000	72	28	no	12.9	116.0	20972	20821	13825	6583	75	39100	1209	1131	0	3400	3400	0
October 10, 2006 7:41:00 AM UTC	1160491260000	73	27	no	13.1	116.2	20972	20821	13803	6681	74	39025	1192	1117	0	3387	3387	0
October 10, 2006 7:42:00 AM UTC	1160491320000	75	25	no	13.2	116.5	20972	20821	13817	6615	90	39061	1225	1111	0	3375	3375	0
October 10, 2006 7:43:00 AM UTC	1160491380000	79	21	no	13.4	116.7	20972	20821	13802	6681	91	39009	1216	1090	0	3366	3366	0
October 10, 2006 7:44:00 AM UTC	1160491440000	77	22	no	13.5	116.9	20972	20821	13817	6615	83	39068	1250	1156	0	3353	3353	0
October 10, 2006 7:45:00 AM UTC	1160491500000	79	21	no	13.7	117.1	20972	20821	13801	6681	65	39036	1240	1169	0	3345	3345	0
October 10, 2006 7:46:00 AM UTC	1160491560000	76	24	no	13.8	117.3	20972	20821	13817	6632	64	39070	1273	1196	0	3337	3337	0
October 10, 2006 7:47:00 AM UTC	1160491620000	73	27	no	14.0	117.5	20972	20821	13801	6732	50	39000	1256	1188	0	3331	3331	0
October 10, 2006 7:48:00 AM UTC	1160491680000	71	29	no	14.1	117.7	20972	20821	13809	6667	37	39070	1288	1207	0	3311	3311	0
October 10, 2006 7:49:00 AM UTC	1160491740000	72	28	no	14.3	117.9	20972	20821	13809	6667	34	39073	1291	1243	0	3309	3309	0
October 10, 2006 7:50:00 AM UTC	1160491800000	70	30	no	14.4	118.1	20972	20821	13810	6602	42	39129	1317	1235	0	3293	3293	0
October 10, 2006 7:51:00 AM UTC	1160491860000	68	32	no	14.6	118.3	20972	20821	13811	6601	43	39128	1326	1242	0	3285	3285	0
October 10, 2006 7:52:00 AM UTC	1160491920000	67	33	no	14.7	118.5	20972	20821	13813	6603	55	39112	1333	1235	0	3279	3279	0
October 10, 2006 7:53:00 AM UTC	1160491980000	67	33	no	14.9	118.7	20972	20821	13810	6680	71	39022	1340	1208	0	3266	3266	0
October 10, 2006 7:54:00 AM UTC	1160492040000	67	32	no	15.0	118.9	20972	20821	13816	6651	81	39035	1356	1178	0	3261	3261	0
October 10, 2006 7:55:00 AM UTC	1160492100000	71	29	no	15.2	119.1	20972	20821	13801	6714	61	39007	1352	1241	0	3248	3248	0
October 10, 2006 7:56:00 AM UTC	1160492160000	71	28	no	15.3	119.3	20972	20821	13824	6615	51	39093	1396	1276	1	3241	3241	0
October 10, 2006 7:57:00 AM UTC	1160492220000	73	27	no	15.4	119.6	20972	20821	13801	6734	33	39015	1372	1306	0	3229	3229	0
October 10, 2006 7:58:00 AM UTC	1160492280000	73	27	no	15.6	119.8	20972	20821	13816	6671	22	39074	1403	1355	0	3223	3223	0
October 10, 2006 7:59:00 AM UTC	1160492340000	72	28	no	15.7	120.0	20972	20821	13801	6734	44	39004	1401	1298	0	3209	3209	0
October 10, 2006 8:00:00 AM UTC	1160492400000	72	28	no	15.9	120.2	20972	20821	13807	6706	40	39030	1416	1349	1	3209	3209	0
October 10, 2006 8:01:00 AM UTC	1160492460000	76	24	no	16.0	120.4	20972	20821	13817	6608	36	39122	1452	1394	0	3196	3196	0
October 10, 2006 8:02:00 AM UTC	1160492520000	79	21	no	16.2	120.6	20972	20821	13817	6608	45	39113	1463	1387	0	3189	3189	0
October 10, 2006 8:03:00 AM UTC	1160492580000	81	19	no	16.3	120.8	20972	20821	13808	6644	61	39070	1461	1376	0	3185	3185	0
October 10, 2006 8:04:00 AM UTC	1160492640000	84	16	no	16.4	121.0	20972	20821	13808	6650	69	39056	1475	1396	0	3175	3175	0
October 10, 2006 8:05:00 AM UTC	1160492700000	88	12	no	16.6	121.2	20972	20821	13817	6608	73	39085	1497	1423	0	3170	3170	0
October 10, 2006 8:06:00 AM UTC	1160492760000	89	11	no	16.7	121.5	20972	20821	13809	6644	65	39065	1497	1432	0	3161	3161	0
October 10, 2006 8:07:00 AM UTC	1160492820000	93	7	no	16.9	121.7	20972	20821	13808	6667	75	39033	1499	1423	0	3159	3159	0
October 10, 2006 8:08:00 AM UTC	1160492880000	95	5	yes	17.0	121.9	20972	20821	13820	6605	71	39087	1536	1465	0	3141	3141	0
October 10, 2006 8:09:00 AM UTC	1160492940000	98	2	yes	17.2	122.1	20972	20821	13808	6668	61	39046	1521	1460	0	3145	3145	0
October 10, 2006 8:10:00 AM UTC	1160493000000	99	1	no	17.3	122.3	20972	20821	13822	6669	61	39031	1558	1497	0	3131	3131	0
October 10, 2006 8:11:00 AM UTC	1160493060000	100	0	no	17.4	122.5	20972	20821	13807	6731	59	38986	1539	1480	0	3130	3130	0
October 10, 2006 8:12:00 AM UTC	1160493120000	100	0	no	17.6	122.7	20972	20821	13814	6643	62	39064	1574	1512	0	3121	3121	0
October 10, 2006 8:13:00 AM UTC	1160493180000	100	0	no	17.7	123.0	20972	20821	13814	6643	61	39065	1585	1524	0	3113	3113	0
October 10, 2006 8:14:00 AM UTC	1160493240000	100	0	no	17.9	123.2	20972	20821	13815	6644	61	39063	1592	1531	0	3110	3110	0
October 10, 2006 8:15:00 AM UTC	1160493300000	100	0	no	18.0	123.4	20972	20821	13815	6644	63	39061	1605	1542	0	3102	3102	0
October 10, 2006 8:16:00 AM UTC	1160493360000	100	0	no	18.1	123.6	20972	20821	13815	6644	54	39070	1620	1563	1	3096	3096	0
October 10, 2006 8:17:00 AM UTC	1160493420000	100	0	no	18.3	123.8	20972	20821	13805	6709	49	39020	1602	1552	0	3091	3091	0
October 10, 2006 8:18:00 AM UTC	1160493480000	100	0	no	18.4	124.0	20972	20821	13814	6672	53	39044	1634	1581	0	3087	3087	0
October 10, 2006 8:19:00 AM UTC	1160493540000	100	0	no	18.5	124.3	20972	20821	13814	6672	58	39039	1646	1588	0	3073	3073	0
October 10, 2006 8:20:00 AM UTC	1160493600000	100	0	no	18.7	124.5	20972	20821	13821	6649	50	39063	1659	1609	0	3078	3078	0
October 10, 2006 8:21:00 AM UTC	1160493660000	100	0	no	18.8	124.7	20972	20821	13806	6709	42	39026	1653	1611	0	3068	3068	0
October 10, 2006 8:22:00 AM UTC	1160493720000	100	0	no	19.0	124.9	20972	20821	13821	6592	47	39123	1694	1647	0	3052	3052	0
October 10, 2006 8:23:00 AM UTC	1160493780000	100	0	no	19.1	125.1	20972	20821	13806	6652	46	39079	1684	1638	0	3064	3064	0
October 10, 2006 8:24:00 AM UTC	1160493840000	100	0	yes	19.2	125.4	20972	20821	13821	6592	42	39128	1717	1675	0	3049	3049	0
October 10, 2006 8:25:00 AM UTC	1160493900000	100	0	no	19.4	125.6	20972	20821	13821	6592	43	39127	1730	1687	0	3048	3048	0
October 10, 2006 8:26:00 AM UTC	1160493960000	100	0	no	19.5	125.8	20972	20821	13820	6621	39	39103	1727	1688	0	3048	3048	0
October 10, 2006 8:27:00 AM UTC	1160494020000	100	0	no	19.6	126.0	20972	20821	13811	6662	35	39075	1729	1694	0	3036	3036	0
October 10, 2006 8:28:00 AM UTC	1160494080000	100	0	no	19.8	126.2	20972	20821	13812	6662	31	39078	1737	1706	0	3039	3039	0
October 10, 2006 8:29:00 AM UTC	1160494140000	100	0	no	19.9	126.5	20972	20821	13821	6623	34	39105	1762	1728	0	3026	3026	0
October 10, 2006 8:30:00 AM UTC	1160494200000	100	0	no	20.0	126.7	20972	20821	13825	6603	29	39126	1780	1751	0	3028	3028	0
October 10, 2006 8:31:00 AM UTC	1160494260000	100	0	no	20.2	126.9	20972	20821	13812	6662	25	39084	1775	1750	0	3013	3013	0
October 10, 2006 8:32:00 AM UTC	1160494320000	100	0	no	20.3	127.1	20972	20821	13828	6550	29	39176	1811	1782	0	3016	3016	0
October 10, 2006 8:33:00 AM UTC	1160494380000	100	0	no	20.4	127.4	20972	20821	13815	6608	25	39135	1800	1775	0	3008	3008	0
October 10, 2006 8:34:00 AM UTC	1160494440000	100	0	no	20.6	127.6	20972	20821	13818	6593	21	39151	1821	1800	0	3006	3006	0
October 10, 2006 8:35:00 AM UTC	1160494500000	100	0	no	20.7	127.8	20972	20821	13818	6593	23	39149	1831	1808	0	2999	2999	0
October 10, 2006 8:36:00 AM UTC	1160494560000	100	0	no	20.8	128.0	20972	20821	13828	6581	23	39151	1849	1826	0	3004	3004	0
October 10, 2006 8:37:00 AM UTC	1160494620000	100	0	no	21.0	128.3	20972	20821	13817	6626	20	39120	1839	1819	0	2995	2995	0
October 10, 2006 8:38:00 AM UTC	1160494680000	100	0	no	21.1	128.5	20972	20821	13818	6626	16	39123	1851	1835	0	2992	2992	0
October 10, 2006 8:39:00 AM UTC	1160494740000	100	0	no	21.2	128.7	20972	20821	13818	6626	12	39127	1858	1846	0	2993	2993	0
October 10, 2006 8:40:00 AM UTC	1160494800000	100	0	no	21.3	128.9	20972	20821	13829	6569	17	39168	1895	1878	0	2987	2987	0
October 10, 2006 8:41:00 AM UTC	1160494860000	100	0	no	21.5	129.2	20972	20821	13806	6671	9	39097	1863	1854	0	2981	2981	0
October 10, 2006 8:42:00 AM UTC	1160494920000	100	0	no	21.6	129.4	20972	20821	13832	6514	10	39227	1919	1909	0	2985	2985	0
October 10, 2006 8:43:00 AM UTC	1160494980000	100	0	no	21.7	129.6	20972	20821	13818	6583	7	39175	1907	1900	0	2977	2977	0
October 10, 2006 8:44:00 AM UTC	1160495040000	100	0	no	21.9	129.9	20972	20821	13823	6548	8	39204	1930	1922	0	2972	2972	0
October 10, 2006 8:45:00 AM UTC	1160495100000	100	0	no	22.0	130.1	20972	20821	13831	6546	10	39196	1943	1933	0	2972	2972	0
October 10, 2006 8:46:00 AM UTC	1160495160000	100	0	no	22.1	130.3	20972	20821	13809	6648	4	39122	1916	1912	0	2963	2963	0
October 10, 2006 8:47:00 AM UTC	1160495220000	100	0	no	22.2	130.5	20972	20821	13820	6596	4	39163	1945	1941	0	2970	2970	0
October 10, 2006 8:48:00 AM UTC	1160495280000	100	0	no	22.4	130.8	20972	20821	13808	6653	0	39122	1940	1940	0	2955	2955	0
October 10, 2006 8:49:00 AM UTC	1160495340000	100	0	no	22.5	131.0	20972	20821	13820	6596	0	39167	1961	1961	0	2962	2962	0
October 10, 2006 8:50:00 AM UTC	1160495400000	100	0	no	22.6	131.2	20972	20821	13808	6643	0	39132	1957	1956	0	2954	2954	0
October 10, 2006 8:51:00 AM UTC	1160495460000	100	0	no	22.7	131.5	20972	20821	13822	6554	0	39207	1997	1997	0	2949	2949	0
October 10, 2006 8:52:00 AM UTC	1160495520000	100	0	no	22.9	131.7	20972	20821	13822	6554	0	39207	2005	2005	0	2947	2947	0
October 10, 2006 8:53:00 AM UTC	1160495580000	100	0	no	23.0	131.9	20972	20821	13812	6585	0	39186	1997	1997	0	2946	2946	0
October 10, 2006 8:54:00 AM UTC	1160495640000	100	0	no	23.1	132.2	20972	20821	13821	6583	0	39179	2017	2017	0	2942	2942	0
October 10, 2006 8:55:00 AM UTC	1160495700000	100	0	no	23.2	132.4	20972	20821	13822	6578	0	39183	2029	2028	0	2940	2940	0
October 10, 2006 8:56:00 AM UTC	1160495760000	100	0	no	23.4	132.6	20972	20821	13809	6633	0	39141	2016	2016	0	2939	2939	0
October 10, 2006 8:57:00 AM UTC	1160495820000	100	0	no	23.5	132.9	20972	20821	13822	6578	0	39183	2050	2050	0	2935	2935	0
October 10, 2006 8:58:00 AM UTC	1160495880000	100	0	no	23.6	133.1	20972	20821	13822	6578	0	39183	2060	2060	0	2930	2930	0
October 10, 2006 8:59:00 AM UTC	1160495940000	100	0	no	23.7	133.4	20972	20821	13812	6625	0	39146	2046	2046	0	2933	2933	0
October 10, 2006 9:00:00 AM UTC	1160496000000	100	0	no	23.8	133.6	20972	20821	13822	6578	0	39183	2078	2078	0	2928	2928	0
October 10, 2006 9:01:00 AM UTC	1160496060000	100	0	no	24.0	133.8	20972	20821	13812	6590	0	39181	2079	2079	0	2927	2927	0
October 10, 2006 9:02:00 AM UTC	1160496120000	100	0	no	24.1	134.1	20972	20821	13812	6590	0	39181	2089	2089	0	2922	2922	0
October 10, 2006 9:03:00 AM UTC	1160496180000	100	0	no	24.2	134.3	20972	20821	13822	6569	0	39192	2105	2105	0	2926	2926	0
October 10, 2006 9:04:00 AM UTC	1160496240000	100	0	no	24.3	134.5	20972	20821	13810	6624	0	39149	2089	2089	0	2924	2924	0
October 10, 2006 9:05:00 AM UTC	1160496300000	100	0	no	24.4	134.8	20972	20821	13822	6569	0	39192	2126	2126	0	2920	2920	0
October 10, 2006 9:06:00 AM UTC	1160496360000	100	0	no	24.5	135.0	20972	20821	13822	6569	0	39192	2134	2134	0	2919	2919	0
October 10, 2006 9:07:00 AM UTC	1160496420000	100	0	no	24.7	135.3	20972	20821	13809	6619	0	39155	2119	2119	0	2920	2920	0
October 10, 2006 9:08:00 AM UTC	1160496480000	100	0	no	24.8	135.5	20972	20821	13822	6569	0	39192	2152	2152	0	2916	2916	0
October 10, 2006 9:09:00 AM UTC	1160496540000	100	0	no	24.9	135.7	20972	20821	13810	6618	0	39155	2128	2128	0	2912	2912	0
October 10, 2006 9:10:00 AM UTC	1160496600000	100	0	no	25.0	136.0	20972	20821	13823	6579	0	39181	2169	2169	0	2913	2913	0
October 10, 2006 9:11:00 AM UTC	1160496660000	100	0	no	25.1	136.2	20972	20821	13834	6477	0	39272	2208	2208	0	2914	2914	0
October 10, 2006 9:12:00 AM UTC	1160496720000	100	0	no	25.2	136.5	20972	20821	13809	6624	0	39150	2152	2152	0	2912	2912	0
October 10, 2006 9:13:00 AM UTC	1160496780000	100	0	no	25.4	136.7	20972	20821	13821	6574	0	39188	2194	2194	0	2913	2913	0
October 10, 2006 9:14:00 AM UTC	1160496840000	100	0	no	25.5	137.0	20972	20821	13821	6574	0	39188	2206	2206	0	2907	2907	0
October 10, 2006 9:15:00 AM UTC	1160496900000	100	0	no	25.6	137.2	20972	20821	13822	6573	0	39188	2212	2212	0	2907	2907	0
October 10, 2006 9:16:00 AM UTC	1160496960000	100	0	no	25.7	137.5	20972	20821	13822	6573	0	39188	2216	2216	0	2910	2910	0
October 10, 2006 9:17:00 AM UTC	1160497020000	100	0	no	25.8	137.7	20972	20821	13822	6573	0	39188	2229	2229	0	2904	2904	0
October 10, 2006 9:18:00 AM UTC	1160497080000	100	0	no	25.9	137.9	20972	20821	13811	6628	0	39144	2207	2207	0	2910	2910	0
October 10, 2006 9:19:00 AM UTC	1160497140000	100	0	no	26.0	138.2	20972	20821	13823	6534	0	39226	2253	2253	0	2903	2903	0
October 10, 2006 9:20:00 AM UTC	1160497200000	100	0	no	26.1	138.4	20972	20821	13811	6636	0	39136	2223	2223	0	2907	2907	0
October 10, 2006 9:21:00 AM UTC	1160497260000	100	0	no	26.3	138.7	20972	20821	13811	6636	0	39136	2235	2235	0	2903	2903	0
October 10, 2006 9:22:00 AM UTC	1160497320000	100	0	no	26.4	138.9	20972	20821	13822	6588	0	39173	2262	2262	0	2906	2906	0
October 10, 2006 9:23:00 AM UTC	1160497380000	100	0	no	26.5	139.2	20972	20821	13814	6635	0	39134	2249	2249	0	2898	2898	0
October 10, 2006 9:24:00 AM UTC	1160497440000	100	0	no	26.6	139.4	20972	20821	13811	6642	0	39130	2250	2250	0	2902	2902	0
October 10, 2006 9:25:00 AM UTC	1160497500000	100	0	no	26.7	139.7	20972	20821	13823	6588	0	39172	2290	2290	0	2898	2898	0
October 10, 2006 9:26:00 AM UTC	1160497560000	100	0	no	26.8	139.9	20972	20821	13810	6644	0	39129	2268	2268	0	2904	2904	0
October 10, 2006 9:27:00 AM UTC	1160497620000	100	0	no	26.9	140.2	20972	20821	13823	6547	0	39213	2310	2310	0	2899	2899	0
October 10, 2006 9:28:00 AM UTC	1160497680000	100	0	no	27.0	140.4	20972	20821	13823	6556	0	39204	2316	2316	0	2903	2903	0
October 10, 2006 9:29:00 AM UTC	1160497740000	100	0	no	27.1	140.7	20972	20821	13810	6657	0	39116	2292	2292	0	2903	2903	0
October 10, 2006 9:30:00 AM UTC	1160497800000	100	0	no	27.2	140.9	20972	20821	13820	6610	0	39153	2317	2317	0	2905	2905	0
October 10, 2006 9:31:00 AM UTC	1160497860000	100	0	no	27.3	141.2	20972	20821	13820	6610	0	39153	2324	2324	0	2903	2903	0
October 10, 2006 9:32:00 AM UTC	1160497920000	100	0	no	27.4	141.5	20972	20821	13820	6610	0	39153	2331	2331	0	2902	2902	0
October 10, 2006 9:33:00 AM UTC	1160497980000	100	0	no	27.5	141.7	20972	20821	13819	6610	0	39154	2343	2343	0	2903	2903	0
October 10, 2006 9:34:00 AM UTC	1160498040000	100	0	no	27.6	142.0	20972	20821	13829	6561	0	39193	2372	2372	0	2901	2901	0
October 10, 2006 9:35:00 AM UTC	1160498100000	100	0	no	27.7	142.2	20972	20821	13807	6662	0	39114	2331	2331	0	2901	2901	0
October 10, 2006 9:36:00 AM UTC	1160498160000	100	0	no	27.8	142.5	20972	20821	13808	6630	0	39145	2340	2340	0	2909	2909	0
October 10, 2006 9:37:00 AM UTC	1160498220000	100	0	no	27.9	142.7	20972	20821	13816	6641	0	39126	2364	2364	0	2896	2896	0
October 10, 2006 9:38:00 AM UTC	1160498280000	100	0	no	28.0	143.0	20972	20821	13806	6686	0	39091	2347	2347	0	2907	2907	0
October 10, 2006 9:39:00 AM UTC	1160498340000	100	0	no	28.1	143.3	20972	20821	13815	6642	0	39126	2380	2380	0	2899	2899	0
October 10, 2006 9:40:00 AM UTC	1160498400000	100	0	no	28.2	143.5	20972	20821	13815	6642	0	39126	2376	2376	0	2901	2901	0
October 10, 2006 9:41:00 AM UTC	1160498460000	100	0	no	28.3	143.8	20972	20821	13801	6699	0	39083	2364	2364	0	2904	2904	0
October 10, 2006 9:42:00 AM UTC	1160498520000	100	0	no	28.4	144.0	20972	20821	13814	6642	0	39127	2395	2395	0	2894	2894	0
October 10, 2006 9:43:00 AM UTC	1160498580000	100	0	no	28.5	144.3	20972	20821	13814	6644	0	39125	2405	2405	0	2906	2906	0
October 10, 2006 9:44:00 AM UTC	1160498640000	100	0	no	28.6	144.5	20972	20821	13825	6565	0	39193	2439	2439	0	2895	2895	0
October 10, 2006 9:45:00 AM UTC	1160498700000	100	0	no	28.7	144.8	20972	20821	13810	6685	0	39088	2401	2401	0	2906	2906	0
October 10, 2006 9:46:00 AM UTC	1160498760000	100	0	no	28.8	145.1	20972	20821	13810	6685	0	39088	2409	2409	0	2893	2893	0
October 10, 2006 9:47:00 AM UTC	1160498820000	100	0	no	28.9	145.3	20972	20821	13810	6685	0	39088	2415	2415	0	2909	2909	0
October 10, 2006 9:48:00 AM UTC	1160498880000	100	0	no	29.0	145.6	20972	20821	13810	6685	0	39088	2424	2424	0	2899	2899	0
October 10, 2006 9:49:00 AM UTC	1160498940000	100	0	no	29.1	145.9	20972	20821	13796	6744	0	39043	2402	2402	0	2910	2910	0
October 10, 2006 9:50:00 AM UTC	1160499000000	100	0	no	29.2	146.1	20972	20821	13818	6644	0	39121	2450	2450	0	2904	2904	0
October 10, 2006 9:51:00 AM UTC	1160499060000	100	0	no	29.3	146.4	20972	20821	13797	6744	0	39042	2409	2409	0	2906	2906	0
October 10, 2006 9:52:00 AM UTC	1160499120000	100	0	no	29.4	146.7	20972	20821	13818	6644	0	39121	2464	2464	0	2907	2907	0
October 10, 2006 9:53:00 AM UTC	1160499180000	100	0	no	29.5	146.9	20972	20821	13805	6728	0	39050	2439	2439	0	2908	2908	0
October 10, 2006 9:54:00 AM UTC	1160499240000	100	0	no	29.6	147.2	20972	20821	13810	6686	0	39087	2459	2459	0	2909	2909	0
October 10, 2006 9:55:00 AM UTC	1160499300000	100	0	no	29.6	147.4	20972	20821	13820	6668	0	39095	2482	2482	0	2910	2910	0
October 10, 2006 9:56:00 AM UTC	1160499360000	100	0	no	29.7	147.7	20972	20821	13805	6670	0	39108	2464	2464	0	2909	2909	0
October 10, 2006 9:57:00 AM UTC	1160499420000	100	0	no	29.8	148.0	20972	20821	13815	6632	0	39136	2489	2489	0	2911	2911	0
October 10, 2006 9:58:00 AM UTC	1160499480000	100	0	no	29.9	148.2	20972	20821	13806	6671	0	39106	2477	2477	0	2909	2909	0
October 10, 2006 9:59:00 AM UTC	1160499540000	100	0	no	30.0	148.5	20972	20821	13815	6632	0	39136	2497	2497	0	2916	2916	0
October 10, 2006 10:00:00 AM UTC	1160499600000	100	0	no	30.1	148.8	20972	20821	13815	6632	0	39136	2505	2505	0	2914	2914	0
October 10, 2006 10:01:00 AM UTC	1160499660000	100	0	no	30.2	149.1	20972	20821	13822	6626	0	39135	2520	2520	0	2913	2913	0
October 10, 2006 10:02:00 AM UTC	1160499720000	100	0	no	30.2	149.3	20972	20821	13801	6726	0	39056	2476	2476	0	2918	2918	0
October 10, 2006 10:03:00 AM UTC	1160499780000	100	0	no	30.3	149.6	20972	20821	13816	6665	0	39102	2518	2518	0	2915	2915	0
October 10, 2006 10:04:00 AM UTC	1160499840000	100	0	no	30.4	149.9	20972	20821	13825	6617	0	39141	2538	2538	0	2925	2925	0
October 10, 2006 10:05:00 AM UTC	1160499900000	100	0	no	30.5	150.1	20972	20821	13809	6689	0	39085	2520	2520	0	2914	2914	0
October 10, 2006 10:06:00 AM UTC	1160499960000	100	0	no	30.6	150.4	20972	20821	13823	6629	0	39131	2540	2540	0	2925	2925	0
October 10, 2006 10:07:00 AM UTC	1160500020000	100	0	no	30.7	150.7	20972	20821	13809	6689	0	39085	2520	2520	0	2927	2927	0
October 10, 2006 10:08:00 AM UTC	1160500080000	100	0	no	30.7	151.0	20972	20821	13817	6653	0	39113	2544	2544	0	2929	2929	0
October 10, 2006 10:09:00 AM UTC	1160500140000	100	0	no	30.8	151.2	20972	20821	13816	6700	0	39067	2542	2542	0	2927	2927	0
October 10, 2006 10:10:00 AM UTC	1160500200000	100	0	no	30.9	151.5	20972	20821	13808	6735	0	39040	2533	2533	0	2926	2926	0
October 10, 2006 10:11:00 AM UTC	1160500260000	100	0	no	31.0	151.8	20972	20821	13818	6615	0	39150	2569	2569	0	2929	2929	0
October 10, 2006 10:12:00 AM UTC	1160500320000	100	0	no	31.1	152.1	20972	20821	13818	6615	0	39150	2570	2570	0	2928	2928	0
October 10, 2006 10:13:00 AM UTC	1160500380000	100	0	no	31.1	152.3	20972	20821	13825	6584	0	39174	2592	2592	0	2929	2929	0
October 10, 2006 10:14:00 AM UTC	1160500440000	100	0	no	31.2	152.6	20972	20821	13804	6675	0	39104	2549	2549	0	2932	2932	0
October 10, 2006 10:15:00 AM UTC	1160500500000	100	0	no	31.3	152.9	20972	20821	13803	6679	0	39101	2550	2550	0	2935	2935	0
October 10, 2006 10:16:00 AM UTC	1160500560000	100	0	no	31.4	153.2	20972	20821	13825	6582	0	39176	2609	2609	0	2936	2936	0
October 10, 2006 10:17:00 AM UTC	1160500620000	100	0	no	31.4	153.4	20972	20821	13810	6687	0	39086	2572	2572	0	2937	2937	0
October 10, 2006 10:18:00 AM UTC	1160500680000	100	0	no	31.5	153.7	20972	20821	13810	6688	0	39085	2572	2572	0	2939	2939	0
October 10, 2006 10:19:00 AM UTC	1160500740000	100	0	no	31.6	154.0	20972	20821	13810	6688	0	39085	2574	2574	0	2939	2939	0
October 10, 2006 10:20:00 AM UTC	1160500800000	100	0	no	31.7	154.3	20972	20821	13810	6688	0	39085	2575	2575	0	2943	2943	0
October 10, 2006 10:21:00 AM UTC	1160500860000	100	0	no	31.7	154.6	20972	20821	13818	6655	0	39110	2598	2598	0	2943	2943	0
October 10, 2006 10:22:00 AM UTC	1160500920000	100	0	no	31.8	154.8	20972	20821	13810	6640	0	39133	2601	2601	0	2950	2950	0
October 10, 2006 10:23:00 AM UTC	1160500980000	100	0	no	31.9	155.1	20972	20821	13818	6609	0	39156	2616	2616	0	2950	2950	0
October 10, 2006 10:24:00 AM UTC	1160501040000	100	0	no	31.9	155.4	20972	20821	13804	6676	0	39103	2585	2585	0	2949	2949	0
October 10, 2006 10:25:00 AM UTC	1160501100000	100	0	no	32.0	155.7	20972	20821	13802	6740	0	39041	2569	2569	0	2950	2950	0
October 10, 2006 10:26:00 AM UTC	1160501160000	100	0	no	32.1	156.0	20972	20821	13825	6626	0	39132	2631	2631	0	2952	2952	0
October 10, 2006 10:27:00 AM UTC	1160501220000	100	0	no	32.1	156.2	20972	20821	13803	6721	0	39059	2588	2588	0	2953	2953	0
October 10, 2006 10:28:00 AM UTC	1160501280000	100	0	no	32.2	156.5	20972	20821	13802	6723	0	39058	2590	2590	0	2956	2956	0
October 10, 2006 10:29:00 AM UTC	1160501340000	100	0	no	32.3	156.8	20972	20821	13824	6628	0	39131	2644	2644	0	2955	2955	0
October 10, 2006 10:30:00 AM UTC	1160501400000	100	0	no	32.3	157.1	20972	20821	13809	6694	0	39080	2613	2613	0	2960	2960	0
October 10, 2006 10:31:00 AM UTC	1160501460000	100	0	no	32.4	157.4	20972	20821	13815	6664	0	39104	2632	2632	0	2960	2960	0
October 10, 2006 10:32:00 AM UTC	1160501520000	100	0	no	32.5	157.7	20972	20821	13814	6664	0	39105	2635	2635	0	2960	2960	0
October 10, 2006 10:33:00 AM UTC	1160501580000	100	0	no	32.5	157.9	20972	20821	13807	6762	0	39014	2596	2596	0	2963	2963	0
October 10, 2006 10:34:00 AM UTC	1160501640000	100	0	no	32.6	158.2	20972	20821	13812	6721	0	39050	2624	2624	0	2969	2969	0
October 10, 2006 10:35:00 AM UTC	1160501700000	100	0	no	32.7	158.5	20972	20821	13815	6639	0	39129	2651	2651	0	2964	2964	0
October 10, 2006 10:36:00 AM UTC	1160501760000	100	0	no	32.7	158.8	20972	20821	13815	6639	0	39129	2655	2655	0	2970	2970	0
October 10, 2006 10:37:00 AM UTC	1160501820000	100	0	no	32.8	159.1	20972	20821	13821	6611	0	39151	2674	2674	0	2970	2970	0
October 10, 2006 10:38:00 AM UTC	1160501880000	100	0	no	32.8	159.4	20972	20821	13815	6638	0	39130	2663	2663	0	2973	2973	0
October 10, 2006 10:39:00 AM UTC	1160501940000	100	0	no	32.9	159.7	20972	20821	13801	6704	0	39078	2628	2628	0	2974	2974	0
October 10, 2006 10:40:00 AM UTC	1160502000000	100	0	no	32.9	159.9	20972	20821	13821	6612	0	39150	2682	2682	0	2973	2973	0
October 10, 2006 10:41:00 AM UTC	1160502060000	100	0	no	33.0	160.2	20972	20821	13822	6569	0	39192	2684	2684	0	2980	2980	0
October 10, 2006 10:42:00 AM UTC	1160502120000	100	0	no	33.1	160.5	20972	20821	13806	6693	0	39084	2646	2646	0	2978	2978	0
October 10, 2006 10:43:00 AM UTC	1160502180000	100	0	no	33.1	160.8	20972	20821	13811	6673	0	39099	2654	2654	0	2986	2986	0
October 10, 2006 10:44:00 AM UTC	1160502240000	100	0	no	33.2	161.1	20972	20821	13827	6602	0	39154	2698	2698	0	2982	2982	0
October 10, 2006 10:45:00 AM UTC	1160502300000	100	0	no	33.2	161.4	20972	20821	13806	6693	0	39084	2651	2651	0	2986	2986	0
October 10, 2006 10:46:00 AM UTC	1160502360000	100	0	no	33.3	161.7	20972	20821	13812	6673	0	39098	2667	2667	0	2986	2986	0
October 10, 2006 10:47:00 AM UTC	1160502420000	100	0	no	33.3	162.0	20972	20821	13812	6673	0	39098	2666	2666	0	2991	2991	0
October 10, 2006 10:48:00 AM UTC	1160502480000	100	0	no	33.4	162.3	20972	20821	13812	6673	0	39098	2667	2667	0	2992	2992	0
October 10, 2006 10:49:00 AM UTC	1160502540000	100	0	no	33.4	162.6	20972	20821	13817	6651	0	39115	2686	2686	0	2996	2996	0
October 10, 2006 10:50:00 AM UTC	1160502600000	100	0	no	33.5	162.8	20972	20821	13816	6716	0	39051	2667	2667	0	2996	2996	0
October 10, 2006 10:51:00 AM UTC	1160502660000	100	0	no	33.5	163.1	20972	20821	13801	6782	0	39000	2635	2635	0	2996	2996	0
October 10, 2006 10:52:00 AM UTC	1160502720000	100	0	no	33.6	163.4	20972	20821	13817	6709	0	39057	2671	2671	0	2999	2999	0
October 10, 2006 10:53:00 AM UTC	1160502780000	100	0	no	33.6	163.7	20972	20821	13818	6632	0	39133	2696	2696	0	3004	3004	0
October 10, 2006 10:54:00 AM UTC	1160502840000	100	0	no	33.7	164.0	20972	20821	13818	6632	0	39133	2701	2701	0	2996	2996	0
October 10, 2006 10:55:00 AM UTC	1160502900000	100	0	no	33.7	164.3	20972	20821	13803	6700	0	39080	2665	2665	0	3002	3002	0
October 10, 2006 10:56:00 AM UTC	1160502960000	100	0	no	33.8	164.6	20972	20821	13808	6643	0	39132	2689	2689	0	2999	2999	0
October 10, 2006 10:57:00 AM UTC	1160503020000	100	0	no	33.8	164.9	20972	20821	13823	6574	0	39186	2722	2722	0	3008	3008	0
October 10, 2006 10:58:00 AM UTC	1160503080000	100	0	no	33.8	165.2	20972	20821	13805	6717	0	39061	2671	2671	0	3006	3006	0
October 10, 2006 10:59:00 AM UTC	1160503140000	100	0	no	33.9	165.5	20972	20821	13809	6694	0	39080	2685	2685	0	3012	3012	0
October 10, 2006 11:00:00 AM UTC	1160503200000	100	0	no	33.9	165.8	20972	20821	13809	6695	0	39079	2691	2691	0	3006	3006	0
October 10, 2006 11:01:00 AM UTC	1160503260000	100	0	no	34.0	166.1	20972	20821	13825	6626	0	39132	2727	2727	0	3012	3012	0
October 10, 2006 11:02:00 AM UTC	1160503320000	100	0	no	34.0	166.4	20972	20821	13809	6695	0	39079	2690	2690	0	3010	3010	0
October 10, 2006 11:03:00 AM UTC	1160503380000	100	0	no	34.0	166.7	20972	20821	13810	6695	0	39078	2689	2689	0	3012	3012	0
October 10, 2006 11:04:00 AM UTC	1160503440000	100	0	no	34.1	167.0	20972	20821	13810	6695	0	39078	2696	2696	0	3011	3011	0
October 10, 2006 11:05:00 AM UTC	1160503500000	100	0	no	34.1	167.3	20972	20821	13810	6695	0	39078	2694	2694	0	3015	3015	0
October 10, 2006 11:06:00 AM UTC	1160503560000	100	0	no	34.2	167.6	20972	20821	13811	6694	0	39078	2696	2696	0	3016	3016	0
October 10, 2006 11:07:00 AM UTC	1160503620000	100	0	no	34.2	167.9	20972	20821	13815	6669	0	39099	2712	2712	0	3021	3021	0
October 10, 2006 11:08:00 AM UTC	1160503680000	100	0	no	34.2	168.2	20972	20821	13815	6669	0	39099	2714	2714	0	3022	3022	0
October 10, 2006 11:09:00 AM UTC	1160503740000	100	0	no	34.3	168.5	20972	20821	13801	6707	0	39075	2680	2680	0	3018	3018	0
October 10, 2006 11:10:00 AM UTC	1160503800000	100	0	no	34.3	168.7	20972	20821	13817	6638	0	39128	2715	2715	0	3023	3023	0
October 10, 2006 11:11:00 AM UTC	1160503860000	100	0	no	34.3	169.0	20972	20821	13820	6623	0	39140	2728	2728	0	3026	3026	0
October 10, 2006 11:12:00 AM UTC	1160503920000	100	0	no	34.4	169.3	20972	20821	13820	6623	0	39140	2727	2727	0	3033	3033	0
October 10, 2006 11:13:00 AM UTC	1160503980000	100	0	no	34.4	169.6	20972	20821	13805	6693	0	39085	2690	2690	0	3029	3029	0
October 10, 2006 11:14:00 AM UTC	1160504040000	100	0	no	34.4	169.9	20972	20821	13805	6691	0	39087	2694	2694	0	3028	3028	0
October 10, 2006 11:15:00 AM UTC	1160504100000	100	0	no	34.4	170.2	20972	20821	13821	6684	0	39078	2720	2720	0	3030	3030	0
October 10, 2006 11:16:00 AM UTC	1160504160000	100	0	no	34.5	170.5	20972	20821	13824	6690	0	39069	2723	2723	0	3029	3029	0
October 10, 2006 11:17:00 AM UTC	1160504220000	100	0	no	34.5	170.8	20972	20821	13807	6759	0	39017	2683	2683	0	3032	3032	0
October 10, 2006 11:18:00 AM UTC	1160504280000	100	0	no	34.5	171.1	20972	20821	13806	6760	0	39017	2691	2691	0	3032	3032	0
October 10, 2006 11:19:00 AM UTC	1160504340000	100	0	no	34.5	171.4	20972	20821	13825	6679	0	39079	2727	2727	0	3035	3035	0
October 10, 2006 11:20:00 AM UTC	1160504400000	100	0	no	34.6	171.7	20972	20821	13826	6601	0	39156	2753	2753	0	3037	3037	0
October 10, 2006 11:21:00 AM UTC	1160504460000	100	0	no	34.6	172.0	20972	20821	13811	6636	0	39136	2717	2717	0	3034	3034	0
October 10, 2006 11:22:00 AM UTC	1160504520000	100	0	no	34.6	172.3	20972	20821	13810	6642	0	39131	2721	2721	0	3037	3037	0
October 10, 2006 11:23:00 AM UTC	1160504580000	100	0	no	34.6	172.6	20972	20821	13810	6640	0	39133	2719	2719	0	3040	3040	0
October 10, 2006 11:24:00 AM UTC	1160504640000	100	0	no	34.7	172.9	20972	20821	13825	6648	0	39110	2746	2746	0	3037	3037	0
October 10, 2006 11:25:00 AM UTC	1160504700000	100	0	no	34.7	173.2	20972	20821	13827	6647	0	39109	2746	2746	0	3044	3044	0
October 10, 2006 11:26:00 AM UTC	1160504760000	100	0	no	34.7	173.5	20972	20821	13811	6717	0	39055	2709	2709	0	3039	3039	0
October 10, 2006 11:27:00 AM UTC	1160504820000	100	0	no	34.7	173.8	20972	20821	13811	6717	0	39055	2703	2703	0	3046	3046	0
October 10, 2006 11:28:00 AM UTC	1160504880000	100	0	no	34.7	174.1	20972	20821	13812	6716	0	39055	2708	2708	0	3042	3042	0
October 10, 2006 11:29:00 AM UTC	1160504940000	100	0	no	34.7	174.4	20972	20821	13827	6645	0	39111	2745	2745	0	3047	3047	0
October 10, 2006 11:30:00 AM UTC	1160505000000	100	0	no	34.8	174.8	20972	20821	13814	6708	0	39061	2712	2712	0	3049	3049	0
October 10, 2006 11:31:00 AM UTC	1160505060000	100	0	no	34.8	175.1	20972	20821	13815	6707	0	39061	2715	2715	0	3047	3047	0
October 10, 2006 11:32:00 AM UTC	1160505120000	100	0	no	34.8	175.4	20972	20821	13819	6601	0	39163	2738	2738	0	3050	3050	0
October 10, 2006 11:33:00 AM UTC	1160505180000	100	0	no	34.8	175.7	20972	20821	13815	6682	0	39086	2720	2720	0	3045	3045	0
October 10, 2006 11:34:00 AM UTC	1160505240000	100	0	no	34.8	176.0	20972	20821	13815	6694	0	39074	2706	2706	0	3053	3053	0
October 10, 2006 11:35:00 AM UTC	1160505300000	100	0	no	34.8	176.3	20972	20821	13815	6692	0	39076	2725	2725	0	3045	3045	0
October 10, 2006 11:36:00 AM UTC	1160505360000	100	0	no	34.8	176.6	20972	20821	13816	6687	0	39080	2717	2717	0	3053	3053	0
October 10, 2006 11:37:00 AM UTC	1160505420000	100	0	no	34.8	176.9	20972	20821	13816	6687	0	39080	2727	2727	0	3048	3048	0
October 10, 2006 11:38:00 AM UTC	1160505480000	100	0	no	34.9	177.2	20972	20821	13816	6687	0	39080	2720	2720	0	3055	3055	0
October 10, 2006 11:39:00 AM UTC	1160505540000	100	0	no	34.9	177.5	20972	20821	13816	6687	0	39080	2724	2724	0	3049	3049	0
October 10, 2006 11:40:00 AM UTC	1160505600000	100	0	no	34.9	177.8	20972	20821	13816	6687	0	39080	2725	2725	0	3053	3053	0
October 10, 2006 11:41:00 AM UTC	1160505660000	100	0	no	34.9	178.1	20972	20821	13815	6687	0	39081	2724	2724	0	3048	3048	0
October 10, 2006 11:42:00 AM UTC	1160505720000	100	0	no	34.9	178.4	20972	20821	13816	6684	0	39083	2725	2725	0	3052	3052	0
October 10, 2006 11:43:00 AM UTC	1160505780000	100	0	no	34.9	178.7	20972	20821	13816	6662	0	39105	2727	2727	0	3050	3050	0
October 10, 2006 11:44:00 AM UTC	1160505840000	100	0	no	34.9	179.0	20972	20821	13816	6662	0	39105	2725	2725	0	3055	3055	0
October 10, 2006 11:45:00 AM UTC	1160505900000	100	0	no	34.9	179.3	20972	20821	13817	6662	0	39104	2729	2729	0	3049	3049	0
October 10, 2006 11:46:00 AM UTC	1160505960000	100	0	no	34.9	179.6	20972	20821	13818	6662	0	39103	2723	2723	0	3054	3054	0
October 10, 2006 11:47:00 AM UTC	1160506020000	100	0	no	34.9	179.9	20972	20821	13818	6662	0	39103	2731	2731	0	3045	3045	0
October 10, 2006 11:48:00 AM UTC	1160506080000	100	0	no	34.9	180.2	20972	20821	13818	6662	0	39103	2724	2724	0	3051	3051	0
October 10, 2006 11:49:00 AM UTC	1160506140000	100	0	no	34.9	180.5	20972	20821	13818	6662	0	39103	2730	2730	0	3051	3051	0
October 10, 2006 11:50:00 AM UTC	1160506200000	100	0	no	34.9	180.8	20972	20821	13817	6662	0	39104	2729	2729	0	3049	3049	0
October 10, 2006 11:51:00 AM UTC	1160506260000	100	0	no	34.9	181.1	20972	20821	13816	6662	0	39105	2726	2726	0	3052	3052	0
October 10, 2006 11:52:00 AM UTC	1160506320000	100	0	no	34.9	181.4	20972	20821	13816	6662	0	39105	2726	2726	0	3052	3052	0
October 10, 2006 11:53:00 AM UTC	1160506380000	100	0	no	34.9	181.7	20972	20821	13816	6684	0	39083	2726	2726	0	3053	3053	0
October 10, 2006 11:54:00 AM UTC	1160506440000	100	0	no	34.9	182.0	20972	20821	13815	6685	0	39083	2728	2728	0	3048	3048	0
October 10, 2006 11:55:00 AM UTC	1160506500000	100	0	no	34.9	182.3	20972	20821	13816	6685	0	39082	2725	2725	0	3049	3049	0
October 10, 2006 11:56:00 AM UTC	1160506560000	100	0	no	34.9	182.6	20972	20821	13816	6685	0	39082	2725	2725	0	3048	3048	0
October 10, 2006 11:57:00 AM UTC	1160506620000	100	0	no	34.8	182.9	20972	20821	13816	6685	0	39082	2721	2721	0	3048	3048	0
October 10, 2006 11:58:00 AM UTC	1160506680000	100	0	no	34.8	183.2	20972	20821	13816	6685	0	39082	2727	2727	0	3045	3045	0
October 10, 2006 11:59:00 AM UTC	1160506740000	100	0	no	34.8	183.5	20972	20821	13816	6685	0	39082	2715	2715	0	3051	3051	0
October 10, 2006 12:00:00 PM UTC	1160506800000	100	0	no	34.8	183.8	20972	20821	13815	6690	0	39078	2725	2725	0	3046	3046	0
October 10, 2006 12:01:00 PM UTC	1160506860000	100	0	no	34.8	184.1	20972	20821	13816	6687	0	39080	2717	2717	0	3048	3048	0
October 10, 2006 12:02:00 PM UTC	1160506920000	100	0	no	34.8	184.4	20972	20821	13833	6531	0	39219	2779	2779	0	3046	3046	0
October 10, 2006 12:03:00 PM UTC	1160506980000	100	0	no	34.8	184.7	20972	20821	13818	6623	0	39142	2734	2734	0	3049	3049	0
October 10, 2006 12:04:00 PM UTC	1160507040000	100	0	no	34.8	185.0	20972	20821	13815	6705	0	39063	2714	2714	0	3042	3042	0
October 10, 2006 12:05:00 PM UTC	1160507100000	100	0	no	34.7	185.3	20972	20821	13814	6705	0	39064	2713	2713	0	3046	3046	0
October 10, 2006 12:06:00 PM UTC	1160507160000	100	0	no	34.7	185.6	20972	20821	13812	6712	0	39059	2707	2707	0	3044	3044	0
October 10, 2006 12:07:00 PM UTC	1160507220000	100	0	no	34.7	185.9	20972	20821	13827	6641	0	39115	2748	2748	0	3045	3045	0
October 10, 2006 12:08:00 PM UTC	1160507280000	100	0	no	34.7	186.2	20972	20821	13811	6713	0	39059	2705	2705	0	3042	3042	0
October 10, 2006 12:09:00 PM UTC	1160507340000	100	0	no	34.7	186.5	20972	20821	13811	6713	0	39059	2708	2708	0	3045	3045	0
October 10, 2006 12:10:00 PM UTC	1160507400000	100	0	no	34.7	186.8	20972	20821	13810	6713	0	39060	2700	2700	0	3046	3046	0
October 10, 2006 12:11:00 PM UTC	1160507460000	100	0	no	34.6	187.1	20972	20821	13823	6653	0	39107	2732	2732	0	3042	3042	0
October 10, 2006 12:12:00 PM UTC	1160507520000	100	0	no	34.6	187.4	20972	20821	13826	6568	0	39189	2757	2757	0	3038	3038	0
October 10, 2006 12:13:00 PM UTC	1160507580000	100	0	no	34.6	187.7	20972	20821	13810	6639	0	39134	2722	2722	0	3034	3034	0
October 10, 2006 12:14:00 PM UTC	1160507640000	100	0	no	34.6	188.0	20972	20821	13810	6664	0	39109	2714	2714	0	3037	3037	0
October 10, 2006 12:15:00 PM UTC	1160507700000	100	0	no	34.5	188.3	20972	20821	13809	6744	0	39030	2694	2694	0	3039	3039	0
October 10, 2006 12:16:00 PM UTC	1160507760000	100	0	no	34.5	188.6	20972	20821	13822	6688	0	39073	2723	2723	0	3032	3032	0
October 10, 2006 12:17:00 PM UTC	1160507820000	100	0	no	34.5	188.9	20972	20821	13821	6686	0	39076	2724	2724	0	3037	3037	0
October 10, 2006 12:18:00 PM UTC	1160507880000	100	0	no	34.5	189.2	20972	20821	13807	6756	0	39020	2683	2683	0	3032	3032	0
October 10, 2006 12:19:00 PM UTC	1160507940000	100	0	no	34.4	189.5	20972	20821	13807	6755	0	39021	2682	2682	0	3031	3031	0
October 10, 2006 12:20:00 PM UTC	1160508000000	100	0	no	34.4	189.8	20972	20821	13821	6685	0	39077	2717	2717	0	3031	3031	0
October 10, 2006 12:21:00 PM UTC	1160508060000	100	0	no	34.4	190.1	20972	20821	13820	6621	0	39142	2731	2731	0	3026	3026	0
October 10, 2006 12:22:00 PM UTC	1160508120000	100	0	no	34.4	190.4	20972	20821	13805	6689	0	39089	2691	2691	0	3023	3023	0
October 10, 2006 12:23:00 PM UTC	1160508180000	100	0	no	34.3	190.7	20972	20821	13806	6692	0	39085	2689	2689	0	3025	3025	0
October 10, 2006 12:24:00 PM UTC	1160508240000	100	0	no	34.3	191.0	20972	20821	13820	6621	0	39142	2730	2730	0	3027	3027	0
October 10, 2006 12:25:00 PM UTC	1160508300000	100	0	no	34.3	191.3	20972	20821	13817	6634	0	39132	2714	2714	0	3026	3026	0
October 10, 2006 12:26:00 PM UTC	1160508360000	100	0	no	34.2	191.6	20972	20821	13815	6666	0	39102	2709	2709	0	3020	3020	0
October 10, 2006 12:27:00 PM UTC	1160508420000	100	0	no	34.2	191.9	20972	20821	13800	6735	0	39048	2671	2671	0	3020	3020	0
October 10, 2006 12:28:00 PM UTC	1160508480000	100	0	no	34.2	192.2	20972	20821	13813	6744	0	39026	2688	2688	0	3018	3018	0
October 10, 2006 12:29:00 PM UTC	1160508540000	100	0	no	34.1	192.5	20972	20821	13811	6690	0	39082	2690	2690	0	3018	3018	0
October 10, 2006 12:30:00 PM UTC	1160508600000	100	0	no	34.1	192.8	20972	20821	13810	6691	0	39082	2696	2696	0	3012	3012	0
October 10, 2006 12:31:00 PM UTC	1160508660000	100	0	no	34.0	193.1	20972	20821	13810	6691	0	39082	2691	2691	0	3012	3012	0
October 10, 2006 12:32:00 PM UTC	1160508720000	100	0	no	34.0	193.4	20972	20821	13810	6691	0	39082	2692	2692	0	3011	3011	0
October 10, 2006 12:33:00 PM UTC	1160508780000	100	0	no	34.0	193.7	20972	20821	13809	6691	0	39083	2685	2685	0	3010	3010	0
October 10, 2006 12:34:00 PM UTC	1160508840000	100	0	no	33.9	194.0	20972	20821	13809	6691	0	39083	2687	2687	0	3011	3011	0
October 10, 2006 12:35:00 PM UTC	1160508900000	100	0	no	33.9	194.3	20972	20821	13824	6622	0	39137	2724	2724	0	3009	3009	0
October 10, 2006 12:36:00 PM UTC	1160508960000	100	0	no	33.8	194.6	20972	20821	13809	6690	0	39084	2680	2680	0	3010	3010	0
October 10, 2006 12:37:00 PM UTC	1160509020000	100	0	no	33.8	194.9	20972	20821	13805	6714	0	39064	2668	2668	0	3003	3003	0
October 10, 2006 12:38:00 PM UTC	1160509080000	100	0	no	33.8	195.2	20972	20821	13808	6638	0	39137	2684	2684	0	3006	3006	0
October 10, 2006 12:39:00 PM UTC	1160509140000	100	0	no	33.7	195.5	20972	20821	13823	6570	0	39190	2724	2724	0	2995	2995	0
October 10, 2006 12:40:00 PM UTC	1160509200000	100	0	no	33.7	195.8	20972	20821	13803	6695	0	39085	2661	2661	0	3005	3005	0
October 10, 2006 12:41:00 PM UTC	1160509260000	100	0	no	33.6	196.1	20972	20821	13803	6696	0	39084	2664	2664	0	2994	2994	0
October 10, 2006 12:42:00 PM UTC	1160509320000	100	0	no	33.6	196.3	20972	20821	13818	6628	0	39137	2700	2700	0	2996	2996	0
October 10, 2006 12:43:00 PM UTC	1160509380000	100	0	no	33.5	196.6	20972	20821	13816	6710	0	39057	2675	2675	0	2993	2993	0
October 10, 2006 12:44:00 PM UTC	1160509440000	100	0	no	33.5	196.9	20972	20821	13801	6778	0	39004	2634	2634	0	2994	2994	0
October 10, 2006 12:45:00 PM UTC	1160509500000	100	0	no	33.4	197.2	20972	20821	13816	6718	0	39049	2663	2663	0	2991	2991	0
October 10, 2006 12:46:00 PM UTC	1160509560000	100	0	no	33.4	197.5	20972	20821	13817	6646	0	39120	2687	2687	0	2991	2991	0
October 10, 2006 12:47:00 PM UTC	1160509620000	100	0	no	33.3	197.8	20972	20821	13812	6668	0	39103	2666	2666	0	2989	2989	0
October 10, 2006 12:48:00 PM UTC	1160509680000	100	0	no	33.3	198.1	20972	20821	13812	6668	0	39103	2666	2666	0	2989	2989	0
October 10, 2006 12:49:00 PM UTC	1160509740000	100	0	no	33.2	198.4	20972	20821	13812	6668	0	39103	2661	2661	0	2985	2985	0
October 10, 2006 12:50:00 PM UTC	1160509800000	100	0	no	33.2	198.7	20972	20821	13805	6695	0	39083	2647	2647	0	2985	2985	0
October 10, 2006 12:51:00 PM UTC	1160509860000	100	0	no	33.1	199.0	20972	20821	13811	6668	0	39104	2655	2655	0	2983	2983	0
October 10, 2006 12:52:00 PM UTC	1160509920000	100	0	no	33.1	199.3	20972	20821	13825	6601	0	39157	2692	2692	0	2980	2980	0
October 10, 2006 12:53:00 PM UTC	1160509980000	100	0	no	33.0	199.5	20972	20821	13805	6695	0	39083	2636	2636	0	2976	2976	0
October 10, 2006 12:54:00 PM UTC	1160510040000	100	0	no	33.0	199.8	20972	20821	13808	6624	0	39151	2646	2646	0	2980	2980	0
October 10, 2006 12:55:00 PM UTC	1160510100000	100	0	no	32.9	200.1	20972	20821	13821	6607	0	39155	2677	2677	0	2969	2969	0
October 10, 2006 12:56:00 PM UTC	1160510160000	100	0	no	32.8	200.4	20972	20821	13801	6699	0	39083	2620	2620	0	2975	2975	0
October 10, 2006 12:57:00 PM UTC	1160510220000	100	0	no	32.8	200.7	20972	20821	13800	6702	0	39081	2620	2620	0	2971	2971	0
October 10, 2006 12:58:00 PM UTC	1160510280000	100	0	no	32.7	201.0	20972	20821	13821	6610	0	39152	2669	2669	0	2969	2969	0
October 10, 2006 12:59:00 PM UTC	1160510340000	100	0	no	32.7	201.3	20972	20821	13815	6635	0	39133	2650	2650	0	2967	2967	0
October 10, 2006 1:00:00 PM UTC	1160510400000	100	0	no	32.6	201.6	20972	20821	13799	6701	0	39083	2614	2614	0	2968	2968	0
October 10, 2006 1:01:00 PM UTC	1160510460000	100	0	no	32.5	201.8	20972	20821	13812	6716	0	39055	2622	2622	0	2966	2966	0
October 10, 2006 1:02:00 PM UTC	1160510520000	100	0	no	32.5	202.1	20972	20821	13808	6689	0	39086	2614	2614	0	2965	2965	0
October 10, 2006 1:03:00 PM UTC	1160510580000	100	0	no	32.4	202.4	20972	20821	13815	6663	0	39105	2626	2626	0	2966	2966	0
October 10, 2006 1:04:00 PM UTC	1160510640000	100	0	no	32.3	202.7	20972	20821	13809	6689	0	39085	2614	2614	0	2958	2958	0
October 10, 2006 1:05:00 PM UTC	1160510700000	100	0	no	32.3	203.0	20972	20821	13809	6689	0	39085	2608	2608	0	2960	2960	0
October 10, 2006 1:06:00 PM UTC	1160510760000	100	0	no	32.2	203.3	20972	20821	13808	6689	0	39086	2607	2607	0	2956	2956	0
October 10, 2006 1:07:00 PM UTC	1160510820000	100	0	no	32.2	203.5	20972	20821	13802	6718	0	39063	2584	2584	0	2955	2955	0
October 10, 2006 1:08:00 PM UTC	1160510880000	100	0	no	32.1	203.8	20972	20821	13809	6688	0	39086	2596	2596	0	2950	2950	0
October 10, 2006 1:09:00 PM UTC	1160510940000	100	0	no	32.0	204.1	20972	20821	13825	6624	0	39134	2627	2627	0	2948	2948	0
October 10, 2006 1:10:00 PM UTC	1160511000000	100	0	no	31.9	204.4	20972	20821	13818	6602	0	39163	2607	2607	0	2950	2950	0
October 10, 2006 1:11:00 PM UTC	1160511060000	100	0	no	31.9	204.7	20972	20821	13805	6663	0	39115	2585	2585	0	2943	2943	0
October 10, 2006 1:12:00 PM UTC	1160511120000	100	0	no	31.8	205.0	20972	20821	13810	6633	0	39140	2596	2596	0	2947	2947	0
October 10, 2006 1:13:00 PM UTC	1160511180000	100	0	no	31.7	205.2	20972	20821	13818	6601	0	39164	2615	2615	0	2942	2942	0
October 10, 2006 1:14:00 PM UTC	1160511240000	100	0	no	31.7	205.5	20972	20821	13802	6715	0	39066	2558	2558	0	2943	2943	0
October 10, 2006 1:15:00 PM UTC	1160511300000	100	0	no	31.6	205.8	20972	20821	13810	6684	0	39089	2574	2574	0	2942	2942	0
October 10, 2006 1:16:00 PM UTC	1160511360000	100	0	no	31.5	206.1	20972	20821	13810	6684	0	39089	2569	2569	0	2940	2940	0
October 10, 2006 1:17:00 PM UTC	1160511420000	100	0	no	31.4	206.3	20972	20821	13826	6621	0	39136	2597	2597	0	2937	2937	0
October 10, 2006 1:18:00 PM UTC	1160511480000	100	0	no	31.4	206.6	20972	20821	13813	6638	0	39132	2576	2576	0	2933	2933	0
October 10, 2006 1:19:00 PM UTC	1160511540000	100	0	no	31.3	206.9	20972	20821	13811	6638	0	39134	2570	2570	0	2933	2933	0
October 10, 2006 1:19:54 PM UTC	1160511594000	100	0	no	31.2	207.1	20972	20821	13817	6611	0	39155	2582	2582	0	2932	2932	0
October 10, 2006 1:21:00 PM UTC	1160511660000	100	0	no	31.1	207.5	20972	20821	13803	6676	0	39104	2546	2546	0	2930	2930	0
October 10, 2006 1:22:00 PM UTC	1160511720000	100	0	no	31.1	207.7	20972	20821	13826	6573	0	39184	2589	2589	0	2928	2928	0
October 10, 2006 1:23:00 PM UTC	1160511780000	100	0	no	31.0	208.0	20972	20821	13818	6611	0	39154	2567	2567	0	2927	2927	0
October 10, 2006 1:24:00 PM UTC	1160511840000	100	0	no	30.9	208.3	20972	20821	13803	6674	0	39106	2529	2529	0	2929	2929	0
October 10, 2006 1:25:00 PM UTC	1160511900000	100	0	no	30.8	208.6	20972	20821	13808	6718	0	39057	2531	2531	0	2925	2925	0
October 10, 2006 1:26:00 PM UTC	1160511960000	100	0	no	30.8	208.8	20972	20821	13817	6650	0	39116	2541	2541	0	2929	2929	0
October 10, 2006 1:27:00 PM UTC	1160512020000	100	0	no	30.7	209.1	20972	20821	13809	6685	0	39089	2525	2525	0	2918	2918	0
October 10, 2006 1:28:00 PM UTC	1160512080000	100	0	no	30.6	209.4	20972	20821	13809	6685	0	39089	2517	2517	0	2916	2916	0
October 10, 2006 1:29:00 PM UTC	1160512140000	100	0	no	30.5	209.6	20972	20821	13823	6623	0	39137	2542	2542	0	2919	2919	0
October 10, 2006 1:30:00 PM UTC	1160512200000	100	0	no	30.4	209.9	20972	20821	13809	6685	0	39089	2510	2510	0	2916	2916	0
October 10, 2006 1:31:00 PM UTC	1160512260000	100	0	no	30.3	210.2	20972	20821	13809	6685	0	39089	2503	2503	0	2921	2921	0
October 10, 2006 1:32:00 PM UTC	1160512320000	100	0	no	30.3	210.5	20972	20821	13816	6660	0	39107	2511	2511	0	2915	2915	0
October 10, 2006 1:33:00 PM UTC	1160512380000	100	0	no	30.2	210.7	20972	20821	13801	6721	0	39061	2468	2468	0	2919	2919	0
October 10, 2006 1:34:00 PM UTC	1160512440000	100	0	no	30.1	211.0	20972	20821	13822	6622	0	39139	2514	2514	0	2913	2913	0
October 10, 2006 1:35:00 PM UTC	1160512500000	100	0	no	30.0	211.3	20972	20821	13815	6626	0	39142	2499	2499	0	2912	2912	0
October 10, 2006 1:36:00 PM UTC	1160512560000	100	0	no	29.9	211.5	20972	20821	13815	6626	0	39142	2496	2496	0	2913	2913	0
October 10, 2006 1:37:00 PM UTC	1160512620000	100	0	no	29.8	211.8	20972	20821	13806	6665	0	39112	2474	2474	0	2908	2908	0
October 10, 2006 1:38:00 PM UTC	1160512680000	100	0	no	29.7	212.1	20972	20821	13828	6566	0	39189	2513	2513	0	2912	2912	0
October 10, 2006 1:39:00 PM UTC	1160512740000	100	0	no	29.7	212.3	20972	20821	13805	6665	0	39113	2461	2461	0	2905	2905	0
October 10, 2006 1:40:00 PM UTC	1160512800000	100	0	no	29.6	212.6	20972	20821	13805	6724	0	39054	2438	2438	0	2914	2914	0
October 10, 2006 1:41:00 PM UTC	1160512860000	100	0	no	29.5	212.9	20972	20821	13810	6682	0	39091	2454	2454	0	2908	2908	0
October 10, 2006 1:42:00 PM UTC	1160512920000	100	0	no	29.4	213.1	20972	20821	13805	6724	0	39054	2434	2434	0	2906	2906	0
October 10, 2006 1:43:00 PM UTC	1160512980000	100	0	no	29.3	213.4	20972	20821	13818	6630	0	39135	2461	2461	0	2910	2910	0
October 10, 2006 1:44:00 PM UTC	1160513040000	100	0	no	29.2	213.7	20972	20821	13797	6730	0	39056	2405	2405	0	2902	2902	0
October 10, 2006 1:45:00 PM UTC	1160513100000	100	0	no	29.1	213.9	20972	20821	13818	6631	0	39134	2447	2447	0	2904	2904	0
October 10, 2006 1:46:00 PM UTC	1160513160000	100	0	no	29.0	214.2	20972	20821	13810	6673	0	39100	2422	2422	0	2903	2903	0
October 10, 2006 1:47:00 PM UTC	1160513220000	100	0	no	28.9	214.5	20972	20821	13810	6673	0	39100	2418	2418	0	2904	2904	0
October 10, 2006 1:48:00 PM UTC	1160513280000	100	0	no	28.8	214.7	20972	20821	13810	6673	0	39100	2409	2409	0	2907	2907	0
October 10, 2006 1:49:00 PM UTC	1160513340000	98	2	no	28.7	215.0	20972	20821	13810	6673	0	39100	2404	2404	0	2890	2890	0
October 10, 2006 1:50:00 PM UTC	1160513400000	93	7	no	28.6	215.2	20972	20821	13810	6673	0	39100	2398	2395	0	2902	2900	2
October 10, 2006 1:51:00 PM UTC	1160513460000	89	11	no	28.5	215.5	20972	20821	13825	6595	0	39163	2430	2421	0	2893	2893	0
October 10, 2006 1:52:00 PM UTC	1160513520000	93	7	no	28.4	215.8	20972	20821	13811	6667	0	39105	2388	2388	0	2904	2904	0
October 10, 2006 1:53:00 PM UTC	1160513580000	100	0	no	28.3	216.0	20972	20821	13814	6638	0	39131	2389	2389	0	2897	2897	0
October 10, 2006 1:54:00 PM UTC	1160513640000	100	0	no	28.2	216.3	20972	20821	13812	6652	0	39119	2378	2378	0	2906	2906	0
October 10, 2006 1:55:00 PM UTC	1160513700000	100	0	no	28.1	216.5	20972	20821	13815	6638	0	39130	2371	2371	0	2901	2901	0
October 10, 2006 1:56:00 PM UTC	1160513760000	100	0	no	28.0	216.8	20972	20821	13815	6638	0	39130	2372	2372	0	2899	2899	0
October 10, 2006 1:57:00 PM UTC	1160513820000	100	0	no	27.9	217.0	20972	20821	13806	6682	0	39095	2339	2339	0	2906	2906	0
October 10, 2006 1:58:00 PM UTC	1160513880000	100	0	no	27.8	217.3	20972	20821	13816	6637	0	39130	2355	2355	0	2900	2900	0
October 10, 2006 1:59:00 PM UTC	1160513940000	100	0	no	27.7	217.6	20972	20821	13808	6625	0	39150	2337	2337	0	2906	2906	0
October 10, 2006 2:00:00 PM UTC	1160514000000	100	0	no	27.6	217.8	20972	20821	13806	6665	0	39112	2324	2324	0	2901	2901	0
October 10, 2006 2:01:00 PM UTC	1160514060000	100	0	no	27.5	218.1	20972	20821	13828	6564	0	39191	2364	2364	0	2903	2903	0
October 10, 2006 2:02:00 PM UTC	1160514120000	100	0	no	27.4	218.3	20972	20821	13807	6661	0	39115	2313	2313	0	2898	2898	0
October 10, 2006 2:03:00 PM UTC	1160514180000	100	0	no	27.3	218.6	20972	20821	13820	6606	0	39157	2327	2327	0	2902	2902	0
October 10, 2006 2:04:00 PM UTC	1160514240000	100	0	no	27.2	218.8	20972	20821	13820	6606	0	39157	2314	2314	0	2904	2904	0
October 10, 2006 2:05:00 PM UTC	1160514300000	100	0	no	27.1	219.1	20972	20821	13820	6606	0	39157	2311	2311	0	2903	2903	0
October 10, 2006 2:06:00 PM UTC	1160514360000	100	0	no	27.0	219.3	20972	20821	13810	6652	0	39121	2284	2284	0	2904	2904	0
October 10, 2006 2:07:00 PM UTC	1160514420000	100	0	no	26.9	219.6	20972	20821	13823	6549	0	39211	2310	2310	0	2902	2902	0
October 10, 2006 2:08:00 PM UTC	1160514480000	100	0	no	26.8	219.8	20972	20821	13822	6582	0	39179	2292	2292	0	2901	2901	0
October 10, 2006 2:09:00 PM UTC	1160514540000	100	0	no	26.7	220.1	20972	20821	13810	6635	0	39138	2264	2264	0	2904	2904	0
October 10, 2006 2:10:00 PM UTC	1160514600000	100	0	no	26.6	220.3	20972	20821	13823	6582	0	39178	2284	2282	0	2899	2899	0
October 10, 2006 2:11:00 PM UTC	1160514660000	100	0	no	26.5	220.6	20972	20821	13811	6636	0	39136	2246	2245	0	2903	2903	0
October 10, 2006 2:12:00 PM UTC	1160514720000	100	0	no	26.4	220.8	20972	20821	13814	6630	0	39139	2241	2241	0	2901	2901	0
October 10, 2006 2:13:00 PM UTC	1160514780000	100	0	no	26.3	221.1	20972	20821	13810	6635	0	39138	2234	2230	0	2906	2906	0
October 10, 2006 2:14:00 PM UTC	1160514840000	100	0	no	26.2	221.3	20972	20821	13811	6630	0	39142	2228	2227	0	2905	2905	0
October 10, 2006 2:15:00 PM UTC	1160514900000	100	0	no	26.0	221.6	20972	20821	13822	6582	0	39179	2239	2239	0	2906	2906	0
October 10, 2006 2:16:00 PM UTC	1160514960000	100	0	no	25.9	221.8	20972	20821	13813	6581	0	39189	2225	2225	0	2902	2902	0
October 10, 2006 2:17:00 PM UTC	1160515020000	100	0	no	25.8	222.1	20972	20821	13823	6570	0	39190	2224	2224	0	2912	2912	0
October 10, 2006 2:18:00 PM UTC	1160515080000	100	0	no	25.7	222.3	20972	20821	13821	6576	0	39186	2223	2222	0	2903	2903	0
October 10, 2006 2:19:00 PM UTC	1160515140000	100	0	no	25.6	222.6	20972	20821	13822	6571	0	39190	2211	2211	0	2911	2911	0
October 10, 2006 2:20:00 PM UTC	1160515200000	100	0	no	25.5	222.8	20972	20821	13822	6571	0	39190	2201	2201	0	2910	2910	0
October 10, 2006 2:21:00 PM UTC	1160515260000	100	0	no	25.4	223.1	20972	20821	13821	6572	0	39190	2195	2195	0	2911	2911	0
October 10, 2006 2:22:00 PM UTC	1160515320000	100	0	no	25.3	223.3	20972	20821	13821	6572	0	39190	2187	2187	0	2914	2914	0
October 10, 2006 2:23:00 PM UTC	1160515380000	100	0	no	25.1	223.5	20972	20821	13809	6621	0	39153	2141	2141	0	2916	2916	0
October 10, 2006 2:24:00 PM UTC	1160515440000	100	0	no	25.0	223.8	20972	20821	13822	6579	0	39182	2169	2169	0	2913	2913	0
October 10, 2006 2:25:00 PM UTC	1160515500000	100	0	no	24.9	224.0	20972	20821	13835	6472	0	39276	2196	2193	0	2912	2912	0
October 10, 2006 2:26:00 PM UTC	1160515560000	100	0	no	24.8	224.3	20972	20821	13810	6618	0	39155	2121	2121	0	2914	2914	0
October 10, 2006 2:27:00 PM UTC	1160515620000	100	0	no	24.7	224.5	20972	20821	13822	6568	0	39193	2142	2134	0	2918	2918	0
October 10, 2006 2:28:00 PM UTC	1160515680000	100	0	no	24.6	224.8	20972	20821	13809	6618	0	39156	2110	2105	0	2921	2921	0
October 10, 2006 2:29:00 PM UTC	1160515740000	100	0	no	24.4	225.0	20972	20821	13822	6568	0	39193	2122	2119	0	2922	2922	0
October 10, 2006 2:30:00 PM UTC	1160515800000	100	0	no	24.3	225.2	20972	20821	13822	6568	0	39193	2121	2117	0	2920	2920	0
October 10, 2006 2:31:00 PM UTC	1160515860000	100	0	no	24.2	225.5	20972	20821	13811	6618	0	39154	2081	2046	0	2928	2928	0
October 10, 2006 2:32:00 PM UTC	1160515920000	100	0	no	24.1	225.7	20972	20821	13822	6568	0	39193	2098	2071	0	2930	2930	0
October 10, 2006 2:33:00 PM UTC	1160515980000	99	1	no	24.0	226.0	20972	20821	13812	6566	0	39205	2080	2041	0	2926	2925	1
October 10, 2006 2:34:00 PM UTC	1160516040000	99	1	no	23.8	226.2	20972	20821	13812	6566	0	39205	2068	2058	0	2927	2927	0
October 10, 2006 2:35:00 PM UTC	1160516100000	100	0	no	23.7	226.4	20972	20821	13822	6577	0	39184	2070	2070	0	2929	2929	0
October 10, 2006 2:36:00 PM UTC	1160516160000	100	0	no	23.6	226.7	20972	20821	13812	6626	0	39145	2039	2039	0	2935	2935	0
October 10, 2006 2:37:00 PM UTC	1160516220000	100	0	no	23.5	226.9	20972	20821	13822	6577	0	39184	2053	2053	0	2932	2932	0
October 10, 2006 2:38:00 PM UTC	1160516280000	100	0	no	23.4	227.1	20972	20821	13822	6577	0	39184	2041	2041	0	2938	2937	1
October 10, 2006 2:39:00 PM UTC	1160516340000	100	0	no	23.2	227.4	20972	20821	13809	6631	0	39143	2007	2007	0	2939	2939	0
October 10, 2006 2:40:00 PM UTC	1160516400000	100	0	no	23.1	227.6	20972	20821	13822	6577	0	39184	2023	2023	0	2943	2943	0
October 10, 2006 2:41:00 PM UTC	1160516460000	100	0	no	23.0	227.8	20972	20821	13821	6585	0	39177	2010	2010	0	2944	2939	5
October 10, 2006 2:42:00 PM UTC	1160516520000	100	0	no	22.9	228.1	20972	20821	13810	6599	0	39174	1987	1982	0	2948	2948	0
October 10, 2006 2:43:00 PM UTC	1160516580000	99	1	no	22.7	228.3	20972	20821	13824	6536	0	39223	1997	1996	0	2952	2910	42
October 10, 2006 2:44:00 PM UTC	1160516640000	100	0	no	22.6	228.5	20972	20821	13824	6536	0	39223	1989	1970	0	2953	2942	11
October 10, 2006 2:45:00 PM UTC	1160516700000	100	0	no	22.5	228.8	20972	20821	13808	6641	0	39134	1952	1917	0	2953	2945	8
October 10, 2006 2:46:00 PM UTC	1160516760000	98	2	no	22.4	229.0	20972	20821	13820	6595	0	39168	1955	1826	0	2964	2920	43
October 10, 2006 2:47:00 PM UTC	1160516820000	98	1	no	22.2	229.2	20972	20821	13808	6652	0	39123	1932	1577	14	2957	2939	18
October 10, 2006 2:48:00 PM UTC	1160516880000	98	1	no	22.1	229.5	20972	20821	13820	6595	7	39161	1938	1519	35	2969	2966	3
October 10, 2006 2:49:00 PM UTC	1160516940000	99	1	no	22.0	229.7	20972	20821	13808	6654	6	39115	1905	1711	0	2966	2965	1
October 10, 2006 2:50:00 PM UTC	1160517000000	98	1	no	21.9	229.9	20972	20821	13830	6552	7	39194	1935	1832	2	2974	2960	14
October 10, 2006 2:51:00 PM UTC	1160517060000	99	1	no	21.7	230.2	20972	20821	13809	6616	0	39158	1895	1889	0	2975	2975	0
October 10, 2006 2:52:00 PM UTC	1160517120000	99	1	no	21.6	230.4	20972	20821	13821	6558	0	39204	1902	1902	0	2980	2980	0
October 10, 2006 2:53:00 PM UTC	1160517180000	99	1	no	21.5	230.6	20972	20821	13832	6513	0	39238	1909	1909	0	2987	2987	0
October 10, 2006 2:54:00 PM UTC	1160517240000	97	3	no	21.3	230.8	20972	20821	13806	6665	0	39112	1851	1851	0	2987	2987	0
October 10, 2006 2:55:00 PM UTC	1160517300000	99	1	no	21.2	231.1	20972	20821	13829	6564	0	39190	1885	1885	0	2990	2990	0
October 10, 2006 2:56:00 PM UTC	1160517360000	100	0	no	21.1	231.3	20972	20821	13818	6621	0	39144	1845	1845	0	3000	3000	0
October 10, 2006 2:57:00 PM UTC	1160517420000	100	0	no	21.0	231.5	20972	20821	13818	6621	0	39144	1843	1843	0	2995	2995	0
October 10, 2006 2:58:00 PM UTC	1160517480000	100	0	no	20.8	231.7	20972	20821	13817	6621	0	39145	1826	1826	0	3002	3002	0
October 10, 2006 2:59:00 PM UTC	1160517540000	100	0	no	20.7	232.0	20972	20821	13828	6579	0	39176	1839	1839	0	3006	3006	0
October 10, 2006 3:00:00 PM UTC	1160517600000	100	0	no	20.6	232.2	20972	20821	13818	6588	0	39177	1817	1817	0	3006	3006	0
October 10, 2006 3:01:00 PM UTC	1160517660000	100	0	no	20.4	232.4	20972	20821	13818	6588	0	39177	1813	1813	0	3009	3009	0
October 10, 2006 3:02:00 PM UTC	1160517720000	100	0	no	20.3	232.6	20972	20821	13815	6604	0	39164	1792	1792	0	3012	3012	0
October 10, 2006 3:03:00 PM UTC	1160517780000	100	0	no	20.2	232.9	20972	20821	13828	6545	0	39210	1800	1800	0	3023	3023	0
October 10, 2006 3:04:00 PM UTC	1160517840000	100	0	no	20.0	233.1	20972	20821	13812	6662	0	39109	1763	1763	0	3020	3020	0
October 10, 2006 3:05:00 PM UTC	1160517900000	100	0	no	19.9	233.3	20972	20821	13825	6601	0	39157	1771	1771	0	3030	3030	0
October 10, 2006 3:06:00 PM UTC	1160517960000	100	0	no	19.8	233.5	20972	20821	13822	6617	0	39144	1750	1750	0	3033	3033	0
October 10, 2006 3:07:00 PM UTC	1160518020000	100	0	no	19.6	233.8	20972	20821	13812	6661	0	39110	1728	1727	0	3042	3042	0
October 10, 2006 3:08:00 PM UTC	1160518080000	100	0	no	19.5	234.0	20972	20821	13811	6661	0	39111	1717	1717	0	3043	3043	0
October 10, 2006 3:09:00 PM UTC	1160518140000	100	0	no	19.4	234.2	20972	20821	13820	6620	0	39143	1720	1715	0	3051	3051	0
October 10, 2006 3:10:00 PM UTC	1160518200000	100	0	no	19.2	234.4	20972	20821	13821	6593	0	39169	1719	1712	0	3055	3055	0
October 10, 2006 3:11:00 PM UTC	1160518260000	100	0	no	19.1	234.6	20972	20821	13821	6593	2	39167	1707	1655	0	3052	3052	0
October 10, 2006 3:12:00 PM UTC	1160518320000	100	0	no	19.0	234.9	20972	20821	13806	6654	12	39111	1674	1632	0	3068	3068	0
October 10, 2006 3:13:00 PM UTC	1160518380000	100	0	no	18.8	235.1	20972	20821	13821	6593	7	39162	1682	1641	0	3059	3059	0
October 10, 2006 3:14:00 PM UTC	1160518440000	100	0	no	18.7	235.3	20972	20821	13806	6709	5	39063	1645	1603	0	3070	3070	0
October 10, 2006 3:15:00 PM UTC	1160518500000	100	0	no	18.5	235.5	20972	20821	13821	6649	3	39110	1644	1596	0	3087	3087	0
October 10, 2006 3:16:00 PM UTC	1160518560000	100	0	no	18.4	235.7	20972	20821	13815	6666	8	39094	1637	1571	0	3077	3077	0
October 10, 2006 3:17:00 PM UTC	1160518620000	100	0	no	18.3	236.0	20972	20821	13815	6666	6	39096	1620	1571	0	3098	3087	11
October 10, 2006 3:18:00 PM UTC	1160518680000	100	0	no	18.1	236.2	20972	20821	13805	6709	0	39069	1595	1560	0	3093	3093	0
October 10, 2006 3:19:00 PM UTC	1160518740000	99	0	no	18.0	236.4	20972	20821	13815	6644	0	39124	1609	1527	0	3104	3104	0
October 10, 2006 3:20:00 PM UTC	1160518800000	99	0	no	17.9	236.6	20972	20821	13815	6644	7	39117	1597	1420	0	3106	3105	1
October 10, 2006 3:21:00 PM UTC	1160518860000	99	0	no	17.7	236.8	20972	20821	13815	6644	22	39102	1583	1373	0	3113	3111	2
October 10, 2006 3:22:00 PM UTC	1160518920000	99	0	no	17.6	237.0	20972	20821	13814	6643	76	39050	1575	1172	1	3117	3117	0
October 10, 2006 3:23:00 PM UTC	1160518980000	98	1	no	17.4	237.3	20972	20821	13814	6643	83	39043	1560	1098	34	3129	3128	0
October 10, 2006 3:24:00 PM UTC	1160519040000	95	4	no	17.3	237.5	20972	20821	13807	6722	83	38971	1530	1021	74	3131	3094	33
October 10, 2006 3:25:00 PM UTC	1160519100000	94	5	no	17.2	237.7	20972	20821	13822	6660	89	39012	1549	1124	51	3135	2895	235
October 10, 2006 3:26:00 PM UTC	1160519160000	93	6	no	17.0	237.9	20972	20821	13808	6667	83	39025	1514	1062	83	3150	2851	298
October 10, 2006 3:27:00 PM UTC	1160519220000	94	6	no	16.9	238.1	20972	20821	13820	6604	93	39066	1523	808	320	3152	2979	172
October 10, 2006 3:28:00 PM UTC	1160519280000	97	2	no	16.7	238.3	20972	20821	13808	6666	33	39076	1489	1312	0	3165	3160	5
October 10, 2006 3:29:00 PM UTC	1160519340000	97	3	no	16.6	238.5	20972	20821	13809	6645	0	39129	1487	1484	0	3166	3166	0
October 10, 2006 3:30:00 PM UTC	1160519400000	99	1	no	16.5	238.7	20972	20821	13817	6609	0	39157	1483	1483	0	3180	3180	0
October 10, 2006 3:31:00 PM UTC	1160519460000	100	0	no	16.3	239.0	20972	20821	13810	6640	0	39133	1465	1465	0	3184	3184	0
October 10, 2006 3:32:00 PM UTC	1160519520000	99	1	no	16.2	239.2	20972	20821	13808	6645	0	39130	1446	1446	0	3194	3176	18
October 10, 2006 3:33:00 PM UTC	1160519580000	99	1	no	16.0	239.4	20972	20821	13817	6609	1	39156	1450	1449	0	3197	3189	8
October 10, 2006 3:34:00 PM UTC	1160519640000	98	2	no	15.9	239.6	20972	20821	13817	6609	0	39157	1441	1437	0	3201	3162	39
October 10, 2006 3:35:00 PM UTC	1160519700000	98	2	no	15.7	239.8	20972	20821	13814	6671	0	39098	1417	1417	0	3213	3187	26
October 10, 2006 3:36:00 PM UTC	1160519760000	98	2	no	15.6	240.0	20972	20821	13801	6734	1	39047	1387	1380	0	3218	3180	38
October 10, 2006 3:37:00 PM UTC	1160519820000	95	5	no	15.4	240.2	20972	20821	13816	6670	3	39094	1397	1290	0	3228	3178	50
October 10, 2006 3:38:00 PM UTC	1160519880000	95	5	no	15.3	240.4	20972	20821	13801	6734	8	39040	1361	1244	0	3240	3239	1
October 10, 2006 3:39:00 PM UTC	1160519940000	98	2	no	15.2	240.6	20972	20821	13824	6616	0	39143	1383	1383	0	3251	3251	0
October 10, 2006 3:40:00 PM UTC	1160520000000	98	2	no	15.0	240.8	20972	20821	13801	6715	0	39067	1346	1346	0	3253	3252	1
October 10, 2006 3:41:00 PM UTC	1160520060000	96	3	no	14.9	241.1	20972	20821	13801	6715	0	39067	1325	1252	0	3271	3269	2
October 10, 2006 3:42:00 PM UTC	1160520120000	91	8	no	14.7	241.3	20972	20821	13810	6681	0	39092	1331	1192	0	3274	3168	105
October 10, 2006 3:43:00 PM UTC	1160520180000	94	6	no	14.6	241.5	20972	20821	13813	6604	0	39166	1321	1305	0	3291	3150	141
October 10, 2006 3:44:00 PM UTC	1160520240000	97	3	no	14.4	241.7	20972	20821	13811	6606	0	39166	1313	1313	0	3295	3249	46
October 10, 2006 3:45:00 PM UTC	1160520300000	99	1	no	14.3	241.9	20972	20821	13810	6604	0	39169	1304	1304	0	3304	3297	7
October 10, 2006 3:46:00 PM UTC	1160520360000	99	1	no	14.1	242.1	20972	20821	13809	6669	0	39105	1283	1283	0	3316	3316	0
October 10, 2006 3:47:00 PM UTC	1160520420000	99	1	no	14.0	242.3	20972	20821	13809	6669	0	39105	1273	1273	0	3325	3325	0
October 10, 2006 3:48:00 PM UTC	1160520480000	97	3	no	13.8	242.5	20972	20821	13809	6669	0	39105	1257	1257	0	3340	3340	0
October 10, 2006 3:49:00 PM UTC	1160520540000	96	3	no	13.7	242.7	20972	20821	13817	6633	0	39133	1259	1235	0	3345	3326	19
October 10, 2006 3:50:00 PM UTC	1160520600000	95	4	no	13.5	242.9	20972	20821	13801	6681	0	39101	1226	1141	0	3354	3256	98
October 10, 2006 3:51:00 PM UTC	1160520660000	92	7	no	13.4	243.1	20972	20821	13817	6616	0	39150	1234	1133	0	3368	3199	164
October 10, 2006 3:52:00 PM UTC	1160520720000	86	14	no	13.2	243.3	20972	20821	13802	6682	0	39099	1197	1063	0	3387	3205	182
October 10, 2006 3:53:00 PM UTC	1160520780000	75	24	no	13.1	243.5	20972	20821	13817	6616	0	39150	1210	990	0	3391	3287	88
October 10, 2006 3:54:00 PM UTC	1160520840000	66	33	no	12.9	243.7	20972	20821	13803	6682	0	39098	1172	918	0	3407	3359	42
October 10, 2006 3:55:00 PM UTC	1160520900000	67	33	no	12.8	243.9	20972	20821	13810	6647	1	39125	1179	1038	0	3412	3402	10
October 10, 2006 3:56:00 PM UTC	1160520960000	58	41	no	12.6	244.1	20972	20821	13825	6584	5	39169	1185	870	0	3422	3352	37
October 10, 2006 3:57:00 PM UTC	1160521020000	55	45	no	12.5	244.3	20972	20821	13801	6748	5	39029	1136	946	0	3437	3063	342
October 10, 2006 3:58:00 PM UTC	1160521080000	50	50	no	12.3	244.5	20972	20821	13822	6600	26	39135	1158	864	0	3446	3034	403
October 10, 2006 3:59:00 PM UTC	1160521140000	52	47	no	12.2	244.7	20972	20821	13808	6665	0	39110	1124	1039	0	3461	3197	264
October 10, 2006 4:00:00 PM UTC	1160521200000	57	42	no	12.0	244.9	20972	20821	13824	6597	0	39162	1132	966	0	3474	3405	59
October 10, 2006 4:01:00 PM UTC	1160521260000	68	32	no	11.9	245.1	20972	20821	13808	6656	0	39119	1102	1053	0	3486	3381	105
October 10, 2006 4:02:00 PM UTC	1160521320000	68	32	no	11.7	245.3	20972	20821	13815	6620	0	39148	1102	1019	0	3496	3181	312
October 10, 2006 4:03:00 PM UTC	1160521380000	70	30	no	11.6	245.5	20972	20821	13809	6649	0	39125	1076	1043	0	3514	3312	202
October 10, 2006 4:04:00 PM UTC	1160521440000	75	25	no	11.4	245.7	20972	20821	13809	6649	0	39125	1071	1068	0	3520	3511	9
October 10, 2006 4:05:00 PM UTC	1160521500000	78	22	no	11.3	245.9	20972	20821	13815	6621	0	39147	1065	1065	0	3533	3527	6
October 10, 2006 4:06:00 PM UTC	1160521560000	77	23	no	11.1	246.1	20972	20821	13815	6621	0	39147	1055	1055	0	3542	3522	20
October 10, 2006 4:07:00 PM UTC	1160521620000	74	26	no	11.0	246.3	20972	20821	13815	6621	0	39147	1045	1045	0	3552	3483	69
October 10, 2006 4:08:00 PM UTC	1160521680000	67	33	no	10.8	246.5	20972	20821	13815	6621	0	39147	1029	1029	0	3568	3505	63
October 10, 2006 4:09:00 PM UTC	1160521740000	63	37	no	10.7	246.7	20972	20821	13805	6728	0	39050	1003	1003	0	3574	3547	27
October 10, 2006 4:10:00 PM UTC	1160521800000	57	43	no	10.5	246.9	20972	20821	13813	6687	0	39083	1001	1001	0	3589	3536	52
October 10, 2006 4:11:00 PM UTC	1160521860000	63	37	no	10.4	247.1	20972	20821	13799	6754	0	39030	973	971	0	3598	3582	13
October 10, 2006 4:12:00 PM UTC	1160521920000	56	44	no	10.2	247.3	20972	20821	13816	6661	0	39106	983	980	0	3614	3526	74
October 10, 2006 4:13:00 PM UTC	1160521980000	57	43	no	10.1	247.5	20972	20821	13805	6715	0	39063	956	956	0	3626	3537	78
October 10, 2006 4:14:00 PM UTC	1160522040000	53	47	no	9.9	247.7	20972	20821	13821	6648	0	39114	965	961	0	3637	3519	95
October 10, 2006 4:15:00 PM UTC	1160522100000	49	51	no	9.8	247.9	20972	20821	13805	6716	0	39062	931	930	0	3651	3535	106
October 10, 2006 4:16:00 PM UTC	1160522160000	45	55	no	9.6	248.1	20972	20821	13826	6621	0	39136	946	944	0	3664	3471	121
October 10, 2006 4:17:00 PM UTC	1160522220000	42	58	no	9.4	248.3	20972	20821	13805	6715	0	39063	904	833	0	3678	3450	187
October 10, 2006 4:18:00 PM UTC	1160522280000	42	58	no	9.3	248.5	20972	20821	13806	6635	0	39142	902	820	0	3682	3380	178
October 10, 2006 4:19:00 PM UTC	1160522340000	42	57	no	9.1	248.7	20972	20821	13808	6635	0	39140	884	730	0	3706	3465	157
October 10, 2006 4:20:00 PM UTC	1160522400000	37	62	no	9.0	248.9	20972	20821	13813	6608	0	39162	882	678	0	3715	3296	256
October 10, 2006 4:21:00 PM UTC	1160522460000	32	67	no	8.8	249.1	20972	20821	13812	6679	0	39092	867	559	0	3722	3501	42
October 10, 2006 4:22:00 PM UTC	1160522520000	24	74	no	8.7	249.3	20972	20821	13812	6679	26	39066	852	390	0	3740	3114	392
October 10, 2006 4:23:00 PM UTC	1160522580000	25	74	no	8.5	249.5	20972	20821	13812	6671	24	39076	846	403	0	3747	3045	502
October 10, 2006 4:24:00 PM UTC	1160522640000	30	69	no	8.4	249.7	20972	20821	13818	6601	0	39164	839	548	0	3761	3162	385
October 10, 2006 4:25:00 PM UTC	1160522700000	30	69	no	8.2	249.9	20972	20821	13798	6694	0	39091	809	584	0	3768	3238	350
October 10, 2006 4:26:00 PM UTC	1160522760000	32	67	no	8.0	250.1	20972	20821	13813	6626	0	39144	807	642	0	3790	3327	334
October 10, 2006 4:27:00 PM UTC	1160522820000	33	66	no	7.9	250.3	20972	20821	13796	6696	0	39091	782	642	0	3795	3124	384
October 10, 2006 4:28:00 PM UTC	1160522880000	34	65	no	7.7	250.5	20972	20821	13812	6626	0	39145	787	674	0	3809	2944	357
October 10, 2006 4:29:00 PM UTC	1160522940000	33	64	no	7.6	250.7	20972	20821	13818	6602	2	39161	775	431	0	3826	2929	284
October 10, 2006 4:30:00 PM UTC	1160523000000	25	71	no	7.4	250.9	20972	20821	13818	6599	66	39100	771	53	0	3830	2160	658
October 10, 2006 4:31:00 PM UTC	1160523060000	22	73	no	7.3	251.1	20972	20821	13818	6599	84	39082	753	0	0	3848	865	1597
October 10, 2006 4:32:00 PM UTC	1160523120000	24	68	no	7.1	251.3	20972	20821	13818	6599	83	39083	745	0	0	3857	484	1576
October 10, 2006 4:33:00 PM UTC	1160523180000	34	57	no	6.9	251.4	20972	20821	13822	6650	81	39030	730	3	0	3867	268	1484
October 10, 2006 4:34:00 PM UTC	1160523240000	37	52	no	6.8	251.6	20972	20821	13804	6721	77	38981	706	11	0	3874	203	1284
October 10, 2006 4:35:00 PM UTC	1160523300000	35	49	no	6.6	251.8	20972	20821	13817	6664	77	39025	706	9	0	3891	282	862
October 10, 2006 4:36:00 PM UTC	1160523360000	33	46	no	6.5	252.0	20972	20821	13801	6733	74	38975	674	2	0	3903	284	1234
October 10, 2006 4:37:00 PM UTC	1160523420000	44	30	no	6.3	252.2	20972	20821	13816	6667	78	39022	685	16	14	3911	1822	481
October 10, 2006 4:38:00 PM UTC	1160523480000	35	24	no	6.2	252.4	20972	20821	13805	6715	51	39012	656	304	0	3928	1288	155
October 10, 2006 4:39:00 PM UTC	1160523540000	32	30	no	6.0	252.6	20972	20821	13821	6647	3	39112	664	620	0	3940	1446	3
October 10, 2006 4:40:00 PM UTC	1160523600000	21	40	no	5.8	252.8	20972	20821	13805	6714	1	39063	640	612	0	3941	1524	0
October 10, 2006 4:41:00 PM UTC	1160523660000	15	37	no	5.7	253.0	20972	20821	13805	6714	16	39048	624	430	0	3960	1174	1
October 10, 2006 4:42:00 PM UTC	1160523720000	15	36	no	5.5	253.2	20972	20821	13810	6693	29	39051	618	264	0	3971	701	38
October 10, 2006 4:43:00 PM UTC	1160523780000	12	35	no	5.4	253.4	20972	20821	13810	6693	29	39051	606	198	0	3984	652	103
October 10, 2006 4:44:00 PM UTC	1160523840000	10	31	no	5.2	253.6	20972	20821	13809	6701	5	39068	599	402	0	3989	675	28
October 10, 2006 4:45:00 PM UTC	1160523900000	9	25	no	5.0	253.7	20972	20821	13812	6607	36	39128	589	249	0	4007	487	30
October 10, 2006 4:46:00 PM UTC	1160523960000	6	11	no	4.9	253.9	20972	20821	13808	6688	7	39080	571	355	0	4019	368	6
October 10, 2006 4:47:00 PM UTC	1160524020000	5	11	no	4.7	254.1	20972	20821	13810	6645	9	39119	565	378	0	4030	325	7
October 10, 2006 4:48:00 PM UTC	1160524080000	3	7	no	4.6	254.3	20972	20821	13810	6645	36	39092	554	315	0	4042	223	8
October 10, 2006 4:49:00 PM UTC	1160524140000	3	11	no	4.4	254.5	20972	20821	13810	6645	66	39062	548	162	0	4046	330	28
October 10, 2006 4:50:00 PM UTC	1160524200000	2	6	no	4.2	254.7	20972	20821	13795	6716	89	38983	519	73	0	4055	218	14
October 10, 2006 4:51:00 PM UTC	1160524260000	2	7	no	4.1	254.9	20972	20821	13811	6643	97	39032	522	58	0	4071	100	7
October 10, 2006 4:52:00 PM UTC	1160524320000	1	3	no	3.9	255.1	20972	20821	13797	6698	114	38974	504	22	0	4073	66	0
October 10, 2006 4:53:00 PM UTC	1160524380000	1	2	no	3.8	255.3	20972	20821	13815	6627	130	39011	501	21	0	4097	43	1
October 10, 2006 4:54:00 PM UTC	1160524440000	0	1	no	3.6	255.5	20972	20821	13815	6627	141	39000	495	10	0	4104	29	0
October 10, 2006 4:55:00 PM UTC	1160524500000	0	0	no	3.4	255.6	20972	20821	13815	6625	157	38986	483	10	0	4116	15	0
October 10, 2006 4:56:00 PM UTC	1160524560000	0	0	no	3.3	255.8	20972	20821	13815	6625	169	38974	468	13	0	4131	18	0
October 10, 2006 4:57:00 PM UTC	1160524620000	0	0	no	3.1	256.0	20972	20821	13816	6624	187	38956	461	8	0	4141	9	0
