May 23, 2009 5:00:00 AM UTC	1243080000000	0	5	yes	6.3	65.8	20972	20821	13795	6711	73	39004	667	59	510	3905	8	1366
May 23, 2009 5:01:00 AM UTC	1243080060000	0	5	yes	6.5	66.0	20972	20821	13815	6624	79	39065	695	105	492	3901	6	1491
May 23, 2009 5:02:00 AM UTC	1243080120000	0	5	yes	6.6	66.2	20972	20821	13815	6624	80	39064	708	98	515	3890	3	1307
May 23, 2009 5:03:00 AM UTC	1243080180000	0	5	yes	6.8	66.4	20972	20821	13815	6626	82	39060	717	67	524	3880	4	1304
May 23, 2009 5:04:00 AM UTC	1243080240000	0	5	yes	6.9	66.5	20972	20821	13815	6626	83	39059	732	90	548	3866	9	1441
May 23, 2009 5:05:00 AM UTC	1243080300000	0	5	yes	7.1	66.7	20972	20821	13805	6731	78	38969	723	69	534	3855	10	1308
May 23, 2009 5:06:00 AM UTC	1243080360000	0	5	yes	7.2	66.9	20972	20821	13813	6692	83	38995	748	113	551	3845	12	1534
May 23, 2009 5:07:00 AM UTC	1243080420000	0	6	yes	7.4	67.1	20972	20821	13799	6759	82	38943	739	148	497	3833	14	1619
May 23, 2009 5:08:00 AM UTC	1243080480000	0	5	yes	7.5	67.3	20972	20821	13812	6690	85	38996	768	160	518	3824	10	1505
May 23, 2009 5:09:00 AM UTC	1243080540000	1	6	yes	7.7	67.4	20972	20821	13819	6649	86	39029	787	195	505	3816	18	1683
May 23, 2009 5:10:00 AM UTC	1243080600000	1	5	yes	7.8	67.6	20972	20821	13805	6719	84	38975	784	187	512	3798	14	1516
May 23, 2009 5:11:00 AM UTC	1243080660000	1	6	yes	8.0	67.8	20972	20821	13821	6652	89	39021	812	250	473	3789	52	1662
May 23, 2009 5:12:00 AM UTC	1243080720000	1	5	yes	8.1	68.0	20972	20821	13805	6721	85	38972	806	273	434	3775	77	1518
May 23, 2009 5:13:00 AM UTC	1243080780000	1	5	yes	8.3	68.1	20972	20821	13826	6627	92	39038	844	388	364	3766	163	1512
May 23, 2009 5:14:00 AM UTC	1243080840000	2	5	yes	8.5	68.3	20972	20821	13805	6722	85	38971	832	446	301	3749	116	1523
May 23, 2009 5:15:00 AM UTC	1243080900000	2	5	yes	8.6	68.5	20972	20821	13806	6637	88	39052	847	500	247	3742	270	1451
May 23, 2009 5:16:00 AM UTC	1243080960000	2	5	yes	8.8	68.7	20972	20821	13808	6639	88	39048	863	573	199	3725	129	1504
May 23, 2009 5:17:00 AM UTC	1243081020000	2	5	yes	8.9	68.9	20972	20821	13808	6639	88	39048	874	615	160	3716	288	1494
May 23, 2009 5:18:00 AM UTC	1243081080000	2	5	yes	9.1	69.0	20972	20821	13826	6610	93	39054	904	629	172	3705	305	1512
May 23, 2009 5:19:00 AM UTC	1243081140000	3	4	yes	9.2	69.2	20972	20821	13812	6678	91	39002	898	752	55	3692	240	1513
May 23, 2009 5:20:00 AM UTC	1243081200000	3	5	yes	9.4	69.4	20972	20821	13812	6678	92	39001	909	651	161	3679	321	1495
May 23, 2009 5:21:00 AM UTC	1243081260000	3	4	yes	9.5	69.6	20972	20821	13812	6668	92	39011	923	715	110	3667	338	1343
May 23, 2009 5:22:00 AM UTC	1243081320000	3	4	yes	9.7	69.7	20972	20821	13818	6599	94	39072	945	780	67	3663	408	1364
May 23, 2009 5:23:00 AM UTC	1243081380000	3	4	yes	9.9	69.9	20972	20821	13798	6693	88	39004	933	809	36	3645	443	1462
May 23, 2009 5:24:00 AM UTC	1243081440000	3	4	yes	10.0	70.1	20972	20821	13813	6625	92	39053	963	838	33	3634	280	1276
May 23, 2009 5:25:00 AM UTC	1243081500000	3	4	yes	10.2	70.3	20972	20821	13813	6625	97	39048	976	759	120	3621	260	1275
May 23, 2009 5:26:00 AM UTC	1243081560000	3	4	yes	10.3	70.4	20972	20821	13812	6626	96	39049	986	821	69	3611	291	1265
May 23, 2009 5:27:00 AM UTC	1243081620000	3	4	yes	10.5	70.6	20972	20821	13818	6603	99	39063	1005	821	85	3597	257	1338
May 23, 2009 5:28:00 AM UTC	1243081680000	3	4	yes	10.6	70.8	20972	20821	13807	6657	96	39023	998	815	87	3581	313	1218
May 23, 2009 5:29:00 AM UTC	1243081740000	3	4	yes	10.8	71.0	20972	20821	13818	6603	102	39060	1028	799	127	3573	260	1264
May 23, 2009 5:30:00 AM UTC	1243081800000	3	4	yes	10.9	71.1	20972	20821	13800	6692	98	38993	1022	757	167	3554	234	1266
May 23, 2009 5:31:00 AM UTC	1243081860000	3	4	yes	11.1	71.3	20972	20821	13818	6606	105	39054	1052	790	157	3549	225	1234
May 23, 2009 5:32:00 AM UTC	1243081920000	3	3	yes	11.3	71.5	20972	20821	13804	6719	101	38959	1050	813	136	3531	234	1149
May 23, 2009 5:33:00 AM UTC	1243081980000	3	4	yes	11.4	71.7	20972	20821	13804	6719	100	38960	1059	770	189	3523	272	1189
May 23, 2009 5:34:00 AM UTC	1243082040000	3	4	yes	11.6	71.9	20972	20821	13816	6671	101	38995	1086	792	193	3509	199	1226
May 23, 2009 5:35:00 AM UTC	1243082100000	3	4	yes	11.7	72.0	20972	20821	13800	6741	99	38943	1079	767	213	3497	194	1174
May 23, 2009 5:36:00 AM UTC	1243082160000	3	4	yes	11.9	72.2	20972	20821	13816	6667	109	38991	1112	798	205	3485	202	1174
May 23, 2009 5:37:00 AM UTC	1243082220000	3	4	yes	12.1	72.4	20972	20821	13805	6716	106	38956	1110	754	250	3476	226	1159
May 23, 2009 5:38:00 AM UTC	1243082280000	3	4	yes	12.2	72.6	20972	20821	13805	6716	105	38957	1121	775	241	3465	194	1161
May 23, 2009 5:39:00 AM UTC	1243082340000	2	4	yes	12.4	72.7	20972	20821	13805	6718	104	38956	1135	685	345	3452	227	1132
May 23, 2009 5:40:00 AM UTC	1243082400000	3	4	yes	12.5	72.9	20972	20821	13805	6718	103	38957	1144	745	296	3443	224	1100
May 23, 2009 5:41:00 AM UTC	1243082460000	3	4	yes	12.7	73.1	20972	20821	13820	6649	113	39001	1178	777	288	3431	210	1133
May 23, 2009 5:42:00 AM UTC	1243082520000	2	4	yes	12.8	73.3	20972	20821	13810	6699	107	38967	1175	747	321	3415	198	1138
May 23, 2009 5:43:00 AM UTC	1243082580000	3	4	yes	13.0	73.4	20972	20821	13825	6629	114	39015	1212	772	326	3399	195	1071
May 23, 2009 5:44:00 AM UTC	1243082640000	3	4	yes	13.2	73.6	20972	20821	13811	6689	113	38970	1209	788	308	3384	207	1033
May 23, 2009 5:45:00 AM UTC	1243082700000	2	4	yes	13.3	73.8	20972	20821	13812	6619	112	39040	1230	814	304	3369	145	1103
May 23, 2009 5:46:00 AM UTC	1243082760000	3	4	yes	13.5	74.0	20972	20821	13808	6683	110	38982	1236	766	359	3358	194	1027
May 23, 2009 5:47:00 AM UTC	1243082820000	3	4	yes	13.6	74.1	20972	20821	13810	6641	107	39025	1252	804	341	3348	165	1069
May 23, 2009 5:48:00 AM UTC	1243082880000	3	4	yes	13.8	74.3	20972	20821	13810	6642	108	39023	1264	807	347	3340	163	1010
May 23, 2009 5:49:00 AM UTC	1243082940000	2	4	yes	14.0	74.5	20972	20821	13810	6642	109	39022	1277	780	388	3326	120	1046
May 23, 2009 5:50:00 AM UTC	1243083000000	2	4	yes	14.1	74.7	20972	20821	13810	6642	112	39019	1291	748	431	3314	147	1015
May 23, 2009 5:51:00 AM UTC	1243083060000	2	4	yes	14.3	74.8	20972	20821	13810	6647	107	39019	1301	762	432	3303	148	1028
May 23, 2009 5:52:00 AM UTC	1243083120000	2	4	yes	14.4	75.0	20972	20821	13810	6647	108	39018	1313	694	499	3295	92	989
May 23, 2009 5:53:00 AM UTC	1243083180000	2	4	yes	14.6	75.2	20972	20821	13815	6626	110	39032	1331	673	542	3284	141	937
May 23, 2009 5:54:00 AM UTC	1243083240000	2	4	yes	14.8	75.4	20972	20821	13815	6626	109	39033	1343	774	454	3276	80	1028
May 23, 2009 5:55:00 AM UTC	1243083300000	2	4	yes	14.9	75.5	20972	20821	13802	6699	103	38979	1331	735	489	3267	122	903
May 23, 2009 5:56:00 AM UTC	1243083360000	2	4	yes	15.1	75.7	20972	20821	13815	6628	103	39037	1377	636	624	3255	104	938
May 23, 2009 5:57:00 AM UTC	1243083420000	2	4	yes	15.3	75.9	20972	20821	13798	6699	99	38987	1364	691	569	3247	113	967
May 23, 2009 5:58:00 AM UTC	1243083480000	2	4	yes	15.4	76.1	20972	20821	13819	6612	108	39044	1407	614	666	3236	206	787
May 23, 2009 5:59:00 AM UTC	1243083540000	2	4	yes	15.6	76.2	20972	20821	13819	6612	104	39048	1418	583	698	3227	122	891
May 23, 2009 6:00:00 AM UTC	1243083600000	2	4	yes	15.7	76.4	20972	20821	13803	6683	93	39004	1407	774	523	3221	104	967
May 23, 2009 6:01:00 AM UTC	1243083660000	2	4	yes	15.9	76.6	20972	20821	13817	6682	98	38986	1437	702	635	3209	143	1003
May 23, 2009 6:02:00 AM UTC	1243083720000	2	4	yes	16.1	76.8	20972	20821	13802	6754	96	38931	1424	830	489	3201	118	1087
May 23, 2009 6:03:00 AM UTC	1243083780000	2	5	yes	16.2	76.9	20972	20821	13818	6683	98	38984	1463	683	672	3191	147	1028
May 23, 2009 6:04:00 AM UTC	1243083840000	2	5	yes	16.4	77.1	20972	20821	13806	6738	91	38948	1455	735	602	3184	114	1068
May 23, 2009 6:05:00 AM UTC	1243083900000	2	4	yes	16.5	77.3	20972	20821	13821	6668	97	38997	1498	770	627	3174	191	914
May 23, 2009 6:06:00 AM UTC	1243083960000	2	4	yes	16.7	77.5	20972	20821	13801	6755	89	38938	1485	821	560	3164	121	1034
May 23, 2009 6:07:00 AM UTC	1243084020000	3	4	yes	16.9	77.6	20972	20821	13801	6755	87	38940	1495	838	557	3156	168	998
May 23, 2009 6:08:00 AM UTC	1243084080000	2	4	yes	17.0	77.8	20972	20821	13817	6683	92	38991	1530	788	636	3151	169	958
May 23, 2009 6:09:00 AM UTC	1243084140000	3	4	yes	17.2	78.0	20972	20821	13801	6724	86	38972	1528	920	517	3136	123	1014
May 23, 2009 6:10:00 AM UTC	1243084200000	2	5	yes	17.4	78.2	20972	20821	13820	6651	88	39024	1562	821	647	3134	121	1063
May 23, 2009 6:11:00 AM UTC	1243084260000	3	4	yes	17.5	78.4	20972	20821	13805	6636	84	39058	1559	934	536	3125	190	932
May 23, 2009 6:12:00 AM UTC	1243084320000	3	4	yes	17.7	78.5	20972	20821	13823	6552	89	39119	1604	968	536	3114	119	1030
May 23, 2009 6:13:00 AM UTC	1243084380000	3	4	yes	17.9	78.7	20972	20821	13807	6624	78	39074	1588	1002	498	3113	131	1013
May 23, 2009 6:14:00 AM UTC	1243084440000	3	4	yes	18.0	78.9	20972	20821	13808	6627	77	39071	1607	983	534	3103	128	1056
May 23, 2009 6:15:00 AM UTC	1243084500000	3	4	yes	18.2	79.1	20972	20821	13809	6628	78	39068	1621	1011	529	3098	130	1068
May 23, 2009 6:16:00 AM UTC	1243084560000	3	4	yes	18.3	79.2	20972	20821	13805	6706	72	39000	1621	994	544	3090	134	1048
May 23, 2009 6:17:00 AM UTC	1243084620000	3	4	yes	18.5	79.4	20972	20821	13825	6615	78	39065	1668	1047	534	3081	190	956
May 23, 2009 6:18:00 AM UTC	1243084680000	3	5	yes	18.7	79.6	20972	20821	13809	6688	66	39020	1652	909	667	3074	101	1033
May 23, 2009 6:19:00 AM UTC	1243084740000	3	4	yes	18.8	79.8	20972	20821	13809	6688	65	39021	1662	1045	551	3071	134	1014
May 23, 2009 6:20:00 AM UTC	1243084800000	3	5	yes	19.0	79.9	20972	20821	13809	6689	64	39021	1677	936	655	3063	113	1066
May 23, 2009 6:21:00 AM UTC	1243084860000	3	5	yes	19.2	80.1	20972	20821	13809	6689	61	39024	1691	913	703	3062	110	991
May 23, 2009 6:22:00 AM UTC	1243084920000	3	4	yes	19.3	80.3	20972	20821	13809	6691	58	39025	1707	1009	606	3044	134	1000
May 23, 2009 6:23:00 AM UTC	1243084980000	3	4	yes	19.5	80.5	20972	20821	13809	6691	56	39027	1715	1017	611	3048	106	930
May 23, 2009 6:24:00 AM UTC	1243085040000	3	5	yes	19.7	80.6	20972	20821	13812	6681	54	39036	1737	953	713	3036	111	949
May 23, 2009 6:25:00 AM UTC	1243085100000	3	4	yes	19.8	80.8	20972	20821	13812	6681	52	39038	1747	1004	666	3040	110	954
May 23, 2009 6:26:00 AM UTC	1243085160000	3	4	yes	20.0	81.0	20972	20821	13812	6681	48	39042	1758	1046	646	3023	92	965
May 23, 2009 6:27:00 AM UTC	1243085220000	3	4	yes	20.1	81.2	20972	20821	13812	6682	46	39043	1776	1041	672	3025	107	966
May 23, 2009 6:28:00 AM UTC	1243085280000	3	4	yes	20.3	81.4	20972	20821	13813	6689	44	39037	1787	1041	676	3016	113	928
May 23, 2009 6:29:00 AM UTC	1243085340000	3	4	yes	20.5	81.5	20972	20821	13813	6659	41	39070	1801	1086	641	3017	128	919
May 23, 2009 6:30:00 AM UTC	1243085400000	3	4	yes	20.6	81.7	20972	20821	13813	6659	38	39073	1818	1072	667	3003	112	908
May 23, 2009 6:31:00 AM UTC	1243085460000	3	5	yes	20.8	81.9	20972	20821	13813	6660	35	39075	1827	996	759	3004	102	917
May 23, 2009 6:32:00 AM UTC	1243085520000	3	4	yes	21.0	82.1	20972	20821	13813	6724	33	39013	1832	1049	705	2998	115	959
May 23, 2009 6:33:00 AM UTC	1243085580000	3	5	yes	21.1	82.2	20972	20821	13816	6639	30	39098	1859	1079	708	2991	80	963
May 23, 2009 6:34:00 AM UTC	1243085640000	3	4	yes	21.3	82.4	20972	20821	13816	6639	25	39103	1872	1098	695	2989	120	942
May 23, 2009 6:35:00 AM UTC	1243085700000	3	5	yes	21.5	82.6	20972	20821	13801	6713	17	39052	1855	1100	696	2983	120	964
May 23, 2009 6:36:00 AM UTC	1243085760000	3	5	yes	21.6	82.8	20972	20821	13817	6640	18	39108	1901	1100	731	2975	80	932
May 23, 2009 6:37:00 AM UTC	1243085820000	3	5	yes	21.8	83.0	20972	20821	13817	6640	14	39112	1912	1041	813	2975	114	946
May 23, 2009 6:38:00 AM UTC	1243085880000	3	4	yes	22.0	83.1	20972	20821	13817	6641	12	39113	1917	1158	703	2973	117	899
May 23, 2009 6:39:00 AM UTC	1243085940000	3	4	yes	22.1	83.3	20972	20821	13817	6641	9	39116	1933	1092	771	2971	83	887
May 23, 2009 6:40:00 AM UTC	1243086000000	3	5	yes	22.3	83.5	20972	20821	13817	6637	6	39123	1952	1023	850	2960	112	879
May 23, 2009 6:41:00 AM UTC	1243086060000	3	5	yes	22.5	83.7	20972	20821	13817	6637	4	39125	1966	1029	842	2957	72	885
May 23, 2009 6:42:00 AM UTC	1243086120000	3	4	yes	22.6	83.8	20972	20821	13801	6710	1	39071	1946	1048	785	2958	83	858
May 23, 2009 6:43:00 AM UTC	1243086180000	3	5	yes	22.8	84.0	20972	20821	13818	6646	1	39118	1995	1057	820	2951	77	877
May 23, 2009 6:44:00 AM UTC	1243086240000	3	4	yes	22.9	84.2	20972	20821	13801	6717	1	39064	1981	1040	827	2946	74	820
May 23, 2009 6:45:00 AM UTC	1243086300000	3	5	yes	23.1	84.4	20972	20821	13818	6647	0	39118	2017	1015	910	2948	70	798
May 23, 2009 6:46:00 AM UTC	1243086360000	3	4	yes	23.3	84.6	20972	20821	13801	6723	0	39059	1999	980	903	2941	68	767
May 23, 2009 6:47:00 AM UTC	1243086420000	3	4	yes	23.4	84.7	20972	20821	13816	6698	0	39069	2036	967	906	2934	77	784
May 23, 2009 6:48:00 AM UTC	1243086480000	3	4	yes	23.6	84.9	20972	20821	13816	6698	0	39069	2044	990	860	2937	65	820
May 23, 2009 6:49:00 AM UTC	1243086540000	3	4	yes	23.8	85.1	20972	20821	13817	6688	0	39078	2065	979	919	2930	66	751
May 23, 2009 6:50:00 AM UTC	1243086600000	3	5	yes	23.9	85.3	20972	20821	13817	6688	0	39078	2075	973	906	2928	56	808
May 23, 2009 6:51:00 AM UTC	1243086660000	3	4	yes	24.1	85.5	20972	20821	13799	6767	0	39017	2051	922	920	2929	59	705
May 23, 2009 6:52:00 AM UTC	1243086720000	3	5	yes	24.3	85.6	20972	20821	13812	6700	0	39071	2105	965	937	2918	58	795
May 23, 2009 6:53:00 AM UTC	1243086780000	3	4	yes	24.4	85.8	20972	20821	13800	6687	0	39096	2094	945	913	2920	57	702
May 23, 2009 6:54:00 AM UTC	1243086840000	3	4	yes	24.6	86.0	20972	20821	13817	6608	0	39158	2135	956	946	2922	44	734
May 23, 2009 6:55:00 AM UTC	1243086900000	2	4	yes	24.8	86.2	20972	20821	13799	6681	0	39103	2113	923	915	2920	39	732
May 23, 2009 6:56:00 AM UTC	1243086960000	3	5	yes	24.9	86.4	20972	20821	13817	6609	0	39157	2158	985	938	2920	46	777
May 23, 2009 6:57:00 AM UTC	1243087020000	3	4	yes	25.1	86.6	20972	20821	13801	6681	0	39101	2145	952	928	2910	48	735
May 23, 2009 6:58:00 AM UTC	1243087080000	3	5	yes	25.3	86.7	20972	20821	13817	6626	0	39140	2190	952	992	2908	41	746
May 23, 2009 6:59:00 AM UTC	1243087140000	3	5	yes	25.4	86.9	20972	20821	13817	6626	0	39140	2198	965	972	2912	31	741
May 23, 2009 7:00:00 AM UTC	1243087200000	3	5	yes	25.6	87.1	20972	20821	13818	6624	0	39141	2221	945	962	2904	30	740
May 23, 2009 7:01:00 AM UTC	1243087260000	3	5	yes	25.8	87.3	20972	20821	13818	6624	0	39141	2227	966	939	2908	20	746
May 23, 2009 7:02:00 AM UTC	1243087320000	2	4	yes	25.9	87.5	20972	20821	13804	6691	0	39088	2204	890	960	2909	20	686
May 23, 2009 7:03:00 AM UTC	1243087380000	3	4	yes	26.1	87.6	20972	20821	13820	6619	0	39144	2261	969	926	2902	105	652
May 23, 2009 7:04:00 AM UTC	1243087440000	3	4	yes	26.3	87.8	20972	20821	13802	6748	0	39033	2213	970	934	2901	32	709
May 23, 2009 7:05:00 AM UTC	1243087500000	2	4	yes	26.4	88.0	20972	20821	13820	6672	0	39091	2261	929	957	2902	25	668
May 23, 2009 7:06:00 AM UTC	1243087560000	3	4	yes	26.6	88.2	20972	20821	13802	6748	0	39033	2240	935	987	2898	61	650
May 23, 2009 7:07:00 AM UTC	1243087620000	2	4	yes	26.8	88.4	20972	20821	13821	6676	0	39086	2280	880	1012	2901	27	636
May 23, 2009 7:08:00 AM UTC	1243087680000	2	4	yes	26.9	88.6	20972	20821	13802	6748	0	39033	2264	891	1003	2900	19	682
May 23, 2009 7:09:00 AM UTC	1243087740000	2	4	yes	27.1	88.8	20972	20821	13821	6674	0	39088	2306	855	1047	2903	13	621
May 23, 2009 7:10:00 AM UTC	1243087800000	2	4	yes	27.3	88.9	20972	20821	13802	6748	0	39033	2287	884	1050	2898	20	615
May 23, 2009 7:11:00 AM UTC	1243087860000	2	4	yes	27.4	89.1	20972	20821	13820	6674	0	39089	2325	896	940	2900	29	596
May 23, 2009 7:12:00 AM UTC	1243087920000	2	4	yes	27.6	89.3	20972	20821	13820	6589	0	39174	2361	885	978	2899	26	595
May 23, 2009 7:13:00 AM UTC	1243087980000	2	4	yes	27.8	89.5	20972	20821	13801	6700	0	39082	2319	844	1005	2901	23	660
May 23, 2009 7:14:00 AM UTC	1243088040000	2	4	yes	27.9	89.7	20972	20821	13819	6627	0	39137	2385	868	1029	2897	19	579
May 23, 2009 7:15:00 AM UTC	1243088100000	2	4	yes	28.1	89.9	20972	20821	13800	6786	0	38997	2339	810	1067	2901	26	591
May 23, 2009 7:16:00 AM UTC	1243088160000	2	5	yes	28.3	90.1	20972	20821	13819	6635	0	39129	2402	890	1002	2905	21	631
May 23, 2009 7:17:00 AM UTC	1243088220000	2	4	yes	28.4	90.2	20972	20821	13819	6635	0	39129	2420	874	973	2899	10	563
May 23, 2009 7:18:00 AM UTC	1243088280000	2	5	yes	28.6	90.4	20972	20821	13819	6635	0	39129	2432	845	1055	2902	20	650
May 23, 2009 7:19:00 AM UTC	1243088340000	2	4	yes	28.8	90.6	20972	20821	13801	6708	0	39074	2383	792	993	2904	15	591
May 23, 2009 7:20:00 AM UTC	1243088400000	2	4	yes	28.9	90.8	20972	20821	13820	6598	0	39165	2449	809	1015	2901	22	571
May 23, 2009 7:21:00 AM UTC	1243088460000	2	4	yes	29.1	91.0	20972	20821	13802	6748	0	39033	2404	752	1057	2906	15	582
May 23, 2009 7:22:00 AM UTC	1243088520000	2	4	yes	29.3	91.2	20972	20821	13821	6674	0	39088	2451	767	1009	2907	5	549
May 23, 2009 7:23:00 AM UTC	1243088580000	2	4	yes	29.4	91.4	20972	20821	13802	6748	0	39033	2423	729	1027	2911	7	563
May 23, 2009 7:24:00 AM UTC	1243088640000	2	4	yes	29.6	91.6	20972	20821	13821	6676	0	39086	2458	786	1054	2914	8	565
May 23, 2009 7:25:00 AM UTC	1243088700000	2	4	yes	29.8	91.7	20972	20821	13802	6748	0	39033	2448	745	1003	2911	11	585
May 23, 2009 7:26:00 AM UTC	1243088760000	2	4	yes	29.9	91.9	20972	20821	13820	6672	0	39091	2497	778	1032	2913	10	569
May 23, 2009 7:27:00 AM UTC	1243088820000	2	4	yes	30.1	92.1	20972	20821	13802	6748	0	39033	2463	664	1096	2919	9	543
May 23, 2009 7:28:00 AM UTC	1243088880000	2	4	yes	30.3	92.3	20972	20821	13820	6611	0	39152	2533	715	1004	2916	5	515
May 23, 2009 7:29:00 AM UTC	1243088940000	2	4	yes	30.4	92.5	20972	20821	13804	6685	0	39094	2502	718	1000	2919	9	504
May 23, 2009 7:30:00 AM UTC	1243089000000	2	4	yes	30.6	92.7	20972	20821	13818	6618	0	39147	2542	659	1099	2929	5	523
May 23, 2009 7:31:00 AM UTC	1243089060000	2	4	yes	30.8	92.9	20972	20821	13818	6618	0	39147	2559	693	1053	2928	6	510
May 23, 2009 7:32:00 AM UTC	1243089120000	2	4	yes	30.9	93.1	20972	20821	13817	6626	0	39140	2568	679	1041	2927	4	489
May 23, 2009 7:33:00 AM UTC	1243089180000	2	4	yes	31.1	93.3	20972	20821	13817	6626	0	39140	2575	661	1109	2932	12	500
May 23, 2009 7:34:00 AM UTC	1243089240000	2	4	yes	31.3	93.5	20972	20821	13817	6612	0	39154	2585	673	1015	2935	14	483
May 23, 2009 7:35:00 AM UTC	1243089300000	2	4	yes	31.4	93.7	20972	20821	13817	6612	0	39154	2588	595	1131	2943	19	450
May 23, 2009 7:36:00 AM UTC	1243089360000	2	4	yes	31.6	93.9	20972	20821	13799	6685	0	39099	2561	638	1067	2948	4	526
May 23, 2009 7:37:00 AM UTC	1243089420000	2	4	yes	31.8	94.0	20972	20821	13817	6613	0	39153	2610	631	1135	2945	22	465
May 23, 2009 7:38:00 AM UTC	1243089480000	2	4	yes	31.9	94.2	20972	20821	13798	6767	0	39018	2564	598	1086	2949	10	459
May 23, 2009 7:39:00 AM UTC	1243089540000	2	4	yes	32.1	94.4	20972	20821	13812	6700	0	39071	2598	623	1108	2961	10	485
May 23, 2009 7:40:00 AM UTC	1243089600000	2	4	yes	32.3	94.6	20972	20821	13799	6767	0	39017	2578	602	1082	2955	31	503
May 23, 2009 7:41:00 AM UTC	1243089660000	2	4	yes	32.4	94.8	20972	20821	13817	6687	0	39079	2625	651	1063	2960	15	481
May 23, 2009 7:42:00 AM UTC	1243089720000	2	4	yes	32.6	95.0	20972	20821	13800	6766	0	39017	2586	597	1093	2972	18	537
May 23, 2009 7:43:00 AM UTC	1243089780000	2	4	yes	32.7	95.2	20972	20821	13816	6698	0	39069	2639	705	1034	2973	39	447
May 23, 2009 7:44:00 AM UTC	1243089840000	2	4	yes	32.9	95.4	20972	20821	13801	6719	0	39063	2622	641	1066	2976	40	511
May 23, 2009 7:45:00 AM UTC	1243089900000	2	4	yes	33.1	95.6	20972	20821	13818	6643	0	39122	2673	653	1113	2983	21	487
May 23, 2009 7:46:00 AM UTC	1243089960000	2	4	yes	33.2	95.8	20972	20821	13801	6714	0	39068	2640	615	1085	2989	37	522
May 23, 2009 7:47:00 AM UTC	1243090020000	2	4	yes	33.4	96.0	20972	20821	13818	6644	0	39121	2684	663	1095	2995	24	488
May 23, 2009 7:48:00 AM UTC	1243090080000	2	4	yes	33.6	96.2	20972	20821	13801	6708	0	39074	2644	585	1091	3003	36	471
May 23, 2009 7:49:00 AM UTC	1243090140000	1	4	yes	33.7	96.4	20972	20821	13817	6636	0	39130	2697	556	1126	3004	11	489
May 23, 2009 7:50:00 AM UTC	1243090200000	2	4	yes	33.9	96.6	20972	20821	13800	6715	0	39068	2664	601	1045	3011	37	463
May 23, 2009 7:51:00 AM UTC	1243090260000	1	4	yes	34.1	96.8	20972	20821	13817	6642	0	39124	2702	550	1086	3021	13	469
May 23, 2009 7:52:00 AM UTC	1243090320000	1	4	yes	34.2	97.0	20972	20821	13801	6715	0	39067	2672	546	1116	3025	5	485
May 23, 2009 7:53:00 AM UTC	1243090380000	1	4	yes	34.4	97.2	20972	20821	13817	6643	0	39123	2723	530	1149	3027	13	525
May 23, 2009 7:54:00 AM UTC	1243090440000	1	4	yes	34.6	97.4	20972	20821	13801	6717	0	39065	2685	502	1040	3036	5	458
May 23, 2009 7:55:00 AM UTC	1243090500000	2	4	yes	34.7	97.6	20972	20821	13816	6644	0	39123	2729	595	992	3045	31	422
May 23, 2009 7:56:00 AM UTC	1243090560000	2	4	yes	34.9	97.8	20972	20821	13815	6644	0	39124	2739	582	1002	3048	5	441
May 23, 2009 7:57:00 AM UTC	1243090620000	1	4	yes	35.1	98.0	20972	20821	13813	6723	0	39047	2721	542	1044	3060	3	517
May 23, 2009 7:58:00 AM UTC	1243090680000	1	4	yes	35.2	98.2	20972	20821	13813	6653	0	39117	2739	527	1061	3060	4	488
May 23, 2009 7:59:00 AM UTC	1243090740000	1	4	yes	35.4	98.4	20972	20821	13813	6653	0	39117	2741	469	1010	3081	4	482
May 23, 2009 8:00:00 AM UTC	1243090800000	1	4	yes	35.6	98.6	20972	20821	13813	6684	0	39086	2745	466	994	3079	8	469
May 23, 2009 8:01:00 AM UTC	1243090860000	1	4	yes	35.7	98.8	20972	20821	13812	6676	0	39095	2746	460	952	3098	8	449
May 23, 2009 8:02:00 AM UTC	1243090920000	1	4	yes	35.9	99.0	20972	20821	13812	6677	0	39094	2760	407	1049	3090	2	508
May 23, 2009 8:03:00 AM UTC	1243090980000	1	4	yes	36.0	99.2	20972	20821	13812	6677	0	39094	2762	423	1101	3107	2	506
May 23, 2009 8:04:00 AM UTC	1243091040000	1	4	yes	36.2	99.4	20972	20821	13809	6689	0	39085	2755	392	1015	3118	4	507
May 23, 2009 8:05:00 AM UTC	1243091100000	1	4	yes	36.4	99.6	20972	20821	13809	6689	0	39085	2761	396	1066	3128	5	496
May 23, 2009 8:06:00 AM UTC	1243091160000	1	4	yes	36.5	99.9	20972	20821	13809	6691	0	39083	2764	397	1015	3136	2	480
May 23, 2009 8:07:00 AM UTC	1243091220000	1	4	yes	36.7	100.1	20972	20821	13809	6691	0	39083	2769	339	1072	3145	6	463
May 23, 2009 8:08:00 AM UTC	1243091280000	1	4	yes	36.9	100.3	20972	20821	13809	6691	0	39083	2772	347	1035	3153	3	418
May 23, 2009 8:09:00 AM UTC	1243091340000	1	4	yes	37.0	100.5	20972	20821	13809	6691	0	39083	2774	326	1096	3165	2	454
May 23, 2009 8:10:00 AM UTC	1243091400000	1	4	yes	37.2	100.7	20972	20821	13805	6710	0	39068	2775	289	1118	3170	6	477
May 23, 2009 8:11:00 AM UTC	1243091460000	1	4	yes	37.4	100.9	20972	20821	13809	6625	0	39149	2792	252	1122	3189	2	488
May 23, 2009 8:12:00 AM UTC	1243091520000	1	4	yes	37.5	101.1	20972	20821	13808	6626	0	39149	2799	258	1105	3197	2	489
May 23, 2009 8:13:00 AM UTC	1243091580000	1	4	yes	37.7	101.3	20972	20821	13807	6622	0	39154	2793	293	1071	3215	3	440
May 23, 2009 8:14:00 AM UTC	1243091640000	1	4	yes	37.8	101.5	20972	20821	13805	6638	0	39140	2778	261	1142	3229	10	492
May 23, 2009 8:15:00 AM UTC	1243091700000	1	4	yes	38.0	101.7	20972	20821	13805	6638	0	39140	2788	263	1110	3235	8	516
May 23, 2009 8:16:00 AM UTC	1243091760000	1	4	yes	38.2	102.0	20972	20821	13801	6718	0	39064	2764	312	1041	3244	7	488
May 23, 2009 8:17:00 AM UTC	1243091820000	1	4	yes	38.3	102.2	20972	20821	13817	6679	0	39087	2797	345	1013	3262	4	510
May 23, 2009 8:18:00 AM UTC	1243091880000	1	4	yes	38.5	102.4	20972	20821	13801	6753	0	39029	2746	237	1065	3279	9	488
May 23, 2009 8:19:00 AM UTC	1243091940000	1	4	yes	38.7	102.6	20972	20821	13817	6683	0	39083	2794	206	1131	3286	3	505
May 23, 2009 8:20:00 AM UTC	1243092000000	1	4	yes	38.8	102.8	20972	20821	13806	6738	0	39039	2762	212	1091	3300	2	535
May 23, 2009 8:21:00 AM UTC	1243092060000	1	4	yes	39.0	103.0	20972	20821	13818	6683	0	39082	2794	237	1058	3311	8	470
May 23, 2009 8:22:00 AM UTC	1243092120000	1	4	yes	39.1	103.3	20972	20821	13802	6754	0	39027	2745	215	985	3333	4	514
May 23, 2009 8:23:00 AM UTC	1243092180000	1	4	yes	39.3	103.5	20972	20821	13817	6683	0	39083	2787	210	992	3347	3	491
May 23, 2009 8:24:00 AM UTC	1243092240000	1	4	yes	39.5	103.7	20972	20821	13803	6677	0	39103	2772	207	1002	3358	2	521
May 23, 2009 8:25:00 AM UTC	1243092300000	1	4	yes	39.6	103.9	20972	20821	13819	6606	0	39158	2810	209	1021	3372	1	507
May 23, 2009 8:26:00 AM UTC	1243092360000	1	4	yes	39.8	104.1	20972	20821	13815	6624	0	39144	2802	231	983	3384	5	516
May 23, 2009 8:27:00 AM UTC	1243092420000	1	4	yes	40.0	104.3	20972	20821	13815	6624	0	39144	2803	174	994	3398	5	489
May 23, 2009 8:28:00 AM UTC	1243092480000	1	4	yes	40.1	104.6	20972	20821	13815	6626	0	39142	2791	190	1006	3415	7	505
May 23, 2009 8:29:00 AM UTC	1243092540000	1	4	yes	40.3	104.8	20972	20821	13815	6626	0	39142	2801	180	1000	3422	5	548
May 23, 2009 8:30:00 AM UTC	1243092600000	1	4	yes	40.4	105.0	20972	20821	13810	6647	0	39126	2790	209	905	3435	3	540
May 23, 2009 8:31:00 AM UTC	1243092660000	0	4	yes	40.6	105.2	20972	20821	13810	6647	0	39126	2789	165	886	3449	7	502
May 23, 2009 8:32:00 AM UTC	1243092720000	1	4	yes	40.8	105.5	20972	20821	13810	6644	0	39129	2783	180	852	3466	3	492
May 23, 2009 8:33:00 AM UTC	1243092780000	1	4	yes	40.9	105.7	20972	20821	13810	6644	0	39129	2779	173	837	3486	4	524
May 23, 2009 8:34:00 AM UTC	1243092840000	1	3	yes	41.1	105.9	20972	20821	13810	6645	0	39128	2785	160	771	3496	5	487
May 23, 2009 8:35:00 AM UTC	1243092900000	0	4	yes	41.2	106.1	20972	20821	13812	6618	0	39153	2787	164	832	3514	6	537
May 23, 2009 8:36:00 AM UTC	1243092960000	0	3	yes	41.4	106.4	20972	20821	13811	6682	0	39090	2767	140	690	3522	5	456
May 23, 2009 8:37:00 AM UTC	1243093020000	0	3	yes	41.6	106.6	20972	20821	13810	6692	0	39081	2760	163	678	3537	6	516
May 23, 2009 8:38:00 AM UTC	1243093080000	0	3	yes	41.7	106.8	20972	20821	13810	6692	0	39081	2760	153	675	3550	6	452
May 23, 2009 8:39:00 AM UTC	1243093140000	0	3	yes	41.9	107.1	20972	20821	13805	6713	0	39065	2746	134	663	3561	4	438
May 23, 2009 8:40:00 AM UTC	1243093200000	0	3	yes	42.0	107.3	20972	20821	13805	6713	0	39065	2753	124	720	3571	5	498
May 23, 2009 8:41:00 AM UTC	1243093260000	0	3	yes	42.2	107.5	20972	20821	13805	6714	0	39064	2755	150	623	3584	4	406
May 23, 2009 8:42:00 AM UTC	1243093320000	0	3	yes	42.4	107.8	20972	20821	13820	6648	0	39115	2788	159	604	3605	3	435
May 23, 2009 8:43:00 AM UTC	1243093380000	0	3	yes	42.5	108.0	20972	20821	13800	6741	0	39042	2725	127	621	3615	2	400
May 23, 2009 8:44:00 AM UTC	1243093440000	0	3	yes	42.7	108.2	20972	20821	13816	6671	0	39096	2763	137	544	3635	4	425
May 23, 2009 8:45:00 AM UTC	1243093500000	0	2	yes	42.8	108.5	20972	20821	13804	6718	0	39061	2738	138	492	3641	2	373
May 23, 2009 8:46:00 AM UTC	1243093560000	0	2	yes	43.0	108.7	20972	20821	13818	6598	0	39167	2791	152	504	3658	3	360
May 23, 2009 8:47:00 AM UTC	1243093620000	0	3	yes	43.1	108.9	20972	20821	13818	6600	0	39165	2790	145	573	3668	2	368
May 23, 2009 8:48:00 AM UTC	1243093680000	0	3	yes	43.3	109.2	20972	20821	13818	6600	0	39165	2782	141	546	3686	3	361
May 23, 2009 8:49:00 AM UTC	1243093740000	0	2	yes	43.5	109.4	20972	20821	13818	6600	0	39165	2784	146	516	3699	4	302
May 23, 2009 8:50:00 AM UTC	1243093800000	0	2	yes	43.6	109.6	20972	20821	13796	6692	0	39095	2737	116	454	3707	0	303
May 23, 2009 8:51:00 AM UTC	1243093860000	0	2	yes	43.8	109.9	20972	20821	13813	6624	0	39146	2773	141	417	3720	0	298
May 23, 2009 8:52:00 AM UTC	1243093920000	0	2	yes	43.9	110.1	20972	20821	13802	6669	0	39112	2747	127	438	3733	0	315
May 23, 2009 8:53:00 AM UTC	1243093980000	0	2	yes	44.1	110.4	20972	20821	13812	6670	0	39101	2759	153	398	3751	0	277
May 23, 2009 8:54:00 AM UTC	1243094040000	0	2	yes	44.2	110.6	20972	20821	13812	6679	0	39092	2749	140	353	3761	1	287
May 23, 2009 8:55:00 AM UTC	1243094100000	0	2	yes	44.4	110.9	20972	20821	13812	6679	0	39092	2742	127	343	3773	1	228
May 23, 2009 8:56:00 AM UTC	1243094160000	0	2	yes	44.6	111.1	20972	20821	13813	6610	0	39160	2778	138	407	3785	2	215
May 23, 2009 8:57:00 AM UTC	1243094220000	0	1	yes	44.7	111.3	20972	20821	13808	6637	0	39138	2768	107	306	3792	1	192
May 23, 2009 8:58:00 AM UTC	1243094280000	0	1	yes	44.9	111.6	20972	20821	13805	6716	0	39062	2732	114	312	3805	1	194
May 23, 2009 8:59:00 AM UTC	1243094340000	0	1	yes	45.0	111.8	20972	20821	13826	6622	0	39135	2781	128	274	3833	0	134
May 23, 2009 9:00:00 AM UTC	1243094400000	0	1	yes	45.2	112.1	20972	20821	13805	6717	0	39061	2724	127	242	3836	1	113
May 23, 2009 9:01:00 AM UTC	1243094460000	0	1	yes	45.3	112.3	20972	20821	13805	6716	0	39062	2727	108	275	3850	0	89
May 23, 2009 9:02:00 AM UTC	1243094520000	0	1	yes	45.5	112.6	20972	20821	13819	6647	0	39117	2768	123	224	3862	0	93
May 23, 2009 9:03:00 AM UTC	1243094580000	0	1	yes	45.6	112.8	20972	20821	13799	6755	0	39029	2695	109	244	3871	0	52
May 23, 2009 9:04:00 AM UTC	1243094640000	0	1	yes	45.8	113.1	20972	20821	13813	6688	0	39082	2737	90	241	3887	0	67
May 23, 2009 9:05:00 AM UTC	1243094700000	0	1	yes	45.9	113.3	20972	20821	13805	6728	0	39050	2710	98	222	3895	1	49
May 23, 2009 9:06:00 AM UTC	1243094760000	0	1	yes	46.1	113.6	20972	20821	13815	6619	0	39149	2763	110	238	3914	0	34
May 23, 2009 9:07:00 AM UTC	1243094820000	0	1	yes	46.2	113.9	20972	20821	13815	6620	0	39148	2759	106	215	3927	0	30
May 23, 2009 9:08:00 AM UTC	1243094880000	0	1	yes	46.4	114.1	20972	20821	13815	6620	0	39148	2765	100	210	3938	0	22
May 23, 2009 9:09:00 AM UTC	1243094940000	0	1	yes	46.5	114.4	20972	20821	13809	6648	0	39126	2747	111	198	3946	0	26
May 23, 2009 9:10:00 AM UTC	1243095000000	0	1	yes	46.7	114.6	20972	20821	13815	6620	0	39148	2767	113	184	3959	0	37
May 23, 2009 9:11:00 AM UTC	1243095060000	0	1	yes	46.8	114.9	20972	20821	13809	6645	0	39129	2740	98	199	3967	0	24
May 23, 2009 9:12:00 AM UTC	1243095120000	0	1	yes	47.0	115.2	20972	20821	13808	6663	0	39112	2723	110	177	3981	2	29
May 23, 2009 9:13:00 AM UTC	1243095180000	0	1	yes	47.1	115.4	20972	20821	13808	6663	0	39112	2726	97	182	3993	2	31
May 23, 2009 9:14:00 AM UTC	1243095240000	0	1	yes	47.3	115.7	20972	20821	13801	6746	0	39036	2698	84	183	3998	0	21
May 23, 2009 9:15:00 AM UTC	1243095300000	0	1	yes	47.4	115.9	20972	20821	13825	6583	0	39175	2784	102	167	4021	2	29
May 23, 2009 9:16:00 AM UTC	1243095360000	0	1	yes	47.6	116.2	20972	20821	13809	6653	0	39121	2736	69	152	4025	0	11
May 23, 2009 9:17:00 AM UTC	1243095420000	0	1	yes	47.7	116.5	20972	20821	13817	6615	0	39151	2766	92	143	4039	0	21
May 23, 2009 9:18:00 AM UTC	1243095480000	0	1	yes	47.9	116.8	20972	20821	13817	6615	0	39151	2758	102	162	4056	0	23
May 23, 2009 9:19:00 AM UTC	1243095540000	0	1	yes	48.0	117.0	20972	20821	13801	6681	0	39101	2728	116	141	4059	0	16
May 23, 2009 9:20:00 AM UTC	1243095600000	0	1	yes	48.2	117.3	20972	20821	13817	6632	0	39134	2741	90	138	4077	0	12
May 23, 2009 9:21:00 AM UTC	1243095660000	0	1	yes	48.3	117.6	20972	20821	13809	6666	0	39108	2721	101	158	4079	0	15
May 23, 2009 9:22:00 AM UTC	1243095720000	0	1	yes	48.5	117.8	20972	20821	13809	6667	0	39107	2726	95	150	4090	1	20
May 23, 2009 9:23:00 AM UTC	1243095780000	0	1	yes	48.6	118.1	20972	20821	13810	6602	0	39171	2762	83	145	4104	0	6
May 23, 2009 9:24:00 AM UTC	1243095840000	0	1	yes	48.8	118.4	20972	20821	13826	6538	0	39219	2793	119	148	4128	0	11
May 23, 2009 9:25:00 AM UTC	1243095900000	0	1	yes	48.9	118.7	20972	20821	13810	6680	0	39093	2716	88	133	4129	0	8
May 23, 2009 9:26:00 AM UTC	1243095960000	0	1	yes	49.1	118.9	20972	20821	13801	6714	0	39068	2700	80	111	4131	0	16
May 23, 2009 9:27:00 AM UTC	1243096020000	0	1	yes	49.2	119.2	20972	20821	13824	6615	0	39144	2754	105	135	4159	0	15
May 23, 2009 9:28:00 AM UTC	1243096080000	0	1	yes	49.4	119.5	20972	20821	13801	6734	0	39048	2682	93	129	4150	3	20
May 23, 2009 9:29:00 AM UTC	1243096140000	0	1	yes	49.5	119.8	20972	20821	13816	6671	0	39096	2718	76	127	4167	0	7
May 23, 2009 9:30:00 AM UTC	1243096200000	0	1	yes	49.7	120.1	20972	20821	13815	6670	0	39098	2717	91	132	4176	0	14
May 23, 2009 9:31:00 AM UTC	1243096260000	0	1	yes	49.8	120.4	20972	20821	13817	6608	0	39158	2734	69	123	4198	0	13
May 23, 2009 9:32:00 AM UTC	1243096320000	0	0	yes	49.9	120.6	20972	20821	13817	6608	0	39158	2750	77	118	4205	0	10
May 23, 2009 9:33:00 AM UTC	1243096380000	0	1	yes	50.1	120.9	20972	20821	13808	6650	0	39125	2719	91	139	4208	1	15
May 23, 2009 9:34:00 AM UTC	1243096440000	0	0	yes	50.2	121.2	20972	20821	13817	6608	0	39158	2742	75	127	4230	0	10
May 23, 2009 9:35:00 AM UTC	1243096500000	0	0	yes	50.4	121.5	20972	20821	13809	6644	0	39130	2718	85	115	4231	0	12
May 23, 2009 9:36:00 AM UTC	1243096560000	0	0	yes	50.5	121.8	20972	20821	13820	6605	0	39158	2736	89	131	4244	0	13
May 23, 2009 9:37:00 AM UTC	1243096620000	0	0	yes	50.7	122.1	20972	20821	13808	6668	0	39107	2708	71	106	4247	0	8
May 23, 2009 9:38:00 AM UTC	1243096680000	0	0	yes	50.8	122.4	20972	20821	13822	6669	0	39092	2723	83	114	4265	3	15
May 23, 2009 9:39:00 AM UTC	1243096740000	0	0	yes	50.9	122.7	20972	20821	13814	6643	0	39126	2727	69	103	4274	0	12
May 23, 2009 9:40:00 AM UTC	1243096800000	0	0	yes	51.1	123.0	20972	20821	13801	6705	0	39077	2691	70	97	4272	0	10
May 23, 2009 9:41:00 AM UTC	1243096860000	0	0	yes	51.2	123.3	20972	20821	13815	6644	0	39124	2728	90	118	4289	1	17
May 23, 2009 9:42:00 AM UTC	1243096920000	0	0	yes	51.3	123.6	20972	20821	13815	6644	0	39124	2727	78	120	4302	0	16
May 23, 2009 9:43:00 AM UTC	1243096980000	0	0	yes	51.5	123.9	20972	20821	13813	6674	0	39096	2702	73	110	4305	1	13
May 23, 2009 9:44:00 AM UTC	1243097040000	0	0	yes	51.6	124.2	20972	20821	13814	6672	0	39097	2707	59	111	4314	0	11
May 23, 2009 9:45:00 AM UTC	1243097100000	0	0	yes	51.8	124.5	20972	20821	13821	6649	0	39113	2714	72	114	4328	0	12
May 23, 2009 9:46:00 AM UTC	1243097160000	0	0	yes	51.9	124.8	20972	20821	13816	6649	0	39118	2709	89	110	4331	0	7
May 23, 2009 9:47:00 AM UTC	1243097220000	0	0	yes	52.0	125.1	20972	20821	13806	6652	0	39125	2721	68	110	4341	0	21
May 23, 2009 9:48:00 AM UTC	1243097280000	0	1	yes	52.2	125.4	20972	20821	13813	6632	0	39138	2722	73	125	4338	2	19
May 23, 2009 9:49:00 AM UTC	1243097340000	0	0	yes	52.3	125.7	20972	20821	13808	6652	0	39123	2717	63	106	4356	0	9
May 23, 2009 9:50:00 AM UTC	1243097400000	0	0	yes	52.4	126.0	20972	20821	13811	6662	0	39110	2693	67	113	4366	0	18
May 23, 2009 9:51:00 AM UTC	1243097460000	0	0	yes	52.6	126.4	20972	20821	13821	6623	0	39139	2714	49	119	4380	0	14
May 23, 2009 9:52:00 AM UTC	1243097520000	0	0	yes	52.7	126.7	20972	20821	13825	6603	0	39155	2726	70	112	4394	2	12
May 23, 2009 9:53:00 AM UTC	1243097580000	0	0	yes	52.8	127.0	20972	20821	13812	6662	0	39109	2695	66	120	4385	2	17
May 23, 2009 9:54:00 AM UTC	1243097640000	0	1	yes	53.0	127.3	20972	20821	13815	6608	0	39160	2731	71	128	4395	3	21
May 23, 2009 9:55:00 AM UTC	1243097700000	0	0	yes	53.1	127.6	20972	20821	13818	6593	0	39172	2732	90	125	4409	4	16
May 23, 2009 9:56:00 AM UTC	1243097760000	0	1	yes	53.2	128.0	20972	20821	13817	6626	0	39140	2713	61	118	4412	1	26
May 23, 2009 9:57:00 AM UTC	1243097820000	0	1	yes	53.4	128.3	20972	20821	13817	6626	0	39140	2703	78	132	4424	5	28
May 23, 2009 9:58:00 AM UTC	1243097880000	0	1	yes	53.5	128.6	20972	20821	13818	6626	0	39139	2707	58	120	4430	0	25
May 23, 2009 9:59:00 AM UTC	1243097940000	0	1	yes	53.6	128.9	20972	20821	13829	6569	0	39185	2738	95	118	4450	5	28
May 23, 2009 10:00:00 AM UTC	1243098000000	0	0	yes	53.8	129.3	20972	20821	13808	6616	0	39159	2710	50	114	4440	0	13
May 23, 2009 10:01:00 AM UTC	1243098060000	0	1	yes	53.9	129.6	20972	20821	13818	6583	0	39182	2736	70	120	4452	1	23
May 23, 2009 10:02:00 AM UTC	1243098120000	0	0	yes	54.0	129.9	20972	20821	13823	6548	0	39212	2749	70	113	4464	0	21
May 23, 2009 10:03:00 AM UTC	1243098180000	0	0	yes	54.1	130.3	20972	20821	13809	6648	0	39126	2689	62	103	4458	0	17
May 23, 2009 10:04:00 AM UTC	1243098240000	0	1	yes	54.3	130.6	20972	20821	13820	6596	0	39167	2715	52	114	4470	0	23
May 23, 2009 10:05:00 AM UTC	1243098300000	0	1	yes	54.4	130.9	20972	20821	13820	6596	0	39167	2715	70	123	4477	2	14
May 23, 2009 10:06:00 AM UTC	1243098360000	0	1	yes	54.5	131.3	20972	20821	13821	6588	0	39174	2720	73	126	4488	2	19
May 23, 2009 10:07:00 AM UTC	1243098420000	0	0	yes	54.6	131.6	20972	20821	13822	6554	0	39207	2739	69	111	4491	0	22
May 23, 2009 10:08:00 AM UTC	1243098480000	0	1	yes	54.8	132.0	20972	20821	13812	6585	0	39186	2718	91	111	4492	2	24
May 23, 2009 10:09:00 AM UTC	1243098540000	0	1	yes	54.9	132.3	20972	20821	13822	6578	0	39183	2719	49	123	4508	0	23
May 23, 2009 10:10:00 AM UTC	1243098600000	0	1	yes	55.0	132.7	20972	20821	13809	6633	0	39141	2691	59	116	4494	0	20
May 23, 2009 10:11:00 AM UTC	1243098660000	0	0	yes	55.1	133.0	20972	20821	13822	6578	0	39183	2722	47	113	4517	0	20
May 23, 2009 10:12:00 AM UTC	1243098720000	0	1	yes	55.3	133.4	20972	20821	13812	6625	0	39146	2695	61	117	4507	2	28
May 23, 2009 10:13:00 AM UTC	1243098780000	0	1	yes	55.4	133.7	20972	20821	13823	6537	0	39223	2759	93	126	4530	7	25
May 23, 2009 10:14:00 AM UTC	1243098840000	0	1	yes	55.5	134.1	20972	20821	13812	6590	0	39181	2724	54	113	4524	0	25
May 23, 2009 10:15:00 AM UTC	1243098900000	0	0	yes	55.6	134.4	20972	20821	13810	6624	0	39149	2698	71	104	4524	3	26
May 23, 2009 10:16:00 AM UTC	1243098960000	0	1	yes	55.7	134.8	20972	20821	13822	6569	0	39192	2718	51	120	4540	6	32
May 23, 2009 10:17:00 AM UTC	1243099020000	0	0	yes	55.9	135.1	20972	20821	13796	6671	0	39116	2664	62	106	4527	6	28
May 23, 2009 10:18:00 AM UTC	1243099080000	0	1	yes	56.0	135.5	20972	20821	13822	6569	0	39192	2722	46	116	4549	0	24
May 23, 2009 10:19:00 AM UTC	1243099140000	0	1	yes	56.1	135.9	20972	20821	13811	6629	0	39143	2698	54	114	4536	7	26
May 23, 2009 10:20:00 AM UTC	1243099200000	0	1	yes	56.2	136.2	20972	20821	13834	6477	0	39272	2767	108	132	4574	5	26
May 23, 2009 10:21:00 AM UTC	1243099260000	0	0	yes	56.3	136.6	20972	20821	13809	6624	0	39150	2703	37	108	4546	2	14
May 23, 2009 10:22:00 AM UTC	1243099320000	0	1	yes	56.4	137.0	20972	20821	13821	6574	0	39188	2714	58	116	4567	1	17
May 23, 2009 10:23:00 AM UTC	1243099380000	0	0	yes	56.5	137.3	20972	20821	13822	6573	0	39188	2716	52	104	4572	2	16
May 23, 2009 10:24:00 AM UTC	1243099440000	0	1	yes	56.7	137.7	20972	20821	13822	6573	0	39188	2715	57	122	4572	7	26
May 23, 2009 10:25:00 AM UTC	1243099500000	0	0	yes	56.8	138.1	20972	20821	13813	6583	0	39187	2721	31	100	4565	0	15
May 23, 2009 10:26:00 AM UTC	1243099560000	0	0	yes	56.9	138.5	20972	20821	13811	6636	0	39136	2691	42	99	4566	1	23
May 23, 2009 10:27:00 AM UTC	1243099620000	0	0	yes	57.0	138.8	20972	20821	13822	6588	0	39173	2713	54	100	4581	4	20
May 23, 2009 10:28:00 AM UTC	1243099680000	0	0	yes	57.1	139.2	20972	20821	13814	6635	0	39134	2689	33	82	4570	0	22
May 23, 2009 10:29:00 AM UTC	1243099740000	0	0	yes	57.2	139.6	20972	20821	13823	6588	0	39172	2712	55	102	4583	5	16
May 23, 2009 10:30:00 AM UTC	1243099800000	0	0	yes	57.3	140.0	20972	20821	13810	6644	0	39129	2676	37	95	4574	0	18
May 23, 2009 10:31:00 AM UTC	1243099860000	0	0	yes	57.4	140.4	20972	20821	13823	6556	0	39204	2724	65	101	4595	6	17
May 23, 2009 10:32:00 AM UTC	1243099920000	0	0	yes	57.5	140.8	20972	20821	13810	6657	0	39116	2679	27	80	4579	0	16
May 23, 2009 10:33:00 AM UTC	1243099980000	0	0	yes	57.6	141.1	20972	20821	13807	6674	0	39102	2670	40	85	4576	0	29
May 23, 2009 10:34:00 AM UTC	1243100040000	0	0	yes	57.7	141.5	20972	20821	13820	6610	0	39153	2709	29	78	4594	0	19
May 23, 2009 10:35:00 AM UTC	1243100100000	0	0	yes	57.8	141.9	20972	20821	13819	6610	0	39154	2703	43	90	4599	3	31
May 23, 2009 10:36:00 AM UTC	1243100160000	0	0	yes	57.9	142.3	20972	20821	13819	6610	0	39154	2706	42	96	4600	1	22
May 23, 2009 10:37:00 AM UTC	1243100220000	0	0	yes	58.0	142.7	20972	20821	13816	6641	0	39126	2693	36	78	4593	2	22
May 23, 2009 10:38:00 AM UTC	1243100280000	0	0	yes	58.1	143.1	20972	20821	13815	6642	0	39126	2681	23	68	4599	0	9
May 23, 2009 10:39:00 AM UTC	1243100340000	0	0	yes	58.2	143.5	20972	20821	13815	6642	0	39126	2689	35	84	4593	2	23
May 23, 2009 10:40:00 AM UTC	1243100400000	0	0	yes	58.3	143.9	20972	20821	13814	6642	0	39127	2687	27	66	4597	0	15
May 23, 2009 10:41:00 AM UTC	1243100460000	0	0	yes	58.4	144.3	20972	20821	13814	6644	0	39125	2677	41	73	4606	2	18
May 23, 2009 10:42:00 AM UTC	1243100520000	0	0	yes	58.5	144.7	20972	20821	13801	6727	0	39055	2654	12	42	4580	0	8
May 23, 2009 10:43:00 AM UTC	1243100580000	0	0	yes	58.6	145.1	20972	20821	13810	6685	0	39088	2669	26	60	4584	2	18
May 23, 2009 10:44:00 AM UTC	1243100640000	0	0	yes	58.7	145.6	20972	20821	13810	6685	0	39088	2671	32	62	4590	0	20
May 23, 2009 10:45:00 AM UTC	1243100700000	0	0	yes	58.8	146.0	20972	20821	13818	6644	0	39121	2686	55	76	4611	8	23
May 23, 2009 10:46:00 AM UTC	1243100760000	0	0	yes	58.9	146.4	20972	20821	13797	6744	0	39042	2641	29	64	4573	0	14
May 23, 2009 10:47:00 AM UTC	1243100820000	0	0	yes	59.0	146.8	20972	20821	13806	6670	0	39107	2684	48	74	4588	6	15
May 23, 2009 10:48:00 AM UTC	1243100880000	0	0	yes	59.1	147.2	20972	20821	13810	6686	0	39087	2673	27	57	4591	3	30
May 23, 2009 10:49:00 AM UTC	1243100940000	0	0	yes	59.2	147.6	20972	20821	13805	6670	0	39108	2669	21	59	4587	0	6
May 23, 2009 10:50:00 AM UTC	1243101000000	0	0	yes	59.3	148.1	20972	20821	13815	6632	0	39136	2689	41	73	4599	4	21
May 23, 2009 10:51:00 AM UTC	1243101060000	0	0	yes	59.4	148.5	20972	20821	13815	6632	0	39136	2691	36	65	4601	0	15
May 23, 2009 10:52:00 AM UTC	1243101120000	0	0	yes	59.4	148.9	20972	20821	13815	6632	0	39136	2691	49	65	4601	7	20
May 23, 2009 10:53:00 AM UTC	1243101180000	0	0	yes	59.5	149.3	20972	20821	13801	6726	0	39056	2656	17	38	4581	0	3
May 23, 2009 10:54:00 AM UTC	1243101240000	0	0	yes	59.6	149.8	20972	20821	13809	6689	0	39085	2660	36	67	4592	4	17
May 23, 2009 10:55:00 AM UTC	1243101300000	0	0	yes	59.7	150.2	20972	20821	13803	6715	0	39065	2659	24	46	4583	0	2
May 23, 2009 10:56:00 AM UTC	1243101360000	0	0	yes	59.8	150.6	20972	20821	13809	6689	0	39085	2663	42	66	4587	4	13
May 23, 2009 10:57:00 AM UTC	1243101420000	0	0	yes	59.9	151.1	20972	20821	13817	6653	0	39113	2680	32	61	4601	0	13
May 23, 2009 10:58:00 AM UTC	1243101480000	0	0	yes	59.9	151.5	20972	20821	13808	6735	0	39040	2649	27	45	4592	3	18
May 23, 2009 10:59:00 AM UTC	1243101540000	0	0	yes	60.0	152.0	20972	20821	13818	6615	0	39150	2689	29	45	4605	0	11
May 23, 2009 11:00:00 AM UTC	1243101600000	0	0	yes	60.1	152.4	20972	20821	13818	6615	0	39150	2697	28	37	4607	0	17
May 23, 2009 11:01:00 AM UTC	1243101660000	0	0	yes	60.2	152.8	20972	20821	13817	6615	0	39151	2697	39	66	4607	3	14
May 23, 2009 11:02:00 AM UTC	1243101720000	0	0	yes	60.3	153.3	20972	20821	13813	6644	0	39126	2684	28	47	4597	0	13
May 23, 2009 11:03:00 AM UTC	1243101780000	0	0	yes	60.3	153.7	20972	20821	13810	6688	0	39085	2664	30	42	4597	8	19
May 23, 2009 11:04:00 AM UTC	1243101840000	0	0	yes	60.4	154.2	20972	20821	13810	6688	0	39085	2663	20	50	4595	0	19
May 23, 2009 11:05:00 AM UTC	1243101900000	0	0	yes	60.5	154.6	20972	20821	13818	6655	0	39110	2684	36	46	4608	7	17
May 23, 2009 11:06:00 AM UTC	1243101960000	0	0	yes	60.5	155.1	20972	20821	13818	6609	0	39156	2700	38	58	4609	6	18
May 23, 2009 11:07:00 AM UTC	1243102020000	0	0	yes	60.6	155.5	20972	20821	13818	6609	0	39156	2703	27	43	4606	0	5
May 23, 2009 11:08:00 AM UTC	1243102080000	0	0	yes	60.7	156.0	20972	20821	13825	6626	0	39132	2694	20	40	4610	4	12
May 23, 2009 11:09:00 AM UTC	1243102140000	0	0	yes	60.7	156.5	20972	20821	13802	6723	0	39058	2645	19	25	4584	0	4
May 23, 2009 11:10:00 AM UTC	1243102200000	0	0	yes	60.8	156.9	20972	20821	13809	6694	0	39080	2662	32	53	4595	5	20
May 23, 2009 11:11:00 AM UTC	1243102260000	0	0	yes	60.9	157.4	20972	20821	13815	6664	0	39104	2673	33	45	4604	4	23
May 23, 2009 11:12:00 AM UTC	1243102320000	0	0	yes	60.9	157.8	20972	20821	13808	6694	0	39081	2659	8	29	4596	0	5
May 23, 2009 11:13:00 AM UTC	1243102380000	0	0	yes	61.0	158.3	20972	20821	13812	6721	0	39050	2650	20	28	4598	4	21
May 23, 2009 11:14:00 AM UTC	1243102440000	0	0	yes	61.1	158.8	20972	20821	13815	6639	0	39129	2691	8	18	4606	0	0
May 23, 2009 11:15:00 AM UTC	1243102500000	0	0	yes	61.1	159.2	20972	20821	13806	6677	0	39100	2675	18	35	4595	2	13
May 23, 2009 11:16:00 AM UTC	1243102560000	0	0	yes	61.2	159.7	20972	20821	13801	6704	0	39078	2659	7	17	4586	0	2
May 23, 2009 11:17:00 AM UTC	1243102620000	0	0	yes	61.2	160.2	20972	20821	13806	6644	0	39133	2683	27	44	4593	3	19
May 23, 2009 11:18:00 AM UTC	1243102680000	0	0	yes	61.3	160.7	20972	20821	13820	6630	0	39133	2688	12	24	4611	0	11
May 23, 2009 11:19:00 AM UTC	1243102740000	0	0	yes	61.4	161.1	20972	20821	13827	6602	0	39154	2698	8	13	4620	0	1
May 23, 2009 11:20:00 AM UTC	1243102800000	0	0	yes	61.4	161.6	20972	20821	13812	6673	0	39098	2670	24	31	4599	3	10
May 23, 2009 11:21:00 AM UTC	1243102860000	0	0	yes	61.5	162.1	20972	20821	13812	6673	0	39098	2675	15	23	4600	0	8
May 23, 2009 11:22:00 AM UTC	1243102920000	0	0	yes	61.5	162.6	20972	20821	13817	6651	0	39115	2675	23	33	4608	6	10
May 23, 2009 11:23:00 AM UTC	1243102980000	0	0	yes	61.6	163.0	20972	20821	13816	6716	0	39051	2643	4	14	4600	0	6
May 23, 2009 11:24:00 AM UTC	1243103040000	0	0	yes	61.6	163.5	20972	20821	13804	6694	0	39085	2670	5	9	4589	0	0
May 23, 2009 11:25:00 AM UTC	1243103100000	0	0	yes	61.7	164.0	20972	20821	13803	6701	0	39079	2662	6	11	4585	0	3
May 23, 2009 11:26:00 AM UTC	1243103160000	0	0	yes	61.7	164.5	20972	20821	13823	6574	0	39186	2715	15	19	4613	0	10
May 23, 2009 11:27:00 AM UTC	1243103220000	0	0	yes	61.7	165.0	20972	20821	13823	6574	0	39186	2712	23	29	4616	3	4
May 23, 2009 11:28:00 AM UTC	1243103280000	0	0	yes	61.8	165.5	20972	20821	13809	6694	0	39080	2664	6	10	4598	0	9
May 23, 2009 11:29:00 AM UTC	1243103340000	0	0	yes	61.8	165.9	20972	20821	13809	6695	0	39079	2656	4	0	4595	0	0
May 23, 2009 11:30:00 AM UTC	1243103400000	0	0	yes	61.9	166.4	20972	20821	13809	6695	0	39079	2657	8	7	4597	0	9
May 23, 2009 11:31:00 AM UTC	1243103460000	0	0	yes	61.9	166.9	20972	20821	13810	6695	0	39078	2660	18	7	4593	0	1
May 23, 2009 11:32:00 AM UTC	1243103520000	0	0	yes	61.9	167.4	20972	20821	13811	6694	0	39078	2661	24	12	4592	4	6
May 23, 2009 11:33:00 AM UTC	1243103580000	0	0	yes	62.0	167.9	20972	20821	13815	6669	0	39099	2679	3	6	4600	0	0
May 23, 2009 11:34:00 AM UTC	1243103640000	0	0	yes	62.0	168.4	20972	20821	13815	6669	0	39099	2674	8	8	4594	0	2
May 23, 2009 11:35:00 AM UTC	1243103700000	0	0	yes	62.0	168.9	20972	20821	13820	6623	0	39140	2688	10	10	4613	0	2
May 23, 2009 11:36:00 AM UTC	1243103760000	0	0	yes	62.1	169.4	20972	20821	13820	6623	0	39140	2695	12	7	4608	0	0
May 23, 2009 11:37:00 AM UTC	1243103820000	0	0	yes	62.1	169.9	20972	20821	13820	6623	0	39140	2683	20	16	4602	0	3
May 23, 2009 11:38:00 AM UTC	1243103880000	0	0	yes	62.1	170.4	20972	20821	13807	6758	0	39018	2633	0	0	4582	0	0
May 23, 2009 11:39:00 AM UTC	1243103940000	0	0	yes	62.2	170.9	20972	20821	13807	6759	0	39017	2631	1	1	4580	0	0
May 23, 2009 11:40:00 AM UTC	1243104000000	0	0	yes	62.2	171.4	20972	20821	13822	6688	0	39073	2664	3	3	4604	0	0
May 23, 2009 11:41:00 AM UTC	1243104060000	0	0	yes	62.2	171.9	20972	20821	13810	6668	0	39105	2680	4	6	4591	0	0
May 23, 2009 11:42:00 AM UTC	1243104120000	0	0	yes	62.2	172.4	20972	20821	13810	6642	0	39131	2683	6	8	4594	0	4
May 23, 2009 11:43:00 AM UTC	1243104180000	0	0	yes	62.3	172.9	20972	20821	13825	6640	0	39118	2673	0	0	4609	0	1
May 23, 2009 11:44:00 AM UTC	1243104240000	0	0	yes	62.3	173.4	20972	20821	13811	6717	0	39055	2648	3	4	4590	0	0
May 23, 2009 11:45:00 AM UTC	1243104300000	0	0	yes	62.3	173.9	20972	20821	13811	6717	0	39055	2652	5	4	4588	0	1
May 23, 2009 11:46:00 AM UTC	1243104360000	0	0	yes	62.3	174.4	20972	20821	13812	6716	0	39055	2644	0	4	4589	0	0
May 23, 2009 11:47:00 AM UTC	1243104420000	0	0	yes	62.3	174.9	20972	20821	13815	6707	0	39061	2661	4	8	4592	3	10
May 23, 2009 11:48:00 AM UTC	1243104480000	0	0	yes	62.3	175.4	20972	20821	13819	6601	0	39163	2702	2	4	4597	0	0
May 23, 2009 11:49:00 AM UTC	1243104540000	0	0	yes	62.4	175.9	20972	20821	13815	6694	0	39074	2660	3	3	4592	0	0
May 23, 2009 11:50:00 AM UTC	1243104600000	0	0	yes	62.4	176.4	20972	20821	13815	6692	0	39076	2661	3	10	4593	0	2
May 23, 2009 11:51:00 AM UTC	1243104660000	0	0	yes	62.4	176.9	20972	20821	13816	6687	0	39080	2653	0	0	4592	0	0
May 23, 2009 11:52:00 AM UTC	1243104720000	0	0	yes	62.4	177.4	20972	20821	13816	6687	0	39080	2668	0	2	4594	0	0
May 23, 2009 11:53:00 AM UTC	1243104780000	0	0	yes	62.4	177.9	20972	20821	13830	6614	0	39139	2688	0	2	4615	0	7
May 23, 2009 11:54:00 AM UTC	1243104840000	0	0	yes	62.4	178.4	20972	20821	13816	6684	0	39083	2666	2	5	4597	0	0
May 23, 2009 11:55:00 AM UTC	1243104900000	0	0	yes	62.4	178.9	20972	20821	13816	6662	0	39105	2668	0	3	4597	0	0
May 23, 2009 11:56:00 AM UTC	1243104960000	0	0	yes	62.4	179.4	20972	20821	13817	6662	0	39104	2660	0	0	4595	0	0
May 23, 2009 11:57:00 AM UTC	1243105020000	0	0	yes	62.4	179.9	20972	20821	13818	6662	0	39103	2667	5	15	4590	0	0
May 23, 2009 11:58:00 AM UTC	1243105080000	0	0	yes	62.4	180.4	20972	20821	13818	6662	0	39103	2665	5	14	4594	0	0
May 23, 2009 11:59:00 AM UTC	1243105140000	0	0	yes	62.4	180.9	20972	20821	13817	6662	0	39104	2668	0	0	4596	0	0
May 23, 2009 12:00:00 PM UTC	1243105200000	0	0	yes	62.4	181.4	20972	20821	13816	6662	0	39105	2670	0	0	4597	0	0
May 23, 2009 12:01:00 PM UTC	1243105260000	0	0	yes	62.4	181.9	20972	20821	13815	6685	0	39083	2651	0	0	4595	0	0
May 23, 2009 12:02:00 PM UTC	1243105320000	0	0	yes	62.4	182.4	20972	20821	13816	6685	0	39082	2664	0	0	4594	0	0
May 23, 2009 12:03:00 PM UTC	1243105380000	0	0	yes	62.4	182.9	20972	20821	13816	6685	0	39082	2662	0	4	4595	0	0
May 23, 2009 12:04:00 PM UTC	1243105440000	0	0	yes	62.4	183.4	20972	20821	13816	6685	0	39082	2664	0	0	4593	0	0
May 23, 2009 12:05:00 PM UTC	1243105500000	0	0	yes	62.4	183.9	20972	20821	13815	6690	0	39078	2662	0	0	4592	0	0
May 23, 2009 12:06:00 PM UTC	1243105560000	0	0	yes	62.3	184.4	20972	20821	13818	6604	0	39161	2688	2	2	4596	0	0
May 23, 2009 12:07:00 PM UTC	1243105620000	0	0	yes	62.3	185.0	20972	20821	13815	6705	0	39063	2658	0	0	4590	0	0
May 23, 2009 12:08:00 PM UTC	1243105680000	0	0	yes	62.3	185.5	20972	20821	13814	6705	0	39064	2648	3	2	4593	0	0
May 23, 2009 12:09:00 PM UTC	1243105740000	0	0	yes	62.3	186.0	20972	20821	13827	6641	0	39115	2681	0	1	4611	0	0
May 23, 2009 12:10:00 PM UTC	1243105800000	0	0	yes	62.3	186.5	20972	20821	13811	6713	0	39059	2650	0	0	4589	0	0
May 23, 2009 12:11:00 PM UTC	1243105860000	0	0	yes	62.3	187.0	20972	20821	13810	6713	0	39060	2650	0	0	4586	0	0
May 23, 2009 12:12:00 PM UTC	1243105920000	0	0	yes	62.2	187.5	20972	20821	13826	6568	0	39189	2718	0	2	4610	0	0
May 23, 2009 12:13:00 PM UTC	1243105980000	0	0	yes	62.2	188.0	20972	20821	13810	6641	0	39132	2686	0	0	4587	0	0
May 23, 2009 12:14:00 PM UTC	1243106040000	0	0	yes	62.2	188.5	20972	20821	13809	6744	0	39030	2639	0	0	4585	0	0
May 23, 2009 12:15:00 PM UTC	1243106100000	0	0	yes	62.2	189.0	20972	20821	13821	6686	0	39076	2651	0	0	4603	0	0
May 23, 2009 12:16:00 PM UTC	1243106160000	0	0	yes	62.1	189.5	20972	20821	13824	6684	0	39075	2660	0	0	4601	0	0
May 23, 2009 12:17:00 PM UTC	1243106220000	0	0	yes	62.1	190.0	20972	20821	13808	6681	0	39094	2663	0	0	4587	0	0
May 23, 2009 12:18:00 PM UTC	1243106280000	0	0	yes	62.1	190.4	20972	20821	13805	6689	0	39089	2663	0	0	4578	0	0
May 23, 2009 12:19:00 PM UTC	1243106340000	0	0	yes	62.1	190.9	20972	20821	13820	6621	0	39142	2694	0	0	4605	0	0
May 23, 2009 12:20:00 PM UTC	1243106400000	0	0	yes	62.0	191.4	20972	20821	13817	6634	0	39132	2687	0	0	4606	0	0
May 23, 2009 12:21:00 PM UTC	1243106460000	0	0	yes	62.0	191.9	20972	20821	13800	6735	0	39048	2651	0	0	4579	0	0
May 23, 2009 12:22:00 PM UTC	1243106520000	0	0	yes	62.0	192.4	20972	20821	13809	6767	0	39007	2611	0	0	4587	0	0
May 23, 2009 12:23:00 PM UTC	1243106580000	0	0	yes	61.9	192.9	20972	20821	13810	6691	0	39082	2657	0	0	4591	0	0
May 23, 2009 12:24:00 PM UTC	1243106640000	0	0	yes	61.9	193.4	20972	20821	13810	6691	0	39082	2659	0	0	4593	0	0
May 23, 2009 12:25:00 PM UTC	1243106700000	0	0	yes	61.8	193.9	20972	20821	13825	6622	0	39136	2694	0	0	4613	0	0
May 23, 2009 12:26:00 PM UTC	1243106760000	0	0	yes	61.8	194.4	20972	20821	13809	6690	0	39084	2660	0	0	4598	0	0
May 23, 2009 12:27:00 PM UTC	1243106820000	0	0	yes	61.8	194.9	20972	20821	13805	6714	0	39064	2646	0	0	4590	0	0
May 23, 2009 12:28:00 PM UTC	1243106880000	0	0	yes	61.7	195.3	20972	20821	13808	6638	0	39137	2688	0	0	4595	0	0
May 23, 2009 12:29:00 PM UTC	1243106940000	0	0	yes	61.7	195.8	20972	20821	13818	6628	0	39137	2685	0	0	4606	0	0
May 23, 2009 12:30:00 PM UTC	1243107000000	0	0	yes	61.6	196.3	20972	20821	13818	6628	0	39137	2691	0	0	4606	0	0
May 23, 2009 12:31:00 PM UTC	1243107060000	0	0	yes	61.6	196.8	20972	20821	13816	6710	0	39057	2655	0	0	4600	0	0
May 23, 2009 12:32:00 PM UTC	1243107120000	0	0	yes	61.5	197.3	20972	20821	13800	6788	0	38995	2606	0	0	4578	0	0
May 23, 2009 12:33:00 PM UTC	1243107180000	0	0	yes	61.5	197.8	20972	20821	13812	6668	0	39103	2665	0	0	4598	0	0
May 23, 2009 12:34:00 PM UTC	1243107240000	0	0	yes	61.4	198.2	20972	20821	13812	6668	0	39103	2666	0	0	4599	0	0
May 23, 2009 12:35:00 PM UTC	1243107300000	0	0	yes	61.4	198.7	20972	20821	13805	6695	0	39083	2658	0	0	4592	0	0
May 23, 2009 12:36:00 PM UTC	1243107360000	0	0	yes	61.3	199.2	20972	20821	13811	6668	0	39104	2670	0	0	4602	0	0
May 23, 2009 12:37:00 PM UTC	1243107420000	0	0	yes	61.3	199.7	20972	20821	13821	6632	0	39130	2677	0	0	4609	0	0
May 23, 2009 12:38:00 PM UTC	1243107480000	0	0	yes	61.2	200.1	20972	20821	13821	6607	0	39155	2699	0	0	4611	0	0
May 23, 2009 12:39:00 PM UTC	1243107540000	0	0	yes	61.2	200.6	20972	20821	13815	6634	0	39134	2690	0	0	4606	0	0
May 23, 2009 12:40:00 PM UTC	1243107600000	0	0	yes	61.1	201.1	20972	20821	13814	6635	0	39134	2686	0	0	4607	0	0
May 23, 2009 12:41:00 PM UTC	1243107660000	0	0	yes	61.0	201.5	20972	20821	13799	6701	0	39083	2657	0	0	4586	0	0
May 23, 2009 12:42:00 PM UTC	1243107720000	0	0	yes	61.0	202.0	20972	20821	13807	6759	0	39017	2617	0	0	4590	0	0
May 23, 2009 12:43:00 PM UTC	1243107780000	0	0	yes	60.9	202.5	20972	20821	13815	6663	0	39105	2672	0	0	4605	0	0
May 23, 2009 12:44:00 PM UTC	1243107840000	0	0	yes	60.8	202.9	20972	20821	13809	6689	0	39085	2660	0	0	4594	0	0
May 23, 2009 12:45:00 PM UTC	1243107900000	0	0	yes	60.8	203.4	20972	20821	13808	6689	0	39086	2663	0	0	4596	0	0
May 23, 2009 12:46:00 PM UTC	1243107960000	0	0	yes	60.7	203.8	20972	20821	13809	6688	0	39086	2663	0	0	4593	0	0
May 23, 2009 12:47:00 PM UTC	1243108020000	0	0	yes	60.6	204.3	20972	20821	13802	6736	0	39045	2631	0	0	4582	0	0
May 23, 2009 12:48:00 PM UTC	1243108080000	0	0	yes	60.6	204.8	20972	20821	13818	6602	0	39163	2694	0	1	4607	0	0
May 23, 2009 12:49:00 PM UTC	1243108140000	0	0	yes	60.5	205.2	20972	20821	13818	6601	0	39164	2702	0	0	4609	0	0
May 23, 2009 12:50:00 PM UTC	1243108200000	0	0	yes	60.4	205.7	20972	20821	13810	6684	0	39089	2664	0	0	4596	0	0
May 23, 2009 12:51:00 PM UTC	1243108260000	0	0	yes	60.4	206.1	20972	20821	13810	6684	0	39089	2667	0	0	4595	0	0
May 23, 2009 12:52:00 PM UTC	1243108320000	0	0	yes	60.3	206.6	20972	20821	13810	6683	0	39090	2664	0	0	4596	0	0
May 23, 2009 12:53:00 PM UTC	1243108380000	0	0	yes	60.2	207.0	20972	20821	13811	6638	0	39134	2675	0	0	4597	0	0
May 23, 2009 12:54:00 PM UTC	1243108440000	0	0	yes	60.1	207.5	20972	20821	13803	6676	0	39104	2668	0	0	4587	0	0
May 23, 2009 12:55:00 PM UTC	1243108500000	0	0	yes	60.1	207.9	20972	20821	13806	6667	0	39110	2668	0	1	4587	0	0
May 23, 2009 12:56:00 PM UTC	1243108560000	0	0	yes	60.0	208.3	20972	20821	13803	6674	0	39106	2669	0	0	4588	0	0
May 23, 2009 12:57:00 PM UTC	1243108620000	0	0	yes	59.9	208.8	20972	20821	13816	6681	0	39086	2664	0	0	4601	0	0
May 23, 2009 12:58:00 PM UTC	1243108680000	0	0	yes	59.8	209.2	20972	20821	13809	6685	0	39089	2657	0	0	4592	0	0
May 23, 2009 12:59:00 PM UTC	1243108740000	0	0	yes	59.7	209.6	20972	20821	13823	6623	0	39137	2698	0	0	4610	0	0
May 23, 2009 1:00:00 PM UTC	1243108800000	0	0	yes	59.7	210.1	20972	20821	13822	6632	0	39129	2683	0	0	4607	0	0
May 23, 2009 1:01:00 PM UTC	1243108860000	0	0	yes	59.6	210.5	20972	20821	13816	6660	0	39107	2684	0	1	4598	0	0
May 23, 2009 1:02:00 PM UTC	1243108920000	0	0	yes	59.5	210.9	20972	20821	13822	6622	0	39139	2691	0	1	4607	0	0
May 23, 2009 1:03:00 PM UTC	1243108980000	0	0	yes	59.4	211.4	20972	20821	13815	6626	0	39142	2690	0	1	4599	0	0
May 23, 2009 1:04:00 PM UTC	1243109040000	0	0	yes	59.3	211.8	20972	20821	13806	6665	0	39112	2671	0	3	4586	0	0
May 23, 2009 1:05:00 PM UTC	1243109100000	0	0	yes	59.2	212.2	20972	20821	13815	6625	0	39143	2689	0	2	4600	0	0
May 23, 2009 1:06:00 PM UTC	1243109160000	0	0	yes	59.1	212.6	20972	20821	13805	6724	0	39054	2647	0	0	4584	0	0
May 23, 2009 1:07:00 PM UTC	1243109220000	0	0	yes	59.1	213.1	20972	20821	13820	6663	0	39100	2673	0	0	4603	0	0
May 23, 2009 1:08:00 PM UTC	1243109280000	0	0	yes	59.0	213.5	20972	20821	13810	6672	0	39101	2665	0	0	4592	0	0
May 23, 2009 1:09:00 PM UTC	1243109340000	0	0	yes	58.9	213.9	20972	20821	13818	6631	0	39134	2688	0	0	4602	0	0
May 23, 2009 1:10:00 PM UTC	1243109400000	0	0	yes	58.8	214.3	20972	20821	13810	6673	0	39100	2669	0	1	4583	0	0
May 23, 2009 1:11:00 PM UTC	1243109460000	0	0	yes	58.7	214.7	20972	20821	13810	6673	0	39100	2670	0	0	4591	0	0
May 23, 2009 1:12:00 PM UTC	1243109520000	0	0	yes	58.6	215.1	20972	20821	13810	6673	0	39100	2672	0	1	4598	0	0
May 23, 2009 1:13:00 PM UTC	1243109580000	0	0	yes	58.5	215.5	20972	20821	13825	6595	0	39163	2707	0	0	4611	0	0
May 23, 2009 1:14:00 PM UTC	1243109640000	0	0	yes	58.4	216.0	20972	20821	13814	6638	0	39131	2682	0	0	4590	0	0
May 23, 2009 1:15:00 PM UTC	1243109700000	0	0	yes	58.3	216.4	20972	20821	13825	6590	0	39168	2710	0	1	4612	0	0
May 23, 2009 1:16:00 PM UTC	1243109760000	0	0	yes	58.2	216.8	20972	20821	13815	6638	0	39130	2688	0	0	4597	0	0
May 23, 2009 1:17:00 PM UTC	1243109820000	0	0	yes	58.1	217.2	20972	20821	13828	6580	0	39175	2723	0	0	4613	0	0
May 23, 2009 1:18:00 PM UTC	1243109880000	0	0	yes	58.0	217.6	20972	20821	13808	6625	0	39150	2711	0	0	4591	0	0
May 23, 2009 1:19:00 PM UTC	1243109940000	0	0	yes	57.9	218.0	20972	20821	13816	6620	0	39147	2692	0	0	4593	0	0
May 23, 2009 1:20:00 PM UTC	1243110000000	0	0	yes	57.8	218.3	20972	20821	13807	6661	0	39115	2684	0	0	4578	0	0
May 23, 2009 1:21:00 PM UTC	1243110060000	0	0	yes	57.7	218.7	20972	20821	13820	6606	0	39157	2692	0	0	4595	0	0
May 23, 2009 1:22:00 PM UTC	1243110120000	0	0	yes	57.6	219.1	20972	20821	13820	6606	0	39157	2697	0	0	4592	0	0
May 23, 2009 1:23:00 PM UTC	1243110180000	0	0	yes	57.5	219.5	20972	20821	13821	6605	0	39157	2699	0	0	4587	0	0
May 23, 2009 1:24:00 PM UTC	1243110240000	0	0	yes	57.4	219.9	20972	20821	13822	6582	0	39179	2697	0	0	4588	0	0
May 23, 2009 1:25:00 PM UTC	1243110300000	0	0	yes	57.3	220.3	20972	20821	13823	6582	0	39178	2717	0	0	4583	0	0
May 23, 2009 1:26:00 PM UTC	1243110360000	0	0	yes	57.2	220.7	20972	20821	13811	6636	0	39136	2688	0	0	4567	0	0
May 23, 2009 1:27:00 PM UTC	1243110420000	0	0	yes	57.1	221.1	20972	20821	13822	6582	0	39179	2710	0	0	4581	0	0
May 23, 2009 1:28:00 PM UTC	1243110480000	0	0	yes	56.9	221.4	20972	20821	13811	6630	0	39142	2693	0	0	4567	0	0
May 23, 2009 1:29:00 PM UTC	1243110540000	0	0	yes	56.8	221.8	20972	20821	13823	6532	0	39228	2743	0	0	4580	0	0
May 23, 2009 1:30:00 PM UTC	1243110600000	0	0	yes	56.7	222.2	20972	20821	13823	6570	0	39190	2716	0	0	4573	0	0
May 23, 2009 1:31:00 PM UTC	1243110660000	0	0	yes	56.6	222.6	20972	20821	13822	6571	0	39190	2716	0	0	4574	0	0
May 23, 2009 1:32:00 PM UTC	1243110720000	0	0	yes	56.5	222.9	20972	20821	13796	6673	0	39114	2665	0	0	4548	0	0
May 23, 2009 1:33:00 PM UTC	1243110780000	0	0	yes	56.4	223.3	20972	20821	13821	6572	0	39190	2716	0	0	4567	0	0
May 23, 2009 1:34:00 PM UTC	1243110840000	0	0	yes	56.3	223.7	20972	20821	13822	6571	0	39190	2719	0	0	4559	0	0
May 23, 2009 1:35:00 PM UTC	1243110900000	0	0	yes	56.2	224.0	20972	20821	13835	6472	0	39276	2764	0	0	4572	0	0
May 23, 2009 1:36:00 PM UTC	1243110960000	0	0	yes	56.0	224.4	20972	20821	13810	6618	0	39155	2699	0	0	4534	0	0
May 23, 2009 1:37:00 PM UTC	1243111020000	0	0	yes	55.9	224.8	20972	20821	13809	6618	0	39156	2691	0	0	4540	0	0
May 23, 2009 1:38:00 PM UTC	1243111080000	0	0	yes	55.8	225.1	20972	20821	13822	6568	0	39193	2717	0	0	4544	0	0
May 23, 2009 1:39:00 PM UTC	1243111140000	0	0	yes	55.7	225.5	20972	20821	13811	6618	0	39154	2700	0	2	4525	0	0
May 23, 2009 1:40:00 PM UTC	1243111200000	0	0	yes	55.6	225.8	20972	20821	13832	6519	0	39232	2745	0	2	4545	0	0
May 23, 2009 1:41:00 PM UTC	1243111260000	0	0	yes	55.4	226.2	20972	20821	13812	6566	0	39205	2733	0	2	4518	0	0
May 23, 2009 1:42:00 PM UTC	1243111320000	0	0	yes	55.3	226.5	20972	20821	13822	6577	0	39184	2726	0	3	4521	0	0
May 23, 2009 1:43:00 PM UTC	1243111380000	0	0	yes	55.2	226.9	20972	20821	13822	6577	0	39184	2718	0	2	4520	0	0
May 23, 2009 1:44:00 PM UTC	1243111440000	0	0	yes	55.1	227.2	20972	20821	13812	6625	0	39146	2698	0	2	4503	0	0
May 23, 2009 1:45:00 PM UTC	1243111500000	0	0	yes	55.0	227.6	20972	20821	13822	6577	0	39184	2715	1	3	4508	0	0
May 23, 2009 1:46:00 PM UTC	1243111560000	0	0	yes	54.8	227.9	20972	20821	13810	6599	0	39174	2710	1	1	4495	0	0
May 23, 2009 1:47:00 PM UTC	1243111620000	0	0	yes	54.7	228.3	20972	20821	13812	6592	0	39179	2724	0	3	4483	0	0
May 23, 2009 1:48:00 PM UTC	1243111680000	0	0	yes	54.6	228.6	20972	20821	13810	6641	0	39132	2691	0	1	4479	0	0
May 23, 2009 1:49:00 PM UTC	1243111740000	0	0	yes	54.5	229.0	20972	20821	13820	6595	0	39168	2715	0	0	4483	0	0
May 23, 2009 1:50:00 PM UTC	1243111800000	0	0	yes	54.3	229.3	20972	20821	13820	6595	0	39168	2715	0	0	4471	0	0
May 23, 2009 1:51:00 PM UTC	1243111860000	0	0	yes	54.2	229.6	20972	20821	13820	6595	0	39168	2719	0	1	4470	0	0
May 23, 2009 1:52:00 PM UTC	1243111920000	0	0	yes	54.1	230.0	20972	20821	13820	6594	0	39169	2717	0	1	4465	0	0
May 23, 2009 1:53:00 PM UTC	1243111980000	0	0	yes	54.0	230.3	20972	20821	13809	6616	0	39158	2722	0	1	4444	0	0
May 23, 2009 1:54:00 PM UTC	1243112040000	0	0	yes	53.8	230.6	20972	20821	13819	6571	0	39193	2738	0	1	4452	0	0
May 23, 2009 1:55:00 PM UTC	1243112100000	0	0	yes	53.7	231.0	20972	20821	13817	6621	0	39145	2710	0	1	4441	0	0
May 23, 2009 1:56:00 PM UTC	1243112160000	0	0	yes	53.6	231.3	20972	20821	13818	6621	0	39144	2706	0	0	4433	0	0
May 23, 2009 1:57:00 PM UTC	1243112220000	0	0	yes	53.4	231.6	20972	20821	13817	6621	0	39145	2700	0	0	4430	0	0
May 23, 2009 1:58:00 PM UTC	1243112280000	0	0	yes	53.3	232.0	20972	20821	13828	6579	0	39176	2733	0	0	4429	0	0
May 23, 2009 1:59:00 PM UTC	1243112340000	0	0	yes	53.2	232.3	20972	20821	13818	6588	0	39177	2729	0	2	4413	0	0
May 23, 2009 2:00:00 PM UTC	1243112400000	0	0	yes	53.0	232.6	20972	20821	13815	6604	0	39164	2725	0	2	4405	0	0
May 23, 2009 2:01:00 PM UTC	1243112460000	0	0	yes	52.9	232.9	20972	20821	13805	6646	0	39132	2709	0	2	4384	0	0
May 23, 2009 2:02:00 PM UTC	1243112520000	0	0	yes	52.8	233.2	20972	20821	13812	6662	0	39109	2692	1	2	4386	0	0
May 23, 2009 2:03:00 PM UTC	1243112580000	0	0	yes	52.6	233.6	20972	20821	13822	6617	0	39144	2712	1	3	4387	0	0
May 23, 2009 2:04:00 PM UTC	1243112640000	0	0	yes	52.5	233.9	20972	20821	13811	6661	0	39111	2694	0	2	4370	0	0
May 23, 2009 2:05:00 PM UTC	1243112700000	0	0	yes	52.4	234.2	20972	20821	13820	6620	0	39143	2719	2	12	4371	0	0
May 23, 2009 2:06:00 PM UTC	1243112760000	0	0	yes	52.2	234.5	20972	20821	13813	6634	0	39136	2724	1	28	4352	0	0
May 23, 2009 2:07:00 PM UTC	1243112820000	0	0	yes	52.1	234.8	20972	20821	13806	6654	0	39123	2715	1	22	4345	0	0
May 23, 2009 2:08:00 PM UTC	1243112880000	0	0	yes	52.0	235.1	20972	20821	13821	6593	0	39169	2746	0	6	4335	0	0
May 23, 2009 2:09:00 PM UTC	1243112940000	0	0	yes	51.8	235.4	20972	20821	13806	6709	0	39068	2681	1	4	4327	0	0
May 23, 2009 2:10:00 PM UTC	1243113000000	0	0	yes	51.7	235.7	20972	20821	13815	6666	0	39102	2712	1	8	4316	0	0
May 23, 2009 2:11:00 PM UTC	1243113060000	0	0	yes	51.6	236.0	20972	20821	13814	6665	0	39104	2709	1	26	4313	0	0
May 23, 2009 2:12:00 PM UTC	1243113120000	0	0	yes	51.4	236.3	20972	20821	13814	6673	0	39096	2704	0	2	4302	0	0
May 23, 2009 2:13:00 PM UTC	1243113180000	0	0	yes	51.3	236.6	20972	20821	13815	6644	0	39124	2731	1	0	4295	0	0
May 23, 2009 2:14:00 PM UTC	1243113240000	0	0	yes	51.1	236.9	20972	20821	13811	6667	0	39105	2709	0	2	4282	0	0
May 23, 2009 2:15:00 PM UTC	1243113300000	0	0	yes	51.0	237.2	20972	20821	13814	6643	0	39126	2733	0	2	4277	0	0
May 23, 2009 2:16:00 PM UTC	1243113360000	0	0	yes	50.9	237.5	20972	20821	13807	6722	0	39054	2680	0	0	4258	0	0
May 23, 2009 2:17:00 PM UTC	1243113420000	0	0	yes	50.7	237.8	20972	20821	13808	6667	0	39108	2707	0	0	4254	0	0
May 23, 2009 2:18:00 PM UTC	1243113480000	0	0	yes	50.6	238.1	20972	20821	13820	6604	0	39159	2732	0	1	4250	0	0
May 23, 2009 2:19:00 PM UTC	1243113540000	0	0	yes	50.4	238.4	20972	20821	13808	6666	0	39109	2700	0	0	4235	0	0
May 23, 2009 2:20:00 PM UTC	1243113600000	0	0	yes	50.3	238.7	20972	20821	13817	6609	0	39157	2740	0	0	4235	0	0
May 23, 2009 2:21:00 PM UTC	1243113660000	0	0	yes	50.2	239.0	20972	20821	13810	6640	0	39133	2729	0	1	4214	0	0
May 23, 2009 2:22:00 PM UTC	1243113720000	0	0	yes	50.0	239.3	20972	20821	13817	6609	0	39157	2751	1	1	4208	0	0
May 23, 2009 2:23:00 PM UTC	1243113780000	0	0	yes	49.9	239.6	20972	20821	13817	6609	0	39157	2747	0	0	4199	0	0
May 23, 2009 2:24:00 PM UTC	1243113840000	0	0	yes	49.7	239.9	20972	20821	13807	6707	0	39069	2696	0	1	4178	0	0
May 23, 2009 2:25:00 PM UTC	1243113900000	0	0	yes	49.6	240.1	20972	20821	13816	6670	0	39097	2725	0	1	4171	0	0
May 23, 2009 2:26:00 PM UTC	1243113960000	0	0	yes	49.4	240.4	20972	20821	13801	6734	0	39048	2685	0	6	4158	0	0
May 23, 2009 2:27:00 PM UTC	1243114020000	0	0	yes	49.3	240.7	20972	20821	13824	6616	0	39143	2752	0	4	4167	0	0
May 23, 2009 2:28:00 PM UTC	1243114080000	0	0	yes	49.2	241.0	20972	20821	13801	6715	0	39067	2706	0	7	4137	0	0
May 23, 2009 2:29:00 PM UTC	1243114140000	0	0	yes	49.0	241.3	20972	20821	13810	6681	0	39092	2713	2	7	4132	0	0
May 23, 2009 2:30:00 PM UTC	1243114200000	0	0	yes	48.9	241.6	20972	20821	13813	6604	0	39166	2760	1	8	4123	0	0
May 23, 2009 2:31:00 PM UTC	1243114260000	0	0	yes	48.7	241.8	20972	20821	13819	6572	0	39192	2770	0	10	4118	0	0
May 23, 2009 2:32:00 PM UTC	1243114320000	0	0	yes	48.6	242.1	20972	20821	13809	6669	0	39105	2726	0	4	4103	0	0
May 23, 2009 2:33:00 PM UTC	1243114380000	0	0	yes	48.4	242.4	20972	20821	13809	6669	0	39105	2720	0	4	4091	0	0
May 23, 2009 2:34:00 PM UTC	1243114440000	0	0	yes	48.3	242.7	20972	20821	13817	6633	0	39133	2739	0	2	4086	0	0
May 23, 2009 2:35:00 PM UTC	1243114500000	0	0	yes	48.1	242.9	20972	20821	13801	6681	0	39101	2727	0	7	4060	0	0
May 23, 2009 2:36:00 PM UTC	1243114560000	0	0	yes	48.0	243.2	20972	20821	13817	6616	0	39150	2749	0	7	4065	0	0
May 23, 2009 2:37:00 PM UTC	1243114620000	0	0	yes	47.8	243.5	20972	20821	13802	6682	0	39099	2732	1	14	4038	0	0
May 23, 2009 2:38:00 PM UTC	1243114680000	0	0	yes	47.7	243.7	20972	20821	13803	6682	0	39098	2725	0	7	4026	0	0
May 23, 2009 2:39:00 PM UTC	1243114740000	0	0	yes	47.5	244.0	20972	20821	13825	6584	0	39174	2781	0	11	4031	0	0
May 23, 2009 2:40:00 PM UTC	1243114800000	0	0	yes	47.4	244.3	20972	20821	13801	6748	0	39034	2696	0	13	4007	0	0
May 23, 2009 2:41:00 PM UTC	1243114860000	0	0	yes	47.2	244.5	20972	20821	13822	6651	0	39110	2749	0	18	4006	0	0
May 23, 2009 2:42:00 PM UTC	1243114920000	0	0	yes	47.1	244.8	20972	20821	13808	6665	0	39110	2726	0	12	3990	0	0
May 23, 2009 2:43:00 PM UTC	1243114980000	0	0	yes	46.9	245.1	20972	20821	13808	6656	0	39119	2743	0	12	3973	0	0
May 23, 2009 2:44:00 PM UTC	1243115040000	0	0	yes	46.8	245.3	20972	20821	13815	6620	0	39148	2762	3	16	3967	0	0
May 23, 2009 2:45:00 PM UTC	1243115100000	0	0	yes	46.6	245.6	20972	20821	13809	6649	0	39125	2749	0	10	3952	0	0
May 23, 2009 2:46:00 PM UTC	1243115160000	0	0	yes	46.5	245.8	20972	20821	13808	6657	0	39118	2742	0	9	3939	0	0
May 23, 2009 2:47:00 PM UTC	1243115220000	0	0	yes	46.3	246.1	20972	20821	13815	6621	0	39147	2758	1	32	3933	0	0
May 23, 2009 2:48:00 PM UTC	1243115280000	0	0	yes	46.2	246.4	20972	20821	13815	6621	0	39147	2764	0	21	3921	0	0
May 23, 2009 2:49:00 PM UTC	1243115340000	0	0	yes	46.0	246.6	20972	20821	13819	6661	0	39103	2748	0	25	3906	0	1
May 23, 2009 2:50:00 PM UTC	1243115400000	0	0	yes	45.9	246.9	20972	20821	13813	6687	0	39083	2741	0	38	3891	0	0
May 23, 2009 2:51:00 PM UTC	1243115460000	0	0	yes	45.7	247.1	20972	20821	13799	6754	0	39030	2696	0	21	3872	0	0
May 23, 2009 2:52:00 PM UTC	1243115520000	0	0	yes	45.6	247.4	20972	20821	13819	6647	0	39117	2766	0	40	3874	0	1
May 23, 2009 2:53:00 PM UTC	1243115580000	0	0	yes	45.4	247.6	20972	20821	13805	6715	0	39063	2728	0	37	3857	0	0
May 23, 2009 2:54:00 PM UTC	1243115640000	0	0	yes	45.3	247.9	20972	20821	13805	6716	0	39062	2728	0	62	3841	0	0
May 23, 2009 2:55:00 PM UTC	1243115700000	0	0	yes	45.1	248.1	20972	20821	13811	6689	0	39083	2740	0	98	3835	0	0
May 23, 2009 2:56:00 PM UTC	1243115760000	0	0	yes	44.9	248.4	20972	20821	13805	6715	0	39063	2731	1	95	3814	0	0
May 23, 2009 2:57:00 PM UTC	1243115820000	0	0	yes	44.8	248.6	20972	20821	13822	6567	0	39194	2805	2	142	3808	0	0
May 23, 2009 2:58:00 PM UTC	1243115880000	0	0	yes	44.6	248.9	20972	20821	13808	6635	0	39140	2760	0	116	3792	0	1
May 23, 2009 2:59:00 PM UTC	1243115940000	0	0	yes	44.5	249.1	20972	20821	13812	6679	0	39092	2739	0	95	3783	0	3
May 23, 2009 3:00:00 PM UTC	1243116000000	0	0	yes	44.3	249.4	20972	20821	13812	6679	0	39092	2748	0	103	3768	0	2
May 23, 2009 3:01:00 PM UTC	1243116060000	0	0	yes	44.2	249.6	20972	20821	13812	6671	0	39100	2761	8	103	3758	0	17
May 23, 2009 3:02:00 PM UTC	1243116120000	0	0	yes	44.0	249.8	20972	20821	13818	6601	0	39164	2784	8	101	3743	0	47
May 23, 2009 3:03:00 PM UTC	1243116180000	0	1	yes	43.9	250.1	20972	20821	13813	6626	0	39144	2773	0	111	3730	0	64
May 23, 2009 3:04:00 PM UTC	1243116240000	0	1	yes	43.7	250.3	20972	20821	13796	6696	0	39091	2732	0	108	3715	0	70
May 23, 2009 3:05:00 PM UTC	1243116300000	0	1	yes	43.5	250.6	20972	20821	13818	6602	0	39163	2789	0	112	3705	0	61
May 23, 2009 3:06:00 PM UTC	1243116360000	0	0	yes	43.4	250.8	20972	20821	13802	6686	0	39095	2741	2	115	3686	0	44
May 23, 2009 3:07:00 PM UTC	1243116420000	0	1	yes	43.2	251.0	20972	20821	13818	6599	0	39166	2792	2	126	3673	0	61
May 23, 2009 3:08:00 PM UTC	1243116480000	0	1	yes	43.1	251.3	20972	20821	13818	6599	0	39166	2795	2	163	3663	0	72
May 23, 2009 3:09:00 PM UTC	1243116540000	0	0	yes	42.9	251.5	20972	20821	13804	6721	0	39058	2733	0	101	3651	0	47
May 23, 2009 3:10:00 PM UTC	1243116600000	0	1	yes	42.8	251.7	20972	20821	13821	6642	0	39120	2781	1	219	3645	0	47
May 23, 2009 3:11:00 PM UTC	1243116660000	0	1	yes	42.6	252.0	20972	20821	13801	6733	0	39049	2730	0	168	3627	0	46
May 23, 2009 3:12:00 PM UTC	1243116720000	0	1	yes	42.4	252.2	20972	20821	13816	6667	0	39100	2773	7	231	3614	0	21
May 23, 2009 3:13:00 PM UTC	1243116780000	0	1	yes	42.3	252.4	20972	20821	13805	6715	0	39063	2750	8	289	3597	0	16
May 23, 2009 3:14:00 PM UTC	1243116840000	0	1	yes	42.1	252.7	20972	20821	13821	6647	0	39115	2788	23	258	3584	0	79
May 23, 2009 3:15:00 PM UTC	1243116900000	0	1	yes	42.0	252.9	20972	20821	13805	6714	0	39064	2746	8	384	3573	0	63
May 23, 2009 3:16:00 PM UTC	1243116960000	0	1	yes	41.8	253.1	20972	20821	13810	6693	0	39080	2766	10	333	3552	0	101
May 23, 2009 3:17:00 PM UTC	1243117020000	0	1	yes	41.7	253.4	20972	20821	13810	6693	0	39080	2765	22	365	3540	0	62
May 23, 2009 3:18:00 PM UTC	1243117080000	0	1	yes	41.5	253.6	20972	20821	13809	6701	0	39073	2762	7	312	3524	0	86
May 23, 2009 3:19:00 PM UTC	1243117140000	0	1	yes	41.3	253.8	20972	20821	13812	6607	0	39164	2786	21	332	3518	2	134
May 23, 2009 3:20:00 PM UTC	1243117200000	0	2	yes	41.2	254.1	20972	20821	13815	6626	0	39142	2793	21	411	3505	8	190
May 23, 2009 3:21:00 PM UTC	1243117260000	0	2	yes	41.0	254.3	20972	20821	13810	6645	0	39128	2777	49	437	3493	18	156
May 23, 2009 3:22:00 PM UTC	1243117320000	0	2	yes	40.9	254.5	20972	20821	13810	6645	0	39128	2784	39	398	3472	28	185
May 23, 2009 3:23:00 PM UTC	1243117380000	0	2	yes	40.7	254.7	20972	20821	13811	6643	0	39129	2788	30	466	3458	49	133
May 23, 2009 3:24:00 PM UTC	1243117440000	0	2	yes	40.5	255.0	20972	20821	13811	6643	0	39129	2789	42	496	3445	39	186
May 23, 2009 3:25:00 PM UTC	1243117500000	0	2	yes	40.4	255.2	20972	20821	13815	6627	0	39141	2797	59	427	3434	37	194
May 23, 2009 3:26:00 PM UTC	1243117560000	0	2	yes	40.2	255.4	20972	20821	13815	6627	0	39141	2795	88	422	3420	34	206
May 23, 2009 3:27:00 PM UTC	1243117620000	0	2	yes	40.1	255.6	20972	20821	13815	6625	0	39143	2798	126	442	3407	21	223
May 23, 2009 3:28:00 PM UTC	1243117680000	0	2	yes	39.9	255.8	20972	20821	13815	6625	0	39143	2801	149	487	3391	27	285
May 23, 2009 3:29:00 PM UTC	1243117740000	0	2	yes	39.7	256.1	20972	20821	13819	6607	0	39157	2809	152	502	3380	22	276
May 23, 2009 3:30:00 PM UTC	1243117800000	1	2	yes	39.6	256.3	20972	20821	13803	6677	0	39103	2768	175	517	3367	35	280
May 23, 2009 3:31:00 PM UTC	1243117860000	1	3	yes	39.4	256.5	20972	20821	13820	6607	0	39156	2819	233	651	3353	40	351
May 23, 2009 3:32:00 PM UTC	1243117920000	1	3	yes	39.2	256.7	20972	20821	13802	6755	0	39026	2751	271	656	3340	36	356
May 23, 2009 3:33:00 PM UTC	1243117980000	1	3	yes	39.1	256.9	20972	20821	13818	6681	0	39084	2797	334	707	3322	39	359
May 23, 2009 3:34:00 PM UTC	1243118040000	1	3	yes	38.9	257.2	20972	20821	13806	6739	0	39038	2764	347	749	3310	23	382
May 23, 2009 3:35:00 PM UTC	1243118100000	1	3	yes	38.8	257.4	20972	20821	13817	6681	0	39085	2800	447	851	3296	42	359
May 23, 2009 3:36:00 PM UTC	1243118160000	1	4	yes	38.6	257.6	20972	20821	13801	6753	0	39029	2752	481	910	3285	37	449
May 23, 2009 3:37:00 PM UTC	1243118220000	1	4	yes	38.4	257.8	20972	20821	13817	6683	0	39083	2803	521	1006	3268	25	450
May 23, 2009 3:38:00 PM UTC	1243118280000	2	4	yes	38.3	258.0	20972	20821	13801	6716	0	39066	2761	562	981	3256	16	498
May 23, 2009 3:39:00 PM UTC	1243118340000	2	4	yes	38.1	258.2	20972	20821	13823	6551	0	39209	2839	602	1122	3241	10	525
May 23, 2009 3:40:00 PM UTC	1243118400000	2	4	yes	37.9	258.4	20972	20821	13808	6611	0	39164	2798	599	1122	3233	7	516
May 23, 2009 3:41:00 PM UTC	1243118460000	1	4	yes	37.8	258.7	20972	20821	13807	6623	0	39153	2795	523	1118	3219	5	489
May 23, 2009 3:42:00 PM UTC	1243118520000	1	4	yes	37.6	258.9	20972	20821	13808	6626	0	39149	2797	510	1054	3206	2	412
May 23, 2009 3:43:00 PM UTC	1243118580000	1	4	yes	37.5	259.1	20972	20821	13809	6627	0	39147	2793	515	967	3196	2	377
May 23, 2009 3:44:00 PM UTC	1243118640000	1	3	yes	37.3	259.3	20972	20821	13807	6699	0	39077	2777	524	957	3178	1	340
May 23, 2009 3:45:00 PM UTC	1243118700000	1	4	yes	37.1	259.5	20972	20821	13809	6692	0	39082	2773	478	1004	3172	3	357
May 23, 2009 3:46:00 PM UTC	1243118760000	1	4	yes	37.0	259.7	20972	20821	13809	6692	0	39082	2771	474	1067	3162	0	325
May 23, 2009 3:47:00 PM UTC	1243118820000	1	4	yes	36.8	259.9	20972	20821	13809	6692	0	39082	2768	364	1171	3149	1	287
May 23, 2009 3:48:00 PM UTC	1243118880000	1	4	yes	36.6	260.1	20972	20821	13809	6692	0	39082	2768	357	1214	3142	0	267
May 23, 2009 3:49:00 PM UTC	1243118940000	1	4	yes	36.5	260.3	20972	20821	13809	6690	0	39084	2760	300	1107	3131	0	279
May 23, 2009 3:50:00 PM UTC	1243119000000	1	4	yes	36.3	260.5	20972	20821	13809	6690	0	39084	2754	327	1178	3125	0	306
May 23, 2009 3:51:00 PM UTC	1243119060000	1	4	yes	36.1	260.7	20972	20821	13812	6678	0	39093	2761	246	1169	3108	0	286
May 23, 2009 3:52:00 PM UTC	1243119120000	1	4	yes	36.0	261.0	20972	20821	13812	6678	0	39093	2758	257	1129	3095	0	325
May 23, 2009 3:53:00 PM UTC	1243119180000	1	4	yes	35.8	261.2	20972	20821	13812	6676	0	39095	2752	229	1078	3105	0	327
May 23, 2009 3:54:00 PM UTC	1243119240000	1	4	yes	35.7	261.4	20972	20821	13813	6683	0	39087	2751	300	1149	3086	0	306
May 23, 2009 3:55:00 PM UTC	1243119300000	1	4	yes	35.5	261.6	20972	20821	13813	6652	0	39118	2749	295	1128	3085	0	279
May 23, 2009 3:56:00 PM UTC	1243119360000	1	4	yes	35.3	261.8	20972	20821	13813	6652	0	39118	2748	326	1094	3065	0	279
May 23, 2009 3:57:00 PM UTC	1243119420000	1	4	yes	35.2	262.0	20972	20821	13813	6723	0	39047	2726	354	1178	3064	0	270
May 23, 2009 3:58:00 PM UTC	1243119480000	1	4	yes	35.0	262.2	20972	20821	13813	6723	0	39047	2722	364	1211	3054	0	295
May 23, 2009 3:59:00 PM UTC	1243119540000	1	4	yes	34.8	262.4	20972	20821	13816	6644	0	39123	2731	374	1188	3054	0	296
May 23, 2009 4:00:00 PM UTC	1243119600000	1	4	yes	34.7	262.6	20972	20821	13816	6644	0	39123	2727	385	1281	3041	0	296
May 23, 2009 4:01:00 PM UTC	1243119660000	1	4	yes	34.5	262.8	20972	20821	13817	6643	0	39123	2724	433	1240	3032	0	355
May 23, 2009 4:02:00 PM UTC	1243119720000	1	4	yes	34.3	263.0	20972	20821	13801	6715	0	39067	2674	400	1220	3029	0	279
May 23, 2009 4:03:00 PM UTC	1243119780000	1	4	yes	34.2	263.2	20972	20821	13817	6642	0	39124	2704	549	1104	3028	0	318
May 23, 2009 4:04:00 PM UTC	1243119840000	1	4	yes	34.0	263.4	20972	20821	13800	6715	0	39068	2667	470	1092	3013	0	286
May 23, 2009 4:05:00 PM UTC	1243119900000	1	4	yes	33.8	263.6	20972	20821	13818	6631	0	39134	2698	402	1107	3011	0	315
May 23, 2009 4:06:00 PM UTC	1243119960000	1	3	yes	33.7	263.8	20972	20821	13802	6703	0	39078	2652	482	1023	3008	0	288
May 23, 2009 4:07:00 PM UTC	1243120020000	1	4	yes	33.5	264.0	20972	20821	13818	6643	0	39122	2687	548	1001	2999	0	342
May 23, 2009 4:08:00 PM UTC	1243120080000	2	3	yes	33.3	264.2	20972	20821	13800	6719	0	39064	2645	629	910	2989	0	326
May 23, 2009 4:09:00 PM UTC	1243120140000	2	4	yes	33.2	264.4	20972	20821	13818	6641	0	39124	2672	685	1024	2987	0	328
May 23, 2009 4:10:00 PM UTC	1243120200000	2	4	yes	33.0	264.6	20972	20821	13802	6712	0	39069	2629	626	1111	2980	0	337
May 23, 2009 4:11:00 PM UTC	1243120260000	2	4	yes	32.9	264.8	20972	20821	13816	6697	0	39070	2636	586	1178	2979	0	329
May 23, 2009 4:12:00 PM UTC	1243120320000	1	4	yes	32.7	265.0	20972	20821	13798	6775	0	39010	2585	531	1192	2972	0	298
May 23, 2009 4:13:00 PM UTC	1243120380000	2	4	yes	32.5	265.2	20972	20821	13815	6696	0	39072	2630	576	1146	2961	0	336
May 23, 2009 4:14:00 PM UTC	1243120440000	1	4	yes	32.4	265.4	20972	20821	13799	6764	0	39020	2589	523	1100	2956	0	348
May 23, 2009 4:15:00 PM UTC	1243120500000	2	4	yes	32.2	265.6	20972	20821	13814	6686	0	39083	2611	624	1020	2961	0	362
May 23, 2009 4:16:00 PM UTC	1243120560000	2	3	yes	32.0	265.8	20972	20821	13798	6764	0	39021	2567	626	980	2953	7	329
May 23, 2009 4:17:00 PM UTC	1243120620000	2	4	yes	31.9	265.9	20972	20821	13817	6613	0	39153	2616	638	1024	2951	0	372
May 23, 2009 4:18:00 PM UTC	1243120680000	2	4	yes	31.7	266.1	20972	20821	13817	6613	0	39153	2608	698	1051	2947	0	447
May 23, 2009 4:19:00 PM UTC	1243120740000	2	4	yes	31.5	266.3	20972	20821	13817	6612	0	39154	2596	654	1079	2945	1	435
May 23, 2009 4:20:00 PM UTC	1243120800000	2	4	yes	31.4	266.5	20972	20821	13817	6612	0	39154	2592	687	1047	2938	0	425
May 23, 2009 4:21:00 PM UTC	1243120860000	2	4	yes	31.2	266.7	20972	20821	13817	6623	0	39143	2578	739	1000	2938	1	426
May 23, 2009 4:22:00 PM UTC	1243120920000	2	4	yes	31.0	266.9	20972	20821	13817	6623	0	39143	2574	725	991	2930	0	395
May 23, 2009 4:23:00 PM UTC	1243120980000	2	4	yes	30.9	267.1	20972	20821	13818	6617	0	39148	2562	742	1021	2931	2	518
May 23, 2009 4:24:00 PM UTC	1243121040000	2	4	yes	30.7	267.3	20972	20821	13818	6617	0	39148	2553	772	969	2930	1	502
May 23, 2009 4:25:00 PM UTC	1243121100000	2	4	yes	30.5	267.5	20972	20821	13803	6689	0	39091	2507	768	957	2923	8	499
May 23, 2009 4:26:00 PM UTC	1243121160000	2	4	yes	30.4	267.7	20972	20821	13819	6615	0	39149	2537	785	929	2915	1	497
May 23, 2009 4:27:00 PM UTC	1243121220000	2	4	yes	30.2	267.9	20972	20821	13802	6747	0	39034	2463	782	940	2921	9	504
May 23, 2009 4:28:00 PM UTC	1243121280000	2	4	yes	30.0	268.1	20972	20821	13819	6676	0	39088	2501	783	936	2914	5	451
May 23, 2009 4:29:00 PM UTC	1243121340000	2	4	yes	29.9	268.2	20972	20821	13802	6747	0	39034	2449	801	897	2915	10	480
May 23, 2009 4:30:00 PM UTC	1243121400000	2	4	yes	29.7	268.4	20972	20821	13821	6672	0	39090	2467	843	934	2918	8	530
May 23, 2009 4:31:00 PM UTC	1243121460000	2	4	yes	29.5	268.6	20972	20821	13802	6747	0	39034	2430	766	955	2912	7	489
May 23, 2009 4:32:00 PM UTC	1243121520000	2	4	yes	29.4	268.8	20972	20821	13821	6674	0	39088	2460	847	920	2910	5	514
May 23, 2009 4:33:00 PM UTC	1243121580000	2	4	yes	29.2	269.0	20972	20821	13802	6747	0	39034	2410	772	950	2908	4	471
May 23, 2009 4:34:00 PM UTC	1243121640000	2	4	yes	29.0	269.2	20972	20821	13820	6597	0	39166	2457	895	948	2902	7	503
May 23, 2009 4:35:00 PM UTC	1243121700000	2	4	yes	28.9	269.4	20972	20821	13801	6670	0	39112	2388	880	919	2905	17	551
May 23, 2009 4:36:00 PM UTC	1243121760000	2	4	yes	28.7	269.6	20972	20821	13819	6597	0	39167	2436	910	975	2905	2	538
May 23, 2009 4:37:00 PM UTC	1243121820000	3	4	yes	28.5	269.8	20972	20821	13819	6597	0	39167	2428	950	916	2899	18	536
May 23, 2009 4:38:00 PM UTC	1243121880000	3	4	yes	28.4	269.9	20972	20821	13819	6597	0	39167	2409	959	924	2904	22	583
May 23, 2009 4:39:00 PM UTC	1243121940000	2	4	yes	28.2	270.1	20972	20821	13800	6747	0	39036	2351	921	892	2901	22	567
May 23, 2009 4:40:00 PM UTC	1243122000000	3	4	yes	28.0	270.3	20972	20821	13819	6589	0	39175	2394	983	904	2897	24	545
May 23, 2009 4:41:00 PM UTC	1243122060000	3	4	yes	27.9	270.5	20972	20821	13819	6589	0	39175	2378	995	866	2902	18	521
May 23, 2009 4:42:00 PM UTC	1243122120000	3	4	yes	27.7	270.7	20972	20821	13801	6662	0	39120	2312	987	877	2900	20	634
May 23, 2009 4:43:00 PM UTC	1243122180000	3	4	yes	27.5	270.9	20972	20821	13820	6674	0	39089	2333	994	906	2898	15	532
May 23, 2009 4:44:00 PM UTC	1243122240000	3	4	yes	27.4	271.1	20972	20821	13802	6747	0	39034	2290	1019	855	2899	30	578
May 23, 2009 4:45:00 PM UTC	1243122300000	3	4	yes	27.2	271.2	20972	20821	13821	6674	0	39088	2315	1030	911	2902	36	592
May 23, 2009 4:46:00 PM UTC	1243122360000	3	4	yes	27.0	271.4	20972	20821	13802	6747	0	39034	2272	1004	872	2900	38	571
May 23, 2009 4:47:00 PM UTC	1243122420000	3	4	yes	26.9	271.6	20972	20821	13821	6672	0	39090	2287	1052	861	2900	38	658
May 23, 2009 4:48:00 PM UTC	1243122480000	3	4	yes	26.7	271.8	20972	20821	13802	6747	0	39034	2250	1017	861	2898	38	624
May 23, 2009 4:49:00 PM UTC	1243122540000	3	4	yes	26.5	272.0	20972	20821	13819	6676	0	39088	2267	1054	844	2901	34	647
May 23, 2009 4:50:00 PM UTC	1243122600000	3	4	yes	26.4	272.2	20972	20821	13802	6747	0	39034	2220	1042	833	2901	37	593
May 23, 2009 4:51:00 PM UTC	1243122660000	3	4	yes	26.2	272.3	20972	20821	13819	6623	0	39141	2265	1088	857	2902	63	687
May 23, 2009 4:52:00 PM UTC	1243122720000	3	4	yes	26.0	272.5	20972	20821	13803	6694	0	39086	2211	1071	820	2907	62	729
May 23, 2009 4:53:00 PM UTC	1243122780000	3	4	yes	25.9	272.7	20972	20821	13818	6621	0	39144	2236	1126	841	2908	48	725
May 23, 2009 4:54:00 PM UTC	1243122840000	3	4	yes	25.7	272.9	20972	20821	13818	6621	0	39144	2226	1113	809	2906	80	664
May 23, 2009 4:55:00 PM UTC	1243122900000	3	4	yes	25.5	273.1	20972	20821	13817	6621	0	39145	2208	1113	849	2910	85	697
May 23, 2009 4:56:00 PM UTC	1243122960000	3	4	yes	25.4	273.3	20972	20821	13817	6621	0	39145	2200	1115	808	2909	55	725
May 23, 2009 4:57:00 PM UTC	1243123020000	3	4	yes	25.2	273.4	20972	20821	13801	6680	0	39102	2155	1073	805	2907	69	718
May 23, 2009 4:58:00 PM UTC	1243123080000	3	4	yes	25.1	273.6	20972	20821	13817	6607	0	39159	2174	1121	766	2917	104	661
May 23, 2009 4:59:00 PM UTC	1243123140000	3	4	yes	24.9	273.8	20972	20821	13799	6681	0	39103	2127	1087	818	2916	47	753
May 23, 2009 5:00:00 PM UTC	1243123200000	3	4	yes	24.7	274.0	20972	20821	13817	6607	0	39159	2144	1104	775	2919	64	704
May 23, 2009 5:01:00 PM UTC	1243123260000	3	4	yes	24.6	274.2	20972	20821	13802	6675	0	39106	2105	1048	783	2917	48	693
May 23, 2009 5:02:00 PM UTC	1243123320000	3	4	yes	24.4	274.4	20972	20821	13814	6686	0	39083	2113	1073	798	2919	47	755
May 23, 2009 5:03:00 PM UTC	1243123380000	3	4	yes	24.2	274.5	20972	20821	13799	6764	0	39020	2061	1062	779	2927	55	643
May 23, 2009 5:04:00 PM UTC	1243123440000	3	4	yes	24.1	274.7	20972	20821	13815	6697	0	39071	2082	1064	737	2926	51	814
May 23, 2009 5:05:00 PM UTC	1243123500000	3	4	yes	23.9	274.9	20972	20821	13815	6697	0	39071	2071	1082	745	2926	54	708
May 23, 2009 5:06:00 PM UTC	1243123560000	3	4	yes	23.7	275.1	20972	20821	13816	6696	0	39071	2054	1051	748	2935	61	688
May 23, 2009 5:07:00 PM UTC	1243123620000	3	4	yes	23.6	275.3	20972	20821	13816	6696	0	39071	2044	1087	746	2933	63	715
May 23, 2009 5:08:00 PM UTC	1243123680000	3	4	yes	23.4	275.4	20972	20821	13802	6716	0	39065	2010	1012	794	2939	58	689
May 23, 2009 5:09:00 PM UTC	1243123740000	3	4	yes	23.2	275.6	20972	20821	13818	6645	0	39120	2028	1084	731	2944	79	697
May 23, 2009 5:10:00 PM UTC	1243123800000	3	4	yes	23.1	275.8	20972	20821	13800	6721	0	39062	1985	1058	751	2945	91	753
May 23, 2009 5:11:00 PM UTC	1243123860000	3	4	yes	22.9	276.0	20972	20821	13818	6643	1	39121	2001	1105	732	2949	89	797
May 23, 2009 5:12:00 PM UTC	1243123920000	3	4	yes	22.7	276.2	20972	20821	13802	6703	1	39077	1954	1058	761	2955	84	764
May 23, 2009 5:13:00 PM UTC	1243123980000	3	4	yes	22.6	276.3	20972	20821	13818	6630	2	39133	1974	1091	736	2954	80	816
May 23, 2009 5:14:00 PM UTC	1243124040000	3	4	yes	22.4	276.5	20972	20821	13818	6630	4	39131	1964	1091	743	2957	85	784
May 23, 2009 5:15:00 PM UTC	1243124100000	3	4	yes	22.2	276.7	20972	20821	13817	6639	6	39121	1945	1155	652	2968	87	825
May 23, 2009 5:16:00 PM UTC	1243124160000	3	4	yes	22.1	276.9	20972	20821	13817	6639	8	39119	1934	1109	697	2966	88	847
May 23, 2009 5:17:00 PM UTC	1243124220000	3	4	yes	21.9	277.0	20972	20821	13817	6639	12	39115	1919	1136	660	2974	99	785
May 23, 2009 5:18:00 PM UTC	1243124280000	3	4	yes	21.7	277.2	20972	20821	13817	6639	16	39111	1908	1130	683	2973	107	799
May 23, 2009 5:19:00 PM UTC	1243124340000	3	4	yes	21.6	277.4	20972	20821	13801	6711	16	39055	1863	1124	623	2981	107	783
May 23, 2009 5:20:00 PM UTC	1243124400000	3	4	yes	21.4	277.6	20972	20821	13816	6637	22	39108	1883	1154	644	2983	135	755
May 23, 2009 5:21:00 PM UTC	1243124460000	3	4	yes	21.2	277.8	20972	20821	13816	6637	27	39103	1872	1164	612	2985	144	797
May 23, 2009 5:22:00 PM UTC	1243124520000	3	4	yes	21.1	277.9	20972	20821	13813	6722	30	39018	1844	1134	628	2994	128	796
May 23, 2009 5:23:00 PM UTC	1243124580000	3	4	yes	20.9	278.1	20972	20821	13813	6658	33	39079	1839	1134	606	2999	152	782
May 23, 2009 5:24:00 PM UTC	1243124640000	3	4	yes	20.8	278.3	20972	20821	13813	6656	36	39078	1827	1092	642	2999	145	825
May 23, 2009 5:25:00 PM UTC	1243124700000	3	4	yes	20.6	278.5	20972	20821	13813	6656	41	39073	1808	1115	578	3013	168	831
May 23, 2009 5:26:00 PM UTC	1243124760000	3	4	yes	20.4	278.6	20972	20821	13812	6680	43	39048	1795	1082	609	3013	167	772
May 23, 2009 5:27:00 PM UTC	1243124820000	3	4	yes	20.3	278.8	20972	20821	13812	6680	44	39047	1784	1068	592	3022	197	765
May 23, 2009 5:28:00 PM UTC	1243124880000	3	4	yes	20.1	279.0	20972	20821	13812	6679	46	39046	1768	1041	602	3022	199	772
May 23, 2009 5:29:00 PM UTC	1243124940000	3	4	yes	19.9	279.2	20972	20821	13812	6679	50	39042	1758	1077	559	3036	196	845
May 23, 2009 5:30:00 PM UTC	1243125000000	4	4	yes	19.8	279.4	20972	20821	13812	6679	52	39040	1746	1108	531	3033	244	844
May 23, 2009 5:31:00 PM UTC	1243125060000	4	4	yes	19.6	279.5	20972	20821	13809	6688	55	39031	1727	1123	515	3040	281	905
May 23, 2009 5:32:00 PM UTC	1243125120000	4	4	yes	19.4	279.7	20972	20821	13809	6688	57	39029	1714	1070	553	3042	296	898
May 23, 2009 5:33:00 PM UTC	1243125180000	4	4	yes	19.3	279.9	20972	20821	13809	6687	60	39027	1702	1087	519	3057	338	915
May 23, 2009 5:34:00 PM UTC	1243125240000	4	4	yes	19.1	280.1	20972	20821	13809	6687	62	39025	1686	1100	486	3060	312	894
May 23, 2009 5:35:00 PM UTC	1243125300000	4	4	yes	19.0	280.2	20972	20821	13809	6686	64	39024	1676	1087	501	3064	308	965
May 23, 2009 5:36:00 PM UTC	1243125360000	4	4	yes	18.8	280.4	20972	20821	13809	6686	66	39022	1663	1097	468	3068	319	961
May 23, 2009 5:37:00 PM UTC	1243125420000	4	4	yes	18.6	280.6	20972	20821	13825	6614	75	39069	1677	1107	458	3076	322	1010
May 23, 2009 5:38:00 PM UTC	1243125480000	4	4	yes	18.5	280.8	20972	20821	13807	6693	73	39010	1629	1062	470	3087	285	990
May 23, 2009 5:39:00 PM UTC	1243125540000	4	4	yes	18.3	280.9	20972	20821	13809	6627	75	39072	1633	1073	445	3089	289	997
May 23, 2009 5:40:00 PM UTC	1243125600000	4	4	yes	18.1	281.1	20972	20821	13808	6624	75	39076	1617	1065	450	3098	314	991
May 23, 2009 5:41:00 PM UTC	1243125660000	4	4	yes	18.0	281.3	20972	20821	13807	6621	77	39078	1598	1053	444	3109	303	1008
May 23, 2009 5:42:00 PM UTC	1243125720000	3	4	yes	17.8	281.5	20972	20821	13823	6549	89	39122	1617	1055	438	3109	254	1026
May 23, 2009 5:43:00 PM UTC	1243125780000	3	4	yes	17.6	281.7	20972	20821	13808	6607	83	39085	1574	1050	430	3121	201	1142
May 23, 2009 5:44:00 PM UTC	1243125840000	3	4	yes	17.5	281.8	20972	20821	13820	6647	87	39029	1572	1056	394	3127	230	990
May 23, 2009 5:45:00 PM UTC	1243125900000	4	4	yes	17.3	282.0	20972	20821	13801	6719	83	38980	1535	1042	401	3130	294	1060
May 23, 2009 5:46:00 PM UTC	1243125960000	3	4	yes	17.2	282.2	20972	20821	13817	6684	90	38992	1539	1056	386	3145	212	1216
May 23, 2009 5:47:00 PM UTC	1243126020000	3	4	yes	17.0	282.4	20972	20821	13801	6753	86	38943	1505	965	447	3151	204	1161
May 23, 2009 5:48:00 PM UTC	1243126080000	3	4	yes	16.8	282.5	20972	20821	13801	6753	88	38941	1493	1038	356	3159	269	1036
May 23, 2009 5:49:00 PM UTC	1243126140000	3	4	yes	16.7	282.7	20972	20821	13821	6665	98	38999	1510	1038	366	3166	283	1043
May 23, 2009 5:50:00 PM UTC	1243126200000	3	4	yes	16.5	282.9	20972	20821	13806	6737	91	38949	1470	1040	334	3176	226	1050
May 23, 2009 5:51:00 PM UTC	1243126260000	3	4	yes	16.3	283.1	20972	20821	13818	6678	98	38989	1479	1010	361	3182	247	1078
May 23, 2009 5:52:00 PM UTC	1243126320000	4	4	yes	16.2	283.2	20972	20821	13802	6751	93	38937	1434	1032	307	3193	329	1039
May 23, 2009 5:53:00 PM UTC	1243126380000	3	4	yes	16.0	283.4	20972	20821	13817	6680	98	38988	1447	1059	286	3202	261	1141
May 23, 2009 5:54:00 PM UTC	1243126440000	3	4	yes	15.9	283.6	20972	20821	13803	6680	93	39007	1419	1001	322	3208	237	1117
May 23, 2009 5:55:00 PM UTC	1243126500000	3	4	yes	15.7	283.8	20972	20821	13819	6609	103	39052	1429	1001	324	3218	246	1201
May 23, 2009 5:56:00 PM UTC	1243126560000	3	4	yes	15.5	283.9	20972	20821	13819	6609	108	39047	1415	994	313	3230	238	1142
May 23, 2009 5:57:00 PM UTC	1243126620000	3	4	yes	15.4	284.1	20972	20821	13798	6696	99	38990	1375	986	287	3238	273	1128
May 23, 2009 5:58:00 PM UTC	1243126680000	3	4	yes	15.2	284.3	20972	20821	13815	6625	102	39041	1386	1006	278	3248	265	1159
May 23, 2009 5:59:00 PM UTC	1243126740000	3	4	yes	15.1	284.5	20972	20821	13802	6696	103	38982	1349	993	253	3257	279	1153
May 23, 2009 6:00:00 PM UTC	1243126800000	3	4	yes	14.9	284.6	20972	20821	13815	6623	109	39036	1357	1004	244	3268	268	1196
May 23, 2009 6:01:00 PM UTC	1243126860000	4	4	yes	14.7	284.8	20972	20821	13815	6623	110	39035	1340	1031	195	3277	328	1148
May 23, 2009 6:02:00 PM UTC	1243126920000	3	4	yes	14.6	285.0	20972	20821	13811	6639	108	39025	1322	993	220	3288	311	1080
May 23, 2009 6:03:00 PM UTC	1243126980000	3	4	yes	14.4	285.2	20972	20821	13811	6639	105	39028	1309	982	222	3296	316	1160
May 23, 2009 6:04:00 PM UTC	1243127040000	4	4	yes	14.3	285.3	20972	20821	13810	6639	111	39023	1300	995	194	3305	334	1197
May 23, 2009 6:05:00 PM UTC	1243127100000	4	4	yes	14.1	285.5	20972	20821	13810	6639	109	39025	1287	985	193	3316	350	1206
May 23, 2009 6:06:00 PM UTC	1243127160000	4	4	yes	13.9	285.7	20972	20821	13810	6639	108	39026	1275	999	168	3330	362	1204
May 23, 2009 6:07:00 PM UTC	1243127220000	4	4	yes	13.8	285.9	20972	20821	13810	6637	106	39030	1260	985	169	3342	345	1219
May 23, 2009 6:08:00 PM UTC	1243127280000	3	4	yes	13.6	286.0	20972	20821	13808	6679	108	38988	1242	977	157	3352	349	1195
May 23, 2009 6:09:00 PM UTC	1243127340000	4	4	yes	13.5	286.2	20972	20821	13812	6604	112	39055	1240	983	145	3362	390	1183
May 23, 2009 6:10:00 PM UTC	1243127400000	4	4	yes	13.3	286.4	20972	20821	13809	6705	111	38958	1217	968	138	3374	388	1201
May 23, 2009 6:11:00 PM UTC	1243127460000	4	4	yes	13.1	286.6	20972	20821	13810	6695	109	38969	1206	947	150	3385	390	1196
May 23, 2009 6:12:00 PM UTC	1243127520000	4	4	yes	13.0	286.7	20972	20821	13810	6695	108	38970	1191	945	138	3399	381	1215
May 23, 2009 6:13:00 PM UTC	1243127580000	3	4	yes	12.8	286.9	20972	20821	13820	6645	113	39005	1192	958	121	3419	353	1272
May 23, 2009 6:14:00 PM UTC	1243127640000	4	4	yes	12.7	287.1	20972	20821	13805	6714	103	38961	1158	932	123	3429	408	1211
May 23, 2009 6:15:00 PM UTC	1243127700000	4	4	yes	12.5	287.3	20972	20821	13805	6714	109	38955	1144	928	107	3442	398	1203
May 23, 2009 6:16:00 PM UTC	1243127760000	3	4	yes	12.3	287.5	20972	20821	13805	6714	108	38956	1128	922	98	3457	400	1258
May 23, 2009 6:17:00 PM UTC	1243127820000	4	4	yes	12.2	287.6	20972	20821	13805	6714	107	38957	1118	928	83	3468	417	1264
May 23, 2009 6:18:00 PM UTC	1243127880000	4	4	yes	12.0	287.8	20972	20821	13816	6664	109	38994	1117	934	74	3480	407	1265
May 23, 2009 6:19:00 PM UTC	1243127940000	4	4	yes	11.9	288.0	20972	20821	13801	6729	99	38954	1090	921	70	3487	441	1285
May 23, 2009 6:20:00 PM UTC	1243128000000	4	4	yes	11.7	288.2	20972	20821	13817	6659	102	39005	1095	949	44	3502	554	1343
May 23, 2009 6:21:00 PM UTC	1243128060000	4	4	yes	11.6	288.3	20972	20821	13804	6718	99	38962	1070	926	45	3509	493	1398
May 23, 2009 6:22:00 PM UTC	1243128120000	4	4	yes	11.4	288.5	20972	20821	13804	6718	102	38959	1056	915	39	3523	548	1354
May 23, 2009 6:23:00 PM UTC	1243128180000	4	4	yes	11.2	288.7	20972	20821	13818	6602	106	39057	1063	935	22	3538	548	1372
May 23, 2009 6:24:00 PM UTC	1243128240000	4	4	yes	11.1	288.9	20972	20821	13806	6652	101	39024	1033	912	20	3549	603	1395
May 23, 2009 6:25:00 PM UTC	1243128300000	4	4	yes	10.9	289.0	20972	20821	13818	6602	102	39061	1037	911	24	3563	599	1416
May 23, 2009 6:26:00 PM UTC	1243128360000	4	4	yes	10.8	289.2	20972	20821	13801	6690	95	38997	1004	895	14	3572	635	1350
May 23, 2009 6:27:00 PM UTC	1243128420000	4	4	yes	10.6	289.4	20972	20821	13818	6599	100	39066	1014	899	15	3588	626	1386
May 23, 2009 6:28:00 PM UTC	1243128480000	4	4	yes	10.5	289.6	20972	20821	13812	6623	97	39051	997	889	11	3599	645	1381
May 23, 2009 6:29:00 PM UTC	1243128540000	4	4	yes	10.3	289.7	20972	20821	13813	6621	98	39051	984	878	8	3613	639	1380
May 23, 2009 6:30:00 PM UTC	1243128600000	4	4	yes	10.1	289.9	20972	20821	13813	6621	93	39056	970	873	4	3627	668	1343
May 23, 2009 6:31:00 PM UTC	1243128660000	4	4	yes	10.0	290.1	20972	20821	13798	6689	88	39008	943	850	5	3635	678	1375
May 23, 2009 6:32:00 PM UTC	1243128720000	4	4	yes	9.8	290.3	20972	20821	13818	6596	96	39073	951	852	3	3649	709	1381
May 23, 2009 6:33:00 PM UTC	1243128780000	4	4	yes	9.7	290.4	20972	20821	13812	6664	94	39013	932	837	1	3659	727	1329
May 23, 2009 6:34:00 PM UTC	1243128840000	4	4	yes	9.5	290.6	20972	20821	13812	6673	92	39006	917	823	2	3673	687	1396
May 23, 2009 6:35:00 PM UTC	1243128900000	4	4	yes	9.4	290.8	20972	20821	13812	6673	91	39007	907	813	3	3683	653	1312
May 23, 2009 6:36:00 PM UTC	1243128960000	4	4	yes	9.2	291.0	20972	20821	13811	6672	89	39011	894	801	4	3695	598	1325
May 23, 2009 6:37:00 PM UTC	1243129020000	4	4	yes	9.0	291.2	20972	20821	13808	6631	88	39056	879	791	0	3711	671	1361
May 23, 2009 6:38:00 PM UTC	1243129080000	4	4	yes	8.9	291.3	20972	20821	13808	6631	89	39055	871	773	9	3716	577	1339
May 23, 2009 6:39:00 PM UTC	1243129140000	4	4	yes	8.7	291.5	20972	20821	13806	6630	89	39058	856	763	4	3733	627	1354
May 23, 2009 6:40:00 PM UTC	1243129200000	4	4	yes	8.6	291.7	20972	20821	13805	6717	85	38976	839	750	4	3742	600	1295
May 23, 2009 6:41:00 PM UTC	1243129260000	4	4	yes	8.4	291.9	20972	20821	13826	6622	92	39043	850	757	1	3760	626	1374
May 23, 2009 6:42:00 PM UTC	1243129320000	3	4	yes	8.3	292.0	20972	20821	13805	6716	86	38976	817	729	2	3763	539	1286
May 23, 2009 6:43:00 PM UTC	1243129380000	3	4	yes	8.1	292.2	20972	20821	13821	6648	89	39025	820	730	1	3782	575	1384
May 23, 2009 6:44:00 PM UTC	1243129440000	3	4	yes	8.0	292.4	20972	20821	13805	6714	85	38979	790	704	1	3792	552	1339
May 23, 2009 6:45:00 PM UTC	1243129500000	3	3	yes	7.8	292.6	20972	20821	13819	6645	88	39031	800	705	7	3803	440	1260
May 23, 2009 6:46:00 PM UTC	1243129560000	3	3	yes	7.7	292.8	20972	20821	13816	6661	85	39021	781	690	6	3814	559	1285
May 23, 2009 6:47:00 PM UTC	1243129620000	3	3	yes	7.5	292.9	20972	20821	13799	6753	83	38948	757	646	28	3814	474	1171
May 23, 2009 6:48:00 PM UTC	1243129680000	3	4	yes	7.4	293.1	20972	20821	13813	6686	83	39001	759	655	21	3835	464	1338
May 23, 2009 6:49:00 PM UTC	1243129740000	3	3	yes	7.2	293.3	20972	20821	13805	6725	78	38975	738	648	12	3841	469	1168
May 23, 2009 6:50:00 PM UTC	1243129800000	3	4	yes	7.1	293.5	20972	20821	13815	6622	83	39063	738	621	34	3859	412	1319
May 23, 2009 6:51:00 PM UTC	1243129860000	3	3	yes	6.9	293.6	20972	20821	13815	6622	85	39061	726	612	29	3870	408	1235
May 23, 2009 6:52:00 PM UTC	1243129920000	3	4	yes	6.7	293.8	20972	20821	13815	6621	80	39067	717	596	41	3881	352	1319
May 23, 2009 6:53:00 PM UTC	1243129980000	3	3	yes	6.6	294.0	20972	20821	13815	6621	81	39066	702	583	38	3894	378	1095
May 23, 2009 6:54:00 PM UTC	1243130040000	3	3	yes	6.4	294.2	20972	20821	13793	6725	74	38991	675	581	20	3895	466	1186
May 23, 2009 6:55:00 PM UTC	1243130100000	2	3	yes	6.3	294.4	20972	20821	13809	6648	77	39049	674	468	129	3916	309	1178
May 23, 2009 6:56:00 PM UTC	1243130160000	2	3	yes	6.1	294.5	20972	20821	13809	6648	76	39050	665	476	113	3924	340	1225
May 23, 2009 6:57:00 PM UTC	1243130220000	2	4	yes	6.0	294.7	20972	20821	13815	6618	78	39072	656	461	117	3943	368	1361
May 23, 2009 6:58:00 PM UTC	1243130280000	2	4	yes	5.8	294.9	20972	20821	13808	6652	78	39045	639	422	139	3949	230	1261
May 23, 2009 6:59:00 PM UTC	1243130340000	2	4	yes	5.7	295.1	20972	20821	13824	6595	81	39083	641	440	120	3964	344	1272
May 23, 2009 7:00:00 PM UTC	1243130400000	1	4	yes	5.5	295.3	20972	20821	13808	6663	79	39033	619	330	209	3967	163	1245
May 23, 2009 7:01:00 PM UTC	1243130460000	1	4	yes	5.4	295.4	20972	20821	13808	6663	83	39029	609	312	214	3976	159	1290
May 23, 2009 7:02:00 PM UTC	1243130520000	2	4	yes	5.2	295.6	20972	20821	13801	6741	85	38956	588	344	159	3984	249	1208
May 23, 2009 7:03:00 PM UTC	1243130580000	2	3	yes	5.1	295.8	20972	20821	13804	6678	91	39010	584	319	174	3994	271	1161
May 23, 2009 7:04:00 PM UTC	1243130640000	1	4	yes	4.9	296.0	20972	20821	13825	6581	100	39077	588	184	304	4020	142	1114
May 23, 2009 7:05:00 PM UTC	1243130700000	1	4	yes	4.8	296.2	20972	20821	13810	6644	99	39030	569	204	265	4022	89	1134
May 23, 2009 7:06:00 PM UTC	1243130760000	1	4	yes	4.6	296.3	20972	20821	13817	6613	106	39047	560	224	230	4040	105	1196
May 23, 2009 7:07:00 PM UTC	1243130820000	1	4	yes	4.5	296.5	20972	20821	13802	6676	108	38997	541	153	280	4041	31	1129
May 23, 2009 7:08:00 PM UTC	1243130880000	1	4	yes	4.3	296.7	20972	20821	13817	6610	114	39042	544	163	267	4057	83	1147
May 23, 2009 7:09:00 PM UTC	1243130940000	1	3	yes	4.2	296.9	20972	20821	13817	6610	118	39038	536	100	315	4063	78	973
May 23, 2009 7:10:00 PM UTC	1243131000000	0	3	yes	4.0	297.1	20972	20821	13801	6675	118	38989	511	80	301	4068	30	928
May 23, 2009 7:11:00 PM UTC	1243131060000	1	3	yes	3.9	297.2	20972	20821	13817	6630	130	39006	512	94	278	4092	101	970
May 23, 2009 7:12:00 PM UTC	1243131120000	0	3	yes	3.8	297.4	20972	20821	13817	6630	141	38995	503	86	263	4100	10	994
May 23, 2009 7:13:00 PM UTC	1243131180000	1	3	yes	3.6	297.6	20972	20821	13809	6660	144	38970	484	80	253	4101	72	953
May 23, 2009 7:14:00 PM UTC	1243131240000	0	3	yes	3.5	297.8	20972	20821	13809	6660	157	38957	478	61	235	4107	21	983
May 23, 2009 7:15:00 PM UTC	1243131300000	0	3	yes	3.3	298.0	20972	20821	13810	6660	173	38940	463	56	195	4127	70	783
May 23, 2009 7:16:00 PM UTC	1243131360000	0	3	yes	3.2	298.2	20972	20821	13819	6569	193	39002	469	50	218	4135	60	759
May 23, 2009 7:17:00 PM UTC	1243131420000	0	2	yes	3.0	298.3	20972	20821	13811	6601	207	38964	451	37	138	4141	49	694
