March 22, 2007 6:23:00 AM UTC	1174569780000	2	2	no	3.1	92.5	20972	20821	13804	6685	189	38905	446	61	6	4140	496	605
March 22, 2007 6:24:00 AM UTC	1174569840000	2	2	no	3.2	92.7	20972	20821	13818	6618	184	38963	470	113	15	4138	710	430
March 22, 2007 6:25:00 AM UTC	1174569900000	2	3	no	3.4	92.9	20972	20821	13818	6618	170	38977	479	132	10	4128	706	504
March 22, 2007 6:26:00 AM UTC	1174569960000	2	3	no	3.6	93.1	20972	20821	13817	6626	154	38986	490	172	49	4116	769	653
March 22, 2007 6:27:00 AM UTC	1174570020000	3	3	no	3.7	93.3	20972	20821	13817	6626	144	38996	501	251	67	4104	744	631
March 22, 2007 6:28:00 AM UTC	1174570080000	2	2	no	3.9	93.4	20972	20821	13801	6682	125	38975	498	131	59	4087	801	420
March 22, 2007 6:29:00 AM UTC	1174570140000	2	3	no	4.1	93.6	20972	20821	13817	6612	123	39031	522	121	19	4085	466	836
March 22, 2007 6:30:00 AM UTC	1174570200000	1	5	no	4.2	93.8	20972	20821	13799	6685	111	38988	518	27	42	4067	268	1032
March 22, 2007 6:31:00 AM UTC	1174570260000	1	9	no	4.4	94.0	20972	20821	13817	6613	110	39043	545	21	34	4063	292	1423
March 22, 2007 6:32:00 AM UTC	1174570320000	1	11	no	4.6	94.2	20972	20821	13800	6692	104	38987	543	35	77	4039	208	1664
March 22, 2007 6:33:00 AM UTC	1174570380000	0	16	no	4.7	94.4	20972	20821	13812	6700	102	38969	561	22	42	4034	101	1265
March 22, 2007 6:34:00 AM UTC	1174570440000	0	20	no	4.9	94.6	20972	20821	13799	6767	95	38922	561	78	71	4015	82	1101
March 22, 2007 6:35:00 AM UTC	1174570500000	2	21	no	5.0	94.8	20972	20821	13817	6687	94	38985	589	14	13	4011	152	1452
March 22, 2007 6:36:00 AM UTC	1174570560000	4	18	no	5.2	94.9	20972	20821	13800	6766	86	38931	583	53	17	3995	706	1334
March 22, 2007 6:37:00 AM UTC	1174570620000	6	14	no	5.4	95.1	20972	20821	13816	6698	82	38987	607	91	33	3988	1407	1016
March 22, 2007 6:38:00 AM UTC	1174570680000	10	10	no	5.5	95.3	20972	20821	13802	6688	76	39017	613	213	16	3970	2165	646
March 22, 2007 6:39:00 AM UTC	1174570740000	10	11	no	5.7	95.5	20972	20821	13818	6643	74	39048	635	398	25	3967	2420	457
March 22, 2007 6:40:00 AM UTC	1174570800000	10	10	no	5.9	95.7	20972	20821	13818	6643	79	39043	648	524	17	3954	2163	385
March 22, 2007 6:41:00 AM UTC	1174570860000	7	13	no	6.0	95.9	20972	20821	13818	6644	81	39040	658	438	72	3944	1662	891
March 22, 2007 6:42:00 AM UTC	1174570920000	8	10	no	6.2	96.1	20972	20821	13818	6632	80	39053	672	184	88	3931	2040	803
March 22, 2007 6:43:00 AM UTC	1174570980000	8	10	no	6.4	96.3	20972	20821	13817	6636	79	39051	684	269	47	3916	1933	771
March 22, 2007 6:44:00 AM UTC	1174571040000	7	10	no	6.5	96.5	20972	20821	13817	6636	77	39053	695	337	62	3906	1670	937
March 22, 2007 6:45:00 AM UTC	1174571100000	7	9	no	6.7	96.6	20972	20821	13817	6642	77	39047	703	434	25	3897	1516	717
March 22, 2007 6:46:00 AM UTC	1174571160000	7	8	no	6.9	96.8	20972	20821	13817	6642	79	39045	720	436	64	3877	1570	414
March 22, 2007 6:47:00 AM UTC	1174571220000	7	8	no	7.0	97.0	20972	20821	13817	6643	85	39038	731	474	42	3869	1637	538
March 22, 2007 6:48:00 AM UTC	1174571280000	7	7	no	7.2	97.2	20972	20821	13817	6643	83	39040	737	586	51	3861	1721	420
March 22, 2007 6:49:00 AM UTC	1174571340000	6	6	no	7.4	97.4	20972	20821	13801	6717	79	38986	742	509	124	3836	1730	455
March 22, 2007 6:50:00 AM UTC	1174571400000	6	5	no	7.5	97.6	20972	20821	13816	6644	83	39040	769	474	179	3830	1689	355
March 22, 2007 6:51:00 AM UTC	1174571460000	6	7	no	7.7	97.8	20972	20821	13798	6717	77	38991	762	424	197	3815	1600	659
March 22, 2007 6:52:00 AM UTC	1174571520000	6	5	no	7.9	98.0	20972	20821	13813	6723	83	38964	788	383	216	3806	1546	623
March 22, 2007 6:53:00 AM UTC	1174571580000	6	5	no	8.0	98.2	20972	20821	13813	6652	87	39031	805	420	227	3788	1518	738
March 22, 2007 6:54:00 AM UTC	1174571640000	6	4	no	8.2	98.3	20972	20821	13813	6653	88	39029	813	499	116	3784	1528	658
March 22, 2007 6:55:00 AM UTC	1174571700000	5	3	no	8.4	98.5	20972	20821	13813	6653	87	39030	826	580	127	3761	1230	508
March 22, 2007 6:56:00 AM UTC	1174571760000	4	2	yes	8.5	98.7	20972	20821	13812	6676	86	39009	837	388	108	3759	915	317
March 22, 2007 6:57:00 AM UTC	1174571820000	3	2	yes	8.7	98.9	20972	20821	13812	6676	86	39009	851	224	50	3737	882	371
March 22, 2007 6:58:00 AM UTC	1174571880000	3	1	yes	8.8	99.1	20972	20821	13812	6677	87	39007	865	160	46	3736	886	188
March 22, 2007 6:59:00 AM UTC	1174571940000	3	1	yes	9.0	99.3	20972	20821	13812	6677	91	39003	876	115	52	3709	656	133
March 22, 2007 7:00:00 AM UTC	1174572000000	2	1	yes	9.2	99.5	20972	20821	13809	6689	93	38992	887	116	39	3703	448	96
March 22, 2007 7:01:00 AM UTC	1174572060000	1	2	yes	9.3	99.7	20972	20821	13809	6689	92	38993	903	106	31	3686	274	77
March 22, 2007 7:02:00 AM UTC	1174572120000	1	1	yes	9.5	99.9	20972	20821	13809	6691	92	38991	913	66	36	3682	135	86
March 22, 2007 7:03:00 AM UTC	1174572180000	0	1	yes	9.7	100.1	20972	20821	13809	6691	92	38991	928	5	49	3661	69	83
March 22, 2007 7:04:00 AM UTC	1174572240000	0	1	yes	9.8	100.3	20972	20821	13809	6691	96	38987	940	0	44	3651	14	95
March 22, 2007 7:05:00 AM UTC	1174572300000	0	0	yes	10.0	100.4	20972	20821	13809	6691	97	38986	953	0	59	3639	0	59
March 22, 2007 7:06:00 AM UTC	1174572360000	0	0	yes	10.2	100.6	20972	20821	13821	6632	101	39029	983	0	128	3624	0	62
March 22, 2007 7:07:00 AM UTC	1174572420000	0	1	yes	10.3	100.8	20972	20821	13805	6710	94	38974	971	36	347	3614	0	130
March 22, 2007 7:08:00 AM UTC	1174572480000	0	1	yes	10.5	101.0	20972	20821	13824	6554	102	39103	1011	4	437	3605	0	108
March 22, 2007 7:09:00 AM UTC	1174572540000	0	2	yes	10.7	101.2	20972	20821	13807	6622	99	39055	1006	174	541	3587	10	151
March 22, 2007 7:10:00 AM UTC	1174572600000	0	2	yes	10.8	101.4	20972	20821	13823	6550	111	39099	1037	133	512	3577	0	109
March 22, 2007 7:11:00 AM UTC	1174572660000	0	2	yes	11.0	101.6	20972	20821	13805	6638	100	39040	1029	63	444	3562	1	107
March 22, 2007 7:12:00 AM UTC	1174572720000	0	3	yes	11.1	101.8	20972	20821	13820	6645	103	39015	1053	51	391	3550	0	51
March 22, 2007 7:13:00 AM UTC	1174572780000	2	4	yes	11.3	102.0	20972	20821	13801	6718	100	38964	1044	85	274	3537	23	254
March 22, 2007 7:14:00 AM UTC	1174572840000	4	4	yes	11.5	102.2	20972	20821	13817	6679	110	38977	1083	282	549	3519	576	294
March 22, 2007 7:15:00 AM UTC	1174572900000	4	3	yes	11.6	102.4	20972	20821	13801	6753	104	38925	1074	513	370	3506	919	362
March 22, 2007 7:16:00 AM UTC	1174572960000	3	2	yes	11.8	102.6	20972	20821	13817	6683	110	38973	1108	542	292	3494	781	386
March 22, 2007 7:17:00 AM UTC	1174573020000	3	2	yes	12.0	102.8	20972	20821	13806	6738	100	38939	1100	518	314	3483	568	431
March 22, 2007 7:18:00 AM UTC	1174573080000	3	2	yes	12.1	103.0	20972	20821	13818	6683	113	38969	1129	554	330	3471	446	330
March 22, 2007 7:19:00 AM UTC	1174573140000	2	1	yes	12.3	103.2	20972	20821	13818	6683	114	38968	1145	540	248	3455	286	213
March 22, 2007 7:20:00 AM UTC	1174573200000	2	2	yes	12.4	103.3	20972	20821	13817	6683	111	38972	1157	424	317	3442	209	216
March 22, 2007 7:21:00 AM UTC	1174573260000	1	2	yes	12.6	103.5	20972	20821	13820	6606	113	39044	1173	376	364	3434	127	177
March 22, 2007 7:22:00 AM UTC	1174573320000	1	2	yes	12.8	103.7	20972	20821	13819	6606	112	39046	1191	312	404	3413	32	128
March 22, 2007 7:23:00 AM UTC	1174573380000	1	1	yes	12.9	103.9	20972	20821	13819	6606	112	39046	1196	270	259	3409	14	80
March 22, 2007 7:24:00 AM UTC	1174573440000	0	1	yes	13.1	104.1	20972	20821	13815	6624	115	39029	1208	158	226	3393	25	70
March 22, 2007 7:25:00 AM UTC	1174573500000	0	1	yes	13.3	104.3	20972	20821	13815	6624	116	39028	1223	86	404	3380	81	166
March 22, 2007 7:26:00 AM UTC	1174573560000	1	2	yes	13.4	104.5	20972	20821	13802	6697	107	38977	1210	141	467	3371	85	213
March 22, 2007 7:27:00 AM UTC	1174573620000	1	2	yes	13.6	104.7	20972	20821	13815	6626	112	39030	1251	247	593	3354	70	301
March 22, 2007 7:28:00 AM UTC	1174573680000	1	3	yes	13.7	104.9	20972	20821	13797	6697	103	38986	1236	427	562	3345	140	445
March 22, 2007 7:29:00 AM UTC	1174573740000	1	3	yes	13.9	105.1	20972	20821	13810	6647	111	39015	1267	300	643	3333	45	369
March 22, 2007 7:30:00 AM UTC	1174573800000	1	2	yes	14.1	105.3	20972	20821	13795	6715	105	38968	1265	193	551	3320	6	165
March 22, 2007 7:31:00 AM UTC	1174573860000	0	2	yes	14.2	105.5	20972	20821	13810	6644	109	39020	1294	171	635	3311	0	141
March 22, 2007 7:32:00 AM UTC	1174573920000	1	2	yes	14.4	105.7	20972	20821	13810	6644	107	39022	1314	235	575	3298	4	152
March 22, 2007 7:33:00 AM UTC	1174573980000	1	2	yes	14.5	105.9	20972	20821	13810	6645	105	39023	1323	247	564	3288	0	153
March 22, 2007 7:34:00 AM UTC	1174574040000	1	2	yes	14.7	106.1	20972	20821	13810	6622	107	39044	1335	230	621	3281	2	154
March 22, 2007 7:35:00 AM UTC	1174574100000	1	2	yes	14.9	106.3	20972	20821	13811	6682	103	38987	1350	245	654	3267	2	181
March 22, 2007 7:36:00 AM UTC	1174574160000	1	2	yes	15.0	106.5	20972	20821	13811	6682	105	38985	1359	269	631	3258	2	202
March 22, 2007 7:37:00 AM UTC	1174574220000	1	2	yes	15.2	106.7	20972	20821	13810	6692	102	38979	1370	295	660	3251	5	264
March 22, 2007 7:38:00 AM UTC	1174574280000	1	2	yes	15.3	106.9	20972	20821	13805	6713	98	38967	1374	340	586	3243	7	281
March 22, 2007 7:39:00 AM UTC	1174574340000	1	2	yes	15.5	107.1	20972	20821	13805	6713	100	38965	1382	294	622	3238	6	241
March 22, 2007 7:40:00 AM UTC	1174574400000	1	2	yes	15.7	107.3	20972	20821	13805	6713	94	38971	1400	326	557	3223	6	199
March 22, 2007 7:41:00 AM UTC	1174574460000	1	2	yes	15.8	107.5	20972	20821	13805	6714	92	38972	1413	281	564	3210	3	195
March 22, 2007 7:42:00 AM UTC	1174574520000	1	2	yes	16.0	107.7	20972	20821	13805	6714	89	38975	1430	298	584	3202	5	215
March 22, 2007 7:43:00 AM UTC	1174574580000	1	2	yes	16.1	107.9	20972	20821	13800	6741	87	38955	1432	289	575	3192	0	194
March 22, 2007 7:44:00 AM UTC	1174574640000	1	2	yes	16.3	108.1	20972	20821	13800	6741	87	38955	1446	281	589	3185	0	194
March 22, 2007 7:45:00 AM UTC	1174574700000	1	2	yes	16.4	108.3	20972	20821	13819	6653	96	39015	1491	301	623	3175	0	212
March 22, 2007 7:46:00 AM UTC	1174574760000	1	2	yes	16.6	108.5	20972	20821	13804	6718	86	38975	1476	323	600	3166	0	194
March 22, 2007 7:47:00 AM UTC	1174574820000	1	2	yes	16.8	108.7	20972	20821	13818	6598	91	39076	1517	331	613	3158	1	190
March 22, 2007 7:48:00 AM UTC	1174574880000	1	2	yes	16.9	108.9	20972	20821	13800	6691	80	39012	1501	323	617	3147	5	233
March 22, 2007 7:49:00 AM UTC	1174574940000	1	2	yes	17.1	109.1	20972	20821	13818	6600	87	39078	1542	336	654	3143	2	213
March 22, 2007 7:50:00 AM UTC	1174575000000	1	2	yes	17.2	109.3	20972	20821	13807	6650	80	39046	1535	352	675	3134	4	205
March 22, 2007 7:51:00 AM UTC	1174575060000	1	2	yes	17.4	109.5	20972	20821	13812	6623	84	39064	1559	361	656	3126	0	221
March 22, 2007 7:52:00 AM UTC	1174575120000	1	2	yes	17.5	109.7	20972	20821	13813	6624	82	39064	1571	314	753	3126	3	189
March 22, 2007 7:53:00 AM UTC	1174575180000	1	2	yes	17.7	109.9	20972	20821	13813	6624	81	39065	1585	347	671	3112	1	206
March 22, 2007 7:54:00 AM UTC	1174575240000	1	3	yes	17.9	110.1	20972	20821	13818	6599	82	39084	1611	323	739	3102	1	224
March 22, 2007 7:55:00 AM UTC	1174575300000	1	3	yes	18.0	110.3	20972	20821	13812	6670	77	39024	1605	305	758	3102	1	218
March 22, 2007 7:56:00 AM UTC	1174575360000	1	2	yes	18.2	110.5	20972	20821	13812	6671	74	39026	1619	329	717	3089	18	182
March 22, 2007 7:57:00 AM UTC	1174575420000	1	2	yes	18.3	110.8	20972	20821	13812	6679	69	39023	1627	367	680	3087	15	200
March 22, 2007 7:58:00 AM UTC	1174575480000	1	2	yes	18.5	111.0	20972	20821	13826	6612	75	39070	1663	371	664	3076	5	206
March 22, 2007 7:59:00 AM UTC	1174575540000	1	2	yes	18.6	111.2	20972	20821	13808	6637	65	39073	1655	355	689	3072	4	179
March 22, 2007 8:00:00 AM UTC	1174575600000	1	2	yes	18.8	111.4	20972	20821	13822	6569	70	39122	1689	351	698	3068	0	202
March 22, 2007 8:01:00 AM UTC	1174575660000	1	2	yes	19.0	111.6	20972	20821	13805	6716	61	39001	1669	348	684	3058	3	178
March 22, 2007 8:02:00 AM UTC	1174575720000	1	2	yes	19.1	111.8	20972	20821	13826	6622	68	39067	1721	361	708	3050	2	192
March 22, 2007 8:03:00 AM UTC	1174575780000	1	2	yes	19.3	112.0	20972	20821	13805	6717	57	39004	1687	371	688	3047	3	211
March 22, 2007 8:04:00 AM UTC	1174575840000	1	2	yes	19.4	112.2	20972	20821	13821	6648	60	39054	1735	416	706	3039	3	203
March 22, 2007 8:05:00 AM UTC	1174575900000	1	3	yes	19.6	112.4	20972	20821	13805	6716	52	39010	1718	431	740	3035	5	270
March 22, 2007 8:06:00 AM UTC	1174575960000	1	3	yes	19.7	112.6	20972	20821	13819	6647	56	39061	1762	443	749	3027	1	262
March 22, 2007 8:07:00 AM UTC	1174576020000	1	3	yes	19.9	112.8	20972	20821	13799	6755	44	38985	1732	431	745	3021	1	264
March 22, 2007 8:08:00 AM UTC	1174576080000	1	2	yes	20.0	113.0	20972	20821	13813	6688	48	39034	1767	467	689	3017	2	251
March 22, 2007 8:09:00 AM UTC	1174576140000	1	3	yes	20.2	113.3	20972	20821	13805	6728	41	39009	1764	495	716	3011	3	275
March 22, 2007 8:10:00 AM UTC	1174576200000	1	3	yes	20.3	113.5	20972	20821	13815	6619	45	39104	1798	452	787	3006	3	247
March 22, 2007 8:11:00 AM UTC	1174576260000	1	3	yes	20.5	113.7	20972	20821	13815	6619	42	39107	1812	500	737	3006	6	259
March 22, 2007 8:12:00 AM UTC	1174576320000	1	3	yes	20.6	113.9	20972	20821	13815	6620	39	39109	1823	515	749	2997	4	287
March 22, 2007 8:13:00 AM UTC	1174576380000	1	3	yes	20.8	114.1	20972	20821	13815	6620	39	39109	1844	510	766	2987	4	316
March 22, 2007 8:14:00 AM UTC	1174576440000	1	3	yes	20.9	114.3	20972	20821	13809	6648	33	39093	1838	550	718	2990	11	282
March 22, 2007 8:15:00 AM UTC	1174576500000	1	3	yes	21.1	114.5	20972	20821	13809	6648	29	39097	1858	526	730	2983	5	315
March 22, 2007 8:16:00 AM UTC	1174576560000	2	3	yes	21.2	114.7	20972	20821	13815	6620	29	39119	1874	613	713	2983	10	284
March 22, 2007 8:17:00 AM UTC	1174576620000	2	2	yes	21.4	115.0	20972	20821	13809	6645	24	39105	1878	655	624	2977	9	274
March 22, 2007 8:18:00 AM UTC	1174576680000	2	2	yes	21.6	115.2	20972	20821	13808	6663	18	39094	1889	626	705	2968	11	247
March 22, 2007 8:19:00 AM UTC	1174576740000	2	3	yes	21.7	115.4	20972	20821	13808	6663	17	39095	1891	610	741	2969	17	320
March 22, 2007 8:20:00 AM UTC	1174576800000	2	3	yes	21.9	115.6	20972	20821	13801	6746	12	39024	1891	640	748	2965	11	343
March 22, 2007 8:21:00 AM UTC	1174576860000	2	3	yes	22.0	115.8	20972	20821	13804	6679	9	39091	1915	711	698	2957	18	328
March 22, 2007 8:22:00 AM UTC	1174576920000	2	3	yes	22.2	116.0	20972	20821	13825	6583	12	39163	1966	767	780	2957	19	396
March 22, 2007 8:23:00 AM UTC	1174576980000	2	3	yes	22.3	116.2	20972	20821	13803	6681	5	39094	1936	753	727	2952	30	404
March 22, 2007 8:24:00 AM UTC	1174577040000	2	3	yes	22.4	116.5	20972	20821	13817	6615	4	39147	1976	763	706	2949	18	409
March 22, 2007 8:25:00 AM UTC	1174577100000	2	3	yes	22.6	116.7	20972	20821	13802	6681	3	39097	1957	719	714	2951	25	418
March 22, 2007 8:26:00 AM UTC	1174577160000	2	3	yes	22.7	116.9	20972	20821	13817	6615	3	39148	1992	742	721	2944	36	381
March 22, 2007 8:27:00 AM UTC	1174577220000	2	3	yes	22.9	117.1	20972	20821	13817	6615	2	39149	2008	764	701	2942	25	372
March 22, 2007 8:28:00 AM UTC	1174577280000	2	3	yes	23.0	117.3	20972	20821	13817	6632	1	39133	2013	755	714	2938	23	360
March 22, 2007 8:29:00 AM UTC	1174577340000	2	3	yes	23.2	117.6	20972	20821	13809	6666	0	39108	2011	736	744	2931	22	325
March 22, 2007 8:30:00 AM UTC	1174577400000	2	3	yes	23.3	117.8	20972	20821	13809	6667	0	39107	2022	747	707	2931	19	363
March 22, 2007 8:31:00 AM UTC	1174577460000	2	3	yes	23.5	118.0	20972	20821	13810	6667	0	39106	2034	727	745	2932	15	365
March 22, 2007 8:32:00 AM UTC	1174577520000	2	3	yes	23.6	118.2	20972	20821	13819	6567	0	39197	2072	720	823	2930	9	415
March 22, 2007 8:33:00 AM UTC	1174577580000	2	3	yes	23.8	118.4	20972	20821	13826	6538	0	39219	2099	742	831	2923	17	408
March 22, 2007 8:34:00 AM UTC	1174577640000	2	3	yes	23.9	118.7	20972	20821	13810	6680	0	39093	2069	737	763	2920	16	393
March 22, 2007 8:35:00 AM UTC	1174577700000	2	3	yes	24.1	118.9	20972	20821	13816	6651	0	39116	2088	779	767	2920	25	385
March 22, 2007 8:36:00 AM UTC	1174577760000	2	3	yes	24.2	119.1	20972	20821	13801	6714	0	39068	2075	743	821	2916	28	400
March 22, 2007 8:37:00 AM UTC	1174577820000	2	3	yes	24.4	119.3	20972	20821	13824	6615	0	39144	2123	782	900	2918	18	416
March 22, 2007 8:38:00 AM UTC	1174577880000	2	3	yes	24.5	119.5	20972	20821	13801	6734	0	39048	2091	779	841	2911	24	461
March 22, 2007 8:39:00 AM UTC	1174577940000	2	3	yes	24.7	119.8	20972	20821	13816	6671	0	39096	2127	849	848	2910	13	461
March 22, 2007 8:40:00 AM UTC	1174578000000	2	3	yes	24.8	120.0	20972	20821	13801	6734	0	39048	2109	841	817	2909	12	458
March 22, 2007 8:41:00 AM UTC	1174578060000	2	3	yes	24.9	120.2	20972	20821	13814	6671	0	39098	2150	909	833	2908	30	499
March 22, 2007 8:42:00 AM UTC	1174578120000	2	4	yes	25.1	120.4	20972	20821	13803	6672	0	39108	2148	903	842	2904	17	557
March 22, 2007 8:43:00 AM UTC	1174578180000	3	3	yes	25.2	120.7	20972	20821	13817	6608	0	39158	2185	936	849	2902	43	496
March 22, 2007 8:44:00 AM UTC	1174578240000	2	4	yes	25.4	120.9	20972	20821	13808	6644	0	39131	2176	927	869	2904	23	543
March 22, 2007 8:45:00 AM UTC	1174578300000	2	4	yes	25.5	121.1	20972	20821	13808	6650	0	39125	2189	911	835	2901	17	536
March 22, 2007 8:46:00 AM UTC	1174578360000	2	4	yes	25.7	121.4	20972	20821	13823	6581	0	39179	2225	938	866	2899	14	516
March 22, 2007 8:47:00 AM UTC	1174578420000	2	4	yes	25.8	121.6	20972	20821	13808	6667	0	39108	2202	915	870	2900	15	486
March 22, 2007 8:48:00 AM UTC	1174578480000	2	4	yes	25.9	121.8	20972	20821	13820	6605	0	39158	2235	923	891	2899	21	490
March 22, 2007 8:49:00 AM UTC	1174578540000	2	4	yes	26.1	122.0	20972	20821	13798	6706	0	39079	2205	892	876	2896	20	511
March 22, 2007 8:50:00 AM UTC	1174578600000	3	3	yes	26.2	122.3	20972	20821	13822	6669	0	39092	2251	956	861	2901	35	440
March 22, 2007 8:51:00 AM UTC	1174578660000	2	4	yes	26.4	122.5	20972	20821	13807	6731	0	39045	2235	903	920	2896	24	480
March 22, 2007 8:52:00 AM UTC	1174578720000	2	4	yes	26.5	122.7	20972	20821	13814	6643	0	39126	2268	922	972	2898	38	490
March 22, 2007 8:53:00 AM UTC	1174578780000	3	4	yes	26.6	123.0	20972	20821	13814	6643	0	39126	2277	993	861	2899	28	481
March 22, 2007 8:54:00 AM UTC	1174578840000	3	4	yes	26.8	123.2	20972	20821	13815	6644	0	39124	2287	997	839	2895	29	523
March 22, 2007 8:55:00 AM UTC	1174578900000	3	3	yes	26.9	123.4	20972	20821	13815	6644	0	39124	2300	1043	820	2894	38	471
March 22, 2007 8:56:00 AM UTC	1174578960000	3	3	yes	27.1	123.7	20972	20821	13815	6666	0	39102	2300	992	816	2894	33	480
March 22, 2007 8:57:00 AM UTC	1174579020000	3	3	yes	27.2	123.9	20972	20821	13813	6674	0	39096	2301	977	822	2896	41	422
March 22, 2007 8:58:00 AM UTC	1174579080000	3	4	yes	27.3	124.1	20972	20821	13814	6672	0	39097	2314	942	891	2901	28	462
March 22, 2007 8:59:00 AM UTC	1174579140000	2	3	yes	27.5	124.4	20972	20821	13806	6709	0	39068	2306	945	829	2882	15	438
March 22, 2007 9:00:00 AM UTC	1174579200000	3	3	yes	27.6	124.6	20972	20821	13806	6709	0	39068	2313	962	848	2903	29	490
March 22, 2007 9:01:00 AM UTC	1174579260000	3	3	yes	27.8	124.8	20972	20821	13806	6710	0	39067	2323	947	852	2890	22	426
March 22, 2007 9:02:00 AM UTC	1174579320000	3	3	yes	27.9	125.1	20972	20821	13821	6592	0	39170	2383	981	862	2902	20	398
March 22, 2007 9:03:00 AM UTC	1174579380000	3	3	yes	28.0	125.3	20972	20821	13821	6592	0	39170	2381	962	878	2898	24	460
March 22, 2007 9:04:00 AM UTC	1174579440000	3	4	yes	28.2	125.6	20972	20821	13821	6592	0	39170	2398	965	860	2899	28	484
March 22, 2007 9:05:00 AM UTC	1174579500000	2	3	yes	28.3	125.8	20972	20821	13820	6621	0	39142	2394	928	887	2897	26	404
March 22, 2007 9:06:00 AM UTC	1174579560000	2	4	yes	28.4	126.0	20972	20821	13811	6662	0	39110	2386	921	901	2899	26	434
March 22, 2007 9:07:00 AM UTC	1174579620000	2	4	yes	28.6	126.3	20972	20821	13812	6662	0	39109	2388	899	889	2902	28	416
March 22, 2007 9:08:00 AM UTC	1174579680000	2	4	yes	28.7	126.5	20972	20821	13812	6662	0	39109	2397	906	870	2902	30	467
March 22, 2007 9:09:00 AM UTC	1174579740000	2	3	yes	28.8	126.8	20972	20821	13812	6662	0	39109	2410	908	863	2902	18	394
March 22, 2007 9:10:00 AM UTC	1174579800000	2	4	yes	29.0	127.0	20972	20821	13812	6662	0	39109	2417	817	939	2903	12	425
March 22, 2007 9:11:00 AM UTC	1174579860000	2	3	yes	29.1	127.2	20972	20821	13828	6550	0	39205	2466	844	904	2905	15	366
March 22, 2007 9:12:00 AM UTC	1174579920000	2	4	yes	29.2	127.5	20972	20821	13815	6608	0	39160	2446	794	922	2906	6	373
March 22, 2007 9:13:00 AM UTC	1174579980000	2	4	yes	29.4	127.7	20972	20821	13818	6593	0	39172	2466	805	911	2907	12	386
March 22, 2007 9:14:00 AM UTC	1174580040000	2	4	yes	29.5	128.0	20972	20821	13817	6626	0	39140	2453	769	952	2910	14	333
March 22, 2007 9:15:00 AM UTC	1174580100000	2	4	yes	29.6	128.2	20972	20821	13817	6626	0	39140	2469	750	955	2912	10	357
March 22, 2007 9:16:00 AM UTC	1174580160000	2	4	yes	29.8	128.5	20972	20821	13805	6682	0	39096	2448	729	917	2910	14	323
March 22, 2007 9:17:00 AM UTC	1174580220000	2	5	yes	29.9	128.7	20972	20821	13818	6626	0	39139	2485	743	942	2912	12	386
March 22, 2007 9:18:00 AM UTC	1174580280000	2	4	yes	30.0	128.9	20972	20821	13829	6569	0	39185	2517	776	939	2914	40	461
March 22, 2007 9:19:00 AM UTC	1174580340000	2	4	yes	30.1	129.2	20972	20821	13806	6671	0	39106	2477	774	906	2917	29	505
March 22, 2007 9:20:00 AM UTC	1174580400000	2	4	yes	30.3	129.4	20972	20821	13832	6514	0	39237	2553	835	936	2920	20	424
March 22, 2007 9:21:00 AM UTC	1174580460000	2	3	yes	30.4	129.7	20972	20821	13809	6617	0	39157	2510	777	912	2920	27	428
March 22, 2007 9:22:00 AM UTC	1174580520000	2	4	yes	30.5	129.9	20972	20821	13823	6548	0	39212	2543	806	974	2926	19	392
March 22, 2007 9:23:00 AM UTC	1174580580000	2	3	yes	30.7	130.2	20972	20821	13809	6648	0	39126	2514	791	980	2922	16	354
March 22, 2007 9:24:00 AM UTC	1174580640000	2	4	yes	30.8	130.4	20972	20821	13820	6596	0	39167	2550	802	923	2925	27	404
March 22, 2007 9:25:00 AM UTC	1174580700000	2	3	yes	30.9	130.7	20972	20821	13820	6596	0	39167	2550	787	876	2931	11	322
March 22, 2007 9:26:00 AM UTC	1174580760000	2	3	yes	31.0	130.9	20972	20821	13820	6596	0	39167	2560	794	896	2933	22	367
March 22, 2007 9:27:00 AM UTC	1174580820000	2	3	yes	31.2	131.2	20972	20821	13820	6596	0	39167	2569	755	968	2933	8	342
March 22, 2007 9:28:00 AM UTC	1174580880000	2	4	yes	31.3	131.5	20972	20821	13822	6554	0	39207	2589	718	992	2936	12	406
March 22, 2007 9:29:00 AM UTC	1174580940000	2	3	yes	31.4	131.7	20972	20821	13822	6554	0	39207	2584	732	955	2941	15	342
March 22, 2007 9:30:00 AM UTC	1174581000000	2	3	yes	31.5	132.0	20972	20821	13812	6585	0	39186	2583	699	955	2943	8	319
March 22, 2007 9:31:00 AM UTC	1174581060000	2	4	yes	31.7	132.2	20972	20821	13822	6578	0	39183	2600	676	987	2944	11	405
March 22, 2007 9:32:00 AM UTC	1174581120000	2	4	yes	31.8	132.5	20972	20821	13822	6578	0	39183	2608	682	954	2948	64	478
March 22, 2007 9:33:00 AM UTC	1174581180000	2	3	yes	31.9	132.7	20972	20821	13812	6625	0	39146	2582	772	852	2949	171	310
March 22, 2007 9:34:00 AM UTC	1174581240000	3	3	yes	32.0	133.0	20972	20821	13822	6578	0	39183	2621	833	797	2953	158	203
March 22, 2007 9:35:00 AM UTC	1174581300000	2	3	yes	32.2	133.2	20972	20821	13812	6625	0	39146	2599	766	828	2959	77	262
March 22, 2007 9:36:00 AM UTC	1174581360000	2	3	yes	32.3	133.5	20972	20821	13822	6578	0	39183	2632	759	921	2960	13	374
March 22, 2007 9:37:00 AM UTC	1174581420000	2	3	yes	32.4	133.8	20972	20821	13823	6537	0	39223	2656	741	954	2961	10	332
March 22, 2007 9:38:00 AM UTC	1174581480000	2	3	yes	32.5	134.0	20972	20821	13812	6590	0	39181	2636	699	931	2968	13	322
March 22, 2007 9:39:00 AM UTC	1174581540000	2	3	yes	32.6	134.3	20972	20821	13822	6569	0	39192	2655	642	920	2970	10	259
March 22, 2007 9:40:00 AM UTC	1174581600000	2	3	yes	32.8	134.5	20972	20821	13810	6624	0	39149	2634	632	937	2971	12	271
March 22, 2007 9:41:00 AM UTC	1174581660000	1	3	yes	32.9	134.8	20972	20821	13822	6569	0	39192	2660	524	980	2978	1	268
March 22, 2007 9:42:00 AM UTC	1174581720000	1	3	yes	33.0	135.1	20972	20821	13809	6621	0	39153	2644	505	933	2982	2	281
March 22, 2007 9:43:00 AM UTC	1174581780000	1	3	yes	33.1	135.3	20972	20821	13809	6619	0	39155	2648	463	932	2986	0	233
March 22, 2007 9:44:00 AM UTC	1174581840000	1	3	yes	33.2	135.6	20972	20821	13822	6569	0	39192	2681	468	983	2991	0	207
March 22, 2007 9:45:00 AM UTC	1174581900000	1	3	yes	33.3	135.9	20972	20821	13811	6629	0	39143	2655	434	982	2988	0	196
March 22, 2007 9:46:00 AM UTC	1174581960000	1	3	yes	33.5	136.1	20972	20821	13822	6582	0	39179	2689	411	1019	2996	0	175
March 22, 2007 9:47:00 AM UTC	1174582020000	1	3	yes	33.6	136.4	20972	20821	13809	6624	0	39150	2659	404	963	2998	0	226
March 22, 2007 9:48:00 AM UTC	1174582080000	1	3	yes	33.7	136.7	20972	20821	13821	6574	0	39188	2704	415	966	3002	0	184
March 22, 2007 9:49:00 AM UTC	1174582140000	1	3	yes	33.8	136.9	20972	20821	13821	6574	0	39188	2713	378	961	3005	0	190
March 22, 2007 9:50:00 AM UTC	1174582200000	1	3	yes	33.9	137.2	20972	20821	13822	6573	0	39188	2707	407	968	3014	0	175
March 22, 2007 9:51:00 AM UTC	1174582260000	1	3	yes	34.0	137.5	20972	20821	13822	6573	0	39188	2717	340	1038	3015	0	182
March 22, 2007 9:52:00 AM UTC	1174582320000	1	3	yes	34.1	137.7	20972	20821	13822	6573	0	39188	2716	333	993	3020	0	196
March 22, 2007 9:53:00 AM UTC	1174582380000	1	3	yes	34.2	138.0	20972	20821	13813	6583	0	39187	2711	330	960	3027	0	169
March 22, 2007 9:54:00 AM UTC	1174582440000	1	3	yes	34.4	138.3	20972	20821	13823	6534	0	39226	2746	282	977	3025	0	191
March 22, 2007 9:55:00 AM UTC	1174582500000	1	3	yes	34.5	138.5	20972	20821	13811	6636	0	39136	2701	283	982	3036	0	210
March 22, 2007 9:56:00 AM UTC	1174582560000	1	3	yes	34.6	138.8	20972	20821	13822	6588	0	39173	2736	297	972	3035	0	193
March 22, 2007 9:57:00 AM UTC	1174582620000	1	3	yes	34.7	139.1	20972	20821	13822	6588	0	39173	2745	300	949	3040	0	177
March 22, 2007 9:58:00 AM UTC	1174582680000	1	3	yes	34.8	139.4	20972	20821	13811	6642	0	39130	2713	226	958	3047	0	152
March 22, 2007 9:59:00 AM UTC	1174582740000	1	3	yes	34.9	139.6	20972	20821	13823	6588	0	39172	2746	199	983	3048	0	163
March 22, 2007 10:00:00 AM UTC	1174582800000	1	3	yes	35.0	139.9	20972	20821	13810	6644	0	39129	2714	223	875	3058	0	153
March 22, 2007 10:01:00 AM UTC	1174582860000	1	3	yes	35.1	140.2	20972	20821	13823	6547	0	39213	2774	193	928	3059	0	143
March 22, 2007 10:02:00 AM UTC	1174582920000	0	3	yes	35.2	140.5	20972	20821	13821	6609	0	39153	2750	166	906	3070	0	147
March 22, 2007 10:03:00 AM UTC	1174582980000	0	3	yes	35.3	140.7	20972	20821	13810	6657	0	39116	2731	143	916	3073	0	131
March 22, 2007 10:04:00 AM UTC	1174583040000	0	3	yes	35.4	141.0	20972	20821	13820	6610	0	39153	2757	167	882	3076	0	144
March 22, 2007 10:05:00 AM UTC	1174583100000	1	3	yes	35.5	141.3	20972	20821	13820	6610	0	39153	2762	168	894	3082	0	178
March 22, 2007 10:06:00 AM UTC	1174583160000	1	3	yes	35.6	141.6	20972	20821	13807	6665	0	39111	2729	147	822	3086	0	141
March 22, 2007 10:07:00 AM UTC	1174583220000	1	3	yes	35.8	141.9	20972	20821	13819	6610	0	39154	2774	143	858	3092	52	185
March 22, 2007 10:08:00 AM UTC	1174583280000	1	3	yes	35.9	142.1	20972	20821	13817	6617	0	39149	2765	142	804	3102	75	184
March 22, 2007 10:09:00 AM UTC	1174583340000	1	3	yes	36.0	142.4	20972	20821	13808	6630	0	39145	2757	141	773	3108	92	209
March 22, 2007 10:10:00 AM UTC	1174583400000	0	3	yes	36.1	142.7	20972	20821	13816	6641	0	39126	2760	121	768	3112	27	168
March 22, 2007 10:11:00 AM UTC	1174583460000	0	2	yes	36.2	143.0	20972	20821	13806	6686	0	39091	2739	79	762	3125	0	135
March 22, 2007 10:12:00 AM UTC	1174583520000	0	2	yes	36.3	143.3	20972	20821	13815	6642	0	39126	2769	107	730	3125	0	141
March 22, 2007 10:13:00 AM UTC	1174583580000	0	2	yes	36.4	143.6	20972	20821	13815	6642	0	39126	2775	122	732	3128	0	136
March 22, 2007 10:14:00 AM UTC	1174583640000	0	2	yes	36.5	143.8	20972	20821	13801	6699	0	39083	2746	62	777	3132	0	96
March 22, 2007 10:15:00 AM UTC	1174583700000	0	2	yes	36.6	144.1	20972	20821	13814	6642	0	39127	2775	56	673	3133	0	95
March 22, 2007 10:16:00 AM UTC	1174583760000	0	2	yes	36.7	144.4	20972	20821	13825	6598	0	39160	2805	125	631	3146	0	105
March 22, 2007 10:17:00 AM UTC	1174583820000	0	2	yes	36.7	144.7	20972	20821	13801	6727	0	39055	2743	45	632	3148	0	115
March 22, 2007 10:18:00 AM UTC	1174583880000	0	2	yes	36.8	145.0	20972	20821	13822	6627	0	39134	2802	84	558	3171	0	89
March 22, 2007 10:19:00 AM UTC	1174583940000	0	2	yes	36.9	145.3	20972	20821	13810	6685	0	39088	2772	35	603	3160	1	90
March 22, 2007 10:20:00 AM UTC	1174584000000	0	2	yes	37.0	145.6	20972	20821	13810	6685	0	39088	2774	71	503	3163	0	96
March 22, 2007 10:21:00 AM UTC	1174584060000	1	2	yes	37.1	145.9	20972	20821	13796	6744	0	39043	2731	60	458	3180	103	150
March 22, 2007 10:22:00 AM UTC	1174584120000	1	2	yes	37.2	146.2	20972	20821	13818	6644	0	39121	2801	32	476	3175	147	126
March 22, 2007 10:23:00 AM UTC	1174584180000	1	2	yes	37.3	146.4	20972	20821	13810	6684	0	39089	2765	62	445	3197	133	118
March 22, 2007 10:24:00 AM UTC	1174584240000	0	1	yes	37.4	146.7	20972	20821	13806	6670	0	39107	2786	17	363	3185	78	73
March 22, 2007 10:25:00 AM UTC	1174584300000	0	1	yes	37.5	147.0	20972	20821	13820	6670	0	39093	2800	43	342	3196	27	92
March 22, 2007 10:26:00 AM UTC	1174584360000	0	1	yes	37.6	147.3	20972	20821	13805	6728	0	39050	2762	52	301	3202	52	124
March 22, 2007 10:27:00 AM UTC	1174584420000	0	1	yes	37.7	147.6	20972	20821	13805	6727	0	39051	2763	18	312	3202	15	53
March 22, 2007 10:28:00 AM UTC	1174584480000	0	1	yes	37.8	147.9	20972	20821	13828	6572	0	39183	2836	62	333	3218	0	34
March 22, 2007 10:29:00 AM UTC	1174584540000	0	1	yes	37.9	148.2	20972	20821	13806	6671	0	39106	2777	63	273	3221	0	41
March 22, 2007 10:30:00 AM UTC	1174584600000	0	1	yes	37.9	148.5	20972	20821	13815	6632	0	39136	2806	42	267	3228	0	36
March 22, 2007 10:31:00 AM UTC	1174584660000	0	1	yes	38.0	148.8	20972	20821	13803	6693	0	39087	2765	31	244	3234	0	28
March 22, 2007 10:32:00 AM UTC	1174584720000	0	1	yes	38.1	149.1	20972	20821	13822	6626	0	39135	2813	18	258	3243	7	38
March 22, 2007 10:33:00 AM UTC	1174584780000	0	1	yes	38.2	149.4	20972	20821	13816	6665	0	39102	2785	40	250	3251	12	33
March 22, 2007 10:34:00 AM UTC	1174584840000	0	1	yes	38.3	149.7	20972	20821	13809	6689	0	39085	2775	42	210	3259	8	24
March 22, 2007 10:35:00 AM UTC	1174584900000	0	1	yes	38.4	150.0	20972	20821	13825	6617	0	39141	2810	23	212	3272	5	30
March 22, 2007 10:36:00 AM UTC	1174584960000	0	1	yes	38.5	150.3	20972	20821	13809	6689	0	39085	2778	42	192	3272	0	17
March 22, 2007 10:37:00 AM UTC	1174585020000	0	0	yes	38.5	150.6	20972	20821	13809	6689	0	39085	2779	70	152	3274	0	15
March 22, 2007 10:38:00 AM UTC	1174585080000	0	0	yes	38.6	150.9	20972	20821	13809	6689	0	39085	2775	28	174	3285	0	5
March 22, 2007 10:39:00 AM UTC	1174585140000	0	0	yes	38.7	151.2	20972	20821	13816	6700	0	39067	2787	30	156	3290	0	13
March 22, 2007 10:40:00 AM UTC	1174585200000	0	0	yes	38.8	151.5	20972	20821	13808	6735	0	39040	2765	38	133	3300	0	6
March 22, 2007 10:41:00 AM UTC	1174585260000	0	0	yes	38.9	151.8	20972	20821	13818	6615	0	39150	2813	19	145	3303	0	5
March 22, 2007 10:42:00 AM UTC	1174585320000	0	0	yes	38.9	152.1	20972	20821	13804	6683	0	39096	2769	15	116	3310	0	5
March 22, 2007 10:43:00 AM UTC	1174585380000	0	0	yes	39.0	152.4	20972	20821	13818	6615	0	39150	2816	62	126	3312	0	7
March 22, 2007 10:44:00 AM UTC	1174585440000	0	0	yes	39.1	152.7	20972	20821	13817	6615	0	39151	2813	12	128	3324	0	8
March 22, 2007 10:45:00 AM UTC	1174585500000	0	0	yes	39.2	153.0	20972	20821	13811	6645	0	39127	2791	30	124	3330	0	5
March 22, 2007 10:46:00 AM UTC	1174585560000	0	0	yes	39.2	153.4	20972	20821	13813	6644	0	39126	2787	51	124	3338	0	6
March 22, 2007 10:47:00 AM UTC	1174585620000	0	0	yes	39.3	153.7	20972	20821	13826	6624	0	39133	2806	8	117	3346	0	5
March 22, 2007 10:48:00 AM UTC	1174585680000	0	0	yes	39.4	154.0	20972	20821	13810	6688	0	39085	2773	12	112	3349	0	4
March 22, 2007 10:49:00 AM UTC	1174585740000	0	0	yes	39.5	154.3	20972	20821	13810	6688	0	39085	2775	33	110	3356	0	2
March 22, 2007 10:50:00 AM UTC	1174585800000	0	0	yes	39.5	154.6	20972	20821	13818	6655	0	39110	2789	25	103	3365	0	6
March 22, 2007 10:51:00 AM UTC	1174585860000	0	0	yes	39.6	154.9	20972	20821	13794	6703	0	39086	2757	39	89	3367	0	5
March 22, 2007 10:52:00 AM UTC	1174585920000	0	0	yes	39.7	155.2	20972	20821	13818	6609	0	39156	2805	17	99	3374	0	3
March 22, 2007 10:53:00 AM UTC	1174585980000	0	0	yes	39.7	155.5	20972	20821	13818	6609	0	39156	2817	50	94	3375	0	4
March 22, 2007 10:54:00 AM UTC	1174586040000	0	0	yes	39.8	155.8	20972	20821	13810	6692	0	39081	2768	5	80	3386	0	0
March 22, 2007 10:55:00 AM UTC	1174586100000	0	0	yes	39.9	156.1	20972	20821	13809	6693	0	39081	2772	16	88	3392	0	2
March 22, 2007 10:56:00 AM UTC	1174586160000	0	0	yes	39.9	156.5	20972	20821	13802	6723	0	39058	2754	39	87	3396	0	3
March 22, 2007 10:57:00 AM UTC	1174586220000	0	0	yes	40.0	156.8	20972	20821	13824	6628	0	39131	2813	32	93	3402	0	0
March 22, 2007 10:58:00 AM UTC	1174586280000	0	0	yes	40.1	157.1	20972	20821	13809	6694	0	39080	2775	28	80	3405	0	0
March 22, 2007 10:59:00 AM UTC	1174586340000	0	0	yes	40.1	157.4	20972	20821	13815	6664	0	39104	2785	23	94	3422	0	2
March 22, 2007 11:00:00 AM UTC	1174586400000	0	0	yes	40.2	157.7	20972	20821	13808	6694	0	39081	2777	49	103	3417	1	1
March 22, 2007 11:01:00 AM UTC	1174586460000	0	0	yes	40.3	158.0	20972	20821	13792	6813	0	38978	2714	6	60	3429	0	1
March 22, 2007 11:02:00 AM UTC	1174586520000	0	0	yes	40.3	158.4	20972	20821	13815	6639	0	39129	2799	27	66	3433	0	2
March 22, 2007 11:03:00 AM UTC	1174586580000	0	0	yes	40.4	158.7	20972	20821	13815	6639	0	39129	2793	9	67	3441	0	1
March 22, 2007 11:04:00 AM UTC	1174586640000	0	0	yes	40.5	159.0	20972	20821	13821	6611	0	39151	2811	21	77	3444	0	3
March 22, 2007 11:05:00 AM UTC	1174586700000	0	0	yes	40.5	159.3	20972	20821	13800	6703	0	39080	2752	0	51	3453	0	2
March 22, 2007 11:06:00 AM UTC	1174586760000	0	0	yes	40.6	159.6	20972	20821	13801	6704	0	39078	2758	8	61	3447	0	0
March 22, 2007 11:07:00 AM UTC	1174586820000	0	0	yes	40.6	160.0	20972	20821	13821	6612	0	39150	2809	35	84	3457	0	3
March 22, 2007 11:08:00 AM UTC	1174586880000	0	0	yes	40.7	160.3	20972	20821	13820	6645	0	39118	2788	7	62	3468	0	1
March 22, 2007 11:09:00 AM UTC	1174586940000	0	0	yes	40.7	160.6	20972	20821	13806	6693	0	39084	2762	7	60	3469	0	1
March 22, 2007 11:10:00 AM UTC	1174587000000	0	0	yes	40.8	160.9	20972	20821	13811	6673	0	39099	2774	3	53	3476	0	0
March 22, 2007 11:11:00 AM UTC	1174587060000	0	0	yes	40.9	161.2	20972	20821	13806	6693	0	39084	2768	12	57	3476	0	0
March 22, 2007 11:12:00 AM UTC	1174587120000	0	0	yes	40.9	161.6	20972	20821	13812	6673	0	39098	2775	11	58	3478	0	0
March 22, 2007 11:13:00 AM UTC	1174587180000	0	0	yes	41.0	161.9	20972	20821	13812	6673	0	39098	2777	11	58	3486	0	0
March 22, 2007 11:14:00 AM UTC	1174587240000	0	0	yes	41.0	162.2	20972	20821	13812	6673	0	39098	2770	3	51	3490	0	0
March 22, 2007 11:15:00 AM UTC	1174587300000	0	0	yes	41.1	162.5	20972	20821	13817	6651	0	39115	2791	17	62	3496	0	1
March 22, 2007 11:16:00 AM UTC	1174587360000	0	0	yes	41.1	162.9	20972	20821	13816	6716	0	39051	2769	25	70	3496	0	3
March 22, 2007 11:17:00 AM UTC	1174587420000	0	0	yes	41.2	163.2	20972	20821	13816	6714	0	39053	2763	5	62	3505	0	1
March 22, 2007 11:18:00 AM UTC	1174587480000	0	0	yes	41.2	163.5	20972	20821	13804	6694	0	39085	2761	9	70	3506	0	1
March 22, 2007 11:19:00 AM UTC	1174587540000	0	0	yes	41.3	163.8	20972	20821	13803	6701	0	39079	2752	2	45	3511	0	1
March 22, 2007 11:20:00 AM UTC	1174587600000	0	0	yes	41.3	164.2	20972	20821	13818	6632	0	39133	2796	8	52	3515	0	1
March 22, 2007 11:21:00 AM UTC	1174587660000	0	0	yes	41.3	164.5	20972	20821	13823	6574	0	39186	2815	43	68	3520	0	0
March 22, 2007 11:22:00 AM UTC	1174587720000	0	0	yes	41.4	164.8	20972	20821	13808	6643	0	39132	2778	2	49	3522	0	0
March 22, 2007 11:23:00 AM UTC	1174587780000	0	0	yes	41.4	165.2	20972	20821	13805	6717	0	39061	2747	3	47	3524	0	0
March 22, 2007 11:24:00 AM UTC	1174587840000	0	0	yes	41.5	165.5	20972	20821	13809	6694	0	39080	2768	17	62	3535	0	2
March 22, 2007 11:25:00 AM UTC	1174587900000	0	0	yes	41.5	165.8	20972	20821	13809	6695	0	39079	2768	9	56	3531	0	1
March 22, 2007 11:26:00 AM UTC	1174587960000	0	0	yes	41.6	166.1	20972	20821	13809	6695	0	39079	2762	20	61	3542	0	2
March 22, 2007 11:27:00 AM UTC	1174588020000	0	0	yes	41.6	166.5	20972	20821	13823	6625	0	39135	2809	11	64	3543	0	0
March 22, 2007 11:28:00 AM UTC	1174588080000	0	0	yes	41.6	166.8	20972	20821	13810	6695	0	39078	2764	6	58	3546	0	0
March 22, 2007 11:29:00 AM UTC	1174588140000	0	0	yes	41.7	167.1	20972	20821	13810	6695	0	39078	2765	3	60	3544	0	0
March 22, 2007 11:30:00 AM UTC	1174588200000	0	0	yes	41.7	167.5	20972	20821	13811	6694	0	39078	2766	6	54	3551	0	0
March 22, 2007 11:31:00 AM UTC	1174588260000	0	0	yes	41.7	167.8	20972	20821	13813	6754	0	39016	2752	14	63	3552	0	2
March 22, 2007 11:32:00 AM UTC	1174588320000	0	0	yes	41.8	168.1	20972	20821	13815	6669	0	39099	2782	7	45	3560	0	0
March 22, 2007 11:33:00 AM UTC	1174588380000	0	0	yes	41.8	168.5	20972	20821	13801	6707	0	39075	2746	9	49	3552	0	0
March 22, 2007 11:34:00 AM UTC	1174588440000	0	0	yes	41.8	168.8	20972	20821	13802	6691	0	39090	2758	2	38	3555	0	0
March 22, 2007 11:35:00 AM UTC	1174588500000	0	0	yes	41.9	169.1	20972	20821	13820	6623	0	39140	2790	8	54	3566	0	1
March 22, 2007 11:36:00 AM UTC	1174588560000	0	0	yes	41.9	169.5	20972	20821	13820	6623	0	39140	2800	25	56	3564	0	2
March 22, 2007 11:37:00 AM UTC	1174588620000	0	0	yes	41.9	169.8	20972	20821	13820	6623	0	39140	2790	13	54	3579	0	0
March 22, 2007 11:38:00 AM UTC	1174588680000	0	0	yes	42.0	170.1	20972	20821	13823	6609	0	39151	2802	39	64	3572	0	3
March 22, 2007 11:39:00 AM UTC	1174588740000	0	0	yes	42.0	170.5	20972	20821	13807	6758	0	39018	2734	0	43	3576	0	0
March 22, 2007 11:40:00 AM UTC	1174588800000	0	0	yes	42.0	170.8	20972	20821	13807	6759	0	39017	2731	3	53	3576	0	0
March 22, 2007 11:41:00 AM UTC	1174588860000	0	0	yes	42.1	171.1	20972	20821	13806	6760	0	39017	2738	1	47	3577	0	0
March 22, 2007 11:42:00 AM UTC	1174588920000	0	0	yes	42.1	171.5	20972	20821	13809	6751	0	39023	2739	7	55	3578	0	0
March 22, 2007 11:43:00 AM UTC	1174588980000	0	0	yes	42.1	171.8	20972	20821	13826	6601	0	39156	2810	13	61	3585	0	1
March 22, 2007 11:44:00 AM UTC	1174589040000	0	0	yes	42.1	172.1	20972	20821	13826	6570	0	39187	2810	9	56	3591	0	0
March 22, 2007 11:45:00 AM UTC	1174589100000	0	0	yes	42.1	172.5	20972	20821	13826	6570	0	39187	2815	22	56	3600	0	1
March 22, 2007 11:46:00 AM UTC	1174589160000	0	0	yes	42.2	172.8	20972	20821	13810	6640	0	39133	2771	4	55	3589	0	1
March 22, 2007 11:47:00 AM UTC	1174589220000	0	0	yes	42.2	173.1	20972	20821	13810	6717	0	39056	2760	9	59	3590	0	1
March 22, 2007 11:48:00 AM UTC	1174589280000	0	0	yes	42.2	173.5	20972	20821	13811	6717	0	39055	2751	0	45	3594	0	2
March 22, 2007 11:49:00 AM UTC	1174589340000	0	0	yes	42.2	173.8	20972	20821	13811	6717	0	39055	2758	5	48	3591	0	1
March 22, 2007 11:50:00 AM UTC	1174589400000	0	0	yes	42.2	174.2	20972	20821	13812	6716	0	39055	2752	2	53	3597	0	0
March 22, 2007 11:51:00 AM UTC	1174589460000	0	0	yes	42.3	174.5	20972	20821	13812	6716	0	39055	2753	1	52	3601	0	1
March 22, 2007 11:52:00 AM UTC	1174589520000	0	0	yes	42.3	174.8	20972	20821	13831	6637	0	39115	2799	10	64	3602	0	1
March 22, 2007 11:53:00 AM UTC	1174589580000	0	0	yes	42.3	175.2	20972	20821	13815	6707	0	39061	2761	1	51	3605	0	1
March 22, 2007 11:54:00 AM UTC	1174589640000	0	0	yes	42.3	175.5	20972	20821	13819	6601	0	39163	2789	2	58	3602	0	1
March 22, 2007 11:55:00 AM UTC	1174589700000	0	0	yes	42.3	175.8	20972	20821	13815	6694	0	39074	2763	0	49	3603	0	0
March 22, 2007 11:56:00 AM UTC	1174589760000	0	0	yes	42.3	176.2	20972	20821	13815	6692	0	39076	2759	2	52	3603	0	0
March 22, 2007 11:57:00 AM UTC	1174589820000	0	0	yes	42.3	176.5	20972	20821	13816	6687	0	39080	2770	9	50	3602	0	0
March 22, 2007 11:58:00 AM UTC	1174589880000	0	0	yes	42.4	176.9	20972	20821	13816	6687	0	39080	2757	2	47	3612	0	0
March 22, 2007 11:59:00 AM UTC	1174589940000	0	0	yes	42.4	177.2	20972	20821	13816	6687	0	39080	2759	3	46	3610	0	0
March 22, 2007 12:00:00 PM UTC	1174590000000	0	0	yes	42.4	177.5	20972	20821	13816	6687	0	39080	2768	0	45	3601	0	1
March 22, 2007 12:01:00 PM UTC	1174590060000	0	0	yes	42.4	177.9	20972	20821	13816	6687	0	39080	2758	1	41	3612	0	1
March 22, 2007 12:02:00 PM UTC	1174590120000	0	0	yes	42.4	178.2	20972	20821	13815	6687	0	39081	2773	8	42	3602	0	1
March 22, 2007 12:03:00 PM UTC	1174590180000	0	0	yes	42.4	178.5	20972	20821	13816	6663	0	39104	2760	1	38	3615	0	1
March 22, 2007 12:04:00 PM UTC	1174590240000	0	0	yes	42.4	178.9	20972	20821	13816	6662	0	39105	2771	6	52	3612	0	1
March 22, 2007 12:05:00 PM UTC	1174590300000	0	0	yes	42.4	179.2	20972	20821	13817	6662	0	39104	2765	0	44	3608	0	0
March 22, 2007 12:06:00 PM UTC	1174590360000	0	0	yes	42.4	179.6	20972	20821	13818	6662	0	39103	2769	4	38	3613	0	1
March 22, 2007 12:07:00 PM UTC	1174590420000	0	0	yes	42.4	179.9	20972	20821	13818	6662	0	39103	2768	9	45	3604	0	0
March 22, 2007 12:08:00 PM UTC	1174590480000	0	0	yes	42.4	180.2	20972	20821	13818	6662	0	39103	2769	7	52	3605	0	1
March 22, 2007 12:09:00 PM UTC	1174590540000	0	0	yes	42.4	180.6	20972	20821	13817	6662	0	39104	2760	0	43	3615	0	0
March 22, 2007 12:10:00 PM UTC	1174590600000	0	0	yes	42.4	180.9	20972	20821	13817	6662	0	39104	2775	1	33	3605	0	0
March 22, 2007 12:11:00 PM UTC	1174590660000	0	0	yes	42.4	181.3	20972	20821	13816	6662	0	39105	2763	0	36	3614	0	0
March 22, 2007 12:12:00 PM UTC	1174590720000	0	0	yes	42.4	181.6	20972	20821	13816	6682	0	39085	2769	0	33	3607	0	1
March 22, 2007 12:13:00 PM UTC	1174590780000	0	0	yes	42.4	181.9	20972	20821	13815	6685	0	39083	2766	0	38	3609	0	0
March 22, 2007 12:14:00 PM UTC	1174590840000	0	0	yes	42.4	182.3	20972	20821	13816	6685	0	39082	2761	0	30	3611	0	2
March 22, 2007 12:15:00 PM UTC	1174590900000	0	0	yes	42.4	182.6	20972	20821	13816	6685	0	39082	2770	2	33	3604	0	1
March 22, 2007 12:16:00 PM UTC	1174590960000	0	0	yes	42.4	182.9	20972	20821	13816	6685	0	39082	2760	0	36	3611	0	1
March 22, 2007 12:17:00 PM UTC	1174591020000	0	0	yes	42.4	183.3	20972	20821	13816	6685	0	39082	2765	1	54	3603	0	1
March 22, 2007 12:18:00 PM UTC	1174591080000	0	0	yes	42.3	183.6	20972	20821	13815	6689	0	39079	2760	2	47	3607	0	1
March 22, 2007 12:19:00 PM UTC	1174591140000	0	0	yes	42.3	184.0	20972	20821	13815	6690	0	39078	2760	0	51	3606	0	1
March 22, 2007 12:20:00 PM UTC	1174591200000	0	0	yes	42.3	184.3	20972	20821	13816	6687	0	39080	2762	0	42	3602	0	0
March 22, 2007 12:21:00 PM UTC	1174591260000	0	0	yes	42.3	184.6	20972	20821	13818	6604	0	39161	2790	2	44	3599	0	0
March 22, 2007 12:22:00 PM UTC	1174591320000	0	0	yes	42.3	185.0	20972	20821	13815	6705	0	39063	2750	2	41	3600	0	1
March 22, 2007 12:23:00 PM UTC	1174591380000	0	0	yes	42.3	185.3	20972	20821	13814	6705	0	39064	2756	4	42	3600	0	1
March 22, 2007 12:24:00 PM UTC	1174591440000	0	0	yes	42.3	185.6	20972	20821	13812	6712	0	39059	2753	1	43	3599	0	1
March 22, 2007 12:25:00 PM UTC	1174591500000	0	0	yes	42.2	186.0	20972	20821	13827	6641	0	39115	2794	1	43	3600	0	1
March 22, 2007 12:26:00 PM UTC	1174591560000	0	0	yes	42.2	186.3	20972	20821	13826	6643	0	39114	2795	1	52	3599	0	0
March 22, 2007 12:27:00 PM UTC	1174591620000	0	0	yes	42.2	186.7	20972	20821	13811	6713	0	39059	2750	3	41	3595	0	1
March 22, 2007 12:28:00 PM UTC	1174591680000	0	0	yes	42.2	187.0	20972	20821	13810	6713	0	39060	2758	2	42	3587	0	1
March 22, 2007 12:29:00 PM UTC	1174591740000	0	0	yes	42.2	187.3	20972	20821	13810	6639	0	39134	2772	0	36	3594	0	0
March 22, 2007 12:30:00 PM UTC	1174591800000	0	0	yes	42.2	187.7	20972	20821	13810	6639	0	39134	2779	1	46	3585	0	0
March 22, 2007 12:31:00 PM UTC	1174591860000	0	0	yes	42.1	188.0	20972	20821	13810	6664	0	39109	2765	0	44	3586	0	0
March 22, 2007 12:32:00 PM UTC	1174591920000	0	0	yes	42.1	188.3	20972	20821	13809	6744	0	39030	2741	0	46	3584	0	0
March 22, 2007 12:33:00 PM UTC	1174591980000	0	0	yes	42.1	188.7	20972	20821	13822	6688	0	39073	2772	0	48	3584	0	0
March 22, 2007 12:34:00 PM UTC	1174592040000	0	0	yes	42.1	189.0	20972	20821	13821	6686	0	39076	2780	3	46	3577	0	0
March 22, 2007 12:35:00 PM UTC	1174592100000	0	0	yes	42.0	189.3	20972	20821	13824	6684	0	39075	2775	1	50	3583	0	0
March 22, 2007 12:36:00 PM UTC	1174592160000	0	0	yes	42.0	189.7	20972	20821	13807	6755	0	39021	2734	0	48	3572	0	0
March 22, 2007 12:37:00 PM UTC	1174592220000	0	0	yes	42.0	190.0	20972	20821	13805	6691	0	39087	2751	0	52	3572	0	0
March 22, 2007 12:38:00 PM UTC	1174592280000	0	0	yes	41.9	190.3	20972	20821	13805	6689	0	39089	2748	0	50	3571	0	0
March 22, 2007 12:39:00 PM UTC	1174592340000	0	0	yes	41.9	190.7	20972	20821	13820	6621	0	39142	2794	0	46	3573	0	0
March 22, 2007 12:40:00 PM UTC	1174592400000	0	0	yes	41.9	191.0	20972	20821	13820	6621	0	39142	2791	1	49	3573	0	1
March 22, 2007 12:41:00 PM UTC	1174592460000	0	0	yes	41.9	191.3	20972	20821	13817	6634	0	39132	2784	0	48	3563	0	1
March 22, 2007 12:42:00 PM UTC	1174592520000	0	0	yes	41.8	191.7	20972	20821	13815	6666	0	39102	2776	0	37	3561	0	1
March 22, 2007 12:43:00 PM UTC	1174592580000	0	0	yes	41.8	192.0	20972	20821	13815	6666	0	39102	2782	0	39	3551	0	1
March 22, 2007 12:44:00 PM UTC	1174592640000	0	0	yes	41.7	192.3	20972	20821	13797	6820	0	38966	2707	1	39	3549	0	0
March 22, 2007 12:45:00 PM UTC	1174592700000	0	0	yes	41.7	192.7	20972	20821	13811	6690	0	39082	2768	0	52	3546	0	1
March 22, 2007 12:46:00 PM UTC	1174592760000	0	0	yes	41.7	193.0	20972	20821	13810	6691	0	39082	2762	0	42	3548	0	0
March 22, 2007 12:47:00 PM UTC	1174592820000	0	0	yes	41.6	193.3	20972	20821	13810	6691	0	39082	2766	1	47	3540	0	0
March 22, 2007 12:48:00 PM UTC	1174592880000	0	0	yes	41.6	193.7	20972	20821	13809	6691	0	39083	2765	2	49	3542	0	0
March 22, 2007 12:49:00 PM UTC	1174592940000	0	0	yes	41.6	194.0	20972	20821	13809	6691	0	39083	2767	0	55	3541	0	1
March 22, 2007 12:50:00 PM UTC	1174593000000	0	0	yes	41.5	194.3	20972	20821	13824	6622	0	39137	2806	2	59	3537	0	0
March 22, 2007 12:51:00 PM UTC	1174593060000	0	0	yes	41.5	194.7	20972	20821	13819	6642	0	39122	2794	2	60	3534	0	0
March 22, 2007 12:52:00 PM UTC	1174593120000	0	0	yes	41.4	195.0	20972	20821	13807	6640	0	39136	2773	0	50	3528	0	1
March 22, 2007 12:53:00 PM UTC	1174593180000	0	0	yes	41.4	195.3	20972	20821	13808	6638	0	39137	2774	1	65	3523	0	0
March 22, 2007 12:54:00 PM UTC	1174593240000	0	0	yes	41.4	195.6	20972	20821	13803	6695	0	39085	2763	0	47	3512	0	0
March 22, 2007 12:55:00 PM UTC	1174593300000	0	0	yes	41.3	196.0	20972	20821	13818	6628	0	39137	2791	0	49	3521	0	0
March 22, 2007 12:56:00 PM UTC	1174593360000	0	0	yes	41.3	196.3	20972	20821	13818	6628	0	39137	2800	0	56	3512	0	1
March 22, 2007 12:57:00 PM UTC	1174593420000	0	0	yes	41.2	196.6	20972	20821	13816	6710	0	39057	2767	0	47	3510	0	0
March 22, 2007 12:58:00 PM UTC	1174593480000	0	0	yes	41.2	196.9	20972	20821	13816	6708	0	39059	2774	0	47	3502	0	0
March 22, 2007 12:59:00 PM UTC	1174593540000	0	0	yes	41.1	197.3	20972	20821	13800	6788	0	38995	2726	0	36	3498	0	0
March 22, 2007 1:00:00 PM UTC	1174593600000	0	0	yes	41.1	197.6	20972	20821	13812	6668	0	39103	2773	0	45	3496	0	0
March 22, 2007 1:01:00 PM UTC	1174593660000	0	0	yes	41.0	197.9	20972	20821	13812	6668	0	39103	2773	1	48	3495	0	0
March 22, 2007 1:02:00 PM UTC	1174593720000	0	0	yes	41.0	198.2	20972	20821	13812	6668	0	39103	2776	1	40	3486	0	0
March 22, 2007 1:03:00 PM UTC	1174593780000	0	0	yes	40.9	198.6	20972	20821	13805	6695	0	39083	2763	0	47	3484	0	0
March 22, 2007 1:04:00 PM UTC	1174593840000	0	0	yes	40.9	198.9	20972	20821	13826	6605	0	39152	2806	1	47	3486	0	1
March 22, 2007 1:05:00 PM UTC	1174593900000	0	0	yes	40.8	199.2	20972	20821	13811	6668	0	39104	2779	0	55	3472	0	1
March 22, 2007 1:06:00 PM UTC	1174593960000	0	0	yes	40.8	199.5	20972	20821	13805	6695	0	39083	2761	2	60	3468	0	0
March 22, 2007 1:06:54 PM UTC	1174594014000	24	9	yes	40.7	199.8	20972	20821	13808	6624	0	39151	2778	1895	354	3469	1113	617
March 22, 2007 1:08:00 PM UTC	1174594080000	0	0	yes	40.6	200.2	20972	20821	13821	6607	0	39155	2810	0	39	3457	0	0
March 22, 2007 1:09:00 PM UTC	1174594140000	0	0	yes	40.6	200.5	20972	20821	13815	6634	0	39134	2793	1	42	3455	0	0
March 22, 2007 1:10:00 PM UTC	1174594200000	0	0	yes	40.5	200.8	20972	20821	13821	6610	0	39152	2804	0	21	3451	0	0
March 22, 2007 1:11:00 PM UTC	1174594260000	0	0	yes	40.5	201.1	20972	20821	13802	6702	0	39079	2757	0	33	3442	0	0
March 22, 2007 1:12:00 PM UTC	1174594320000	0	0	yes	40.4	201.5	20972	20821	13815	6635	0	39133	2796	0	25	3437	0	0
March 22, 2007 1:13:00 PM UTC	1174594380000	0	0	yes	40.3	201.8	20972	20821	13812	6716	0	39055	2772	0	30	3434	0	0
March 22, 2007 1:14:00 PM UTC	1174594440000	0	0	yes	40.3	202.1	20972	20821	13808	6689	0	39086	2769	0	18	3425	0	0
March 22, 2007 1:15:00 PM UTC	1174594500000	0	0	yes	40.2	202.4	20972	20821	13815	6663	0	39105	2789	1	27	3420	0	0
March 22, 2007 1:16:00 PM UTC	1174594560000	0	0	yes	40.2	202.7	20972	20821	13809	6689	0	39085	2769	0	22	3419	0	0
March 22, 2007 1:17:00 PM UTC	1174594620000	0	0	yes	40.1	203.0	20972	20821	13809	6689	0	39085	2776	0	14	3406	0	0
March 22, 2007 1:18:00 PM UTC	1174594680000	0	0	yes	40.0	203.4	20972	20821	13808	6689	0	39086	2772	0	20	3406	0	0
March 22, 2007 1:19:00 PM UTC	1174594740000	0	0	yes	40.0	203.7	20972	20821	13816	6653	0	39114	2788	0	22	3401	0	0
March 22, 2007 1:20:00 PM UTC	1174594800000	0	0	yes	39.9	204.0	20972	20821	13825	6624	0	39134	2813	0	22	3391	0	0
March 22, 2007 1:21:00 PM UTC	1174594860000	0	0	yes	39.8	204.3	20972	20821	13802	6736	0	39045	2746	0	20	3387	0	0
March 22, 2007 1:22:00 PM UTC	1174594920000	0	0	yes	39.8	204.6	20972	20821	13805	6663	0	39115	2774	0	12	3379	0	0
March 22, 2007 1:23:00 PM UTC	1174594980000	0	0	yes	39.7	204.9	20972	20821	13810	6633	0	39140	2785	0	19	3379	0	1
March 22, 2007 1:24:00 PM UTC	1174595040000	0	0	yes	39.6	205.2	20972	20821	13818	6601	0	39164	2805	0	14	3373	0	0
March 22, 2007 1:25:00 PM UTC	1174595100000	0	0	yes	39.5	205.6	20972	20821	13818	6616	0	39149	2802	0	7	3367	0	1
March 22, 2007 1:26:00 PM UTC	1174595160000	0	0	yes	39.5	205.9	20972	20821	13810	6684	0	39089	2774	0	19	3359	0	0
March 22, 2007 1:27:00 PM UTC	1174595220000	0	0	yes	39.4	206.2	20972	20821	13810	6684	0	39089	2775	0	14	3350	0	0
March 22, 2007 1:28:00 PM UTC	1174595280000	0	0	yes	39.3	206.5	20972	20821	13810	6683	0	39090	2779	0	17	3349	0	0
March 22, 2007 1:29:00 PM UTC	1174595340000	0	0	yes	39.3	206.8	20972	20821	13825	6575	0	39183	2827	0	15	3337	0	0
March 22, 2007 1:30:00 PM UTC	1174595400000	0	0	yes	39.2	207.1	20972	20821	13803	6672	0	39108	2770	0	14	3335	0	0
March 22, 2007 1:31:00 PM UTC	1174595460000	0	0	yes	39.1	207.4	20972	20821	13803	6676	0	39104	2775	0	17	3321	0	0
March 22, 2007 1:32:00 PM UTC	1174595520000	0	0	yes	39.0	207.7	20972	20821	13826	6573	0	39184	2830	0	8	3318	0	0
March 22, 2007 1:33:00 PM UTC	1174595580000	0	0	yes	38.9	208.0	20972	20821	13818	6611	0	39154	2810	0	10	3309	0	0
March 22, 2007 1:34:00 PM UTC	1174595640000	0	0	yes	38.9	208.3	20972	20821	13803	6674	0	39106	2769	0	10	3308	0	0
March 22, 2007 1:35:00 PM UTC	1174595700000	0	0	yes	38.8	208.6	20972	20821	13808	6718	0	39057	2760	0	12	3300	0	0
March 22, 2007 1:36:00 PM UTC	1174595760000	0	0	yes	38.7	208.9	20972	20821	13817	6650	0	39116	2800	0	13	3291	0	0
March 22, 2007 1:37:00 PM UTC	1174595820000	0	0	yes	38.6	209.2	20972	20821	13809	6685	0	39089	2772	0	19	3289	0	0
March 22, 2007 1:38:00 PM UTC	1174595880000	0	0	yes	38.5	209.5	20972	20821	13809	6685	0	39089	2776	0	15	3288	0	0
March 22, 2007 1:39:00 PM UTC	1174595940000	0	0	yes	38.5	209.8	20972	20821	13809	6685	0	39089	2774	0	18	3272	0	0
March 22, 2007 1:40:00 PM UTC	1174596000000	0	0	yes	38.4	210.1	20972	20821	13822	6632	0	39129	2809	0	15	3266	0	1
March 22, 2007 1:41:00 PM UTC	1174596060000	0	0	yes	38.3	210.4	20972	20821	13816	6660	0	39107	2788	0	12	3258	0	2
March 22, 2007 1:42:00 PM UTC	1174596120000	0	0	yes	38.2	210.7	20972	20821	13801	6721	0	39061	2754	0	17	3254	0	2
March 22, 2007 1:43:00 PM UTC	1174596180000	0	0	yes	38.1	211.0	20972	20821	13815	6600	0	39168	2816	0	17	3244	0	2
March 22, 2007 1:44:00 PM UTC	1174596240000	0	0	yes	38.0	211.3	20972	20821	13815	6626	0	39142	2799	0	9	3236	0	0
March 22, 2007 1:45:00 PM UTC	1174596300000	0	0	yes	38.0	211.6	20972	20821	13815	6626	0	39142	2804	0	7	3228	0	0
March 22, 2007 1:46:00 PM UTC	1174596360000	0	0	yes	37.9	211.9	20972	20821	13815	6626	0	39142	2805	0	9	3218	0	0
March 22, 2007 1:47:00 PM UTC	1174596420000	0	0	yes	37.8	212.2	20972	20821	13815	6625	0	39143	2797	0	16	3218	0	0
March 22, 2007 1:48:00 PM UTC	1174596480000	0	0	yes	37.7	212.5	20972	20821	13820	6664	0	39099	2801	0	16	3210	0	0
March 22, 2007 1:49:00 PM UTC	1174596540000	0	0	yes	37.6	212.8	20972	20821	13810	6682	0	39091	2784	0	14	3203	0	0
March 22, 2007 1:50:00 PM UTC	1174596600000	0	0	yes	37.5	213.1	20972	20821	13805	6724	0	39054	2763	0	17	3197	0	0
March 22, 2007 1:51:00 PM UTC	1174596660000	0	0	yes	37.4	213.4	20972	20821	13818	6630	0	39135	2801	0	22	3195	0	0
March 22, 2007 1:52:00 PM UTC	1174596720000	0	0	yes	37.3	213.7	20972	20821	13806	6690	0	39087	2759	0	10	3185	0	0
March 22, 2007 1:53:00 PM UTC	1174596780000	0	0	yes	37.2	214.0	20972	20821	13818	6631	0	39134	2796	0	15	3186	0	0
March 22, 2007 1:54:00 PM UTC	1174596840000	0	0	yes	37.1	214.3	20972	20821	13810	6673	0	39100	2771	0	14	3167	0	0
March 22, 2007 1:55:00 PM UTC	1174596900000	0	0	yes	37.1	214.6	20972	20821	13833	6572	0	39178	2831	0	14	3180	0	0
March 22, 2007 1:56:00 PM UTC	1174596960000	0	0	yes	37.0	214.9	20972	20821	13810	6673	0	39100	2772	0	16	3153	0	0
March 22, 2007 1:57:00 PM UTC	1174597020000	0	0	yes	36.9	215.1	20972	20821	13810	6673	0	39100	2772	0	22	3164	0	0
March 22, 2007 1:58:00 PM UTC	1174597080000	0	0	yes	36.8	215.4	20972	20821	13825	6560	0	39198	2821	0	15	3139	0	0
March 22, 2007 1:59:00 PM UTC	1174597140000	0	0	yes	36.7	215.7	20972	20821	13811	6667	0	39105	2762	0	19	3152	0	0
March 22, 2007 2:00:00 PM UTC	1174597200000	0	0	yes	36.6	216.0	20972	20821	13814	6638	0	39131	2780	0	8	3133	0	0
March 22, 2007 2:01:00 PM UTC	1174597260000	0	0	yes	36.5	216.3	20972	20821	13825	6590	0	39168	2802	0	18	3141	0	0
March 22, 2007 2:02:00 PM UTC	1174597320000	0	0	yes	36.4	216.6	20972	20821	13815	6638	0	39130	2767	0	21	3133	0	8
March 22, 2007 2:03:00 PM UTC	1174597380000	0	0	yes	36.3	216.9	20972	20821	13815	6638	0	39130	2767	0	11	3130	1	6
March 22, 2007 2:04:00 PM UTC	1174597440000	0	0	yes	36.2	217.2	20972	20821	13828	6580	0	39175	2796	0	20	3121	0	4
March 22, 2007 2:05:00 PM UTC	1174597500000	0	0	yes	36.1	217.4	20972	20821	13816	6637	0	39130	2767	0	18	3110	0	14
March 22, 2007 2:06:00 PM UTC	1174597560000	0	0	yes	36.0	217.7	20972	20821	13819	6606	0	39158	2770	1	34	3108	0	23
March 22, 2007 2:07:00 PM UTC	1174597620000	0	0	yes	35.9	218.0	20972	20821	13816	6620	0	39147	2765	4	75	3100	2	24
March 22, 2007 2:08:00 PM UTC	1174597680000	0	0	yes	35.8	218.3	20972	20821	13819	6606	0	39158	2765	19	75	3096	0	40
March 22, 2007 2:09:00 PM UTC	1174597740000	0	0	yes	35.7	218.6	20972	20821	13820	6606	0	39157	2764	6	103	3088	2	39
March 22, 2007 2:10:00 PM UTC	1174597800000	0	0	yes	35.6	218.8	20972	20821	13809	6652	0	39122	2732	24	117	3086	3	14
March 22, 2007 2:11:00 PM UTC	1174597860000	0	0	yes	35.5	219.1	20972	20821	13820	6606	0	39157	2762	39	82	3078	0	9
March 22, 2007 2:12:00 PM UTC	1174597920000	0	1	yes	35.4	219.4	20972	20821	13821	6605	0	39157	2751	17	110	3079	0	5
March 22, 2007 2:13:00 PM UTC	1174597980000	1	1	yes	35.2	219.7	20972	20821	13823	6549	0	39211	2768	63	133	3069	0	0
March 22, 2007 2:14:00 PM UTC	1174598040000	0	1	yes	35.1	220.0	20972	20821	13810	6635	0	39138	2721	21	134	3064	4	34
March 22, 2007 2:15:00 PM UTC	1174598100000	1	1	yes	35.0	220.2	20972	20821	13820	6588	0	39175	2752	45	102	3052	18	67
March 22, 2007 2:16:00 PM UTC	1174598160000	0	1	yes	34.9	220.5	20972	20821	13823	6582	0	39178	2751	12	83	3050	9	109
March 22, 2007 2:17:00 PM UTC	1174598220000	0	1	yes	34.8	220.8	20972	20821	13814	6630	0	39139	2716	2	49	3047	66	230
March 22, 2007 2:18:00 PM UTC	1174598280000	1	1	yes	34.7	221.1	20972	20821	13822	6582	0	39179	2746	45	140	3039	204	228
March 22, 2007 2:19:00 PM UTC	1174598340000	1	1	yes	34.6	221.3	20972	20821	13811	6630	0	39142	2706	111	160	3039	324	291
March 22, 2007 2:20:00 PM UTC	1174598400000	2	1	yes	34.5	221.6	20972	20821	13822	6582	0	39179	2737	261	203	3035	223	260
March 22, 2007 2:21:00 PM UTC	1174598460000	2	1	yes	34.4	221.9	20972	20821	13813	6581	0	39189	2716	316	232	3030	219	244
March 22, 2007 2:22:00 PM UTC	1174598520000	2	1	yes	34.3	222.1	20972	20821	13823	6570	0	39190	2728	432	159	3026	160	303
March 22, 2007 2:23:00 PM UTC	1174598580000	2	1	yes	34.2	222.4	20972	20821	13810	6623	0	39150	2692	400	189	3019	171	357
March 22, 2007 2:24:00 PM UTC	1174598640000	2	2	yes	34.0	222.7	20972	20821	13822	6571	0	39190	2718	355	238	3017	261	455
March 22, 2007 2:25:00 PM UTC	1174598700000	3	3	yes	33.9	223.0	20972	20821	13808	6623	0	39152	2682	663	413	3012	391	565
March 22, 2007 2:26:00 PM UTC	1174598760000	5	3	yes	33.8	223.2	20972	20821	13821	6572	0	39190	2718	1227	538	3003	548	387
March 22, 2007 2:27:00 PM UTC	1174598820000	6	2	yes	33.7	223.5	20972	20821	13809	6621	0	39153	2663	1554	363	3006	596	343
March 22, 2007 2:28:00 PM UTC	1174598880000	6	3	yes	33.6	223.8	20972	20821	13822	6579	0	39182	2699	1567	459	2998	565	553
March 22, 2007 2:29:00 PM UTC	1174598940000	5	4	yes	33.5	224.0	20972	20821	13835	6472	0	39276	2736	1431	667	2991	385	662
March 22, 2007 2:30:00 PM UTC	1174599000000	6	4	yes	33.4	224.3	20972	20821	13810	6618	0	39155	2649	1601	580	2995	517	546
March 22, 2007 2:31:00 PM UTC	1174599060000	6	3	yes	33.2	224.6	20972	20821	13822	6568	0	39193	2683	1669	316	2985	517	422
March 22, 2007 2:32:00 PM UTC	1174599120000	5	4	yes	33.1	224.8	20972	20821	13809	6618	0	39156	2649	1502	467	2981	318	602
March 22, 2007 2:33:00 PM UTC	1174599180000	5	5	yes	33.0	225.1	20972	20821	13822	6568	0	39193	2669	1301	642	2983	455	461
March 22, 2007 2:34:00 PM UTC	1174599240000	5	4	yes	32.9	225.3	20972	20821	13810	6620	0	39153	2642	1041	547	2975	675	567
March 22, 2007 2:35:00 PM UTC	1174599300000	5	5	yes	32.8	225.6	20972	20821	13822	6568	0	39193	2659	978	639	2976	626	874
March 22, 2007 2:36:00 PM UTC	1174599360000	5	4	yes	32.7	225.9	20972	20821	13823	6517	0	39243	2667	1138	560	2972	771	714
March 22, 2007 2:37:00 PM UTC	1174599420000	6	4	yes	32.5	226.1	20972	20821	13812	6566	0	39205	2633	1476	483	2968	845	653
March 22, 2007 2:38:00 PM UTC	1174599480000	6	3	yes	32.4	226.4	20972	20821	13822	6577	0	39184	2640	1632	311	2966	740	676
March 22, 2007 2:39:00 PM UTC	1174599540000	7	3	yes	32.3	226.6	20972	20821	13812	6626	0	39145	2607	1752	249	2963	763	552
March 22, 2007 2:40:00 PM UTC	1174599600000	8	3	yes	32.2	226.9	20972	20821	13822	6577	0	39184	2629	2078	329	2954	885	541
March 22, 2007 2:41:00 PM UTC	1174599660000	8	3	yes	32.1	227.2	20972	20821	13822	6577	0	39184	2619	2234	247	2954	691	647
March 22, 2007 2:42:00 PM UTC	1174599720000	8	4	yes	31.9	227.4	20972	20821	13809	6631	0	39143	2586	2276	202	2951	568	670
March 22, 2007 2:43:00 PM UTC	1174599780000	8	3	yes	31.8	227.7	20972	20821	13822	6577	0	39184	2609	2193	211	2951	663	576
March 22, 2007 2:44:00 PM UTC	1174599840000	8	5	yes	31.7	227.9	20972	20821	13810	6631	0	39142	2569	1948	291	2944	876	514
March 22, 2007 2:45:00 PM UTC	1174599900000	8	3	yes	31.6	228.2	20972	20821	13822	6545	0	39216	2602	2019	198	2945	1006	521
March 22, 2007 2:46:00 PM UTC	1174599960000	8	4	yes	31.4	228.4	20972	20821	13824	6536	0	39223	2597	1884	373	2940	1100	562
March 22, 2007 2:47:00 PM UTC	1174600020000	8	3	yes	31.3	228.7	20972	20821	13821	6586	0	39176	2583	1763	397	2936	1109	458
March 22, 2007 2:48:00 PM UTC	1174600080000	7	4	yes	31.2	229.0	20972	20821	13820	6595	0	39168	2563	1469	555	2934	1212	356
March 22, 2007 2:49:00 PM UTC	1174600140000	9	4	yes	31.1	229.2	20972	20821	13820	6595	0	39168	2560	1807	416	2933	1324	329
March 22, 2007 2:50:00 PM UTC	1174600200000	8	4	yes	30.9	229.5	20972	20821	13820	6595	0	39168	2554	1695	302	2932	1101	417
March 22, 2007 2:51:00 PM UTC	1174600260000	8	4	yes	30.8	229.7	20972	20821	13808	6654	0	39121	2516	1268	228	2931	1099	393
March 22, 2007 2:52:00 PM UTC	1174600320000	8	5	yes	30.7	230.0	20972	20821	13820	6594	0	39169	2535	1069	284	2926	1293	466
March 22, 2007 2:53:00 PM UTC	1174600380000	9	5	yes	30.6	230.2	20972	20821	13809	6616	0	39158	2515	997	341	2927	1457	626
March 22, 2007 2:54:00 PM UTC	1174600440000	9	6	yes	30.4	230.5	20972	20821	13821	6558	0	39204	2537	994	422	2923	1478	709
March 22, 2007 2:55:00 PM UTC	1174600500000	9	6	yes	30.3	230.7	20972	20821	13808	6615	0	39160	2502	1130	380	2920	1254	794
March 22, 2007 2:56:00 PM UTC	1174600560000	10	6	yes	30.2	231.0	20972	20821	13817	6621	0	39145	2501	1285	354	2917	1219	851
March 22, 2007 2:57:00 PM UTC	1174600620000	9	6	yes	30.0	231.2	20972	20821	13818	6621	0	39144	2493	1315	317	2918	1474	742
March 22, 2007 2:58:00 PM UTC	1174600680000	10	6	yes	29.9	231.5	20972	20821	13818	6621	0	39144	2485	1493	346	2916	1573	613
March 22, 2007 2:59:00 PM UTC	1174600740000	10	7	yes	29.8	231.7	20972	20821	13817	6621	0	39145	2478	1812	353	2911	1487	566
March 22, 2007 3:00:00 PM UTC	1174600800000	10	7	yes	29.7	231.9	20972	20821	13828	6579	0	39176	2494	1937	301	2910	1422	541
March 22, 2007 3:01:00 PM UTC	1174600860000	10	7	yes	29.5	232.2	20972	20821	13818	6588	0	39177	2475	1935	360	2906	1250	508
March 22, 2007 3:02:00 PM UTC	1174600920000	10	7	yes	29.4	232.4	20972	20821	13828	6545	0	39210	2488	1946	307	2909	988	515
March 22, 2007 3:03:00 PM UTC	1174600980000	9	6	yes	29.3	232.7	20972	20821	13815	6604	0	39164	2446	2016	244	2906	720	530
March 22, 2007 3:04:00 PM UTC	1174601040000	9	7	yes	29.1	232.9	20972	20821	13805	6646	0	39132	2424	1939	256	2901	576	588
March 22, 2007 3:05:00 PM UTC	1174601100000	7	9	yes	29.0	233.2	20972	20821	13812	6662	0	39109	2415	1693	404	2906	491	539
March 22, 2007 3:06:00 PM UTC	1174601160000	6	10	yes	28.9	233.4	20972	20821	13812	6661	0	39110	2415	1626	562	2899	458	466
March 22, 2007 3:07:00 PM UTC	1174601220000	6	10	yes	28.7	233.6	20972	20821	13822	6617	0	39144	2419	1510	689	2900	483	469
March 22, 2007 3:08:00 PM UTC	1174601280000	6	9	yes	28.6	233.9	20972	20821	13811	6661	0	39111	2393	1532	555	2902	540	461
March 22, 2007 3:09:00 PM UTC	1174601340000	5	10	yes	28.5	234.1	20972	20821	13820	6620	0	39143	2407	1423	786	2896	526	495
March 22, 2007 3:10:00 PM UTC	1174601400000	5	10	yes	28.3	234.4	20972	20821	13808	6653	0	39122	2377	1333	473	2909	545	678
March 22, 2007 3:11:00 PM UTC	1174601460000	5	10	yes	28.2	234.6	20972	20821	13813	6634	0	39136	2374	1181	380	2890	637	663
March 22, 2007 3:12:00 PM UTC	1174601520000	6	12	yes	28.1	234.8	20972	20821	13806	6654	0	39123	2358	1272	442	2901	675	800
March 22, 2007 3:13:00 PM UTC	1174601580000	6	13	yes	27.9	235.1	20972	20821	13821	6593	0	39169	2377	1163	527	2889	721	873
March 22, 2007 3:14:00 PM UTC	1174601640000	5	15	yes	27.8	235.3	20972	20821	13806	6709	0	39068	2326	1085	516	2898	621	958
March 22, 2007 3:15:00 PM UTC	1174601700000	6	16	yes	27.6	235.6	20972	20821	13821	6649	0	39113	2350	1044	467	2889	733	1068
March 22, 2007 3:16:00 PM UTC	1174601760000	6	18	yes	27.5	235.8	20972	20821	13815	6666	0	39102	2327	1277	416	2894	653	1150
March 22, 2007 3:17:00 PM UTC	1174601820000	5	19	yes	27.4	236.0	20972	20821	13828	6604	0	39151	2349	1364	377	2898	558	1314
March 22, 2007 3:18:00 PM UTC	1174601880000	5	20	yes	27.2	236.3	20972	20821	13805	6709	0	39069	2288	1329	318	2890	502	1148
March 22, 2007 3:19:00 PM UTC	1174601940000	5	19	yes	27.1	236.5	20972	20821	13803	6704	0	39076	2284	1281	415	2891	356	979
March 22, 2007 3:20:00 PM UTC	1174602000000	4	20	yes	27.0	236.7	20972	20821	13815	6644	0	39124	2295	1144	557	2894	167	888
March 22, 2007 3:21:00 PM UTC	1174602060000	5	18	yes	26.8	237.0	20972	20821	13811	6667	0	39105	2276	1170	608	2899	238	525
March 22, 2007 3:22:00 PM UTC	1174602120000	6	14	yes	26.7	237.2	20972	20821	13814	6643	0	39126	2282	1259	549	2893	237	416
March 22, 2007 3:23:00 PM UTC	1174602180000	6	12	yes	26.5	237.4	20972	20821	13799	6760	0	39024	2229	1169	396	2895	285	474
March 22, 2007 3:24:00 PM UTC	1174602240000	5	10	yes	26.4	237.7	20972	20821	13822	6660	0	39101	2263	1090	293	2900	421	514
March 22, 2007 3:25:00 PM UTC	1174602300000	5	10	yes	26.3	237.9	20972	20821	13808	6667	0	39108	2235	1174	281	2899	548	651
March 22, 2007 3:26:00 PM UTC	1174602360000	5	10	yes	26.1	238.1	20972	20821	13820	6604	0	39159	2253	1265	298	2895	516	660
March 22, 2007 3:27:00 PM UTC	1174602420000	5	9	yes	26.0	238.3	20972	20821	13808	6666	0	39109	2210	1230	272	2903	524	728
March 22, 2007 3:28:00 PM UTC	1174602480000	6	8	yes	25.8	238.6	20972	20821	13823	6582	0	39178	2244	1257	307	2899	745	617
March 22, 2007 3:29:00 PM UTC	1174602540000	6	8	yes	25.7	238.8	20972	20821	13817	6609	0	39157	2215	1212	263	2901	898	667
March 22, 2007 3:30:00 PM UTC	1174602600000	7	7	yes	25.6	239.0	20972	20821	13810	6640	0	39133	2196	1293	255	2902	923	560
March 22, 2007 3:31:00 PM UTC	1174602660000	8	7	yes	25.4	239.3	20972	20821	13808	6645	0	39130	2180	1492	291	2902	1172	503
March 22, 2007 3:32:00 PM UTC	1174602720000	9	7	yes	25.3	239.5	20972	20821	13817	6609	0	39157	2190	1670	226	2902	1363	596
March 22, 2007 3:33:00 PM UTC	1174602780000	11	7	yes	25.1	239.7	20972	20821	13814	6671	0	39098	2159	1878	171	2907	1706	561
March 22, 2007 3:34:00 PM UTC	1174602840000	12	8	yes	25.0	239.9	20972	20821	13801	6734	0	39048	2121	1997	86	2907	1891	564
March 22, 2007 3:35:00 PM UTC	1174602900000	12	11	yes	24.8	240.2	20972	20821	13816	6670	0	39097	2145	2059	53	2905	1911	568
March 22, 2007 3:36:00 PM UTC	1174602960000	12	11	yes	24.7	240.4	20972	20821	13801	6734	0	39048	2101	2068	14	2911	1873	593
March 22, 2007 3:37:00 PM UTC	1174603020000	13	10	yes	24.5	240.6	20972	20821	13822	6636	0	39125	2134	2111	23	2914	1882	502
March 22, 2007 3:38:00 PM UTC	1174603080000	13	11	yes	24.4	240.8	20972	20821	13801	6715	0	39067	2084	2059	25	2916	1871	390
March 22, 2007 3:39:00 PM UTC	1174603140000	13	10	yes	24.3	241.1	20972	20821	13801	6715	0	39067	2077	2059	18	2915	1851	289
March 22, 2007 3:40:00 PM UTC	1174603200000	13	10	yes	24.1	241.3	20972	20821	13810	6681	0	39092	2075	2071	4	2921	1818	358
March 22, 2007 3:41:00 PM UTC	1174603260000	13	11	yes	24.0	241.5	20972	20821	13813	6604	0	39166	2080	2056	24	2922	1921	302
March 22, 2007 3:42:00 PM UTC	1174603320000	12	12	yes	23.8	241.7	20972	20821	13811	6606	0	39166	2068	2006	60	2922	1878	415
March 22, 2007 3:43:00 PM UTC	1174603380000	12	14	yes	23.7	241.9	20972	20821	13810	6669	0	39104	2044	1988	48	2929	1895	559
March 22, 2007 3:44:00 PM UTC	1174603440000	13	15	yes	23.5	242.2	20972	20821	13809	6669	0	39105	2035	2035	0	2927	2137	479
March 22, 2007 3:45:00 PM UTC	1174603500000	16	15	yes	23.4	242.4	20972	20821	13809	6669	0	39105	2028	2028	0	2929	2193	588
March 22, 2007 3:46:00 PM UTC	1174603560000	17	18	yes	23.2	242.6	20972	20821	13817	6633	1	39132	2033	2032	0	2939	2267	509
March 22, 2007 3:47:00 PM UTC	1174603620000	19	18	yes	23.1	242.8	20972	20821	13817	6616	1	39149	2024	2023	0	2936	2351	390
March 22, 2007 3:48:00 PM UTC	1174603680000	19	22	yes	22.9	243.0	20972	20821	13809	6648	1	39125	1998	1997	0	2943	2398	371
March 22, 2007 3:49:00 PM UTC	1174603740000	21	24	yes	22.8	243.3	20972	20821	13817	6616	2	39148	1992	1990	0	2948	2597	300
March 22, 2007 3:50:00 PM UTC	1174603800000	22	29	yes	22.6	243.5	20972	20821	13817	6616	2	39148	1989	1987	0	2947	2687	260
March 22, 2007 3:51:00 PM UTC	1174603860000	22	33	yes	22.5	243.7	20972	20821	13817	6616	3	39147	1970	1967	0	2951	2814	137
March 22, 2007 3:52:00 PM UTC	1174603920000	23	38	yes	22.3	243.9	20972	20821	13810	6647	5	39121	1952	1947	0	2956	2888	68
March 22, 2007 3:53:00 PM UTC	1174603980000	24	42	yes	22.2	244.1	20972	20821	13825	6584	10	39164	1968	1958	0	2953	2939	14
March 22, 2007 3:54:00 PM UTC	1174604040000	25	43	yes	22.0	244.4	20972	20821	13801	6748	7	39027	1901	1894	0	2961	2860	101
March 22, 2007 3:55:00 PM UTC	1174604100000	26	43	yes	21.9	244.6	20972	20821	13808	6665	13	39097	1910	1897	0	2965	2940	25
March 22, 2007 3:56:00 PM UTC	1174604160000	29	45	yes	21.7	244.8	20972	20821	13808	6665	17	39093	1897	1880	0	2967	2931	36
March 22, 2007 3:57:00 PM UTC	1174604220000	30	46	yes	21.6	245.0	20972	20821	13808	6656	18	39101	1890	1872	0	2975	2829	146
March 22, 2007 3:58:00 PM UTC	1174604280000	31	48	yes	21.4	245.2	20972	20821	13815	6620	23	39125	1891	1868	0	2974	2847	127
March 22, 2007 3:59:00 PM UTC	1174604340000	33	49	no	21.3	245.4	20972	20821	13809	6649	26	39099	1871	1845	0	2980	2886	94
March 22, 2007 4:00:00 PM UTC	1174604400000	35	50	yes	21.1	245.6	20972	20821	13809	6649	30	39095	1858	1828	0	2985	2969	16
March 22, 2007 4:01:00 PM UTC	1174604460000	38	47	yes	21.0	245.9	20972	20821	13808	6657	31	39087	1848	1817	0	2985	2985	0
March 22, 2007 4:02:00 PM UTC	1174604520000	43	42	yes	20.8	246.1	20972	20821	13815	6621	37	39110	1847	1810	0	2991	2991	0
March 22, 2007 4:03:00 PM UTC	1174604580000	43	43	yes	20.7	246.3	20972	20821	13801	6681	34	39067	1805	1771	0	2999	2999	0
March 22, 2007 4:04:00 PM UTC	1174604640000	44	44	yes	20.5	246.5	20972	20821	13815	6621	41	39106	1826	1785	0	2999	2999	0
March 22, 2007 4:05:00 PM UTC	1174604700000	46	45	yes	20.4	246.7	20972	20821	13805	6728	39	39011	1776	1737	0	3008	3008	0
March 22, 2007 4:06:00 PM UTC	1174604760000	47	46	yes	20.2	246.9	20972	20821	13813	6687	45	39038	1788	1743	0	3010	3010	0
March 22, 2007 4:07:00 PM UTC	1174604820000	48	48	yes	20.1	247.1	20972	20821	13799	6754	43	38987	1747	1704	0	3012	3012	0
March 22, 2007 4:08:00 PM UTC	1174604880000	49	48	yes	19.9	247.3	20972	20821	13816	6661	52	39054	1771	1718	1	3020	3020	0
March 22, 2007 4:09:00 PM UTC	1174604940000	51	46	yes	19.8	247.5	20972	20821	13805	6715	51	39012	1740	1689	0	3026	3026	0
March 22, 2007 4:10:00 PM UTC	1174605000000	56	41	yes	19.6	247.8	20972	20821	13821	6648	57	39057	1750	1693	0	3033	3033	0
March 22, 2007 4:11:00 PM UTC	1174605060000	58	40	yes	19.5	248.0	20972	20821	13805	6716	56	39006	1712	1656	0	3040	3040	0
March 22, 2007 4:12:00 PM UTC	1174605120000	61	38	yes	19.3	248.2	20972	20821	13826	6621	64	39072	1737	1673	0	3041	3041	0
March 22, 2007 4:13:00 PM UTC	1174605180000	63	35	yes	19.2	248.4	20972	20821	13805	6715	57	39006	1692	1635	0	3048	3048	0
March 22, 2007 4:14:00 PM UTC	1174605240000	65	34	yes	19.0	248.6	20972	20821	13822	6567	66	39128	1707	1641	0	3059	3059	0
March 22, 2007 4:15:00 PM UTC	1174605300000	66	33	yes	18.8	248.8	20972	20821	13808	6635	62	39078	1676	1614	0	3061	3061	0
March 22, 2007 4:16:00 PM UTC	1174605360000	66	33	yes	18.7	249.0	20972	20821	13811	6680	67	39025	1659	1591	1	3071	3071	0
March 22, 2007 4:17:00 PM UTC	1174605420000	64	35	yes	18.5	249.2	20972	20821	13812	6679	67	39025	1643	1576	0	3078	3078	0
March 22, 2007 4:18:00 PM UTC	1174605480000	66	34	yes	18.4	249.4	20972	20821	13812	6679	72	39020	1638	1566	0	3081	3081	0
March 22, 2007 4:19:00 PM UTC	1174605540000	66	34	yes	18.2	249.6	20972	20821	13812	6671	73	39027	1619	1546	0	3094	3094	0
March 22, 2007 4:20:00 PM UTC	1174605600000	65	35	yes	18.1	249.8	20972	20821	13818	6601	80	39084	1628	1548	0	3094	3094	0
March 22, 2007 4:21:00 PM UTC	1174605660000	60	40	yes	17.9	250.0	20972	20821	13813	6626	79	39065	1603	1524	0	3104	3104	0
March 22, 2007 4:22:00 PM UTC	1174605720000	61	39	no	17.8	250.2	20972	20821	13813	6626	78	39066	1586	1508	0	3114	3114	0
March 22, 2007 4:23:00 PM UTC	1174605780000	58	42	no	17.6	250.4	20972	20821	13812	6626	79	39066	1581	1502	0	3115	3115	0
March 22, 2007 4:24:00 PM UTC	1174605840000	61	39	no	17.4	250.7	20972	20821	13818	6602	83	39080	1568	1485	0	3127	3127	0
March 22, 2007 4:25:00 PM UTC	1174605900000	64	36	no	17.3	250.9	20972	20821	13818	6599	84	39082	1560	1476	0	3132	3132	0
March 22, 2007 4:26:00 PM UTC	1174605960000	66	34	no	17.1	251.1	20972	20821	13818	6599	86	39080	1545	1459	0	3138	3138	0
March 22, 2007 4:27:00 PM UTC	1174606020000	70	30	no	17.0	251.3	20972	20821	13818	6599	88	39078	1534	1446	0	3149	3149	0
March 22, 2007 4:28:00 PM UTC	1174606080000	74	26	no	16.8	251.5	20972	20821	13822	6650	81	39030	1521	1440	0	3154	3154	0
March 22, 2007 4:29:00 PM UTC	1174606140000	77	23	no	16.7	251.7	20972	20821	13804	6721	84	38974	1479	1395	0	3165	3165	0
March 22, 2007 4:30:00 PM UTC	1174606200000	78	22	no	16.5	251.9	20972	20821	13817	6664	78	39024	1488	1407	0	3174	3174	0
March 22, 2007 4:31:00 PM UTC	1174606260000	79	21	no	16.3	252.1	20972	20821	13801	6733	69	38980	1445	1365	0	3185	3185	0
March 22, 2007 4:32:00 PM UTC	1174606320000	77	23	no	16.2	252.3	20972	20821	13821	6643	92	39027	1469	1373	0	3191	3191	0
March 22, 2007 4:33:00 PM UTC	1174606380000	78	22	no	16.0	252.5	20972	20821	13805	6715	80	38983	1435	1354	0	3197	3197	0
March 22, 2007 4:34:00 PM UTC	1174606440000	78	22	no	15.9	252.7	20972	20821	13821	6647	91	39024	1444	1353	0	3205	3205	0
March 22, 2007 4:35:00 PM UTC	1174606500000	77	23	no	15.7	252.9	20972	20821	13805	6714	90	38974	1408	1316	0	3220	3220	0
March 22, 2007 4:36:00 PM UTC	1174606560000	75	25	no	15.5	253.1	20972	20821	13820	6644	100	39019	1414	1313	0	3232	3232	0
March 22, 2007 4:37:00 PM UTC	1174606620000	75	25	no	15.4	253.3	20972	20821	13810	6693	93	38987	1389	1293	0	3235	3235	0
March 22, 2007 4:38:00 PM UTC	1174606680000	77	23	no	15.2	253.5	20972	20821	13825	6621	107	39030	1400	1293	0	3246	3246	0
March 22, 2007 4:39:00 PM UTC	1174606740000	79	21	no	15.1	253.7	20972	20821	13809	6701	99	38974	1355	1256	0	3259	3259	0
March 22, 2007 4:40:00 PM UTC	1174606800000	74	26	no	14.9	253.9	20972	20821	13828	6533	112	39110	1383	1270	0	3265	3265	0
March 22, 2007 4:41:00 PM UTC	1174606860000	70	30	no	14.7	254.1	20972	20821	13810	6645	106	39022	1333	1223	0	3280	3280	0
March 22, 2007 4:42:00 PM UTC	1174606920000	69	31	no	14.6	254.3	20972	20821	13810	6645	105	39023	1327	1221	0	3285	3285	0
March 22, 2007 4:43:00 PM UTC	1174606980000	68	32	no	14.4	254.5	20972	20821	13810	6645	108	39020	1318	1205	0	3294	3294	0
March 22, 2007 4:44:00 PM UTC	1174607040000	66	34	no	14.3	254.7	20972	20821	13810	6645	104	39024	1300	1196	0	3306	3306	0
March 22, 2007 4:45:00 PM UTC	1174607100000	66	34	no	14.1	254.9	20972	20821	13811	6643	97	39032	1289	1191	0	3318	3318	0
March 22, 2007 4:46:00 PM UTC	1174607160000	68	32	no	13.9	255.1	20972	20821	13815	6627	89	39052	1275	1186	0	3332	3332	0
March 22, 2007 4:47:00 PM UTC	1174607220000	69	31	no	13.8	255.3	20972	20821	13815	6627	81	39060	1267	1184	0	3339	3339	0
March 22, 2007 4:48:00 PM UTC	1174607280000	72	28	no	13.6	255.5	20972	20821	13815	6627	67	39074	1253	1184	0	3352	3352	0
March 22, 2007 4:49:00 PM UTC	1174607340000	73	27	no	13.5	255.7	20972	20821	13815	6625	77	39066	1236	1156	0	3367	3367	0
March 22, 2007 4:50:00 PM UTC	1174607400000	76	24	no	13.3	255.9	20972	20821	13815	6625	60	39083	1229	1167	0	3374	3374	0
March 22, 2007 4:51:00 PM UTC	1174607460000	77	23	no	13.1	256.1	20972	20821	13819	6607	65	39092	1218	1143	0	3387	3387	0
March 22, 2007 4:52:00 PM UTC	1174607520000	80	20	no	13.0	256.2	20972	20821	13819	6607	49	39108	1206	1155	0	3399	3399	0
March 22, 2007 4:53:00 PM UTC	1174607580000	84	16	no	12.8	256.4	20972	20821	13820	6607	68	39088	1195	1125	0	3413	3413	0
March 22, 2007 4:54:00 PM UTC	1174607640000	90	10	no	12.7	256.6	20972	20821	13817	6685	66	39015	1171	1090	0	3428	3428	0
March 22, 2007 4:55:00 PM UTC	1174607700000	93	7	no	12.5	256.8	20972	20821	13802	6755	67	38959	1140	1066	0	3437	3437	0
March 22, 2007 4:56:00 PM UTC	1174607760000	94	6	no	12.3	257.0	20972	20821	13818	6681	51	39033	1151	1085	0	3449	3449	0
March 22, 2007 4:57:00 PM UTC	1174607820000	95	5	no	12.2	257.2	20972	20821	13806	6739	61	38977	1118	1022	0	3465	3465	0
March 22, 2007 4:58:00 PM UTC	1174607880000	97	3	no	12.0	257.4	20972	20821	13817	6681	54	39031	1125	1039	0	3477	3477	0
March 22, 2007 4:59:00 PM UTC	1174607940000	97	2	no	11.9	257.6	20972	20821	13801	6753	55	38974	1085	972	0	3495	3495	0
March 22, 2007 5:00:00 PM UTC	1174608000000	98	2	no	11.7	257.8	20972	20821	13817	6683	64	39019	1098	956	0	3504	3504	0
March 22, 2007 5:01:00 PM UTC	1174608060000	99	1	no	11.5	258.0	20972	20821	13801	6716	58	39008	1066	933	0	3515	3515	0
March 22, 2007 5:02:00 PM UTC	1174608120000	99	1	no	11.4	258.2	20972	20821	13823	6616	41	39103	1078	957	0	3532	3532	0
March 22, 2007 5:03:00 PM UTC	1174608180000	98	2	no	11.2	258.4	20972	20821	13808	6611	36	39128	1053	941	0	3543	3543	0
March 22, 2007 5:04:00 PM UTC	1174608240000	99	1	no	11.0	258.6	20972	20821	13823	6551	48	39161	1059	976	0	3555	3555	0
March 22, 2007 5:05:00 PM UTC	1174608300000	99	1	no	10.9	258.8	20972	20821	13807	6623	46	39107	1021	954	0	3573	3573	0
March 22, 2007 5:06:00 PM UTC	1174608360000	99	1	no	10.7	259.0	20972	20821	13824	6554	30	39175	1032	995	0	3583	3583	0
March 22, 2007 5:07:00 PM UTC	1174608420000	99	1	no	10.5	259.2	20972	20821	13807	6699	37	39040	993	934	0	3597	3595	0
March 22, 2007 5:08:00 PM UTC	1174608480000	98	2	no	10.4	259.4	20972	20821	13807	6699	31	39046	983	911	0	3604	3604	0
March 22, 2007 5:09:00 PM UTC	1174608540000	96	3	no	10.2	259.5	20972	20821	13809	6692	23	39059	971	874	0	3620	3620	0
March 22, 2007 5:10:00 PM UTC	1174608600000	93	6	no	10.1	259.7	20972	20821	13809	6692	8	39074	952	880	0	3638	3625	0
March 22, 2007 5:11:00 PM UTC	1174608660000	90	9	no	9.9	259.9	20972	20821	13809	6692	1	39081	944	856	0	3646	3643	0
March 22, 2007 5:12:00 PM UTC	1174608720000	88	12	no	9.7	260.1	20972	20821	13809	6692	0	39082	933	845	0	3662	3659	0
March 22, 2007 5:13:00 PM UTC	1174608780000	88	12	no	9.6	260.3	20972	20821	13809	6690	0	39084	916	847	0	3672	3668	0
March 22, 2007 5:14:00 PM UTC	1174608840000	86	14	no	9.4	260.5	20972	20821	13809	6690	0	39084	905	904	0	3685	3685	0
March 22, 2007 5:15:00 PM UTC	1174608900000	86	14	no	9.2	260.7	20972	20821	13812	6678	0	39093	897	890	0	3687	3687	0
March 22, 2007 5:16:00 PM UTC	1174608960000	87	13	no	9.1	260.9	20972	20821	13812	6678	3	39090	885	867	0	3717	3717	0
March 22, 2007 5:17:00 PM UTC	1174609020000	82	18	no	8.9	261.1	20972	20821	13812	6676	0	39095	872	867	0	3716	3716	0
March 22, 2007 5:18:00 PM UTC	1174609080000	75	25	no	8.7	261.3	20972	20821	13812	6676	0	39095	856	803	0	3740	3740	0
March 22, 2007 5:19:00 PM UTC	1174609140000	65	35	no	8.6	261.5	20972	20821	13813	6652	0	39118	845	797	0	3741	3731	4
March 22, 2007 5:20:00 PM UTC	1174609200000	59	41	no	8.4	261.7	20972	20821	13813	6652	0	39118	835	789	0	3762	3717	5
March 22, 2007 5:21:00 PM UTC	1174609260000	54	46	no	8.3	261.8	20972	20821	13813	6652	0	39118	821	800	0	3773	3681	35
March 22, 2007 5:22:00 PM UTC	1174609320000	53	46	no	8.1	262.0	20972	20821	13813	6723	0	39047	807	807	0	3787	3636	121
March 22, 2007 5:23:00 PM UTC	1174609380000	51	49	no	7.9	262.2	20972	20821	13798	6717	0	39068	781	781	0	3796	3677	89
March 22, 2007 5:24:00 PM UTC	1174609440000	45	55	no	7.8	262.4	20972	20821	13816	6644	0	39123	783	782	0	3816	3572	114
March 22, 2007 5:25:00 PM UTC	1174609500000	38	61	no	7.6	262.6	20972	20821	13801	6717	0	39065	758	718	0	3820	3253	312
March 22, 2007 5:26:00 PM UTC	1174609560000	35	64	no	7.4	262.8	20972	20821	13817	6643	0	39123	755	693	0	3843	3245	274
March 22, 2007 5:27:00 PM UTC	1174609620000	23	74	no	7.3	263.0	20972	20821	13817	6643	14	39109	746	264	0	3854	2765	397
March 22, 2007 5:28:00 PM UTC	1174609680000	16	78	no	7.1	263.2	20972	20821	13817	6642	46	39078	735	105	0	3862	2737	474
March 22, 2007 5:29:00 PM UTC	1174609740000	13	80	no	6.9	263.4	20972	20821	13817	6642	52	39072	721	86	0	3879	2675	556
March 22, 2007 5:30:00 PM UTC	1174609800000	12	80	no	6.8	263.6	20972	20821	13818	6631	48	39086	713	125	0	3889	2600	650
March 22, 2007 5:31:00 PM UTC	1174609860000	13	81	no	6.6	263.7	20972	20821	13818	6631	17	39117	702	211	0	3900	2525	575
March 22, 2007 5:32:00 PM UTC	1174609920000	16	79	no	6.4	263.9	20972	20821	13818	6632	0	39133	689	313	0	3913	2623	509
March 22, 2007 5:33:00 PM UTC	1174609980000	17	75	no	6.3	264.1	20972	20821	13818	6643	0	39122	675	425	0	3927	2355	380
March 22, 2007 5:34:00 PM UTC	1174610040000	18	73	no	6.1	264.3	20972	20821	13818	6641	0	39124	665	526	0	3937	1972	280
March 22, 2007 5:35:00 PM UTC	1174610100000	16	71	no	5.9	264.5	20972	20821	13818	6641	0	39124	655	544	0	3945	1470	161
March 22, 2007 5:36:00 PM UTC	1174610160000	13	68	no	5.8	264.7	20972	20821	13817	6616	2	39148	639	573	0	3964	741	22
March 22, 2007 5:37:00 PM UTC	1174610220000	9	63	no	5.6	264.9	20972	20821	13816	6697	64	39006	624	326	0	3971	464	32
March 22, 2007 5:38:00 PM UTC	1174610280000	7	47	no	5.5	265.1	20972	20821	13798	6775	75	38935	598	126	0	3978	649	1
March 22, 2007 5:39:00 PM UTC	1174610340000	4	26	no	5.3	265.2	20972	20821	13815	6696	85	38987	604	24	0	3994	496	27
March 22, 2007 5:40:00 PM UTC	1174610400000	3	13	no	5.1	265.4	20972	20821	13799	6764	86	38934	579	0	0	3997	596	28
March 22, 2007 5:41:00 PM UTC	1174610460000	4	6	no	5.0	265.6	20972	20821	13814	6686	92	38991	585	4	0	4013	977	82
March 22, 2007 5:42:00 PM UTC	1174610520000	5	3	no	4.8	265.8	20972	20821	13802	6681	92	39008	562	22	0	4021	1102	344
March 22, 2007 5:43:00 PM UTC	1174610580000	3	6	no	4.6	266.0	20972	20821	13817	6613	101	39052	562	4	0	4046	884	990
March 22, 2007 5:44:00 PM UTC	1174610640000	2	9	no	4.5	266.2	20972	20821	13799	6686	105	38993	538	1	0	4047	564	1198
March 22, 2007 5:45:00 PM UTC	1174610700000	1	13	no	4.3	266.4	20972	20821	13817	6612	113	39041	539	0	0	4069	265	983
March 22, 2007 5:46:00 PM UTC	1174610760000	1	19	no	4.1	266.6	20972	20821	13801	6683	114	38985	515	0	0	4070	68	584
March 22, 2007 5:47:00 PM UTC	1174610820000	1	21	no	4.0	266.8	20972	20821	13817	6623	82	39061	517	56	0	4089	101	356
March 22, 2007 5:48:00 PM UTC	1174610880000	1	20	no	3.8	266.9	20972	20821	13802	6693	15	39073	495	249	0	4090	159	62
March 22, 2007 5:49:00 PM UTC	1174610940000	2	17	no	3.6	267.1	20972	20821	13818	6617	0	39148	498	301	0	4110	220	0
March 22, 2007 5:50:00 PM UTC	1174611000000	1	13	no	3.5	267.3	20972	20821	13818	6617	79	39069	484	111	0	4124	91	0
March 22, 2007 5:51:00 PM UTC	1174611060000	0	7	no	3.3	267.5	20972	20821	13819	6615	178	38971	471	1	0	4135	18	0
March 22, 2007 5:52:00 PM UTC	1174611120000	0	3	no	3.1	267.7	20972	20821	13819	6615	192	38957	464	0	0	4141	0	0
