April 26, 2010 5:15:00 AM UTC	1272284100000	0	0	no	3.1	73.0	20972	20821	13805	6718	188	38872	452	5	0	4132	0	0
April 26, 2010 5:16:00 AM UTC	1272284160000	0	0	no	3.3	73.2	20972	20821	13810	6699	178	38896	465	2	0	4124	0	0
April 26, 2010 5:17:00 AM UTC	1272284220000	0	0	no	3.4	73.4	20972	20821	13810	6699	161	38913	477	1	0	4113	0	0
April 26, 2010 5:18:00 AM UTC	1272284280000	0	0	no	3.6	73.5	20972	20821	13811	6689	139	38944	489	19	0	4103	3	22
April 26, 2010 5:19:00 AM UTC	1272284340000	0	0	no	3.7	73.7	20972	20821	13811	6689	129	38954	498	21	0	4093	3	0
April 26, 2010 5:20:00 AM UTC	1272284400000	0	0	no	3.9	73.9	20972	20821	13810	6624	129	39020	512	6	0	4084	0	0
April 26, 2010 5:21:00 AM UTC	1272284460000	0	0	no	4.1	74.1	20972	20821	13810	6641	121	39011	520	6	0	4075	0	0
April 26, 2010 5:22:00 AM UTC	1272284520000	0	0	no	4.2	74.3	20972	20821	13810	6641	116	39016	532	7	0	4061	0	0
April 26, 2010 5:23:00 AM UTC	1272284580000	0	0	no	4.4	74.5	20972	20821	13810	6642	105	39026	543	19	0	4052	4	0
April 26, 2010 5:24:00 AM UTC	1272284640000	0	0	no	4.5	74.6	20972	20821	13810	6642	101	39030	554	20	0	4042	6	0
April 26, 2010 5:25:00 AM UTC	1272284700000	0	0	no	4.7	74.8	20972	20821	13810	6647	100	39026	566	12	0	4027	1	0
April 26, 2010 5:26:00 AM UTC	1272284760000	0	0	no	4.9	75.0	20972	20821	13810	6647	95	39031	579	15	0	4015	0	0
April 26, 2010 5:27:00 AM UTC	1272284820000	0	0	no	5.0	75.2	20972	20821	13815	6626	87	39055	590	31	0	4008	6	0
April 26, 2010 5:28:00 AM UTC	1272284880000	0	0	no	5.2	75.4	20972	20821	13815	6626	83	39059	601	30	0	3998	9	0
April 26, 2010 5:29:00 AM UTC	1272284940000	0	0	no	5.3	75.6	20972	20821	13802	6699	84	38998	595	2	0	3984	0	0
April 26, 2010 5:30:00 AM UTC	1272285000000	0	0	no	5.5	75.7	20972	20821	13815	6628	78	39062	622	17	0	3978	4	0
April 26, 2010 5:31:00 AM UTC	1272285060000	0	0	no	5.7	75.9	20972	20821	13798	6699	67	39019	622	28	0	3962	2	0
April 26, 2010 5:32:00 AM UTC	1272285120000	0	0	no	5.8	76.1	20972	20821	13819	6612	46	39106	646	67	0	3960	10	0
April 26, 2010 5:33:00 AM UTC	1272285180000	1	0	no	6.0	76.3	20972	20821	13803	6683	58	39039	644	57	0	3940	55	0
April 26, 2010 5:34:00 AM UTC	1272285240000	0	1	no	6.2	76.5	20972	20821	13820	6611	68	39084	670	47	0	3937	33	0
April 26, 2010 5:35:00 AM UTC	1272285300000	1	2	no	6.3	76.6	20972	20821	13817	6682	66	39018	677	40	0	3922	60	0
April 26, 2010 5:36:00 AM UTC	1272285360000	0	4	no	6.5	76.8	20972	20821	13802	6754	72	38955	682	20	0	3898	2	0
April 26, 2010 5:37:00 AM UTC	1272285420000	1	3	no	6.6	77.0	20972	20821	13818	6683	81	39001	709	8	0	3891	49	0
April 26, 2010 5:38:00 AM UTC	1272285480000	1	3	no	6.8	77.2	20972	20821	13806	6738	78	38961	708	10	0	3874	1	0
April 26, 2010 5:39:00 AM UTC	1272285540000	1	9	no	7.0	77.4	20972	20821	13817	6684	78	39004	733	25	3	3870	3	367
April 26, 2010 5:40:00 AM UTC	1272285600000	1	9	no	7.1	77.6	20972	20821	13801	6755	77	38950	725	27	0	3854	47	149
April 26, 2010 5:41:00 AM UTC	1272285660000	2	14	no	7.3	77.7	20972	20821	13817	6683	81	39002	757	16	0	3845	237	680
April 26, 2010 5:42:00 AM UTC	1272285720000	3	23	no	7.4	77.9	20972	20821	13801	6724	79	38979	753	17	0	3828	400	856
April 26, 2010 5:43:00 AM UTC	1272285780000	3	24	no	7.6	78.1	20972	20821	13820	6651	77	39035	778	34	0	3824	390	842
April 26, 2010 5:44:00 AM UTC	1272285840000	4	31	no	7.8	78.3	20972	20821	13805	6636	76	39066	785	40	0	3806	258	813
April 26, 2010 5:45:00 AM UTC	1272285900000	8	50	no	7.9	78.5	20972	20821	13805	6636	85	39057	792	5	0	3800	834	839
April 26, 2010 5:46:00 AM UTC	1272285960000	14	64	no	8.1	78.7	20972	20821	13807	6624	80	39072	802	42	0	3791	1542	1148
April 26, 2010 5:47:00 AM UTC	1272286020000	17	70	no	8.3	78.8	20972	20821	13807	6624	81	39071	817	135	4	3776	1570	1738
April 26, 2010 5:48:00 AM UTC	1272286080000	21	74	no	8.4	79.0	20972	20821	13824	6556	92	39111	852	172	46	3765	1830	1684
April 26, 2010 5:49:00 AM UTC	1272286140000	36	62	no	8.6	79.2	20972	20821	13805	6706	85	38987	843	202	0	3742	2791	773
April 26, 2010 5:50:00 AM UTC	1272286200000	42	56	no	8.8	79.4	20972	20821	13825	6615	86	39057	876	244	0	3733	3105	501
April 26, 2010 5:51:00 AM UTC	1272286260000	44	55	no	8.9	79.6	20972	20821	13809	6688	83	39003	867	461	0	3724	3413	302
April 26, 2010 5:52:00 AM UTC	1272286320000	48	51	no	9.1	79.7	20972	20821	13809	6688	92	38994	882	486	0	3708	3633	75
April 26, 2010 5:53:00 AM UTC	1272286380000	54	45	no	9.2	79.9	20972	20821	13809	6689	86	38999	895	491	0	3695	3503	192
April 26, 2010 5:54:00 AM UTC	1272286440000	76	23	no	9.4	80.1	20972	20821	13809	6689	86	38999	903	616	0	3691	3470	221
April 26, 2010 5:55:00 AM UTC	1272286500000	93	7	no	9.6	80.3	20972	20821	13809	6691	85	38998	917	832	0	3669	3622	47
April 26, 2010 5:56:00 AM UTC	1272286560000	93	7	no	9.7	80.5	20972	20821	13809	6691	88	38995	930	842	0	3660	3660	0
April 26, 2010 5:57:00 AM UTC	1272286620000	82	16	no	9.9	80.7	20972	20821	13812	6681	94	38996	948	854	0	3646	3646	0
April 26, 2010 5:58:00 AM UTC	1272286680000	77	17	no	10.1	80.8	20972	20821	13812	6681	96	38994	962	866	0	3640	3640	0
April 26, 2010 5:59:00 AM UTC	1272286740000	76	18	no	10.2	81.0	20972	20821	13812	6682	94	38995	973	879	0	3615	3615	0
April 26, 2010 6:00:00 AM UTC	1272286800000	73	23	no	10.4	81.2	20972	20821	13812	6682	91	38998	987	896	0	3611	3602	9
April 26, 2010 6:01:00 AM UTC	1272286860000	65	24	no	10.6	81.4	20972	20821	13813	6689	94	38987	999	902	1	3592	3561	31
April 26, 2010 6:02:00 AM UTC	1272286920000	58	25	no	10.7	81.6	20972	20821	13813	6659	91	39020	1007	915	1	3595	3595	0
April 26, 2010 6:03:00 AM UTC	1272286980000	53	27	no	10.9	81.7	20972	20821	13813	6659	93	39018	1024	929	0	3569	3569	0
April 26, 2010 6:04:00 AM UTC	1272287040000	53	23	no	11.1	81.9	20972	20821	13811	6734	98	38940	1031	932	1	3560	3543	17
April 26, 2010 6:05:00 AM UTC	1272287100000	42	28	no	11.2	82.1	20972	20821	13813	6724	101	38945	1048	946	0	3543	3528	15
April 26, 2010 6:06:00 AM UTC	1272287160000	42	29	no	11.4	82.3	20972	20821	13816	6639	98	39030	1069	971	0	3531	3531	0
April 26, 2010 6:07:00 AM UTC	1272287220000	41	30	no	11.5	82.5	20972	20821	13816	6639	94	39034	1081	987	0	3518	3180	338
April 26, 2010 6:08:00 AM UTC	1272287280000	38	29	no	11.7	82.7	20972	20821	13817	6640	100	39026	1093	993	0	3505	3468	37
April 26, 2010 6:09:00 AM UTC	1272287340000	39	27	no	11.9	82.8	20972	20821	13817	6640	101	39025	1106	1004	0	3493	3493	0
April 26, 2010 6:10:00 AM UTC	1272287400000	45	25	no	12.0	83.0	20972	20821	13801	6713	96	38973	1096	1000	0	3481	3460	21
April 26, 2010 6:11:00 AM UTC	1272287460000	50	32	no	12.2	83.2	20972	20821	13817	6641	100	39025	1129	1029	0	3470	3450	20
April 26, 2010 6:12:00 AM UTC	1272287520000	59	34	no	12.4	83.4	20972	20821	13800	6715	95	38973	1123	1028	0	3457	3457	0
April 26, 2010 6:13:00 AM UTC	1272287580000	68	27	no	12.5	83.6	20972	20821	13817	6637	105	39024	1162	1057	0	3439	3439	0
April 26, 2010 6:14:00 AM UTC	1272287640000	77	18	no	12.7	83.7	20972	20821	13817	6637	92	39037	1171	1079	0	3430	3430	0
April 26, 2010 6:15:00 AM UTC	1272287700000	75	21	no	12.9	83.9	20972	20821	13818	6646	56	39063	1188	1124	0	3414	3414	0
April 26, 2010 6:16:00 AM UTC	1272287760000	72	22	no	13.0	84.1	20972	20821	13818	6646	45	39074	1201	1156	0	3401	3401	0
April 26, 2010 6:17:00 AM UTC	1272287820000	69	29	no	13.2	84.3	20972	20821	13818	6647	8	39110	1213	1205	0	3389	3389	0
April 26, 2010 6:18:00 AM UTC	1272287880000	71	28	no	13.4	84.5	20972	20821	13818	6647	0	39118	1231	1206	0	3371	3371	0
April 26, 2010 6:19:00 AM UTC	1272287940000	79	20	no	13.5	84.7	20972	20821	13802	6693	0	39088	1218	1218	0	3368	3368	0
April 26, 2010 6:20:00 AM UTC	1272288000000	82	17	no	13.7	84.8	20972	20821	13816	6698	1	39068	1248	1235	0	3352	3352	0
April 26, 2010 6:21:00 AM UTC	1272288060000	85	15	no	13.9	85.0	20972	20821	13800	6767	31	38985	1244	1194	0	3339	3339	0
April 26, 2010 6:22:00 AM UTC	1272288120000	94	6	no	14.0	85.2	20972	20821	13817	6688	29	39049	1282	1226	0	3328	3328	0
April 26, 2010 6:23:00 AM UTC	1272288180000	98	2	no	14.2	85.4	20972	20821	13799	6767	33	38984	1270	1220	0	3317	3317	0
April 26, 2010 6:24:00 AM UTC	1272288240000	91	9	no	14.4	85.6	20972	20821	13812	6700	93	38978	1304	1199	0	3308	3308	0
April 26, 2010 6:25:00 AM UTC	1272288300000	88	12	no	14.5	85.8	20972	20821	13798	6768	70	38947	1296	1216	0	3294	3294	0
April 26, 2010 6:26:00 AM UTC	1272288360000	86	13	no	14.7	85.9	20972	20821	13817	6608	64	39094	1343	1269	0	3284	3274	10
April 26, 2010 6:27:00 AM UTC	1272288420000	84	16	no	14.9	86.1	20972	20821	13817	6608	67	39091	1355	1273	0	3275	3275	0
April 26, 2010 6:28:00 AM UTC	1272288480000	83	17	no	15.0	86.3	20972	20821	13817	6609	54	39103	1370	1289	0	3265	3265	0
April 26, 2010 6:29:00 AM UTC	1272288540000	77	20	no	15.2	86.5	20972	20821	13817	6609	67	39090	1385	1304	0	3251	3251	0
April 26, 2010 6:30:00 AM UTC	1272288600000	70	26	no	15.4	86.7	20972	20821	13801	6697	51	39034	1372	1306	0	3242	3242	0
April 26, 2010 6:31:00 AM UTC	1272288660000	66	25	no	15.5	86.9	20972	20821	13817	6626	82	39058	1409	1284	0	3233	3233	0
April 26, 2010 6:32:00 AM UTC	1272288720000	60	31	no	15.7	87.0	20972	20821	13803	6694	75	39011	1404	1277	0	3223	3223	0
April 26, 2010 6:33:00 AM UTC	1272288780000	63	30	no	15.9	87.2	20972	20821	13818	6624	92	39049	1441	1291	0	3212	3212	0
April 26, 2010 6:34:00 AM UTC	1272288840000	68	29	no	16.0	87.4	20972	20821	13803	6697	82	39001	1427	1312	0	3199	3199	0
April 26, 2010 6:35:00 AM UTC	1272288900000	73	23	no	16.2	87.6	20972	20821	13820	6619	84	39060	1468	1368	0	3193	3193	0
April 26, 2010 6:36:00 AM UTC	1272288960000	70	26	no	16.4	87.8	20972	20821	13802	6748	66	38967	1447	1370	0	3189	3189	0
April 26, 2010 6:37:00 AM UTC	1272289020000	69	26	no	16.5	88.0	20972	20821	13820	6672	73	39018	1487	1408	0	3172	3172	0
April 26, 2010 6:38:00 AM UTC	1272289080000	66	29	no	16.7	88.2	20972	20821	13802	6748	70	38963	1475	1381	0	3167	3167	0
April 26, 2010 6:39:00 AM UTC	1272289140000	68	29	no	16.9	88.3	20972	20821	13821	6676	78	39008	1512	1432	0	3162	3162	0
April 26, 2010 6:40:00 AM UTC	1272289200000	69	31	no	17.0	88.5	20972	20821	13802	6748	70	38963	1502	1422	0	3152	3152	0
April 26, 2010 6:41:00 AM UTC	1272289260000	70	30	no	17.2	88.7	20972	20821	13821	6674	64	39024	1535	1469	0	3145	3145	0
April 26, 2010 6:42:00 AM UTC	1272289320000	73	26	no	17.4	88.9	20972	20821	13821	6674	78	39010	1544	1466	0	3141	3141	0
April 26, 2010 6:43:00 AM UTC	1272289380000	79	21	no	17.5	89.1	20972	20821	13802	6748	68	38965	1537	1468	0	3129	3129	0
April 26, 2010 6:44:00 AM UTC	1272289440000	82	18	no	17.7	89.3	20972	20821	13820	6590	54	39119	1591	1529	0	3121	3121	0
April 26, 2010 6:45:00 AM UTC	1272289500000	79	20	no	17.9	89.5	20972	20821	13801	6700	72	39010	1571	1482	0	3114	3114	0
April 26, 2010 6:46:00 AM UTC	1272289560000	78	22	no	18.0	89.6	20972	20821	13819	6627	55	39082	1617	1547	0	3108	3108	0
April 26, 2010 6:47:00 AM UTC	1272289620000	79	21	no	18.2	89.8	20972	20821	13800	6786	47	38950	1594	1542	0	3099	3099	0
April 26, 2010 6:48:00 AM UTC	1272289680000	75	24	no	18.4	90.0	20972	20821	13819	6635	50	39079	1650	1598	0	3089	3089	0
April 26, 2010 6:49:00 AM UTC	1272289740000	76	23	no	18.5	90.2	20972	20821	13819	6635	50	39079	1663	1613	0	3083	3083	0
April 26, 2010 6:50:00 AM UTC	1272289800000	83	17	no	18.7	90.4	20972	20821	13819	6635	53	39076	1670	1612	0	3081	3081	0
April 26, 2010 6:51:00 AM UTC	1272289860000	83	16	no	18.9	90.6	20972	20821	13801	6708	38	39036	1649	1611	0	3068	3068	0
April 26, 2010 6:52:00 AM UTC	1272289920000	79	21	no	19.0	90.8	20972	20821	13820	6598	33	39132	1702	1665	0	3062	3062	0
April 26, 2010 6:53:00 AM UTC	1272289980000	80	20	no	19.2	90.9	20972	20821	13802	6748	27	39006	1677	1633	0	3054	3054	0
April 26, 2010 6:54:00 AM UTC	1272290040000	81	18	no	19.4	91.1	20972	20821	13821	6674	47	39041	1711	1657	0	3052	3052	0
April 26, 2010 6:55:00 AM UTC	1272290100000	76	24	no	19.5	91.3	20972	20821	13802	6748	27	39006	1699	1653	0	3047	3047	0
April 26, 2010 6:56:00 AM UTC	1272290160000	80	20	no	19.7	91.5	20972	20821	13821	6676	39	39047	1747	1682	0	3037	3037	0
April 26, 2010 6:57:00 AM UTC	1272290220000	79	21	no	19.9	91.7	20972	20821	13821	6676	27	39059	1758	1724	0	3032	3032	0
April 26, 2010 6:58:00 AM UTC	1272290280000	81	19	no	20.0	91.9	20972	20821	13820	6672	32	39059	1765	1729	0	3027	3027	0
April 26, 2010 6:59:00 AM UTC	1272290340000	77	23	no	20.2	92.1	20972	20821	13820	6672	37	39054	1781	1739	0	3022	3022	0
April 26, 2010 7:00:00 AM UTC	1272290400000	70	30	no	20.4	92.3	20972	20821	13802	6748	25	39008	1766	1716	0	3018	3018	0
April 26, 2010 7:01:00 AM UTC	1272290460000	67	31	no	20.5	92.5	20972	20821	13820	6611	33	39119	1822	1781	0	3006	3006	0
April 26, 2010 7:02:00 AM UTC	1272290520000	64	35	no	20.7	92.6	20972	20821	13803	6691	23	39066	1807	1757	0	3005	3005	0
April 26, 2010 7:03:00 AM UTC	1272290580000	70	30	no	20.9	92.8	20972	20821	13818	6618	21	39126	1850	1790	0	3001	3001	0
April 26, 2010 7:04:00 AM UTC	1272290640000	71	29	no	21.0	93.0	20972	20821	13802	6696	23	39062	1832	1800	0	2994	2994	0
April 26, 2010 7:05:00 AM UTC	1272290700000	75	25	no	21.2	93.2	20972	20821	13817	6626	19	39121	1875	1850	0	2988	2988	0
April 26, 2010 7:06:00 AM UTC	1272290760000	75	25	no	21.3	93.4	20972	20821	13801	6699	18	39065	1860	1828	0	2985	2985	0
April 26, 2010 7:07:00 AM UTC	1272290820000	74	26	no	21.5	93.6	20972	20821	13817	6612	17	39137	1899	1875	0	2984	2984	0
April 26, 2010 7:08:00 AM UTC	1272290880000	77	23	no	21.7	93.8	20972	20821	13799	6685	9	39090	1887	1874	0	2973	2973	0
April 26, 2010 7:09:00 AM UTC	1272290940000	82	18	no	21.8	94.0	20972	20821	13817	6613	9	39144	1925	1910	0	2976	2976	0
April 26, 2010 7:10:00 AM UTC	1272291000000	87	13	no	22.0	94.2	20972	20821	13800	6692	6	39085	1905	1899	0	2970	2970	0
April 26, 2010 7:11:00 AM UTC	1272291060000	89	11	no	22.2	94.4	20972	20821	13812	6700	6	39065	1938	1931	0	2964	2964	0
April 26, 2010 7:12:00 AM UTC	1272291120000	81	19	no	22.3	94.5	20972	20821	13799	6767	2	39015	1922	1914	0	2962	2962	0
April 26, 2010 7:13:00 AM UTC	1272291180000	87	13	no	22.5	94.7	20972	20821	13817	6687	0	39079	1969	1966	0	2955	2955	0
April 26, 2010 7:14:00 AM UTC	1272291240000	90	10	no	22.7	94.9	20972	20821	13800	6766	0	39017	1947	1947	0	2955	2955	0
April 26, 2010 7:15:00 AM UTC	1272291300000	97	2	no	22.8	95.1	20972	20821	13816	6698	1	39068	1985	1980	0	2952	2952	0
April 26, 2010 7:16:00 AM UTC	1272291360000	95	5	no	23.0	95.3	20972	20821	13817	6615	0	39151	2016	2009	0	2944	2944	0
April 26, 2010 7:17:00 AM UTC	1272291420000	93	7	no	23.2	95.5	20972	20821	13818	6643	0	39122	2023	2023	0	2945	2945	0
April 26, 2010 7:18:00 AM UTC	1272291480000	98	2	no	23.3	95.7	20972	20821	13818	6643	0	39122	2036	2036	0	2941	2941	0
April 26, 2010 7:19:00 AM UTC	1272291540000	97	3	no	23.5	95.9	20972	20821	13818	6644	0	39121	2051	2050	0	2934	2934	0
April 26, 2010 7:20:00 AM UTC	1272291600000	100	0	no	23.7	96.1	20972	20821	13818	6632	0	39133	2059	2058	0	2936	2936	0
April 26, 2010 7:21:00 AM UTC	1272291660000	99	1	no	23.8	96.3	20972	20821	13817	6636	0	39130	2068	2066	0	2935	2935	0
April 26, 2010 7:22:00 AM UTC	1272291720000	100	0	no	24.0	96.5	20972	20821	13817	6636	0	39130	2088	2079	0	2925	2925	0
April 26, 2010 7:23:00 AM UTC	1272291780000	100	0	no	24.2	96.7	20972	20821	13817	6642	0	39124	2095	2084	0	2927	2927	0
April 26, 2010 7:24:00 AM UTC	1272291840000	100	0	no	24.3	96.9	20972	20821	13817	6642	0	39124	2109	2109	0	2920	2920	0
April 26, 2010 7:25:00 AM UTC	1272291900000	100	0	no	24.5	97.1	20972	20821	13817	6643	0	39123	2119	2118	0	2924	2924	0
April 26, 2010 7:26:00 AM UTC	1272291960000	100	0	no	24.7	97.3	20972	20821	13817	6643	0	39123	2136	2136	0	2917	2917	0
April 26, 2010 7:27:00 AM UTC	1272292020000	100	0	no	24.8	97.5	20972	20821	13816	6644	0	39123	2148	2146	0	2914	2914	0
April 26, 2010 7:28:00 AM UTC	1272292080000	100	0	no	25.0	97.7	20972	20821	13816	6644	0	39123	2156	2155	0	2918	2918	0
April 26, 2010 7:29:00 AM UTC	1272292140000	100	0	no	25.2	97.9	20972	20821	13813	6723	0	39047	2150	2150	0	2914	2914	0
April 26, 2010 7:30:00 AM UTC	1272292200000	100	0	no	25.3	98.1	20972	20821	13811	6733	0	39039	2164	2164	0	2911	2911	0
April 26, 2010 7:31:00 AM UTC	1272292260000	100	0	no	25.5	98.2	20972	20821	13813	6653	0	39117	2188	2188	0	2908	2908	0
April 26, 2010 7:32:00 AM UTC	1272292320000	100	0	no	25.7	98.4	20972	20821	13813	6653	0	39117	2202	2197	0	2911	2911	0
April 26, 2010 7:33:00 AM UTC	1272292380000	100	0	no	25.8	98.6	20972	20821	13813	6684	0	39086	2211	2207	0	2905	2905	0
April 26, 2010 7:34:00 AM UTC	1272292440000	100	0	no	26.0	98.8	20972	20821	13812	6676	0	39095	2223	2222	0	2911	2911	0
April 26, 2010 7:35:00 AM UTC	1272292500000	100	0	no	26.1	99.0	20972	20821	13812	6677	0	39094	2239	2239	0	2894	2894	0
April 26, 2010 7:36:00 AM UTC	1272292560000	100	0	no	26.3	99.2	20972	20821	13812	6677	0	39094	2245	2244	0	2906	2906	0
April 26, 2010 7:37:00 AM UTC	1272292620000	100	0	no	26.5	99.4	20972	20821	13809	6689	0	39085	2249	2249	0	2904	2904	0
April 26, 2010 7:38:00 AM UTC	1272292680000	100	0	no	26.6	99.6	20972	20821	13809	6689	0	39085	2267	2265	0	2900	2900	0
April 26, 2010 7:39:00 AM UTC	1272292740000	100	0	no	26.8	99.8	20972	20821	13809	6691	0	39083	2276	2276	0	2900	2900	0
April 26, 2010 7:40:00 AM UTC	1272292800000	100	0	no	27.0	100.0	20972	20821	13809	6691	0	39083	2283	2280	0	2900	2900	0
April 26, 2010 7:41:00 AM UTC	1272292860000	100	0	no	27.1	100.2	20972	20821	13809	6691	0	39083	2297	2297	0	2900	2900	0
April 26, 2010 7:42:00 AM UTC	1272292920000	100	0	no	27.3	100.4	20972	20821	13809	6691	0	39083	2312	2312	0	2897	2897	0
April 26, 2010 7:43:00 AM UTC	1272292980000	100	0	no	27.5	100.7	20972	20821	13805	6710	0	39068	2314	2314	0	2897	2897	0
April 26, 2010 7:44:00 AM UTC	1272293040000	100	0	no	27.6	100.9	20972	20821	13809	6625	0	39149	2340	2340	0	2901	2901	0
April 26, 2010 7:45:00 AM UTC	1272293100000	100	0	no	27.8	101.1	20972	20821	13824	6554	0	39205	2387	2387	0	2902	2902	0
April 26, 2010 7:46:00 AM UTC	1272293160000	100	0	no	27.9	101.3	20972	20821	13807	6622	0	39154	2365	2365	0	2899	2899	0
April 26, 2010 7:47:00 AM UTC	1272293220000	100	0	no	28.1	101.5	20972	20821	13823	6550	0	39210	2411	2411	0	2898	2898	0
April 26, 2010 7:48:00 AM UTC	1272293280000	100	0	no	28.3	101.7	20972	20821	13805	6638	0	39140	2379	2379	0	2903	2903	0
April 26, 2010 7:49:00 AM UTC	1272293340000	100	0	no	28.4	101.9	20972	20821	13820	6645	0	39118	2401	2400	0	2905	2905	0
April 26, 2010 7:50:00 AM UTC	1272293400000	100	0	no	28.6	102.1	20972	20821	13801	6718	0	39064	2386	2386	0	2897	2897	0
April 26, 2010 7:51:00 AM UTC	1272293460000	100	0	no	28.8	102.3	20972	20821	13817	6679	0	39087	2425	2425	0	2904	2904	0
April 26, 2010 7:52:00 AM UTC	1272293520000	100	0	no	28.9	102.5	20972	20821	13801	6753	0	39029	2396	2396	0	2903	2903	0
April 26, 2010 7:53:00 AM UTC	1272293580000	100	0	no	29.1	102.7	20972	20821	13821	6667	0	39095	2455	2455	0	2905	2905	0
April 26, 2010 7:54:00 AM UTC	1272293640000	100	0	no	29.3	102.9	20972	20821	13806	6738	0	39039	2428	2428	0	2905	2905	0
April 26, 2010 7:55:00 AM UTC	1272293700000	100	0	no	29.4	103.1	20972	20821	13818	6683	0	39082	2465	2465	0	2904	2904	0
April 26, 2010 7:56:00 AM UTC	1272293760000	100	0	no	29.6	103.3	20972	20821	13802	6754	0	39027	2438	2438	0	2909	2909	0
April 26, 2010 7:57:00 AM UTC	1272293820000	100	0	no	29.7	103.5	20972	20821	13820	6606	0	39157	2493	2493	0	2917	2917	0
April 26, 2010 7:58:00 AM UTC	1272293880000	100	0	no	29.9	103.7	20972	20821	13819	6606	0	39158	2506	2506	0	2912	2912	0
April 26, 2010 7:59:00 AM UTC	1272293940000	100	0	no	30.1	103.9	20972	20821	13819	6606	0	39158	2515	2515	0	2912	2912	0
April 26, 2010 8:00:00 AM UTC	1272294000000	100	0	no	30.2	104.2	20972	20821	13815	6624	0	39144	2512	2511	0	2918	2918	0
April 26, 2010 8:01:00 AM UTC	1272294060000	100	0	no	30.4	104.4	20972	20821	13815	6624	0	39144	2528	2527	0	2917	2917	0
April 26, 2010 8:02:00 AM UTC	1272294120000	100	0	no	30.5	104.6	20972	20821	13815	6626	0	39142	2532	2532	0	2919	2919	0
April 26, 2010 8:03:00 AM UTC	1272294180000	99	1	no	30.7	104.8	20972	20821	13815	6626	0	39142	2544	2544	0	2925	2925	0
April 26, 2010 8:04:00 AM UTC	1272294240000	100	0	no	30.9	105.0	20972	20821	13810	6647	0	39126	2544	2544	0	2923	2923	0
April 26, 2010 8:05:00 AM UTC	1272294300000	100	0	no	31.0	105.2	20972	20821	13810	6647	0	39126	2549	2549	0	2928	2928	0
April 26, 2010 8:06:00 AM UTC	1272294360000	100	0	no	31.2	105.4	20972	20821	13810	6644	0	39129	2559	2559	0	2936	2936	0
April 26, 2010 8:07:00 AM UTC	1272294420000	100	0	no	31.3	105.6	20972	20821	13810	6644	0	39129	2571	2569	0	2934	2934	0
April 26, 2010 8:08:00 AM UTC	1272294480000	100	0	no	31.5	105.9	20972	20821	13810	6645	0	39128	2581	2581	0	2939	2939	0
April 26, 2010 8:09:00 AM UTC	1272294540000	100	0	no	31.7	106.1	20972	20821	13810	6622	0	39151	2595	2595	0	2945	2945	0
April 26, 2010 8:10:00 AM UTC	1272294600000	100	0	no	31.8	106.3	20972	20821	13811	6682	0	39090	2587	2587	0	2945	2945	0
April 26, 2010 8:11:00 AM UTC	1272294660000	100	0	no	32.0	106.5	20972	20821	13811	6682	0	39090	2602	2602	0	2948	2948	0
April 26, 2010 8:12:00 AM UTC	1272294720000	100	0	no	32.1	106.7	20972	20821	13810	6692	0	39081	2603	2602	0	2952	2952	0
April 26, 2010 8:13:00 AM UTC	1272294780000	100	0	no	32.3	106.9	20972	20821	13820	6643	0	39120	2641	2640	0	2957	2957	0
April 26, 2010 8:14:00 AM UTC	1272294840000	100	0	no	32.5	107.2	20972	20821	13805	6713	0	39065	2614	2614	0	2958	2958	0
April 26, 2010 8:15:00 AM UTC	1272294900000	100	0	no	32.6	107.4	20972	20821	13822	6640	0	39121	2653	2653	0	2965	2965	0
April 26, 2010 8:16:00 AM UTC	1272294960000	100	0	no	32.8	107.6	20972	20821	13805	6714	0	39064	2622	2621	0	2972	2972	0
April 26, 2010 8:17:00 AM UTC	1272295020000	100	0	no	32.9	107.8	20972	20821	13816	6666	0	39101	2663	2663	0	2972	2972	0
April 26, 2010 8:18:00 AM UTC	1272295080000	100	0	no	33.1	108.0	20972	20821	13800	6741	0	39042	2629	2629	0	2976	2976	0
April 26, 2010 8:19:00 AM UTC	1272295140000	100	0	no	33.3	108.2	20972	20821	13820	6649	0	39114	2679	2679	0	2987	2987	0
April 26, 2010 8:20:00 AM UTC	1272295200000	100	0	no	33.4	108.5	20972	20821	13804	6718	0	39061	2647	2647	0	2988	2988	0
April 26, 2010 8:21:00 AM UTC	1272295260000	100	0	no	33.6	108.7	20972	20821	13818	6598	0	39167	2702	2702	0	2993	2993	0
April 26, 2010 8:22:00 AM UTC	1272295320000	100	0	no	33.7	108.9	20972	20821	13800	6691	0	39092	2659	2659	0	3001	3001	0
April 26, 2010 8:23:00 AM UTC	1272295380000	100	0	no	33.9	109.1	20972	20821	13818	6600	0	39165	2713	2713	0	3005	3005	0
April 26, 2010 8:24:00 AM UTC	1272295440000	100	0	no	34.0	109.4	20972	20821	13818	6600	0	39165	2722	2722	0	3014	3014	0
April 26, 2010 8:25:00 AM UTC	1272295500000	100	0	no	34.2	109.6	20972	20821	13812	6623	0	39148	2708	2706	0	3025	3025	0
April 26, 2010 8:26:00 AM UTC	1272295560000	100	0	no	34.4	109.8	20972	20821	13813	6624	0	39146	2716	2716	0	3029	3029	0
April 26, 2010 8:27:00 AM UTC	1272295620000	100	0	no	34.5	110.0	20972	20821	13813	6624	0	39146	2725	2725	0	3031	3031	0
April 26, 2010 8:28:00 AM UTC	1272295680000	100	0	no	34.7	110.3	20972	20821	13818	6599	0	39166	2739	2739	0	3043	3043	0
April 26, 2010 8:29:00 AM UTC	1272295740000	100	0	no	34.8	110.5	20972	20821	13812	6670	0	39101	2724	2724	0	3047	3047	0
April 26, 2010 8:30:00 AM UTC	1272295800000	100	0	no	35.0	110.7	20972	20821	13812	6679	0	39092	2720	2720	0	3054	3054	0
April 26, 2010 8:31:00 AM UTC	1272295860000	100	0	no	35.1	110.9	20972	20821	13826	6612	0	39145	2764	2764	0	3062	3062	0
April 26, 2010 8:32:00 AM UTC	1272295920000	100	0	no	35.3	111.2	20972	20821	13808	6637	0	39138	2741	2741	0	3065	3065	0
April 26, 2010 8:33:00 AM UTC	1272295980000	99	1	no	35.5	111.4	20972	20821	13822	6569	0	39192	2781	2781	0	3076	3076	0
April 26, 2010 8:34:00 AM UTC	1272296040000	99	1	no	35.6	111.6	20972	20821	13805	6716	0	39062	2734	2734	0	3081	3081	0
April 26, 2010 8:35:00 AM UTC	1272296100000	98	2	no	35.8	111.9	20972	20821	13826	6622	0	39135	2783	2783	0	3089	3089	0
April 26, 2010 8:36:00 AM UTC	1272296160000	100	0	no	35.9	112.1	20972	20821	13805	6717	0	39061	2735	2735	0	3102	3102	0
April 26, 2010 8:37:00 AM UTC	1272296220000	100	0	no	36.1	112.3	20972	20821	13821	6648	0	39114	2784	2784	0	3103	3103	0
April 26, 2010 8:38:00 AM UTC	1272296280000	100	0	no	36.2	112.6	20972	20821	13805	6716	0	39062	2748	2748	0	3113	3113	0
April 26, 2010 8:39:00 AM UTC	1272296340000	100	0	no	36.4	112.8	20972	20821	13799	6743	0	39041	2733	2732	0	3121	3121	0
April 26, 2010 8:40:00 AM UTC	1272296400000	100	0	no	36.5	113.0	20972	20821	13813	6688	0	39082	2763	2763	0	3133	3133	0
April 26, 2010 8:41:00 AM UTC	1272296460000	100	0	no	36.7	113.3	20972	20821	13805	6728	0	39050	2743	2743	0	3144	3144	0
April 26, 2010 8:42:00 AM UTC	1272296520000	100	0	no	36.8	113.5	20972	20821	13815	6619	0	39149	2797	2797	0	3146	3146	0
April 26, 2010 8:43:00 AM UTC	1272296580000	100	0	no	37.0	113.7	20972	20821	13799	6696	0	39088	2753	2753	0	3158	3158	0
April 26, 2010 8:44:00 AM UTC	1272296640000	100	0	no	37.1	114.0	20972	20821	13815	6620	0	39148	2806	2806	0	3165	3165	0
April 26, 2010 8:45:00 AM UTC	1272296700000	100	0	no	37.3	114.2	20972	20821	13809	6648	0	39126	2784	2784	0	3177	3177	0
April 26, 2010 8:46:00 AM UTC	1272296760000	99	1	no	37.4	114.4	20972	20821	13809	6648	0	39126	2789	2789	0	3190	3190	0
April 26, 2010 8:47:00 AM UTC	1272296820000	100	0	no	37.6	114.7	20972	20821	13815	6620	0	39148	2801	2801	0	3205	3205	0
April 26, 2010 8:48:00 AM UTC	1272296880000	100	0	no	37.7	114.9	20972	20821	13809	6645	0	39129	2794	2794	0	3215	3215	0
April 26, 2010 8:49:00 AM UTC	1272296940000	100	0	no	37.9	115.2	20972	20821	13808	6663	0	39112	2780	2780	0	3221	3221	0
April 26, 2010 8:50:00 AM UTC	1272297000000	100	0	no	38.0	115.4	20972	20821	13808	6663	0	39112	2770	2770	0	3235	3235	0
April 26, 2010 8:51:00 AM UTC	1272297060000	100	0	no	38.2	115.7	20972	20821	13801	6746	0	39036	2754	2754	0	3246	3246	0
April 26, 2010 8:52:00 AM UTC	1272297120000	100	0	no	38.3	115.9	20972	20821	13825	6583	0	39175	2829	2829	0	3264	3264	0
April 26, 2010 8:53:00 AM UTC	1272297180000	100	0	no	38.5	116.1	20972	20821	13809	6653	0	39121	2798	2798	0	3269	3269	0
April 26, 2010 8:54:00 AM UTC	1272297240000	100	0	no	38.6	116.4	20972	20821	13817	6615	0	39151	2810	2810	0	3284	3284	0
April 26, 2010 8:55:00 AM UTC	1272297300000	100	0	no	38.8	116.6	20972	20821	13802	6681	0	39100	2768	2768	0	3301	3301	0
April 26, 2010 8:56:00 AM UTC	1272297360000	100	0	no	38.9	116.9	20972	20821	13817	6615	0	39151	2818	2818	0	3303	3303	0
April 26, 2010 8:57:00 AM UTC	1272297420000	100	0	no	39.1	117.1	20972	20821	13817	6615	0	39151	2800	2799	0	3324	3324	0
April 26, 2010 8:58:00 AM UTC	1272297480000	100	0	no	39.2	117.4	20972	20821	13817	6632	0	39134	2800	2800	0	3337	3337	0
April 26, 2010 8:59:00 AM UTC	1272297540000	100	0	no	39.4	117.6	20972	20821	13809	6667	0	39107	2779	2779	0	3344	3344	0
April 26, 2010 9:00:00 AM UTC	1272297600000	100	0	no	39.5	117.9	20972	20821	13809	6667	0	39107	2783	2783	0	3357	3357	0
April 26, 2010 9:01:00 AM UTC	1272297660000	100	0	no	39.7	118.1	20972	20821	13810	6602	0	39171	2795	2795	0	3375	3375	0
April 26, 2010 9:02:00 AM UTC	1272297720000	100	0	no	39.8	118.4	20972	20821	13826	6538	0	39219	2834	2834	0	3386	3386	0
April 26, 2010 9:03:00 AM UTC	1272297780000	100	0	no	40.0	118.6	20972	20821	13810	6680	0	39093	2776	2776	0	3396	3396	0
April 26, 2010 9:04:00 AM UTC	1272297840000	100	0	no	40.1	118.9	20972	20821	13816	6651	0	39116	2781	2781	0	3415	3415	0
April 26, 2010 9:05:00 AM UTC	1272297900000	100	0	no	40.3	119.1	20972	20821	13801	6714	0	39068	2754	2754	0	3418	3418	0
April 26, 2010 9:06:00 AM UTC	1272297960000	100	0	no	40.4	119.4	20972	20821	13822	6635	0	39126	2802	2802	0	3430	3430	0
April 26, 2010 9:07:00 AM UTC	1272298020000	100	0	no	40.6	119.7	20972	20821	13816	6671	0	39096	2774	2774	0	3447	3447	0
April 26, 2010 9:08:00 AM UTC	1272298080000	100	0	no	40.7	119.9	20972	20821	13816	6671	0	39096	2776	2776	0	3458	3458	0
April 26, 2010 9:09:00 AM UTC	1272298140000	100	0	no	40.8	120.2	20972	20821	13807	6706	0	39070	2744	2744	0	3470	3470	0
April 26, 2010 9:10:00 AM UTC	1272298200000	100	0	no	41.0	120.4	20972	20821	13803	6672	0	39108	2758	2758	0	3487	3487	0
April 26, 2010 9:11:00 AM UTC	1272298260000	100	0	no	41.1	120.7	20972	20821	13817	6608	0	39158	2792	2792	0	3499	3499	0
April 26, 2010 9:12:00 AM UTC	1272298320000	100	0	no	41.3	120.9	20972	20821	13808	6650	0	39125	2777	2777	0	3505	3505	0
April 26, 2010 9:13:00 AM UTC	1272298380000	100	0	no	41.4	121.2	20972	20821	13817	6608	0	39158	2790	2790	0	3523	3523	0
April 26, 2010 9:14:00 AM UTC	1272298440000	100	0	no	41.6	121.5	20972	20821	13809	6644	0	39130	2773	2773	0	3532	3532	0
April 26, 2010 9:15:00 AM UTC	1272298500000	100	0	no	41.7	121.7	20972	20821	13808	6667	0	39108	2761	2761	0	3544	3544	0
April 26, 2010 9:16:00 AM UTC	1272298560000	98	2	no	41.8	122.0	20972	20821	13798	6706	0	39079	2723	2723	0	3560	3560	0
April 26, 2010 9:17:00 AM UTC	1272298620000	97	3	no	42.0	122.3	20972	20821	13822	6669	0	39092	2777	2777	0	3574	3574	0
April 26, 2010 9:18:00 AM UTC	1272298680000	98	2	no	42.1	122.5	20972	20821	13807	6731	0	39045	2732	2732	0	3578	3578	0
April 26, 2010 9:19:00 AM UTC	1272298740000	100	0	no	42.3	122.8	20972	20821	13814	6643	0	39126	2778	2778	0	3598	3598	0
April 26, 2010 9:20:00 AM UTC	1272298800000	100	0	no	42.4	123.1	20972	20821	13811	6667	0	39105	2768	2768	0	3604	3604	0
April 26, 2010 9:21:00 AM UTC	1272298860000	100	0	no	42.5	123.3	20972	20821	13815	6644	0	39124	2776	2776	0	3619	3619	0
April 26, 2010 9:22:00 AM UTC	1272298920000	100	0	no	42.7	123.6	20972	20821	13815	6644	0	39124	2768	2768	0	3640	3640	0
April 26, 2010 9:23:00 AM UTC	1272298980000	100	0	no	42.8	123.9	20972	20821	13813	6674	0	39096	2750	2750	0	3642	3642	0
April 26, 2010 9:24:00 AM UTC	1272299040000	100	0	no	43.0	124.2	20972	20821	13814	6672	0	39097	2760	2760	0	3655	3655	0
April 26, 2010 9:25:00 AM UTC	1272299100000	100	0	no	43.1	124.4	20972	20821	13821	6649	0	39113	2760	2760	0	3666	3666	0
April 26, 2010 9:26:00 AM UTC	1272299160000	100	0	no	43.2	124.7	20972	20821	13806	6709	0	39068	2732	2732	0	3675	3675	0
April 26, 2010 9:27:00 AM UTC	1272299220000	100	0	no	43.4	125.0	20972	20821	13821	6592	0	39170	2795	2795	0	3673	3673	0
April 26, 2010 9:28:00 AM UTC	1272299280000	100	0	no	43.5	125.3	20972	20821	13806	6652	0	39125	2758	2758	0	3699	3699	0
April 26, 2010 9:29:00 AM UTC	1272299340000	100	0	no	43.6	125.5	20972	20821	13821	6592	0	39170	2796	2796	0	3712	3712	0
April 26, 2010 9:30:00 AM UTC	1272299400000	100	0	no	43.8	125.8	20972	20821	13820	6621	0	39142	2769	2769	0	3725	3725	0
April 26, 2010 9:31:00 AM UTC	1272299460000	100	0	no	43.9	126.1	20972	20821	13811	6662	0	39110	2744	2744	0	3736	3736	0
April 26, 2010 9:32:00 AM UTC	1272299520000	100	0	no	44.0	126.4	20972	20821	13821	6623	0	39139	2761	2761	0	3747	3747	0
April 26, 2010 9:33:00 AM UTC	1272299580000	100	0	no	44.2	126.7	20972	20821	13825	6603	0	39155	2782	2782	0	3759	3759	0
April 26, 2010 9:34:00 AM UTC	1272299640000	100	0	no	44.3	126.9	20972	20821	13812	6662	0	39109	2740	2740	0	3768	3768	0
April 26, 2010 9:35:00 AM UTC	1272299700000	100	0	no	44.4	127.2	20972	20821	13828	6550	0	39205	2802	2802	0	3779	3779	0
April 26, 2010 9:36:00 AM UTC	1272299760000	100	0	no	44.6	127.5	20972	20821	13815	6608	0	39160	2765	2765	0	3791	3791	0
April 26, 2010 9:37:00 AM UTC	1272299820000	100	0	no	44.7	127.8	20972	20821	13818	6593	0	39172	2776	2776	0	3803	3803	0
April 26, 2010 9:38:00 AM UTC	1272299880000	100	0	no	44.8	128.1	20972	20821	13828	6581	0	39174	2781	2781	0	3822	3822	0
April 26, 2010 9:39:00 AM UTC	1272299940000	100	0	no	45.0	128.4	20972	20821	13817	6626	0	39140	2749	2749	0	3825	3825	0
April 26, 2010 9:40:00 AM UTC	1272300000000	100	0	no	45.1	128.7	20972	20821	13818	6626	0	39139	2752	2752	0	3834	3834	0
April 26, 2010 9:41:00 AM UTC	1272300060000	100	0	no	45.2	129.0	20972	20821	13829	6569	0	39185	2782	2782	0	3846	3846	0
April 26, 2010 9:42:00 AM UTC	1272300120000	100	0	no	45.4	129.3	20972	20821	13806	6671	0	39106	2729	2729	0	3852	3852	0
April 26, 2010 9:43:00 AM UTC	1272300180000	100	0	no	45.5	129.5	20972	20821	13818	6583	0	39182	2775	2775	0	3865	3865	0
April 26, 2010 9:44:00 AM UTC	1272300240000	100	0	no	45.6	129.8	20972	20821	13809	6617	0	39157	2755	2755	0	3871	3871	0
April 26, 2010 9:45:00 AM UTC	1272300300000	100	0	no	45.7	130.1	20972	20821	13819	6603	0	39161	2751	2751	0	3892	3892	0
April 26, 2010 9:46:00 AM UTC	1272300360000	100	0	no	45.9	130.4	20972	20821	13820	6596	0	39167	2759	2759	0	3898	3898	0
April 26, 2010 9:47:00 AM UTC	1272300420000	100	0	no	46.0	130.7	20972	20821	13797	6699	0	39087	2704	2704	0	3899	3899	0
April 26, 2010 9:48:00 AM UTC	1272300480000	100	0	no	46.1	131.0	20972	20821	13820	6596	0	39167	2757	2757	0	3919	3919	0
April 26, 2010 9:49:00 AM UTC	1272300540000	100	0	no	46.3	131.3	20972	20821	13810	6642	0	39131	2738	2738	0	3918	3918	0
April 26, 2010 9:50:00 AM UTC	1272300600000	100	0	no	46.4	131.6	20972	20821	13822	6554	0	39207	2778	2778	0	3936	3936	0
April 26, 2010 9:51:00 AM UTC	1272300660000	100	0	no	46.5	131.9	20972	20821	13812	6585	0	39186	2762	2762	0	3943	3943	0
April 26, 2010 9:52:00 AM UTC	1272300720000	100	0	no	46.6	132.2	20972	20821	13822	6578	0	39183	2770	2770	0	3956	3956	0
April 26, 2010 9:53:00 AM UTC	1272300780000	100	0	no	46.7	132.5	20972	20821	13809	6633	0	39141	2736	2736	0	3962	3962	0
April 26, 2010 9:54:00 AM UTC	1272300840000	100	0	no	46.9	132.9	20972	20821	13822	6578	0	39183	2762	2762	0	3980	3980	0
April 26, 2010 9:55:00 AM UTC	1272300900000	100	0	no	47.0	133.2	20972	20821	13811	6633	0	39139	2728	2728	0	3980	3980	0
April 26, 2010 9:56:00 AM UTC	1272300960000	100	0	no	47.1	133.5	20972	20821	13822	6578	0	39183	2753	2753	0	4005	4005	0
April 26, 2010 9:57:00 AM UTC	1272301020000	100	0	no	47.2	133.8	20972	20821	13812	6590	0	39181	2759	2759	0	4004	4004	0
April 26, 2010 9:58:00 AM UTC	1272301080000	100	0	no	47.4	134.1	20972	20821	13823	6542	0	39218	2789	2789	0	4017	4017	0
April 26, 2010 9:59:00 AM UTC	1272301140000	100	0	no	47.5	134.4	20972	20821	13810	6624	0	39149	2731	2731	0	4023	4023	0
April 26, 2010 10:00:00 AM UTC	1272301200000	100	0	no	47.6	134.7	20972	20821	13822	6569	0	39192	2763	2763	0	4037	4037	0
April 26, 2010 10:01:00 AM UTC	1272301260000	100	0	no	47.7	135.0	20972	20821	13822	6569	0	39192	2759	2759	0	4046	4046	0
April 26, 2010 10:02:00 AM UTC	1272301320000	100	0	no	47.8	135.4	20972	20821	13822	6569	0	39192	2758	2758	0	4056	4056	0
April 26, 2010 10:03:00 AM UTC	1272301380000	100	0	no	47.9	135.7	20972	20821	13823	6567	0	39193	2763	2763	0	4062	4062	0
April 26, 2010 10:04:00 AM UTC	1272301440000	100	0	no	48.1	136.0	20972	20821	13823	6579	0	39181	2755	2755	0	4080	4080	0
April 26, 2010 10:05:00 AM UTC	1272301500000	100	0	no	48.2	136.3	20972	20821	13822	6573	0	39188	2759	2759	0	4084	4084	0
April 26, 2010 10:06:00 AM UTC	1272301560000	100	0	no	48.3	136.6	20972	20821	13809	6624	0	39150	2727	2727	0	4080	4080	0
April 26, 2010 10:07:00 AM UTC	1272301620000	100	0	no	48.4	137.0	20972	20821	13821	6574	0	39188	2754	2754	0	4101	4101	0
April 26, 2010 10:08:00 AM UTC	1272301680000	100	0	no	48.5	137.3	20972	20821	13822	6573	0	39188	2759	2759	0	4103	4103	0
April 26, 2010 10:09:00 AM UTC	1272301740000	100	0	no	48.6	137.6	20972	20821	13810	6625	0	39148	2730	2730	0	4108	4108	0
April 26, 2010 10:10:00 AM UTC	1272301800000	100	0	no	48.7	137.9	20972	20821	13823	6572	0	39188	2758	2758	0	4126	4126	0
April 26, 2010 10:11:00 AM UTC	1272301860000	100	0	no	48.9	138.3	20972	20821	13823	6534	0	39226	2783	2783	0	4132	4132	0
April 26, 2010 10:12:00 AM UTC	1272301920000	100	0	no	49.0	138.6	20972	20821	13811	6636	0	39136	2725	2725	0	4135	4135	0
April 26, 2010 10:13:00 AM UTC	1272301980000	100	0	no	49.1	138.9	20972	20821	13822	6588	0	39173	2751	2751	0	4148	4148	0
April 26, 2010 10:14:00 AM UTC	1272302040000	100	0	no	49.2	139.2	20972	20821	13823	6588	0	39172	2749	2749	0	4157	4157	0
April 26, 2010 10:15:00 AM UTC	1272302100000	100	0	no	49.3	139.6	20972	20821	13823	6588	0	39172	2741	2741	0	4166	4166	0
April 26, 2010 10:16:00 AM UTC	1272302160000	100	0	no	49.4	139.9	20972	20821	13810	6644	0	39129	2726	2726	0	4165	4165	0
April 26, 2010 10:17:00 AM UTC	1272302220000	100	0	no	49.5	140.3	20972	20821	13812	6602	0	39169	2743	2743	0	4175	4175	0
April 26, 2010 10:18:00 AM UTC	1272302280000	100	0	no	49.6	140.6	20972	20821	13821	6609	0	39153	2745	2745	0	4184	4184	0
April 26, 2010 10:19:00 AM UTC	1272302340000	100	0	no	49.7	140.9	20972	20821	13820	6610	0	39153	2736	2736	0	4189	4189	0
April 26, 2010 10:20:00 AM UTC	1272302400000	100	0	no	49.8	141.3	20972	20821	13820	6610	0	39153	2740	2740	0	4203	4203	0
April 26, 2010 10:21:00 AM UTC	1272302460000	100	0	no	49.9	141.6	20972	20821	13807	6665	0	39111	2715	2715	0	4195	4195	0
April 26, 2010 10:22:00 AM UTC	1272302520000	100	0	no	50.0	141.9	20972	20821	13829	6561	0	39193	2773	2773	0	4222	4222	0
April 26, 2010 10:23:00 AM UTC	1272302580000	100	0	no	50.1	142.3	20972	20821	13819	6610	0	39154	2744	2744	0	4225	4225	0
April 26, 2010 10:24:00 AM UTC	1272302640000	100	0	no	50.2	142.6	20972	20821	13816	6641	0	39126	2731	2731	0	4230	4230	0
April 26, 2010 10:25:00 AM UTC	1272302700000	100	0	no	50.3	143.0	20972	20821	13806	6686	0	39091	2704	2704	0	4236	4236	0
April 26, 2010 10:26:00 AM UTC	1272302760000	100	0	no	50.4	143.3	20972	20821	13815	6642	0	39126	2716	2716	0	4246	4246	0
April 26, 2010 10:27:00 AM UTC	1272302820000	100	0	no	50.5	143.7	20972	20821	13824	6603	0	39156	2742	2742	0	4261	4261	0
April 26, 2010 10:28:00 AM UTC	1272302880000	100	0	no	50.6	144.0	20972	20821	13814	6642	0	39127	2720	2720	0	4249	4249	0
April 26, 2010 10:29:00 AM UTC	1272302940000	100	0	no	50.7	144.4	20972	20821	13825	6598	0	39160	2750	2750	0	4279	4279	0
April 26, 2010 10:30:00 AM UTC	1272303000000	100	0	no	50.8	144.7	20972	20821	13801	6727	0	39055	2689	2689	0	4257	4257	0
April 26, 2010 10:31:00 AM UTC	1272303060000	100	0	no	50.9	145.1	20972	20821	13810	6685	0	39088	2715	2715	0	4258	4258	0
April 26, 2010 10:32:00 AM UTC	1272303120000	100	0	no	51.0	145.4	20972	20821	13810	6685	0	39088	2711	2711	0	4282	4282	0
April 26, 2010 10:33:00 AM UTC	1272303180000	100	0	no	51.1	145.8	20972	20821	13810	6685	0	39088	2706	2706	0	4279	4279	0
April 26, 2010 10:34:00 AM UTC	1272303240000	100	0	no	51.2	146.2	20972	20821	13818	6644	0	39121	2731	2731	0	4295	4295	0
April 26, 2010 10:35:00 AM UTC	1272303300000	100	0	no	51.3	146.5	20972	20821	13810	6684	0	39089	2698	2698	0	4299	4299	0
April 26, 2010 10:36:00 AM UTC	1272303360000	100	0	no	51.4	146.9	20972	20821	13805	6728	0	39050	2691	2691	0	4296	4296	0
April 26, 2010 10:37:00 AM UTC	1272303420000	100	0	no	51.5	147.2	20972	20821	13810	6686	0	39087	2708	2708	0	4306	4306	0
April 26, 2010 10:38:00 AM UTC	1272303480000	100	0	no	51.6	147.6	20972	20821	13805	6727	0	39051	2688	2688	0	4310	4310	0
April 26, 2010 10:39:00 AM UTC	1272303540000	100	0	no	51.7	148.0	20972	20821	13815	6632	0	39136	2725	2725	0	4328	4328	0
April 26, 2010 10:40:00 AM UTC	1272303600000	100	0	no	51.7	148.3	20972	20821	13806	6671	0	39106	2707	2707	0	4327	4327	0
April 26, 2010 10:41:00 AM UTC	1272303660000	100	0	no	51.8	148.7	20972	20821	13815	6632	0	39136	2721	2721	0	4337	4337	0
April 26, 2010 10:42:00 AM UTC	1272303720000	100	0	no	51.9	149.1	20972	20821	13822	6626	0	39135	2731	2731	0	4346	4346	0
April 26, 2010 10:43:00 AM UTC	1272303780000	100	0	no	52.0	149.4	20972	20821	13816	6665	0	39102	2710	2710	0	4344	4344	0
April 26, 2010 10:44:00 AM UTC	1272303840000	100	0	no	52.1	149.8	20972	20821	13809	6689	0	39085	2699	2699	0	4344	4344	0
April 26, 2010 10:45:00 AM UTC	1272303900000	100	0	no	52.2	150.2	20972	20821	13809	6689	0	39085	2702	2702	0	4348	4348	0
April 26, 2010 10:46:00 AM UTC	1272303960000	100	0	no	52.3	150.5	20972	20821	13809	6689	0	39085	2700	2700	0	4356	4356	0
April 26, 2010 10:47:00 AM UTC	1272304020000	100	0	no	52.3	150.9	20972	20821	13817	6653	0	39113	2725	2725	0	4371	4371	0
April 26, 2010 10:48:00 AM UTC	1272304080000	100	0	no	52.4	151.3	20972	20821	13808	6735	0	39040	2682	2682	0	4365	4365	0
April 26, 2010 10:49:00 AM UTC	1272304140000	100	0	no	52.5	151.7	20972	20821	13803	6678	0	39102	2712	2712	0	4367	4367	0
April 26, 2010 10:50:00 AM UTC	1272304200000	100	0	no	52.6	152.1	20972	20821	13818	6615	0	39150	2728	2728	0	4385	4385	0
April 26, 2010 10:51:00 AM UTC	1272304260000	100	0	no	52.7	152.4	20972	20821	13818	6615	0	39150	2735	2735	0	4389	4389	0
April 26, 2010 10:52:00 AM UTC	1272304320000	100	0	no	52.7	152.8	20972	20821	13817	6615	0	39151	2732	2732	0	4394	4394	0
April 26, 2010 10:53:00 AM UTC	1272304380000	100	0	no	52.8	153.2	20972	20821	13825	6582	0	39176	2749	2749	0	4406	4406	0
April 26, 2010 10:54:00 AM UTC	1272304440000	100	0	no	52.9	153.6	20972	20821	13802	6718	0	39063	2687	2687	0	4391	4391	0
April 26, 2010 10:55:00 AM UTC	1272304500000	100	0	no	53.0	154.0	20972	20821	13810	6688	0	39085	2694	2694	0	4399	4399	0
April 26, 2010 10:56:00 AM UTC	1272304560000	100	0	no	53.0	154.3	20972	20821	13810	6688	0	39085	2701	2701	0	4406	4406	0
April 26, 2010 10:57:00 AM UTC	1272304620000	100	0	no	53.1	154.7	20972	20821	13818	6608	0	39157	2728	2728	0	4420	4420	0
April 26, 2010 10:58:00 AM UTC	1272304680000	100	0	no	53.2	155.1	20972	20821	13818	6609	0	39156	2732	2732	0	4421	4421	0
April 26, 2010 10:59:00 AM UTC	1272304740000	100	0	no	53.2	155.5	20972	20821	13818	6609	0	39156	2737	2737	0	4419	4419	0
April 26, 2010 11:00:00 AM UTC	1272304800000	100	0	no	53.3	155.9	20972	20821	13825	6626	0	39132	2730	2730	0	4430	4430	0
April 26, 2010 11:01:00 AM UTC	1272304860000	100	0	no	53.4	156.3	20972	20821	13803	6721	0	39059	2681	2681	0	4411	4411	0
April 26, 2010 11:02:00 AM UTC	1272304920000	100	0	no	53.4	156.7	20972	20821	13808	6694	0	39081	2694	2694	0	4423	4423	0
April 26, 2010 11:03:00 AM UTC	1272304980000	100	0	no	53.5	157.1	20972	20821	13809	6694	0	39080	2695	2695	0	4425	4425	0
April 26, 2010 11:04:00 AM UTC	1272305040000	100	0	no	53.6	157.5	20972	20821	13815	6664	0	39104	2707	2707	0	4438	4438	0
April 26, 2010 11:05:00 AM UTC	1272305100000	100	0	no	53.6	157.9	20972	20821	13808	6694	0	39081	2695	2695	0	4434	4434	0
April 26, 2010 11:06:00 AM UTC	1272305160000	100	0	no	53.7	158.3	20972	20821	13812	6721	0	39050	2684	2684	0	4441	4441	0
April 26, 2010 11:07:00 AM UTC	1272305220000	100	0	no	53.8	158.7	20972	20821	13815	6639	0	39129	2722	2722	0	4450	4450	0
April 26, 2010 11:08:00 AM UTC	1272305280000	100	0	no	53.8	159.1	20972	20821	13821	6611	0	39151	2734	2734	0	4463	4463	0
April 26, 2010 11:09:00 AM UTC	1272305340000	100	0	no	53.9	159.5	20972	20821	13815	6638	0	39130	2731	2731	0	4449	4449	0
April 26, 2010 11:10:00 AM UTC	1272305400000	100	0	no	53.9	159.9	20972	20821	13821	6612	0	39150	2736	2736	0	4461	4461	0
April 26, 2010 11:11:00 AM UTC	1272305460000	100	0	no	54.0	160.3	20972	20821	13820	6645	0	39118	2714	2714	0	4462	4462	0
April 26, 2010 11:12:00 AM UTC	1272305520000	100	0	no	54.0	160.7	20972	20821	13825	6606	0	39152	2733	2733	0	4473	4473	0
April 26, 2010 11:13:00 AM UTC	1272305580000	100	0	no	54.1	161.1	20972	20821	13811	6673	0	39099	2706	2706	0	4458	4458	0
April 26, 2010 11:14:00 AM UTC	1272305640000	100	0	no	54.2	161.5	20972	20821	13806	6693	0	39084	2691	2691	0	4459	4459	0
April 26, 2010 11:15:00 AM UTC	1272305700000	100	0	no	54.2	161.9	20972	20821	13812	6673	0	39098	2704	2704	0	4463	4463	0
April 26, 2010 11:16:00 AM UTC	1272305760000	100	0	no	54.3	162.3	20972	20821	13812	6673	0	39098	2702	2702	0	4467	4467	0
April 26, 2010 11:17:00 AM UTC	1272305820000	100	0	no	54.3	162.7	20972	20821	13800	6789	0	38994	2646	2646	0	4454	4454	0
April 26, 2010 11:18:00 AM UTC	1272305880000	100	0	no	54.4	163.1	20972	20821	13801	6782	0	39000	2658	2658	0	4459	4459	0
April 26, 2010 11:19:00 AM UTC	1272305940000	100	0	no	54.4	163.5	20972	20821	13804	6694	0	39085	2693	2693	0	4467	4467	0
April 26, 2010 11:20:00 AM UTC	1272306000000	100	0	no	54.5	163.9	20972	20821	13803	6701	0	39079	2693	2693	0	4472	4472	0
April 26, 2010 11:21:00 AM UTC	1272306060000	100	0	no	54.5	164.3	20972	20821	13803	6700	0	39080	2695	2695	0	4467	4467	0
April 26, 2010 11:22:00 AM UTC	1272306120000	100	0	no	54.5	164.7	20972	20821	13808	6643	0	39132	2709	2709	0	4482	4482	0
April 26, 2010 11:23:00 AM UTC	1272306180000	100	0	no	54.6	165.1	20972	20821	13805	6717	0	39061	2676	2676	0	4478	4478	0
April 26, 2010 11:24:00 AM UTC	1272306240000	100	0	no	54.6	165.6	20972	20821	13809	6694	0	39080	2689	2689	0	4485	4485	0
April 26, 2010 11:25:00 AM UTC	1272306300000	100	0	no	54.7	166.0	20972	20821	13809	6695	0	39079	2694	2694	0	4488	4488	0
April 26, 2010 11:26:00 AM UTC	1272306360000	100	0	no	54.7	166.4	20972	20821	13809	6695	0	39079	2691	2691	0	4487	4487	0
April 26, 2010 11:27:00 AM UTC	1272306420000	100	0	no	54.7	166.8	20972	20821	13810	6695	0	39078	2701	2701	0	4486	4486	0
April 26, 2010 11:28:00 AM UTC	1272306480000	100	0	no	54.8	167.2	20972	20821	13810	6695	0	39078	2693	2693	0	4493	4493	0
April 26, 2010 11:29:00 AM UTC	1272306540000	100	0	no	54.8	167.6	20972	20821	13812	6753	0	39018	2666	2666	0	4487	4487	0
April 26, 2010 11:30:00 AM UTC	1272306600000	100	0	no	54.9	168.1	20972	20821	13800	6738	0	39045	2676	2676	0	4479	4479	0
April 26, 2010 11:31:00 AM UTC	1272306660000	100	0	no	54.9	168.5	20972	20821	13801	6707	0	39075	2678	2678	0	4484	4484	0
April 26, 2010 11:32:00 AM UTC	1272306720000	100	0	no	54.9	168.9	20972	20821	13820	6623	0	39140	2723	2723	0	4515	4515	0
April 26, 2010 11:33:00 AM UTC	1272306780000	100	0	no	55.0	169.3	20972	20821	13820	6623	0	39140	2716	2716	0	4513	4513	0
April 26, 2010 11:34:00 AM UTC	1272306840000	100	0	no	55.0	169.7	20972	20821	13820	6623	0	39140	2727	2727	0	4514	4514	0
April 26, 2010 11:35:00 AM UTC	1272306900000	100	0	no	55.0	170.2	20972	20821	13821	6684	0	39078	2691	2691	0	4510	4510	0
April 26, 2010 11:36:00 AM UTC	1272306960000	100	0	no	55.0	170.6	20972	20821	13824	6690	0	39069	2695	2695	0	4512	4512	0
April 26, 2010 11:37:00 AM UTC	1272307020000	100	0	no	55.1	171.0	20972	20821	13821	6688	0	39074	2698	2698	0	4511	4511	0
April 26, 2010 11:38:00 AM UTC	1272307080000	100	0	no	55.1	171.4	20972	20821	13825	6679	0	39079	2701	2701	0	4515	4515	0
April 26, 2010 11:39:00 AM UTC	1272307140000	100	0	no	55.1	171.8	20972	20821	13810	6668	0	39105	2705	2705	0	4505	4505	0
April 26, 2010 11:40:00 AM UTC	1272307200000	100	0	no	55.1	172.3	20972	20821	13810	6642	0	39131	2709	2709	0	4503	4503	0
April 26, 2010 11:41:00 AM UTC	1272307260000	100	0	no	55.2	172.7	20972	20821	13810	6640	0	39133	2718	2718	0	4512	4512	0
April 26, 2010 11:42:00 AM UTC	1272307320000	100	0	no	55.2	173.1	20972	20821	13810	6717	0	39056	2677	2677	0	4511	4511	0
April 26, 2010 11:43:00 AM UTC	1272307380000	100	0	no	55.2	173.5	20972	20821	13811	6717	0	39055	2684	2684	0	4508	4508	0
April 26, 2010 11:44:00 AM UTC	1272307440000	100	0	no	55.2	174.0	20972	20821	13811	6717	0	39055	2677	2677	0	4511	4511	0
April 26, 2010 11:45:00 AM UTC	1272307500000	100	0	no	55.2	174.4	20972	20821	13812	6716	0	39055	2684	2684	0	4510	4510	0
April 26, 2010 11:46:00 AM UTC	1272307560000	100	0	no	55.3	174.8	20972	20821	13831	6637	0	39115	2720	2720	0	4530	4530	0
April 26, 2010 11:47:00 AM UTC	1272307620000	100	0	no	55.3	175.2	20972	20821	13832	6557	0	39194	2755	2755	0	4534	4534	0
April 26, 2010 11:48:00 AM UTC	1272307680000	100	0	no	55.3	175.7	20972	20821	13815	6682	0	39086	2694	2694	0	4511	4511	0
April 26, 2010 11:49:00 AM UTC	1272307740000	100	0	no	55.3	176.1	20972	20821	13815	6692	0	39076	2683	2683	0	4518	4518	0
April 26, 2010 11:50:00 AM UTC	1272307800000	100	0	no	55.3	176.5	20972	20821	13816	6687	0	39080	2699	2699	0	4516	4516	0
April 26, 2010 11:51:00 AM UTC	1272307860000	100	0	no	55.3	176.9	20972	20821	13816	6687	0	39080	2693	2693	0	4517	4517	0
April 26, 2010 11:52:00 AM UTC	1272307920000	100	0	no	55.3	177.4	20972	20821	13816	6687	0	39080	2691	2691	0	4519	4519	0
April 26, 2010 11:53:00 AM UTC	1272307980000	100	0	no	55.3	177.8	20972	20821	13816	6687	0	39080	2693	2693	0	4519	4519	0
April 26, 2010 11:54:00 AM UTC	1272308040000	100	0	no	55.3	178.2	20972	20821	13815	6687	0	39081	2692	2692	0	4519	4519	0
April 26, 2010 11:55:00 AM UTC	1272308100000	100	0	no	55.3	178.6	20972	20821	13816	6661	0	39106	2698	2698	0	4522	4522	0
April 26, 2010 11:56:00 AM UTC	1272308160000	100	0	no	55.3	179.1	20972	20821	13817	6662	0	39104	2698	2698	0	4518	4518	0
April 26, 2010 11:57:00 AM UTC	1272308220000	100	0	no	55.4	179.5	20972	20821	13818	6662	0	39103	2689	2689	0	4521	4521	0
April 26, 2010 11:58:00 AM UTC	1272308280000	100	0	no	55.4	179.9	20972	20821	13818	6662	0	39103	2696	2696	0	4515	4515	0
April 26, 2010 11:59:00 AM UTC	1272308340000	100	0	no	55.4	180.4	20972	20821	13818	6662	0	39103	2696	2696	0	4518	4518	0
April 26, 2010 12:00:00 PM UTC	1272308400000	100	0	no	55.4	180.8	20972	20821	13817	6662	0	39104	2698	2698	0	4520	4520	0
April 26, 2010 12:01:00 PM UTC	1272308460000	100	0	no	55.3	181.2	20972	20821	13816	6662	0	39105	2697	2697	0	4519	4519	0
April 26, 2010 12:02:00 PM UTC	1272308520000	100	0	no	55.3	181.6	20972	20821	13816	6682	0	39085	2698	2698	0	4520	4520	0
April 26, 2010 12:03:00 PM UTC	1272308580000	100	0	no	55.3	182.1	20972	20821	13815	6685	0	39083	2692	2692	0	4517	4517	0
April 26, 2010 12:04:00 PM UTC	1272308640000	100	0	no	55.3	182.5	20972	20821	13831	6614	0	39138	2734	2734	0	4534	4534	0
April 26, 2010 12:05:00 PM UTC	1272308700000	100	0	no	55.3	182.9	20972	20821	13816	6685	0	39082	2693	2693	0	4516	4516	0
April 26, 2010 12:06:00 PM UTC	1272308760000	100	0	no	55.3	183.3	20972	20821	13816	6685	0	39082	2698	2698	0	4516	4516	0
April 26, 2010 12:07:00 PM UTC	1272308820000	100	0	no	55.3	183.8	20972	20821	13815	6690	0	39078	2685	2685	0	4517	4517	0
April 26, 2010 12:08:00 PM UTC	1272308880000	100	0	no	55.3	184.2	20972	20821	13816	6687	0	39080	2694	2694	0	4511	4511	0
April 26, 2010 12:09:00 PM UTC	1272308940000	100	0	no	55.3	184.6	20972	20821	13818	6604	0	39161	2723	2723	0	4517	4517	0
April 26, 2010 12:10:00 PM UTC	1272309000000	100	0	no	55.3	185.1	20972	20821	13815	6705	0	39063	2684	2684	0	4512	4512	0
April 26, 2010 12:11:00 PM UTC	1272309060000	100	0	no	55.3	185.5	20972	20821	13814	6705	0	39064	2687	2687	0	4512	4512	0
April 26, 2010 12:12:00 PM UTC	1272309120000	100	0	no	55.2	185.9	20972	20821	13827	6641	0	39115	2712	2712	0	4529	4529	0
April 26, 2010 12:13:00 PM UTC	1272309180000	100	0	no	55.2	186.3	20972	20821	13826	6643	0	39114	2717	2717	0	4525	4525	0
April 26, 2010 12:14:00 PM UTC	1272309240000	100	0	no	55.2	186.8	20972	20821	13827	6643	0	39113	2716	2716	0	4524	4524	0
April 26, 2010 12:15:00 PM UTC	1272309300000	100	0	no	55.2	187.2	20972	20821	13808	6715	0	39060	2671	2671	0	4506	4506	0
April 26, 2010 12:16:00 PM UTC	1272309360000	100	0	no	55.2	187.6	20972	20821	13810	6639	0	39134	2715	2715	0	4511	4511	0
April 26, 2010 12:17:00 PM UTC	1272309420000	100	0	no	55.1	188.0	20972	20821	13810	6664	0	39109	2702	2702	0	4510	4510	0
April 26, 2010 12:18:00 PM UTC	1272309480000	100	0	no	55.1	188.4	20972	20821	13809	6744	0	39030	2672	2672	0	4498	4498	0
April 26, 2010 12:19:00 PM UTC	1272309540000	100	0	no	55.1	188.9	20972	20821	13806	6757	0	39020	2661	2661	0	4496	4496	0
April 26, 2010 12:20:00 PM UTC	1272309600000	100	0	no	55.1	189.3	20972	20821	13807	6756	0	39020	2668	2668	0	4499	4499	0
April 26, 2010 12:21:00 PM UTC	1272309660000	100	0	no	55.0	189.7	20972	20821	13821	6685	0	39077	2683	2683	0	4509	4509	0
April 26, 2010 12:22:00 PM UTC	1272309720000	100	0	no	55.0	190.1	20972	20821	13820	6621	0	39142	2723	2723	0	4508	4508	0
April 26, 2010 12:23:00 PM UTC	1272309780000	100	0	no	55.0	190.6	20972	20821	13820	6621	0	39142	2717	2717	0	4511	4511	0
April 26, 2010 12:24:00 PM UTC	1272309840000	99	1	no	54.9	191.0	20972	20821	13820	6621	0	39142	2726	2726	0	4509	4509	0
April 26, 2010 12:25:00 PM UTC	1272309900000	99	1	no	54.9	191.4	20972	20821	13817	6634	0	39132	2719	2719	0	4506	4506	0
April 26, 2010 12:26:00 PM UTC	1272309960000	100	0	no	54.9	191.8	20972	20821	13815	6666	0	39102	2710	2710	0	4504	4504	0
April 26, 2010 12:27:00 PM UTC	1272310020000	100	0	no	54.8	192.2	20972	20821	13813	6744	0	39026	2674	2674	0	4493	4493	0
April 26, 2010 12:28:00 PM UTC	1272310080000	100	0	no	54.8	192.6	20972	20821	13811	6690	0	39082	2690	2690	0	4492	4492	0
April 26, 2010 12:29:00 PM UTC	1272310140000	100	0	no	54.8	193.1	20972	20821	13810	6691	0	39082	2690	2690	0	4490	4490	0
April 26, 2010 12:30:00 PM UTC	1272310200000	100	0	no	54.7	193.5	20972	20821	13810	6691	0	39082	2688	2688	0	4489	4489	0
April 26, 2010 12:31:00 PM UTC	1272310260000	100	0	no	54.7	193.9	20972	20821	13825	6622	0	39136	2724	2724	0	4505	4505	0
April 26, 2010 12:32:00 PM UTC	1272310320000	100	0	no	54.7	194.3	20972	20821	13824	6622	0	39137	2722	2722	0	4504	4504	0
April 26, 2010 12:33:00 PM UTC	1272310380000	100	0	no	54.6	194.7	20972	20821	13819	6642	0	39122	2719	2719	0	4494	4494	0
April 26, 2010 12:34:00 PM UTC	1272310440000	100	0	no	54.6	195.1	20972	20821	13823	6570	0	39190	2742	2742	0	4498	4498	0
April 26, 2010 12:35:00 PM UTC	1272310500000	100	0	no	54.5	195.5	20972	20821	13823	6570	0	39190	2745	2745	0	4495	4495	0
April 26, 2010 12:36:00 PM UTC	1272310560000	100	0	no	54.5	196.0	20972	20821	13818	6628	0	39137	2728	2728	0	4485	4485	0
April 26, 2010 12:37:00 PM UTC	1272310620000	100	0	no	54.4	196.4	20972	20821	13818	6628	0	39137	2723	2723	0	4482	4482	0
April 26, 2010 12:38:00 PM UTC	1272310680000	100	0	no	54.4	196.8	20972	20821	13816	6710	0	39057	2690	2690	0	4474	4474	0
April 26, 2010 12:39:00 PM UTC	1272310740000	100	0	no	54.3	197.2	20972	20821	13816	6708	0	39059	2688	2688	0	4474	4474	0
April 26, 2010 12:40:00 PM UTC	1272310800000	100	0	no	54.3	197.6	20972	20821	13812	6668	0	39103	2698	2698	0	4473	4473	0
April 26, 2010 12:41:00 PM UTC	1272310860000	100	0	no	54.2	198.0	20972	20821	13812	6668	0	39103	2706	2706	0	4465	4465	0
April 26, 2010 12:42:00 PM UTC	1272310920000	100	0	no	54.2	198.4	20972	20821	13812	6668	0	39103	2701	2701	0	4465	4465	0
April 26, 2010 12:43:00 PM UTC	1272310980000	100	0	no	54.1	198.8	20972	20821	13805	6695	0	39083	2693	2693	0	4459	4459	0
April 26, 2010 12:44:00 PM UTC	1272311040000	100	0	no	54.1	199.2	20972	20821	13811	6668	0	39104	2703	2703	0	4458	4458	0
April 26, 2010 12:45:00 PM UTC	1272311100000	100	0	no	54.0	199.6	20972	20821	13805	6704	0	39074	2685	2685	0	4449	4449	0
April 26, 2010 12:46:00 PM UTC	1272311160000	100	0	no	54.0	200.0	20972	20821	13808	6624	0	39151	2718	2718	0	4454	4454	0
April 26, 2010 12:47:00 PM UTC	1272311220000	100	0	no	53.9	200.4	20972	20821	13815	6634	0	39134	2722	2722	0	4452	4452	0
April 26, 2010 12:48:00 PM UTC	1272311280000	100	0	no	53.9	200.8	20972	20821	13821	6610	0	39152	2730	2730	0	4461	4461	0
April 26, 2010 12:49:00 PM UTC	1272311340000	100	0	no	53.8	201.2	20972	20821	13815	6635	0	39133	2721	2721	0	4452	4452	0
April 26, 2010 12:50:00 PM UTC	1272311400000	100	0	no	53.7	201.6	20972	20821	13815	6635	0	39133	2726	2726	0	4444	4444	0
April 26, 2010 12:51:00 PM UTC	1272311460000	100	0	no	53.7	202.0	20972	20821	13807	6759	0	39017	2657	2657	0	4432	4432	0
April 26, 2010 12:52:00 PM UTC	1272311520000	100	0	no	53.6	202.4	20972	20821	13815	6663	0	39105	2710	2710	0	4439	4439	0
April 26, 2010 12:53:00 PM UTC	1272311580000	100	0	no	53.6	202.8	20972	20821	13823	6624	0	39136	2727	2727	0	4442	4442	0
April 26, 2010 12:54:00 PM UTC	1272311640000	100	0	no	53.5	203.2	20972	20821	13824	6623	0	39136	2726	2726	0	4438	4438	0
April 26, 2010 12:55:00 PM UTC	1272311700000	100	0	no	53.4	203.6	20972	20821	13816	6653	0	39114	2711	2711	0	4429	4429	0
April 26, 2010 12:56:00 PM UTC	1272311760000	100	0	no	53.4	204.0	20972	20821	13825	6624	0	39134	2734	2734	0	4429	4429	0
April 26, 2010 12:57:00 PM UTC	1272311820000	100	0	no	53.3	204.4	20972	20821	13818	6602	0	39163	2737	2737	0	4422	4422	0
April 26, 2010 12:58:00 PM UTC	1272311880000	100	0	no	53.2	204.8	20972	20821	13818	6602	0	39163	2732	2732	0	4422	4422	0
April 26, 2010 12:59:00 PM UTC	1272311940000	100	0	no	53.1	205.2	20972	20821	13810	6632	0	39141	2712	2712	0	4410	4410	0
April 26, 2010 1:00:00 PM UTC	1272312000000	98	2	no	53.1	205.5	20972	20821	13818	6616	0	39149	2734	2734	0	4415	4415	0
April 26, 2010 1:01:00 PM UTC	1272312060000	96	4	no	53.0	205.9	20972	20821	13810	6684	0	39089	2694	2694	0	4406	4406	0
April 26, 2010 1:02:00 PM UTC	1272312120000	94	6	no	52.9	206.3	20972	20821	13810	6684	0	39089	2701	2701	0	4400	4400	0
April 26, 2010 1:03:00 PM UTC	1272312180000	95	5	no	52.9	206.7	20972	20821	13813	6638	0	39132	2719	2719	0	4394	4394	0
April 26, 2010 1:04:00 PM UTC	1272312240000	99	1	no	52.8	207.1	20972	20821	13803	6672	0	39108	2696	2696	0	4386	4386	0
April 26, 2010 1:05:00 PM UTC	1272312300000	100	0	no	52.7	207.5	20972	20821	13803	6676	0	39104	2700	2700	0	4381	4381	0
April 26, 2010 1:06:00 PM UTC	1272312360000	100	0	no	52.6	207.8	20972	20821	13806	6667	0	39110	2702	2702	0	4373	4373	0
April 26, 2010 1:07:00 PM UTC	1272312420000	100	0	no	52.6	208.2	20972	20821	13818	6611	0	39154	2742	2742	0	4383	4383	0
April 26, 2010 1:08:00 PM UTC	1272312480000	100	0	no	52.5	208.6	20972	20821	13808	6718	0	39057	2686	2686	0	4369	4369	0
April 26, 2010 1:09:00 PM UTC	1272312540000	100	0	no	52.4	209.0	20972	20821	13817	6650	0	39116	2721	2721	0	4372	4372	0
April 26, 2010 1:10:00 PM UTC	1272312600000	100	0	no	52.3	209.3	20972	20821	13809	6685	0	39089	2700	2700	0	4354	4354	0
April 26, 2010 1:11:00 PM UTC	1272312660000	100	0	no	52.2	209.7	20972	20821	13809	6685	0	39089	2702	2702	0	4357	4357	0
April 26, 2010 1:12:00 PM UTC	1272312720000	100	0	no	52.1	210.1	20972	20821	13822	6632	0	39129	2729	2729	0	4360	4360	0
April 26, 2010 1:13:00 PM UTC	1272312780000	100	0	no	52.1	210.5	20972	20821	13816	6660	0	39107	2710	2710	0	4347	4347	0
April 26, 2010 1:14:00 PM UTC	1272312840000	100	0	no	52.0	210.8	20972	20821	13814	6661	0	39108	2709	2709	0	4345	4345	0
April 26, 2010 1:15:00 PM UTC	1272312900000	100	0	no	51.9	211.2	20972	20821	13803	6686	0	39094	2692	2692	0	4330	4330	0
April 26, 2010 1:16:00 PM UTC	1272312960000	100	0	no	51.8	211.6	20972	20821	13815	6626	0	39142	2727	2727	0	4338	4338	0
April 26, 2010 1:17:00 PM UTC	1272313020000	100	0	no	51.7	211.9	20972	20821	13815	6626	0	39142	2723	2723	0	4330	4330	0
April 26, 2010 1:18:00 PM UTC	1272313080000	100	0	no	51.6	212.3	20972	20821	13805	6665	0	39113	2711	2711	0	4314	4314	0
April 26, 2010 1:19:00 PM UTC	1272313140000	100	0	no	51.5	212.7	20972	20821	13805	6724	0	39054	2680	2680	0	4308	4308	0
April 26, 2010 1:20:00 PM UTC	1272313200000	100	0	no	51.5	213.0	20972	20821	13820	6663	0	39100	2724	2724	0	4314	4314	0
April 26, 2010 1:21:00 PM UTC	1272313260000	100	0	no	51.4	213.4	20972	20821	13818	6630	0	39135	2725	2725	0	4307	4307	0
April 26, 2010 1:22:00 PM UTC	1272313320000	100	0	no	51.3	213.7	20972	20821	13818	6631	0	39134	2731	2731	0	4292	4292	0
April 26, 2010 1:23:00 PM UTC	1272313380000	100	0	no	51.2	214.1	20972	20821	13796	6731	0	39056	2675	2675	0	4279	4279	0
April 26, 2010 1:24:00 PM UTC	1272313440000	100	0	no	51.1	214.5	20972	20821	13810	6673	0	39100	2712	2712	0	4282	4282	0
April 26, 2010 1:25:00 PM UTC	1272313500000	98	2	no	51.0	214.8	20972	20821	13810	6673	0	39100	2711	2711	0	4267	4267	0
April 26, 2010 1:26:00 PM UTC	1272313560000	97	3	no	50.9	215.2	20972	20821	13810	6673	0	39100	2707	2707	0	4273	4273	0
April 26, 2010 1:27:00 PM UTC	1272313620000	97	3	no	50.8	215.5	20972	20821	13825	6595	0	39163	2748	2748	0	4271	4271	0
April 26, 2010 1:28:00 PM UTC	1272313680000	97	2	no	50.7	215.9	20972	20821	13814	6638	0	39131	2720	2720	0	4261	4250	11
April 26, 2010 1:29:00 PM UTC	1272313740000	99	1	no	50.6	216.2	20972	20821	13801	6695	0	39087	2690	2690	0	4256	4255	1
April 26, 2010 1:30:00 PM UTC	1272313800000	99	1	no	50.5	216.6	20972	20821	13815	6638	0	39130	2717	2717	0	4247	4146	101
April 26, 2010 1:31:00 PM UTC	1272313860000	97	2	no	50.4	216.9	20972	20821	13815	6638	0	39130	2726	2676	33	4242	3867	273
April 26, 2010 1:32:00 PM UTC	1272313920000	96	2	no	50.3	217.3	20972	20821	13816	6637	0	39130	2728	2666	48	4232	3519	298
April 26, 2010 1:33:00 PM UTC	1272313980000	96	2	no	50.2	217.6	20972	20821	13822	6570	0	39191	2757	2379	137	4233	3648	225
April 26, 2010 1:34:00 PM UTC	1272314040000	95	3	yes	50.1	218.0	20972	20821	13816	6620	0	39147	2732	2423	83	4221	3914	248
April 26, 2010 1:35:00 PM UTC	1272314100000	91	7	yes	50.0	218.3	20972	20821	13807	6661	0	39115	2706	2596	110	4206	4106	63
April 26, 2010 1:36:00 PM UTC	1272314160000	88	9	no	49.9	218.7	20972	20821	13820	6606	0	39157	2740	2517	179	4208	3798	270
April 26, 2010 1:37:00 PM UTC	1272314220000	84	12	yes	49.8	219.0	20972	20821	13820	6606	0	39157	2733	2713	20	4197	3453	378
April 26, 2010 1:38:00 PM UTC	1272314280000	80	13	yes	49.7	219.3	20972	20821	13810	6652	0	39121	2725	2240	190	4181	3680	226
April 26, 2010 1:39:00 PM UTC	1272314340000	80	12	yes	49.6	219.7	20972	20821	13823	6549	0	39211	2765	1841	451	4188	3886	203
April 26, 2010 1:40:00 PM UTC	1272314400000	82	12	yes	49.5	220.0	20972	20821	13810	6635	0	39138	2722	2034	464	4172	3596	146
April 26, 2010 1:41:00 PM UTC	1272314460000	85	10	yes	49.4	220.3	20972	20821	13823	6582	0	39178	2746	1340	386	4169	3306	318
April 26, 2010 1:42:00 PM UTC	1272314520000	78	16	no	49.3	220.7	20972	20821	13811	6636	0	39136	2720	1566	654	4153	2753	528
April 26, 2010 1:43:00 PM UTC	1272314580000	86	10	yes	49.2	221.0	20972	20821	13822	6582	0	39179	2750	2594	126	4154	3102	414
April 26, 2010 1:44:00 PM UTC	1272314640000	93	6	yes	49.0	221.3	20972	20821	13811	6630	0	39142	2726	2594	89	4141	3504	432
April 26, 2010 1:45:00 PM UTC	1272314700000	95	4	yes	48.9	221.7	20972	20821	13823	6532	0	39228	2782	2322	256	4139	3647	351
April 26, 2010 1:46:00 PM UTC	1272314760000	92	5	no	48.8	222.0	20972	20821	13813	6581	0	39189	2751	2585	140	4123	3696	277
April 26, 2010 1:47:00 PM UTC	1272314820000	89	7	no	48.7	222.3	20972	20821	13821	6576	0	39186	2755	2755	0	4122	3875	228
April 26, 2010 1:48:00 PM UTC	1272314880000	82	13	no	48.6	222.7	20972	20821	13822	6571	0	39190	2756	2756	0	4111	3962	138
April 26, 2010 1:49:00 PM UTC	1272314940000	77	16	no	48.5	223.0	20972	20821	13808	6623	0	39152	2731	2687	44	4097	4064	33
April 26, 2010 1:50:00 PM UTC	1272315000000	76	17	yes	48.4	223.3	20972	20821	13821	6572	0	39190	2757	2757	0	4100	4081	8
April 26, 2010 1:51:00 PM UTC	1272315060000	78	14	no	48.3	223.6	20972	20821	13809	6621	0	39153	2732	2672	58	4081	4054	27
April 26, 2010 1:52:00 PM UTC	1272315120000	80	13	no	48.1	223.9	20972	20821	13835	6472	0	39276	2812	2812	0	4093	4089	4
April 26, 2010 1:53:00 PM UTC	1272315180000	81	11	no	48.0	224.3	20972	20821	13810	6618	0	39155	2732	2732	0	4058	4058	0
April 26, 2010 1:54:00 PM UTC	1272315240000	81	12	no	47.9	224.6	20972	20821	13822	6568	0	39193	2764	2764	0	4060	4060	0
April 26, 2010 1:55:00 PM UTC	1272315300000	85	10	no	47.8	224.9	20972	20821	13809	6620	0	39154	2727	2727	0	4049	4027	18
April 26, 2010 1:56:00 PM UTC	1272315360000	88	8	no	47.7	225.2	20972	20821	13822	6568	0	39193	2763	2763	0	4042	4029	13
April 26, 2010 1:57:00 PM UTC	1272315420000	87	11	no	47.6	225.5	20972	20821	13811	6618	0	39154	2740	2740	0	4024	4024	0
April 26, 2010 1:58:00 PM UTC	1272315480000	88	10	no	47.4	225.8	20972	20821	13832	6519	0	39232	2789	2789	0	4032	4032	0
April 26, 2010 1:59:00 PM UTC	1272315540000	89	9	no	47.3	226.2	20972	20821	13812	6566	0	39205	2759	2759	0	4011	4011	0
April 26, 2010 2:00:00 PM UTC	1272315600000	88	11	yes	47.2	226.5	20972	20821	13822	6577	0	39184	2755	2755	0	4008	4008	0
April 26, 2010 2:01:00 PM UTC	1272315660000	85	14	no	47.1	226.8	20972	20821	13812	6626	0	39145	2737	2683	43	3987	3987	0
April 26, 2010 2:02:00 PM UTC	1272315720000	84	14	no	47.0	227.1	20972	20821	13822	6577	0	39184	2762	2762	0	3986	3986	0
April 26, 2010 2:03:00 PM UTC	1272315780000	83	15	no	46.8	227.4	20972	20821	13809	6631	0	39143	2735	2735	0	3971	3971	0
April 26, 2010 2:04:00 PM UTC	1272315840000	78	16	no	46.7	227.7	20972	20821	13822	6577	0	39184	2765	2765	0	3963	3963	0
April 26, 2010 2:05:00 PM UTC	1272315900000	77	15	no	46.6	228.0	20972	20821	13810	6599	0	39174	2754	2754	0	3950	3950	0
April 26, 2010 2:06:00 PM UTC	1272315960000	79	14	no	46.5	228.3	20972	20821	13824	6536	0	39223	2779	2694	67	3949	3947	2
April 26, 2010 2:07:00 PM UTC	1272316020000	81	15	no	46.3	228.6	20972	20821	13810	6641	0	39132	2738	2738	0	3927	3916	11
April 26, 2010 2:08:00 PM UTC	1272316080000	85	12	no	46.2	228.9	20972	20821	13820	6595	0	39168	2755	2755	0	3931	3924	7
April 26, 2010 2:09:00 PM UTC	1272316140000	90	8	no	46.1	229.2	20972	20821	13820	6595	0	39168	2756	2756	0	3921	3863	57
April 26, 2010 2:10:00 PM UTC	1272316200000	93	6	no	46.0	229.5	20972	20821	13820	6595	0	39168	2760	2760	0	3906	3832	74
April 26, 2010 2:11:00 PM UTC	1272316260000	94	6	no	45.8	229.8	20972	20821	13808	6654	0	39121	2720	2720	0	3889	3864	25
April 26, 2010 2:12:00 PM UTC	1272316320000	97	3	no	45.7	230.1	20972	20821	13820	6571	0	39192	2781	2781	0	3886	3886	0
April 26, 2010 2:13:00 PM UTC	1272316380000	98	2	no	45.6	230.4	20972	20821	13821	6558	0	39204	2783	2783	0	3871	3871	0
April 26, 2010 2:14:00 PM UTC	1272316440000	98	1	no	45.5	230.7	20972	20821	13808	6615	0	39160	2753	2753	0	3859	3857	2
April 26, 2010 2:15:00 PM UTC	1272316500000	98	2	no	45.3	231.0	20972	20821	13817	6621	0	39145	2750	2750	0	3848	3829	19
April 26, 2010 2:16:00 PM UTC	1272316560000	99	1	no	45.2	231.3	20972	20821	13818	6621	0	39144	2749	2749	0	3844	3838	6
April 26, 2010 2:17:00 PM UTC	1272316620000	99	1	no	45.1	231.6	20972	20821	13805	6680	0	39098	2717	2717	0	3831	3831	0
April 26, 2010 2:18:00 PM UTC	1272316680000	97	3	no	44.9	231.9	20972	20821	13817	6621	0	39145	2756	2756	0	3821	3821	0
April 26, 2010 2:19:00 PM UTC	1272316740000	94	5	yes	44.8	232.2	20972	20821	13807	6648	0	39128	2740	2736	4	3807	3807	0
April 26, 2010 2:20:00 PM UTC	1272316800000	93	7	no	44.7	232.4	20972	20821	13828	6545	0	39210	2792	2792	0	3807	3807	0
April 26, 2010 2:21:00 PM UTC	1272316860000	95	5	no	44.5	232.7	20972	20821	13815	6604	0	39164	2769	2769	0	3782	3782	0
April 26, 2010 2:22:00 PM UTC	1272316920000	95	4	no	44.4	233.0	20972	20821	13812	6662	0	39109	2740	2740	0	3774	3774	0
April 26, 2010 2:23:00 PM UTC	1272316980000	95	5	no	44.3	233.3	20972	20821	13825	6601	0	39157	2780	2780	0	3770	3770	0
April 26, 2010 2:24:00 PM UTC	1272317040000	94	5	no	44.1	233.6	20972	20821	13822	6617	0	39144	2765	2765	0	3754	3754	0
April 26, 2010 2:25:00 PM UTC	1272317100000	95	5	no	44.0	233.9	20972	20821	13811	6661	0	39111	2742	2742	0	3744	3725	19
April 26, 2010 2:26:00 PM UTC	1272317160000	95	5	no	43.9	234.1	20972	20821	13820	6620	0	39143	2770	2749	21	3734	3662	72
April 26, 2010 2:27:00 PM UTC	1272317220000	94	5	no	43.7	234.4	20972	20821	13821	6593	0	39169	2794	2791	3	3721	3691	30
April 26, 2010 2:28:00 PM UTC	1272317280000	94	5	no	43.6	234.7	20972	20821	13821	6593	0	39169	2790	2790	0	3711	3711	0
April 26, 2010 2:29:00 PM UTC	1272317340000	93	6	no	43.5	235.0	20972	20821	13821	6593	0	39169	2785	2785	0	3711	3711	0
April 26, 2010 2:30:00 PM UTC	1272317400000	93	6	no	43.3	235.3	20972	20821	13811	6688	0	39084	2744	2744	0	3683	3683	0
April 26, 2010 2:31:00 PM UTC	1272317460000	95	4	no	43.2	235.5	20972	20821	13821	6649	0	39113	2757	2757	0	3681	3681	0
April 26, 2010 2:32:00 PM UTC	1272317520000	92	6	no	43.1	235.8	20972	20821	13815	6666	0	39102	2758	2758	0	3662	3662	0
April 26, 2010 2:33:00 PM UTC	1272317580000	89	6	no	42.9	236.1	20972	20821	13814	6665	0	39104	2757	2757	0	3651	3651	0
April 26, 2010 2:34:00 PM UTC	1272317640000	89	5	no	42.8	236.4	20972	20821	13815	6644	0	39124	2770	2770	0	3641	3641	0
April 26, 2010 2:35:00 PM UTC	1272317700000	91	5	no	42.6	236.6	20972	20821	13815	6644	0	39124	2774	2631	129	3627	3627	0
April 26, 2010 2:36:00 PM UTC	1272317760000	86	10	no	42.5	236.9	20972	20821	13825	6605	0	39153	2794	2683	38	3619	3574	29
April 26, 2010 2:37:00 PM UTC	1272317820000	85	10	no	42.4	237.2	20972	20821	13814	6643	0	39126	2774	2774	0	3607	3563	20
April 26, 2010 2:38:00 PM UTC	1272317880000	84	10	no	42.2	237.4	20972	20821	13799	6760	0	39024	2709	2579	102	3591	3556	35
April 26, 2010 2:39:00 PM UTC	1272317940000	83	11	no	42.1	237.7	20972	20821	13822	6660	0	39101	2773	2764	9	3585	3580	5
April 26, 2010 2:40:00 PM UTC	1272318000000	84	11	no	41.9	238.0	20972	20821	13798	6704	0	39081	2732	2732	0	3568	3568	0
April 26, 2010 2:41:00 PM UTC	1272318060000	85	12	no	41.8	238.2	20972	20821	13808	6666	0	39109	2755	2755	0	3555	3555	0
April 26, 2010 2:42:00 PM UTC	1272318120000	85	11	no	41.7	238.5	20972	20821	13809	6645	0	39129	2770	2758	12	3542	3542	0
April 26, 2010 2:43:00 PM UTC	1272318180000	85	9	no	41.5	238.8	20972	20821	13817	6609	0	39157	2788	2788	0	3532	3494	38
April 26, 2010 2:44:00 PM UTC	1272318240000	83	12	no	41.4	239.0	20972	20821	13810	6640	0	39133	2781	2781	0	3516	3486	25
April 26, 2010 2:45:00 PM UTC	1272318300000	84	12	yes	41.2	239.3	20972	20821	13817	6609	0	39157	2792	2792	0	3508	3500	8
April 26, 2010 2:46:00 PM UTC	1272318360000	87	12	yes	41.1	239.5	20972	20821	13803	6673	0	39107	2757	2747	10	3492	3492	0
April 26, 2010 2:47:00 PM UTC	1272318420000	91	9	no	41.0	239.8	20972	20821	13807	6707	0	39069	2746	2729	17	3481	3481	0
April 26, 2010 2:48:00 PM UTC	1272318480000	93	6	no	40.8	240.1	20972	20821	13801	6734	0	39048	2739	2739	0	3463	3416	45
April 26, 2010 2:49:00 PM UTC	1272318540000	92	7	no	40.7	240.3	20972	20821	13816	6670	0	39097	2775	2775	0	3457	3411	46
April 26, 2010 2:50:00 PM UTC	1272318600000	91	9	yes	40.5	240.6	20972	20821	13822	6636	0	39125	2792	2791	1	3442	3442	0
April 26, 2010 2:51:00 PM UTC	1272318660000	92	8	no	40.4	240.8	20972	20821	13801	6715	0	39067	2748	2748	0	3431	3431	0
April 26, 2010 2:52:00 PM UTC	1272318720000	93	7	no	40.2	241.1	20972	20821	13816	6650	0	39117	2786	2785	1	3424	3417	7
April 26, 2010 2:53:00 PM UTC	1272318780000	95	5	yes	40.1	241.3	20972	20821	13810	6681	0	39092	2775	2775	0	3405	3366	39
April 26, 2010 2:54:00 PM UTC	1272318840000	96	4	no	39.9	241.6	20972	20821	13826	6540	0	39217	2834	2834	0	3398	3381	17
April 26, 2010 2:55:00 PM UTC	1272318900000	96	4	no	39.8	241.9	20972	20821	13819	6572	0	39192	2815	2815	0	3378	3376	2
April 26, 2010 2:56:00 PM UTC	1272318960000	96	3	no	39.6	242.1	20972	20821	13809	6669	0	39105	2777	2777	0	3368	3366	2
April 26, 2010 2:57:00 PM UTC	1272319020000	97	3	no	39.5	242.4	20972	20821	13809	6669	0	39105	2774	2774	0	3354	3330	10
April 26, 2010 2:58:00 PM UTC	1272319080000	97	3	no	39.4	242.6	20972	20821	13817	6633	0	39133	2799	2799	0	3345	3308	21
April 26, 2010 2:59:00 PM UTC	1272319140000	98	2	yes	39.2	242.9	20972	20821	13817	6616	0	39150	2798	2783	15	3338	3291	36
April 26, 2010 3:00:00 PM UTC	1272319200000	96	3	no	39.1	243.1	20972	20821	13817	6616	0	39150	2817	2807	8	3312	3302	3
April 26, 2010 3:01:00 PM UTC	1272319260000	94	5	no	38.9	243.4	20972	20821	13802	6682	0	39099	2774	2683	75	3304	3265	30
April 26, 2010 3:02:00 PM UTC	1272319320000	89	8	yes	38.8	243.6	20972	20821	13817	6616	0	39150	2810	2417	198	3295	3260	29
April 26, 2010 3:03:00 PM UTC	1272319380000	86	8	yes	38.6	243.8	20972	20821	13810	6647	0	39126	2798	2660	61	3278	3181	73
April 26, 2010 3:04:00 PM UTC	1272319440000	78	11	yes	38.5	244.1	20972	20821	13825	6584	0	39174	2832	2303	214	3269	3013	207
April 26, 2010 3:05:00 PM UTC	1272319500000	70	18	yes	38.3	244.3	20972	20821	13801	6748	0	39034	2746	2254	253	3260	2673	431
April 26, 2010 3:06:00 PM UTC	1272319560000	73	19	yes	38.2	244.6	20972	20821	13808	6665	0	39110	2779	2554	152	3242	2747	354
April 26, 2010 3:07:00 PM UTC	1272319620000	77	18	yes	38.0	244.8	20972	20821	13808	6665	0	39110	2782	2263	441	3231	2880	251
April 26, 2010 3:08:00 PM UTC	1272319680000	78	16	no	37.9	245.1	20972	20821	13808	6656	0	39119	2785	2338	353	3223	2829	295
April 26, 2010 3:09:00 PM UTC	1272319740000	80	14	yes	37.7	245.3	20972	20821	13815	6620	0	39148	2800	2291	311	3215	2730	306
April 26, 2010 3:10:00 PM UTC	1272319800000	86	9	yes	37.6	245.5	20972	20821	13809	6649	0	39125	2787	2326	191	3197	2665	224
April 26, 2010 3:11:00 PM UTC	1272319860000	83	10	yes	37.4	245.8	20972	20821	13809	6649	0	39125	2790	2220	276	3184	2309	242
April 26, 2010 3:12:00 PM UTC	1272319920000	72	13	yes	37.3	246.0	20972	20821	13815	6621	0	39147	2806	2162	339	3171	2069	279
April 26, 2010 3:13:00 PM UTC	1272319980000	63	12	yes	37.1	246.3	20972	20821	13801	6681	0	39101	2766	1208	315	3166	1673	472
April 26, 2010 3:14:00 PM UTC	1272320040000	47	18	yes	37.0	246.5	20972	20821	13815	6621	0	39147	2796	671	401	3159	1357	406
April 26, 2010 3:15:00 PM UTC	1272320100000	42	18	yes	36.8	246.7	20972	20821	13805	6728	0	39050	2745	620	274	3152	1435	332
April 26, 2010 3:16:00 PM UTC	1272320160000	40	15	yes	36.6	247.0	20972	20821	13813	6687	0	39083	2766	810	248	3141	1344	337
April 26, 2010 3:17:00 PM UTC	1272320220000	33	19	yes	36.5	247.2	20972	20821	13799	6744	0	39040	2733	1439	295	3128	1249	393
April 26, 2010 3:18:00 PM UTC	1272320280000	25	16	yes	36.3	247.4	20972	20821	13805	6715	0	39063	2750	714	283	3118	1279	463
April 26, 2010 3:19:00 PM UTC	1272320340000	28	15	yes	36.2	247.7	20972	20821	13821	6648	0	39114	2780	741	382	3113	1318	616
April 26, 2010 3:20:00 PM UTC	1272320400000	26	15	yes	36.0	247.9	20972	20821	13805	6716	0	39062	2736	1133	594	3108	1115	719
April 26, 2010 3:21:00 PM UTC	1272320460000	21	12	yes	35.9	248.1	20972	20821	13826	6621	0	39136	2788	1193	578	3098	1018	589
April 26, 2010 3:22:00 PM UTC	1272320520000	18	12	yes	35.7	248.4	20972	20821	13805	6715	0	39063	2734	1144	792	3091	971	677
April 26, 2010 3:23:00 PM UTC	1272320580000	18	12	yes	35.6	248.6	20972	20821	13822	6567	0	39194	2792	1328	705	3078	808	589
April 26, 2010 3:24:00 PM UTC	1272320640000	15	10	yes	35.4	248.8	20972	20821	13808	6635	0	39140	2741	772	662	3072	912	443
April 26, 2010 3:25:00 PM UTC	1272320700000	14	7	yes	35.3	249.1	20972	20821	13826	6612	0	39145	2772	722	650	3067	941	379
April 26, 2010 3:26:00 PM UTC	1272320760000	9	6	yes	35.1	249.3	20972	20821	13812	6679	0	39092	2731	446	618	3057	605	305
April 26, 2010 3:27:00 PM UTC	1272320820000	8	6	yes	35.0	249.5	20972	20821	13812	6671	0	39100	2730	496	564	3054	350	349
April 26, 2010 3:28:00 PM UTC	1272320880000	5	6	yes	34.8	249.7	20972	20821	13818	6601	0	39164	2746	181	488	3048	277	376
April 26, 2010 3:29:00 PM UTC	1272320940000	3	6	yes	34.6	250.0	20972	20821	13813	6626	0	39144	2724	95	792	3038	361	324
April 26, 2010 3:30:00 PM UTC	1272321000000	4	6	yes	34.5	250.2	20972	20821	13813	6626	0	39144	2717	334	893	3036	416	344
April 26, 2010 3:31:00 PM UTC	1272321060000	3	7	yes	34.3	250.4	20972	20821	13812	6626	0	39145	2714	346	979	3027	523	366
April 26, 2010 3:32:00 PM UTC	1272321120000	4	7	yes	34.2	250.6	20972	20821	13818	6602	0	39163	2725	586	805	3018	589	313
April 26, 2010 3:33:00 PM UTC	1272321180000	3	9	yes	34.0	250.9	20972	20821	13818	6599	0	39166	2722	703	1059	3009	430	361
April 26, 2010 3:34:00 PM UTC	1272321240000	3	8	yes	33.9	251.1	20972	20821	13805	6653	0	39125	2677	752	672	3007	198	267
April 26, 2010 3:35:00 PM UTC	1272321300000	2	11	yes	33.7	251.3	20972	20821	13818	6599	0	39166	2706	529	1000	2999	125	290
April 26, 2010 3:36:00 PM UTC	1272321360000	3	12	yes	33.5	251.5	20972	20821	13804	6721	0	39058	2646	392	1203	2996	86	347
April 26, 2010 3:37:00 PM UTC	1272321420000	2	12	yes	33.4	251.8	20972	20821	13821	6642	0	39120	2692	388	1034	2990	32	396
April 26, 2010 3:38:00 PM UTC	1272321480000	2	10	yes	33.2	252.0	20972	20821	13801	6733	0	39049	2634	315	1177	2983	68	347
April 26, 2010 3:39:00 PM UTC	1272321540000	4	11	yes	33.1	252.2	20972	20821	13816	6667	0	39100	2665	461	1019	2977	29	407
April 26, 2010 3:40:00 PM UTC	1272321600000	4	10	yes	32.9	252.4	20972	20821	13805	6715	0	39063	2630	346	1344	2975	107	453
April 26, 2010 3:41:00 PM UTC	1272321660000	3	10	yes	32.8	252.6	20972	20821	13821	6647	0	39115	2661	245	1540	2965	192	710
April 26, 2010 3:42:00 PM UTC	1272321720000	5	9	yes	32.6	252.9	20972	20821	13805	6714	0	39064	2619	654	1223	2963	180	595
April 26, 2010 3:43:00 PM UTC	1272321780000	4	10	yes	32.4	253.1	20972	20821	13820	6644	0	39119	2644	760	1497	2966	219	583
April 26, 2010 3:44:00 PM UTC	1272321840000	4	8	yes	32.3	253.3	20972	20821	13810	6693	0	39080	2612	877	1343	2956	200	660
April 26, 2010 3:45:00 PM UTC	1272321900000	3	8	yes	32.1	253.5	20972	20821	13809	6701	0	39073	2599	954	1360	2952	135	845
April 26, 2010 3:46:00 PM UTC	1272321960000	3	7	yes	32.0	253.7	20972	20821	13809	6701	0	39073	2593	980	1174	2945	222	784
April 26, 2010 3:47:00 PM UTC	1272322020000	3	7	yes	31.8	253.9	20972	20821	13808	6688	0	39087	2588	1068	999	2944	259	872
April 26, 2010 3:48:00 PM UTC	1272322080000	4	7	yes	31.6	254.2	20972	20821	13810	6645	0	39128	2592	1106	1062	2939	311	870
April 26, 2010 3:49:00 PM UTC	1272322140000	4	7	yes	31.5	254.4	20972	20821	13810	6645	0	39128	2578	993	1117	2940	271	830
April 26, 2010 3:50:00 PM UTC	1272322200000	4	8	yes	31.3	254.6	20972	20821	13810	6645	0	39128	2565	933	1154	2940	199	966
April 26, 2010 3:51:00 PM UTC	1272322260000	4	9	yes	31.2	254.8	20972	20821	13811	6643	0	39129	2565	889	1270	2927	99	1031
April 26, 2010 3:52:00 PM UTC	1272322320000	4	9	yes	31.0	255.0	20972	20821	13811	6643	0	39129	2554	928	1160	2928	194	946
April 26, 2010 3:53:00 PM UTC	1272322380000	4	10	yes	30.8	255.2	20972	20821	13815	6627	0	39141	2552	1047	1148	2925	256	764
April 26, 2010 3:54:00 PM UTC	1272322440000	4	10	yes	30.7	255.4	20972	20821	13815	6627	0	39141	2545	1150	974	2921	140	720
April 26, 2010 3:55:00 PM UTC	1272322500000	4	11	yes	30.5	255.6	20972	20821	13815	6625	0	39143	2537	1112	1235	2917	102	733
April 26, 2010 3:56:00 PM UTC	1272322560000	4	10	yes	30.4	255.9	20972	20821	13815	6625	0	39143	2525	1121	1214	2920	132	777
April 26, 2010 3:57:00 PM UTC	1272322620000	5	11	yes	30.2	256.1	20972	20821	13819	6607	0	39157	2529	1162	1134	2913	217	683
April 26, 2010 3:58:00 PM UTC	1272322680000	6	13	yes	30.0	256.3	20972	20821	13803	6677	0	39103	2479	1074	1126	2913	284	648
April 26, 2010 3:59:00 PM UTC	1272322740000	7	13	yes	29.9	256.5	20972	20821	13820	6607	0	39156	2508	819	1118	2915	388	551
April 26, 2010 4:00:00 PM UTC	1272322800000	7	15	yes	29.7	256.7	20972	20821	13802	6755	0	39026	2449	853	1013	2906	419	459
April 26, 2010 4:01:00 PM UTC	1272322860000	7	19	yes	29.5	256.9	20972	20821	13818	6681	0	39084	2474	786	918	2908	372	655
April 26, 2010 4:02:00 PM UTC	1272322920000	7	21	yes	29.4	257.1	20972	20821	13806	6739	0	39038	2433	431	1044	2908	330	698
April 26, 2010 4:03:00 PM UTC	1272322980000	10	23	yes	29.2	257.3	20972	20821	13821	6666	0	39096	2459	281	1191	2908	294	662
April 26, 2010 4:04:00 PM UTC	1272323040000	13	22	yes	29.1	257.5	20972	20821	13801	6753	0	39029	2408	582	1016	2904	244	362
April 26, 2010 4:05:00 PM UTC	1272323100000	18	17	yes	28.9	257.7	20972	20821	13817	6683	0	39083	2429	800	798	2905	230	195
April 26, 2010 4:06:00 PM UTC	1272323160000	19	14	yes	28.7	257.9	20972	20821	13801	6716	0	39066	2391	574	790	2900	371	258
April 26, 2010 4:07:00 PM UTC	1272323220000	21	15	yes	28.6	258.1	20972	20821	13820	6644	0	39119	2416	997	860	2901	627	436
April 26, 2010 4:08:00 PM UTC	1272323280000	22	16	yes	28.4	258.3	20972	20821	13808	6611	0	39164	2402	903	515	2899	1007	424
April 26, 2010 4:09:00 PM UTC	1272323340000	25	16	yes	28.2	258.6	20972	20821	13823	6551	0	39209	2416	1209	482	2899	1151	310
April 26, 2010 4:10:00 PM UTC	1272323400000	26	15	yes	28.1	258.8	20972	20821	13807	6623	0	39153	2369	1193	447	2900	1198	430
April 26, 2010 4:11:00 PM UTC	1272323460000	24	15	yes	27.9	259.0	20972	20821	13824	6554	0	39205	2395	1270	319	2901	1064	464
April 26, 2010 4:12:00 PM UTC	1272323520000	24	14	yes	27.8	259.2	20972	20821	13807	6699	0	39077	2336	1116	344	2900	892	444
April 26, 2010 4:13:00 PM UTC	1272323580000	25	14	yes	27.6	259.4	20972	20821	13821	6634	0	39128	2355	1238	270	2900	690	369
April 26, 2010 4:14:00 PM UTC	1272323640000	27	14	yes	27.4	259.6	20972	20821	13809	6692	0	39082	2319	1394	236	2898	577	287
April 26, 2010 4:15:00 PM UTC	1272323700000	29	18	yes	27.3	259.8	20972	20821	13826	6619	0	39138	2342	1311	311	2899	666	375
April 26, 2010 4:16:00 PM UTC	1272323760000	26	19	yes	27.1	260.0	20972	20821	13809	6692	0	39082	2297	841	358	2899	778	443
April 26, 2010 4:17:00 PM UTC	1272323820000	23	23	yes	26.9	260.2	20972	20821	13809	6692	0	39082	2289	631	382	2899	723	613
April 26, 2010 4:18:00 PM UTC	1272323880000	20	23	yes	26.8	260.4	20972	20821	13809	6690	0	39084	2276	668	517	2903	498	437
April 26, 2010 4:19:00 PM UTC	1272323940000	21	25	yes	26.6	260.6	20972	20821	13809	6690	0	39084	2261	685	632	2904	438	272
April 26, 2010 4:20:00 PM UTC	1272324000000	21	22	yes	26.5	260.8	20972	20821	13812	6678	0	39093	2256	780	284	2907	480	258
April 26, 2010 4:21:00 PM UTC	1272324060000	21	21	yes	26.3	261.0	20972	20821	13812	6678	0	39093	2245	789	257	2894	636	300
April 26, 2010 4:22:00 PM UTC	1272324120000	22	20	yes	26.1	261.2	20972	20821	13812	6676	0	39095	2231	541	242	2911	714	475
April 26, 2010 4:23:00 PM UTC	1272324180000	22	20	yes	26.0	261.4	20972	20821	13813	6683	0	39087	2225	419	354	2900	579	336
April 26, 2010 4:24:00 PM UTC	1272324240000	22	21	yes	25.8	261.6	20972	20821	13813	6652	0	39118	2209	688	459	2911	413	285
April 26, 2010 4:25:00 PM UTC	1272324300000	20	22	yes	25.6	261.8	20972	20821	13813	6652	0	39118	2196	605	472	2903	364	327
April 26, 2010 4:26:00 PM UTC	1272324360000	18	23	yes	25.5	262.0	20972	20821	13813	6723	0	39047	2183	439	537	2910	273	357
April 26, 2010 4:27:00 PM UTC	1272324420000	17	22	yes	25.3	262.2	20972	20821	13813	6723	0	39047	2166	612	474	2912	216	319
April 26, 2010 4:28:00 PM UTC	1272324480000	15	21	yes	25.1	262.4	20972	20821	13816	6644	0	39123	2166	748	909	2919	189	546
April 26, 2010 4:29:00 PM UTC	1272324540000	12	20	yes	25.0	262.6	20972	20821	13816	6644	0	39123	2158	725	1038	2912	139	441
April 26, 2010 4:30:00 PM UTC	1272324600000	11	19	yes	24.8	262.8	20972	20821	13817	6643	0	39123	2142	611	1160	2917	146	395
April 26, 2010 4:31:00 PM UTC	1272324660000	12	16	yes	24.6	263.0	20972	20821	13817	6643	0	39123	2132	611	1066	2919	171	547
April 26, 2010 4:32:00 PM UTC	1272324720000	12	17	yes	24.5	263.2	20972	20821	13817	6642	0	39124	2119	514	1044	2919	164	448
April 26, 2010 4:33:00 PM UTC	1272324780000	12	18	yes	24.3	263.4	20972	20821	13817	6642	0	39124	2103	404	977	2928	118	320
April 26, 2010 4:34:00 PM UTC	1272324840000	9	22	yes	24.1	263.5	20972	20821	13818	6631	0	39134	2100	356	892	2923	106	194
April 26, 2010 4:35:00 PM UTC	1272324900000	7	23	yes	24.0	263.7	20972	20821	13818	6631	0	39134	2083	210	1120	2930	84	190
April 26, 2010 4:36:00 PM UTC	1272324960000	9	21	yes	23.8	263.9	20972	20821	13818	6643	0	39122	2074	151	1024	2932	60	400
April 26, 2010 4:37:00 PM UTC	1272325020000	12	18	yes	23.7	264.1	20972	20821	13818	6643	0	39122	2065	182	967	2932	38	357
April 26, 2010 4:38:00 PM UTC	1272325080000	13	20	yes	23.5	264.3	20972	20821	13818	6641	0	39124	2046	159	797	2940	16	232
April 26, 2010 4:39:00 PM UTC	1272325140000	16	21	yes	23.3	264.5	20972	20821	13818	6641	0	39124	2036	27	180	2938	40	56
April 26, 2010 4:40:00 PM UTC	1272325200000	17	24	yes	23.2	264.7	20972	20821	13817	6616	1	39149	2024	87	145	2942	41	62
April 26, 2010 4:41:00 PM UTC	1272325260000	14	26	yes	23.0	264.9	20972	20821	13816	6697	2	39068	1994	25	160	2947	34	74
April 26, 2010 4:42:00 PM UTC	1272325320000	16	25	yes	22.8	265.1	20972	20821	13815	6696	2	39070	1988	53	83	2949	90	194
April 26, 2010 4:43:00 PM UTC	1272325380000	23	23	yes	22.7	265.3	20972	20821	13815	6696	2	39070	1976	144	117	2953	243	175
April 26, 2010 4:44:00 PM UTC	1272325440000	25	22	yes	22.5	265.5	20972	20821	13799	6764	2	39018	1931	20	51	2959	212	178
April 26, 2010 4:45:00 PM UTC	1272325500000	24	24	yes	22.3	265.7	20972	20821	13814	6686	6	39077	1955	102	49	2958	186	323
April 26, 2010 4:46:00 PM UTC	1272325560000	26	22	yes	22.2	265.9	20972	20821	13802	6681	7	39093	1918	167	56	2968	187	321
April 26, 2010 4:47:00 PM UTC	1272325620000	33	18	yes	22.0	266.1	20972	20821	13817	6613	12	39141	1937	137	99	2970	206	338
April 26, 2010 4:48:00 PM UTC	1272325680000	31	15	yes	21.8	266.3	20972	20821	13799	6686	14	39084	1897	90	183	2971	127	260
April 26, 2010 4:49:00 PM UTC	1272325740000	27	17	yes	21.7	266.4	20972	20821	13817	6612	20	39134	1905	92	200	2982	85	153
April 26, 2010 4:50:00 PM UTC	1272325800000	24	18	yes	21.5	266.6	20972	20821	13801	6697	18	39067	1868	101	170	2982	30	72
April 26, 2010 4:51:00 PM UTC	1272325860000	21	19	yes	21.3	266.8	20972	20821	13817	6623	27	39116	1886	64	421	2987	14	53
April 26, 2010 4:52:00 PM UTC	1272325920000	16	22	yes	21.2	267.0	20972	20821	13803	6690	25	39065	1846	248	556	2988	33	133
April 26, 2010 4:53:00 PM UTC	1272325980000	16	22	yes	21.0	267.2	20972	20821	13818	6617	34	39114	1864	159	462	2993	71	45
April 26, 2010 4:54:00 PM UTC	1272326040000	13	21	yes	20.8	267.4	20972	20821	13803	6689	31	39060	1818	142	853	2998	120	87
April 26, 2010 4:55:00 PM UTC	1272326100000	14	20	yes	20.7	267.6	20972	20821	13819	6615	37	39112	1834	190	974	3004	147	141
April 26, 2010 4:56:00 PM UTC	1272326160000	13	18	yes	20.5	267.8	20972	20821	13802	6747	35	38999	1779	311	873	3014	161	238
April 26, 2010 4:57:00 PM UTC	1272326220000	13	17	yes	20.3	268.0	20972	20821	13819	6676	44	39044	1793	572	828	3014	143	297
April 26, 2010 4:58:00 PM UTC	1272326280000	11	16	yes	20.2	268.2	20972	20821	13802	6747	40	38994	1754	824	539	3021	122	342
April 26, 2010 4:59:00 PM UTC	1272326340000	11	13	yes	20.0	268.3	20972	20821	13821	6672	47	39043	1768	1072	481	3031	312	777
April 26, 2010 5:00:00 PM UTC	1272326400000	10	11	yes	19.8	268.5	20972	20821	13802	6747	43	38991	1723	1078	424	3036	466	597
April 26, 2010 5:01:00 PM UTC	1272326460000	10	11	yes	19.7	268.7	20972	20821	13821	6674	56	39032	1738	1118	468	3039	560	551
April 26, 2010 5:02:00 PM UTC	1272326520000	9	14	yes	19.5	268.9	20972	20821	13821	6674	58	39030	1728	952	537	3043	425	715
April 26, 2010 5:03:00 PM UTC	1272326580000	9	15	yes	19.3	269.1	20972	20821	13802	6747	52	38982	1690	811	699	3050	185	998
April 26, 2010 5:04:00 PM UTC	1272326640000	10	15	yes	19.2	269.3	20972	20821	13820	6597	63	39103	1714	917	606	3054	147	934
April 26, 2010 5:05:00 PM UTC	1272326700000	10	16	yes	19.0	269.5	20972	20821	13801	6670	58	39054	1662	913	612	3067	72	821
April 26, 2010 5:06:00 PM UTC	1272326760000	9	13	yes	18.8	269.7	20972	20821	13819	6597	68	39099	1688	908	621	3070	76	775
April 26, 2010 5:07:00 PM UTC	1272326820000	6	13	yes	18.7	269.8	20972	20821	13819	6597	71	39096	1677	967	629	3075	85	710
April 26, 2010 5:08:00 PM UTC	1272326880000	6	15	yes	18.5	270.0	20972	20821	13819	6597	73	39094	1661	900	622	3084	27	673
April 26, 2010 5:09:00 PM UTC	1272326940000	5	14	yes	18.3	270.2	20972	20821	13800	6747	66	38970	1608	629	721	3093	19	674
April 26, 2010 5:10:00 PM UTC	1272327000000	4	12	yes	18.2	270.4	20972	20821	13819	6589	76	39099	1634	616	717	3097	19	728
April 26, 2010 5:11:00 PM UTC	1272327060000	4	13	yes	18.0	270.6	20972	20821	13801	6662	73	39047	1581	785	557	3107	179	924
April 26, 2010 5:12:00 PM UTC	1272327120000	3	13	yes	17.8	270.8	20972	20821	13820	6589	81	39093	1605	786	676	3115	160	1132
April 26, 2010 5:13:00 PM UTC	1272327180000	4	11	yes	17.7	271.0	20972	20821	13802	6747	73	38961	1551	935	526	3122	314	1540
April 26, 2010 5:14:00 PM UTC	1272327240000	5	8	yes	17.5	271.1	20972	20821	13821	6674	85	39003	1563	993	463	3129	562	1202
April 26, 2010 5:15:00 PM UTC	1272327300000	6	7	yes	17.3	271.3	20972	20821	13802	6747	78	38956	1528	1127	309	3135	596	881
April 26, 2010 5:16:00 PM UTC	1272327360000	6	7	yes	17.2	271.5	20972	20821	13821	6672	83	39007	1543	1175	279	3145	313	979
April 26, 2010 5:17:00 PM UTC	1272327420000	4	8	yes	17.0	271.7	20972	20821	13802	6747	81	38953	1502	1090	331	3152	132	1123
April 26, 2010 5:18:00 PM UTC	1272327480000	4	10	yes	16.8	271.9	20972	20821	13819	6676	88	39000	1509	819	592	3159	107	990
April 26, 2010 5:19:00 PM UTC	1272327540000	5	11	yes	16.7	272.1	20972	20821	13819	6676	88	39000	1494	920	423	3169	112	986
April 26, 2010 5:20:00 PM UTC	1272327600000	5	11	yes	16.5	272.3	20972	20821	13802	6747	86	38948	1455	1086	283	3183	74	1089
April 26, 2010 5:21:00 PM UTC	1272327660000	4	13	yes	16.4	272.4	20972	20821	13819	6623	95	39046	1481	1016	358	3183	210	947
April 26, 2010 5:22:00 PM UTC	1272327720000	4	13	yes	16.2	272.6	20972	20821	13803	6694	90	38996	1441	752	545	3194	274	985
April 26, 2010 5:23:00 PM UTC	1272327780000	5	14	yes	16.0	272.8	20972	20821	13818	6621	96	39048	1451	841	448	3207	225	969
April 26, 2010 5:24:00 PM UTC	1272327840000	5	16	yes	15.9	273.0	20972	20821	13803	6691	89	39000	1421	801	456	3211	111	680
April 26, 2010 5:25:00 PM UTC	1272327900000	6	15	yes	15.7	273.2	20972	20821	13817	6621	101	39044	1425	670	530	3223	67	512
April 26, 2010 5:26:00 PM UTC	1272327960000	7	13	yes	15.5	273.4	20972	20821	13801	6693	97	38992	1384	508	602	3235	49	639
April 26, 2010 5:27:00 PM UTC	1272328020000	5	17	yes	15.4	273.6	20972	20821	13817	6607	103	39056	1398	396	763	3244	106	698
April 26, 2010 5:28:00 PM UTC	1272328080000	4	16	yes	15.2	273.7	20972	20821	13799	6681	100	39003	1357	506	616	3256	135	460
April 26, 2010 5:29:00 PM UTC	1272328140000	3	14	yes	15.0	273.9	20972	20821	13817	6607	105	39054	1367	359	562	3264	85	399
April 26, 2010 5:30:00 PM UTC	1272328200000	2	14	yes	14.9	274.1	20972	20821	13817	6607	106	39053	1357	346	636	3271	49	528
April 26, 2010 5:31:00 PM UTC	1272328260000	2	12	yes	14.7	274.3	20972	20821	13814	6686	105	38978	1335	367	616	3283	78	623
April 26, 2010 5:32:00 PM UTC	1272328320000	2	11	yes	14.5	274.5	20972	20821	13814	6686	107	38976	1323	376	483	3294	128	522
April 26, 2010 5:33:00 PM UTC	1272328380000	3	12	yes	14.4	274.7	20972	20821	13815	6697	107	38964	1305	409	402	3307	173	463
April 26, 2010 5:34:00 PM UTC	1272328440000	3	12	yes	14.2	274.8	20972	20821	13815	6697	109	38962	1291	450	442	3316	145	454
April 26, 2010 5:35:00 PM UTC	1272328500000	3	13	yes	14.0	275.0	20972	20821	13798	6775	100	38910	1253	473	325	3331	165	427
April 26, 2010 5:36:00 PM UTC	1272328560000	3	18	yes	13.9	275.2	20972	20821	13816	6696	109	38962	1260	380	411	3340	157	550
April 26, 2010 5:37:00 PM UTC	1272328620000	4	18	yes	13.7	275.4	20972	20821	13802	6716	103	38962	1233	344	590	3353	172	637
April 26, 2010 5:38:00 PM UTC	1272328680000	5	16	yes	13.5	275.6	20972	20821	13818	6645	111	39009	1240	660	415	3367	156	631
April 26, 2010 5:39:00 PM UTC	1272328740000	6	13	yes	13.4	275.8	20972	20821	13800	6721	104	38958	1203	652	331	3379	228	559
April 26, 2010 5:40:00 PM UTC	1272328800000	6	12	yes	13.2	275.9	20972	20821	13818	6643	110	39012	1212	862	226	3391	352	830
April 26, 2010 5:41:00 PM UTC	1272328860000	6	11	yes	13.0	276.1	20972	20821	13818	6633	110	39022	1199	864	207	3404	357	780
April 26, 2010 5:42:00 PM UTC	1272328920000	6	10	yes	12.9	276.3	20972	20821	13818	6630	111	39024	1188	803	252	3415	313	861
April 26, 2010 5:43:00 PM UTC	1272328980000	5	10	yes	12.7	276.5	20972	20821	13818	6630	109	39026	1175	568	424	3426	152	566
April 26, 2010 5:44:00 PM UTC	1272329040000	5	11	yes	12.5	276.7	20972	20821	13817	6639	110	39017	1159	538	373	3442	73	557
April 26, 2010 5:45:00 PM UTC	1272329100000	5	10	yes	12.4	276.8	20972	20821	13817	6639	107	39020	1146	669	261	3452	38	439
April 26, 2010 5:46:00 PM UTC	1272329160000	5	10	yes	12.2	277.0	20972	20821	13817	6639	106	39021	1132	653	257	3468	95	505
April 26, 2010 5:47:00 PM UTC	1272329220000	5	10	yes	12.0	277.2	20972	20821	13817	6639	103	39024	1116	556	344	3482	145	439
April 26, 2010 5:48:00 PM UTC	1272329280000	5	10	yes	11.9	277.4	20972	20821	13801	6711	95	38976	1087	661	255	3491	153	583
April 26, 2010 5:49:00 PM UTC	1272329340000	5	9	yes	11.7	277.6	20972	20821	13816	6637	103	39027	1091	666	258	3509	285	514
April 26, 2010 5:50:00 PM UTC	1272329400000	5	9	yes	11.6	277.8	20972	20821	13816	6637	104	39026	1082	570	363	3517	268	654
April 26, 2010 5:51:00 PM UTC	1272329460000	5	8	yes	11.4	277.9	20972	20821	13813	6722	105	38943	1060	646	273	3533	202	777
April 26, 2010 5:52:00 PM UTC	1272329520000	5	7	yes	11.2	278.1	20972	20821	13813	6658	104	39008	1054	700	211	3541	198	711
April 26, 2010 5:53:00 PM UTC	1272329580000	5	8	yes	11.1	278.3	20972	20821	13813	6656	99	39015	1039	703	215	3556	218	749
April 26, 2010 5:54:00 PM UTC	1272329640000	4	7	yes	10.9	278.5	20972	20821	13813	6656	97	39017	1022	650	258	3573	178	640
April 26, 2010 5:55:00 PM UTC	1272329700000	4	7	yes	10.7	278.7	20972	20821	13812	6680	97	38994	1014	648	259	3580	194	690
April 26, 2010 5:56:00 PM UTC	1272329760000	4	7	yes	10.6	278.9	20972	20821	13812	6680	103	38988	998	628	259	3605	250	611
April 26, 2010 5:57:00 PM UTC	1272329820000	3	8	yes	10.4	279.0	20972	20821	13812	6679	103	38989	988	553	312	3601	286	718
April 26, 2010 5:58:00 PM UTC	1272329880000	4	8	yes	10.2	279.2	20972	20821	13812	6679	99	38993	975	638	237	3626	321	879
April 26, 2010 5:59:00 PM UTC	1272329940000	3	8	yes	10.1	279.4	20972	20821	13825	6617	103	39038	974	642	218	3637	311	960
April 26, 2010 6:00:00 PM UTC	1272330000000	3	8	yes	9.9	279.6	20972	20821	13809	6688	95	38991	945	640	207	3651	315	827
April 26, 2010 6:01:00 PM UTC	1272330060000	3	8	yes	9.7	279.8	20972	20821	13809	6688	92	38994	934	606	214	3650	298	870
April 26, 2010 6:02:00 PM UTC	1272330120000	3	7	yes	9.6	279.9	20972	20821	13809	6687	91	38996	917	608	213	3673	316	839
April 26, 2010 6:03:00 PM UTC	1272330180000	4	7	yes	9.4	280.1	20972	20821	13809	6687	92	38995	908	628	188	3682	384	749
April 26, 2010 6:04:00 PM UTC	1272330240000	4	7	yes	9.3	280.3	20972	20821	13809	6686	92	38996	894	632	169	3697	418	694
April 26, 2010 6:05:00 PM UTC	1272330300000	4	6	yes	9.1	280.5	20972	20821	13809	6686	91	38997	880	678	111	3712	468	787
April 26, 2010 6:06:00 PM UTC	1272330360000	4	7	yes	8.9	280.7	20972	20821	13807	6693	90	38993	867	667	110	3720	561	838
April 26, 2010 6:07:00 PM UTC	1272330420000	5	7	yes	8.8	280.9	20972	20821	13809	6627	90	39057	859	667	102	3736	721	789
April 26, 2010 6:08:00 PM UTC	1272330480000	5	7	yes	8.6	281.0	20972	20821	13824	6554	94	39111	869	691	84	3747	849	906
April 26, 2010 6:09:00 PM UTC	1272330540000	5	7	yes	8.4	281.2	20972	20821	13807	6621	89	39066	835	688	58	3759	1099	811
April 26, 2010 6:10:00 PM UTC	1272330600000	6	7	yes	8.3	281.4	20972	20821	13823	6549	92	39119	842	655	94	3773	1150	722
April 26, 2010 6:11:00 PM UTC	1272330660000	6	6	yes	8.1	281.6	20972	20821	13808	6607	89	39079	813	615	101	3784	869	757
April 26, 2010 6:12:00 PM UTC	1272330720000	6	6	yes	8.0	281.8	20972	20821	13823	6549	91	39120	810	669	50	3805	716	836
April 26, 2010 6:13:00 PM UTC	1272330780000	6	6	yes	7.8	281.9	20972	20821	13801	6719	84	38979	772	688	0	3808	686	801
April 26, 2010 6:14:00 PM UTC	1272330840000	6	5	yes	7.6	282.1	20972	20821	13801	6754	82	38946	760	674	4	3820	728	605
April 26, 2010 6:15:00 PM UTC	1272330900000	6	5	yes	7.5	282.3	20972	20821	13817	6684	84	38998	768	670	14	3833	757	620
April 26, 2010 6:16:00 PM UTC	1272330960000	6	5	yes	7.3	282.5	20972	20821	13801	6753	82	38947	741	651	8	3839	900	616
April 26, 2010 6:17:00 PM UTC	1272331020000	7	5	yes	7.1	282.7	20972	20821	13821	6665	84	39013	749	658	6	3857	1058	531
April 26, 2010 6:18:00 PM UTC	1272331080000	8	5	yes	7.0	282.9	20972	20821	13806	6737	81	38959	718	629	8	3864	1204	614
April 26, 2010 6:19:00 PM UTC	1272331140000	9	6	yes	6.8	283.0	20972	20821	13818	6678	84	39003	722	507	131	3879	1255	701
April 26, 2010 6:20:00 PM UTC	1272331200000	9	6	yes	6.7	283.2	20972	20821	13802	6751	79	38951	693	481	133	3887	1349	834
April 26, 2010 6:21:00 PM UTC	1272331260000	8	7	yes	6.5	283.4	20972	20821	13817	6680	84	39002	696	421	189	3904	1285	834
April 26, 2010 6:22:00 PM UTC	1272331320000	8	6	yes	6.3	283.6	20972	20821	13803	6680	78	39022	678	383	217	3906	1198	794
April 26, 2010 6:23:00 PM UTC	1272331380000	8	6	yes	6.2	283.8	20972	20821	13819	6609	82	39073	675	431	162	3930	1329	815
April 26, 2010 6:24:00 PM UTC	1272331440000	9	6	yes	6.0	284.0	20972	20821	13819	6609	82	39073	662	505	75	3942	1555	671
April 26, 2010 6:25:00 PM UTC	1272331500000	10	6	yes	5.8	284.1	20972	20821	13815	6625	79	39064	648	458	111	3951	1780	585
April 26, 2010 6:26:00 PM UTC	1272331560000	10	6	yes	5.7	284.3	20972	20821	13815	6625	80	39063	634	481	69	3965	1733	657
April 26, 2010 6:27:00 PM UTC	1272331620000	8	7	yes	5.5	284.5	20972	20821	13802	6696	79	39006	607	424	104	3971	1512	842
April 26, 2010 6:28:00 PM UTC	1272331680000	7	6	yes	5.4	284.7	20972	20821	13815	6623	88	39057	611	331	192	3988	1266	971
April 26, 2010 6:29:00 PM UTC	1272331740000	6	7	yes	5.2	284.9	20972	20821	13797	6694	89	39003	582	248	241	3995	1059	1126
April 26, 2010 6:30:00 PM UTC	1272331800000	6	6	yes	5.0	285.1	20972	20821	13811	6639	99	39034	584	290	191	4010	1002	957
April 26, 2010 6:31:00 PM UTC	1272331860000	6	6	yes	4.9	285.2	20972	20821	13811	6639	99	39034	574	305	170	4021	936	900
April 26, 2010 6:32:00 PM UTC	1272331920000	6	6	yes	4.7	285.4	20972	20821	13810	6639	103	39031	563	255	175	4033	843	841
April 26, 2010 6:33:00 PM UTC	1272331980000	5	6	yes	4.6	285.6	20972	20821	13810	6639	107	39027	555	194	174	4041	905	817
April 26, 2010 6:34:00 PM UTC	1272332040000	5	5	yes	4.4	285.8	20972	20821	13810	6637	113	39023	541	124	197	4054	1026	773
April 26, 2010 6:35:00 PM UTC	1272332100000	4	5	yes	4.2	286.0	20972	20821	13810	6640	119	39014	531	91	244	4061	931	798
April 26, 2010 6:36:00 PM UTC	1272332160000	4	4	yes	4.1	286.1	20972	20821	13812	6604	125	39042	523	236	159	4075	881	768
April 26, 2010 6:37:00 PM UTC	1272332220000	3	4	yes	3.9	286.3	20972	20821	13809	6705	127	38942	505	134	229	4086	807	775
April 26, 2010 6:38:00 PM UTC	1272332280000	3	4	yes	3.8	286.5	20972	20821	13825	6625	141	38992	509	104	190	4102	747	704
April 26, 2010 6:39:00 PM UTC	1272332340000	3	4	yes	3.6	286.7	20972	20821	13810	6695	146	38932	484	50	121	4106	807	706
April 26, 2010 6:40:00 PM UTC	1272332400000	3	3	yes	3.4	286.9	20972	20821	13805	6715	158	38905	470	48	73	4114	908	672
April 26, 2010 6:41:00 PM UTC	1272332460000	4	3	yes	3.3	287.1	20972	20821	13805	6714	174	38890	463	76	146	4122	979	555
April 26, 2010 6:42:00 PM UTC	1272332520000	4	2	yes	3.1	287.3	20972	20821	13805	6714	189	38875	451	209	44	4137	1022	460
